Date,Open,High,Low,Close,Volume
26-Sep-12,17.19,17.40,17.05,17.40,3330
25-Sep-12,17.06,17.15,17.06,17.08,3455
24-Sep-12,16.76,17.17,16.76,16.85,8583
21-Sep-12,17.85,17.85,16.73,16.73,40864
20-Sep-12,17.00,17.52,16.91,17.48,3008
19-Sep-12,16.93,17.11,16.93,17.09,2841
18-Sep-12,16.93,16.99,16.78,16.82,1955
17-Sep-12,18.10,18.10,16.58,16.89,12089
14-Sep-12,17.71,18.03,17.56,17.82,3639
13-Sep-12,16.35,18.07,16.35,17.55,8634
12-Sep-12,16.26,16.26,15.50,16.07,9728
11-Sep-12,16.29,16.29,16.16,16.25,3420
10-Sep-12,16.61,16.61,16.10,16.23,5067
7-Sep-12,16.83,16.96,16.50,16.70,2749
6-Sep-12,16.63,16.74,16.63,16.74,4481
5-Sep-12,16.88,16.88,16.42,16.50,8372
4-Sep-12,16.67,16.81,16.66,16.73,4858
31-Aug-12,16.60,16.75,16.50,16.75,3108
30-Aug-12,16.43,16.51,16.36,16.36,3754
29-Aug-12,16.92,16.92,16.48,16.65,2213
28-Aug-12,16.79,16.91,16.51,16.91,7024
27-Aug-12,16.65,16.77,16.20,16.67,8370
24-Aug-12,15.62,16.63,15.62,16.63,2316
23-Aug-12,16.36,16.36,15.58,15.69,6001
22-Aug-12,16.37,16.37,15.60,16.02,6797
21-Aug-12,15.91,16.51,15.91,16.25,10338
20-Aug-12,16.25,16.25,15.51,16.11,7719
17-Aug-12,16.17,16.38,16.12,16.25,11751
16-Aug-12,16.47,16.63,16.29,16.29,3078
15-Aug-12,16.70,17.23,16.40,16.52,6551
14-Aug-12,17.00,17.00,16.72,16.72,4527
13-Aug-12,16.36,16.96,16.36,16.96,3370
10-Aug-12,16.17,16.42,16.05,16.30,1635
9-Aug-12,16.12,16.46,16.11,16.21,2297
8-Aug-12,16.32,16.57,16.22,16.22,2717
7-Aug-12,16.60,17.00,16.30,16.40,8397
6-Aug-12,16.30,16.67,16.30,16.58,4555
3-Aug-12,15.81,16.36,15.62,16.36,3862
2-Aug-12,15.27,15.84,15.09,15.67,6386
1-Aug-12,15.96,16.42,15.38,15.38,15785
31-Jul-12,15.49,15.90,15.49,15.81,10604
30-Jul-12,15.64,15.72,15.46,15.46,6769
27-Jul-12,15.95,15.95,15.47,15.54,6309
26-Jul-12,15.66,16.11,15.35,15.92,6429
25-Jul-12,15.17,15.80,14.85,15.39,6744
24-Jul-12,15.03,15.03,14.95,14.98,5920
23-Jul-12,15.19,15.19,14.98,14.98,3171
20-Jul-12,15.70,15.70,15.34,15.34,8172
19-Jul-12,16.15,16.15,15.67,15.90,3364
18-Jul-12,16.24,16.46,16.00,16.15,4491
17-Jul-12,15.86,16.37,15.43,16.36,3423
16-Jul-12,15.32,15.82,15.07,15.65,2902
13-Jul-12,14.82,15.45,14.50,15.45,6653
12-Jul-12,14.80,14.85,14.59,14.80,8170
11-Jul-12,14.20,15.10,14.05,14.89,7070
10-Jul-12,13.67,14.03,13.54,14.03,3456
9-Jul-12,13.51,13.62,13.41,13.62,4593
6-Jul-12,13.50,13.73,13.45,13.51,5869
5-Jul-12,13.75,13.75,13.69,13.70,5208
3-Jul-12,13.74,13.89,13.64,13.72,7418
2-Jul-12,13.77,13.78,13.34,13.73,14183
29-Jun-12,14.58,14.74,13.55,13.98,8619
28-Jun-12,14.40,14.59,14.07,14.14,4118
27-Jun-12,13.85,14.54,13.65,14.54,4774
26-Jun-12,14.13,14.13,13.76,13.85,2792
25-Jun-12,14.09,14.35,14.06,14.06,2873
22-Jun-12,14.13,14.80,14.13,14.40,116513
21-Jun-12,14.84,15.00,13.98,13.99,6313
20-Jun-12,15.40,15.44,14.78,14.78,6225
19-Jun-12,15.28,15.69,15.21,15.41,11762
18-Jun-12,14.83,15.38,14.81,15.17,3759
15-Jun-12,15.11,15.25,14.80,14.91,21075
14-Jun-12,15.05,15.28,14.88,15.15,7813
13-Jun-12,14.52,15.20,14.52,14.96,5361
12-Jun-12,14.21,14.73,14.21,14.56,10262
11-Jun-12,14.75,14.80,13.99,14.02,19520
8-Jun-12,13.97,14.52,13.63,14.46,6452
7-Jun-12,14.23,14.23,13.74,14.14,6862
6-Jun-12,12.91,14.15,12.59,14.15,6801
5-Jun-12,12.72,12.85,12.72,12.85,1991
4-Jun-12,13.05,13.05,12.79,12.88,3098
1-Jun-12,12.96,13.14,12.78,12.95,5591
31-May-12,13.65,13.89,13.07,13.28,10391
30-May-12,14.08,14.08,13.64,13.67,3023
29-May-12,14.42,14.42,13.86,14.17,5656
25-May-12,14.43,14.47,14.29,14.44,2851
24-May-12,13.70,14.48,13.59,14.46,6011
23-May-12,13.86,13.86,13.53,13.75,4065
22-May-12,14.73,14.76,13.75,14.02,5627
21-May-12,14.21,14.84,13.88,14.79,10018
18-May-12,13.86,14.22,13.71,14.21,11760
17-May-12,14.23,14.23,13.90,13.90,6788
16-May-12,14.57,14.66,13.97,14.28,15579
15-May-12,14.44,14.73,14.37,14.45,9120
14-May-12,14.34,15.08,14.30,14.47,9394
11-May-12,14.66,14.86,14.36,14.43,32990
10-May-12,15.26,15.33,14.83,14.86,6448
9-May-12,14.29,15.49,14.29,15.14,13935
8-May-12,13.79,14.74,13.79,14.55,7938
7-May-12,13.66,13.95,13.49,13.85,16472
4-May-12,13.90,13.91,13.54,13.69,10454
3-May-12,13.96,14.49,13.88,13.88,14259
2-May-12,13.96,14.10,13.34,14.02,13574
1-May-12,14.53,15.03,14.04,14.04,11788
30-Apr-12,14.94,14.98,14.51,14.58,5734
27-Apr-12,14.90,15.04,14.90,15.03,3531
26-Apr-12,14.96,15.20,14.83,14.94,5382
25-Apr-12,15.20,15.20,15.01,15.16,4059
24-Apr-12,14.70,15.14,14.70,15.14,3091
23-Apr-12,14.83,14.97,14.74,14.74,3410
20-Apr-12,14.98,15.20,14.58,15.20,11003
19-Apr-12,14.81,15.00,14.40,14.40,3094
18-Apr-12,15.02,15.16,14.87,14.87,3926
17-Apr-12,15.30,15.30,15.06,15.22,3196
16-Apr-12,15.36,15.64,15.19,15.21,2446
13-Apr-12,15.65,15.79,15.32,15.32,3330
12-Apr-12,16.01,16.30,15.87,15.88,9579
11-Apr-12,15.80,16.18,15.61,16.18,5425
10-Apr-12,16.00,16.00,15.41,15.66,7116
9-Apr-12,15.48,16.23,15.02,15.92,8345
5-Apr-12,15.77,15.96,15.77,15.79,1051
4-Apr-12,15.87,15.95,15.72,15.87,6100
3-Apr-12,16.35,16.35,15.99,16.18,9208
2-Apr-12,15.78,16.50,15.78,16.47,9933
30-Mar-12,15.94,16.17,15.75,16.04,15351
29-Mar-12,15.14,15.81,15.00,15.73,6663
28-Mar-12,15.26,15.34,14.99,15.31,4862
27-Mar-12,15.07,15.47,15.07,15.30,3250
26-Mar-12,14.60,15.02,14.60,15.00,4105
23-Mar-12,14.45,14.60,14.43,14.60,4037
22-Mar-12,14.75,14.90,14.59,14.60,2083
21-Mar-12,15.12,15.14,14.54,15.03,1626
20-Mar-12,14.94,15.09,14.77,14.98,1785
19-Mar-12,14.76,15.16,14.70,15.16,4131
16-Mar-12,14.96,14.96,14.69,14.70,15368
15-Mar-12,14.92,15.01,14.86,15.01,1546
14-Mar-12,15.10,15.10,15.00,15.02,1810
13-Mar-12,14.58,15.21,14.58,15.21,4617
12-Mar-12,14.60,14.65,14.46,14.55,2152
9-Mar-12,14.66,14.67,14.37,14.67,5065
8-Mar-12,14.82,14.82,14.55,14.75,2324
7-Mar-12,14.47,14.74,14.43,14.74,2630
6-Mar-12,14.29,14.62,14.29,14.48,4276
5-Mar-12,14.47,14.47,14.38,14.47,700
2-Mar-12,15.46,15.46,14.47,14.47,3983
1-Mar-12,15.00,15.56,15.00,15.54,3768
29-Feb-12,15.08,15.12,14.25,14.99,18174
28-Feb-12,15.24,15.36,14.95,14.95,11693
27-Feb-12,14.91,15.38,14.88,15.38,16670
24-Feb-12,15.46,15.46,15.26,15.26,1465
23-Feb-12,15.04,15.35,14.71,15.35,11699
22-Feb-12,15.71,15.72,15.15,15.15,2559
21-Feb-12,15.67,16.37,15.65,15.65,3328
17-Feb-12,15.66,15.69,15.55,15.55,2994
16-Feb-12,15.50,15.65,15.25,15.65,3032
15-Feb-12,16.07,16.29,15.50,15.50,3393
14-Feb-12,16.38,16.38,16.04,16.05,1725
13-Feb-12,16.38,16.45,15.97,16.44,4795
10-Feb-12,16.36,16.42,16.05,16.05,4078
9-Feb-12,16.31,16.60,16.24,16.54,2570
8-Feb-12,16.14,16.42,16.01,16.32,2993
7-Feb-12,16.16,16.18,15.97,16.04,6943
6-Feb-12,16.87,16.93,16.12,16.12,3669
3-Feb-12,16.28,17.00,16.28,17.00,6757
2-Feb-12,15.02,16.02,15.02,16.02,3651
1-Feb-12,14.58,15.05,14.58,15.04,5858
31-Jan-12,14.21,14.61,13.97,14.50,11299
30-Jan-12,14.32,14.41,13.85,14.16,8156
27-Jan-12,14.62,14.88,14.37,14.41,5147
26-Jan-12,15.10,15.10,14.50,14.65,18680
25-Jan-12,14.81,15.10,14.55,15.06,3410
24-Jan-12,14.69,14.97,14.46,14.97,4908
23-Jan-12,14.70,14.78,14.59,14.77,3815
20-Jan-12,14.85,15.02,14.85,15.02,2880
19-Jan-12,14.92,14.98,14.71,14.93,2356
18-Jan-12,14.44,14.92,14.44,14.92,4913
17-Jan-12,14.80,14.82,14.30,14.52,4575
13-Jan-12,14.81,14.81,14.81,14.81,0
12-Jan-12,14.97,15.28,14.86,15.04,3978
11-Jan-12,14.98,15.42,14.98,14.99,5366
10-Jan-12,14.71,15.27,14.71,15.11,16299
9-Jan-12,14.80,15.14,14.50,14.81,11624
6-Jan-12,14.92,14.94,14.50,14.82,4457
5-Jan-12,15.08,15.08,14.58,15.00,2884
4-Jan-12,15.85,15.87,15.14,15.25,4791
3-Jan-12,15.42,16.08,15.42,16.08,6659
30-Dec-11,15.12,15.34,14.90,15.21,8520
29-Dec-11,14.74,15.34,14.74,15.27,5492
28-Dec-11,16.08,16.11,14.40,14.65,3094
27-Dec-11,16.12,16.13,16.11,16.13,2794
23-Dec-11,16.29,16.29,16.29,16.29,0
22-Dec-11,17.06,17.17,16.87,17.03,8138
21-Dec-11,17.30,17.50,17.27,17.38,1715
20-Dec-11,17.10,17.33,16.92,17.33,12039
19-Dec-11,16.95,17.02,16.74,16.84,10061
16-Dec-11,16.15,16.90,16.15,16.90,42066
15-Dec-11,15.51,16.06,15.24,16.06,9345
14-Dec-11,14.29,15.51,14.29,15.51,16437
13-Dec-11,14.79,15.56,14.25,14.25,4106
12-Dec-11,14.15,14.75,14.15,14.55,5282
9-Dec-11,14.24,14.71,14.15,14.54,4687
8-Dec-11,14.53,14.53,13.82,13.82,5439
7-Dec-11,14.42,14.61,14.35,14.61,1102
6-Dec-11,14.25,14.72,14.13,14.56,5820
5-Dec-11,14.15,14.83,13.81,14.25,5278
2-Dec-11,13.93,14.00,13.51,14.00,3123
1-Dec-11,13.65,13.89,13.41,13.67,7451
30-Nov-11,12.24,14.00,12.04,14.00,23267
29-Nov-11,12.32,12.32,11.77,11.82,6356
28-Nov-11,11.88,12.30,11.72,12.29,6865
25-Nov-11,11.59,11.59,11.50,11.50,2026
23-Nov-11,11.69,11.69,11.69,11.69,0
22-Nov-11,11.58,11.99,11.49,11.49,7487
21-Nov-11,11.70,12.28,11.62,11.62,6214
18-Nov-11,11.62,12.30,11.62,11.93,6648
17-Nov-11,12.11,12.26,11.45,11.73,5226
16-Nov-11,12.03,12.57,11.86,11.99,6165
15-Nov-11,12.19,12.46,12.11,12.43,3263
14-Nov-11,11.88,12.29,11.77,12.15,3435
11-Nov-11,11.41,12.14,11.41,12.14,6269
10-Nov-11,11.49,11.49,10.72,11.40,7739
9-Nov-11,11.02,11.82,10.64,11.18,10744
8-Nov-11,11.90,12.10,10.50,11.43,13308
7-Nov-11,11.78,11.96,11.56,11.74,1960
4-Nov-11,11.82,11.90,11.74,11.78,3003
3-Nov-11,12.80,13.17,11.50,12.13,8222
2-Nov-11,12.90,13.01,12.64,12.75,5070
1-Nov-11,13.03,13.21,12.68,12.68,10450
31-Oct-11,13.38,13.73,13.38,13.60,3679
28-Oct-11,13.89,13.89,13.52,13.84,4093
27-Oct-11,11.78,14.20,11.78,14.20,11583
26-Oct-11,11.46,12.00,11.23,11.93,4775
25-Oct-11,11.33,11.33,11.12,11.12,2431
24-Oct-11,11.46,11.48,11.22,11.36,6884
21-Oct-11,11.23,11.38,11.09,11.24,16475
20-Oct-11,11.05,11.05,10.92,10.92,2435
19-Oct-11,11.24,11.25,10.95,10.95,8499
18-Oct-11,10.92,11.28,10.71,11.14,58140
17-Oct-11,10.06,10.14,9.86,9.87,5847
14-Oct-11,10.15,10.23,10.07,10.23,5708
13-Oct-11,10.06,10.20,10.02,10.09,2810
12-Oct-11,10.16,10.30,9.92,10.21,6041
11-Oct-11,10.20,10.24,10.20,10.21,2678
10-Oct-11,10.00,10.27,9.74,10.27,7160
7-Oct-11,10.29,10.29,9.84,10.00,4478
6-Oct-11,10.09,10.30,9.60,10.28,9549
5-Oct-11,10.27,10.37,10.11,10.32,3319
4-Oct-11,9.36,10.55,9.36,10.25,8977
3-Oct-11,10.10,10.10,9.36,9.36,11256
30-Sep-11,10.28,10.34,10.18,10.18,5084
29-Sep-11,10.22,10.62,10.20,10.50,4928
