Date,Open,High,Low,Close,Volume
26-Sep-12,20.86,20.86,20.80,20.80,500
25-Sep-12,20.98,20.98,20.86,20.86,300
24-Sep-12,20.97,21.04,20.97,21.04,200
21-Sep-12,20.90,20.90,20.90,20.90,300
20-Sep-12,20.78,20.82,20.78,20.82,500
19-Sep-12,20.70,20.70,20.70,20.70,0
18-Sep-12,20.70,20.70,20.70,20.70,223
17-Sep-12,20.30,20.63,20.30,20.63,746
14-Sep-12,20.30,20.30,20.24,20.25,600
13-Sep-12,20.62,20.75,20.28,20.28,2000
12-Sep-12,20.63,20.63,20.63,20.63,0
11-Sep-12,20.69,20.80,20.63,20.63,1300
10-Sep-12,19.91,20.70,19.91,20.62,9500
7-Sep-12,19.85,19.85,19.85,19.85,0
6-Sep-12,20.19,20.19,19.80,19.85,2199
5-Sep-12,19.69,20.12,19.69,20.01,2440
4-Sep-12,19.65,19.69,19.65,19.69,510
31-Aug-12,19.58,19.58,19.58,19.58,0
30-Aug-12,19.57,19.58,19.57,19.58,200
29-Aug-12,19.54,19.54,19.54,19.54,0
28-Aug-12,19.30,19.69,19.30,19.54,2230
27-Aug-12,19.26,19.26,19.26,19.26,0
24-Aug-12,19.22,19.26,19.10,19.26,1924
23-Aug-12,19.26,19.26,19.26,19.26,0
22-Aug-12,19.25,19.26,19.25,19.26,600
21-Aug-12,19.40,19.40,19.30,19.30,1500
20-Aug-12,19.60,19.60,19.39,19.39,1500
17-Aug-12,19.50,19.55,19.50,19.55,200
16-Aug-12,19.50,19.55,19.45,19.45,600
15-Aug-12,19.55,19.55,19.55,19.55,100
14-Aug-12,19.77,19.77,19.52,19.60,2200
13-Aug-12,19.89,20.25,19.75,19.75,6156
10-Aug-12,20.27,20.27,19.95,19.95,1700
9-Aug-12,20.23,20.35,20.23,20.35,378
8-Aug-12,20.70,20.70,20.24,20.26,6841
7-Aug-12,20.79,20.79,20.68,20.75,1200
6-Aug-12,20.54,21.18,20.54,20.97,1787
3-Aug-12,20.25,20.40,20.25,20.40,300
2-Aug-12,20.00,20.25,20.00,20.25,1289
1-Aug-12,20.00,20.00,20.00,20.00,850
31-Jul-12,20.00,20.00,20.00,20.00,299
30-Jul-12,19.99,20.00,19.99,20.00,1016
27-Jul-12,19.81,19.89,19.81,19.89,800
26-Jul-12,19.99,19.99,19.89,19.89,2200
25-Jul-12,19.91,19.91,19.81,19.81,500
24-Jul-12,19.96,19.96,19.81,19.96,1050
23-Jul-12,19.83,19.96,19.76,19.96,1302
20-Jul-12,19.81,19.81,19.81,19.81,0
19-Jul-12,19.81,19.81,19.81,19.81,100
18-Jul-12,19.76,19.76,19.76,19.76,100
17-Jul-12,19.60,19.77,19.60,19.71,4142
16-Jul-12,19.58,19.58,19.58,19.58,1054
13-Jul-12,19.55,19.55,19.55,19.55,100
12-Jul-12,19.60,19.60,19.60,19.60,100
11-Jul-12,19.54,19.74,19.54,19.69,970
10-Jul-12,19.44,19.49,19.44,19.49,300
9-Jul-12,19.32,19.42,19.32,19.42,700
6-Jul-12,19.22,19.30,19.22,19.30,500
5-Jul-12,19.20,19.20,19.20,19.20,0
3-Jul-12,19.20,19.20,19.20,19.20,242
2-Jul-12,19.13,19.28,19.13,19.23,1018
29-Jun-12,19.11,19.11,19.11,19.11,600
28-Jun-12,19.46,19.46,19.15,19.15,1800
27-Jun-12,19.45,19.45,19.45,19.45,0
26-Jun-12,19.40,19.45,19.35,19.45,1525
25-Jun-12,19.44,19.45,19.44,19.45,1020
22-Jun-12,19.46,19.48,19.43,19.43,950
21-Jun-12,19.67,19.67,19.51,19.51,1400
20-Jun-12,20.27,20.27,19.71,19.71,7813
19-Jun-12,20.50,20.50,20.31,20.31,2500
18-Jun-12,20.72,20.87,20.60,20.60,1700
15-Jun-12,20.70,20.72,20.67,20.67,500
14-Jun-12,20.73,20.73,20.73,20.73,0
13-Jun-12,20.86,20.86,20.73,20.73,5150
12-Jun-12,21.18,21.20,21.00,21.00,700
11-Jun-12,21.20,21.67,21.16,21.16,7484
8-Jun-12,21.05,21.10,21.05,21.10,500
7-Jun-12,21.00,21.00,21.00,21.00,0
6-Jun-12,21.08,21.08,21.00,21.00,1899
5-Jun-12,20.76,21.15,20.75,21.10,2262
4-Jun-12,20.72,20.72,20.72,20.72,100
1-Jun-12,20.66,20.66,20.66,20.66,199
31-May-12,20.55,20.65,20.55,20.62,2300
30-May-12,20.38,20.53,20.38,20.51,1449
29-May-12,20.44,20.44,20.39,20.39,300
25-May-12,20.41,20.47,20.41,20.47,1400
24-May-12,20.44,20.44,20.44,20.44,200
23-May-12,20.44,20.44,20.41,20.44,400
22-May-12,20.42,20.42,20.42,20.42,0
21-May-12,20.42,20.42,20.42,20.42,900
18-May-12,20.40,20.40,20.39,20.39,4533
17-May-12,20.45,20.45,20.24,20.24,913
16-May-12,20.49,20.49,20.42,20.42,400
15-May-12,20.55,20.55,20.52,20.52,300
14-May-12,20.79,20.79,20.55,20.55,900
11-May-12,20.86,20.86,20.81,20.81,500
10-May-12,20.98,20.99,20.93,20.93,600
9-May-12,21.18,21.18,20.84,20.96,2200
8-May-12,21.22,21.22,21.19,21.20,391
7-May-12,21.23,21.23,21.20,21.22,600
4-May-12,21.02,21.84,20.94,21.20,4500
3-May-12,21.02,21.10,20.76,21.10,3900
2-May-12,20.24,21.11,20.24,21.11,2350
1-May-12,20.00,20.00,20.00,20.00,314
30-Apr-12,19.94,19.94,19.94,19.94,0
27-Apr-12,19.92,19.94,19.92,19.94,300
26-Apr-12,19.77,20.08,19.77,19.84,2500
25-Apr-12,20.29,20.77,19.76,19.76,3700
24-Apr-12,20.05,20.29,20.05,20.21,944
23-Apr-12,20.11,20.11,19.97,19.97,372
20-Apr-12,20.12,20.19,20.12,20.19,500
19-Apr-12,20.20,20.20,20.20,20.20,0
18-Apr-12,20.20,20.20,20.20,20.20,100
17-Apr-12,20.41,20.41,20.01,20.17,3405
16-Apr-12,19.87,20.59,19.87,20.59,1100
13-Apr-12,19.63,19.79,19.63,19.79,500
12-Apr-12,19.47,19.55,19.47,19.55,600
11-Apr-12,19.08,19.48,19.08,19.48,1500
10-Apr-12,19.17,19.17,19.16,19.16,409
9-Apr-12,18.95,19.45,18.95,19.25,3165
5-Apr-12,18.72,18.89,18.72,18.89,2388
4-Apr-12,18.62,18.63,18.62,18.63,701
3-Apr-12,18.55,18.71,18.55,18.71,300
2-Apr-12,18.63,18.63,18.47,18.47,1200
30-Mar-12,18.75,18.79,18.70,18.71,1100
29-Mar-12,18.93,18.93,18.79,18.82,3950
28-Mar-12,19.22,19.23,19.09,19.09,1600
27-Mar-12,19.02,19.22,18.93,19.22,4395
26-Mar-12,19.19,19.19,19.19,19.19,400
23-Mar-12,19.29,19.29,19.19,19.19,1600
22-Mar-12,19.62,19.62,19.22,19.37,2100
21-Mar-12,19.69,19.70,19.63,19.70,690
20-Mar-12,19.67,19.67,19.67,19.67,200
19-Mar-12,19.72,19.72,19.59,19.59,450
16-Mar-12,19.56,19.80,19.48,19.80,2000
15-Mar-12,19.91,19.91,19.64,19.64,1500
14-Mar-12,19.91,19.97,19.85,19.94,1844
13-Mar-12,19.76,19.88,19.76,19.88,1503
12-Mar-12,19.70,19.82,19.70,19.82,812
9-Mar-12,19.70,19.70,19.70,19.70,0
8-Mar-12,19.48,19.70,19.48,19.70,1506
7-Mar-12,19.45,19.48,19.45,19.48,500
6-Mar-12,19.48,19.48,19.48,19.48,100
5-Mar-12,19.48,19.51,19.48,19.51,900
2-Mar-12,19.54,19.54,19.48,19.48,700
1-Mar-12,19.60,19.60,19.57,19.57,200
29-Feb-12,19.62,19.62,19.55,19.60,1425
28-Feb-12,19.68,19.68,19.65,19.65,244
27-Feb-12,19.61,19.73,19.61,19.71,2556
24-Feb-12,19.70,19.75,19.70,19.75,1500
23-Feb-12,19.71,19.71,19.71,19.71,0
22-Feb-12,19.71,19.71,19.71,19.71,300
21-Feb-12,19.62,19.74,19.62,19.71,1008
17-Feb-12,19.58,19.58,19.58,19.58,0
16-Feb-12,19.61,19.61,19.58,19.58,400
15-Feb-12,19.63,19.63,19.63,19.63,0
14-Feb-12,19.72,19.72,19.63,19.63,3650
13-Feb-12,19.92,19.92,19.90,19.90,620
10-Feb-12,20.02,20.02,19.99,19.99,663
9-Feb-12,20.05,20.05,20.00,20.00,2686
7-Feb-12,20.08,20.08,20.08,20.08,0
6-Feb-12,20.28,20.29,20.02,20.05,2000
3-Feb-12,20.62,20.71,20.26,20.26,3800
2-Feb-12,20.38,20.62,20.38,20.62,1500
1-Feb-12,20.35,20.35,20.35,20.35,563
31-Jan-12,20.73,20.73,20.32,20.35,5470
30-Jan-12,20.55,20.85,20.55,20.76,1600
27-Jan-12,20.67,20.67,20.52,20.52,2200
26-Jan-12,20.56,20.65,20.56,20.65,800
25-Jan-12,20.50,20.53,20.50,20.53,200
24-Jan-12,20.58,20.67,20.47,20.47,1954
23-Jan-12,20.43,20.61,20.43,20.61,900
20-Jan-12,20.37,20.46,20.37,20.46,4697
19-Jan-12,20.37,20.37,20.37,20.37,200
18-Jan-12,20.37,20.37,20.37,20.37,200
17-Jan-12,20.37,20.37,20.37,20.37,1036
13-Jan-12,20.37,20.37,20.37,20.37,0
12-Jan-12,20.34,20.34,20.34,20.34,100
11-Jan-12,20.37,20.55,20.37,20.37,2200
10-Jan-12,20.67,20.67,20.43,20.43,2500
9-Jan-12,20.64,20.64,20.64,20.64,2100
6-Jan-12,21.14,21.14,20.67,20.67,1500
4-Jan-12,20.95,20.95,20.95,20.95,0
3-Jan-12,20.30,21.00,20.30,21.00,1449
29-Dec-11,20.11,20.11,20.11,20.11,0
28-Dec-11,19.76,20.13,19.75,20.13,1977
27-Dec-11,19.54,19.95,19.54,19.95,203
23-Dec-11,19.52,19.52,19.52,19.52,0
22-Dec-11,19.50,19.50,19.50,19.50,199
21-Dec-11,19.36,19.36,19.36,19.36,100
20-Dec-11,19.26,19.34,19.26,19.34,201
19-Dec-11,18.98,19.29,18.98,19.01,2223
15-Dec-11,19.01,19.01,19.01,19.01,0
14-Dec-11,19.00,19.00,19.00,19.00,1000
13-Dec-11,19.13,19.13,19.13,19.13,800
8-Dec-11,19.08,19.08,19.08,19.08,0
7-Dec-11,19.26,19.26,19.12,19.12,2268
6-Dec-11,19.25,19.25,19.25,19.25,379
5-Dec-11,19.17,19.17,19.17,19.17,100
1-Dec-11,19.01,19.01,19.01,19.01,0
30-Nov-11,19.35,19.35,18.94,18.96,1715
28-Nov-11,19.37,19.37,19.37,19.37,0
25-Nov-11,18.32,18.32,18.32,18.32,300
23-Nov-11,18.46,18.46,18.46,18.46,0
22-Nov-11,19.10,19.10,18.63,18.63,2840
21-Nov-11,19.10,19.10,19.09,19.09,631
18-Nov-11,19.05,19.10,19.05,19.10,1400
17-Nov-11,19.04,19.04,19.04,19.04,300
16-Nov-11,19.04,19.04,19.01,19.01,1260
11-Nov-11,18.79,18.79,18.79,18.79,0
9-Nov-11,19.10,19.10,19.10,19.10,0
7-Nov-11,19.04,19.04,19.04,19.04,0
4-Nov-11,18.79,18.79,18.79,18.79,250
31-Oct-11,18.64,18.64,18.64,18.64,0
28-Oct-11,18.70,18.70,18.70,18.70,0
27-Oct-11,18.46,18.46,18.45,18.46,600
26-Oct-11,18.42,18.43,18.42,18.43,200
25-Oct-11,18.34,18.34,18.34,18.34,0
24-Oct-11,18.59,18.59,18.59,18.59,400
21-Oct-11,19.00,19.01,18.61,18.61,1600
20-Oct-11,18.77,18.90,18.77,18.90,641
19-Oct-11,18.94,18.94,18.94,18.94,100
17-Oct-11,18.62,18.62,18.62,18.62,0
14-Oct-11,18.63,18.63,18.59,18.59,609
12-Oct-11,18.59,18.59,18.59,18.59,0
10-Oct-11,18.60,18.60,18.60,18.60,0
7-Oct-11,18.96,18.96,18.60,18.67,987
6-Oct-11,18.68,18.96,18.68,18.89,800
5-Oct-11,18.51,18.94,18.51,18.61,8300
4-Oct-11,18.42,18.49,18.42,18.49,1300
3-Oct-11,18.43,18.43,18.43,18.43,100
30-Sep-11,18.38,18.38,18.36,18.36,1700
29-Sep-11,18.36,18.36,18.36,18.36,100
