Date,Open,High,Low,Close,Volume
26-Sep-12,6.83,6.83,6.81,6.82,829
25-Sep-12,6.90,6.90,6.90,6.90,1000
24-Sep-12,6.75,6.93,6.75,6.89,4437
21-Sep-12,6.87,6.87,6.87,6.87,617
20-Sep-12,6.89,6.92,6.86,6.89,1757
19-Sep-12,6.85,6.86,6.85,6.86,1200
18-Sep-12,6.86,6.87,6.85,6.85,2454
17-Sep-12,6.93,6.99,6.91,6.91,1848
14-Sep-12,6.89,6.89,6.89,6.89,100
13-Sep-12,6.82,6.88,6.82,6.88,1277
12-Sep-12,6.81,6.86,6.81,6.86,1838
11-Sep-12,6.67,6.79,6.67,6.79,3948
10-Sep-12,6.70,6.74,6.70,6.71,464
7-Sep-12,6.72,6.74,6.72,6.74,400
6-Sep-12,6.70,6.70,6.67,6.67,500
5-Sep-12,6.55,6.62,6.55,6.62,3132
4-Sep-12,6.74,6.74,6.52,6.61,1240
31-Aug-12,6.62,6.74,6.62,6.74,600
30-Aug-12,6.73,6.73,6.65,6.65,200
29-Aug-12,6.51,6.51,6.51,6.51,0
28-Aug-12,6.51,6.51,6.51,6.51,0
27-Aug-12,6.51,6.51,6.51,6.51,0
24-Aug-12,6.51,6.51,6.51,6.51,100
23-Aug-12,6.49,6.49,6.48,6.48,634
22-Aug-12,6.44,6.47,6.44,6.47,200
21-Aug-12,6.44,6.53,6.44,6.50,8796
20-Aug-12,6.43,6.43,6.43,6.43,0
17-Aug-12,6.43,6.43,6.43,6.43,0
16-Aug-12,6.43,6.43,6.43,6.43,300
15-Aug-12,6.68,6.68,6.68,6.68,0
14-Aug-12,6.68,6.68,6.68,6.68,0
13-Aug-12,6.68,6.68,6.68,6.68,0
10-Aug-12,6.68,6.68,6.68,6.68,0
9-Aug-12,6.68,6.68,6.68,6.68,0
8-Aug-12,6.68,6.68,6.68,6.68,300
7-Aug-12,6.67,6.80,6.66,6.70,1187
6-Aug-12,6.62,6.65,6.62,6.65,1200
3-Aug-12,6.52,6.59,6.52,6.59,400
2-Aug-12,6.50,6.50,6.41,6.41,1400
1-Aug-12,6.47,6.47,6.47,6.47,200
31-Jul-12,6.53,6.53,6.53,6.53,0
30-Jul-12,6.53,6.53,6.53,6.53,0
27-Jul-12,6.53,6.53,6.53,6.53,100
26-Jul-12,6.45,6.45,6.45,6.45,100
25-Jul-12,6.57,6.57,6.57,6.57,0
24-Jul-12,6.57,6.57,6.57,6.57,0
23-Jul-12,6.57,6.57,6.57,6.57,0
20-Jul-12,6.57,6.57,6.57,6.57,100
19-Jul-12,6.64,6.64,6.48,6.56,700
18-Jul-12,6.52,6.52,6.52,6.52,100
17-Jul-12,6.52,6.52,6.52,6.52,0
16-Jul-12,6.52,6.52,6.52,6.52,110
13-Jul-12,6.57,6.57,6.57,6.57,0
12-Jul-12,6.57,6.57,6.57,6.57,0
11-Jul-12,6.57,6.57,6.57,6.57,100
10-Jul-12,6.44,6.50,6.44,6.50,599
9-Jul-12,6.47,6.47,6.47,6.47,0
6-Jul-12,6.58,6.58,6.47,6.47,1406
5-Jul-12,6.52,6.52,6.52,6.52,500
3-Jul-12,6.34,6.34,6.25,6.25,600
2-Jul-12,6.39,6.39,6.39,6.39,100
29-Jun-12,6.33,6.33,6.33,6.33,100
28-Jun-12,6.24,6.24,6.24,6.24,200
27-Jun-12,6.29,6.29,6.29,6.29,0
26-Jun-12,6.29,6.29,6.29,6.29,300
25-Jun-12,6.35,6.35,6.25,6.25,700
22-Jun-12,6.35,6.35,6.35,6.35,2400
21-Jun-12,6.29,6.29,6.29,6.29,100
20-Jun-12,6.45,6.45,6.37,6.37,300
19-Jun-12,6.31,6.31,6.31,6.31,0
18-Jun-12,6.31,6.31,6.31,6.31,100
15-Jun-12,6.41,6.41,6.41,6.41,700
14-Jun-12,6.33,6.36,6.33,6.36,200
13-Jun-12,6.42,6.42,6.25,6.25,500
12-Jun-12,6.30,6.50,6.30,6.50,300
11-Jun-12,6.35,6.35,6.25,6.25,500
8-Jun-12,6.30,6.30,6.30,6.30,0
7-Jun-12,6.48,6.49,6.30,6.30,300
6-Jun-12,6.35,6.43,6.35,6.43,1300
5-Jun-12,6.25,6.25,6.25,6.25,100
4-Jun-12,6.25,6.25,6.25,6.25,1715
1-Jun-12,6.34,6.34,6.34,6.34,300
31-May-12,6.35,6.37,6.35,6.37,478
30-May-12,6.40,6.41,6.40,6.41,1429
29-May-12,6.37,6.37,6.37,6.37,0
25-May-12,6.37,6.37,6.37,6.37,300
24-May-12,6.34,6.34,6.34,6.34,600
23-May-12,6.36,6.36,6.36,6.36,0
22-May-12,6.48,6.48,6.05,6.36,44011
21-May-12,6.77,6.78,6.50,6.57,1300
18-May-12,6.56,7.59,6.56,6.71,12500
17-May-12,6.44,6.44,6.44,6.44,100
16-May-12,6.49,6.50,6.40,6.50,500
15-May-12,6.55,6.55,6.55,6.55,100
14-May-12,6.58,6.58,6.58,6.58,4000
11-May-12,6.58,6.58,6.58,6.58,100
10-May-12,6.62,6.62,6.61,6.61,620
9-May-12,6.51,6.51,6.50,6.50,300
8-May-12,6.51,6.60,6.51,6.60,500
7-May-12,6.59,6.59,6.59,6.59,400
4-May-12,6.72,6.72,6.48,6.64,1699
3-May-12,6.68,6.68,6.68,6.68,248
2-May-12,6.62,6.62,6.62,6.62,200
1-May-12,6.78,6.78,6.78,6.78,0
30-Apr-12,6.78,6.78,6.78,6.78,100
27-Apr-12,6.78,6.78,6.78,6.78,0
26-Apr-12,6.78,6.78,6.78,6.78,100
25-Apr-12,6.73,6.73,6.70,6.70,1725
24-Apr-12,6.57,6.57,6.57,6.57,0
23-Apr-12,6.69,6.71,6.56,6.57,400
20-Apr-12,6.76,6.76,6.76,6.76,100
19-Apr-12,6.70,6.72,6.68,6.68,600
18-Apr-12,6.80,6.99,6.70,6.70,4300
17-Apr-12,6.75,6.75,6.75,6.75,100
16-Apr-12,6.67,6.75,6.67,6.75,3140
13-Apr-12,6.79,6.79,6.75,6.75,200
12-Apr-12,6.78,6.79,6.78,6.79,300
11-Apr-12,6.74,6.74,6.74,6.74,0
10-Apr-12,6.75,6.79,6.74,6.74,800
9-Apr-12,6.80,6.80,6.80,6.80,8231
5-Apr-12,6.85,6.88,6.85,6.88,500
4-Apr-12,6.88,6.99,6.88,6.90,1900
3-Apr-12,6.78,6.99,6.78,6.85,4100
2-Apr-12,6.76,6.76,6.75,6.75,721
30-Mar-12,6.72,6.76,6.69,6.76,500
29-Mar-12,6.63,6.65,6.63,6.65,2040
28-Mar-12,6.70,6.70,6.70,6.70,0
27-Mar-12,6.70,6.70,6.70,6.70,100
26-Mar-12,6.66,6.66,6.66,6.66,200
23-Mar-12,6.68,6.70,6.68,6.70,4185
22-Mar-12,6.69,6.69,6.69,6.69,0
21-Mar-12,6.69,6.69,6.69,6.69,400
20-Mar-12,6.61,6.61,6.61,6.61,529
19-Mar-12,6.72,6.72,6.72,6.72,300
16-Mar-12,6.69,6.69,6.69,6.69,0
15-Mar-12,6.66,6.69,6.66,6.69,400
14-Mar-12,6.63,6.64,6.63,6.64,1300
13-Mar-12,6.60,6.63,6.60,6.63,3000
12-Mar-12,6.58,6.58,6.58,6.58,1600
9-Mar-12,6.60,6.60,6.60,6.60,452
8-Mar-12,6.53,6.60,6.53,6.60,648
7-Mar-12,6.53,6.53,6.53,6.53,1273
6-Mar-12,6.46,6.46,6.46,6.46,100
5-Mar-12,6.44,6.50,6.44,6.49,300
2-Mar-12,6.50,6.50,6.50,6.50,0
1-Mar-12,6.42,6.50,6.42,6.50,6400
29-Feb-12,6.43,6.48,6.43,6.48,800
28-Feb-12,6.78,6.78,6.24,6.27,15433
27-Feb-12,6.73,6.73,6.73,6.73,100
24-Feb-12,6.86,6.86,6.70,6.70,400
23-Feb-12,7.07,7.07,7.07,7.07,300
22-Feb-12,6.97,6.97,6.96,6.96,328
21-Feb-12,7.07,7.07,7.07,7.07,0
17-Feb-12,7.07,7.07,7.07,7.07,0
16-Feb-12,7.35,7.35,7.07,7.07,1750
15-Feb-12,7.06,7.06,6.94,6.94,200
14-Feb-12,7.20,7.20,7.20,7.20,100
13-Feb-12,7.01,7.01,7.01,7.01,100
10-Feb-12,6.94,7.11,6.94,7.11,494
9-Feb-12,7.01,7.04,6.96,6.96,500
8-Feb-12,6.70,6.91,6.70,6.91,660
7-Feb-12,6.86,6.99,6.75,6.75,1103
6-Feb-12,6.98,6.98,6.92,6.92,400
2-Feb-12,6.88,6.88,6.88,6.88,0
1-Feb-12,6.82,6.89,6.82,6.89,400
31-Jan-12,6.76,6.76,6.75,6.75,744
26-Jan-12,7.02,7.02,7.02,7.02,0
25-Jan-12,7.19,7.19,7.15,7.15,200
24-Jan-12,7.10,7.10,7.10,7.10,641
23-Jan-12,7.00,7.00,6.99,6.99,1700
20-Jan-12,6.95,6.99,6.67,6.99,2400
19-Jan-12,6.37,7.21,6.32,7.00,10447
18-Jan-12,6.12,6.37,6.12,6.33,1999
17-Jan-12,6.22,6.26,6.19,6.19,1999
13-Jan-12,6.12,6.12,6.12,6.12,0
12-Jan-12,6.50,6.50,6.34,6.34,1400
11-Jan-12,6.54,6.54,6.52,6.52,1800
10-Jan-12,6.92,6.92,6.53,6.63,4381
9-Jan-12,7.04,7.04,6.58,6.97,2200
6-Jan-12,7.50,7.50,7.06,7.20,13584
5-Jan-12,7.50,7.71,7.13,7.58,11125
4-Jan-12,7.36,7.79,7.17,7.55,12056
3-Jan-12,7.40,7.80,7.40,7.46,4728
30-Dec-11,6.84,7.00,6.84,6.91,2640
29-Dec-11,7.24,7.24,7.03,7.04,1462
28-Dec-11,6.89,7.15,6.81,7.14,4797
27-Dec-11,6.25,7.08,6.25,7.07,5447
23-Dec-11,6.15,6.15,6.15,6.15,0
22-Dec-11,6.14,6.18,6.14,6.18,300
21-Dec-11,6.11,6.39,6.11,6.33,2000
20-Dec-11,5.97,5.99,5.97,5.99,1400
19-Dec-11,5.95,5.95,5.93,5.94,1539
16-Dec-11,6.20,6.20,5.68,6.20,6000
15-Dec-11,6.50,6.50,6.50,6.50,100
14-Dec-11,6.62,6.85,6.40,6.40,4200
13-Dec-11,7.74,8.00,7.61,7.61,1000
12-Dec-11,7.77,7.89,7.40,7.81,3938
9-Dec-11,7.42,7.42,7.42,7.42,100
8-Dec-11,7.76,7.76,7.76,7.76,400
7-Dec-11,7.52,7.60,7.51,7.60,2400
6-Dec-11,7.31,7.70,7.31,7.65,7090
5-Dec-11,7.06,7.06,7.06,7.06,2243
2-Dec-11,7.10,7.10,7.10,7.10,0
29-Nov-11,6.82,6.82,6.82,6.82,0
25-Nov-11,6.68,6.68,6.68,6.68,0
23-Nov-11,6.71,6.71,6.71,6.71,0
22-Nov-11,7.00,7.00,7.00,7.00,700
18-Nov-11,6.80,6.80,6.80,6.80,0
17-Nov-11,6.78,6.78,6.78,6.78,0
16-Nov-11,6.90,6.90,6.77,6.77,1877
15-Nov-11,6.94,6.98,6.94,6.96,1034
11-Nov-11,7.03,7.03,7.03,7.03,0
9-Nov-11,6.90,6.90,6.90,6.90,0
8-Nov-11,7.01,7.01,7.01,7.01,300
3-Nov-11,6.96,6.96,6.96,6.96,0
1-Nov-11,6.77,6.77,6.77,6.77,0
31-Oct-11,6.95,6.95,6.94,6.94,200
27-Oct-11,7.19,7.19,7.19,7.19,0
26-Oct-11,6.91,6.95,6.91,6.95,1516
25-Oct-11,6.80,6.80,6.80,6.80,0
24-Oct-11,6.90,6.90,6.90,6.90,200
20-Oct-11,6.75,6.75,6.75,6.75,0
19-Oct-11,6.80,6.80,6.80,6.80,300
18-Oct-11,6.79,6.80,6.79,6.80,242
17-Oct-11,6.53,6.53,6.53,6.53,100
14-Oct-11,6.20,6.42,6.20,6.42,1098
13-Oct-11,6.45,6.45,6.20,6.20,1133
11-Oct-11,6.39,6.39,6.39,6.39,0
10-Oct-11,6.57,6.57,6.57,6.57,300
7-Oct-11,6.46,6.46,6.46,6.46,200
5-Oct-11,6.25,6.25,6.25,6.25,0
4-Oct-11,6.33,6.33,6.33,6.33,600
