Date,Open,High,Low,Close,Volume
26-Sep-12,5.11,5.20,5.11,5.20,1194
25-Sep-12,5.12,5.12,5.12,5.12,0
24-Sep-12,5.19,5.19,5.12,5.12,500
21-Sep-12,4.70,5.25,4.70,5.25,2582
20-Sep-12,4.70,4.99,4.70,4.74,600
19-Sep-12,5.00,5.00,4.91,4.91,200
18-Sep-12,5.04,5.04,5.02,5.02,311
17-Sep-12,5.02,5.03,5.02,5.03,200
14-Sep-12,5.15,5.15,5.15,5.15,250
13-Sep-12,5.06,5.11,4.71,5.11,2200
12-Sep-12,4.93,4.93,4.93,4.93,0
11-Sep-12,4.93,4.93,4.93,4.93,0
10-Sep-12,4.93,4.93,4.93,4.93,0
7-Sep-12,4.93,4.93,4.93,4.93,540
6-Sep-12,5.05,5.07,5.05,5.07,630
5-Sep-12,5.10,5.10,5.10,5.10,425
4-Sep-12,5.25,5.25,5.25,5.25,300
31-Aug-12,5.30,5.30,5.30,5.30,253
30-Aug-12,5.40,5.40,5.40,5.40,0
29-Aug-12,5.39,5.40,5.39,5.40,500
28-Aug-12,5.40,5.40,5.36,5.36,225
27-Aug-12,5.40,5.40,5.37,5.40,5525
24-Aug-12,5.40,5.40,5.40,5.40,0
23-Aug-12,5.40,5.40,5.40,5.40,0
22-Aug-12,5.40,5.40,5.40,5.40,0
21-Aug-12,5.40,5.40,5.40,5.40,0
20-Aug-12,5.40,5.40,5.40,5.40,0
17-Aug-12,5.40,5.40,5.40,5.40,300
16-Aug-12,5.65,5.67,5.65,5.67,500
15-Aug-12,5.58,5.58,5.58,5.58,0
14-Aug-12,5.58,5.58,5.58,5.58,0
13-Aug-12,5.58,5.58,5.58,5.58,450
10-Aug-12,5.68,5.68,5.37,5.37,1560
9-Aug-12,5.68,5.68,5.68,5.68,0
8-Aug-12,5.68,5.68,5.68,5.68,0
7-Aug-12,5.68,5.68,5.68,5.68,0
6-Aug-12,5.67,5.68,5.67,5.68,240
3-Aug-12,5.61,5.61,5.61,5.61,3260
2-Aug-12,5.52,5.52,5.52,5.52,140
1-Aug-12,5.70,5.70,5.70,5.70,0
31-Jul-12,5.70,5.70,5.70,5.70,0
30-Jul-12,5.70,5.70,5.70,5.70,0
27-Jul-12,5.70,5.70,5.70,5.70,1094
26-Jul-12,5.70,5.70,5.70,5.70,0
25-Jul-12,5.71,5.71,5.69,5.70,842
24-Jul-12,5.75,5.75,5.75,5.75,100
23-Jul-12,5.66,5.66,5.66,5.66,100
20-Jul-12,5.69,5.71,5.69,5.71,6200
19-Jul-12,5.53,5.71,5.40,5.71,2619
18-Jul-12,5.75,5.75,5.71,5.73,381
17-Jul-12,5.60,5.60,5.60,5.60,0
16-Jul-12,5.60,5.60,5.60,5.60,0
13-Jul-12,5.60,5.60,5.60,5.60,1000
12-Jul-12,5.53,5.53,5.53,5.53,0
11-Jul-12,5.53,5.53,5.53,5.53,0
10-Jul-12,5.53,5.53,5.53,5.53,100
9-Jul-12,5.80,5.80,5.80,5.80,0
6-Jul-12,5.80,5.80,5.80,5.80,0
5-Jul-12,5.80,5.80,5.80,5.80,0
3-Jul-12,5.80,5.80,5.80,5.80,295
2-Jul-12,5.80,5.80,5.80,5.80,155
29-Jun-12,5.80,5.80,5.80,5.80,203
28-Jun-12,5.84,5.84,5.84,5.84,0
27-Jun-12,5.84,5.84,5.84,5.84,300
26-Jun-12,5.84,5.84,5.84,5.84,200
25-Jun-12,5.80,5.80,5.80,5.80,110
22-Jun-12,5.78,5.78,5.78,5.78,200
21-Jun-12,5.81,5.81,5.56,5.56,400
20-Jun-12,5.80,5.80,5.80,5.80,600
19-Jun-12,5.80,5.80,5.80,5.80,200
18-Jun-12,5.80,5.80,5.76,5.80,1900
15-Jun-12,5.80,5.80,5.80,5.80,278
14-Jun-12,5.80,5.80,5.80,5.80,0
13-Jun-12,5.80,5.80,5.80,5.80,100
12-Jun-12,5.82,5.82,5.80,5.80,386
11-Jun-12,5.80,5.89,5.80,5.80,1430
8-Jun-12,5.78,5.88,5.78,5.80,1200
7-Jun-12,5.80,5.80,5.80,5.80,200
6-Jun-12,5.82,5.82,5.63,5.80,724
5-Jun-12,5.77,5.77,5.77,5.77,100
4-Jun-12,5.80,5.80,5.78,5.78,200
1-Jun-12,5.85,5.85,5.85,5.85,100
31-May-12,5.77,5.77,5.61,5.61,700
30-May-12,5.80,5.80,5.80,5.80,467
29-May-12,5.70,5.85,5.70,5.85,200
25-May-12,5.85,5.85,5.85,5.85,0
24-May-12,5.85,5.85,5.85,5.85,0
23-May-12,5.84,5.85,5.84,5.85,367
22-May-12,5.63,5.70,5.53,5.70,800
21-May-12,5.73,5.73,5.73,5.73,0
18-May-12,5.73,5.73,5.73,5.73,0
17-May-12,5.73,5.73,5.73,5.73,100
16-May-12,5.78,5.78,5.78,5.78,200
15-May-12,5.80,5.80,5.80,5.80,100
14-May-12,5.70,5.70,5.70,5.70,220
11-May-12,5.70,5.70,5.70,5.70,600
10-May-12,5.58,5.58,5.55,5.55,1200
9-May-12,5.58,5.58,5.55,5.55,800
8-May-12,5.69,5.69,5.69,5.69,300
7-May-12,5.55,5.80,5.55,5.80,3629
4-May-12,5.68,5.68,5.68,5.68,0
3-May-12,5.68,5.68,5.68,5.68,0
2-May-12,5.80,5.80,5.59,5.68,400
1-May-12,5.70,5.80,5.70,5.80,2894
30-Apr-12,5.80,5.80,5.80,5.80,0
27-Apr-12,5.86,5.90,5.80,5.80,4399
26-Apr-12,5.52,5.90,5.52,5.90,700
25-Apr-12,5.85,5.85,5.50,5.50,816
24-Apr-12,5.90,5.90,5.89,5.90,3200
23-Apr-12,5.86,5.90,5.86,5.88,600
20-Apr-12,5.86,5.86,5.86,5.86,200
19-Apr-12,5.86,5.86,5.86,5.86,200
18-Apr-12,5.70,5.70,5.70,5.70,0
17-Apr-12,5.68,5.70,5.68,5.70,300
16-Apr-12,5.58,5.70,5.58,5.70,586
13-Apr-12,5.69,5.70,5.69,5.70,2000
12-Apr-12,5.69,5.70,5.65,5.65,1100
11-Apr-12,5.60,5.60,5.60,5.60,175
10-Apr-12,5.58,5.58,5.58,5.58,400
9-Apr-12,5.34,5.50,5.34,5.50,670
5-Apr-12,5.43,5.43,5.43,5.43,200
4-Apr-12,5.44,5.44,5.35,5.35,1600
3-Apr-12,5.78,5.78,5.65,5.69,1996
2-Apr-12,6.20,6.20,5.80,5.80,1300
30-Mar-12,6.13,6.13,6.13,6.13,100
29-Mar-12,6.08,6.11,6.08,6.11,900
28-Mar-12,5.75,5.85,5.75,5.85,275
27-Mar-12,5.70,5.77,5.70,5.77,606
26-Mar-12,5.54,5.54,5.51,5.54,700
23-Mar-12,5.60,5.60,5.57,5.60,2000
22-Mar-12,5.64,5.64,5.64,5.64,300
21-Mar-12,5.66,5.66,5.66,5.66,233
20-Mar-12,5.59,5.59,5.51,5.51,254
19-Mar-12,5.52,5.52,5.51,5.51,1200
16-Mar-12,5.54,5.63,5.54,5.63,652
15-Mar-12,5.47,5.51,5.47,5.51,400
14-Mar-12,5.41,5.51,5.30,5.38,1985
13-Mar-12,5.53,5.53,5.53,5.53,0
12-Mar-12,5.54,5.54,5.45,5.53,300
9-Mar-12,5.45,5.45,5.45,5.45,100
8-Mar-12,5.52,5.52,5.45,5.45,600
7-Mar-12,5.62,5.62,5.50,5.50,1375
6-Mar-12,5.37,5.62,5.35,5.62,22487
5-Mar-12,5.30,5.33,5.30,5.33,1500
2-Mar-12,5.31,5.31,5.27,5.30,3237
1-Mar-12,5.30,5.32,5.30,5.32,13400
29-Feb-12,5.35,5.35,5.29,5.31,9270
28-Feb-12,5.30,5.30,5.28,5.28,1326
27-Feb-12,5.30,5.31,5.30,5.30,2081
24-Feb-12,5.30,5.30,5.29,5.30,3307
23-Feb-12,5.28,5.28,5.28,5.28,100
22-Feb-12,5.30,5.30,5.30,5.30,1230
21-Feb-12,5.25,5.33,5.25,5.33,713
17-Feb-12,5.35,5.35,5.35,5.35,0
16-Feb-12,5.35,5.35,5.35,5.35,100
15-Feb-12,5.40,5.43,5.32,5.32,400
14-Feb-12,5.30,5.30,5.27,5.30,2000
13-Feb-12,5.28,5.28,5.28,5.28,200
10-Feb-12,5.25,5.25,5.22,5.22,401
9-Feb-12,5.25,5.35,5.25,5.30,2500
8-Feb-12,5.21,5.41,5.20,5.26,27462
7-Feb-12,4.95,5.30,4.95,5.22,12799
6-Feb-12,4.57,4.57,4.50,4.50,2240
3-Feb-12,4.50,4.56,4.50,4.50,667
2-Feb-12,4.45,4.55,4.45,4.50,1300
1-Feb-12,4.45,4.45,4.40,4.45,594
31-Jan-12,4.55,4.56,4.42,4.44,1072
30-Jan-12,4.44,4.54,4.44,4.54,500
27-Jan-12,4.50,4.57,4.42,4.42,1432
26-Jan-12,4.55,4.59,4.45,4.55,1900
25-Jan-12,4.38,4.50,4.37,4.50,1910
24-Jan-12,4.38,4.38,4.38,4.38,300
23-Jan-12,4.35,4.38,4.35,4.38,240
20-Jan-12,4.40,4.40,4.30,4.30,200
19-Jan-12,4.33,4.39,4.33,4.35,800
18-Jan-12,4.28,4.38,4.28,4.35,6000
17-Jan-12,4.20,4.40,4.20,4.28,3425
13-Jan-12,4.09,4.09,4.09,4.09,0
11-Jan-12,4.11,4.11,4.11,4.11,0
10-Jan-12,4.10,4.15,4.10,4.15,9100
9-Jan-12,3.95,4.15,3.95,3.97,6091
5-Jan-12,3.95,3.95,3.95,3.95,0
4-Jan-12,3.93,3.93,3.93,3.93,100
3-Jan-12,3.71,3.94,3.71,3.94,400
30-Dec-11,3.74,3.74,3.73,3.73,651
29-Dec-11,3.92,3.92,3.73,3.73,452
28-Dec-11,3.46,3.69,3.46,3.69,600
27-Dec-11,3.62,3.62,3.57,3.57,203
22-Dec-11,3.74,3.74,3.74,3.74,0
21-Dec-11,3.95,3.95,3.62,3.90,7154
20-Dec-11,4.07,4.07,4.07,4.07,100
19-Dec-11,3.85,3.85,3.65,3.84,1200
16-Dec-11,3.90,3.90,3.88,3.88,1300
15-Dec-11,3.95,4.03,3.95,3.95,300
14-Dec-11,3.95,3.95,3.95,3.95,1020
13-Dec-11,3.95,3.95,3.95,3.95,1500
12-Dec-11,3.91,3.91,3.91,3.91,100
9-Dec-11,3.68,3.68,3.67,3.67,300
7-Dec-11,3.90,3.90,3.90,3.90,0
6-Dec-11,3.87,3.92,3.87,3.92,200
5-Dec-11,3.85,3.94,3.75,3.77,1878
2-Dec-11,3.83,3.84,3.64,3.84,510
1-Dec-11,3.82,3.85,3.77,3.77,1187
30-Nov-11,3.85,3.85,3.83,3.85,1430
29-Nov-11,3.75,3.75,3.75,3.75,100
23-Nov-11,3.72,3.72,3.72,3.72,0
22-Nov-11,3.76,3.81,3.76,3.80,300
21-Nov-11,3.75,3.75,3.67,3.67,400
18-Nov-11,3.79,3.80,3.70,3.70,1700
17-Nov-11,3.65,3.72,3.65,3.72,699
16-Nov-11,3.68,3.74,3.68,3.74,1200
15-Nov-11,3.84,3.85,3.68,3.72,2410
14-Nov-11,3.44,3.75,3.44,3.73,700
11-Nov-11,3.56,3.56,3.56,3.56,133
9-Nov-11,3.74,3.74,3.74,3.74,0
8-Nov-11,3.73,3.84,3.72,3.72,810
7-Nov-11,3.78,3.78,3.72,3.78,900
4-Nov-11,3.69,3.75,3.58,3.75,900
3-Nov-11,3.62,3.75,3.56,3.75,2195
2-Nov-11,3.56,3.75,3.55,3.63,3100
1-Nov-11,3.51,3.66,3.50,3.66,401
31-Oct-11,3.70,3.75,3.58,3.58,5300
28-Oct-11,3.60,3.75,3.60,3.75,5400
27-Oct-11,3.69,3.73,3.69,3.73,1200
26-Oct-11,3.75,4.09,3.58,3.69,9426
25-Oct-11,3.65,3.69,3.65,3.69,300
24-Oct-11,3.68,3.68,3.68,3.68,3300
21-Oct-11,3.68,3.74,3.62,3.68,6525
20-Oct-11,3.69,3.69,3.64,3.69,5525
19-Oct-11,3.47,3.97,3.47,3.60,38280
18-Oct-11,3.30,3.37,3.29,3.37,1600
17-Oct-11,3.37,3.37,3.37,3.37,5127
14-Oct-11,3.26,3.42,3.07,3.37,1200
13-Oct-11,3.25,3.25,3.25,3.25,400
12-Oct-11,3.31,3.31,3.30,3.30,400
11-Oct-11,3.20,3.22,3.12,3.22,3270
10-Oct-11,3.08,3.10,3.08,3.10,400
7-Oct-11,3.05,3.05,3.02,3.02,300
6-Oct-11,2.71,2.99,2.71,2.99,1984
5-Oct-11,2.64,2.64,2.60,2.60,2700
4-Oct-11,2.70,2.70,2.66,2.66,600
3-Oct-11,2.86,2.86,2.86,2.86,112
30-Sep-11,2.86,2.86,2.86,2.86,100
29-Sep-11,3.00,3.00,2.57,2.85,3000
