Date,Open,High,Low,Close,Volume
26-Sep-12,5.50,5.64,5.25,5.59,225395
25-Sep-12,5.88,5.97,5.54,5.58,256240
24-Sep-12,5.95,6.05,5.71,5.78,316855
21-Sep-12,6.25,6.28,6.14,6.19,489963
20-Sep-12,6.12,6.30,6.00,6.08,324275
19-Sep-12,5.87,6.21,5.81,6.18,363111
18-Sep-12,5.83,5.88,5.63,5.83,397423
17-Sep-12,5.94,6.00,5.60,5.71,230310
14-Sep-12,5.60,5.90,5.60,5.88,417189
13-Sep-12,5.10,5.66,5.01,5.54,325802
12-Sep-12,5.20,5.24,4.96,5.18,195161
11-Sep-12,5.17,5.27,5.03,5.10,175783
10-Sep-12,5.08,5.34,5.02,5.10,375928
7-Sep-12,4.85,5.11,4.83,5.07,266819
6-Sep-12,4.79,4.81,4.73,4.75,110437
5-Sep-12,4.69,4.75,4.62,4.73,83045
4-Sep-12,4.68,4.70,4.57,4.67,206042
31-Aug-12,4.43,4.67,4.36,4.65,174450
30-Aug-12,4.50,4.52,4.36,4.36,96084
29-Aug-12,4.51,4.55,4.43,4.48,134882
28-Aug-12,4.53,4.57,4.50,4.50,184609
27-Aug-12,4.70,4.74,4.50,4.52,175841
24-Aug-12,4.70,4.72,4.63,4.65,69496
23-Aug-12,4.80,4.80,4.70,4.70,258630
22-Aug-12,4.65,4.74,4.57,4.67,212168
21-Aug-12,4.80,4.81,4.60,4.62,139927
20-Aug-12,4.71,4.73,4.51,4.59,205701
17-Aug-12,4.78,4.95,4.68,4.71,134417
16-Aug-12,4.63,4.90,4.59,4.76,265606
15-Aug-12,4.34,4.52,4.30,4.50,159369
14-Aug-12,4.26,4.38,4.25,4.29,157227
13-Aug-12,4.30,4.38,4.26,4.29,100883
10-Aug-12,4.14,4.30,4.10,4.29,179215
9-Aug-12,4.04,4.16,4.01,4.14,421818
8-Aug-12,3.85,4.01,3.85,3.97,183222
7-Aug-12,3.75,3.90,3.74,3.85,450751
6-Aug-12,3.68,3.80,3.68,3.70,337164
3-Aug-12,3.97,3.97,3.66,3.68,385107
2-Aug-12,3.96,4.00,3.84,3.93,650540
1-Aug-12,3.98,4.03,3.96,3.99,5488982
31-Jul-12,3.98,4.02,3.97,3.97,674616
30-Jul-12,4.02,4.14,3.97,3.98,387415
27-Jul-12,4.14,4.14,3.95,4.00,703540
26-Jul-12,3.75,4.28,3.63,4.02,1851740
25-Jul-12,5.46,5.50,5.35,5.38,521516
24-Jul-12,5.51,5.60,5.28,5.32,311627
23-Jul-12,5.50,5.57,5.42,5.53,439041
20-Jul-12,5.84,5.87,5.63,5.66,354131
19-Jul-12,5.90,6.04,5.80,5.83,311662
18-Jul-12,5.79,5.88,5.74,5.85,489810
17-Jul-12,5.77,5.92,5.63,5.86,291294
16-Jul-12,5.66,5.81,5.58,5.78,258439
13-Jul-12,5.49,5.70,5.46,5.66,336134
12-Jul-12,5.15,5.41,5.08,5.35,317235
11-Jul-12,5.52,5.54,5.20,5.27,402165
10-Jul-12,5.77,5.79,5.45,5.50,691516
9-Jul-12,5.73,5.77,5.65,5.71,569274
6-Jul-12,5.61,5.86,5.59,5.71,369303
5-Jul-12,5.67,5.79,5.61,5.70,754648
3-Jul-12,5.46,5.71,5.45,5.70,330504
2-Jul-12,5.26,5.38,5.20,5.38,235372
29-Jun-12,5.41,5.41,5.25,5.28,210333
28-Jun-12,5.08,5.19,5.01,5.14,413990
27-Jun-12,5.22,5.23,5.10,5.21,197575
26-Jun-12,5.35,5.41,5.17,5.21,300796
25-Jun-12,5.34,5.48,5.30,5.41,257999
22-Jun-12,5.55,5.60,5.35,5.45,229142
21-Jun-12,5.85,5.92,5.54,5.54,368033
20-Jun-12,6.01,6.22,5.88,5.95,292724
19-Jun-12,6.23,6.23,6.07,6.10,175290
18-Jun-12,5.95,6.22,5.88,6.18,320453
15-Jun-12,5.99,6.09,5.91,5.99,473187
14-Jun-12,6.09,6.13,5.85,5.98,314106
13-Jun-12,5.97,6.25,5.94,6.06,275746
12-Jun-12,5.86,6.03,5.84,5.91,412867
11-Jun-12,6.12,6.12,5.79,5.79,421378
8-Jun-12,5.94,6.14,5.86,5.99,212982
7-Jun-12,6.34,6.34,5.98,6.00,267107
6-Jun-12,6.70,6.70,6.08,6.34,465913
5-Jun-12,6.38,6.71,6.31,6.51,572554
4-Jun-12,5.91,6.39,5.83,6.37,591401
1-Jun-12,5.80,6.02,5.80,5.84,376976
31-May-12,5.92,5.98,5.57,5.66,404471
30-May-12,5.60,5.95,5.50,5.92,410709
29-May-12,5.93,5.98,5.71,5.76,200406
25-May-12,5.80,5.88,5.71,5.86,239150
24-May-12,5.93,5.93,5.53,5.78,253213
23-May-12,5.45,5.84,5.29,5.82,432786
22-May-12,5.80,5.83,5.50,5.53,354017
21-May-12,5.48,5.84,5.40,5.83,383252
18-May-12,5.61,5.79,5.43,5.46,423434
17-May-12,5.21,5.54,5.20,5.43,356227
16-May-12,5.09,5.40,5.06,5.11,418873
15-May-12,5.33,5.49,5.13,5.14,304919
14-May-12,5.21,5.55,5.18,5.36,311719
11-May-12,5.22,5.53,5.15,5.41,332628
10-May-12,5.32,5.43,5.25,5.29,308865
9-May-12,5.05,5.43,4.98,5.28,448259
8-May-12,5.48,5.48,5.08,5.23,476912
7-May-12,5.79,5.82,5.49,5.67,427499
4-May-12,5.92,6.06,5.76,5.78,259192
3-May-12,6.41,6.42,5.92,5.92,342442
2-May-12,6.72,6.72,6.44,6.47,311861
1-May-12,6.73,6.86,6.66,6.72,278860
30-Apr-12,6.90,7.23,6.72,7.17,301623
27-Apr-12,7.12,7.20,6.99,7.01,270177
26-Apr-12,7.20,7.30,7.02,7.02,497290
25-Apr-12,6.60,7.25,6.59,7.24,376273
24-Apr-12,6.65,6.69,6.38,6.61,383009
23-Apr-12,6.50,6.66,6.39,6.66,307427
20-Apr-12,6.63,6.71,6.58,6.61,236082
19-Apr-12,6.62,6.72,6.54,6.59,175730
18-Apr-12,6.66,6.68,6.50,6.53,373030
17-Apr-12,6.72,6.85,6.60,6.71,174946
16-Apr-12,6.95,7.14,6.60,6.63,294613
13-Apr-12,7.00,7.01,6.85,6.99,241778
12-Apr-12,6.59,7.05,6.57,7.00,385412
11-Apr-12,6.80,6.82,6.53,6.53,317370
10-Apr-12,6.55,6.81,6.55,6.79,383658
9-Apr-12,6.90,6.91,6.52,6.53,347510
5-Apr-12,6.94,7.04,6.72,6.81,247019
4-Apr-12,7.05,7.07,6.74,6.91,391769
3-Apr-12,7.28,7.31,7.08,7.25,362723
2-Apr-12,7.11,7.34,7.09,7.27,371232
30-Mar-12,7.21,7.23,6.95,7.18,454500
29-Mar-12,6.83,7.14,6.80,7.11,396556
28-Mar-12,7.07,7.09,6.83,6.90,279083
27-Mar-12,7.40,7.44,7.07,7.11,304568
26-Mar-12,7.17,7.41,7.11,7.39,608440
23-Mar-12,6.85,7.07,6.81,7.01,664456
22-Mar-12,6.98,7.02,6.69,6.74,454475
21-Mar-12,7.00,7.32,6.91,7.13,733727
20-Mar-12,6.90,6.96,6.79,6.96,388931
19-Mar-12,7.10,7.17,6.98,6.99,280716
16-Mar-12,7.04,7.18,7.01,7.02,298332
15-Mar-12,7.02,7.24,6.92,7.08,282637
14-Mar-12,7.24,7.24,6.92,7.04,706962
13-Mar-12,7.63,7.73,7.29,7.36,495140
12-Mar-12,8.00,8.04,7.52,7.55,471944
9-Mar-12,7.76,8.02,7.70,8.02,312287
8-Mar-12,7.85,7.91,7.64,7.83,252626
7-Mar-12,7.58,7.75,7.52,7.73,298036
6-Mar-12,7.78,7.78,7.47,7.52,600926
5-Mar-12,8.21,8.26,7.77,7.97,776090
2-Mar-12,8.29,8.33,8.08,8.13,571764
1-Mar-12,8.35,8.43,8.22,8.34,570442
29-Feb-12,8.64,8.69,8.14,8.30,565620
28-Feb-12,8.53,8.64,8.45,8.59,590020
27-Feb-12,8.60,8.72,8.43,8.49,544407
24-Feb-12,8.83,8.86,8.64,8.69,272963
23-Feb-12,8.90,8.97,8.65,8.83,770850
22-Feb-12,8.73,9.10,8.62,8.82,888377
21-Feb-12,8.59,8.78,8.51,8.75,778744
17-Feb-12,8.80,8.80,8.43,8.43,591028
16-Feb-12,8.51,8.77,8.42,8.74,673083
15-Feb-12,8.75,8.90,8.50,8.52,823433
14-Feb-12,8.63,8.75,8.54,8.71,394603
13-Feb-12,8.60,8.69,8.49,8.63,454593
10-Feb-12,8.32,8.61,8.22,8.48,448216
9-Feb-12,8.54,8.65,8.43,8.53,881927
8-Feb-12,8.93,8.93,8.41,8.46,937749
7-Feb-12,8.90,9.09,8.77,8.87,573803
6-Feb-12,9.09,9.25,8.86,8.91,1148957
3-Feb-12,9.42,9.43,9.03,9.15,1467912
2-Feb-12,9.50,9.55,9.16,9.50,2763432
1-Feb-12,10.40,10.48,10.22,10.33,191977
31-Jan-12,10.65,10.71,10.24,10.35,361526
30-Jan-12,10.45,10.64,10.29,10.42,283587
27-Jan-12,9.94,10.81,9.94,10.66,360064
26-Jan-12,10.00,10.16,9.86,9.96,322922
25-Jan-12,9.47,9.88,9.26,9.84,413258
24-Jan-12,9.29,9.58,9.23,9.56,273600
23-Jan-12,9.31,9.47,9.25,9.41,261881
20-Jan-12,8.88,9.41,8.88,9.23,329641
19-Jan-12,8.90,9.02,8.79,9.01,328754
18-Jan-12,8.80,8.96,8.73,8.85,142772
17-Jan-12,9.09,9.36,8.75,8.81,157727
13-Jan-12,8.97,8.97,8.97,8.97,0
12-Jan-12,9.16,9.56,9.01,9.19,412364
11-Jan-12,9.23,9.23,8.94,9.09,159119
10-Jan-12,9.19,9.28,9.05,9.19,187076
9-Jan-12,8.91,9.10,8.85,8.94,177128
6-Jan-12,8.96,9.15,8.82,8.82,144720
5-Jan-12,8.95,9.08,8.78,8.98,212853
4-Jan-12,9.00,9.25,8.87,9.05,234668
3-Jan-12,8.69,9.19,8.67,9.12,224946
30-Dec-11,8.42,8.57,8.28,8.48,174221
29-Dec-11,7.90,8.33,7.77,8.33,175567
28-Dec-11,8.34,8.38,7.94,7.95,238150
27-Dec-11,8.62,8.69,8.23,8.26,126963
23-Dec-11,8.77,8.77,8.77,8.77,0
22-Dec-11,8.77,8.86,8.54,8.84,152604
21-Dec-11,8.95,8.95,8.63,8.77,258124
20-Dec-11,8.58,8.93,8.58,8.89,353678
19-Dec-11,9.03,9.14,8.36,8.42,331218
16-Dec-11,8.91,9.29,8.82,9.01,494892
15-Dec-11,9.10,9.14,8.72,8.77,341410
14-Dec-11,9.11,9.35,8.71,8.89,537346
13-Dec-11,10.44,10.83,9.42,9.42,590131
12-Dec-11,10.38,10.50,10.10,10.50,273916
9-Dec-11,10.54,10.90,10.51,10.85,213573
8-Dec-11,10.73,10.73,10.33,10.55,207892
7-Dec-11,10.96,11.03,10.74,10.85,226174
6-Dec-11,10.51,11.12,10.47,10.96,291832
5-Dec-11,10.85,11.12,10.54,10.62,250324
2-Dec-11,11.45,11.45,10.67,10.76,268958
1-Dec-11,11.51,11.51,11.03,11.13,308400
30-Nov-11,11.10,11.76,11.10,11.49,502723
29-Nov-11,10.62,10.93,10.50,10.71,327764
28-Nov-11,10.53,10.79,10.41,10.63,457886
25-Nov-11,9.61,10.08,9.58,9.67,130343
23-Nov-11,9.82,9.82,9.82,9.82,0
22-Nov-11,10.37,10.74,10.27,10.34,204424
21-Nov-11,10.70,10.73,9.91,10.21,288660
18-Nov-11,10.94,11.53,10.84,10.95,498580
17-Nov-11,10.56,11.28,10.33,10.88,714686
16-Nov-11,9.00,11.48,8.93,10.95,1250716
15-Nov-11,8.82,8.89,8.60,8.81,211281
14-Nov-11,9.16,9.16,8.67,8.76,361992
11-Nov-11,8.99,9.45,8.91,9.22,319964
10-Nov-11,8.83,9.06,8.62,8.85,370369
9-Nov-11,9.04,9.32,8.80,8.84,447483
8-Nov-11,9.58,9.61,9.20,9.27,290908
7-Nov-11,9.75,9.91,9.54,9.62,278417
4-Nov-11,9.29,9.80,9.25,9.74,659711
3-Nov-11,9.62,9.75,9.31,9.44,279583
2-Nov-11,9.34,9.73,9.17,9.48,358941
1-Nov-11,8.62,9.27,8.47,9.22,286137
31-Oct-11,9.20,9.40,9.16,9.23,222810
28-Oct-11,8.69,9.49,8.69,9.44,413093
27-Oct-11,8.50,8.94,8.46,8.80,341962
26-Oct-11,8.32,8.42,7.91,8.39,290421
25-Oct-11,7.80,8.36,7.60,8.22,383341
24-Oct-11,7.59,7.93,7.57,7.86,234544
21-Oct-11,7.58,7.69,7.43,7.54,237612
20-Oct-11,7.36,7.72,7.34,7.47,290714
19-Oct-11,8.04,8.08,7.47,7.54,864780
18-Oct-11,7.37,8.19,7.35,8.16,883156
17-Oct-11,7.41,7.56,7.26,7.53,649273
14-Oct-11,7.47,7.56,7.18,7.41,151892
13-Oct-11,7.28,7.49,7.25,7.38,193164
12-Oct-11,7.25,7.49,7.25,7.33,182734
11-Oct-11,7.04,7.17,6.86,7.11,152396
10-Oct-11,6.92,7.07,6.92,7.07,92869
7-Oct-11,7.18,7.27,6.60,6.73,332280
6-Oct-11,6.87,7.10,6.77,7.02,258169
5-Oct-11,6.27,6.87,6.21,6.84,326333
4-Oct-11,5.99,6.35,5.95,6.31,445212
3-Oct-11,6.46,6.67,6.07,6.19,399664
30-Sep-11,6.51,6.79,6.45,6.45,246026
29-Sep-11,6.95,7.02,6.51,6.66,378420
