Date,Open,High,Low,Close,Volume
26-Sep-12,48.39,48.39,47.77,48.00,4627
25-Sep-12,48.44,48.72,48.08,48.08,5566
24-Sep-12,47.76,48.80,47.60,48.09,9755
21-Sep-12,47.00,48.01,46.56,48.01,38055
20-Sep-12,46.45,46.45,45.70,46.05,2507
19-Sep-12,47.64,47.64,46.63,46.84,3057
18-Sep-12,47.15,47.71,47.15,47.61,3747
17-Sep-12,47.07,47.62,46.87,47.20,4930
14-Sep-12,47.17,47.43,47.04,47.43,7628
13-Sep-12,45.85,47.15,45.85,46.70,5504
12-Sep-12,46.02,46.27,45.42,45.99,4985
11-Sep-12,45.69,45.99,45.42,45.98,4040
10-Sep-12,46.00,46.30,45.55,45.65,6017
7-Sep-12,46.01,46.13,45.96,46.13,2743
6-Sep-12,45.03,45.78,44.83,45.78,6358
5-Sep-12,45.15,45.15,44.47,44.82,6673
4-Sep-12,44.47,44.88,43.47,44.88,6275
31-Aug-12,45.28,45.28,44.22,44.69,3092
30-Aug-12,44.88,45.07,44.75,44.79,2434
29-Aug-12,43.97,45.37,43.72,45.18,3974
28-Aug-12,42.01,44.08,41.99,44.08,6089
27-Aug-12,44.48,44.48,41.60,41.77,16173
24-Aug-12,44.55,44.55,44.05,44.48,4145
23-Aug-12,45.13,45.13,44.39,44.82,3536
22-Aug-12,45.80,45.80,45.04,45.04,3922
21-Aug-12,46.54,47.00,46.00,46.00,6887
20-Aug-12,45.90,46.37,45.63,46.28,5925
17-Aug-12,45.78,46.26,45.53,46.26,5878
16-Aug-12,45.31,45.92,45.06,45.92,3533
15-Aug-12,44.80,45.50,44.75,45.50,3486
14-Aug-12,45.54,45.54,45.03,45.04,657
13-Aug-12,44.81,45.14,44.51,45.07,3185
10-Aug-12,45.70,45.70,44.98,45.12,1684
9-Aug-12,45.52,46.35,45.45,45.78,2559
8-Aug-12,45.99,45.99,45.12,45.62,5235
7-Aug-12,44.89,46.24,44.89,46.24,9862
6-Aug-12,42.51,44.78,42.51,44.78,11989
3-Aug-12,43.68,45.86,43.68,45.86,5737
2-Aug-12,41.74,43.37,41.74,43.24,7660
1-Aug-12,43.65,43.65,41.75,41.75,12831
31-Jul-12,43.45,43.78,43.43,43.67,5180
30-Jul-12,44.07,44.07,42.55,43.45,10518
27-Jul-12,43.00,44.23,42.17,44.09,8867
26-Jul-12,43.98,43.98,42.73,42.94,3780
25-Jul-12,44.07,44.07,43.21,43.31,3798
24-Jul-12,44.72,44.72,43.67,43.84,5246
23-Jul-12,45.87,45.87,44.50,44.55,5078
20-Jul-12,47.51,48.00,46.67,46.67,9484
19-Jul-12,48.74,48.74,48.00,48.00,2119
18-Jul-12,47.95,48.71,47.95,48.71,3260
17-Jul-12,48.22,48.82,48.01,48.01,3214
16-Jul-12,48.20,48.20,47.76,47.97,1931
13-Jul-12,47.02,48.56,47.02,48.56,4293
12-Jul-12,46.43,47.23,46.43,47.09,5928
11-Jul-12,46.53,46.93,46.53,46.73,3984
10-Jul-12,46.50,46.90,46.37,46.53,7556
9-Jul-12,46.14,46.50,45.94,46.35,1457
6-Jul-12,46.07,46.37,45.87,46.08,4130
5-Jul-12,47.14,47.39,46.17,46.50,3222
3-Jul-12,46.25,47.14,46.25,47.14,3488
2-Jul-12,45.13,46.49,44.79,46.49,10189
29-Jun-12,45.01,45.23,44.31,45.23,7685
28-Jun-12,43.73,44.83,43.60,44.07,4843
27-Jun-12,43.56,44.36,43.56,44.35,2533
26-Jun-12,43.82,43.89,43.58,43.83,3285
25-Jun-12,43.76,44.43,43.51,43.61,3853
22-Jun-12,42.57,44.27,42.57,44.24,30466
21-Jun-12,44.98,44.98,42.43,42.50,6480
20-Jun-12,45.12,45.53,44.87,44.89,2651
19-Jun-12,43.24,45.43,43.24,45.32,7172
18-Jun-12,42.74,43.19,42.25,43.19,3604
15-Jun-12,42.61,43.36,42.11,42.84,25539
14-Jun-12,41.21,42.89,41.21,42.73,7630
13-Jun-12,41.77,42.02,40.88,40.96,8446
12-Jun-12,41.79,41.92,40.92,41.78,3867
11-Jun-12,43.46,43.46,40.75,41.42,16665
8-Jun-12,42.73,43.23,42.58,43.02,4052
7-Jun-12,43.92,43.92,42.89,42.98,6762
6-Jun-12,43.09,43.33,42.54,43.32,9785
5-Jun-12,42.04,42.93,42.04,42.87,6817
4-Jun-12,42.16,42.41,41.90,42.29,4711
1-Jun-12,42.00,42.82,42.00,42.11,7434
31-May-12,43.25,43.62,42.75,42.81,17221
30-May-12,42.99,43.99,42.99,43.20,6352
29-May-12,43.77,43.77,42.75,43.49,3229
25-May-12,43.14,43.39,43.14,43.27,3000
24-May-12,42.78,43.10,42.26,43.10,3038
23-May-12,42.50,43.25,42.25,42.76,4721
22-May-12,42.91,43.66,42.66,42.85,5150
21-May-12,42.16,43.16,42.07,43.12,5314
18-May-12,43.01,43.25,41.51,41.90,12010
17-May-12,43.21,43.64,42.96,43.25,8358
16-May-12,43.08,43.60,43.08,43.19,3255
15-May-12,42.70,43.18,42.70,42.88,6060
14-May-12,42.23,43.50,42.23,42.72,7165
11-May-12,42.68,42.93,42.68,42.90,8013
10-May-12,43.88,43.88,43.13,43.18,2514
9-May-12,43.39,43.89,43.39,43.41,4901
8-May-12,42.55,43.94,42.50,43.89,9446
7-May-12,43.42,43.42,42.17,43.00,4477
4-May-12,44.42,44.42,43.46,43.46,5334
3-May-12,45.55,45.67,44.55,44.80,8396
2-May-12,45.30,45.82,45.30,45.71,6855
1-May-12,45.61,46.86,45.25,45.41,8678
30-Apr-12,46.29,46.29,45.41,45.60,9261
27-Apr-12,46.04,46.73,45.79,46.25,5551
26-Apr-12,45.69,46.04,45.69,46.02,3492
25-Apr-12,45.70,46.70,45.45,45.97,7649
24-Apr-12,43.95,44.95,43.70,44.92,3712
23-Apr-12,43.85,44.14,43.85,44.00,6359
20-Apr-12,46.22,46.40,44.74,45.06,12906
19-Apr-12,45.03,45.36,44.94,44.95,4964
18-Apr-12,45.45,45.45,44.95,45.08,5713
17-Apr-12,45.08,46.06,45.08,45.62,5697
16-Apr-12,44.91,45.16,44.41,44.81,2375
13-Apr-12,44.81,44.95,44.70,44.74,9451
12-Apr-12,44.54,45.45,44.48,45.19,67459
11-Apr-12,43.55,44.53,43.55,44.53,6812
10-Apr-12,44.81,44.81,42.57,43.13,10085
9-Apr-12,44.81,45.00,44.75,44.79,7698
5-Apr-12,46.00,46.08,45.46,45.63,8703
4-Apr-12,45.77,46.12,45.37,45.37,6720
3-Apr-12,46.52,47.02,46.18,46.35,10490
2-Apr-12,45.57,47.02,45.57,47.02,8561
30-Mar-12,46.32,46.32,45.32,45.56,9516
29-Mar-12,45.58,46.09,45.08,45.80,5562
28-Mar-12,45.70,45.83,45.20,45.69,4524
27-Mar-12,46.31,46.31,45.76,45.76,3699
26-Mar-12,45.57,47.07,45.57,46.50,8214
23-Mar-12,44.50,45.27,44.23,45.22,8079
22-Mar-12,44.54,44.79,44.04,44.45,3971
21-Mar-12,45.32,45.50,44.82,45.04,3569
20-Mar-12,45.74,45.74,45.25,45.25,2066
19-Mar-12,45.75,46.67,45.50,46.35,6160
16-Mar-12,46.07,46.07,45.37,45.77,21477
15-Mar-12,45.86,45.90,45.36,45.90,3722
14-Mar-12,46.50,46.50,45.75,45.90,4285
13-Mar-12,46.25,46.97,45.91,46.58,8478
12-Mar-12,46.06,46.31,45.55,45.81,4001
9-Mar-12,45.46,46.46,45.46,46.01,5869
8-Mar-12,45.78,45.81,44.86,45.46,3102
7-Mar-12,44.83,45.52,44.83,45.31,3414
6-Mar-12,44.64,45.39,44.64,44.64,5543
5-Mar-12,43.82,45.44,43.52,45.21,8311
2-Mar-12,45.38,45.38,44.10,44.10,7172
1-Mar-12,45.29,46.19,45.29,45.33,7871
29-Feb-12,47.27,47.57,44.82,44.82,8382
28-Feb-12,47.42,47.44,46.87,46.97,4263
27-Feb-12,46.60,47.42,46.60,47.29,3515
24-Feb-12,48.04,48.04,46.84,46.84,3091
23-Feb-12,46.16,47.86,46.16,47.85,6191
22-Feb-12,46.22,46.55,46.22,46.33,3837
21-Feb-12,46.77,46.77,46.10,46.18,4797
17-Feb-12,46.90,46.90,46.43,46.77,4956
16-Feb-12,44.88,46.61,44.18,46.61,6363
15-Feb-12,46.04,46.04,45.01,45.07,2909
14-Feb-12,46.16,46.46,45.66,45.91,3650
13-Feb-12,46.89,46.89,46.01,46.33,4276
10-Feb-12,46.42,46.42,46.07,46.07,2983
9-Feb-12,47.33,47.33,46.68,46.90,2333
8-Feb-12,48.08,48.08,47.09,47.34,2179
7-Feb-12,48.42,48.56,47.65,47.73,4664
6-Feb-12,48.32,48.47,48.09,48.47,3720
3-Feb-12,48.28,48.96,47.80,48.56,9086
2-Feb-12,46.52,46.61,46.52,46.71,5801
1-Feb-12,44.98,47.00,44.85,46.98,17141
31-Jan-12,45.33,45.33,44.33,44.33,10856
30-Jan-12,45.21,45.21,44.90,44.90,3773
27-Jan-12,45.19,45.51,45.06,45.51,6675
26-Jan-12,46.17,46.17,44.98,45.19,9805
25-Jan-12,45.72,45.89,45.67,45.83,4401
24-Jan-12,44.11,45.75,44.03,45.62,8612
23-Jan-12,45.03,45.03,44.31,44.34,3360
20-Jan-12,44.74,45.23,44.40,44.87,7536
19-Jan-12,44.00,44.73,44.00,44.58,4149
18-Jan-12,42.36,44.00,42.36,43.98,9180
17-Jan-12,42.60,42.72,42.17,42.26,8762
13-Jan-12,42.36,42.36,42.36,42.36,0
12-Jan-12,41.55,42.06,41.05,42.06,3849
11-Jan-12,41.93,41.93,41.18,41.32,3161
10-Jan-12,41.69,42.19,41.19,42.01,6746
9-Jan-12,42.02,42.02,40.59,41.11,7160
6-Jan-12,42.18,42.60,41.96,42.24,4685
5-Jan-12,42.75,42.75,41.93,42.09,4691
4-Jan-12,42.52,42.97,41.94,42.97,5850
3-Jan-12,43.66,43.70,42.41,42.99,15057
30-Dec-11,41.50,41.90,41.45,41.90,20642
29-Dec-11,40.73,41.50,40.73,41.50,3707
28-Dec-11,41.26,41.26,40.56,40.56,4547
27-Dec-11,41.40,41.68,41.04,41.52,4926
23-Dec-11,41.35,41.35,41.35,41.35,0
22-Dec-11,42.50,42.76,41.48,41.99,5313
21-Dec-11,40.70,42.00,40.53,42.00,4714
20-Dec-11,42.00,42.00,40.52,40.89,14357
19-Dec-11,42.20,42.23,40.92,40.92,6158
16-Dec-11,43.15,43.15,41.31,41.94,31110
15-Dec-11,42.51,42.58,42.03,42.58,7288
14-Dec-11,41.05,42.30,41.05,41.49,6527
13-Dec-11,43.90,43.90,41.13,41.29,8763
12-Dec-11,42.58,43.22,42.08,42.95,6855
9-Dec-11,41.19,43.04,41.19,42.94,8717
8-Dec-11,43.17,43.17,40.70,40.99,11144
7-Dec-11,44.24,44.24,42.95,43.55,3352
6-Dec-11,43.86,44.67,43.49,44.20,5900
5-Dec-11,42.75,43.81,42.40,43.81,6894
2-Dec-11,42.57,42.78,42.02,42.06,5639
1-Dec-11,41.50,42.91,41.35,41.73,8171
30-Nov-11,39.71,41.65,39.30,41.65,28332
29-Nov-11,37.71,38.31,37.70,38.12,23779
28-Nov-11,36.71,38.64,36.71,37.69,16556
25-Nov-11,37.00,37.04,35.31,35.31,4595
23-Nov-11,37.10,37.10,37.10,37.10,0
22-Nov-11,39.51,40.21,39.21,39.39,4811
21-Nov-11,39.70,39.70,39.43,39.46,4885
18-Nov-11,40.37,40.71,40.19,40.39,7693
17-Nov-11,41.65,42.23,40.04,40.31,13621
16-Nov-11,43.42,43.42,41.55,41.55,5797
15-Nov-11,42.25,44.16,42.15,44.02,9541
14-Nov-11,42.28,42.45,41.76,42.21,3642
11-Nov-11,41.42,42.33,41.42,42.33,8961
10-Nov-11,41.49,41.49,40.80,41.18,6592
9-Nov-11,41.54,41.98,40.53,40.53,11246
8-Nov-11,41.42,42.58,41.00,42.21,9483
7-Nov-11,40.90,40.90,39.84,40.46,5693
4-Nov-11,39.34,40.24,38.75,39.90,4926
3-Nov-11,37.60,39.68,37.56,39.67,9686
2-Nov-11,36.90,37.50,36.40,36.97,15051
1-Nov-11,37.15,37.65,36.25,36.50,18936
31-Oct-11,37.91,39.17,37.75,38.31,8047
28-Oct-11,39.67,39.99,38.23,38.24,7392
27-Oct-11,38.37,40.15,37.67,39.67,15293
26-Oct-11,36.16,37.23,35.99,37.23,9154
25-Oct-11,36.71,36.71,35.30,35.51,6353
24-Oct-11,36.65,37.15,36.65,37.01,9048
21-Oct-11,38.00,38.00,36.50,36.62,13561
20-Oct-11,36.29,36.88,35.28,36.76,3263
19-Oct-11,36.94,37.07,36.03,36.04,6279
18-Oct-11,35.58,37.17,35.20,36.94,7026
17-Oct-11,35.90,35.95,34.98,35.21,8723
14-Oct-11,36.89,37.00,36.00,36.35,10382
13-Oct-11,35.10,36.55,34.60,36.39,8365
12-Oct-11,34.08,35.30,34.08,35.30,12252
11-Oct-11,33.11,33.81,33.11,33.74,7636
10-Oct-11,34.48,34.48,33.88,34.00,9677
7-Oct-11,33.35,34.31,33.35,33.66,10450
6-Oct-11,33.13,33.56,32.87,33.40,10637
5-Oct-11,33.70,34.19,33.18,33.18,5325
4-Oct-11,29.97,34.31,29.97,33.75,10254
3-Oct-11,32.26,32.50,30.03,30.03,21528
30-Sep-11,32.46,33.77,32.14,32.30,12658
29-Sep-11,32.97,32.97,31.95,32.79,11134
