Date,Open,High,Low,Close,Volume
26-Sep-12,1.41,1.43,1.41,1.43,14800
25-Sep-12,1.43,1.44,1.43,1.43,5370
24-Sep-12,1.43,1.44,1.43,1.43,25394
21-Sep-12,1.46,1.46,1.45,1.45,3800
20-Sep-12,1.44,1.46,1.42,1.46,13100
19-Sep-12,1.45,1.46,1.44,1.46,5441
18-Sep-12,1.44,1.45,1.42,1.45,20874
17-Sep-12,1.44,1.45,1.44,1.44,11911
14-Sep-12,1.46,1.46,1.44,1.45,15992
13-Sep-12,1.45,1.45,1.43,1.45,14925
12-Sep-12,1.46,1.46,1.44,1.45,10478
11-Sep-12,1.46,1.46,1.45,1.45,4718
10-Sep-12,1.43,1.45,1.43,1.45,11480
7-Sep-12,1.43,1.44,1.43,1.44,17012
6-Sep-12,1.44,1.44,1.43,1.43,11474
5-Sep-12,1.43,1.43,1.41,1.43,13100
4-Sep-12,1.44,1.44,1.43,1.43,7225
31-Aug-12,1.43,1.43,1.41,1.42,8042
30-Aug-12,1.42,1.42,1.40,1.42,11891
29-Aug-12,1.42,1.42,1.40,1.40,16300
28-Aug-12,1.41,1.44,1.41,1.43,23850
27-Aug-12,1.43,1.45,1.43,1.43,23188
24-Aug-12,1.41,1.42,1.41,1.41,9300
23-Aug-12,1.40,1.43,1.40,1.41,15093
22-Aug-12,1.41,1.44,1.40,1.43,15570
21-Aug-12,1.41,1.43,1.41,1.41,13869
20-Aug-12,1.43,1.44,1.40,1.42,23683
17-Aug-12,1.44,1.44,1.43,1.43,8405
16-Aug-12,1.41,1.42,1.41,1.42,5788
15-Aug-12,1.38,1.43,1.38,1.40,29094
14-Aug-12,1.40,1.41,1.39,1.41,10542
13-Aug-12,1.42,1.42,1.39,1.42,9239
10-Aug-12,1.40,1.42,1.39,1.42,11517
9-Aug-12,1.42,1.42,1.39,1.39,24178
8-Aug-12,1.40,1.44,1.40,1.44,3400
7-Aug-12,1.42,1.43,1.40,1.40,2672
6-Aug-12,1.39,1.43,1.38,1.43,6156
3-Aug-12,1.40,1.41,1.39,1.39,6672
2-Aug-12,1.42,1.42,1.40,1.40,6515
1-Aug-12,1.42,1.42,1.36,1.42,7921
31-Jul-12,1.43,1.43,1.40,1.42,8693
30-Jul-12,1.40,1.41,1.40,1.41,12320
27-Jul-12,1.44,1.44,1.41,1.41,2872
26-Jul-12,1.43,1.44,1.41,1.41,6879
25-Jul-12,1.41,1.42,1.40,1.40,2289
24-Jul-12,1.41,1.42,1.40,1.40,2781
23-Jul-12,1.41,1.42,1.41,1.41,13946
20-Jul-12,1.42,1.42,1.41,1.42,4357
19-Jul-12,1.41,1.43,1.40,1.43,4593
18-Jul-12,1.39,1.44,1.35,1.44,20245
17-Jul-12,1.43,1.43,1.39,1.39,15584
16-Jul-12,1.42,1.45,1.42,1.44,5382
13-Jul-12,1.46,1.46,1.42,1.42,4639
12-Jul-12,1.47,1.47,1.44,1.45,3853
11-Jul-12,1.41,1.48,1.41,1.48,5780
10-Jul-12,1.46,1.49,1.42,1.43,11507
9-Jul-12,1.49,1.49,1.47,1.47,2483
6-Jul-12,1.49,1.49,1.47,1.47,600
5-Jul-12,1.46,1.50,1.44,1.48,10270
3-Jul-12,1.44,1.46,1.42,1.44,6500
2-Jul-12,1.46,1.47,1.44,1.47,5033
29-Jun-12,1.40,1.45,1.39,1.45,34081
28-Jun-12,1.38,1.39,1.36,1.39,17025
27-Jun-12,1.40,1.41,1.39,1.40,7237
26-Jun-12,1.41,1.41,1.40,1.40,1834
25-Jun-12,1.43,1.44,1.42,1.43,1638
22-Jun-12,1.41,1.45,1.41,1.45,6665
21-Jun-12,1.39,1.43,1.38,1.43,54318
20-Jun-12,1.47,1.47,1.46,1.46,2000
19-Jun-12,1.45,1.49,1.45,1.48,13194
18-Jun-12,1.46,1.49,1.44,1.44,1932
15-Jun-12,1.42,1.46,1.42,1.46,7800
14-Jun-12,1.44,1.46,1.44,1.45,7600
13-Jun-12,1.42,1.46,1.41,1.45,10521
12-Jun-12,1.41,1.45,1.39,1.42,15695
11-Jun-12,1.43,1.44,1.41,1.41,11060
8-Jun-12,1.41,1.45,1.41,1.44,28095
7-Jun-12,1.42,1.44,1.41,1.42,7986
6-Jun-12,1.42,1.44,1.40,1.40,7600
5-Jun-12,1.40,1.42,1.37,1.41,18230
4-Jun-12,1.41,1.41,1.37,1.41,25631
1-Jun-12,1.39,1.42,1.38,1.42,9717
31-May-12,1.42,1.42,1.32,1.37,33000
30-May-12,1.43,1.44,1.40,1.40,8317
29-May-12,1.39,1.42,1.38,1.41,10295
25-May-12,1.44,1.44,1.37,1.41,14874
24-May-12,1.47,1.47,1.38,1.42,16147
23-May-12,1.46,1.47,1.36,1.43,11516
22-May-12,1.50,1.51,1.45,1.46,13368
21-May-12,1.47,1.50,1.47,1.50,500
18-May-12,1.52,1.52,1.47,1.48,29659
17-May-12,1.55,1.55,1.50,1.50,29787
16-May-12,1.55,1.56,1.55,1.56,61656
15-May-12,1.55,1.57,1.55,1.57,18519
14-May-12,1.57,1.57,1.55,1.56,38223
11-May-12,1.55,1.56,1.55,1.56,16165
10-May-12,1.57,1.59,1.55,1.55,6195
9-May-12,1.55,1.56,1.55,1.56,21700
8-May-12,1.55,1.56,1.54,1.54,17306
7-May-12,1.55,1.55,1.55,1.55,13934
4-May-12,1.54,1.55,1.54,1.54,10816
3-May-12,1.56,1.56,1.55,1.55,9000
2-May-12,1.56,1.57,1.56,1.57,19100
1-May-12,1.57,1.57,1.55,1.55,6300
30-Apr-12,1.57,1.57,1.55,1.55,5200
27-Apr-12,1.58,1.58,1.55,1.55,15739
26-Apr-12,1.57,1.57,1.57,1.57,5000
25-Apr-12,1.57,1.57,1.56,1.56,9814
24-Apr-12,1.58,1.58,1.55,1.56,19025
23-Apr-12,1.56,1.57,1.56,1.57,2450
20-Apr-12,1.57,1.57,1.55,1.56,10375
19-Apr-12,1.57,1.58,1.56,1.56,13200
18-Apr-12,1.55,1.57,1.55,1.57,32086
17-Apr-12,1.55,1.56,1.55,1.55,20333
16-Apr-12,1.55,1.57,1.55,1.55,5900
13-Apr-12,1.57,1.57,1.55,1.55,7900
12-Apr-12,1.55,1.57,1.55,1.57,10600
11-Apr-12,1.55,1.56,1.51,1.52,20724
10-Apr-12,1.56,1.56,1.54,1.55,32201
9-Apr-12,1.58,1.58,1.55,1.55,13233
5-Apr-12,1.54,1.56,1.54,1.55,13490
4-Apr-12,1.56,1.56,1.54,1.55,27000
3-Apr-12,1.59,1.59,1.56,1.56,35700
2-Apr-12,1.58,1.60,1.57,1.59,75327
30-Mar-12,1.54,1.56,1.54,1.56,23952
29-Mar-12,1.55,1.55,1.54,1.55,9200
28-Mar-12,1.53,1.55,1.53,1.55,10350
27-Mar-12,1.57,1.57,1.55,1.55,16648
26-Mar-12,1.57,1.57,1.54,1.55,16070
23-Mar-12,1.56,1.56,1.55,1.55,3936
22-Mar-12,1.55,1.55,1.55,1.55,1950
21-Mar-12,1.55,1.56,1.55,1.55,3464
20-Mar-12,1.55,1.55,1.55,1.55,1600
19-Mar-12,1.54,1.56,1.54,1.56,9630
16-Mar-12,1.57,1.57,1.55,1.55,8347
15-Mar-12,1.54,1.57,1.54,1.57,12500
14-Mar-12,1.55,1.56,1.55,1.55,7650
13-Mar-12,1.53,1.56,1.53,1.56,2703
12-Mar-12,1.58,1.58,1.52,1.53,14465
9-Mar-12,1.57,1.58,1.54,1.55,7900
8-Mar-12,1.57,1.57,1.55,1.56,3700
7-Mar-12,1.52,1.55,1.52,1.55,10400
6-Mar-12,1.54,1.54,1.51,1.53,5200
5-Mar-12,1.54,1.55,1.53,1.55,9900
2-Mar-12,1.53,1.53,1.53,1.53,6800
1-Mar-12,1.47,1.55,1.47,1.55,37330
29-Feb-12,1.50,1.51,1.48,1.48,10200
28-Feb-12,1.49,1.50,1.48,1.49,9800
27-Feb-12,1.50,1.50,1.46,1.46,12772
24-Feb-12,1.50,1.51,1.50,1.50,6500
23-Feb-12,1.50,1.50,1.49,1.49,3731
22-Feb-12,1.49,1.50,1.49,1.49,20863
21-Feb-12,1.54,1.54,1.47,1.48,8310
17-Feb-12,1.54,1.54,1.48,1.50,6923
16-Feb-12,1.53,1.55,1.46,1.52,9728
15-Feb-12,1.50,1.51,1.47,1.51,13409
14-Feb-12,1.48,1.54,1.48,1.51,6001
13-Feb-12,1.53,1.56,1.48,1.50,30065
10-Feb-12,1.49,1.54,1.49,1.53,23163
9-Feb-12,1.52,1.52,1.49,1.50,6729
8-Feb-12,1.55,1.55,1.50,1.55,10600
7-Feb-12,1.52,1.55,1.52,1.55,5242
6-Feb-12,1.54,1.54,1.53,1.54,3594
3-Feb-12,1.51,1.54,1.48,1.54,19536
2-Feb-12,1.49,1.52,1.46,1.52,14609
1-Feb-12,1.50,1.50,1.46,1.47,10537
31-Jan-12,1.51,1.54,1.49,1.50,14941
30-Jan-12,1.54,1.54,1.49,1.49,5660
27-Jan-12,1.53,1.56,1.52,1.56,40610
26-Jan-12,1.54,1.56,1.51,1.51,9700
25-Jan-12,1.52,1.58,1.52,1.55,10300
24-Jan-12,1.52,1.55,1.52,1.55,6600
23-Jan-12,1.55,1.57,1.53,1.57,4074
20-Jan-12,1.55,1.58,1.49,1.57,65622
19-Jan-12,1.44,1.55,1.44,1.55,20106
18-Jan-12,1.46,1.48,1.30,1.45,42957
17-Jan-12,1.50,1.50,1.46,1.48,15000
13-Jan-12,1.46,1.46,1.46,1.46,0
12-Jan-12,1.40,1.47,1.40,1.47,7700
11-Jan-12,1.39,1.40,1.38,1.38,1692
10-Jan-12,1.36,1.39,1.36,1.39,1999
9-Jan-12,1.35,1.39,1.35,1.35,37735
6-Jan-12,1.42,1.42,1.38,1.38,5126
5-Jan-12,1.44,1.44,1.42,1.42,3500
4-Jan-12,1.40,1.45,1.40,1.44,2450
3-Jan-12,1.45,1.45,1.38,1.43,14729
30-Dec-11,1.34,1.39,1.33,1.39,8395
29-Dec-11,1.37,1.37,1.34,1.34,6016
28-Dec-11,1.38,1.40,1.38,1.40,2991
27-Dec-11,1.37,1.38,1.36,1.38,30908
23-Dec-11,1.40,1.40,1.40,1.40,0
22-Dec-11,1.38,1.44,1.38,1.44,29371
21-Dec-11,1.36,1.39,1.33,1.39,27628
20-Dec-11,1.35,1.38,1.35,1.37,11560
19-Dec-11,1.39,1.39,1.35,1.35,8400
16-Dec-11,1.42,1.42,1.40,1.40,9132
15-Dec-11,1.45,1.50,1.43,1.45,7800
14-Dec-11,1.46,1.46,1.41,1.41,7865
13-Dec-11,1.50,1.50,1.45,1.45,3700
12-Dec-11,1.50,1.53,1.50,1.51,10219
9-Dec-11,1.50,1.53,1.50,1.52,3270
8-Dec-11,1.51,1.53,1.48,1.51,12100
7-Dec-11,1.55,1.55,1.51,1.54,39499
6-Dec-11,1.54,1.55,1.52,1.53,11440
5-Dec-11,1.55,1.55,1.52,1.55,17341
2-Dec-11,1.53,1.56,1.53,1.56,6500
1-Dec-11,1.60,1.60,1.51,1.51,32532
30-Nov-11,1.58,1.58,1.51,1.58,31849
29-Nov-11,1.49,1.51,1.45,1.50,145075
28-Nov-11,1.32,1.36,1.32,1.34,9370
25-Nov-11,1.29,1.32,1.29,1.31,11922
23-Nov-11,1.30,1.30,1.30,1.30,0
22-Nov-11,1.32,1.35,1.31,1.31,20731
21-Nov-11,1.33,1.35,1.32,1.35,12103
18-Nov-11,1.38,1.40,1.35,1.39,14850
17-Nov-11,1.37,1.39,1.36,1.37,6750
16-Nov-11,1.41,1.41,1.37,1.41,5219
15-Nov-11,1.43,1.43,1.40,1.41,23913
14-Nov-11,1.46,1.46,1.41,1.42,5805
11-Nov-11,1.44,1.50,1.44,1.47,15059
10-Nov-11,1.42,1.44,1.42,1.42,11671
9-Nov-11,1.43,1.45,1.43,1.43,17129
8-Nov-11,1.45,1.48,1.44,1.44,10598
7-Nov-11,1.44,1.47,1.43,1.43,8141
4-Nov-11,1.43,1.47,1.43,1.46,16213
3-Nov-11,1.45,1.48,1.43,1.43,8568
2-Nov-11,1.43,1.44,1.43,1.44,2940
1-Nov-11,1.43,1.43,1.40,1.42,7850
31-Oct-11,1.44,1.46,1.44,1.46,4900
28-Oct-11,1.41,1.47,1.40,1.47,6404
27-Oct-11,1.43,1.43,1.38,1.40,23593
26-Oct-11,1.42,1.43,1.41,1.41,1230
25-Oct-11,1.43,1.43,1.41,1.41,5525
24-Oct-11,1.37,1.43,1.37,1.42,30500
21-Oct-11,1.37,1.40,1.37,1.40,8001
20-Oct-11,1.40,1.40,1.35,1.37,18500
19-Oct-11,1.43,1.43,1.40,1.40,14450
18-Oct-11,1.40,1.43,1.38,1.43,10987
17-Oct-11,1.38,1.40,1.37,1.37,12000
14-Oct-11,1.42,1.46,1.38,1.38,62373
13-Oct-11,1.43,1.44,1.34,1.44,18768
12-Oct-11,1.40,1.45,1.39,1.42,19417
11-Oct-11,1.36,1.38,1.32,1.38,10926
10-Oct-11,1.33,1.40,1.33,1.35,5200
7-Oct-11,1.30,1.38,1.30,1.33,53548
6-Oct-11,1.35,1.36,1.33,1.34,13715
5-Oct-11,1.25,1.38,1.20,1.34,28884
4-Oct-11,1.24,1.25,1.17,1.24,52596
3-Oct-11,1.23,1.30,1.23,1.25,26551
30-Sep-11,1.19,1.24,1.19,1.24,82123
29-Sep-11,1.23,1.28,1.21,1.22,56706
