Date,Open,High,Low,Close,Volume
26-Sep-12,0.00,0.52,0.52,0.52,0
25-Sep-12,0.50,0.50,0.46,0.50,500
24-Sep-12,0.54,0.57,0.54,0.57,400
21-Sep-12,0.49,0.57,0.49,0.57,1200
20-Sep-12,0.00,0.47,0.47,0.47,0
19-Sep-12,0.47,0.47,0.41,0.47,7089
18-Sep-12,0.48,0.48,0.48,0.48,701
17-Sep-12,0.00,0.48,0.48,0.48,0
14-Sep-12,0.55,0.55,0.46,0.46,4500
13-Sep-12,0.51,0.58,0.50,0.57,1700
12-Sep-12,0.49,0.50,0.47,0.47,5400
11-Sep-12,0.51,0.51,0.47,0.47,400
10-Sep-12,0.55,0.56,0.55,0.56,200
7-Sep-12,0.56,0.57,0.53,0.57,4805
6-Sep-12,0.00,0.54,0.54,0.54,0
5-Sep-12,0.52,0.52,0.52,0.52,524
4-Sep-12,0.58,0.58,0.50,0.50,100
31-Aug-12,0.00,0.51,0.51,0.51,0
30-Aug-12,0.52,0.53,0.51,0.51,800
29-Aug-12,0.00,0.57,0.57,0.57,0
28-Aug-12,0.54,0.55,0.54,0.55,200
27-Aug-12,0.00,0.58,0.58,0.58,0
24-Aug-12,0.59,0.59,0.59,0.59,1400
23-Aug-12,0.59,0.59,0.58,0.58,200
22-Aug-12,0.63,0.66,0.61,0.61,1213
21-Aug-12,0.59,0.74,0.59,0.67,300
20-Aug-12,0.69,0.77,0.68,0.68,300
17-Aug-12,0.70,0.70,0.70,0.70,745
16-Aug-12,0.00,0.74,0.74,0.74,0
15-Aug-12,0.00,0.74,0.74,0.74,0
14-Aug-12,0.00,0.79,0.79,0.79,0
13-Aug-12,0.00,0.78,0.78,0.78,0
10-Aug-12,0.74,0.74,0.74,0.74,100
9-Aug-12,0.00,0.77,0.77,0.77,0
8-Aug-12,0.00,0.80,0.80,0.80,0
7-Aug-12,0.80,0.80,0.80,0.80,1300
6-Aug-12,0.80,0.80,0.79,0.79,200
3-Aug-12,0.84,0.84,0.75,0.75,100
2-Aug-12,0.79,0.80,0.79,0.80,200
1-Aug-12,0.00,0.76,0.76,0.76,0
31-Jul-12,0.71,0.71,0.69,0.71,600
30-Jul-12,0.00,0.76,0.76,0.76,0
27-Jul-12,0.80,0.80,0.72,0.74,4035
26-Jul-12,0.00,0.81,0.81,0.81,0
25-Jul-12,0.83,0.83,0.80,0.80,24800
24-Jul-12,0.84,0.85,0.84,0.85,100
23-Jul-12,0.82,0.82,0.82,0.82,100
20-Jul-12,0.00,0.87,0.87,0.87,0
19-Jul-12,0.00,0.82,0.82,0.82,0
18-Jul-12,0.74,0.80,0.73,0.80,300
17-Jul-12,0.74,0.74,0.70,0.72,200
16-Jul-12,0.75,0.75,0.69,0.72,300
13-Jul-12,0.00,0.76,0.76,0.76,0
12-Jul-12,0.74,0.79,0.73,0.78,850
11-Jul-12,0.72,0.90,0.72,0.80,3800
10-Jul-12,0.76,0.76,0.71,0.71,500
9-Jul-12,0.00,0.72,0.72,0.72,0
6-Jul-12,0.00,0.82,0.82,0.82,0
5-Jul-12,0.00,0.76,0.76,0.76,0
3-Jul-12,0.76,0.82,0.76,0.82,200
2-Jul-12,0.76,0.77,0.76,0.77,200
29-Jun-12,0.83,0.83,0.75,0.75,800
28-Jun-12,0.00,0.83,0.83,0.83,0
27-Jun-12,0.00,0.83,0.83,0.83,0
26-Jun-12,0.89,0.89,0.83,0.83,100
25-Jun-12,0.88,0.88,0.83,0.83,1272
22-Jun-12,0.88,0.90,0.88,0.90,300
21-Jun-12,0.85,0.88,0.82,0.82,600
20-Jun-12,0.84,0.88,0.84,0.88,3300
19-Jun-12,0.89,0.92,0.86,0.86,2625
18-Jun-12,0.86,0.86,0.84,0.84,700
15-Jun-12,0.89,0.90,0.89,0.90,300
14-Jun-12,0.91,0.92,0.86,0.86,8300
13-Jun-12,0.89,0.93,0.87,0.87,1100
12-Jun-12,0.91,0.99,0.89,0.94,1200
11-Jun-12,0.93,0.97,0.93,0.97,200
8-Jun-12,0.86,0.94,0.86,0.94,7562
7-Jun-12,1.03,1.03,0.96,0.99,3862
6-Jun-12,1.16,1.16,1.15,1.15,100
5-Jun-12,1.14,1.25,1.14,1.18,4656
4-Jun-12,0.00,1.14,1.14,1.14,0
1-Jun-12,0.00,1.17,1.17,1.17,0
31-May-12,1.21,1.27,1.21,1.26,200
30-May-12,1.22,1.22,1.22,1.22,100
29-May-12,0.00,1.18,1.18,1.18,0
25-May-12,1.10,1.14,1.10,1.14,830
24-May-12,1.11,1.15,1.11,1.15,700
23-May-12,0.00,1.07,1.07,1.07,0
22-May-12,1.15,1.15,1.08,1.08,300
21-May-12,1.03,1.30,1.03,1.14,3300
18-May-12,1.11,1.11,1.10,1.10,1000
17-May-12,1.29,1.29,1.16,1.18,8899
16-May-12,1.22,1.34,1.21,1.34,2057
15-May-12,1.51,1.53,1.28,1.28,12901
14-May-12,1.35,1.39,1.35,1.39,8900
11-May-12,1.58,1.65,1.30,1.38,43118
10-May-12,1.19,1.43,1.17,1.30,42649
9-May-12,1.04,1.09,1.04,1.08,900
8-May-12,1.15,1.15,1.04,1.05,10009
7-May-12,0.95,1.14,0.95,1.13,7972
4-May-12,0.94,0.97,0.93,0.93,7700
3-May-12,0.92,0.94,0.92,0.92,600
2-May-12,0.92,0.92,0.92,0.92,100
1-May-12,0.90,0.90,0.90,0.90,2000
30-Apr-12,0.85,0.91,0.85,0.90,1000
27-Apr-12,0.00,0.85,0.85,0.85,800
26-Apr-12,0.85,0.86,0.85,0.86,500
25-Apr-12,0.00,0.83,0.83,0.83,0
24-Apr-12,0.83,0.87,0.83,0.86,923
23-Apr-12,0.70,0.79,0.70,0.79,1550
20-Apr-12,0.68,0.68,0.65,0.65,1200
19-Apr-12,0.65,0.66,0.65,0.66,200
18-Apr-12,0.71,0.71,0.65,0.66,500
17-Apr-12,0.66,0.67,0.66,0.67,100
16-Apr-12,0.00,0.65,0.65,0.65,0
13-Apr-12,0.66,0.67,0.66,0.67,900
12-Apr-12,0.00,0.74,0.74,0.74,0
11-Apr-12,0.72,0.72,0.70,0.70,300
10-Apr-12,0.75,0.75,0.70,0.70,900
9-Apr-12,0.79,0.83,0.75,0.75,800
5-Apr-12,0.78,0.82,0.78,0.79,4410
4-Apr-12,0.86,0.86,0.71,0.78,1500
3-Apr-12,0.76,0.80,0.73,0.75,4000
2-Apr-12,0.64,0.64,0.63,0.63,500
30-Mar-12,0.62,0.67,0.62,0.67,100
29-Mar-12,0.73,0.73,0.63,0.66,3100
28-Mar-12,0.71,0.74,0.71,0.73,6100
27-Mar-12,0.71,0.72,0.69,0.72,1500
26-Mar-12,0.58,0.62,0.58,0.62,200
23-Mar-12,0.59,0.59,0.55,0.56,700
22-Mar-12,0.51,0.57,0.51,0.54,600
21-Mar-12,0.50,0.52,0.50,0.50,400
20-Mar-12,0.00,0.49,0.49,0.49,0
19-Mar-12,0.00,0.50,0.50,0.50,0
16-Mar-12,0.46,0.50,0.46,0.47,200
15-Mar-12,0.45,0.49,0.45,0.47,600
14-Mar-12,0.48,0.48,0.43,0.45,1800
13-Mar-12,0.43,0.48,0.43,0.45,400
12-Mar-12,0.46,0.46,0.44,0.46,300
9-Mar-12,0.48,0.48,0.48,0.48,200
8-Mar-12,0.00,0.47,0.47,0.47,0
7-Mar-12,0.47,0.47,0.41,0.41,400
6-Mar-12,0.48,0.48,0.44,0.44,400
5-Mar-12,0.47,0.47,0.47,0.47,5000
2-Mar-12,0.44,0.46,0.44,0.46,100
1-Mar-12,0.43,0.43,0.43,0.43,0
29-Feb-12,0.43,0.43,0.43,0.43,234
28-Feb-12,0.45,0.48,0.45,0.47,2150
27-Feb-12,0.44,0.44,0.44,0.44,1259
24-Feb-12,0.46,0.49,0.45,0.47,300
23-Feb-12,0.50,0.50,0.50,0.50,0
22-Feb-12,0.49,0.50,0.49,0.50,100
21-Feb-12,0.49,0.49,0.49,0.49,100
17-Feb-12,0.54,0.54,0.52,0.53,500
16-Feb-12,0.52,0.52,0.45,0.50,900
15-Feb-12,0.60,0.60,0.56,0.56,100
14-Feb-12,0.57,0.59,0.57,0.59,300
13-Feb-12,0.55,0.71,0.55,0.57,6523
10-Feb-12,0.51,0.56,0.51,0.53,678
9-Feb-12,0.46,0.50,0.46,0.50,1200
8-Feb-12,0.47,0.47,0.43,0.43,700
7-Feb-12,0.47,0.47,0.41,0.47,1070
6-Feb-12,0.41,0.47,0.41,0.45,900
3-Feb-12,0.39,0.42,0.38,0.40,9600
2-Feb-12,0.42,0.42,0.38,0.38,5400
1-Feb-12,0.46,0.46,0.42,0.42,500
31-Jan-12,0.47,0.48,0.47,0.48,100
30-Jan-12,0.46,0.46,0.46,0.46,100
27-Jan-12,0.48,0.48,0.45,0.45,200
26-Jan-12,0.00,0.45,0.45,0.45,0
25-Jan-12,0.46,0.46,0.42,0.42,100
24-Jan-12,0.51,0.51,0.44,0.44,500
23-Jan-12,0.00,0.45,0.45,0.45,0
20-Jan-12,0.46,0.47,0.45,0.45,400
19-Jan-12,0.45,0.46,0.45,0.46,100
18-Jan-12,0.46,0.46,0.43,0.46,400
17-Jan-12,0.00,0.49,0.49,0.49,0
13-Jan-12,0.48,0.48,0.48,0.48,0
12-Jan-12,0.46,0.48,0.45,0.46,2000
11-Jan-12,0.47,0.49,0.47,0.48,200
10-Jan-12,0.48,0.50,0.47,0.48,10800
9-Jan-12,0.49,0.50,0.46,0.46,1100
6-Jan-12,0.47,0.48,0.45,0.47,1000
5-Jan-12,0.47,0.47,0.46,0.47,4700
4-Jan-12,0.49,0.51,0.45,0.45,14200
3-Jan-12,0.56,0.56,0.46,0.49,2200
30-Dec-11,0.46,0.46,0.46,0.46,0
29-Dec-11,0.47,0.49,0.42,0.42,300
28-Dec-11,0.47,0.48,0.46,0.46,300
27-Dec-11,0.41,0.44,0.41,0.44,200
23-Dec-11,0.43,0.43,0.43,0.43,0
20-Dec-11,0.52,0.52,0.41,0.50,9451
19-Dec-11,0.50,0.50,0.49,0.49,600
16-Dec-11,0.40,0.51,0.40,0.48,3300
15-Dec-11,0.49,0.49,0.40,0.49,6200
14-Dec-11,0.46,0.47,0.46,0.47,600
8-Dec-11,0.50,0.51,0.50,0.51,700
7-Dec-11,0.48,0.50,0.48,0.48,10100
6-Dec-11,0.55,0.60,0.45,0.45,19900
5-Dec-11,0.50,0.50,0.47,0.49,12400
2-Dec-11,0.51,0.52,0.48,0.49,15250
1-Dec-11,0.43,0.53,0.41,0.47,11000
30-Nov-11,0.39,0.50,0.38,0.44,38626
29-Nov-11,0.40,0.41,0.37,0.38,1400
28-Nov-11,0.41,0.41,0.40,0.40,3700
25-Nov-11,0.42,0.42,0.40,0.40,385
23-Nov-11,0.42,0.42,0.42,0.42,0
22-Nov-11,0.00,0.38,0.38,0.38,0
21-Nov-11,0.40,0.40,0.39,0.39,300
18-Nov-11,0.36,0.37,0.35,0.37,9360
17-Nov-11,0.29,0.36,0.26,0.36,14500
16-Nov-11,0.35,0.41,0.35,0.39,24075
15-Nov-11,0.75,0.75,0.42,0.43,33500
14-Nov-11,0.76,0.76,0.75,0.75,900
11-Nov-11,0.00,0.79,0.79,0.79,0
10-Nov-11,0.75,0.75,0.74,0.74,2000
9-Nov-11,0.78,0.78,0.70,0.70,100
8-Nov-11,0.71,0.71,0.65,0.70,2400
7-Nov-11,0.80,0.80,0.72,0.72,1030
4-Nov-11,0.00,0.80,0.80,0.80,0
3-Nov-11,0.81,0.81,0.79,0.79,200
2-Nov-11,0.74,0.80,0.71,0.80,4341
1-Nov-11,0.81,0.81,0.80,0.80,465
31-Oct-11,0.76,0.76,0.70,0.70,2900
28-Oct-11,0.80,0.84,0.79,0.79,9200
27-Oct-11,0.82,0.82,0.78,0.78,100
26-Oct-11,0.85,0.85,0.84,0.84,100
25-Oct-11,0.00,0.85,0.85,0.85,0
24-Oct-11,0.00,0.90,0.90,0.90,0
21-Oct-11,0.00,0.92,0.92,0.92,0
20-Oct-11,0.00,0.83,0.83,0.83,0
19-Oct-11,0.90,0.92,0.87,0.92,1200
18-Oct-11,0.87,0.87,0.85,0.85,200
17-Oct-11,0.95,0.99,0.91,0.91,400
14-Oct-11,0.85,0.98,0.85,0.98,100
13-Oct-11,1.03,1.03,0.95,0.95,600
12-Oct-11,0.86,0.99,0.86,0.92,2500
11-Oct-11,0.95,0.95,0.82,0.85,800
10-Oct-11,0.85,1.12,0.84,0.96,11300
7-Oct-11,0.84,0.84,0.81,0.81,100
6-Oct-11,0.84,0.85,0.83,0.83,600
5-Oct-11,0.72,0.80,0.71,0.80,600
4-Oct-11,0.00,0.74,0.74,0.74,0
3-Oct-11,0.00,0.77,0.77,0.77,0
30-Sep-11,0.91,0.98,0.90,0.98,22701
29-Sep-11,1.00,1.00,0.90,0.96,700
