Date,Open,High,Low,Close,Volume
27-Sep-12,5.70,5.77,5.62,5.76,19897
26-Sep-12,5.86,5.86,5.62,5.63,8400
25-Sep-12,5.76,5.90,5.70,5.85,19674
24-Sep-12,5.77,5.81,5.75,5.75,20969
21-Sep-12,5.82,5.82,5.54,5.73,25452
20-Sep-12,5.74,5.76,5.71,5.73,14809
19-Sep-12,5.81,5.81,5.69,5.71,17265
18-Sep-12,5.66,5.75,5.62,5.71,6463
17-Sep-12,5.65,5.72,5.59,5.63,38867
14-Sep-12,5.74,5.74,5.65,5.66,23207
13-Sep-12,5.67,5.75,5.67,5.73,6892
12-Sep-12,5.67,5.69,5.66,5.68,14719
11-Sep-12,5.67,5.85,5.66,5.74,23648
10-Sep-12,5.68,5.69,5.67,5.67,7347
7-Sep-12,5.78,5.78,5.66,5.68,10822
6-Sep-12,5.81,5.81,5.69,5.71,17955
5-Sep-12,5.69,5.72,5.65,5.72,15969
4-Sep-12,5.70,5.71,5.62,5.67,7533
31-Aug-12,5.72,5.75,5.54,5.69,26446
30-Aug-12,5.76,5.76,5.56,5.71,55238
29-Aug-12,5.78,5.85,5.71,5.84,9564
28-Aug-12,5.74,5.87,5.59,5.80,44678
27-Aug-12,5.91,5.91,5.73,5.77,21540
24-Aug-12,5.83,5.91,5.75,5.91,17591
23-Aug-12,5.91,5.92,5.57,5.78,68189
22-Aug-12,5.84,5.86,5.78,5.86,8315
21-Aug-12,5.65,5.99,5.65,5.87,71054
20-Aug-12,5.61,5.70,5.61,5.70,15687
17-Aug-12,5.69,5.69,5.61,5.61,3082
16-Aug-12,5.76,5.76,5.56,5.67,10934
15-Aug-12,5.66,5.75,5.66,5.75,6750
14-Aug-12,5.62,5.76,5.60,5.67,2999
13-Aug-12,5.64,5.66,5.57,5.64,4625
10-Aug-12,5.70,5.77,5.54,5.58,4081
9-Aug-12,5.63,5.74,5.58,5.73,5029
8-Aug-12,5.67,5.67,5.59,5.64,2644
7-Aug-12,5.59,5.64,5.56,5.64,2910
6-Aug-12,5.59,5.60,5.59,5.60,2190
3-Aug-12,5.58,5.63,5.53,5.59,2611
2-Aug-12,5.55,5.58,5.47,5.58,10807
1-Aug-12,5.59,5.60,5.53,5.60,5800
31-Jul-12,5.57,5.58,5.53,5.53,10041
30-Jul-12,5.62,5.62,5.54,5.57,4795
27-Jul-12,5.57,5.69,5.50,5.58,18102
26-Jul-12,5.53,5.54,5.47,5.53,11425
25-Jul-12,5.44,5.47,5.44,5.45,20324
24-Jul-12,5.43,5.46,5.42,5.45,9550
23-Jul-12,5.41,5.48,5.40,5.42,14306
20-Jul-12,5.49,5.51,5.40,5.43,18870
19-Jul-12,5.46,5.51,5.42,5.48,29674
18-Jul-12,5.44,5.49,5.44,5.45,7948
17-Jul-12,5.44,5.47,5.40,5.46,25840
16-Jul-12,5.44,5.48,5.40,5.48,9938
13-Jul-12,5.43,5.49,5.40,5.42,31398
12-Jul-12,5.44,5.49,5.37,5.47,15791
11-Jul-12,5.48,5.48,5.38,5.43,16771
10-Jul-12,5.67,5.68,5.34,5.44,27384
9-Jul-12,5.63,5.65,5.58,5.62,23110
6-Jul-12,5.62,5.62,5.54,5.57,6670
5-Jul-12,5.61,5.61,5.56,5.58,8470
3-Jul-12,5.58,5.60,5.55,5.58,3311
2-Jul-12,5.60,5.63,5.47,5.54,7642
29-Jun-12,5.58,5.61,5.42,5.50,32944
28-Jun-12,5.41,5.46,5.40,5.46,11503
27-Jun-12,5.39,5.53,5.38,5.45,8351
26-Jun-12,5.42,5.45,5.33,5.42,18362
25-Jun-12,5.38,5.50,5.33,5.42,70804
22-Jun-12,5.37,5.40,5.34,5.38,22682
21-Jun-12,5.34,5.44,5.25,5.28,35634
20-Jun-12,5.35,5.40,5.33,5.36,23719
19-Jun-12,5.31,5.43,5.31,5.34,40190
18-Jun-12,5.33,5.43,5.28,5.37,4855
15-Jun-12,5.35,5.36,5.26,5.31,16009
14-Jun-12,5.38,5.39,5.27,5.31,12148
13-Jun-12,5.24,5.40,5.24,5.40,5829
12-Jun-12,5.27,5.42,5.27,5.37,11267
11-Jun-12,5.48,5.51,5.05,5.05,11371
8-Jun-12,5.48,5.48,5.37,5.40,10453
7-Jun-12,5.41,5.51,5.41,5.46,9341
6-Jun-12,5.31,5.65,5.25,5.42,30322
5-Jun-12,5.38,5.38,5.23,5.31,18318
4-Jun-12,5.26,5.34,5.22,5.30,23893
1-Jun-12,5.31,5.34,5.15,5.32,42130
31-May-12,5.41,5.41,5.24,5.31,24844
30-May-12,5.39,5.47,5.32,5.39,5630
29-May-12,5.47,5.54,5.36,5.36,13401
25-May-12,5.42,5.46,5.34,5.42,8405
24-May-12,5.38,5.44,5.28,5.42,18045
23-May-12,5.30,5.43,5.27,5.40,17218
22-May-12,5.30,5.85,5.22,5.35,35301
21-May-12,5.21,5.27,5.19,5.27,10302
18-May-12,5.28,5.28,5.21,5.21,2212
17-May-12,5.32,5.32,5.24,5.25,11281
16-May-12,5.44,5.45,5.32,5.32,7366
15-May-12,5.41,5.42,5.38,5.40,11227
14-May-12,5.49,5.49,5.40,5.44,13240
11-May-12,5.55,5.62,5.48,5.49,9423
10-May-12,5.52,5.58,5.50,5.57,9959
9-May-12,5.54,5.54,5.47,5.47,12392
8-May-12,5.52,5.55,5.49,5.55,11617
7-May-12,5.58,5.59,5.53,5.55,3911
4-May-12,5.61,5.61,5.54,5.58,13332
3-May-12,5.65,5.65,5.57,5.58,8385
2-May-12,5.66,5.66,5.60,5.62,10044
1-May-12,5.63,5.63,5.60,5.63,5096
30-Apr-12,5.54,5.63,5.54,5.63,9103
27-Apr-12,5.66,5.66,5.55,5.55,9445
26-Apr-12,5.57,5.63,5.55,5.63,7417
25-Apr-12,5.56,5.60,5.52,5.54,20470
24-Apr-12,5.53,5.60,5.50,5.57,13607
23-Apr-12,5.52,5.54,5.44,5.49,14114
20-Apr-12,5.56,5.56,5.44,5.52,40973
19-Apr-12,5.51,5.55,5.50,5.52,23326
18-Apr-12,5.58,5.62,5.49,5.54,26094
17-Apr-12,5.56,5.69,5.52,5.58,10727
16-Apr-12,5.47,5.56,5.45,5.49,14839
13-Apr-12,5.53,5.54,5.40,5.50,12897
12-Apr-12,5.53,5.59,5.44,5.51,18115
11-Apr-12,5.66,5.66,5.46,5.49,22102
10-Apr-12,5.59,5.60,5.48,5.57,20250
9-Apr-12,5.54,5.64,5.49,5.63,19960
5-Apr-12,5.52,5.66,5.50,5.66,15178
4-Apr-12,5.64,5.85,5.53,5.57,42135
3-Apr-12,5.92,6.05,5.63,5.67,24756
2-Apr-12,5.85,5.85,5.72,5.85,17525
30-Mar-12,5.66,6.05,5.66,5.87,24822
29-Mar-12,5.83,5.83,5.66,5.69,8852
28-Mar-12,5.83,5.83,5.76,5.82,36947
27-Mar-12,5.78,5.83,5.70,5.83,31182
26-Mar-12,5.65,5.83,5.59,5.75,62908
23-Mar-12,5.66,5.66,5.50,5.56,43793
22-Mar-12,5.58,5.61,5.52,5.61,54854
21-Mar-12,5.55,5.61,5.54,5.60,25130
20-Mar-12,5.60,5.60,5.54,5.59,29959
19-Mar-12,5.64,5.64,5.56,5.57,56570
16-Mar-12,5.55,5.76,5.54,5.68,26367
15-Mar-12,5.63,5.63,5.51,5.58,28810
14-Mar-12,5.50,5.60,5.49,5.53,49125
13-Mar-12,5.63,5.71,5.60,5.64,85437
12-Mar-12,5.60,5.60,5.54,5.58,9754
9-Mar-12,5.59,5.60,5.54,5.57,24493
8-Mar-12,5.56,5.57,5.54,5.56,11071
7-Mar-12,5.54,5.57,5.51,5.56,16558
6-Mar-12,5.63,5.63,5.48,5.48,23196
5-Mar-12,5.66,5.68,5.59,5.63,16008
2-Mar-12,5.72,5.72,5.65,5.71,22584
1-Mar-12,5.70,5.70,5.64,5.65,12025
29-Feb-12,5.71,5.71,5.58,5.66,23862
28-Feb-12,5.68,5.68,5.62,5.67,14825
27-Feb-12,5.69,5.71,5.62,5.69,23301
24-Feb-12,5.64,5.65,5.58,5.65,18788
23-Feb-12,5.63,5.63,5.48,5.60,12921
22-Feb-12,5.52,5.60,5.52,5.60,10711
21-Feb-12,5.62,5.64,5.53,5.54,28874
17-Feb-12,5.57,5.60,5.55,5.59,24244
16-Feb-12,5.56,5.60,5.54,5.54,23871
15-Feb-12,5.52,5.58,5.52,5.56,24672
14-Feb-12,5.60,5.60,5.53,5.54,32950
13-Feb-12,5.60,5.60,5.55,5.59,9241
10-Feb-12,5.60,5.60,5.57,5.57,24497
9-Feb-12,5.57,5.60,5.57,5.60,7075
8-Feb-12,5.59,5.60,5.55,5.60,23869
7-Feb-12,5.55,5.56,5.50,5.56,19856
6-Feb-12,5.54,5.54,5.46,5.51,16327
3-Feb-12,5.50,5.57,5.46,5.55,14460
2-Feb-12,5.42,5.50,5.42,5.50,9688
1-Feb-12,5.45,5.48,5.43,5.45,28512
31-Jan-12,5.45,5.45,5.39,5.42,28119
30-Jan-12,5.38,5.42,5.31,5.42,17349
27-Jan-12,5.36,5.40,5.35,5.40,30226
26-Jan-12,5.43,5.44,5.37,5.37,36912
25-Jan-12,5.38,5.41,5.35,5.38,35748
24-Jan-12,5.35,5.39,5.34,5.34,22903
23-Jan-12,5.36,5.39,5.34,5.37,15992
20-Jan-12,5.31,5.36,5.30,5.36,18603
19-Jan-12,5.39,5.39,5.31,5.31,20140
18-Jan-12,5.35,5.35,5.30,5.33,20702
17-Jan-12,5.40,5.40,5.27,5.32,39001
13-Jan-12,5.31,5.31,5.31,5.31,0
12-Jan-12,5.29,5.29,5.23,5.28,20543
11-Jan-12,5.33,5.33,5.27,5.29,18995
10-Jan-12,5.31,5.34,5.29,5.30,11653
9-Jan-12,5.29,5.30,5.25,5.30,22350
6-Jan-12,5.24,5.30,5.23,5.24,32741
5-Jan-12,5.27,5.29,5.19,5.28,7446
4-Jan-12,5.26,5.26,5.21,5.26,13147
3-Jan-12,5.22,5.26,5.19,5.24,23820
30-Dec-11,5.11,5.11,5.11,5.11,0
29-Dec-11,5.14,5.17,5.05,5.17,23334
28-Dec-11,5.15,5.15,5.05,5.10,79810
27-Dec-11,5.29,5.29,5.15,5.18,50115
23-Dec-11,5.26,5.26,5.26,5.26,0
22-Dec-11,5.30,5.31,5.21,5.31,39823
21-Dec-11,5.19,5.30,5.17,5.30,37661
20-Dec-11,5.25,5.27,5.20,5.22,33769
19-Dec-11,5.20,5.21,5.12,5.17,45677
16-Dec-11,5.22,5.22,5.11,5.17,25540
15-Dec-11,5.21,5.21,5.07,5.14,11243
14-Dec-11,5.17,5.17,5.06,5.13,16734
13-Dec-11,5.20,5.20,5.10,5.14,16155
12-Dec-11,5.24,5.26,5.12,5.17,19783
9-Dec-11,5.27,5.30,5.12,5.21,51490
8-Dec-11,5.30,5.33,5.24,5.33,19448
7-Dec-11,5.27,5.36,5.23,5.36,25708
6-Dec-11,5.33,5.33,5.25,5.31,19725
5-Dec-11,5.40,5.40,5.27,5.38,8979
2-Dec-11,5.31,5.32,5.17,5.29,30208
1-Dec-11,5.21,5.26,5.21,5.25,19402
30-Nov-11,5.14,5.23,5.12,5.22,19246
29-Nov-11,5.09,5.13,5.00,5.02,18983
28-Nov-11,5.17,5.17,5.06,5.12,12752
25-Nov-11,5.03,5.09,4.98,5.05,13469
23-Nov-11,5.03,5.03,5.03,5.03,0
22-Nov-11,5.09,5.10,5.07,5.08,13775
21-Nov-11,5.09,5.13,4.97,5.07,34048
18-Nov-11,5.18,5.23,5.07,5.07,15748
17-Nov-11,5.14,5.19,5.10,5.11,51744
16-Nov-11,5.22,5.23,5.11,5.19,34880
15-Nov-11,5.13,5.22,5.13,5.17,18394
14-Nov-11,5.21,5.28,5.18,5.18,22056
11-Nov-11,5.28,5.29,5.21,5.21,16306
10-Nov-11,5.29,5.32,5.20,5.20,17473
9-Nov-11,5.33,5.33,5.21,5.25,18910
8-Nov-11,5.29,5.36,5.29,5.33,9825
7-Nov-11,5.32,5.37,5.17,5.25,12813
4-Nov-11,5.31,5.35,5.27,5.30,19204
3-Nov-11,5.42,5.42,5.28,5.40,39172
2-Nov-11,5.32,5.34,5.27,5.34,18117
1-Nov-11,5.25,5.26,5.20,5.22,11921
31-Oct-11,5.38,5.40,5.31,5.32,21109
28-Oct-11,5.28,5.41,5.28,5.41,15319
27-Oct-11,5.37,5.39,5.28,5.36,26711
26-Oct-11,5.28,5.28,5.17,5.28,18795
25-Oct-11,5.23,5.25,5.19,5.22,22770
24-Oct-11,5.30,5.30,5.23,5.27,7850
21-Oct-11,5.23,5.27,5.19,5.25,12498
20-Oct-11,5.22,5.23,5.11,5.23,25153
19-Oct-11,5.07,5.21,5.07,5.16,38414
18-Oct-11,5.06,5.14,5.06,5.08,27903
17-Oct-11,5.14,5.14,5.07,5.07,8277
14-Oct-11,5.10,5.10,5.06,5.10,19709
13-Oct-11,5.13,5.15,4.93,5.10,28025
12-Oct-11,5.03,5.11,5.03,5.09,9034
11-Oct-11,5.02,5.06,5.02,5.02,4539
10-Oct-11,5.01,5.08,4.97,5.08,2888
7-Oct-11,5.01,5.05,4.90,5.00,30523
6-Oct-11,4.86,5.03,4.84,5.01,24698
5-Oct-11,4.75,4.96,4.72,4.90,36598
4-Oct-11,4.98,4.98,4.72,4.72,60347
3-Oct-11,5.06,5.09,4.98,5.02,23208
30-Sep-11,5.11,5.13,5.05,5.10,19250
