Date,Open,High,Low,Close,Volume
27-Sep-12,10.14,10.52,9.62,9.71,1176316
26-Sep-12,9.89,10.04,9.83,9.86,435836
25-Sep-12,10.25,10.28,9.94,10.04,350142
24-Sep-12,10.06,10.38,10.06,10.22,352651
21-Sep-12,10.40,10.54,9.87,10.03,399091
20-Sep-12,10.41,10.58,10.20,10.36,384804
19-Sep-12,11.28,11.35,10.32,10.45,628304
18-Sep-12,11.23,11.51,11.14,11.25,298342
17-Sep-12,11.25,11.39,11.17,11.31,289633
14-Sep-12,11.21,11.50,11.05,11.29,411760
13-Sep-12,10.90,11.32,10.73,11.12,709113
12-Sep-12,10.74,10.96,10.38,10.83,520038
11-Sep-12,10.64,10.79,10.42,10.72,436483
10-Sep-12,10.29,10.62,10.10,10.50,636363
7-Sep-12,10.06,10.45,9.98,10.31,761579
6-Sep-12,10.15,10.24,9.87,10.11,683196
5-Sep-12,10.25,10.44,10.10,10.13,123691
4-Sep-12,10.31,10.48,10.15,10.26,89432
31-Aug-12,10.37,10.55,10.20,10.42,159776
30-Aug-12,10.10,10.43,10.00,10.25,154627
29-Aug-12,9.98,10.26,9.81,10.16,251096
28-Aug-12,10.50,10.50,9.82,9.95,464007
27-Aug-12,10.20,10.58,10.00,10.30,277954
24-Aug-12,10.24,10.36,10.13,10.20,71310
23-Aug-12,10.39,10.39,10.21,10.24,111419
22-Aug-12,10.43,10.91,10.07,10.35,238481
21-Aug-12,10.45,10.82,10.35,10.43,122963
20-Aug-12,10.41,10.64,10.29,10.44,230092
17-Aug-12,10.50,10.62,10.38,10.41,37044
16-Aug-12,10.25,10.46,10.14,10.41,38138
15-Aug-12,10.27,10.51,10.01,10.24,78056
14-Aug-12,10.46,10.46,9.93,10.31,73957
13-Aug-12,10.68,10.77,10.28,10.42,40880
10-Aug-12,11.25,11.43,10.56,10.64,69793
9-Aug-12,10.87,11.43,10.87,11.34,24463
8-Aug-12,10.47,10.94,10.47,10.91,119275
7-Aug-12,11.11,11.22,10.43,10.53,88850
6-Aug-12,11.03,11.26,10.99,11.08,58961
3-Aug-12,10.94,11.16,10.89,10.99,67093
2-Aug-12,11.00,11.45,10.41,10.78,530349
1-Aug-12,10.08,10.30,9.87,10.00,456858
31-Jul-12,9.89,10.09,9.76,10.03,356046
30-Jul-12,10.29,10.41,9.82,9.95,208079
27-Jul-12,10.11,10.41,10.05,10.32,156135
26-Jul-12,10.15,10.39,9.93,10.00,164075
25-Jul-12,10.01,10.48,9.85,10.03,253200
24-Jul-12,10.21,10.45,9.72,9.98,252357
23-Jul-12,10.43,10.43,10.05,10.16,209693
20-Jul-12,11.33,11.55,10.40,10.66,466524
19-Jul-12,11.59,11.91,11.33,11.39,168811
18-Jul-12,11.84,12.14,11.19,11.52,266362
17-Jul-12,11.91,12.15,11.45,11.93,215226
16-Jul-12,11.82,11.90,11.65,11.83,60913
13-Jul-12,11.97,12.18,11.72,11.86,115480
12-Jul-12,12.35,12.52,11.85,11.97,112946
11-Jul-12,13.25,13.33,12.16,12.50,211309
10-Jul-12,13.65,13.94,13.15,13.33,44227
9-Jul-12,13.78,13.92,13.40,13.60,61444
6-Jul-12,14.12,14.34,13.73,13.84,85953
5-Jul-12,14.06,14.35,13.91,14.14,103492
3-Jul-12,13.55,14.20,13.55,14.06,98805
2-Jul-12,13.02,13.96,12.99,13.57,169884
29-Jun-12,12.95,13.02,12.69,13.01,229664
28-Jun-12,12.60,12.72,12.38,12.61,39297
27-Jun-12,12.59,12.94,12.54,12.67,83803
26-Jun-12,12.65,12.80,11.93,12.55,142875
25-Jun-12,12.57,12.93,12.43,12.66,101437
22-Jun-12,11.88,12.74,11.88,12.66,248309
21-Jun-12,12.64,12.92,11.81,11.86,90278
20-Jun-12,12.84,13.04,12.26,12.69,87716
19-Jun-12,12.75,13.12,12.19,12.80,142209
18-Jun-12,12.19,12.67,12.09,12.54,82346
15-Jun-12,11.74,12.31,11.42,12.18,144945
14-Jun-12,11.53,11.96,11.53,11.70,116964
13-Jun-12,11.99,12.34,11.36,11.50,220136
12-Jun-12,12.67,12.98,11.82,12.09,180096
11-Jun-12,12.94,13.42,12.64,12.67,95795
8-Jun-12,12.60,12.89,12.45,12.80,45228
7-Jun-12,12.68,13.00,12.53,12.62,69820
6-Jun-12,11.95,12.62,11.95,12.53,80795
5-Jun-12,12.57,12.79,11.74,11.87,264540
4-Jun-12,13.06,13.38,12.55,12.59,134096
1-Jun-12,13.44,13.45,13.03,13.05,109472
31-May-12,14.00,14.00,13.51,13.61,120535
30-May-12,13.90,14.03,13.90,13.99,57768
29-May-12,14.10,14.10,13.94,14.01,116679
25-May-12,14.02,14.10,13.84,14.03,62899
24-May-12,13.94,14.20,13.73,13.99,79779
23-May-12,13.90,14.02,13.72,13.94,116146
22-May-12,13.95,14.23,13.72,13.97,153694
21-May-12,13.52,13.96,13.50,13.95,125553
18-May-12,13.72,14.11,13.50,13.57,97703
17-May-12,13.77,14.19,13.67,13.75,81046
16-May-12,13.99,14.20,13.69,13.78,168064
15-May-12,14.20,14.20,13.88,13.97,181671
14-May-12,13.99,14.23,13.60,14.15,139990
11-May-12,14.54,14.54,12.34,14.13,581859
10-May-12,12.60,12.89,12.57,12.83,89949
9-May-12,12.37,12.81,12.37,12.50,326952
8-May-12,13.25,13.25,12.33,12.55,235124
7-May-12,13.28,13.54,13.08,13.33,48065
4-May-12,13.73,13.81,13.17,13.26,104244
3-May-12,14.24,14.24,13.63,13.85,68950
2-May-12,13.94,14.20,13.94,14.18,60182
1-May-12,13.84,14.26,13.84,14.09,169252
30-Apr-12,13.93,14.31,13.40,13.85,200399
27-Apr-12,14.51,14.61,13.72,13.88,178542
26-Apr-12,14.61,14.79,14.23,14.53,66812
25-Apr-12,14.57,15.04,14.54,14.60,168889
24-Apr-12,14.60,14.74,14.10,14.32,199045
23-Apr-12,14.56,14.76,13.81,14.64,227623
20-Apr-12,14.83,14.93,14.57,14.68,60147
19-Apr-12,14.68,14.90,14.38,14.70,122414
18-Apr-12,14.66,14.87,14.50,14.68,122320
17-Apr-12,14.57,14.87,14.19,14.66,98608
16-Apr-12,14.47,14.63,13.57,14.53,229711
13-Apr-12,14.75,14.97,14.35,14.44,67076
12-Apr-12,14.74,14.90,14.61,14.76,85856
11-Apr-12,14.50,14.91,14.38,14.69,133188
10-Apr-12,14.68,14.76,14.10,14.43,247610
9-Apr-12,14.79,15.00,14.59,14.66,148980
5-Apr-12,15.00,15.20,14.88,14.96,64457
4-Apr-12,15.30,15.35,14.82,15.01,123174
3-Apr-12,14.98,15.49,14.98,15.40,266202
2-Apr-12,14.96,15.00,14.76,14.93,141025
30-Mar-12,14.72,15.11,14.41,14.95,535050
29-Mar-12,15.23,15.49,14.36,14.58,275049
28-Mar-12,14.92,15.40,14.53,15.33,404371
27-Mar-12,14.45,14.99,14.41,14.90,408888
26-Mar-12,14.05,14.45,14.05,14.43,153167
23-Mar-12,13.98,14.32,13.83,13.99,75958
22-Mar-12,14.00,14.35,13.83,13.97,146623
21-Mar-12,14.01,14.10,13.85,14.06,107158
20-Mar-12,13.86,14.05,13.75,13.99,158723
19-Mar-12,13.94,13.99,13.57,13.91,83488
16-Mar-12,13.77,14.04,13.75,13.87,240037
15-Mar-12,13.81,14.05,13.44,13.85,274632
14-Mar-12,13.94,13.97,13.62,13.81,196615
13-Mar-12,14.20,14.30,13.57,13.94,706658
12-Mar-12,13.58,13.99,13.46,13.98,330711
9-Mar-12,13.43,13.66,13.28,13.58,257970
8-Mar-12,13.29,13.40,12.97,13.35,103879
7-Mar-12,14.00,14.08,13.03,13.21,386011
6-Mar-12,13.66,13.80,13.31,13.69,157403
5-Mar-12,13.62,13.87,13.48,13.80,181291
2-Mar-12,13.55,13.72,13.30,13.61,176554
1-Mar-12,13.25,13.62,13.15,13.57,184639
29-Feb-12,13.16,13.38,13.00,13.15,136717
28-Feb-12,13.36,13.48,12.97,13.17,249995
27-Feb-12,13.08,13.43,12.77,13.37,386858
24-Feb-12,13.21,13.31,13.15,13.23,305387
23-Feb-12,14.25,14.49,13.12,13.19,554713
22-Feb-12,13.25,13.46,13.17,13.18,392017
21-Feb-12,13.61,13.69,13.14,13.25,376415
17-Feb-12,13.64,13.75,13.45,13.52,292661
16-Feb-12,13.50,13.75,13.35,13.67,349796
15-Feb-12,13.73,13.73,13.14,13.47,551944
14-Feb-12,13.74,13.75,13.51,13.60,292160
13-Feb-12,13.65,13.75,13.32,13.66,821900
10-Feb-12,13.15,13.35,13.10,13.14,237610
9-Feb-12,13.48,13.48,13.10,13.22,244722
8-Feb-12,13.02,13.53,13.00,13.20,399726
7-Feb-12,13.10,13.18,13.00,13.01,343802
6-Feb-12,13.19,13.35,13.01,13.03,358985
3-Feb-12,13.43,13.50,13.00,13.09,1162041
