Date,Open,High,Low,Close,Volume
26-Sep-12,10.63,10.79,10.63,10.75,58232
25-Sep-12,10.78,10.78,10.57,10.61,66073
24-Sep-12,10.65,10.77,10.62,10.73,45421
21-Sep-12,10.50,10.76,10.46,10.71,84897
20-Sep-12,10.48,10.49,10.22,10.28,13937
19-Sep-12,10.69,10.69,10.36,10.54,16961
18-Sep-12,10.57,10.76,10.46,10.63,18620
17-Sep-12,10.58,10.65,10.45,10.64,13523
14-Sep-12,10.49,10.83,10.49,10.64,13399
13-Sep-12,9.99,10.44,9.99,10.42,39966
12-Sep-12,10.10,10.22,9.96,10.00,41875
11-Sep-12,10.06,10.11,10.03,10.09,15234
10-Sep-12,10.22,10.30,10.04,10.05,19034
7-Sep-12,10.29,10.38,10.17,10.26,36835
6-Sep-12,10.26,10.50,10.12,10.30,140422
5-Sep-12,10.26,10.27,10.15,10.18,42694
4-Sep-12,10.09,10.28,9.99,10.20,103950
31-Aug-12,10.09,10.24,9.95,10.13,109236
30-Aug-12,10.07,10.12,10.00,10.01,17599
29-Aug-12,10.00,10.15,9.87,10.15,169703
28-Aug-12,10.07,10.27,9.92,10.07,28966
27-Aug-12,10.13,10.31,10.01,10.08,22838
24-Aug-12,9.95,10.15,9.85,10.07,17248
23-Aug-12,10.22,10.22,9.97,10.02,23223
22-Aug-12,10.39,10.42,10.22,10.22,7026
21-Aug-12,10.44,10.69,10.30,10.34,36936
20-Aug-12,10.15,10.50,10.09,10.40,25358
17-Aug-12,10.03,10.27,9.94,10.20,79852
16-Aug-12,9.80,10.09,9.66,10.07,27965
15-Aug-12,9.55,9.78,9.55,9.78,23392
14-Aug-12,9.60,9.66,9.50,9.54,19859
13-Aug-12,9.72,9.80,9.42,9.55,41539
10-Aug-12,9.80,9.80,9.67,9.70,13614
9-Aug-12,10.01,10.01,9.71,9.76,13567
8-Aug-12,10.08,10.15,9.97,9.99,12531
7-Aug-12,10.17,10.64,10.12,10.15,34881
6-Aug-12,10.30,10.55,10.09,10.10,32393
3-Aug-12,9.78,10.34,9.77,10.24,90883
2-Aug-12,9.04,9.38,9.04,9.29,42339
1-Aug-12,9.46,9.55,9.08,9.09,61943
31-Jul-12,9.75,9.95,9.39,9.42,82599
30-Jul-12,10.13,10.13,9.83,9.87,18267
27-Jul-12,9.80,10.15,9.78,10.11,56294
26-Jul-12,9.68,9.84,9.62,9.78,24313
25-Jul-12,9.52,9.63,9.26,9.49,32521
24-Jul-12,9.87,9.87,9.37,9.40,46375
23-Jul-12,9.83,9.87,9.75,9.80,31757
20-Jul-12,10.20,10.20,9.94,9.95,56886
19-Jul-12,10.60,10.62,10.25,10.28,39769
18-Jul-12,10.88,10.99,10.45,10.63,87495
17-Jul-12,10.98,11.00,10.83,10.93,51859
16-Jul-12,10.72,11.00,10.57,10.97,54230
13-Jul-12,10.47,10.84,10.41,10.77,54771
12-Jul-12,10.54,10.54,10.30,10.38,63827
11-Jul-12,10.56,10.73,10.46,10.63,66943
10-Jul-12,10.76,10.76,10.49,10.57,43115
9-Jul-12,10.74,10.83,10.61,10.64,38393
6-Jul-12,10.81,10.96,10.72,10.81,32539
5-Jul-12,10.86,10.97,10.72,10.96,40823
3-Jul-12,10.61,10.93,10.53,10.93,34880
2-Jul-12,10.51,10.67,10.31,10.66,65730
29-Jun-12,10.28,10.52,10.11,10.52,102481
28-Jun-12,10.09,10.12,9.90,10.11,49897
27-Jun-12,10.13,10.28,9.97,10.18,31753
26-Jun-12,10.08,10.36,10.00,10.13,38554
25-Jun-12,9.81,10.10,9.23,10.04,62738
22-Jun-12,9.91,10.25,9.85,10.05,656367
21-Jun-12,9.92,10.03,9.58,9.84,66910
20-Jun-12,9.95,10.00,9.82,9.95,23829
19-Jun-12,9.87,10.08,9.85,9.99,48143
18-Jun-12,9.88,10.00,9.78,9.82,62681
15-Jun-12,9.81,10.00,9.65,9.96,115043
14-Jun-12,9.72,9.95,9.56,9.86,62871
13-Jun-12,9.55,9.90,9.53,9.73,62299
12-Jun-12,9.37,9.67,9.24,9.60,58107
11-Jun-12,9.40,9.62,9.22,9.27,84613
8-Jun-12,8.88,9.41,8.88,9.31,52895
7-Jun-12,9.22,9.22,9.00,9.04,51304
6-Jun-12,9.00,9.14,8.92,9.14,41430
5-Jun-12,8.94,9.15,8.88,8.93,32368
4-Jun-12,8.80,9.08,8.80,9.04,53864
1-Jun-12,8.71,9.06,8.71,8.76,42407
31-May-12,8.89,9.07,8.85,8.99,74348
30-May-12,8.95,9.12,8.87,8.90,26487
29-May-12,9.20,9.20,8.98,9.06,25637
25-May-12,9.06,9.13,9.00,9.11,29377
24-May-12,9.14,9.15,8.94,9.03,53920
23-May-12,8.68,9.10,8.68,9.02,39666
22-May-12,9.12,9.25,8.69,8.84,45227
21-May-12,9.05,9.28,8.94,9.16,69820
18-May-12,9.03,9.17,8.96,9.03,54291
17-May-12,9.06,9.26,9.00,9.04,45546
16-May-12,9.18,9.26,9.06,9.07,28954
15-May-12,9.15,9.25,9.05,9.07,43711
14-May-12,8.93,9.14,8.93,9.11,41003
11-May-12,9.12,9.25,8.96,9.06,43147
10-May-12,9.37,9.37,9.16,9.24,17113
9-May-12,9.31,9.47,9.23,9.23,25729
8-May-12,8.90,9.53,8.90,9.50,59582
7-May-12,8.86,9.13,8.82,9.00,43861
4-May-12,8.98,9.06,8.80,8.88,51286
3-May-12,9.06,9.15,8.90,9.05,42466
2-May-12,8.91,9.16,8.86,9.12,44659
1-May-12,9.15,9.40,8.94,8.98,51485
30-Apr-12,9.63,9.63,9.12,9.14,46447
27-Apr-12,9.33,9.74,9.19,9.69,31868
26-Apr-12,9.35,9.39,9.20,9.34,17266
25-Apr-12,9.11,9.55,9.06,9.43,42513
24-Apr-12,9.12,9.30,9.12,9.22,44761
23-Apr-12,9.16,9.41,9.05,9.14,46242
20-Apr-12,9.58,9.58,9.02,9.40,81909
19-Apr-12,9.04,9.19,8.70,8.75,50105
18-Apr-12,9.18,9.31,8.95,9.00,29491
17-Apr-12,9.15,9.38,9.10,9.28,38345
16-Apr-12,8.97,9.14,8.97,9.03,24989
13-Apr-12,9.21,9.25,8.88,8.95,39591
12-Apr-12,9.05,9.42,8.99,9.32,33581
11-Apr-12,8.91,9.18,8.91,9.07,35493
10-Apr-12,9.00,9.18,8.75,8.76,52742
9-Apr-12,9.01,9.23,9.00,9.00,36537
5-Apr-12,9.51,9.68,9.21,9.23,17761
4-Apr-12,9.57,9.68,9.57,9.60,37037
3-Apr-12,10.08,10.08,9.69,9.75,28603
2-Apr-12,9.79,10.14,9.79,10.14,30894
30-Mar-12,10.18,10.18,9.85,9.85,41403
29-Mar-12,10.08,10.15,9.91,10.05,22792
28-Mar-12,9.88,10.24,9.88,10.21,34930
27-Mar-12,9.99,10.06,9.77,9.78,32789
26-Mar-12,9.81,10.00,9.66,9.99,50553
23-Mar-12,9.33,9.72,9.25,9.67,43586
22-Mar-12,9.30,9.39,9.08,9.32,35948
21-Mar-12,9.42,9.52,9.24,9.45,53100
20-Mar-12,9.38,9.55,9.34,9.34,31426
19-Mar-12,9.21,9.66,9.13,9.50,57795
16-Mar-12,9.33,9.33,9.17,9.22,63657
15-Mar-12,9.31,9.33,9.06,9.29,36004
14-Mar-12,9.51,9.57,9.25,9.30,40972
13-Mar-12,9.15,9.70,9.04,9.56,58653
12-Mar-12,9.08,9.12,8.90,9.03,26824
9-Mar-12,8.78,9.16,8.70,9.05,66551
8-Mar-12,8.69,8.90,8.49,8.81,42923
7-Mar-12,8.47,8.63,8.38,8.63,54486
6-Mar-12,8.49,8.57,8.38,8.47,39945
5-Mar-12,8.28,8.62,8.28,8.60,32396
2-Mar-12,8.60,8.64,8.16,8.33,82490
1-Mar-12,8.74,8.90,8.57,8.57,32195
29-Feb-12,9.05,9.10,8.62,8.63,62712
28-Feb-12,9.03,9.07,8.96,9.04,25083
27-Feb-12,9.03,9.18,8.94,9.07,25728
24-Feb-12,9.52,9.54,9.14,9.14,26338
23-Feb-12,9.18,9.52,9.11,9.52,24604
22-Feb-12,9.38,9.43,9.14,9.16,36262
21-Feb-12,9.43,9.51,9.29,9.40,27446
17-Feb-12,9.50,9.51,9.38,9.40,22784
16-Feb-12,9.10,9.51,9.02,9.48,69528
15-Feb-12,9.18,9.18,8.99,9.04,37137
14-Feb-12,9.29,9.29,8.99,9.10,24510
13-Feb-12,9.30,9.48,9.30,9.36,49988
10-Feb-12,9.50,9.60,9.24,9.24,34781
9-Feb-12,9.89,9.92,9.56,9.58,23682
8-Feb-12,9.87,10.00,9.76,9.87,47762
7-Feb-12,9.66,9.90,9.52,9.82,33694
6-Feb-12,9.90,9.90,9.58,9.66,45940
3-Feb-12,9.71,10.00,9.56,10.00,77778
2-Feb-12,9.71,9.71,9.39,9.71,52255
1-Feb-12,9.56,9.72,9.34,9.72,62028
31-Jan-12,9.62,9.62,9.42,9.50,30279
30-Jan-12,9.44,9.63,9.36,9.49,32957
27-Jan-12,9.59,9.59,9.59,9.59,0
26-Jan-12,9.47,9.52,9.18,9.50,38488
25-Jan-12,9.14,9.45,8.88,9.41,39955
24-Jan-12,8.82,9.24,8.82,9.19,34435
23-Jan-12,8.91,9.11,8.86,8.92,15404
20-Jan-12,8.71,9.09,8.70,9.01,26624
19-Jan-12,9.02,9.02,8.64,8.76,34553
18-Jan-12,8.68,8.96,8.53,8.93,56860
17-Jan-12,8.59,8.75,8.42,8.64,45536
13-Jan-12,8.54,8.54,8.54,8.54,0
12-Jan-12,8.39,8.39,8.39,8.39,0
11-Jan-12,8.50,8.52,8.30,8.47,44697
10-Jan-12,8.65,8.65,8.46,8.53,35114
9-Jan-12,8.70,8.70,8.40,8.45,46489
6-Jan-12,8.70,8.81,8.60,8.67,38228
5-Jan-12,8.71,8.71,8.71,8.71,0
4-Jan-12,8.47,8.71,8.42,8.66,36787
3-Jan-12,8.52,8.52,8.52,8.52,0
30-Dec-11,8.21,8.21,8.21,8.21,0
29-Dec-11,8.48,8.56,8.35,8.51,37350
28-Dec-11,8.52,8.61,8.33,8.41,36177
27-Dec-11,8.55,8.67,8.52,8.59,21842
23-Dec-11,8.58,8.58,8.58,8.58,0
22-Dec-11,8.67,8.81,8.55,8.79,25102
21-Dec-11,8.61,8.67,8.42,8.64,18092
20-Dec-11,8.35,8.68,8.28,8.64,65736
19-Dec-11,8.36,8.36,8.06,8.10,46170
16-Dec-11,8.49,8.62,8.24,8.24,93824
15-Dec-11,8.53,8.53,8.24,8.38,28498
14-Dec-11,7.79,8.39,7.79,8.35,57132
13-Dec-11,8.26,8.37,7.84,7.89,41785
12-Dec-11,8.11,8.11,8.11,8.11,0
9-Dec-11,8.00,8.59,8.00,8.49,53269
8-Dec-11,8.43,8.43,7.90,7.93,44767
7-Dec-11,8.32,8.65,8.11,8.53,34482
6-Dec-11,8.50,8.70,8.25,8.51,46625
5-Dec-11,8.31,8.55,8.10,8.52,55764
2-Dec-11,8.13,8.21,8.00,8.13,28786
1-Dec-11,8.18,8.32,7.83,7.95,46042
30-Nov-11,7.77,8.24,7.64,8.24,154535
29-Nov-11,7.45,7.57,7.32,7.40,32570
28-Nov-11,7.34,7.34,7.34,7.34,0
25-Nov-11,7.09,7.60,7.08,7.23,16827
23-Nov-11,7.16,7.16,7.16,7.16,0
22-Nov-11,7.77,7.90,7.17,7.35,88803
21-Nov-11,7.81,7.96,7.70,7.76,38316
18-Nov-11,7.78,8.05,7.59,8.01,39084
17-Nov-11,7.93,8.13,7.76,7.77,38230
16-Nov-11,7.98,8.25,7.90,7.90,40912
15-Nov-11,7.80,8.10,7.57,8.04,68153
14-Nov-11,7.85,7.85,7.85,7.85,0
11-Nov-11,8.13,8.31,8.08,8.30,53841
10-Nov-11,8.07,8.28,7.99,8.03,24700
9-Nov-11,8.43,8.48,7.90,7.90,72608
8-Nov-11,8.55,8.79,8.28,8.72,31132
7-Nov-11,8.27,8.56,8.10,8.49,33795
4-Nov-11,8.36,8.40,8.17,8.29,22259
3-Nov-11,8.42,8.54,8.12,8.51,53444
2-Nov-11,8.10,8.10,8.10,8.10,0
1-Nov-11,8.42,8.89,7.86,7.90,48173
31-Oct-11,9.03,9.20,8.80,8.85,46633
28-Oct-11,9.19,9.46,8.91,9.26,72469
27-Oct-11,8.55,9.30,8.10,9.30,139156
26-Oct-11,8.36,8.38,8.13,8.37,48863
25-Oct-11,8.36,8.47,8.11,8.15,42213
24-Oct-11,8.31,8.48,8.12,8.47,68313
21-Oct-11,8.09,8.32,7.96,8.24,61752
20-Oct-11,8.02,8.10,7.80,7.90,31325
19-Oct-11,8.38,8.42,7.99,8.03,53085
18-Oct-11,8.01,8.43,7.97,8.39,60991
17-Oct-11,8.16,8.17,7.92,7.93,54968
14-Oct-11,8.22,8.33,7.97,8.32,53107
13-Oct-11,8.02,8.17,7.75,8.11,32589
12-Oct-11,7.89,8.28,7.76,8.10,65204
11-Oct-11,7.66,7.85,7.53,7.85,61011
10-Oct-11,7.60,7.71,7.37,7.70,83267
7-Oct-11,8.03,8.03,7.37,7.43,67023
6-Oct-11,7.92,8.05,7.78,7.99,47996
5-Oct-11,8.16,8.16,7.77,7.99,49913
4-Oct-11,6.88,8.44,6.88,8.20,100801
3-Oct-11,7.34,7.63,6.90,6.90,63844
30-Sep-11,7.42,7.72,7.40,7.45,63868
29-Sep-11,7.50,7.65,7.15,7.57,39002
