Date,Open,High,Low,Close,Volume
27-Sep-12,42.87,43.05,42.65,43.04,3427920
26-Sep-12,42.83,42.95,42.30,42.37,3956944
25-Sep-12,43.48,43.60,43.00,43.01,4997352
24-Sep-12,42.99,43.26,42.83,43.26,3500503
21-Sep-12,43.26,43.39,42.97,43.00,3368337
20-Sep-12,43.07,43.41,42.67,43.29,4772599
19-Sep-12,43.03,43.37,42.75,43.09,4114263
18-Sep-12,42.66,43.02,42.62,42.87,6482966
17-Sep-12,43.85,44.16,43.09,43.27,10434244
14-Sep-12,43.80,43.95,43.56,43.86,8227816
13-Sep-12,42.75,43.74,42.62,43.62,6488660
12-Sep-12,42.46,42.72,42.35,42.58,4112276
11-Sep-12,42.31,42.85,42.27,42.57,11676698
10-Sep-12,42.02,42.24,41.90,42.04,6000444
7-Sep-12,41.13,41.98,41.06,41.93,5601995
6-Sep-12,40.44,41.31,40.44,41.18,4987075
5-Sep-12,40.48,40.86,40.33,40.36,8332421
4-Sep-12,42.04,42.15,41.55,41.63,2319382
31-Aug-12,42.26,42.39,41.90,42.06,3425804
30-Aug-12,42.06,42.07,41.72,41.91,2500357
29-Aug-12,42.13,42.26,41.96,41.97,2269287
28-Aug-12,42.09,42.23,42.01,42.18,3073798
27-Aug-12,42.19,42.55,42.15,42.20,2607974
24-Aug-12,41.96,42.34,41.86,42.19,3388284
23-Aug-12,42.60,42.60,42.22,42.25,2983584
22-Aug-12,42.40,42.70,42.25,42.64,3425322
21-Aug-12,42.67,42.80,42.31,42.40,3706345
20-Aug-12,42.63,42.72,42.42,42.69,2431237
17-Aug-12,42.87,42.87,42.66,42.73,470295
16-Aug-12,42.51,42.83,42.39,42.74,439280
15-Aug-12,42.37,42.51,42.29,42.42,501648
14-Aug-12,42.31,42.53,42.10,42.19,660861
13-Aug-12,42.17,42.36,42.03,42.08,421135
10-Aug-12,41.93,42.46,41.80,42.40,508939
9-Aug-12,41.90,42.35,41.88,42.21,776707
8-Aug-12,42.07,42.40,42.01,42.25,703796
7-Aug-12,42.24,42.62,42.12,42.51,1366071
6-Aug-12,41.11,41.60,41.07,41.46,778718
3-Aug-12,40.66,41.13,40.61,41.04,983326
2-Aug-12,40.04,40.47,39.72,39.95,6492877
1-Aug-12,39.80,40.39,39.50,40.15,8788968
31-Jul-12,39.98,40.45,39.81,39.90,13362391
30-Jul-12,41.82,42.05,41.71,41.82,5252026
27-Jul-12,41.38,41.67,41.03,41.55,7427981
26-Jul-12,40.70,41.01,40.54,40.91,6501383
25-Jul-12,39.84,41.03,39.70,39.88,5229508
24-Jul-12,40.32,40.37,39.42,39.81,5014887
23-Jul-12,40.02,40.46,39.79,40.40,5166265
20-Jul-12,41.30,41.56,41.20,41.55,5021259
19-Jul-12,41.78,41.99,41.62,41.86,4747694
18-Jul-12,41.48,41.84,41.35,41.74,4886245
17-Jul-12,41.69,41.70,41.29,41.69,7774345
16-Jul-12,41.38,41.50,41.05,41.35,6676487
13-Jul-12,40.53,41.05,40.49,40.95,6472009
12-Jul-12,40.26,40.41,40.04,40.30,6874564
11-Jul-12,40.05,40.48,39.92,40.29,4353782
10-Jul-12,40.12,40.12,39.43,39.65,4031292
9-Jul-12,39.47,39.67,39.13,39.67,3067717
6-Jul-12,39.89,40.05,39.54,39.63,5689094
5-Jul-12,40.57,40.64,40.25,40.35,4119697
3-Jul-12,40.48,40.89,40.47,40.81,4142301
2-Jul-12,40.57,40.72,40.25,40.69,5062050
29-Jun-12,40.00,40.59,39.62,40.54,10575582
28-Jun-12,37.95,38.55,37.81,38.53,4139781
27-Jun-12,37.78,38.35,37.77,38.24,5403649
26-Jun-12,37.97,38.00,37.56,37.81,6097903
25-Jun-12,37.77,37.77,37.46,37.66,4565453
22-Jun-12,38.15,38.43,38.00,38.37,4682232
21-Jun-12,39.30,39.52,37.87,37.92,10641955
20-Jun-12,40.25,40.38,39.67,39.99,4939982
19-Jun-12,40.20,40.47,40.02,40.24,6270401
18-Jun-12,39.58,39.74,39.28,39.52,4554403
15-Jun-12,39.70,40.21,39.59,40.21,7103109
14-Jun-12,38.59,39.45,38.59,39.39,10254921
13-Jun-12,38.92,39.22,38.58,38.83,5594435
12-Jun-12,38.65,39.07,38.38,39.02,5844165
11-Jun-12,39.07,39.08,38.25,38.29,7014814
8-Jun-12,37.84,38.25,37.71,38.10,4654360
7-Jun-12,39.29,39.29,38.37,38.48,6398013
6-Jun-12,37.54,38.19,37.41,38.19,7131136
5-Jun-12,36.65,36.88,36.48,36.81,4571832
4-Jun-12,37.08,37.11,36.25,36.58,5839525
1-Jun-12,37.13,37.24,36.63,36.76,11405707
31-May-12,37.09,37.14,36.25,36.46,10848516
30-May-12,37.47,37.53,37.02,37.02,6479877
29-May-12,38.20,38.39,37.94,38.11,6357596
25-May-12,38.19,38.52,38.16,38.36,5102367
24-May-12,38.36,38.66,37.89,38.23,5913373
23-May-12,37.48,37.94,37.23,37.92,6859734
22-May-12,37.98,38.38,37.68,37.85,8179563
21-May-12,37.58,37.79,37.35,37.71,6332522
18-May-12,37.77,37.91,37.00,37.10,9618806
17-May-12,37.80,38.12,37.50,37.50,10983318
16-May-12,38.53,38.78,38.18,38.18,6015616
15-May-12,38.69,38.83,38.15,38.18,6843990
14-May-12,39.08,39.28,32.92,38.86,3860153
11-May-12,39.60,40.28,39.56,39.65,4645891
10-May-12,39.81,40.12,39.66,39.78,5789555
9-May-12,39.13,39.56,38.83,39.26,11379893
8-May-12,41.01,41.06,40.02,40.42,9468089
7-May-12,40.99,41.48,40.80,41.33,4114918
4-May-12,41.77,41.82,40.95,40.96,6288390
3-May-12,42.44,42.54,41.84,42.02,5926648
2-May-12,42.08,42.42,42.02,42.36,7389312
1-May-12,42.54,43.13,42.29,42.70,9676633
30-Apr-12,43.31,43.49,43.18,43.41,2579353
27-Apr-12,43.58,43.64,43.29,43.53,3633417
26-Apr-12,42.58,43.34,42.41,43.29,6147559
25-Apr-12,42.15,42.22,41.77,42.19,6655898
24-Apr-12,42.40,42.45,41.66,41.91,10423435
23-Apr-12,41.52,42.04,41.34,41.95,5708052
20-Apr-12,42.38,42.53,41.99,41.99,8376339
19-Apr-12,42.83,42.97,42.42,42.50,4643438
18-Apr-12,43.08,43.35,42.94,43.20,4376200
17-Apr-12,42.90,43.44,42.77,43.27,4522360
16-Apr-12,42.63,42.64,42.17,42.51,4896074
13-Apr-12,42.49,42.54,42.10,42.15,5319676
12-Apr-12,42.05,43.02,42.05,42.96,5358910
11-Apr-12,43.02,43.05,41.99,42.05,6797262
10-Apr-12,43.13,43.23,42.19,42.30,7281637
9-Apr-12,43.05,43.48,42.75,43.26,4410009
5-Apr-12,42.75,43.56,42.74,43.37,7831334
4-Apr-12,43.71,43.78,43.09,43.33,10678782
3-Apr-12,45.13,45.15,44.30,44.51,5332095
2-Apr-12,44.64,45.60,44.64,45.34,6213274
30-Mar-12,44.31,45.05,44.27,45.00,9399199
29-Mar-12,43.75,44.40,43.65,44.35,8498131
28-Mar-12,45.00,45.12,44.43,44.70,5387101
27-Mar-12,45.82,45.98,44.86,44.90,7583781
26-Mar-12,46.09,46.26,45.94,46.23,3664027
23-Mar-12,45.30,45.72,45.26,45.59,3559206
22-Mar-12,45.35,45.50,45.14,45.30,6423097
21-Mar-12,46.14,46.20,45.75,46.00,6997672
20-Mar-12,46.26,46.39,46.05,46.22,8245863
19-Mar-12,46.88,47.17,46.60,46.92,6204334
16-Mar-12,46.48,46.91,46.48,46.83,9927676
15-Mar-12,46.60,46.72,46.22,46.69,8729969
14-Mar-12,47.16,47.39,46.62,46.70,8381109
13-Mar-12,46.86,47.35,46.75,47.33,4110924
12-Mar-12,46.54,46.80,46.37,46.72,5008531
9-Mar-12,46.43,46.87,46.43,46.69,10283679
8-Mar-12,47.11,47.25,46.78,47.11,5905363
7-Mar-12,46.44,46.75,46.24,46.54,5261179
6-Mar-12,47.12,47.20,45.94,46.23,10552693
5-Mar-12,48.18,48.34,47.77,47.96,21034102
2-Mar-12,47.42,47.69,47.28,47.50,6740414
1-Mar-12,47.31,47.96,47.31,47.84,6457067
29-Feb-12,47.83,47.95,47.02,47.16,6679686
28-Feb-12,47.54,47.95,47.25,47.84,8914794
27-Feb-12,47.93,48.00,47.50,47.54,13699602
24-Feb-12,47.52,47.53,46.99,46.99,7626630
23-Feb-12,46.75,47.42,46.67,47.27,8537928
22-Feb-12,47.01,47.07,46.73,46.87,20123224
21-Feb-12,47.45,47.75,47.01,47.16,8462002
17-Feb-12,46.58,47.67,46.43,47.62,12141927
16-Feb-12,46.17,46.71,46.04,46.65,5511703
15-Feb-12,46.15,46.23,45.84,45.96,7564020
14-Feb-12,47.04,47.25,46.36,46.47,12260152
13-Feb-12,47.06,47.46,46.73,47.37,9667540
10-Feb-12,46.38,46.61,46.20,46.35,10779161
9-Feb-12,47.26,47.28,46.66,46.77,8462159
8-Feb-12,46.41,47.09,46.37,46.97,12380535
7-Feb-12,46.23,46.70,45.69,46.60,11375534
6-Feb-12,46.12,46.91,45.96,46.87,8785861
3-Feb-12,45.54,46.76,45.53,46.57,12075312
2-Feb-12,45.26,45.66,45.22,45.53,7513250
1-Feb-12,45.81,46.10,45.55,45.55,11902726
31-Jan-12,44.89,46.03,44.56,45.91,23371228
30-Jan-12,42.91,44.16,42.84,44.14,10782344
27-Jan-12,43.82,44.18,43.66,43.70,8779918
26-Jan-12,44.98,45.11,44.70,44.77,6690161
25-Jan-12,44.36,44.95,44.10,44.90,5847367
24-Jan-12,44.51,44.75,44.28,44.70,6137125
23-Jan-12,44.46,44.74,44.33,44.63,6464726
20-Jan-12,43.64,44.04,43.52,44.02,9086649
19-Jan-12,44.81,44.89,44.53,44.71,7487391
18-Jan-12,44.19,44.60,44.11,44.56,5603317
17-Jan-12,44.68,44.72,43.99,44.24,5932206
13-Jan-12,43.77,43.77,43.77,43.77,0
12-Jan-12,43.91,44.40,43.90,44.20,5863792
11-Jan-12,43.72,44.10,43.58,44.06,6427544
10-Jan-12,44.72,44.75,44.34,44.39,6711533
9-Jan-12,44.02,44.09,43.75,44.07,3641317
6-Jan-12,44.58,44.59,43.92,44.08,5976180
5-Jan-12,44.25,44.42,44.06,44.25,5570640
4-Jan-12,44.47,44.77,44.20,44.75,6884190
3-Jan-12,43.79,44.30,43.74,44.14,7318388
30-Dec-11,42.74,42.74,42.74,42.74,0
29-Dec-11,42.34,42.68,42.25,42.63,2737547
28-Dec-11,42.93,43.04,42.33,42.36,2872543
27-Dec-11,43.07,43.46,43.02,43.14,2257549
23-Dec-11,43.28,43.28,43.28,43.28,0
22-Dec-11,42.37,43.09,42.23,42.96,6356357
21-Dec-11,41.48,41.90,41.21,41.74,6192806
20-Dec-11,41.21,42.00,41.21,41.89,5307479
19-Dec-11,40.72,41.15,40.40,40.49,6251274
16-Dec-11,41.44,41.76,41.26,41.39,5953946
15-Dec-11,41.80,42.15,41.30,41.39,6452691
14-Dec-11,41.36,41.50,40.75,41.10,6191847
13-Dec-11,42.31,42.79,41.28,41.63,6267445
12-Dec-11,42.05,42.06,41.49,41.83,5055096
9-Dec-11,42.15,42.88,42.09,42.71,5362837
8-Dec-11,42.29,42.52,41.97,42.07,5255101
7-Dec-11,43.45,43.53,42.88,43.03,6662412
6-Dec-11,43.81,43.93,43.47,43.56,5008483
5-Dec-11,44.18,44.26,43.34,43.57,6264225
2-Dec-11,43.46,43.89,43.18,43.29,6133268
1-Dec-11,43.18,43.40,42.67,42.75,4940463
30-Nov-11,43.40,43.86,43.11,43.55,12423891
29-Nov-11,40.83,41.28,40.68,41.00,4582958
28-Nov-11,40.74,41.10,40.60,40.82,4942812
25-Nov-11,39.51,40.06,39.41,39.41,2826997
23-Nov-11,39.68,39.68,39.68,39.68,0
22-Nov-11,41.29,41.62,40.94,41.12,6823171
21-Nov-11,41.76,41.89,41.21,41.70,6334935
18-Nov-11,42.62,42.93,42.41,42.48,4727941
17-Nov-11,43.00,43.33,42.32,42.63,7040503
16-Nov-11,43.47,44.31,43.41,43.51,4871650
15-Nov-11,43.68,44.02,43.30,43.70,5044707
14-Nov-11,43.92,44.04,43.47,43.57,3501202
11-Nov-11,43.71,44.31,43.70,44.01,5832988
10-Nov-11,43.18,43.42,42.40,43.10,5666676
9-Nov-11,42.95,43.38,42.24,42.43,10759997
8-Nov-11,44.67,44.89,44.05,44.70,5679626
7-Nov-11,43.45,44.06,43.40,44.00,7964219
4-Nov-11,43.34,44.00,43.13,43.85,5480104
3-Nov-11,43.85,44.14,43.16,44.02,6181503
2-Nov-11,42.92,43.64,42.86,43.41,10066019
1-Nov-11,41.91,43.24,41.72,42.72,15027570
31-Oct-11,44.85,45.28,44.15,44.18,8611016
28-Oct-11,44.88,45.55,44.87,45.50,8046067
27-Oct-11,45.17,45.84,44.76,45.32,13459527
26-Oct-11,43.97,44.78,43.32,44.65,18040577
25-Oct-11,43.45,44.01,42.84,43.52,17180489
24-Oct-11,41.32,42.12,41.32,41.84,9616386
21-Oct-11,41.56,42.47,41.50,42.35,10835809
20-Oct-11,40.81,41.51,40.25,41.32,10185650
19-Oct-11,41.32,41.52,40.63,40.78,7938103
18-Oct-11,40.67,41.37,40.09,41.11,8055152
17-Oct-11,40.82,40.82,39.91,40.17,10407332
14-Oct-11,39.46,39.90,39.17,39.88,5800028
13-Oct-11,38.19,38.94,37.97,38.75,5807270
12-Oct-11,38.79,39.26,38.62,38.63,7457953
11-Oct-11,37.75,38.39,37.75,38.36,7808221
10-Oct-11,37.80,38.32,37.60,38.31,6615095
7-Oct-11,37.31,37.49,36.82,37.11,12025101
6-Oct-11,35.66,36.81,35.43,36.78,12472663
5-Oct-11,35.69,36.82,35.46,36.70,8818025
4-Oct-11,34.59,35.48,33.62,35.42,16011904
3-Oct-11,35.89,36.20,35.16,35.22,10119205
30-Sep-11,36.32,36.71,36.02,36.07,9219434
