Date,Open,High,Low,Close,Volume
27-Sep-12,14.00,15.14,13.81,14.98,99579
26-Sep-12,14.50,14.50,13.50,14.02,184363
25-Sep-12,14.91,15.56,14.35,14.56,292874
24-Sep-12,14.82,14.92,14.53,14.74,97371
21-Sep-12,14.76,14.77,14.53,14.54,29362
20-Sep-12,14.65,14.84,14.44,14.58,15002
19-Sep-12,15.03,15.24,14.61,14.84,29135
18-Sep-12,14.68,15.14,14.68,14.99,34658
17-Sep-12,14.60,14.65,14.19,14.55,48266
14-Sep-12,13.70,14.94,13.70,14.61,48302
13-Sep-12,13.72,13.83,13.51,13.59,44723
12-Sep-12,13.71,13.71,13.37,13.66,5090
11-Sep-12,13.85,13.89,13.50,13.62,19091
10-Sep-12,13.73,13.88,13.70,13.85,8104
7-Sep-12,13.72,13.84,13.50,13.71,46051
6-Sep-12,13.56,13.69,13.25,13.64,75934
5-Sep-12,13.03,13.49,12.86,13.36,50289
4-Sep-12,12.95,13.14,12.63,12.94,46289
31-Aug-12,12.96,13.10,12.64,13.00,41209
30-Aug-12,13.71,13.89,12.57,12.77,73917
29-Aug-12,13.46,13.98,13.34,13.84,84466
28-Aug-12,12.75,13.62,12.75,13.46,131544
27-Aug-12,12.87,12.98,12.54,12.81,64619
24-Aug-12,12.82,12.92,12.56,12.72,49104
23-Aug-12,12.69,12.92,12.54,12.83,49815
22-Aug-12,12.70,12.89,12.63,12.69,20178
21-Aug-12,13.00,13.00,12.60,12.68,66593
20-Aug-12,13.00,13.00,12.80,12.93,71708
17-Aug-12,12.54,13.00,12.10,13.00,81998
16-Aug-12,12.18,12.51,12.00,12.51,50580
15-Aug-12,12.43,12.73,12.01,12.21,86541
14-Aug-12,11.78,12.40,11.71,12.35,63011
13-Aug-12,11.71,11.76,11.25,11.73,59923
10-Aug-12,12.28,12.55,11.63,11.75,52509
9-Aug-12,11.88,12.56,11.82,12.33,56025
8-Aug-12,11.95,11.99,11.60,11.89,52350
7-Aug-12,12.25,12.30,11.84,12.08,44503
6-Aug-12,12.51,12.53,12.06,12.14,66149
3-Aug-12,11.53,12.80,11.44,12.46,144659
2-Aug-12,10.90,11.35,10.51,11.20,122363
1-Aug-12,11.71,11.85,10.76,11.05,105820
31-Jul-12,11.92,12.22,11.51,11.64,170719
30-Jul-12,13.01,13.21,12.00,12.03,146863
27-Jul-12,13.36,13.36,12.94,12.99,98350
26-Jul-12,13.10,13.69,12.70,13.35,279900
25-Jul-12,12.42,12.72,12.19,12.33,94067
24-Jul-12,12.48,12.51,12.13,12.23,50714
23-Jul-12,12.15,12.61,12.00,12.45,90663
20-Jul-12,12.46,12.66,12.21,12.50,76592
19-Jul-12,13.55,13.80,12.38,12.73,190890
18-Jul-12,14.23,14.49,13.22,13.50,105641
17-Jul-12,14.34,14.55,13.95,14.32,104857
16-Jul-12,14.60,14.60,14.00,14.21,68438
13-Jul-12,15.06,15.17,14.27,14.64,128124
12-Jul-12,14.29,15.00,13.95,14.85,93993
11-Jul-12,13.73,14.49,13.62,14.44,111805
10-Jul-12,14.95,15.25,13.26,13.73,445747
9-Jul-12,14.39,14.95,14.05,14.95,312608
6-Jul-12,14.15,14.35,13.53,14.24,105439
5-Jul-12,13.76,14.19,13.50,14.18,111225
3-Jul-12,13.53,14.05,13.42,13.76,94816
2-Jul-12,12.72,13.38,12.63,13.37,112118
29-Jun-12,12.20,13.07,12.13,12.75,208346
28-Jun-12,11.79,11.93,11.49,11.84,72249
27-Jun-12,11.75,12.06,11.35,11.98,154472
26-Jun-12,11.72,11.95,11.36,11.80,60978
25-Jun-12,11.60,11.87,11.11,11.62,158753
22-Jun-12,12.10,12.37,11.70,12.00,631693
21-Jun-12,13.50,13.96,11.75,11.93,290833
20-Jun-12,13.63,14.22,13.20,13.43,250074
19-Jun-12,14.25,14.30,13.43,13.63,272510
18-Jun-12,12.77,14.30,12.66,14.14,381479
15-Jun-12,13.06,13.31,12.51,12.90,166242
14-Jun-12,12.55,13.15,12.27,13.01,144782
13-Jun-12,12.90,13.07,12.45,12.62,138747
12-Jun-12,12.99,13.19,12.46,12.88,63718
11-Jun-12,13.34,13.40,12.69,13.04,126064
8-Jun-12,12.39,13.40,12.08,13.27,116703
7-Jun-12,12.35,12.83,11.85,12.62,241431
6-Jun-12,11.55,12.22,11.25,12.01,136304
5-Jun-12,11.00,11.40,10.61,11.34,141107
4-Jun-12,12.02,12.08,10.81,11.13,166638
1-Jun-12,12.90,12.90,11.75,12.01,130637
31-May-12,13.09,13.38,12.19,13.14,104886
30-May-12,13.56,13.63,12.81,13.08,109969
29-May-12,14.00,14.25,13.63,13.72,218001
25-May-12,13.69,14.00,13.50,13.89,128596
24-May-12,13.73,14.00,13.25,13.69,180365
23-May-12,12.71,13.60,12.61,13.35,126370
22-May-12,11.97,13.44,11.86,12.95,180658
21-May-12,12.15,12.32,11.15,11.80,158922
18-May-12,12.48,12.50,11.78,12.15,131308
17-May-12,13.89,13.89,12.25,12.42,146648
16-May-12,13.52,14.00,13.25,13.85,114367
15-May-12,12.68,13.95,12.57,13.67,158952
14-May-12,13.13,13.25,12.35,12.78,113391
11-May-12,13.52,13.52,12.81,13.14,163200
10-May-12,13.00,14.47,12.91,13.55,316156
9-May-12,12.50,12.99,12.17,12.97,149013
8-May-12,12.73,13.00,12.25,12.70,111813
7-May-12,12.52,12.90,12.11,12.63,170859
4-May-12,12.46,13.00,11.74,12.91,133253
3-May-12,13.50,13.50,12.00,12.39,214181
2-May-12,12.99,13.59,12.73,13.54,206916
1-May-12,12.96,13.00,12.58,12.92,171444
30-Apr-12,12.77,13.40,12.61,12.94,207197
27-Apr-12,11.36,13.36,11.30,13.00,586712
26-Apr-12,10.50,12.85,10.50,11.44,720740
25-Apr-12,9.15,9.15,8.68,8.94,45001
24-Apr-12,8.73,9.14,8.51,9.01,70339
23-Apr-12,8.77,8.96,8.61,8.85,59753
20-Apr-12,9.19,9.31,8.96,9.11,33796
19-Apr-12,9.24,9.24,8.90,9.15,61909
18-Apr-12,9.11,9.45,8.91,9.18,81044
17-Apr-12,8.58,9.17,8.31,9.15,120257
16-Apr-12,9.06,9.36,8.25,8.49,166253
13-Apr-12,8.97,9.11,8.66,9.02,87293
12-Apr-12,8.44,9.33,8.40,9.17,194982
11-Apr-12,8.65,8.70,8.00,8.44,144155
10-Apr-12,9.00,9.16,8.44,8.56,129679
9-Apr-12,9.73,9.75,8.52,9.10,392829
5-Apr-12,9.85,10.18,9.42,10.09,238771
4-Apr-12,11.99,11.99,9.58,10.03,537053
3-Apr-12,12.66,12.75,11.67,12.10,195846
2-Apr-12,12.10,13.30,11.73,12.99,220811
30-Mar-12,11.93,12.15,11.42,12.15,202028
29-Mar-12,12.15,12.15,10.66,11.31,239007
28-Mar-12,11.84,12.15,11.75,11.88,135223
27-Mar-12,11.13,11.76,11.12,11.71,151679
26-Mar-12,10.71,11.15,10.71,11.13,120479
23-Mar-12,10.54,10.69,10.35,10.67,50545
22-Mar-12,10.74,10.85,10.30,10.64,129640
21-Mar-12,10.26,10.76,10.25,10.70,87118
20-Mar-12,10.45,10.65,10.15,10.29,157389
19-Mar-12,9.98,10.48,9.66,10.24,232233
16-Mar-12,9.48,9.83,9.38,9.60,94091
15-Mar-12,9.24,9.44,8.84,9.33,65267
14-Mar-12,9.56,9.56,8.15,8.70,140799
13-Mar-12,8.83,9.63,8.75,9.35,116997
12-Mar-12,8.10,8.93,8.10,8.44,104947
9-Mar-12,7.38,8.00,7.36,7.99,82429
8-Mar-12,6.68,7.49,6.66,7.18,46016
7-Mar-12,6.44,6.65,6.43,6.59,15819
6-Mar-12,6.32,6.69,6.32,6.43,17254
5-Mar-12,6.42,6.50,6.35,6.50,24263
2-Mar-12,6.29,6.42,6.19,6.42,26176
1-Mar-12,6.16,6.23,6.16,6.19,17640
29-Feb-12,6.25,6.26,6.17,6.17,10452
28-Feb-12,6.31,6.31,6.18,6.18,28933
27-Feb-12,6.52,6.54,6.13,6.45,48996
24-Feb-12,6.35,6.75,6.11,6.52,65984
23-Feb-12,6.40,6.46,6.27,6.30,12329
22-Feb-12,6.37,6.50,6.23,6.36,26774
21-Feb-12,6.21,6.29,5.93,6.28,55036
17-Feb-12,5.63,6.23,5.63,6.23,32567
16-Feb-12,5.66,5.87,5.66,5.71,7260
15-Feb-12,5.77,5.77,5.55,5.71,23133
14-Feb-12,5.85,5.85,5.53,5.61,32858
13-Feb-12,5.87,6.00,5.68,5.86,27447
10-Feb-12,5.70,5.90,5.70,5.82,84727
9-Feb-12,5.33,5.74,5.13,5.69,46286
8-Feb-12,5.99,5.99,5.28,5.32,146060
7-Feb-12,5.95,6.03,5.91,5.95,19645
6-Feb-12,6.03,6.22,5.85,5.96,46283
3-Feb-12,6.53,6.73,6.05,6.20,47167
2-Feb-12,6.10,6.12,5.70,5.98,33606
1-Feb-12,5.81,6.15,5.72,6.05,43504
31-Jan-12,5.26,5.99,5.17,5.72,59430
30-Jan-12,5.40,5.40,4.82,5.30,74037
27-Jan-12,5.81,5.85,5.00,5.39,142574
26-Jan-12,6.34,6.34,5.86,5.95,69316
25-Jan-12,6.70,6.84,6.31,6.31,41349
24-Jan-12,6.84,6.84,6.60,6.75,70645
23-Jan-12,6.71,6.85,6.06,6.85,113714
20-Jan-12,6.33,6.33,5.60,6.00,73864
19-Jan-12,6.28,6.75,6.28,6.45,131719
18-Jan-12,5.65,6.17,5.55,6.14,86121
17-Jan-12,5.72,6.00,5.30,5.60,125985
13-Jan-12,5.40,5.40,5.40,5.40,0
12-Jan-12,4.90,4.90,4.60,4.90,48354
11-Jan-12,4.56,4.90,4.53,4.90,25422
10-Jan-12,4.50,4.66,4.50,4.60,29266
9-Jan-12,4.42,4.70,4.35,4.70,14586
6-Jan-12,4.46,4.48,4.31,4.46,5040
5-Jan-12,4.44,4.50,4.30,4.45,21126
4-Jan-12,4.30,4.45,4.30,4.35,11518
3-Jan-12,4.13,4.45,4.10,4.30,16115
30-Dec-11,4.10,4.10,4.10,4.10,0
29-Dec-11,4.41,4.70,4.40,4.55,40114
28-Dec-11,4.00,4.46,3.97,4.39,32261
27-Dec-11,3.65,4.00,3.65,4.00,14998
23-Dec-11,3.65,3.65,3.65,3.65,0
22-Dec-11,3.64,3.65,3.36,3.60,12027
21-Dec-11,3.70,3.70,3.37,3.37,6878
20-Dec-11,3.55,3.75,3.35,3.65,6430
19-Dec-11,3.45,3.61,3.37,3.54,8950
16-Dec-11,3.59,3.59,3.35,3.35,3950
15-Dec-11,3.59,3.65,3.45,3.65,2552
14-Dec-11,3.58,3.65,3.45,3.55,1570
13-Dec-11,3.81,3.81,3.45,3.46,20848
12-Dec-11,3.97,3.97,3.60,3.88,25549
9-Dec-11,3.47,3.97,3.47,3.97,11233
8-Dec-11,3.57,3.58,3.17,3.35,5581
7-Dec-11,3.51,3.81,3.08,3.40,19359
6-Dec-11,3.36,3.71,3.36,3.50,33431
5-Dec-11,3.35,3.40,2.98,3.38,62366
2-Dec-11,2.74,3.50,2.74,3.30,35507
1-Dec-11,2.70,2.72,2.70,2.72,6100
30-Nov-11,2.56,2.76,2.56,2.76,7816
29-Nov-11,2.53,2.53,2.48,2.50,5480
28-Nov-11,2.60,2.60,2.52,2.60,9249
25-Nov-11,2.60,2.60,2.60,2.60,1200
23-Nov-11,2.57,2.57,2.57,2.57,0
22-Nov-11,2.65,2.67,2.65,2.67,1200
21-Nov-11,2.40,2.40,2.40,2.40,0
18-Nov-11,2.76,2.76,2.36,2.65,8350
17-Nov-11,2.37,2.62,2.37,2.62,2283
16-Nov-11,2.28,2.40,2.28,2.39,2500
15-Nov-11,2.32,2.36,2.20,2.31,14899
14-Nov-11,2.69,2.69,2.31,2.33,24441
11-Nov-11,2.59,2.62,2.55,2.55,12700
10-Nov-11,2.69,2.69,2.55,2.57,10528
9-Nov-11,2.50,2.70,2.50,2.59,10101
8-Nov-11,2.43,2.65,2.42,2.60,7914
7-Nov-11,2.45,2.45,2.27,2.35,9339
4-Nov-11,2.18,2.51,2.18,2.43,19970
3-Nov-11,1.96,2.18,1.96,2.18,6453
1-Nov-11,2.02,2.02,2.02,2.02,0
31-Oct-11,1.99,2.01,1.95,2.01,14419
28-Oct-11,2.34,2.35,2.03,2.05,32302
27-Oct-11,1.92,2.34,1.92,2.27,72079
26-Oct-11,1.83,1.85,1.83,1.83,400
25-Oct-11,1.78,1.80,1.78,1.80,7119
24-Oct-11,1.70,1.70,1.70,1.70,0
21-Oct-11,1.66,1.78,1.63,1.73,38144
20-Oct-11,1.63,1.66,1.63,1.63,1396
19-Oct-11,1.71,1.80,1.54,1.65,21213
18-Oct-11,1.74,1.78,1.70,1.70,10766
17-Oct-11,1.73,1.93,1.72,1.75,6224
14-Oct-11,1.89,1.89,1.74,1.74,6702
13-Oct-11,1.80,1.91,1.75,1.76,1630
12-Oct-11,1.94,1.94,1.75,1.82,10725
11-Oct-11,1.94,1.94,1.78,1.85,3713
10-Oct-11,1.78,1.80,1.78,1.80,2080
7-Oct-11,1.80,1.80,1.78,1.78,2500
6-Oct-11,1.84,1.94,1.79,1.82,2919
4-Oct-11,1.82,1.82,1.82,1.82,0
3-Oct-11,1.85,1.86,1.82,1.82,6300
30-Sep-11,1.86,1.86,1.86,1.86,100
29-Sep-11,1.85,1.87,1.85,1.87,1300
