Date,Open,High,Low,Close,Volume
27-Sep-12,9.48,9.50,9.42,9.49,190298
26-Sep-12,9.50,9.52,9.41,9.41,198598
25-Sep-12,9.39,9.57,9.31,9.52,321060
24-Sep-12,9.49,9.53,9.40,9.41,235406
21-Sep-12,9.51,9.58,9.49,9.56,163743
20-Sep-12,9.49,9.55,9.42,9.54,284865
19-Sep-12,9.36,9.51,9.36,9.50,432529
18-Sep-12,9.27,9.39,9.21,9.39,379358
17-Sep-12,9.23,9.32,9.23,9.27,397801
14-Sep-12,9.35,9.37,9.23,9.23,344889
13-Sep-12,9.30,9.40,9.29,9.34,172904
12-Sep-12,9.30,9.36,9.29,9.33,209434
11-Sep-12,9.22,9.33,9.22,9.30,267396
10-Sep-12,9.24,9.25,9.18,9.24,437006
7-Sep-12,9.14,9.26,9.14,9.21,290922
6-Sep-12,9.23,9.30,9.19,9.20,294876
5-Sep-12,9.25,9.36,9.10,9.23,600290
4-Sep-12,9.53,9.57,9.16,9.26,979154
31-Aug-12,9.61,9.61,9.50,9.53,304493
30-Aug-12,9.61,9.61,9.51,9.55,319871
29-Aug-12,9.55,9.61,9.53,9.58,184461
28-Aug-12,9.53,9.59,9.53,9.53,280714
27-Aug-12,9.57,9.60,9.52,9.57,202621
24-Aug-12,9.51,9.59,9.49,9.53,254669
23-Aug-12,9.47,9.53,9.45,9.53,265250
22-Aug-12,9.54,9.57,9.43,9.43,275326
21-Aug-12,9.58,9.62,9.54,9.56,298378
20-Aug-12,9.49,9.58,9.47,9.58,165412
17-Aug-12,9.47,9.50,9.47,9.50,13413
16-Aug-12,9.47,9.50,9.47,9.47,22075
15-Aug-12,9.53,9.54,9.44,9.47,51011
14-Aug-12,9.51,9.58,9.46,9.54,47598
13-Aug-12,9.57,9.60,9.48,9.51,28913
10-Aug-12,9.57,9.62,9.53,9.56,63015
9-Aug-12,9.62,9.64,9.60,9.62,25661
8-Aug-12,9.60,9.65,9.57,9.64,22106
7-Aug-12,9.62,9.62,9.55,9.61,14664
6-Aug-12,9.64,9.64,9.50,9.56,46817
3-Aug-12,9.53,9.60,9.52,9.53,17233
2-Aug-12,9.55,9.55,9.45,9.49,107048
1-Aug-12,9.44,9.58,9.44,9.53,150652
31-Jul-12,9.52,9.52,9.43,9.46,172686
30-Jul-12,9.53,9.54,9.45,9.52,262074
27-Jul-12,9.51,9.58,9.49,9.57,144517
26-Jul-12,9.52,9.52,9.41,9.50,195206
25-Jul-12,9.37,9.47,9.37,9.44,115971
24-Jul-12,9.38,9.45,9.35,9.36,360662
23-Jul-12,9.44,9.47,9.38,9.39,281631
20-Jul-12,9.36,9.50,9.36,9.46,239004
19-Jul-12,9.43,9.44,9.39,9.42,192468
18-Jul-12,9.38,9.43,9.36,9.39,205069
17-Jul-12,9.38,9.42,9.30,9.39,237878
16-Jul-12,9.34,9.35,9.25,9.35,171848
13-Jul-12,9.30,9.34,9.25,9.26,301783
12-Jul-12,9.29,9.40,9.26,9.35,138325
11-Jul-12,9.39,9.47,9.32,9.32,232959
10-Jul-12,9.40,9.44,9.36,9.39,175967
9-Jul-12,9.36,9.41,9.32,9.41,146007
6-Jul-12,9.22,9.38,9.22,9.35,238432
5-Jul-12,9.22,9.30,9.22,9.26,179328
3-Jul-12,9.20,9.31,9.19,9.27,177433
2-Jul-12,9.25,9.25,9.12,9.17,214522
29-Jun-12,9.21,9.25,9.11,9.25,255395
28-Jun-12,9.12,9.19,8.97,9.04,407773
27-Jun-12,9.23,9.26,9.16,9.18,146087
26-Jun-12,9.16,9.29,9.11,9.25,170102
25-Jun-12,9.22,9.24,9.14,9.21,143672
22-Jun-12,9.28,9.32,9.18,9.25,124318
21-Jun-12,9.31,9.32,9.22,9.28,112728
20-Jun-12,9.22,9.34,9.14,9.28,203574
19-Jun-12,9.08,9.21,9.08,9.21,194745
18-Jun-12,9.01,9.10,9.01,9.06,223747
15-Jun-12,9.09,9.17,9.01,9.10,186457
14-Jun-12,9.21,9.21,9.06,9.10,171034
13-Jun-12,9.11,9.25,9.10,9.15,153928
12-Jun-12,9.09,9.23,9.09,9.16,127749
11-Jun-12,9.29,9.38,9.09,9.13,179145
8-Jun-12,9.06,9.41,9.06,9.32,304669
7-Jun-12,9.09,9.18,9.09,9.14,253935
6-Jun-12,9.00,9.14,9.00,9.02,257418
5-Jun-12,8.85,9.02,8.82,9.02,434602
4-Jun-12,8.99,8.99,8.85,8.86,294110
1-Jun-12,8.90,9.03,8.90,9.01,235869
31-May-12,9.04,9.05,8.93,9.04,188426
30-May-12,9.05,9.05,8.94,9.00,163843
29-May-12,9.09,9.17,9.01,9.03,175780
25-May-12,9.15,9.21,9.04,9.08,258346
24-May-12,9.08,9.10,9.04,9.10,330051
23-May-12,9.05,9.13,8.98,9.13,307143
22-May-12,9.04,9.11,8.99,9.11,215792
21-May-12,8.85,8.99,8.83,8.99,286795
18-May-12,8.92,8.94,8.86,8.85,431542
17-May-12,9.09,9.10,8.95,9.00,396181
16-May-12,9.16,9.18,9.05,9.08,363145
15-May-12,9.35,9.36,9.15,9.16,338484
14-May-12,9.42,9.44,9.35,9.35,232067
11-May-12,9.42,9.50,9.41,9.48,227500
10-May-12,9.51,9.52,9.45,9.46,221902
9-May-12,9.45,9.55,9.45,9.54,155648
8-May-12,9.44,9.54,9.43,9.54,205119
7-May-12,9.48,9.56,9.46,9.46,258279
4-May-12,9.43,9.50,9.41,9.50,208802
3-May-12,9.61,9.68,9.41,9.41,392012
2-May-12,9.66,9.70,9.60,9.60,231164
1-May-12,9.58,9.69,9.56,9.66,261209
30-Apr-12,9.56,9.60,9.50,9.53,283186
27-Apr-12,9.52,9.62,9.50,9.57,258953
26-Apr-12,9.66,9.70,9.51,9.55,276006
25-Apr-12,9.61,9.70,9.53,9.70,232170
24-Apr-12,9.53,9.62,9.52,9.59,232022
23-Apr-12,9.45,9.57,9.45,9.57,230491
20-Apr-12,9.61,9.62,9.48,9.50,261807
19-Apr-12,9.52,9.57,9.52,9.55,118787
18-Apr-12,9.54,9.58,9.52,9.53,172409
17-Apr-12,9.56,9.60,9.52,9.55,169985
16-Apr-12,9.53,9.60,9.47,9.60,146255
13-Apr-12,9.56,9.58,9.45,9.46,217540
12-Apr-12,9.54,9.65,9.53,9.60,186444
11-Apr-12,9.52,9.61,9.50,9.60,177100
10-Apr-12,9.59,9.59,9.45,9.47,289499
9-Apr-12,9.60,9.64,9.54,9.55,239569
5-Apr-12,9.66,9.69,9.59,9.60,313056
4-Apr-12,9.82,9.82,9.65,9.67,258722
3-Apr-12,9.78,9.88,9.72,9.76,171095
2-Apr-12,9.69,9.85,9.67,9.83,119550
30-Mar-12,9.76,9.82,9.60,9.65,241212
29-Mar-12,9.58,9.72,9.58,9.71,159903
28-Mar-12,9.75,9.82,9.62,9.65,268211
27-Mar-12,9.71,9.88,9.69,9.80,229905
26-Mar-12,9.85,9.85,9.68,9.72,275354
23-Mar-12,9.78,9.86,9.77,9.79,171662
22-Mar-12,9.85,9.90,9.75,9.79,223900
21-Mar-12,9.80,9.93,9.79,9.85,223182
20-Mar-12,9.85,9.86,9.78,9.80,203242
19-Mar-12,9.85,9.92,9.79,9.88,206522
16-Mar-12,9.93,10.01,9.82,9.84,192533
15-Mar-12,10.00,10.01,9.83,9.92,205690
14-Mar-12,9.93,10.10,9.88,9.93,307250
13-Mar-12,10.01,10.10,10.00,10.10,251640
12-Mar-12,10.11,10.12,9.98,9.98,226671
9-Mar-12,10.02,10.12,10.01,10.12,196014
8-Mar-12,10.06,10.08,10.00,10.01,185103
7-Mar-12,9.91,10.00,9.90,10.00,139170
6-Mar-12,9.90,9.96,9.85,9.92,188479
5-Mar-12,10.10,10.10,9.90,9.95,313301
2-Mar-12,10.06,10.09,10.01,10.07,178665
1-Mar-12,10.05,10.10,10.02,10.02,222392
29-Feb-12,10.04,10.07,9.98,10.00,273615
28-Feb-12,10.04,10.05,9.98,9.99,189484
27-Feb-12,10.09,10.14,10.01,10.08,218829
24-Feb-12,10.04,10.12,10.01,10.09,207912
23-Feb-12,9.97,10.00,9.90,10.00,177313
22-Feb-12,9.90,10.01,9.83,9.96,323777
21-Feb-12,9.95,10.04,9.82,9.87,397816
17-Feb-12,9.75,9.95,9.75,9.83,278349
16-Feb-12,9.89,9.95,9.76,9.76,409227
15-Feb-12,9.97,10.06,9.88,9.92,260775
14-Feb-12,10.03,10.06,9.94,9.97,211990
13-Feb-12,10.03,10.13,9.96,10.07,167041
10-Feb-12,9.87,10.05,9.87,9.96,149621
9-Feb-12,9.94,10.19,9.90,9.95,352597
8-Feb-12,9.87,9.96,9.80,9.85,334512
7-Feb-12,9.72,9.87,9.71,9.79,217801
6-Feb-12,9.82,9.89,9.71,9.71,269769
3-Feb-12,9.82,9.92,9.82,9.83,203323
2-Feb-12,9.89,9.95,9.75,9.82,195666
1-Feb-12,9.84,9.95,9.80,9.82,220077
31-Jan-12,9.88,9.91,9.78,9.84,146284
30-Jan-12,9.85,9.86,9.78,9.86,146068
27-Jan-12,9.70,9.88,9.61,9.88,208832
26-Jan-12,9.56,9.75,9.54,9.74,273712
25-Jan-12,9.49,9.63,9.42,9.63,232107
24-Jan-12,9.37,9.48,9.36,9.46,266591
23-Jan-12,9.43,9.51,9.36,9.44,316473
20-Jan-12,9.40,9.47,9.36,9.37,210293
19-Jan-12,9.47,9.51,9.36,9.41,248101
18-Jan-12,9.46,9.53,9.45,9.48,205584
17-Jan-12,9.60,9.64,9.46,9.47,291677
13-Jan-12,9.60,9.60,9.60,9.60,0
12-Jan-12,9.50,9.62,9.44,9.56,220885
11-Jan-12,9.50,9.62,9.45,9.56,196005
10-Jan-12,9.55,9.59,9.50,9.54,216987
9-Jan-12,9.48,9.57,9.44,9.56,161254
6-Jan-12,9.50,9.50,9.37,9.43,199276
5-Jan-12,9.26,9.49,9.26,9.46,222425
4-Jan-12,9.40,9.42,9.29,9.32,312568
3-Jan-12,9.44,9.66,9.40,9.45,472206
30-Dec-11,9.45,9.45,9.45,9.45,0
29-Dec-11,9.22,9.49,9.13,9.15,387412
28-Dec-11,9.54,9.55,9.20,9.24,312688
27-Dec-11,9.20,9.69,9.20,9.66,634749
23-Dec-11,9.20,9.20,9.20,9.20,0
22-Dec-11,8.97,9.19,8.93,9.19,338749
21-Dec-11,8.85,9.02,8.85,8.90,400113
20-Dec-11,8.87,8.97,8.83,8.85,408385
19-Dec-11,9.05,9.12,8.84,8.84,314004
16-Dec-11,8.88,9.05,8.88,9.04,274444
15-Dec-11,8.88,8.99,8.82,8.91,363263
14-Dec-11,9.02,9.06,8.85,8.90,450460
13-Dec-11,9.02,9.13,9.00,9.07,455602
12-Dec-11,9.76,9.82,9.54,9.55,423011
9-Dec-11,9.84,9.84,9.73,9.74,251300
8-Dec-11,9.69,9.90,9.69,9.85,340116
7-Dec-11,9.65,9.83,9.65,9.70,213484
6-Dec-11,9.74,9.77,9.67,9.68,193335
5-Dec-11,9.67,9.81,9.67,9.77,238222
2-Dec-11,9.56,9.67,9.56,9.65,254007
1-Dec-11,9.46,9.58,9.36,9.51,219175
30-Nov-11,9.34,9.54,9.28,9.54,430306
29-Nov-11,9.09,9.19,9.06,9.15,416815
28-Nov-11,9.27,9.29,9.15,9.19,322511
25-Nov-11,9.29,9.41,9.25,9.25,78486
23-Nov-11,9.28,9.28,9.28,9.28,0
22-Nov-11,9.28,9.40,9.28,9.37,187515
21-Nov-11,9.30,9.34,9.23,9.30,474967
18-Nov-11,9.41,9.46,9.34,9.39,373623
17-Nov-11,9.51,9.59,9.42,9.43,258579
16-Nov-11,9.71,9.72,9.55,9.57,252879
15-Nov-11,9.77,9.83,9.72,9.72,165775
14-Nov-11,9.85,9.87,9.75,9.82,185184
11-Nov-11,9.78,9.87,9.72,9.77,176672
10-Nov-11,9.90,9.97,9.75,9.80,196443
9-Nov-11,9.88,10.07,9.81,9.87,248438
8-Nov-11,10.09,10.11,10.02,10.10,101718
7-Nov-11,10.07,10.13,9.92,10.11,176033
4-Nov-11,9.86,10.15,9.86,10.13,214377
3-Nov-11,9.86,10.00,9.81,9.98,173743
2-Nov-11,10.07,10.15,9.80,9.88,206636
1-Nov-11,10.10,10.22,9.95,9.98,374636
31-Oct-11,10.15,10.25,10.07,10.18,191230
28-Oct-11,10.04,10.16,10.01,10.16,200490
27-Oct-11,10.00,10.06,9.87,10.04,325642
26-Oct-11,9.73,9.95,9.70,9.89,250263
25-Oct-11,9.78,9.79,9.73,9.74,181891
24-Oct-11,9.70,9.85,9.70,9.82,202531
21-Oct-11,9.66,9.77,9.65,9.71,289909
20-Oct-11,9.68,9.71,9.58,9.63,285159
19-Oct-11,9.75,9.76,9.66,9.72,192594
18-Oct-11,9.59,9.71,9.52,9.70,185274
17-Oct-11,9.71,9.76,9.59,9.67,197648
14-Oct-11,9.72,9.80,9.66,9.76,224680
13-Oct-11,9.71,9.78,9.63,9.69,202645
12-Oct-11,9.72,9.81,9.63,9.77,184782
11-Oct-11,9.69,9.79,9.62,9.71,207775
10-Oct-11,9.46,9.73,9.40,9.72,248645
7-Oct-11,9.41,9.48,9.31,9.31,324258
6-Oct-11,9.30,9.48,9.23,9.39,295865
5-Oct-11,9.05,9.33,9.00,9.30,363761
4-Oct-11,9.00,9.19,8.82,9.16,1110117
3-Oct-11,9.30,9.51,9.19,9.19,493113
30-Sep-11,9.91,9.93,9.45,9.45,352321
