Date,Open,High,Low,Close,Volume
26-Sep-12,5.06,5.12,5.05,5.09,184454
25-Sep-12,5.16,5.24,5.03,5.05,352134
24-Sep-12,5.03,5.15,5.01,5.12,282416
21-Sep-12,5.11,5.11,5.04,5.06,274213
20-Sep-12,4.99,5.06,4.99,5.03,53988
19-Sep-12,5.06,5.06,4.99,5.01,93032
18-Sep-12,5.05,5.08,5.00,5.06,82185
17-Sep-12,5.05,5.09,5.02,5.08,76437
14-Sep-12,5.01,5.10,4.99,5.06,145493
13-Sep-12,4.99,5.04,4.93,5.00,110416
12-Sep-12,4.99,5.00,4.97,5.00,56410
11-Sep-12,4.99,5.00,4.96,4.96,67643
10-Sep-12,4.95,5.00,4.93,4.97,96991
7-Sep-12,4.88,4.99,4.88,4.98,416160
6-Sep-12,4.97,4.99,4.91,4.96,458445
5-Sep-12,4.93,4.96,4.88,4.94,278936
4-Sep-12,4.88,4.97,4.80,4.94,336163
31-Aug-12,4.97,4.97,4.84,4.89,504954
30-Aug-12,4.93,4.96,4.90,4.93,702004
29-Aug-12,4.88,4.95,4.88,4.95,951698
28-Aug-12,4.85,4.92,4.85,4.89,319572
27-Aug-12,4.84,4.91,4.84,4.86,170398
24-Aug-12,4.78,4.85,4.78,4.83,116550
23-Aug-12,4.83,4.84,4.78,4.81,183094
22-Aug-12,4.83,4.90,4.75,4.85,246477
21-Aug-12,4.82,4.92,4.78,4.82,270248
20-Aug-12,4.86,4.86,4.73,4.79,517925
17-Aug-12,4.75,4.92,4.73,4.86,387388
16-Aug-12,4.68,4.78,4.66,4.78,334732
15-Aug-12,4.64,4.70,4.62,4.67,319694
14-Aug-12,4.66,4.72,4.58,4.67,508965
13-Aug-12,4.56,4.69,4.53,4.68,298931
10-Aug-12,4.57,4.67,4.57,4.59,161769
9-Aug-12,4.64,4.65,4.58,4.60,120654
8-Aug-12,4.60,4.68,4.53,4.64,117925
7-Aug-12,4.56,4.70,4.53,4.63,238301
6-Aug-12,4.61,4.69,4.55,4.56,223338
3-Aug-12,4.41,4.68,4.41,4.62,401748
2-Aug-12,4.32,4.45,4.31,4.39,182158
1-Aug-12,4.37,4.55,4.29,4.31,432127
31-Jul-12,4.47,4.51,4.33,4.36,322214
30-Jul-12,4.50,4.53,4.45,4.50,201052
27-Jul-12,4.33,4.53,4.28,4.51,281423
26-Jul-12,4.33,4.38,4.27,4.34,233559
25-Jul-12,4.30,4.30,4.21,4.28,297542
24-Jul-12,4.34,4.35,4.24,4.26,210524
23-Jul-12,4.36,4.37,4.25,4.31,195697
20-Jul-12,4.51,4.52,4.41,4.44,174697
19-Jul-12,4.66,4.66,4.55,4.56,119956
18-Jul-12,4.57,4.65,4.52,4.65,159153
17-Jul-12,4.53,4.58,4.48,4.56,546987
16-Jul-12,4.53,4.56,4.47,4.50,139503
13-Jul-12,4.49,4.54,4.47,4.52,510967
12-Jul-12,4.48,4.50,4.28,4.46,235683
11-Jul-12,4.55,4.56,4.49,4.52,233958
10-Jul-12,4.61,4.67,4.52,4.52,329145
9-Jul-12,4.66,4.71,4.51,4.51,234397
6-Jul-12,4.60,4.69,4.56,4.68,235921
5-Jul-12,4.74,4.75,4.64,4.66,230777
3-Jul-12,4.75,4.80,4.64,4.76,295638
2-Jul-12,4.46,4.75,4.46,4.75,848988
29-Jun-12,4.37,4.47,4.35,4.42,444100
28-Jun-12,4.22,4.32,4.21,4.31,296882
27-Jun-12,4.25,4.34,4.22,4.26,376207
26-Jun-12,4.21,4.28,4.12,4.26,250389
25-Jun-12,4.23,4.25,4.14,4.21,222635
22-Jun-12,4.27,4.30,4.17,4.28,617691
21-Jun-12,4.34,4.37,4.22,4.23,392750
20-Jun-12,4.43,4.45,4.35,4.36,242422
19-Jun-12,4.36,4.45,4.33,4.45,450022
18-Jun-12,4.32,4.37,4.30,4.36,233614
15-Jun-12,4.33,4.38,4.24,4.36,588099
14-Jun-12,4.25,4.35,4.23,4.35,202522
13-Jun-12,4.38,4.40,4.23,4.27,368745
12-Jun-12,4.34,4.41,4.31,4.41,691646
11-Jun-12,4.39,4.39,4.27,4.34,741809
8-Jun-12,4.25,4.36,4.22,4.33,405091
7-Jun-12,4.45,4.45,4.25,4.26,515801
6-Jun-12,4.29,4.41,4.27,4.41,549317
5-Jun-12,4.21,4.29,4.19,4.28,192052
4-Jun-12,4.20,4.29,4.16,4.25,587126
1-Jun-12,4.24,4.32,4.17,4.20,646410
31-May-12,4.28,4.35,4.22,4.31,515675
30-May-12,4.32,4.34,4.25,4.29,330522
29-May-12,4.20,4.38,4.14,4.37,630844
25-May-12,4.09,4.17,4.06,4.16,2016909
24-May-12,4.03,4.11,4.03,4.08,325480
23-May-12,3.99,4.08,3.94,4.01,533308
22-May-12,4.04,4.08,3.97,4.01,345833
21-May-12,4.00,4.06,3.99,4.05,269638
18-May-12,4.04,4.13,3.95,3.98,470056
17-May-12,4.07,4.11,3.99,4.04,397363
16-May-12,4.11,4.14,4.05,4.05,249890
15-May-12,3.97,4.15,3.96,4.08,432900
14-May-12,3.95,4.00,3.92,3.96,1386291
11-May-12,3.93,4.00,3.93,3.97,550730
10-May-12,3.98,3.99,3.95,3.97,1118420
9-May-12,3.90,4.00,3.90,3.94,442410
8-May-12,3.97,4.02,3.88,3.96,568491
7-May-12,3.99,4.03,3.96,3.99,821747
4-May-12,4.14,4.17,3.97,4.00,655992
3-May-12,4.24,4.31,4.13,4.16,323303
2-May-12,4.25,4.26,4.16,4.26,185082
1-May-12,4.15,4.37,4.07,4.27,536794
30-Apr-12,4.13,4.14,4.03,4.14,213304
27-Apr-12,4.05,4.14,4.05,4.13,322619
26-Apr-12,4.05,4.06,4.01,4.05,118111
25-Apr-12,4.03,4.07,3.98,4.06,167164
24-Apr-12,3.82,4.00,3.80,4.00,354750
23-Apr-12,3.80,3.85,3.79,3.82,873757
20-Apr-12,3.93,3.93,3.80,3.84,413550
19-Apr-12,3.94,3.94,3.84,3.86,630738
18-Apr-12,3.94,3.96,3.89,3.95,272098
17-Apr-12,3.96,4.00,3.93,3.97,273929
16-Apr-12,3.97,3.97,3.90,3.92,187213
13-Apr-12,4.00,4.04,3.95,3.96,247651
12-Apr-12,4.05,4.09,4.00,4.01,190532
11-Apr-12,4.05,4.08,4.00,4.06,220064
10-Apr-12,3.96,4.05,3.93,3.99,663177
9-Apr-12,3.96,4.01,3.95,3.96,346985
5-Apr-12,3.95,4.06,3.95,4.03,204100
4-Apr-12,3.94,4.00,3.90,3.95,276472
3-Apr-12,4.09,4.09,3.98,4.00,256981
2-Apr-12,4.02,4.11,4.02,4.10,286143
30-Mar-12,4.21,4.21,4.03,4.04,386130
29-Mar-12,4.11,4.19,4.09,4.17,288388
28-Mar-12,4.24,4.24,4.11,4.14,187047
27-Mar-12,4.35,4.37,4.23,4.24,173771
26-Mar-12,4.23,4.36,4.16,4.35,285045
23-Mar-12,4.14,4.19,4.12,4.19,207746
22-Mar-12,4.11,4.18,4.10,4.15,192080
21-Mar-12,4.23,4.24,4.13,4.17,341388
20-Mar-12,4.25,4.25,4.14,4.24,219029
19-Mar-12,4.24,4.33,4.21,4.28,143225
16-Mar-12,4.39,4.39,4.24,4.25,366568
15-Mar-12,4.25,4.40,4.18,4.37,263407
14-Mar-12,4.17,4.27,4.17,4.24,216556
13-Mar-12,4.28,4.28,4.14,4.17,329454
12-Mar-12,4.22,4.25,4.16,4.23,215765
9-Mar-12,4.16,4.32,4.15,4.23,284676
8-Mar-12,4.15,4.18,4.09,4.16,168600
7-Mar-12,4.03,4.17,4.02,4.11,465551
6-Mar-12,4.09,4.14,3.99,4.01,370879
5-Mar-12,4.11,4.15,4.09,4.12,420771
2-Mar-12,4.16,4.20,4.10,4.14,1027033
1-Mar-12,4.18,4.26,4.12,4.15,309888
29-Feb-12,4.22,4.22,4.09,4.15,353559
28-Feb-12,4.15,4.24,4.15,4.19,322705
27-Feb-12,4.11,4.19,4.10,4.17,154973
24-Feb-12,4.19,4.22,4.12,4.16,386609
23-Feb-12,4.10,4.24,4.09,4.20,479699
22-Feb-12,4.18,4.18,4.00,4.11,846132
21-Feb-12,4.21,4.25,4.13,4.20,501136
17-Feb-12,4.23,4.28,4.18,4.21,552456
16-Feb-12,4.20,4.26,4.05,4.24,1446193
15-Feb-12,4.37,4.46,4.27,4.30,458134
14-Feb-12,4.46,4.51,4.28,4.34,976299
13-Feb-12,4.45,4.53,4.43,4.47,403347
10-Feb-12,4.40,4.46,4.40,4.45,216713
9-Feb-12,4.47,4.54,4.43,4.46,227377
8-Feb-12,4.50,4.55,4.45,4.48,212279
7-Feb-12,4.44,4.55,4.39,4.48,325231
6-Feb-12,4.44,4.46,4.38,4.44,280246
3-Feb-12,4.40,4.51,4.34,4.44,1034318
2-Feb-12,4.40,4.46,4.30,4.31,840526
1-Feb-12,4.30,4.47,4.28,4.40,811888
31-Jan-12,4.18,4.33,4.14,4.29,818345
30-Jan-12,4.10,4.19,4.09,4.16,1595540
27-Jan-12,4.21,4.31,4.21,4.30,197898
26-Jan-12,4.20,4.30,4.16,4.23,378799
25-Jan-12,4.14,4.20,4.11,4.19,224533
24-Jan-12,4.20,4.20,4.06,4.14,368833
23-Jan-12,4.23,4.25,4.18,4.22,250287
20-Jan-12,4.21,4.32,4.21,4.23,265107
19-Jan-12,4.20,4.27,4.15,4.20,286152
18-Jan-12,3.99,4.17,3.95,4.17,702588
17-Jan-12,3.96,4.01,3.93,3.98,372003
13-Jan-12,3.90,3.90,3.90,3.90,0
12-Jan-12,3.98,4.02,3.94,3.99,154429
11-Jan-12,4.00,4.00,4.00,4.00,0
10-Jan-12,3.91,4.04,3.90,4.00,670754
9-Jan-12,3.88,3.88,3.83,3.85,241669
6-Jan-12,3.89,3.94,3.86,3.90,29685
5-Jan-12,3.85,3.91,3.79,3.90,158962
4-Jan-12,3.82,3.90,3.78,3.89,265610
3-Jan-12,3.86,3.88,3.75,3.84,556526
30-Dec-11,3.76,3.76,3.76,3.76,0
29-Dec-11,3.86,3.91,3.76,3.81,543368
28-Dec-11,3.95,3.96,3.81,3.82,200077
27-Dec-11,3.96,3.97,3.89,3.97,245385
23-Dec-11,3.96,3.96,3.96,3.96,0
22-Dec-11,4.00,4.04,3.93,3.96,528503
21-Dec-11,3.97,4.00,3.91,3.98,323270
20-Dec-11,3.95,4.07,3.94,3.96,716045
19-Dec-11,3.88,3.96,3.84,3.85,477937
16-Dec-11,3.74,3.87,3.67,3.84,1117243
15-Dec-11,3.57,3.71,3.47,3.71,540385
14-Dec-11,3.39,3.56,3.35,3.52,464629
13-Dec-11,3.45,3.45,3.45,3.45,0
12-Dec-11,3.31,3.34,3.27,3.28,342437
9-Dec-11,3.34,3.41,3.33,3.35,498832
8-Dec-11,3.44,3.53,3.31,3.32,340878
7-Dec-11,3.49,3.49,3.49,3.49,0
6-Dec-11,3.63,3.68,3.51,3.52,395159
5-Dec-11,3.70,3.78,3.59,3.64,618341
2-Dec-11,3.54,3.54,3.54,3.54,0
1-Dec-11,3.38,3.54,3.34,3.45,388855
30-Nov-11,3.32,3.41,3.23,3.40,795304
29-Nov-11,3.25,3.25,3.16,3.18,233462
28-Nov-11,3.19,3.32,3.17,3.26,396440
25-Nov-11,3.15,3.21,3.10,3.10,178291
23-Nov-11,3.15,3.15,3.15,3.15,0
22-Nov-11,3.31,3.35,3.21,3.28,309140
21-Nov-11,3.33,3.41,3.30,3.31,236678
18-Nov-11,3.39,3.49,3.37,3.42,305928
17-Nov-11,3.42,3.42,3.42,3.42,0
16-Nov-11,3.51,3.54,3.46,3.47,209848
15-Nov-11,3.55,3.55,3.55,3.55,0
14-Nov-11,3.54,3.54,3.46,3.48,256892
11-Nov-11,3.51,3.59,3.49,3.59,272150
10-Nov-11,3.55,3.55,3.42,3.48,258857
9-Nov-11,3.52,3.58,3.49,3.49,312604
8-Nov-11,3.63,3.66,3.53,3.61,374337
7-Nov-11,3.58,3.58,3.58,3.58,0
4-Nov-11,3.68,3.69,3.60,3.66,680681
3-Nov-11,3.68,3.78,3.56,3.73,482924
2-Nov-11,3.50,3.66,3.50,3.66,471419
1-Nov-11,3.50,3.65,3.50,3.54,621033
31-Oct-11,3.52,3.63,3.52,3.60,328982
28-Oct-11,3.58,3.63,3.52,3.58,401367
27-Oct-11,3.60,3.63,3.50,3.60,997602
26-Oct-11,3.49,3.49,3.40,3.47,462510
25-Oct-11,3.49,3.50,3.40,3.42,332448
24-Oct-11,3.48,3.53,3.42,3.50,792532
21-Oct-11,3.48,3.52,3.44,3.46,442597
20-Oct-11,3.41,3.45,3.34,3.39,550121
19-Oct-11,3.45,3.49,3.38,3.39,396801
18-Oct-11,3.46,3.49,3.35,3.45,1255579
17-Oct-11,3.51,3.56,3.44,3.45,348020
14-Oct-11,3.55,3.55,3.55,3.55,0
13-Oct-11,3.75,3.79,3.54,3.55,453226
12-Oct-11,3.83,3.87,3.73,3.79,1094624
11-Oct-11,3.75,3.75,3.75,3.75,0
10-Oct-11,3.44,3.59,3.43,3.58,366996
7-Oct-11,3.50,3.55,3.36,3.38,312455
6-Oct-11,3.41,3.50,3.38,3.50,411974
5-Oct-11,3.43,3.49,3.34,3.43,439466
4-Oct-11,3.17,3.44,3.12,3.43,776480
3-Oct-11,3.25,3.25,3.25,3.25,0
30-Sep-11,3.48,3.62,3.31,3.33,640163
29-Sep-11,3.44,3.56,3.39,3.55,454274
