Date,Open,High,Low,Close,Volume
26-Sep-12,7.66,7.66,7.66,7.66,0
25-Sep-12,7.66,7.66,7.66,7.66,0
24-Sep-12,7.70,7.70,7.60,7.66,800
21-Sep-12,7.50,7.90,7.50,7.90,4638
20-Sep-12,7.50,7.50,7.50,7.50,100
19-Sep-12,7.46,7.46,7.46,7.46,300
18-Sep-12,7.34,7.34,7.34,7.34,0
17-Sep-12,7.33,7.34,7.30,7.34,3100
14-Sep-12,7.50,7.54,7.45,7.52,1200
13-Sep-12,7.48,7.49,7.48,7.49,3500
12-Sep-12,7.55,7.55,7.55,7.55,0
11-Sep-12,7.55,7.55,7.55,7.55,0
10-Sep-12,7.55,7.55,7.55,7.55,0
7-Sep-12,7.48,7.55,7.26,7.55,600
6-Sep-12,7.30,7.50,7.30,7.44,1000
5-Sep-12,7.30,7.30,7.30,7.30,1550
4-Sep-12,7.25,7.40,7.25,7.30,7430
31-Aug-12,7.25,7.25,7.25,7.25,397
30-Aug-12,7.21,7.25,7.21,7.25,1100
29-Aug-12,7.25,7.25,7.25,7.25,100
28-Aug-12,7.34,7.34,7.34,7.34,0
27-Aug-12,7.38,7.38,7.34,7.34,300
24-Aug-12,7.16,7.45,7.16,7.45,700
23-Aug-12,6.99,6.99,6.99,6.99,0
22-Aug-12,6.99,6.99,6.99,6.99,300
21-Aug-12,7.24,7.25,7.05,7.10,3866
20-Aug-12,7.24,7.24,7.24,7.24,0
17-Aug-12,7.24,7.24,7.24,7.24,0
16-Aug-12,7.34,7.35,7.24,7.24,300
15-Aug-12,6.99,6.99,6.99,6.99,0
14-Aug-12,6.97,6.99,6.96,6.99,400
13-Aug-12,6.76,6.96,6.72,6.72,400
10-Aug-12,6.74,7.15,6.74,6.75,2320
9-Aug-12,6.67,6.67,6.67,6.67,0
8-Aug-12,7.20,7.20,6.67,6.67,900
7-Aug-12,6.95,7.53,6.94,7.06,1701
6-Aug-12,6.91,6.91,6.91,6.91,0
3-Aug-12,6.91,6.91,6.91,6.91,100
2-Aug-12,6.82,6.82,6.82,6.82,334
1-Aug-12,7.00,7.00,7.00,7.00,0
31-Jul-12,7.05,7.09,6.73,7.00,1200
30-Jul-12,7.00,7.64,6.37,7.02,3896
27-Jul-12,7.12,7.12,7.10,7.10,326
26-Jul-12,7.29,7.50,6.91,7.28,2027
25-Jul-12,7.33,7.33,7.33,7.33,0
24-Jul-12,7.33,7.33,7.33,7.33,0
23-Jul-12,7.33,7.33,7.33,7.33,0
20-Jul-12,7.33,7.33,7.33,7.33,0
19-Jul-12,7.67,7.67,7.33,7.33,400
18-Jul-12,7.75,7.75,7.75,7.75,0
17-Jul-12,7.81,8.12,7.75,7.75,500
16-Jul-12,7.83,7.83,7.63,7.63,280
13-Jul-12,7.25,7.25,7.25,7.25,100
12-Jul-12,7.00,7.32,7.00,7.32,300
11-Jul-12,6.88,6.88,6.88,6.88,0
10-Jul-12,6.88,6.88,6.88,6.88,1000
9-Jul-12,6.44,6.68,6.44,6.58,550
6-Jul-12,6.47,6.65,6.47,6.65,900
5-Jul-12,6.62,6.62,6.33,6.41,500
3-Jul-12,6.70,6.70,6.70,6.70,0
2-Jul-12,6.47,6.70,6.30,6.70,1400
29-Jun-12,6.25,6.25,6.25,6.25,0
28-Jun-12,6.25,6.25,6.25,6.25,0
27-Jun-12,6.08,6.34,6.08,6.25,1100
26-Jun-12,6.00,6.22,5.98,5.98,980
25-Jun-12,6.19,6.19,6.19,6.19,100
22-Jun-12,6.66,6.66,6.12,6.12,400
21-Jun-12,6.67,6.67,6.67,6.67,0
20-Jun-12,6.70,6.70,6.52,6.67,1000
19-Jun-12,6.30,6.84,6.30,6.70,1700
18-Jun-12,6.50,6.50,6.26,6.26,1278
15-Jun-12,6.91,6.91,6.63,6.79,685
14-Jun-12,7.20,7.20,7.20,7.20,100
13-Jun-12,7.27,7.39,7.12,7.20,2000
12-Jun-12,8.02,8.02,7.02,7.02,4094
11-Jun-12,8.55,8.55,8.55,8.55,100
8-Jun-12,8.56,8.56,8.56,8.56,100
7-Jun-12,7.70,8.34,7.70,8.34,3200
6-Jun-12,8.31,8.31,8.31,8.31,0
5-Jun-12,8.31,8.31,8.31,8.31,230
4-Jun-12,8.20,8.51,7.98,8.51,600
1-Jun-12,8.17,8.20,8.17,8.20,300
31-May-12,8.17,8.18,8.17,8.18,200
30-May-12,8.16,8.16,8.16,8.16,100
29-May-12,8.04,8.04,8.04,8.04,0
25-May-12,8.04,8.04,8.04,8.04,100
24-May-12,8.09,8.09,8.09,8.09,111
23-May-12,7.77,7.77,7.77,7.77,0
22-May-12,8.10,8.10,7.77,7.77,264
21-May-12,7.96,8.10,7.96,8.10,300
18-May-12,8.15,8.15,7.82,7.96,1549
17-May-12,8.25,8.25,8.25,8.25,0
16-May-12,8.25,8.25,8.25,8.25,300
15-May-12,8.34,8.34,8.34,8.34,0
14-May-12,8.21,8.34,8.21,8.34,690
11-May-12,8.12,8.50,8.12,8.30,600
10-May-12,8.25,8.40,8.15,8.34,1528
9-May-12,8.24,8.25,8.22,8.25,900
8-May-12,8.20,8.20,8.20,8.20,210
7-May-12,8.30,8.30,8.30,8.30,0
4-May-12,8.28,8.30,8.28,8.30,200
3-May-12,8.27,8.27,8.27,8.27,102
2-May-12,7.98,7.98,7.98,7.98,110
1-May-12,8.15,8.15,8.00,8.00,300
30-Apr-12,8.20,8.20,8.20,8.20,0
27-Apr-12,8.48,8.48,8.08,8.20,719
26-Apr-12,8.47,8.47,8.47,8.47,200
25-Apr-12,7.95,8.27,7.90,8.27,800
24-Apr-12,7.85,8.08,7.85,8.08,700
23-Apr-12,7.69,7.69,7.69,7.69,200
20-Apr-12,7.62,7.83,7.62,7.80,1300
19-Apr-12,7.65,7.67,7.49,7.58,1700
18-Apr-12,7.70,7.70,7.70,7.70,0
17-Apr-12,7.69,7.70,7.69,7.70,500
16-Apr-12,7.69,7.69,7.67,7.67,1000
13-Apr-12,7.70,7.70,7.68,7.69,1000
12-Apr-12,7.50,7.75,7.50,7.71,1551
11-Apr-12,7.80,7.80,7.56,7.56,4310
10-Apr-12,8.00,8.00,7.90,7.90,930
9-Apr-12,8.05,8.05,8.01,8.01,1976
5-Apr-12,8.20,8.20,8.02,8.15,1800
4-Apr-12,8.55,8.55,8.55,8.55,0
3-Apr-12,8.25,8.55,8.20,8.55,300
2-Apr-12,8.22,8.65,8.09,8.39,2999
30-Mar-12,8.40,8.40,8.40,8.40,100
29-Mar-12,8.35,8.40,8.34,8.40,1338
28-Mar-12,8.68,8.68,8.50,8.56,800
27-Mar-12,8.40,8.41,8.06,8.30,5600
26-Mar-12,8.45,8.66,8.45,8.66,801
23-Mar-12,8.24,8.49,8.24,8.49,899
22-Mar-12,8.48,8.48,7.93,8.18,1352
21-Mar-12,8.13,8.13,8.13,8.13,0
20-Mar-12,8.13,8.13,8.13,8.13,0
19-Mar-12,7.93,8.13,7.92,8.13,700
16-Mar-12,8.05,8.20,8.05,8.20,232
15-Mar-12,7.87,7.98,7.66,7.95,1350
14-Mar-12,8.00,8.00,7.83,7.87,1960
13-Mar-12,8.18,8.18,8.18,8.18,0
12-Mar-12,8.17,8.18,8.17,8.18,840
9-Mar-12,8.18,8.20,8.18,8.20,200
8-Mar-12,8.14,8.14,8.14,8.14,100
7-Mar-12,8.08,8.08,8.08,8.08,0
6-Mar-12,8.08,8.08,8.08,8.08,100
5-Mar-12,7.98,7.98,7.98,7.98,100
2-Mar-12,7.80,7.84,7.80,7.84,200
1-Mar-12,7.97,7.97,7.97,7.97,100
29-Feb-12,7.85,8.00,7.85,7.97,4574
28-Feb-12,7.94,7.96,7.94,7.96,615
27-Feb-12,8.08,8.08,8.08,8.08,0
24-Feb-12,8.07,8.14,7.91,8.08,1240
23-Feb-12,8.15,8.15,8.15,8.15,0
22-Feb-12,8.18,8.18,8.15,8.15,300
21-Feb-12,8.35,8.38,8.04,8.38,7559
17-Feb-12,8.30,8.35,8.30,8.35,4788
16-Feb-12,8.04,8.04,8.04,8.04,0
15-Feb-12,8.34,8.34,8.04,8.04,320
14-Feb-12,7.98,7.98,7.98,7.98,100
13-Feb-12,7.98,7.98,7.98,7.98,0
9-Feb-12,7.98,7.98,7.98,7.98,0
8-Feb-12,8.04,8.10,8.04,8.10,750
7-Feb-12,8.26,8.26,8.25,8.25,800
6-Feb-12,8.37,8.38,8.37,8.38,200
3-Feb-12,8.35,8.36,8.35,8.36,1000
2-Feb-12,8.51,8.51,8.01,8.05,3298
27-Jan-12,8.74,8.74,8.74,8.74,0
26-Jan-12,8.74,8.74,8.74,8.74,200
25-Jan-12,8.66,8.66,8.50,8.60,1032
23-Jan-12,8.85,8.85,8.85,8.85,0
17-Jan-12,8.70,8.70,8.70,8.70,0
11-Jan-12,8.55,8.55,8.55,8.55,0
10-Jan-12,8.50,8.50,8.50,8.50,100
9-Jan-12,8.78,8.78,8.68,8.68,600
6-Jan-12,8.37,8.95,8.37,8.95,300
4-Jan-12,8.58,8.58,8.58,8.58,0
3-Jan-12,8.15,8.17,8.15,8.17,669
30-Dec-11,7.85,8.00,7.85,8.00,1792
29-Dec-11,8.00,8.00,8.00,8.00,240
28-Dec-11,8.20,8.20,8.20,8.20,800
27-Dec-11,8.02,8.02,8.02,8.02,300
21-Dec-11,8.22,8.22,8.22,8.22,0
20-Dec-11,8.14,8.14,7.80,7.90,2350
19-Dec-11,8.12,8.12,8.11,8.11,1395
15-Dec-11,8.29,8.29,8.29,8.29,0
14-Dec-11,8.11,8.11,8.11,8.11,3350
13-Dec-11,8.35,8.35,8.11,8.11,951
9-Dec-11,8.35,8.35,8.35,8.35,0
8-Dec-11,8.35,8.57,8.21,8.57,1000
7-Dec-11,8.53,8.53,8.44,8.53,772
6-Dec-11,8.53,8.82,8.51,8.61,1082
2-Dec-11,8.93,8.93,8.93,8.93,0
1-Dec-11,8.70,8.70,8.70,8.70,100
30-Nov-11,8.99,8.99,8.54,8.99,3262
28-Nov-11,9.05,9.05,9.05,9.05,0
22-Nov-11,9.18,9.18,9.18,9.18,0
21-Nov-11,9.02,9.02,8.80,8.80,550
17-Nov-11,9.00,9.00,9.00,9.00,0
16-Nov-11,8.98,8.98,8.98,8.98,0
15-Nov-11,8.42,8.42,8.11,8.35,5969
11-Nov-11,8.50,8.50,8.50,8.50,0
10-Nov-11,8.56,8.56,8.51,8.51,875
8-Nov-11,8.94,8.94,8.94,8.94,0
7-Nov-11,8.53,8.53,8.53,8.53,0
4-Nov-11,9.00,9.00,8.76,8.78,600
2-Nov-11,9.25,9.25,9.25,9.25,0
31-Oct-11,9.06,9.06,9.06,9.06,0
28-Oct-11,8.53,8.53,8.50,8.50,700
27-Oct-11,8.85,8.85,8.85,8.85,100
26-Oct-11,8.51,8.51,8.51,8.51,0
25-Oct-11,8.40,8.92,8.40,8.92,740
24-Oct-11,8.31,8.34,8.31,8.34,900
21-Oct-11,8.25,8.25,8.25,8.25,1200
20-Oct-11,8.22,8.26,8.20,8.26,4300
19-Oct-11,8.75,8.75,8.69,8.69,5300
18-Oct-11,8.85,8.85,8.75,8.75,2394
17-Oct-11,9.05,9.05,9.05,9.05,125
14-Oct-11,8.97,8.97,8.97,8.97,0
12-Oct-11,9.12,9.12,9.12,9.12,0
11-Oct-11,8.98,8.98,8.98,8.98,200
7-Oct-11,9.00,9.00,9.00,9.00,0
6-Oct-11,8.80,8.80,8.80,8.80,0
5-Oct-11,8.69,8.69,8.69,8.69,200
4-Oct-11,8.77,8.77,8.77,8.77,100
3-Oct-11,8.80,8.90,8.80,8.90,770
30-Sep-11,8.16,9.29,8.16,9.29,1702
