Date,Open,High,Low,Close,Volume
27-Sep-12,80.42,80.48,80.37,80.44,678000
26-Sep-12,80.37,80.43,80.31,80.37,382043
25-Sep-12,80.40,80.48,80.35,80.39,372707
24-Sep-12,80.33,80.40,80.31,80.40,240061
21-Sep-12,80.37,80.37,80.25,80.35,31697
20-Sep-12,80.33,80.38,80.30,80.33,54399
19-Sep-12,80.44,80.44,80.29,80.33,36533
18-Sep-12,80.42,80.42,80.30,80.36,19454
17-Sep-12,80.39,80.39,80.29,80.32,32451
14-Sep-12,80.28,80.32,80.19,80.29,43686
13-Sep-12,80.21,80.21,80.10,80.21,64255
12-Sep-12,80.13,80.13,80.08,80.12,27508
11-Sep-12,80.10,80.15,80.08,80.15,28310
10-Sep-12,80.12,80.13,80.08,80.13,38831
7-Sep-12,80.02,80.11,80.02,80.09,372559
6-Sep-12,79.99,79.99,79.90,79.96,404992
5-Sep-12,80.00,80.02,79.92,79.97,365449
4-Sep-12,80.17,80.17,80.01,80.02,260977
31-Aug-12,80.01,80.09,79.95,80.09,317276
30-Aug-12,80.07,80.11,80.02,80.11,332893
29-Aug-12,80.07,80.08,80.00,80.08,702423
28-Aug-12,80.02,80.05,79.97,80.03,240761
27-Aug-12,80.08,80.08,80.01,80.05,239380
24-Aug-12,80.02,80.02,79.94,79.99,305486
23-Aug-12,79.99,80.03,79.95,79.97,387513
22-Aug-12,79.94,80.00,79.86,79.99,239119
21-Aug-12,79.80,79.86,79.72,79.86,471149
20-Aug-12,79.68,79.78,79.65,79.77,247368
17-Aug-12,79.70,79.74,79.61,79.65,474580
16-Aug-12,79.76,79.78,79.57,79.60,424737
15-Aug-12,79.74,79.75,79.67,79.70,208471
14-Aug-12,79.76,79.77,79.68,79.69,225512
13-Aug-12,79.74,79.80,79.71,79.78,312306
10-Aug-12,79.75,79.76,79.65,79.65,220832
9-Aug-12,79.71,79.74,79.65,79.69,297003
8-Aug-12,79.75,79.79,79.65,79.72,394216
7-Aug-12,79.75,79.79,79.66,79.77,380343
6-Aug-12,79.83,79.83,79.73,79.77,266947
3-Aug-12,79.80,79.80,79.68,79.79,375152
2-Aug-12,79.83,79.87,79.70,79.79,315664
1-Aug-12,79.86,79.86,79.65,79.77,384978
31-Jul-12,79.78,79.78,79.55,79.72,409111
30-Jul-12,79.77,79.80,79.68,79.80,469555
27-Jul-12,79.65,79.73,79.62,79.73,270632
26-Jul-12,79.67,79.70,79.65,79.70,174456
25-Jul-12,79.60,79.66,79.58,79.64,178205
24-Jul-12,79.63,79.66,79.55,79.55,366788
23-Jul-12,79.72,79.72,79.54,79.55,373456
20-Jul-12,79.82,79.82,79.62,79.62,319034
19-Jul-12,79.77,79.77,79.68,79.73,248877
18-Jul-12,79.64,79.76,79.62,79.74,346553
17-Jul-12,79.64,79.65,79.60,79.64,259076
16-Jul-12,79.67,79.69,79.58,79.63,471889
13-Jul-12,79.56,79.61,79.47,79.60,145620
12-Jul-12,79.48,79.51,79.44,79.50,282248
11-Jul-12,79.48,79.48,79.40,79.45,238521
10-Jul-12,79.48,79.48,79.41,79.41,196567
9-Jul-12,79.46,79.46,79.38,79.41,286855
6-Jul-12,79.40,79.42,79.34,79.40,326257
5-Jul-12,79.25,79.39,79.21,79.38,279877
3-Jul-12,79.10,79.27,79.10,79.24,146502
2-Jul-12,79.27,79.27,79.10,79.14,199222
29-Jun-12,79.01,79.17,78.96,79.15,411812
28-Jun-12,79.19,79.22,79.11,79.19,235280
27-Jun-12,79.15,79.16,79.08,79.16,250905
26-Jun-12,79.13,79.13,79.04,79.11,209482
25-Jun-12,78.96,79.13,78.94,79.11,222195
22-Jun-12,79.07,79.12,79.01,79.12,217511
21-Jun-12,78.94,79.12,78.94,79.08,204484
20-Jun-12,79.09,79.12,79.00,79.06,205180
19-Jun-12,79.10,79.12,79.00,79.12,279373
18-Jun-12,79.00,79.03,78.91,79.03,401814
15-Jun-12,78.95,78.97,78.87,78.96,186409
14-Jun-12,78.82,78.90,78.79,78.88,207605
13-Jun-12,78.89,78.92,78.84,78.89,176485
12-Jun-12,79.00,79.00,78.83,78.83,286628
11-Jun-12,79.05,79.09,78.97,79.06,170042
8-Jun-12,79.01,79.07,78.94,79.02,408754
7-Jun-12,78.89,78.98,78.86,78.92,308225
6-Jun-12,78.86,78.92,78.83,78.90,379204
5-Jun-12,78.85,78.85,78.74,78.84,161654
4-Jun-12,78.85,78.89,78.74,78.86,571974
1-Jun-12,78.91,78.97,78.80,78.82,329255
31-May-12,78.96,78.96,78.90,78.95,213393
30-May-12,79.01,79.04,78.95,79.00,246654
29-May-12,78.98,79.01,78.90,78.98,143059
25-May-12,78.95,78.99,78.92,78.99,181650
24-May-12,78.91,78.96,78.85,78.89,274008
23-May-12,78.96,78.99,78.92,78.95,368844
22-May-12,78.95,78.97,78.89,78.95,252585
21-May-12,78.98,78.98,78.90,78.94,157948
18-May-12,79.02,79.03,78.91,79.01,190610
17-May-12,79.07,79.07,79.00,79.02,205880
16-May-12,79.19,79.19,79.10,79.18,312168
15-May-12,79.21,79.23,79.18,79.22,212221
14-May-12,79.18,79.23,79.15,79.23,217094
11-May-12,79.25,79.26,79.20,79.24,142767
10-May-12,79.28,79.30,79.18,79.24,273071
9-May-12,79.35,79.35,79.23,79.24,420345
8-May-12,79.29,79.33,79.28,79.29,239743
7-May-12,79.31,79.34,79.30,79.34,191701
4-May-12,79.32,79.32,79.27,79.29,160387
3-May-12,79.22,79.27,79.19,79.27,225841
2-May-12,79.22,79.25,79.20,79.25,173833
1-May-12,79.17,79.23,79.14,79.19,407499
30-Apr-12,79.25,79.26,79.20,79.22,309571
27-Apr-12,79.33,79.36,79.27,79.28,316094
26-Apr-12,79.27,79.33,79.25,79.32,205837
25-Apr-12,79.25,79.32,79.20,79.28,251461
24-Apr-12,79.21,79.24,79.18,79.24,157192
23-Apr-12,79.35,79.35,79.19,79.20,213599
20-Apr-12,79.24,79.26,79.14,79.24,398423
19-Apr-12,79.28,79.31,79.25,79.28,199368
18-Apr-12,79.25,79.26,79.20,79.25,282681
17-Apr-12,79.24,79.27,79.19,79.27,454891
16-Apr-12,79.18,79.26,79.15,79.25,800123
13-Apr-12,79.18,79.20,79.15,79.19,248737
12-Apr-12,79.15,79.19,79.07,79.19,552816
11-Apr-12,79.14,79.14,79.08,79.11,308024
10-Apr-12,79.16,79.16,79.02,79.09,608141
9-Apr-12,79.19,79.19,79.00,79.03,510529
5-Apr-12,79.05,79.06,79.00,79.03,237569
4-Apr-12,79.05,79.05,78.92,79.02,289906
3-Apr-12,79.00,79.13,78.89,78.97,627519
2-Apr-12,79.25,79.25,79.00,79.05,344475
30-Mar-12,79.22,79.24,79.01,79.04,299504
29-Mar-12,79.25,79.26,79.22,79.23,341971
28-Mar-12,79.28,79.29,79.21,79.25,487637
27-Mar-12,79.16,79.28,79.16,79.27,280531
26-Mar-12,79.16,79.20,79.06,79.20,290699
16-Mar-12,78.96,79.09,78.90,79.07,361189
15-Mar-12,78.96,79.04,78.93,78.98,266711
14-Mar-12,79.14,79.14,78.90,78.96,438555
13-Mar-12,79.17,79.17,79.17,79.17,0
12-Mar-12,79.24,79.24,79.15,79.19,195631
9-Mar-12,79.30,79.30,79.20,79.24,179260
8-Mar-12,79.32,79.32,79.20,79.26,232985
7-Mar-12,79.21,79.28,79.20,79.28,224306
6-Mar-12,79.32,79.32,79.23,79.25,214826
5-Mar-12,79.33,79.33,79.25,79.29,283710
1-Mar-12,79.20,79.29,79.16,79.28,464747
29-Feb-12,79.30,79.31,79.22,79.26,313190
28-Feb-12,79.26,79.37,79.26,79.34,290921
27-Feb-12,79.31,79.33,79.22,79.23,641604
24-Feb-12,79.21,79.23,79.12,79.23,550226
23-Feb-12,79.19,79.26,79.14,79.26,452203
22-Feb-12,79.15,79.17,79.09,79.15,1352008
21-Feb-12,79.15,79.15,79.06,79.12,465772
17-Feb-12,79.13,79.13,79.13,79.13,0
16-Feb-12,79.18,79.18,79.05,79.14,530532
15-Feb-12,79.12,79.17,79.06,79.15,494718
14-Feb-12,79.15,79.15,79.05,79.08,251986
13-Feb-12,79.16,79.16,79.03,79.04,267024
10-Feb-12,79.08,79.11,79.01,79.11,255774
9-Feb-12,79.07,79.12,79.00,79.01,171246
8-Feb-12,79.14,79.14,79.01,79.04,191440
7-Feb-12,79.08,79.08,78.96,79.02,232063
6-Feb-12,78.87,79.04,78.80,79.04,1353213
3-Feb-12,78.80,78.90,78.65,78.90,264978
2-Feb-12,78.81,78.81,78.54,78.59,659840
1-Feb-12,78.73,78.73,78.73,78.73,0
31-Jan-12,78.76,78.79,78.50,78.70,517171
30-Jan-12,78.83,78.84,78.78,78.82,214060
27-Jan-12,78.81,78.81,78.81,78.81,0
26-Jan-12,78.76,78.88,78.76,78.80,326543
25-Jan-12,78.67,78.77,78.55,78.76,211332
24-Jan-12,78.47,78.47,78.47,78.47,0
23-Jan-12,78.40,78.46,78.36,78.46,164713
20-Jan-12,78.30,78.37,78.28,78.33,136576
19-Jan-12,78.25,78.25,78.25,78.25,0
18-Jan-12,78.34,78.34,78.15,78.29,591607
17-Jan-12,78.33,78.33,78.17,78.21,171001
13-Jan-12,78.16,78.16,78.16,78.16,0
12-Jan-12,78.15,78.15,78.02,78.07,732114
11-Jan-12,78.01,78.07,77.97,78.05,367881
10-Jan-12,78.01,78.12,77.96,77.96,471868
9-Jan-12,78.01,78.01,77.92,77.98,275323
6-Jan-12,77.72,77.94,77.72,77.88,815813
5-Jan-12,77.76,77.89,77.73,77.86,163953
4-Jan-12,77.81,77.81,77.66,77.75,189905
3-Jan-12,77.68,77.85,77.65,77.78,339667
30-Dec-11,77.86,77.86,77.86,77.86,0
29-Dec-11,77.68,77.78,77.60,77.73,202248
28-Dec-11,77.72,77.72,77.57,77.60,503044
27-Dec-11,77.66,77.66,77.51,77.56,219885
23-Dec-11,77.71,77.71,77.71,77.71,0
22-Dec-11,77.83,77.88,77.78,77.88,223127
21-Dec-11,77.79,77.80,77.69,77.76,420812
20-Dec-11,77.82,77.90,77.75,77.87,246018
19-Dec-11,77.83,77.84,77.66,77.83,182373
16-Dec-11,77.78,77.85,77.74,77.83,153231
15-Dec-11,77.69,77.78,77.69,77.76,489014
14-Dec-11,77.67,77.75,77.65,77.74,520138
13-Dec-11,77.69,77.73,77.62,77.70,125109
12-Dec-11,77.70,77.71,77.63,77.68,416931
9-Dec-11,77.75,77.75,77.59,77.71,292398
8-Dec-11,77.60,77.74,77.60,77.70,160870
7-Dec-11,77.66,77.77,77.44,77.76,333602
6-Dec-11,77.38,77.55,77.37,77.55,191199
5-Dec-11,77.49,77.53,77.44,77.49,124634
2-Dec-11,77.34,77.41,77.30,77.32,376306
1-Dec-11,77.27,77.32,77.23,77.27,247088
30-Nov-11,77.23,77.28,77.21,77.27,116368
29-Nov-11,77.25,77.25,77.25,77.25,0
28-Nov-11,77.36,77.36,77.20,77.26,230586
25-Nov-11,77.09,77.40,77.09,77.29,103145
23-Nov-11,77.41,77.41,77.41,77.41,0
22-Nov-11,77.53,77.68,77.53,77.68,144590
21-Nov-11,77.81,77.81,77.63,77.72,194606
18-Nov-11,77.86,78.00,77.80,77.83,116028
17-Nov-11,78.01,78.06,77.96,77.99,259190
16-Nov-11,78.21,78.21,78.07,78.18,195840
15-Nov-11,78.15,78.15,78.03,78.14,282649
14-Nov-11,78.25,78.27,78.14,78.20,215145
11-Nov-11,78.25,78.27,78.15,78.22,177614
10-Nov-11,78.34,78.34,78.25,78.32,315342
9-Nov-11,78.24,78.33,78.12,78.27,213685
8-Nov-11,78.26,78.30,78.17,78.21,123922
7-Nov-11,78.25,78.27,78.15,78.24,125869
4-Nov-11,78.20,78.21,78.03,78.21,290344
3-Nov-11,78.19,78.19,78.07,78.16,156875
2-Nov-11,78.14,78.20,78.04,78.16,220176
1-Nov-11,78.19,78.19,78.00,78.14,203330
31-Oct-11,78.15,78.15,77.99,78.08,189096
28-Oct-11,77.97,78.15,77.97,78.10,132334
27-Oct-11,78.10,78.26,77.94,78.00,177244
26-Oct-11,78.02,78.02,77.91,78.02,227430
25-Oct-11,77.77,77.96,77.77,77.96,135963
24-Oct-11,78.06,78.06,77.76,77.76,306567
21-Oct-11,77.94,77.94,77.81,77.87,198463
20-Oct-11,77.80,77.80,77.66,77.71,102106
19-Oct-11,77.94,77.94,77.68,77.68,249117
18-Oct-11,77.73,77.77,77.67,77.74,816111
17-Oct-11,77.86,77.86,77.66,77.70,92776
14-Oct-11,77.66,77.71,77.50,77.67,101750
13-Oct-11,77.51,77.59,77.49,77.53,143553
12-Oct-11,77.41,77.58,77.32,77.55,127581
11-Oct-11,77.27,77.32,77.21,77.32,114346
10-Oct-11,77.64,77.64,77.14,77.22,125098
7-Oct-11,77.42,77.42,77.42,77.42,0
6-Oct-11,77.25,77.40,77.25,77.38,243236
5-Oct-11,77.40,77.40,77.26,77.40,238336
4-Oct-11,77.59,77.59,77.30,77.40,175022
3-Oct-11,77.37,77.66,77.37,77.59,1098165
30-Sep-11,77.53,77.66,77.53,77.62,171285
29-Sep-11,77.82,77.82,77.63,77.71,240834
