Date,Open,High,Low,Close,Volume
27-Sep-12,23.76,24.12,23.76,24.12,6249
26-Sep-12,23.68,23.74,23.60,23.74,8064
25-Sep-12,24.15,24.15,23.80,23.80,7615
24-Sep-12,24.48,24.62,23.94,24.43,18253
21-Sep-12,24.30,24.43,24.30,24.43,1650
20-Sep-12,24.47,24.47,24.28,24.44,5067
19-Sep-12,24.14,24.45,23.99,24.35,11130
18-Sep-12,24.10,24.13,23.66,23.96,6180
17-Sep-12,24.00,24.13,23.73,24.00,18645
14-Sep-12,24.32,24.35,23.86,24.14,10731
13-Sep-12,24.18,24.39,23.95,24.21,4000
12-Sep-12,23.95,24.09,23.72,23.97,4008
11-Sep-12,23.73,23.87,23.70,23.87,7174
10-Sep-12,23.66,23.79,23.65,23.66,3236
7-Sep-12,23.63,23.78,23.57,23.70,5084
6-Sep-12,23.63,23.83,23.60,23.81,6238
5-Sep-12,23.46,23.71,23.38,23.60,14086
4-Sep-12,23.51,23.69,23.51,23.69,4794
31-Aug-12,23.84,23.84,23.52,23.52,2390
30-Aug-12,23.69,23.75,23.52,23.52,4140
29-Aug-12,23.74,23.74,23.40,23.52,4504
28-Aug-12,23.74,23.74,23.36,23.46,5556
27-Aug-12,23.50,23.61,23.50,23.61,7249
24-Aug-12,23.34,23.50,23.33,23.49,13803
23-Aug-12,23.72,23.72,23.39,23.41,3792
22-Aug-12,23.61,23.61,23.50,23.55,2200
21-Aug-12,23.49,23.78,23.31,23.61,8251
20-Aug-12,23.38,23.68,23.38,23.58,9079
17-Aug-12,23.50,23.87,23.50,23.67,920
16-Aug-12,23.54,23.71,23.33,23.33,2940
15-Aug-12,23.46,23.54,23.30,23.54,2410
14-Aug-12,23.45,23.45,23.30,23.30,1400
13-Aug-12,23.68,23.68,23.17,23.47,6425
10-Aug-12,24.47,24.47,24.10,24.25,10366
9-Aug-12,24.40,24.40,24.40,24.40,300
8-Aug-12,24.60,24.97,24.48,24.49,1800
7-Aug-12,24.49,24.72,24.19,24.19,2757
6-Aug-12,24.51,24.85,24.51,24.53,3142
3-Aug-12,24.24,24.50,24.24,24.50,1420
2-Aug-12,24.35,24.51,24.02,24.20,10550
1-Aug-12,24.60,24.65,24.23,24.38,4847
31-Jul-12,24.32,24.85,24.00,24.60,9208
30-Jul-12,24.49,24.49,23.86,24.31,14959
27-Jul-12,24.26,24.82,23.81,24.49,10425
26-Jul-12,24.85,24.85,24.24,24.42,6165
25-Jul-12,24.48,24.94,24.35,24.85,10628
24-Jul-12,24.41,24.87,24.24,24.83,18354
23-Jul-12,24.14,24.45,23.77,24.45,23793
20-Jul-12,23.97,24.78,23.95,24.28,29710
19-Jul-12,23.91,24.49,23.80,24.20,24339
18-Jul-12,22.88,24.20,22.88,23.76,56748
17-Jul-12,22.39,23.39,22.19,23.15,55231
16-Jul-12,22.27,22.70,22.19,22.42,26788
13-Jul-12,22.40,22.68,22.10,22.27,19068
12-Jul-12,22.80,22.82,22.57,22.74,2664
11-Jul-12,22.79,22.95,22.62,22.82,5300
10-Jul-12,22.59,22.85,22.37,22.79,19045
9-Jul-12,23.10,23.10,22.75,22.83,18520
6-Jul-12,22.70,23.33,22.70,23.15,12090
5-Jul-12,22.50,22.85,22.50,22.76,6345
3-Jul-12,22.22,22.38,22.20,22.38,5924
2-Jul-12,22.58,22.95,22.10,22.23,16360
29-Jun-12,22.95,22.95,22.52,22.60,8399
28-Jun-12,23.30,23.30,22.60,23.10,18108
27-Jun-12,22.60,23.07,22.60,23.07,5535
26-Jun-12,22.29,22.79,22.19,22.79,20513
25-Jun-12,22.76,23.10,22.16,22.47,27193
22-Jun-12,22.84,22.92,22.71,22.90,9779
21-Jun-12,22.93,22.95,22.31,22.83,18025
20-Jun-12,22.80,22.96,22.50,22.93,21280
19-Jun-12,23.15,23.30,21.85,22.58,53262
18-Jun-12,23.30,23.47,23.13,23.29,8608
15-Jun-12,23.30,23.30,23.20,23.30,7164
14-Jun-12,23.08,23.30,23.08,23.25,5825
13-Jun-12,22.88,23.50,22.59,23.15,12100
12-Jun-12,23.20,23.20,22.59,23.05,18817
11-Jun-12,23.23,23.45,22.86,23.18,16122
8-Jun-12,22.59,23.27,22.57,23.27,12751
7-Jun-12,23.16,23.16,22.06,22.49,42892
6-Jun-12,23.39,23.49,22.82,23.25,16804
5-Jun-12,23.25,23.40,22.88,23.27,7565
4-Jun-12,23.31,23.45,23.20,23.28,1705
1-Jun-12,23.40,23.40,22.90,23.29,8406
31-May-12,23.79,23.79,23.22,23.42,13279
30-May-12,24.40,24.44,23.66,23.99,16151
29-May-12,24.62,24.62,24.35,24.60,3400
25-May-12,24.45,24.53,24.34,24.35,2900
24-May-12,24.01,24.38,23.61,24.38,7827
23-May-12,23.82,23.99,23.31,23.99,3300
22-May-12,23.85,24.02,23.77,23.98,9010
21-May-12,23.18,23.75,22.85,23.75,17625
18-May-12,23.67,23.67,23.18,23.18,12626
17-May-12,24.05,24.05,23.60,23.81,18805
16-May-12,25.13,25.13,23.16,24.05,63749
15-May-12,25.17,25.22,25.17,25.22,1100
14-May-12,25.25,25.30,25.17,25.25,1350
11-May-12,25.35,25.35,25.21,25.25,3100
10-May-12,25.28,25.44,25.24,25.28,7675
9-May-12,25.34,25.34,25.25,25.25,1200
8-May-12,25.21,25.25,25.17,25.17,2045
7-May-12,25.33,25.35,25.18,25.21,1701
4-May-12,25.17,25.17,25.17,25.17,0
3-May-12,25.35,25.38,25.17,25.17,1870
2-May-12,25.33,25.38,25.19,25.38,2000
1-May-12,25.17,25.17,25.17,25.17,0
30-Apr-12,25.17,25.17,25.17,25.17,799
27-Apr-12,25.17,25.17,25.16,25.17,600
26-Apr-12,25.25,25.25,25.15,25.15,3700
25-Apr-12,25.21,25.21,25.10,25.12,2042
24-Apr-12,25.14,25.18,25.03,25.03,700
23-Apr-12,25.06,25.19,25.01,25.11,3056
20-Apr-12,25.20,25.20,25.05,25.06,1185
19-Apr-12,25.26,25.26,25.26,25.26,0
18-Apr-12,25.26,25.26,25.26,25.26,0
17-Apr-12,25.36,25.36,25.26,25.26,900
16-Apr-12,25.10,25.10,25.00,25.10,5210
13-Apr-12,25.02,25.02,25.00,25.00,1809
12-Apr-12,25.09,25.13,25.08,25.08,1151
11-Apr-12,25.09,25.20,25.09,25.19,800
10-Apr-12,25.04,25.10,25.02,25.07,2209
9-Apr-12,25.15,25.15,25.10,25.10,1995
5-Apr-12,25.24,25.37,25.03,25.15,25753
4-Apr-12,25.14,25.29,25.02,25.09,2014
3-Apr-12,25.13,25.30,25.12,25.25,1885
2-Apr-12,25.11,25.11,25.08,25.08,1991
30-Mar-12,25.27,25.70,25.10,25.10,26572
29-Mar-12,25.17,25.25,25.10,25.19,1092
28-Mar-12,25.40,25.40,25.08,25.08,992
27-Mar-12,25.30,25.30,25.15,25.15,700
26-Mar-12,25.28,25.28,25.28,25.28,200
23-Mar-12,25.11,25.44,25.07,25.40,2600
22-Mar-12,25.25,25.25,25.25,25.25,0
21-Mar-12,25.25,25.25,25.25,25.25,505
20-Mar-12,25.22,25.25,25.22,25.24,1900
19-Mar-12,25.11,25.11,25.05,25.05,600
16-Mar-12,25.28,25.28,25.28,25.28,500
15-Mar-12,25.34,25.35,25.20,25.21,1000
14-Mar-12,25.25,25.33,25.22,25.33,1633
13-Mar-12,25.45,25.46,25.24,25.28,6221
12-Mar-12,25.52,25.55,25.35,25.48,2315
9-Mar-12,25.50,25.65,25.50,25.65,200
8-Mar-12,25.45,25.50,25.45,25.50,750
7-Mar-12,25.47,25.50,25.33,25.50,2000
6-Mar-12,25.55,25.55,25.54,25.54,1500
5-Mar-12,25.47,25.62,25.47,25.60,807
2-Mar-12,25.60,25.83,25.59,25.71,3367
1-Mar-12,25.37,25.85,25.37,25.61,2222
29-Feb-12,25.16,25.31,25.16,25.30,3954
28-Feb-12,25.37,25.52,25.30,25.30,2700
27-Feb-12,25.32,25.32,25.25,25.25,3855
24-Feb-12,25.25,25.54,25.08,25.32,6255
23-Feb-12,25.25,25.26,25.05,25.15,5770
22-Feb-12,25.15,25.32,25.15,25.31,6628
21-Feb-12,25.42,25.43,25.06,25.07,5483
17-Feb-12,25.20,25.30,25.20,25.30,2000
16-Feb-12,25.21,25.23,25.06,25.19,2550
15-Feb-12,25.23,25.23,25.14,25.22,1000
14-Feb-12,25.14,25.25,25.00,25.00,2900
13-Feb-12,25.50,25.50,25.17,25.17,6520
10-Feb-12,26.00,26.15,25.86,26.15,5892
9-Feb-12,25.95,26.00,25.81,26.00,3772
8-Feb-12,25.88,26.22,25.88,25.94,5500
7-Feb-12,26.20,26.20,25.87,25.87,964
6-Feb-12,26.23,26.57,26.06,26.23,4272
3-Feb-12,25.90,26.41,25.90,26.35,3790
2-Feb-12,26.00,26.20,26.00,26.14,3160
1-Feb-12,25.85,26.15,25.85,26.09,5940
31-Jan-12,25.69,25.69,25.68,25.68,800
30-Jan-12,25.72,25.75,25.67,25.70,3955
27-Jan-12,25.60,25.75,25.60,25.75,1900
26-Jan-12,25.37,25.62,25.35,25.62,2100
25-Jan-12,25.46,25.49,25.46,25.49,525
24-Jan-12,25.34,25.34,25.32,25.32,700
23-Jan-12,25.34,25.35,25.31,25.35,2400
20-Jan-12,25.35,25.35,25.32,25.32,700
19-Jan-12,25.20,25.35,25.20,25.35,1335
18-Jan-12,25.21,25.21,25.17,25.18,500
17-Jan-12,25.20,25.34,25.20,25.34,1575
13-Jan-12,25.30,25.30,25.30,25.30,0
12-Jan-12,25.19,25.26,25.14,25.20,1300
11-Jan-12,25.26,25.30,24.77,25.04,6056
10-Jan-12,25.40,25.49,25.24,25.26,11563
9-Jan-12,25.40,25.40,25.25,25.25,3580
6-Jan-12,25.40,25.41,25.38,25.38,2525
5-Jan-12,25.40,25.49,25.40,25.45,1650
4-Jan-12,25.22,25.40,25.22,25.38,450
3-Jan-12,25.65,25.65,25.20,25.20,2100
30-Dec-11,25.20,25.20,25.20,25.20,0
29-Dec-11,25.12,25.12,25.12,25.12,160
28-Dec-11,25.20,25.35,25.20,25.35,600
27-Dec-11,25.20,25.38,25.20,25.38,1100
23-Dec-11,25.28,25.28,25.28,25.28,0
22-Dec-11,25.16,25.23,25.16,25.23,900
21-Dec-11,25.02,25.17,25.02,25.17,1651
20-Dec-11,25.09,25.10,25.09,25.10,1650
19-Dec-11,25.00,25.10,25.00,25.00,900
16-Dec-11,25.00,25.00,24.83,24.83,630
15-Dec-11,24.99,24.99,24.77,24.97,2300
14-Dec-11,25.17,25.17,24.99,24.99,200
13-Dec-11,25.02,25.15,25.02,25.05,1252
12-Dec-11,24.84,24.84,24.84,24.84,200
9-Dec-11,24.86,24.90,24.76,24.76,1467
8-Dec-11,24.96,24.97,24.86,24.86,1035
7-Dec-11,25.10,25.15,25.00,25.14,1200
6-Dec-11,25.20,25.20,25.11,25.11,1084
5-Dec-11,25.24,25.24,25.11,25.12,1600
2-Dec-11,25.01,25.03,25.01,25.03,2650
1-Dec-11,24.99,24.99,24.99,24.99,0
30-Nov-11,25.04,25.17,24.93,25.17,4800
29-Nov-11,24.94,25.10,24.94,25.08,3500
28-Nov-11,24.82,25.02,24.82,24.95,2437
25-Nov-11,24.91,24.91,24.91,24.91,100
23-Nov-11,24.75,24.75,24.75,24.75,0
22-Nov-11,24.88,24.95,24.88,24.95,2700
21-Nov-11,24.56,24.69,24.48,24.69,4016
18-Nov-11,24.71,24.71,24.67,24.67,400
17-Nov-11,24.73,24.73,24.73,24.73,0
16-Nov-11,24.60,25.04,24.36,24.65,10149
15-Nov-11,24.93,24.93,24.74,24.90,3300
14-Nov-11,24.96,25.14,24.92,25.14,2000
10-Nov-11,25.14,25.14,25.14,25.14,0
9-Nov-11,25.09,25.09,25.09,25.09,0
8-Nov-11,25.10,25.15,25.10,25.15,2600
7-Nov-11,25.15,25.15,25.15,25.15,0
4-Nov-11,25.24,25.49,25.20,25.20,2137
3-Nov-11,25.07,25.07,24.95,24.95,625
2-Nov-11,25.07,25.25,24.95,25.25,1263
1-Nov-11,24.32,25.25,24.32,25.12,7874
31-Oct-11,25.00,25.15,24.87,25.12,5100
28-Oct-11,24.95,25.00,24.94,24.95,4900
27-Oct-11,24.69,25.00,24.69,24.87,17545
26-Oct-11,24.51,24.90,24.35,24.88,9600
25-Oct-11,24.62,24.63,24.35,24.49,6000
24-Oct-11,24.39,24.64,24.39,24.52,7262
21-Oct-11,24.33,24.40,24.30,24.40,1820
20-Oct-11,24.19,24.25,24.19,24.25,700
19-Oct-11,24.15,24.25,24.03,24.22,3950
18-Oct-11,23.89,24.09,23.89,24.09,7012
17-Oct-11,24.12,24.13,24.12,24.13,1300
14-Oct-11,24.12,24.13,23.96,24.00,3318
13-Oct-11,24.05,24.06,23.95,23.97,3554
12-Oct-11,24.11,24.20,24.00,24.00,13000
11-Oct-11,24.07,24.09,23.92,24.05,18279
10-Oct-11,24.18,24.18,23.90,24.10,2766
7-Oct-11,24.20,24.25,23.55,23.96,2802
6-Oct-11,23.99,24.16,23.99,24.04,2898
5-Oct-11,24.10,24.11,24.06,24.06,1300
4-Oct-11,24.10,24.25,23.91,24.10,3800
3-Oct-11,24.27,24.39,24.25,24.29,2500
30-Sep-11,24.50,24.50,24.30,24.30,1300
