Date,Open,High,Low,Close,Volume
27-Sep-12,5.45,5.50,5.34,5.42,313328
26-Sep-12,5.53,5.60,5.40,5.44,382405
25-Sep-12,5.54,5.57,5.40,5.45,182341
24-Sep-12,5.47,5.60,5.43,5.49,257977
21-Sep-12,5.63,5.63,5.36,5.46,161625
20-Sep-12,5.51,5.63,5.51,5.54,22975
19-Sep-12,5.43,5.70,5.43,5.56,68861
18-Sep-12,5.44,5.52,5.36,5.45,55383
17-Sep-12,5.49,5.54,5.34,5.42,81872
14-Sep-12,5.47,5.58,5.43,5.58,49189
13-Sep-12,5.40,5.49,5.35,5.45,60359
12-Sep-12,5.44,5.50,5.31,5.38,81650
11-Sep-12,5.27,5.46,5.27,5.38,107505
10-Sep-12,5.27,5.33,5.26,5.28,31539
7-Sep-12,5.11,5.45,5.05,5.27,574575
6-Sep-12,5.01,5.20,4.98,5.04,330990
5-Sep-12,4.91,5.08,4.91,4.96,266567
4-Sep-12,4.96,5.03,4.81,4.91,367082
31-Aug-12,4.97,5.02,4.83,4.97,209423
30-Aug-12,4.97,5.10,4.90,4.92,243889
29-Aug-12,4.83,5.11,4.80,4.98,332819
28-Aug-12,4.84,4.88,4.78,4.82,110583
27-Aug-12,4.91,5.00,4.75,4.83,220580
24-Aug-12,4.83,4.98,4.83,4.90,118324
23-Aug-12,4.81,4.89,4.81,4.84,50740
22-Aug-12,4.81,4.97,4.80,4.84,149130
21-Aug-12,4.84,4.99,4.77,4.83,251532
20-Aug-12,4.84,4.90,4.78,4.84,145254
17-Aug-12,4.80,4.87,4.76,4.84,73312
16-Aug-12,4.67,4.97,4.60,4.81,286929
15-Aug-12,4.69,4.74,4.62,4.65,42407
14-Aug-12,4.78,4.91,4.67,4.67,118712
13-Aug-12,4.72,4.73,4.55,4.73,133074
10-Aug-12,4.68,4.78,4.62,4.74,254234
9-Aug-12,4.78,4.83,4.67,4.71,155142
8-Aug-12,4.81,4.99,4.75,4.78,204036
7-Aug-12,4.88,4.95,4.80,4.85,107744
6-Aug-12,4.77,4.84,4.76,4.83,58509
3-Aug-12,4.80,4.86,4.76,4.78,202274
2-Aug-12,4.74,4.79,4.68,4.76,172356
1-Aug-12,5.00,5.00,4.79,4.79,374080
31-Jul-12,4.82,5.00,4.82,4.98,351183
30-Jul-12,4.67,4.97,4.66,4.81,509197
27-Jul-12,4.63,4.70,4.55,4.67,183237
26-Jul-12,4.61,4.67,4.58,4.64,191443
25-Jul-12,4.51,4.72,4.47,4.53,110390
24-Jul-12,4.45,4.58,4.35,4.47,246784
23-Jul-12,4.60,4.62,4.49,4.49,145242
20-Jul-12,4.70,4.73,4.64,4.66,130202
19-Jul-12,4.85,4.85,4.75,4.75,69317
18-Jul-12,4.81,4.86,4.78,4.82,130641
17-Jul-12,4.85,4.89,4.68,4.84,538506
16-Jul-12,4.94,4.98,4.86,4.87,76617
13-Jul-12,4.99,5.14,4.92,4.97,160894
12-Jul-12,5.17,5.21,4.92,4.95,243529
11-Jul-12,5.25,5.25,5.15,5.19,173834
10-Jul-12,5.27,5.36,5.15,5.22,335972
9-Jul-12,4.90,5.25,4.85,5.22,365846
6-Jul-12,5.21,5.27,4.94,5.02,1669678
5-Jul-12,5.57,5.57,5.28,5.30,367793
3-Jul-12,5.52,5.60,5.52,5.57,169601
2-Jul-12,5.63,5.63,5.33,5.55,411815
29-Jun-12,5.72,5.73,5.48,5.58,253644
28-Jun-12,5.79,5.79,5.54,5.56,283407
27-Jun-12,5.51,5.86,5.51,5.85,167820
26-Jun-12,5.65,5.65,5.52,5.54,71163
25-Jun-12,5.59,5.64,5.43,5.62,156641
22-Jun-12,5.61,5.70,5.52,5.67,731962
21-Jun-12,5.74,5.78,5.58,5.60,232248
20-Jun-12,5.81,5.85,5.66,5.73,161178
19-Jun-12,5.80,5.95,5.66,5.82,272391
18-Jun-12,5.77,5.94,5.76,5.81,237803
15-Jun-12,5.78,5.92,5.71,5.82,494833
14-Jun-12,5.48,5.85,5.48,5.75,581365
13-Jun-12,5.39,6.15,5.39,5.45,3137506
12-Jun-12,5.39,5.44,5.28,5.44,84597
11-Jun-12,5.52,5.65,5.38,5.39,201857
8-Jun-12,5.36,5.59,5.32,5.50,125169
7-Jun-12,5.43,5.50,5.32,5.37,226904
6-Jun-12,5.21,5.46,5.20,5.40,127846
5-Jun-12,5.08,5.22,5.05,5.16,244883
4-Jun-12,5.16,5.21,5.04,5.12,162824
1-Jun-12,5.28,5.30,5.10,5.14,181590
31-May-12,5.41,5.43,5.25,5.37,296305
30-May-12,5.50,5.50,5.35,5.42,132317
29-May-12,5.35,5.62,5.33,5.50,297368
25-May-12,5.34,5.40,5.30,5.33,135451
24-May-12,5.30,5.37,5.26,5.37,219736
23-May-12,5.28,5.33,5.21,5.31,178878
22-May-12,5.38,5.42,5.28,5.33,196750
21-May-12,5.37,5.46,5.27,5.40,298459
18-May-12,5.41,5.41,5.17,5.33,985405
17-May-12,5.44,5.53,5.38,5.41,185514
16-May-12,5.50,5.57,5.42,5.43,145214
15-May-12,5.49,5.60,5.42,5.49,223257
14-May-12,5.50,5.58,5.43,5.50,177542
11-May-12,5.50,5.56,5.44,5.50,137856
10-May-12,5.57,5.63,5.48,5.54,139733
9-May-12,5.55,5.67,5.41,5.51,245847
8-May-12,5.50,5.60,5.40,5.59,239501
7-May-12,5.50,5.60,5.40,5.52,129722
4-May-12,5.81,5.84,5.50,5.50,300199
3-May-12,5.84,5.93,5.71,5.86,304841
2-May-12,5.76,5.86,5.75,5.82,125325
1-May-12,5.82,5.94,5.70,5.77,283325
30-Apr-12,5.99,6.00,5.83,5.86,169680
27-Apr-12,5.88,6.10,5.86,6.02,149546
26-Apr-12,5.80,5.89,5.71,5.87,151269
25-Apr-12,5.80,5.90,5.73,5.84,261451
24-Apr-12,5.61,5.78,5.58,5.77,155248
23-Apr-12,5.58,5.68,5.52,5.62,211133
20-Apr-12,5.62,5.84,5.49,5.68,247033
19-Apr-12,5.92,5.98,5.46,5.57,488386
18-Apr-12,6.03,6.11,5.87,5.93,162627
17-Apr-12,6.01,6.09,5.89,6.05,223787
16-Apr-12,6.05,6.23,5.92,5.95,414787
13-Apr-12,6.30,6.44,6.20,6.20,151274
12-Apr-12,6.23,6.45,6.23,6.35,291721
11-Apr-12,6.20,6.37,6.12,6.18,172674
10-Apr-12,6.62,6.67,6.10,6.14,281903
9-Apr-12,6.55,6.70,6.51,6.60,197880
5-Apr-12,6.64,6.75,6.56,6.67,226068
4-Apr-12,6.65,6.90,6.54,6.65,353679
3-Apr-12,6.78,6.86,6.66,6.68,128181
2-Apr-12,6.80,6.84,6.65,6.80,195878
30-Mar-12,6.86,6.90,6.72,6.76,300939
29-Mar-12,6.84,6.89,6.70,6.79,181931
28-Mar-12,6.93,7.02,6.61,6.84,276423
27-Mar-12,7.00,7.00,6.87,6.95,264745
26-Mar-12,6.88,7.00,6.81,6.98,252102
23-Mar-12,6.68,6.84,6.60,6.80,204531
22-Mar-12,6.75,6.79,6.51,6.64,359420
21-Mar-12,6.88,6.93,6.74,6.81,156621
20-Mar-12,6.93,7.08,6.79,6.85,196480
19-Mar-12,6.94,7.06,6.94,6.98,180497
16-Mar-12,6.96,7.09,6.85,6.95,270307
15-Mar-12,6.99,7.08,6.73,6.96,237661
14-Mar-12,6.84,7.00,6.72,6.96,216067
13-Mar-12,6.91,6.95,6.71,6.83,303652
12-Mar-12,7.01,7.07,6.82,6.85,1104733
9-Mar-12,7.06,7.13,6.97,7.01,357132
8-Mar-12,7.09,7.16,7.03,7.07,293688
7-Mar-12,7.09,7.26,7.01,7.06,295409
6-Mar-12,7.11,7.15,6.95,7.11,344318
5-Mar-12,7.08,7.31,7.04,7.19,284881
2-Mar-12,7.10,7.24,7.01,7.06,361324
1-Mar-12,7.01,7.29,7.01,7.08,416488
29-Feb-12,7.48,7.58,6.98,6.98,579644
28-Feb-12,7.29,7.55,7.29,7.48,508260
27-Feb-12,7.25,7.44,7.07,7.31,536172
24-Feb-12,7.36,7.46,7.21,7.32,455161
23-Feb-12,7.47,7.54,7.33,7.35,171317
22-Feb-12,7.38,7.70,7.36,7.43,344758
21-Feb-12,7.55,7.65,7.30,7.41,766244
17-Feb-12,7.55,7.59,7.45,7.53,150128
16-Feb-12,7.48,7.58,7.41,7.55,285955
15-Feb-12,7.74,7.78,7.31,7.52,574165
14-Feb-12,7.74,7.81,7.56,7.75,245945
13-Feb-12,7.79,7.85,7.71,7.80,283807
10-Feb-12,7.70,7.81,7.66,7.79,196255
9-Feb-12,7.83,7.90,7.58,7.76,548700
8-Feb-12,7.63,7.89,7.54,7.85,677899
7-Feb-12,7.53,7.65,7.43,7.62,416154
6-Feb-12,7.38,7.59,7.32,7.52,255905
3-Feb-12,7.37,7.45,7.21,7.39,393563
2-Feb-12,7.19,7.19,7.19,7.19,0
1-Feb-12,7.20,7.28,7.07,7.23,523507
31-Jan-12,7.02,7.02,7.02,7.02,0
30-Jan-12,6.59,6.99,6.55,6.97,535436
27-Jan-12,6.41,7.03,6.41,7.00,1657004
26-Jan-12,6.39,6.47,6.32,6.45,192876
25-Jan-12,6.50,6.50,6.32,6.35,275634
24-Jan-12,6.32,6.50,6.30,6.49,313535
23-Jan-12,6.35,6.40,6.30,6.33,168734
20-Jan-12,6.33,6.38,6.23,6.37,111005
19-Jan-12,6.28,6.28,6.28,6.28,0
18-Jan-12,6.20,6.35,6.20,6.33,213436
17-Jan-12,6.28,6.35,6.17,6.24,249455
13-Jan-12,6.27,6.27,6.27,6.27,0
12-Jan-12,6.33,6.43,6.22,6.25,213136
11-Jan-12,6.30,6.43,6.23,6.36,284199
10-Jan-12,6.15,6.26,5.95,6.26,442687
9-Jan-12,6.13,6.13,6.13,6.13,0
6-Jan-12,6.20,6.25,6.12,6.13,134024
5-Jan-12,6.19,6.39,6.10,6.20,280876
4-Jan-12,6.37,6.42,6.19,6.20,399335
3-Jan-12,6.36,6.36,6.36,6.36,0
30-Dec-11,6.26,6.26,6.26,6.26,0
29-Dec-11,6.15,6.22,6.04,6.22,257977
28-Dec-11,6.14,6.14,6.14,6.14,0
27-Dec-11,6.19,6.36,6.10,6.23,239299
23-Dec-11,6.21,6.21,6.21,6.21,0
22-Dec-11,6.33,6.33,6.33,6.33,0
21-Dec-11,6.30,6.35,6.07,6.29,241117
20-Dec-11,6.29,6.29,6.29,6.29,0
19-Dec-11,6.64,7.06,6.17,6.22,1126529
16-Dec-11,6.44,6.63,6.31,6.47,725714
15-Dec-11,6.51,6.51,6.51,6.51,0
14-Dec-11,6.36,6.45,6.12,6.21,292303
13-Dec-11,6.39,6.63,6.27,6.45,800263
12-Dec-11,6.37,6.37,6.37,6.37,0
9-Dec-11,5.94,6.30,5.79,6.19,347926
8-Dec-11,6.00,6.10,5.88,5.89,273703
7-Dec-11,5.95,5.95,5.95,5.95,0
6-Dec-11,5.40,5.80,5.36,5.65,727797
5-Dec-11,5.44,5.50,5.35,5.41,344056
2-Dec-11,5.40,5.40,5.40,5.40,0
1-Dec-11,5.50,5.55,5.36,5.40,328024
30-Nov-11,5.23,5.23,5.23,5.23,0
29-Nov-11,4.98,5.15,4.93,5.12,933524
28-Nov-11,4.93,4.93,4.93,4.93,0
25-Nov-11,4.89,5.07,4.78,4.80,139287
23-Nov-11,4.98,4.98,4.98,4.98,0
22-Nov-11,5.11,5.21,5.05,5.19,577035
21-Nov-11,4.95,5.16,4.92,5.15,768519
18-Nov-11,4.86,5.03,4.86,5.01,1153948
17-Nov-11,4.82,4.88,4.70,4.87,507872
16-Nov-11,4.59,4.87,4.57,4.80,694292
15-Nov-11,4.64,4.64,4.64,4.64,0
14-Nov-11,4.87,4.87,4.60,4.60,292940
11-Nov-11,4.87,4.90,4.76,4.89,284665
10-Nov-11,4.83,4.83,4.83,4.83,0
9-Nov-11,4.80,4.90,4.56,4.60,356327
8-Nov-11,4.80,4.94,4.74,4.85,322269
7-Nov-11,4.80,4.87,4.68,4.71,192488
4-Nov-11,4.89,4.90,4.78,4.82,138870
3-Nov-11,4.90,4.95,4.80,4.94,325114
2-Nov-11,4.80,4.95,4.75,4.83,219150
1-Nov-11,4.79,4.95,4.68,4.71,294840
31-Oct-11,4.95,4.98,4.81,4.94,260444
28-Oct-11,4.98,5.02,4.95,4.96,183485
27-Oct-11,4.97,4.97,4.97,4.97,0
26-Oct-11,5.06,5.06,4.88,4.98,355988
25-Oct-11,4.90,5.12,4.82,4.91,448069
24-Oct-11,5.04,5.13,4.84,4.91,367673
21-Oct-11,5.05,5.05,4.91,5.01,347762
20-Oct-11,4.76,5.00,4.71,4.96,252818
19-Oct-11,5.00,5.00,4.75,4.77,298406
18-Oct-11,4.81,5.05,4.74,5.00,866201
17-Oct-11,4.95,5.05,4.66,4.78,213900
14-Oct-11,5.01,5.03,4.84,5.00,155160
13-Oct-11,5.00,5.00,4.86,4.99,79739
12-Oct-11,4.89,4.89,4.89,4.89,0
11-Oct-11,4.76,4.89,4.71,4.89,162883
10-Oct-11,4.85,4.97,4.66,4.82,334141
7-Oct-11,4.97,5.03,4.70,4.79,176201
6-Oct-11,5.01,5.03,4.89,5.01,349351
5-Oct-11,4.83,4.83,4.83,4.83,0
4-Oct-11,4.40,5.00,4.31,4.99,471684
3-Oct-11,4.40,4.90,4.21,4.43,548904
30-Sep-11,4.64,4.80,4.47,4.51,1269263
29-Sep-11,5.03,5.03,4.43,4.72,339852
