Date,Open,High,Low,Close,Volume
26-Sep-12,41.22,41.24,40.82,40.98,388306
25-Sep-12,41.29,41.46,41.12,41.20,528106
24-Sep-12,41.04,41.38,40.95,41.31,194821
21-Sep-12,41.54,41.54,40.96,41.03,85874
20-Sep-12,41.04,41.35,40.96,41.35,73294
19-Sep-12,41.32,41.32,41.01,41.23,65552
18-Sep-12,41.00,41.17,40.77,41.10,57779
17-Sep-12,41.50,41.50,40.97,40.98,83168
14-Sep-12,41.30,41.36,40.96,41.15,98658
13-Sep-12,40.68,41.19,40.54,41.16,108183
12-Sep-12,40.76,40.89,40.45,40.58,95767
11-Sep-12,40.47,40.68,40.32,40.65,73135
10-Sep-12,40.25,40.48,39.95,40.41,116666
7-Sep-12,40.34,40.72,40.18,40.36,316578
6-Sep-12,39.99,40.27,39.99,40.10,530007
5-Sep-12,40.20,40.27,39.84,39.90,417804
4-Sep-12,39.66,40.32,39.47,40.19,368296
31-Aug-12,39.80,39.96,39.64,39.91,534758
30-Aug-12,40.10,40.11,39.57,39.63,464654
29-Aug-12,40.07,40.39,39.95,40.07,268722
28-Aug-12,40.37,40.42,40.13,40.19,193602
27-Aug-12,40.30,40.64,40.13,40.26,232316
24-Aug-12,39.61,40.49,39.61,40.29,482754
23-Aug-12,39.89,40.00,39.70,39.74,242353
22-Aug-12,39.72,39.99,39.49,39.96,427526
21-Aug-12,39.79,39.92,39.63,39.85,295234
20-Aug-12,39.67,39.85,39.66,39.81,284893
17-Aug-12,39.60,39.98,39.40,39.79,269984
16-Aug-12,39.60,39.79,39.44,39.64,315259
15-Aug-12,39.44,39.95,39.38,39.68,416041
14-Aug-12,39.48,39.83,39.28,39.53,294893
13-Aug-12,39.26,39.45,38.98,39.44,291576
10-Aug-12,39.35,39.48,39.20,39.26,498846
9-Aug-12,39.66,39.81,39.31,39.32,407130
8-Aug-12,39.40,39.66,39.05,39.62,287863
7-Aug-12,39.19,39.38,39.03,39.36,219251
6-Aug-12,39.28,39.48,39.00,39.02,572122
3-Aug-12,39.37,39.49,38.91,39.10,418365
2-Aug-12,38.83,39.35,38.77,39.22,412483
1-Aug-12,38.96,39.04,38.63,38.93,449892
31-Jul-12,39.21,39.22,38.63,38.80,664920
30-Jul-12,39.24,39.49,38.97,39.44,345969
27-Jul-12,38.83,39.30,38.61,39.28,632855
26-Jul-12,39.39,39.39,38.07,38.38,1037353
25-Jul-12,38.61,39.52,38.51,39.17,821568
24-Jul-12,38.72,38.82,38.37,38.64,361005
23-Jul-12,38.80,38.93,38.56,38.88,302571
20-Jul-12,39.50,39.52,38.91,39.15,753696
19-Jul-12,39.88,39.88,39.32,39.56,338896
18-Jul-12,39.57,39.85,39.52,39.65,390763
17-Jul-12,39.31,39.72,39.15,39.71,754631
16-Jul-12,39.53,39.53,39.10,39.24,412491
13-Jul-12,39.15,39.63,38.90,39.59,512322
12-Jul-12,38.67,39.07,38.27,39.03,594516
11-Jul-12,39.27,39.27,38.46,38.82,725412
10-Jul-12,39.49,39.49,39.03,39.14,591085
9-Jul-12,39.48,39.58,38.99,39.19,532627
6-Jul-12,39.83,39.83,39.13,39.56,434689
5-Jul-12,40.19,40.41,39.94,39.99,390901
3-Jul-12,39.85,40.45,39.81,40.41,228247
2-Jul-12,39.59,40.00,39.58,39.98,526207
29-Jun-12,39.31,39.69,39.28,39.69,685400
28-Jun-12,38.54,40.42,38.21,38.98,539232
27-Jun-12,37.96,38.65,37.78,38.56,461045
26-Jun-12,37.66,37.97,37.50,37.95,329865
25-Jun-12,37.46,37.72,37.01,37.55,490386
22-Jun-12,37.64,37.81,37.48,37.68,783024
21-Jun-12,38.16,38.24,37.41,37.42,404889
20-Jun-12,37.68,38.20,37.48,38.10,662219
19-Jun-12,36.83,37.56,36.83,37.50,870026
18-Jun-12,37.05,37.22,36.80,36.87,1344292
15-Jun-12,37.52,37.67,37.04,37.10,864775
14-Jun-12,37.91,37.92,37.51,37.65,496871
13-Jun-12,37.87,38.06,37.70,37.73,763347
12-Jun-12,38.24,38.24,37.85,38.02,408704
11-Jun-12,38.60,38.87,37.99,38.03,778091
8-Jun-12,38.03,38.43,37.81,38.42,480205
7-Jun-12,38.36,38.60,38.16,38.23,334653
6-Jun-12,37.62,38.11,37.52,38.10,372969
5-Jun-12,37.21,37.55,37.21,37.52,296148
4-Jun-12,37.40,37.66,37.20,37.34,379684
1-Jun-12,37.83,38.06,37.50,37.61,607967
31-May-12,37.68,38.31,37.55,38.23,592689
30-May-12,38.19,38.27,37.68,37.72,272522
29-May-12,38.53,38.54,38.14,38.35,331816
25-May-12,38.51,38.64,38.20,38.31,383836
24-May-12,38.85,38.85,38.27,38.62,256944
23-May-12,38.27,38.77,38.04,38.76,521562
22-May-12,38.40,38.69,38.36,38.58,628547
21-May-12,38.38,38.57,38.31,38.48,418821
18-May-12,39.30,39.31,38.23,38.42,684556
17-May-12,38.74,39.31,38.54,39.16,1282209
16-May-12,39.34,39.34,38.87,38.91,420929
15-May-12,38.56,39.14,38.50,39.03,597640
14-May-12,39.03,39.15,38.65,38.66,408950
11-May-12,39.00,39.50,38.78,39.35,373286
10-May-12,38.87,39.59,38.78,39.24,654579
9-May-12,38.81,38.83,38.19,38.58,603725
8-May-12,38.81,38.95,38.58,38.80,449875
7-May-12,38.95,39.11,38.83,38.91,358250
4-May-12,39.07,39.22,38.85,39.10,536625
3-May-12,39.32,39.64,39.21,39.23,473975
2-May-12,38.93,39.46,38.72,39.35,470163
1-May-12,39.39,39.39,38.98,39.11,1113610
30-Apr-12,39.30,39.41,39.13,39.28,1061570
27-Apr-12,39.22,39.33,39.02,39.24,1042660
26-Apr-12,38.87,39.35,38.46,39.15,1880277
25-Apr-12,39.00,39.10,38.87,39.07,673921
24-Apr-12,38.50,38.85,38.47,38.74,598949
23-Apr-12,38.48,38.56,38.15,38.50,791839
20-Apr-12,38.70,38.70,38.37,38.59,531056
19-Apr-12,37.96,38.76,37.96,38.54,724211
18-Apr-12,38.10,38.10,37.81,38.00,684037
17-Apr-12,37.90,38.07,37.53,38.05,808131
16-Apr-12,37.92,38.00,37.73,37.90,404622
13-Apr-12,37.90,37.99,37.69,37.72,442780
12-Apr-12,37.90,37.90,37.60,37.86,735669
11-Apr-12,37.66,37.79,37.42,37.79,627867
10-Apr-12,37.50,37.60,37.22,37.45,916347
9-Apr-12,37.15,37.52,37.12,37.50,683943
5-Apr-12,37.06,37.40,36.93,37.39,324029
4-Apr-12,37.07,37.29,36.87,37.20,507384
3-Apr-12,37.37,37.72,37.06,37.25,493891
2-Apr-12,37.08,37.47,37.03,37.43,449382
30-Mar-12,37.45,37.45,37.11,37.24,654839
29-Mar-12,36.93,37.32,36.76,37.26,448445
28-Mar-12,36.93,37.04,36.67,37.03,389753
27-Mar-12,36.96,37.15,36.84,36.87,512394
26-Mar-12,36.71,37.00,36.61,37.00,537370
23-Mar-12,36.18,36.56,36.08,36.50,307480
22-Mar-12,36.54,36.71,36.10,36.13,614432
21-Mar-12,36.95,37.25,36.73,36.81,438094
20-Mar-12,36.72,37.09,36.72,37.05,365602
19-Mar-12,36.67,37.21,36.51,37.04,536046
16-Mar-12,37.25,37.25,36.66,36.67,341839
15-Mar-12,37.49,37.49,37.08,37.22,397280
14-Mar-12,37.31,37.49,36.96,37.39,578264
13-Mar-12,37.34,37.54,37.10,37.49,666450
12-Mar-12,37.34,37.51,37.08,37.09,388855
9-Mar-12,36.83,37.43,36.78,37.37,512846
8-Mar-12,36.79,36.88,36.33,36.83,514010
7-Mar-12,36.53,36.73,36.22,36.69,384614
6-Mar-12,36.60,36.60,36.16,36.40,682898
5-Mar-12,36.78,36.87,36.40,36.80,600439
2-Mar-12,37.41,37.61,36.78,36.96,562877
1-Mar-12,37.05,37.64,37.01,37.59,851774
29-Feb-12,36.85,37.15,36.62,37.05,878726
28-Feb-12,36.65,36.90,36.38,36.69,641225
27-Feb-12,36.85,37.00,36.62,36.75,413680
24-Feb-12,36.94,37.31,36.87,37.19,665467
23-Feb-12,36.78,37.02,36.66,36.77,584856
22-Feb-12,37.62,37.75,36.79,36.84,597858
21-Feb-12,37.54,37.72,37.29,37.66,657228
17-Feb-12,37.74,37.99,37.54,37.56,492808
16-Feb-12,37.81,38.07,37.42,37.66,693135
15-Feb-12,38.08,38.60,37.36,37.98,878317
14-Feb-12,37.52,38.15,37.52,37.64,608893
13-Feb-12,38.00,38.16,37.73,37.97,571574
10-Feb-12,37.81,38.23,37.46,37.93,663034
9-Feb-12,37.85,37.95,37.44,37.81,231142
8-Feb-12,37.99,37.99,37.99,37.99,0
7-Feb-12,37.18,37.83,37.05,37.72,585725
6-Feb-12,36.96,37.29,36.84,37.27,461419
3-Feb-12,37.02,37.14,36.84,37.14,533423
2-Feb-12,36.81,36.99,36.61,36.86,467706
1-Feb-12,36.29,37.06,36.12,36.60,2129964
31-Jan-12,35.73,36.20,35.49,36.05,1862401
30-Jan-12,36.16,36.26,35.53,35.57,1537788
27-Jan-12,37.01,37.08,36.05,36.16,1088117
26-Jan-12,37.14,37.14,37.14,37.14,0
25-Jan-12,36.82,37.18,36.80,37.02,479613
24-Jan-12,36.86,36.99,36.52,36.83,470892
23-Jan-12,37.16,37.28,36.70,36.97,325530
20-Jan-12,37.07,37.44,36.85,37.40,362040
19-Jan-12,36.94,37.00,36.76,36.89,415623
18-Jan-12,36.67,37.01,36.49,36.96,840238
17-Jan-12,37.30,37.40,36.89,36.94,506181
13-Jan-12,37.17,37.17,37.17,37.17,0
12-Jan-12,37.16,37.16,37.16,37.16,0
11-Jan-12,37.40,37.41,37.04,37.15,483296
10-Jan-12,37.44,37.56,37.15,37.43,367993
9-Jan-12,37.32,37.33,36.91,37.19,234782
6-Jan-12,37.48,37.86,37.48,37.62,262951
5-Jan-12,37.49,37.49,37.49,37.49,0
4-Jan-12,37.63,37.64,36.64,36.80,749618
3-Jan-12,37.79,37.83,37.11,37.48,911304
30-Dec-11,37.23,37.23,37.23,37.23,0
29-Dec-11,37.29,37.42,37.14,37.32,333804
28-Dec-11,37.25,37.25,37.25,37.25,0
27-Dec-11,37.52,37.66,37.22,37.65,477156
23-Dec-11,37.42,37.42,37.42,37.42,0
22-Dec-11,36.96,37.08,36.72,36.90,528170
21-Dec-11,36.66,37.34,36.58,37.02,961601
20-Dec-11,36.58,36.90,36.48,36.69,833623
19-Dec-11,37.26,37.32,36.42,36.48,596411
16-Dec-11,36.71,37.17,36.64,36.98,1312297
15-Dec-11,36.84,36.91,36.45,36.64,709185
14-Dec-11,36.11,36.62,36.10,36.43,941321
13-Dec-11,36.80,37.07,36.18,36.36,488353
12-Dec-11,37.01,37.24,36.60,36.80,661854
9-Dec-11,37.12,37.60,36.91,37.41,970125
8-Dec-11,37.13,37.36,36.88,36.94,778113
7-Dec-11,37.16,37.48,36.88,37.42,764164
6-Dec-11,37.21,37.60,37.07,37.51,875106
5-Dec-11,37.72,37.78,37.09,37.30,910536
2-Dec-11,37.56,37.99,37.18,37.29,804274
1-Dec-11,37.85,37.91,37.45,37.48,949320
30-Nov-11,37.51,37.79,36.85,37.77,2337426
29-Nov-11,36.60,37.04,36.54,36.89,1179788
28-Nov-11,36.83,37.00,36.15,36.56,1370065
25-Nov-11,34.65,36.27,34.65,36.22,1173770
23-Nov-11,34.86,34.86,34.86,34.86,0
22-Nov-11,36.05,36.08,35.70,35.79,561964
21-Nov-11,36.17,36.33,35.73,36.01,801867
18-Nov-11,36.20,36.60,35.84,36.45,1350884
17-Nov-11,36.37,36.74,35.94,35.94,1157919
16-Nov-11,36.64,36.64,36.37,36.51,1180633
15-Nov-11,36.68,36.82,36.44,36.77,993359
14-Nov-11,36.54,36.98,36.50,36.72,1124338
11-Nov-11,36.00,36.75,35.91,36.74,1035296
10-Nov-11,36.16,36.20,35.52,35.77,890539
9-Nov-11,36.10,36.10,36.10,36.10,0
8-Nov-11,36.23,36.63,35.98,36.60,689102
7-Nov-11,35.99,35.99,35.99,35.99,0
4-Nov-11,35.45,36.17,35.45,36.00,740823
3-Nov-11,36.00,36.16,35.69,35.88,974622
2-Nov-11,35.22,35.90,35.03,35.86,865124
1-Nov-11,35.26,35.92,34.70,34.90,1721077
31-Oct-11,36.06,36.54,35.86,35.97,1177768
28-Oct-11,36.50,36.75,36.27,36.54,707850
27-Oct-11,36.90,37.07,36.08,36.67,811605
26-Oct-11,36.54,36.83,35.52,36.14,1415382
25-Oct-11,36.40,37.51,35.87,35.91,854324
24-Oct-11,36.00,36.66,35.91,36.42,1118860
21-Oct-11,35.07,36.11,34.94,36.07,1015513
20-Oct-11,34.10,34.99,33.73,34.98,887902
19-Oct-11,34.05,34.05,34.05,34.05,0
18-Oct-11,33.34,33.77,32.84,33.61,936180
17-Oct-11,33.20,33.61,33.03,33.31,573119
14-Oct-11,33.21,33.54,32.82,33.53,724996
13-Oct-11,32.70,33.21,32.55,33.03,662728
12-Oct-11,33.05,33.05,32.70,32.91,842014
11-Oct-11,32.99,33.31,32.75,32.79,435399
10-Oct-11,32.68,33.29,32.64,33.27,742521
7-Oct-11,33.40,33.40,32.41,32.46,664277
6-Oct-11,32.92,33.43,32.77,33.20,553152
5-Oct-11,32.85,32.85,32.85,32.85,0
4-Oct-11,31.74,32.97,31.46,32.95,1135249
3-Oct-11,32.72,32.84,31.89,31.93,768612
30-Sep-11,32.32,32.93,32.31,32.68,981693
29-Sep-11,32.16,32.55,31.87,32.54,531113
