Date,Open,High,Low,Close,Volume
26-Sep-12,1.48,1.49,1.42,1.44,90150
25-Sep-12,1.55,1.55,1.47,1.48,124260
24-Sep-12,1.58,1.60,1.53,1.53,142006
21-Sep-12,1.61,1.61,1.57,1.59,53907
20-Sep-12,1.63,1.64,1.55,1.60,169785
19-Sep-12,1.70,1.70,1.60,1.66,346913
18-Sep-12,1.45,1.72,1.44,1.72,1096559
17-Sep-12,1.46,1.46,1.44,1.45,24517
14-Sep-12,1.45,1.48,1.45,1.46,42946
13-Sep-12,1.42,1.45,1.42,1.43,42446
12-Sep-12,1.43,1.44,1.42,1.42,6928
11-Sep-12,1.42,1.44,1.42,1.43,18698
10-Sep-12,1.43,1.45,1.42,1.43,38267
7-Sep-12,1.42,1.45,1.42,1.45,30898
6-Sep-12,1.43,1.43,1.40,1.41,12173
5-Sep-12,1.40,1.42,1.40,1.42,7315
4-Sep-12,1.39,1.43,1.39,1.41,38093
31-Aug-12,1.39,1.41,1.38,1.40,15820
30-Aug-12,1.39,1.40,1.39,1.39,6101
29-Aug-12,1.40,1.41,1.39,1.39,16101
28-Aug-12,1.41,1.42,1.40,1.40,17870
27-Aug-12,1.41,1.44,1.40,1.41,83117
24-Aug-12,1.42,1.44,1.42,1.43,14500
23-Aug-12,1.44,1.46,1.43,1.43,60755
22-Aug-12,1.42,1.45,1.42,1.44,20189
21-Aug-12,1.44,1.45,1.42,1.42,29671
20-Aug-12,1.44,1.45,1.41,1.41,27645
17-Aug-12,1.44,1.49,1.44,1.46,44249
16-Aug-12,1.38,1.44,1.38,1.44,100029
15-Aug-12,1.33,1.39,1.33,1.39,71332
14-Aug-12,1.32,1.36,1.32,1.34,13717
13-Aug-12,1.32,1.32,1.31,1.31,10092
10-Aug-12,1.31,1.33,1.31,1.33,27604
9-Aug-12,1.31,1.34,1.31,1.32,25970
8-Aug-12,1.33,1.34,1.31,1.32,20249
7-Aug-12,1.31,1.36,1.31,1.35,57124
6-Aug-12,1.30,1.30,1.28,1.30,35234
3-Aug-12,1.34,1.34,1.29,1.30,33507
2-Aug-12,1.30,1.31,1.29,1.29,29924
1-Aug-12,1.35,1.36,1.31,1.31,157901
31-Jul-12,1.39,1.39,1.35,1.35,24179
30-Jul-12,1.38,1.39,1.38,1.39,32459
27-Jul-12,1.38,1.39,1.37,1.39,31150
26-Jul-12,1.35,1.39,1.34,1.37,83130
25-Jul-12,1.30,1.33,1.30,1.32,30550
24-Jul-12,1.33,1.33,1.28,1.29,19587
23-Jul-12,1.33,1.33,1.29,1.32,71025
20-Jul-12,1.35,1.36,1.34,1.36,16850
19-Jul-12,1.33,1.39,1.33,1.38,69922
18-Jul-12,1.35,1.36,1.31,1.31,35256
17-Jul-12,1.34,1.35,1.30,1.35,60877
16-Jul-12,1.35,1.35,1.33,1.34,10039
13-Jul-12,1.34,1.42,1.32,1.35,61549
12-Jul-12,1.35,1.35,1.30,1.31,26948
11-Jul-12,1.36,1.38,1.33,1.36,11485
10-Jul-12,1.41,1.42,1.35,1.36,46681
9-Jul-12,1.48,1.48,1.40,1.40,86838
6-Jul-12,1.40,1.50,1.38,1.48,81703
5-Jul-12,1.37,1.47,1.36,1.42,154771
3-Jul-12,1.23,1.31,1.23,1.31,58437
2-Jul-12,1.25,1.29,1.23,1.23,101788
29-Jun-12,1.33,1.34,1.31,1.34,59711
28-Jun-12,1.30,1.30,1.27,1.29,124996
27-Jun-12,1.33,1.34,1.30,1.32,80901
26-Jun-12,1.31,1.34,1.30,1.32,19144
25-Jun-12,1.35,1.36,1.30,1.32,87333
22-Jun-12,1.41,1.41,1.35,1.38,40914
21-Jun-12,1.48,1.49,1.38,1.41,69885
20-Jun-12,1.48,1.52,1.48,1.48,88269
19-Jun-12,1.49,1.50,1.48,1.49,35244
18-Jun-12,1.41,1.50,1.40,1.48,52215
15-Jun-12,1.42,1.46,1.42,1.45,59483
14-Jun-12,1.47,1.47,1.40,1.43,68337
13-Jun-12,1.50,1.50,1.44,1.46,26737
12-Jun-12,1.46,1.50,1.46,1.48,31657
11-Jun-12,1.54,1.55,1.47,1.47,27940
8-Jun-12,1.50,1.52,1.49,1.50,27749
7-Jun-12,1.57,1.59,1.48,1.54,74653
6-Jun-12,1.52,1.56,1.48,1.52,53820
5-Jun-12,1.41,1.51,1.41,1.50,64700
4-Jun-12,1.43,1.44,1.42,1.44,36150
1-Jun-12,1.45,1.45,1.41,1.43,142839
31-May-12,1.53,1.54,1.46,1.50,39675
30-May-12,1.59,1.59,1.54,1.54,35406
29-May-12,1.64,1.71,1.63,1.65,74140
25-May-12,1.59,1.62,1.56,1.58,71191
24-May-12,1.54,1.60,1.52,1.60,84984
23-May-12,1.39,1.52,1.36,1.52,97863
22-May-12,1.48,1.49,1.38,1.38,54455
21-May-12,1.45,1.49,1.44,1.45,92000
18-May-12,1.37,1.47,1.36,1.40,132935
17-May-12,1.35,1.38,1.33,1.34,57498
16-May-12,1.41,1.41,1.34,1.35,104925
15-May-12,1.52,1.52,1.41,1.41,58107
14-May-12,1.54,1.54,1.49,1.50,143728
11-May-12,1.64,1.67,1.58,1.60,58877
10-May-12,1.60,1.66,1.60,1.64,97165
9-May-12,1.56,1.59,1.55,1.58,123425
8-May-12,1.67,1.68,1.56,1.60,104361
7-May-12,1.73,1.75,1.70,1.74,38073
4-May-12,1.83,1.84,1.76,1.78,46730
3-May-12,1.96,1.97,1.86,1.88,72671
2-May-12,1.86,1.97,1.85,1.97,63635
1-May-12,1.83,1.91,1.83,1.90,44610
30-Apr-12,1.86,1.87,1.78,1.83,73604
27-Apr-12,1.92,1.92,1.85,1.87,36367
26-Apr-12,1.81,1.92,1.81,1.92,151962
25-Apr-12,1.82,1.84,1.78,1.82,34728
24-Apr-12,1.79,1.81,1.77,1.81,26647
23-Apr-12,1.77,1.81,1.75,1.79,98609
20-Apr-12,1.85,1.89,1.81,1.83,102447
19-Apr-12,1.76,1.86,1.69,1.79,124566
18-Apr-12,1.64,1.77,1.64,1.76,157314
17-Apr-12,1.49,1.77,1.49,1.70,510256
16-Apr-12,1.44,1.49,1.40,1.43,47625
13-Apr-12,1.51,1.51,1.43,1.44,60266
12-Apr-12,1.37,1.54,1.37,1.54,91880
11-Apr-12,1.41,1.42,1.31,1.34,89611
10-Apr-12,1.44,1.44,1.37,1.41,79400
9-Apr-12,1.45,1.45,1.42,1.42,32565
5-Apr-12,1.48,1.50,1.45,1.49,73029
4-Apr-12,1.50,1.51,1.46,1.48,110365
3-Apr-12,1.53,1.58,1.52,1.53,84448
2-Apr-12,1.53,1.53,1.51,1.52,27662
30-Mar-12,1.53,1.53,1.50,1.53,49781
29-Mar-12,1.54,1.54,1.50,1.52,144097
28-Mar-12,1.58,1.58,1.55,1.55,64408
27-Mar-12,1.60,1.60,1.57,1.58,41942
26-Mar-12,1.62,1.62,1.60,1.60,26467
23-Mar-12,1.58,1.61,1.57,1.59,41211
22-Mar-12,1.63,1.63,1.57,1.58,87011
21-Mar-12,1.59,1.65,1.59,1.65,96680
20-Mar-12,1.57,1.62,1.55,1.58,96597
19-Mar-12,1.54,1.60,1.54,1.58,49758
16-Mar-12,1.58,1.61,1.55,1.55,64597
15-Mar-12,1.61,1.62,1.58,1.58,61202
14-Mar-12,1.68,1.68,1.58,1.61,120871
13-Mar-12,1.53,1.68,1.53,1.66,110612
12-Mar-12,1.55,1.57,1.50,1.51,106111
9-Mar-12,1.66,1.66,1.52,1.56,132466
8-Mar-12,1.73,1.73,1.69,1.72,65261
7-Mar-12,1.63,1.69,1.60,1.69,129275
6-Mar-12,1.65,1.65,1.57,1.61,147470
5-Mar-12,1.85,1.86,1.70,1.71,97830
2-Mar-12,1.92,1.94,1.83,1.86,57420
1-Mar-12,1.96,2.00,1.93,1.93,56879
29-Feb-12,1.95,2.04,1.92,1.94,137975
28-Feb-12,1.93,1.98,1.90,1.94,81030
27-Feb-12,1.93,1.95,1.86,1.91,100466
24-Feb-12,1.97,2.01,1.92,1.94,161115
23-Feb-12,1.97,2.06,1.92,1.95,273755
22-Feb-12,1.87,2.02,1.86,1.96,348532
21-Feb-12,1.88,1.94,1.87,1.87,145581
17-Feb-12,1.80,1.85,1.80,1.85,87143
16-Feb-12,1.70,1.80,1.68,1.78,142337
15-Feb-12,1.75,1.77,1.71,1.72,67301
14-Feb-12,1.78,1.79,1.72,1.75,69877
13-Feb-12,1.85,1.85,1.77,1.78,98773
10-Feb-12,1.83,1.93,1.77,1.86,307966
9-Feb-12,1.77,1.87,1.75,1.87,195940
8-Feb-12,1.75,1.77,1.73,1.73,51159
7-Feb-12,1.81,1.81,1.75,1.75,30049
6-Feb-12,1.77,1.82,1.75,1.80,37873
3-Feb-12,1.80,1.83,1.77,1.77,32615
2-Feb-12,1.76,1.80,1.76,1.78,45358
1-Feb-12,1.75,1.85,1.75,1.76,148459
31-Jan-12,1.85,1.86,1.71,1.72,108647
30-Jan-12,1.80,1.81,1.74,1.80,53298
27-Jan-12,1.81,1.84,1.78,1.83,47191
26-Jan-12,1.89,1.91,1.79,1.81,75761
25-Jan-12,1.76,1.87,1.75,1.86,147732
24-Jan-12,1.93,1.96,1.86,1.88,144116
23-Jan-12,1.94,2.03,1.94,2.00,222672
20-Jan-12,1.86,1.95,1.83,1.93,126539
19-Jan-12,1.84,1.90,1.82,1.87,91225
18-Jan-12,1.71,1.82,1.67,1.82,137330
17-Jan-12,1.74,1.87,1.67,1.71,280955
13-Jan-12,1.57,1.57,1.57,1.57,0
12-Jan-12,1.52,1.59,1.52,1.58,97984
11-Jan-12,1.44,1.51,1.40,1.48,46106
10-Jan-12,1.41,1.48,1.41,1.43,72307
9-Jan-12,1.36,1.39,1.36,1.38,33021
6-Jan-12,1.39,1.40,1.37,1.37,87935
5-Jan-12,1.44,1.44,1.36,1.41,68152
4-Jan-12,1.36,1.46,1.36,1.46,47729
3-Jan-12,1.28,1.37,1.26,1.37,108495
30-Dec-11,1.22,1.25,1.22,1.25,51692
29-Dec-11,1.23,1.24,1.21,1.24,46734
28-Dec-11,1.26,1.26,1.22,1.22,30800
27-Dec-11,1.27,1.29,1.27,1.27,40533
23-Dec-11,1.30,1.30,1.30,1.30,0
22-Dec-11,1.32,1.32,1.25,1.26,62116
21-Dec-11,1.32,1.34,1.29,1.32,58567
20-Dec-11,1.30,1.34,1.30,1.32,60033
19-Dec-11,1.41,1.41,1.28,1.28,202300
16-Dec-11,1.33,1.38,1.31,1.34,76354
15-Dec-11,1.35,1.35,1.30,1.30,37289
14-Dec-11,1.37,1.38,1.33,1.33,36585
13-Dec-11,1.43,1.43,1.38,1.38,37277
12-Dec-11,1.40,1.44,1.40,1.42,105178
9-Dec-11,1.41,1.43,1.40,1.43,52960
8-Dec-11,1.47,1.47,1.40,1.40,91523
7-Dec-11,1.47,1.52,1.47,1.47,107795
6-Dec-11,1.46,1.47,1.41,1.47,122075
5-Dec-11,1.49,1.56,1.47,1.47,165319
2-Dec-11,1.45,1.47,1.42,1.43,116896
1-Dec-11,1.44,1.45,1.39,1.45,74402
30-Nov-11,1.35,1.43,1.34,1.43,182042
29-Nov-11,1.28,1.32,1.25,1.32,186565
28-Nov-11,1.33,1.35,1.26,1.26,121600
25-Nov-11,1.22,1.26,1.22,1.22,57800
23-Nov-11,1.23,1.23,1.23,1.23,0
22-Nov-11,1.40,1.41,1.33,1.34,202291
21-Nov-11,1.45,1.46,1.41,1.41,131864
18-Nov-11,1.44,1.51,1.44,1.51,126900
17-Nov-11,1.45,1.48,1.43,1.45,124682
16-Nov-11,1.49,1.50,1.45,1.45,69141
15-Nov-11,1.46,1.50,1.43,1.50,71954
14-Nov-11,1.46,1.49,1.42,1.44,99785
11-Nov-11,1.46,1.48,1.45,1.46,70419
10-Nov-11,1.43,1.48,1.41,1.43,78776
9-Nov-11,1.45,1.50,1.41,1.41,182619
8-Nov-11,1.49,1.52,1.48,1.49,134761
7-Nov-11,1.52,1.59,1.49,1.49,129171
4-Nov-11,1.52,1.56,1.49,1.52,112903
3-Nov-11,1.57,1.58,1.48,1.55,121182
2-Nov-11,1.46,1.54,1.46,1.53,147923
1-Nov-11,1.46,1.46,1.35,1.41,203228
31-Oct-11,1.57,1.59,1.54,1.58,120749
28-Oct-11,1.65,1.67,1.59,1.63,128743
27-Oct-11,1.65,1.67,1.61,1.65,233824
26-Oct-11,1.46,1.58,1.46,1.57,153141
25-Oct-11,1.44,1.49,1.41,1.47,115082
24-Oct-11,1.39,1.45,1.39,1.45,151102
21-Oct-11,1.36,1.42,1.36,1.38,140583
20-Oct-11,1.19,1.32,1.19,1.32,182801
19-Oct-11,1.22,1.32,1.17,1.20,89847
18-Oct-11,1.14,1.23,1.12,1.22,119420
17-Oct-11,1.20,1.22,1.16,1.17,95092
14-Oct-11,1.21,1.25,1.19,1.24,90232
13-Oct-11,1.24,1.24,1.15,1.18,107760
12-Oct-11,1.24,1.27,1.21,1.24,82590
11-Oct-11,1.14,1.19,1.13,1.18,50393
10-Oct-11,1.15,1.17,1.13,1.14,45744
7-Oct-11,1.14,1.19,1.10,1.11,106386
6-Oct-11,1.07,1.14,1.07,1.12,123720
5-Oct-11,0.95,1.06,0.95,1.06,64885
4-Oct-11,0.81,0.94,0.81,0.94,433181
3-Oct-11,1.05,1.05,0.93,0.94,217221
30-Sep-11,1.06,1.06,1.02,1.06,134489
29-Sep-11,1.15,1.18,1.06,1.08,194622
