Date,Open,High,Low,Close,Volume
27-Sep-12,7.00,7.00,6.91,6.98,59034
26-Sep-12,6.95,7.09,6.89,6.98,54746
25-Sep-12,7.10,7.24,6.94,6.98,86804
24-Sep-12,7.19,7.37,7.04,7.09,78886
21-Sep-12,6.93,7.30,6.79,7.21,186586
20-Sep-12,6.79,6.85,6.69,6.77,38955
19-Sep-12,7.19,7.19,6.69,6.84,60464
18-Sep-12,7.22,7.30,7.12,7.18,40246
17-Sep-12,7.15,7.23,7.11,7.22,41323
14-Sep-12,7.23,7.29,7.05,7.19,69724
13-Sep-12,6.71,7.29,6.68,7.15,89903
12-Sep-12,6.61,6.68,6.49,6.67,25260
11-Sep-12,6.63,6.65,6.49,6.61,34816
10-Sep-12,6.47,6.75,6.47,6.65,52739
7-Sep-12,6.52,6.52,6.28,6.45,121782
6-Sep-12,6.23,6.47,6.17,6.45,74963
5-Sep-12,6.25,6.30,6.10,6.15,64919
4-Sep-12,6.28,6.38,6.06,6.20,52935
31-Aug-12,6.37,6.42,6.20,6.33,64169
30-Aug-12,6.21,6.34,6.16,6.27,122060
29-Aug-12,6.22,6.37,6.22,6.29,79376
28-Aug-12,6.10,6.23,6.10,6.20,74840
27-Aug-12,6.16,6.21,6.06,6.10,31672
24-Aug-12,6.16,6.29,6.13,6.14,34254
23-Aug-12,6.47,6.53,6.19,6.21,40853
22-Aug-12,6.69,6.69,6.44,6.50,35013
21-Aug-12,6.58,6.80,6.45,6.67,53850
20-Aug-12,6.45,6.58,6.30,6.56,33401
17-Aug-12,6.40,6.48,6.29,6.47,17382
16-Aug-12,6.29,6.47,6.16,6.42,18476
15-Aug-12,6.00,6.29,6.00,6.27,20247
14-Aug-12,6.38,6.50,6.02,6.04,14930
13-Aug-12,6.03,6.34,6.03,6.30,12687
10-Aug-12,5.94,6.07,5.94,6.02,16475
9-Aug-12,6.08,6.33,5.92,5.97,15925
8-Aug-12,6.17,6.21,6.10,6.11,12510
7-Aug-12,6.16,6.30,6.07,6.23,22560
6-Aug-12,6.02,6.18,6.02,6.11,17661
3-Aug-12,5.68,6.03,5.62,6.00,31900
2-Aug-12,5.35,5.50,5.35,5.48,113099
1-Aug-12,5.44,5.44,5.44,5.44,0
31-Jul-12,5.43,5.50,5.37,5.44,114993
30-Jul-12,5.50,5.53,5.35,5.42,58114
27-Jul-12,5.51,5.55,5.28,5.48,112245
26-Jul-12,5.80,5.88,5.41,5.49,80372
25-Jul-12,5.97,6.04,5.65,5.69,69838
24-Jul-12,6.26,6.39,5.86,5.91,70236
23-Jul-12,6.09,6.33,6.09,6.21,42011
20-Jul-12,6.18,6.44,6.18,6.27,82543
19-Jul-12,6.46,6.49,6.23,6.23,79193
18-Jul-12,6.27,6.49,6.24,6.43,59320
17-Jul-12,6.37,6.37,6.24,6.26,33640
16-Jul-12,6.31,6.35,6.23,6.30,24018
13-Jul-12,6.15,6.41,6.15,6.32,92270
12-Jul-12,6.22,6.22,6.01,6.14,57477
11-Jul-12,6.24,6.44,6.22,6.26,69220
10-Jul-12,6.30,6.39,6.11,6.23,50366
9-Jul-12,6.19,6.30,6.02,6.23,46965
6-Jul-12,6.24,6.38,6.23,6.28,40224
5-Jul-12,6.31,6.45,6.19,6.32,51137
3-Jul-12,6.18,6.57,6.17,6.32,116359
2-Jul-12,6.02,6.21,5.97,6.20,69845
29-Jun-12,5.99,6.04,5.80,6.02,77511
28-Jun-12,5.81,5.85,5.60,5.81,78915
27-Jun-12,5.64,5.90,5.58,5.89,93818
26-Jun-12,5.34,5.69,5.32,5.61,83870
25-Jun-12,5.34,5.52,5.25,5.30,60785
22-Jun-12,5.31,5.48,5.26,5.47,199657
21-Jun-12,5.51,5.51,5.17,5.25,125046
20-Jun-12,5.61,5.61,5.43,5.50,62527
19-Jun-12,5.43,5.63,5.39,5.58,217577
18-Jun-12,5.46,5.54,5.29,5.41,136618
15-Jun-12,5.43,5.56,5.27,5.48,237114
14-Jun-12,5.17,5.55,5.09,5.47,118470
13-Jun-12,5.20,5.31,4.99,5.14,60051
12-Jun-12,5.12,5.23,4.95,5.20,66069
11-Jun-12,5.26,5.26,5.03,5.07,81818
8-Jun-12,5.12,5.25,5.04,5.21,77592
7-Jun-12,5.39,5.39,5.14,5.15,85202
6-Jun-12,5.00,5.30,4.96,5.29,187554
5-Jun-12,4.88,5.00,4.86,4.97,83628
4-Jun-12,4.91,4.97,4.84,4.94,87601
1-Jun-12,4.79,4.97,4.74,4.85,107586
31-May-12,4.88,5.00,4.80,4.93,219878
30-May-12,4.91,4.93,4.84,4.88,58871
29-May-12,5.02,5.02,4.86,4.98,66559
25-May-12,5.01,5.04,4.82,4.95,58605
24-May-12,5.00,5.00,4.81,5.00,73057
23-May-12,4.82,5.00,4.80,4.99,54768
22-May-12,4.99,5.00,4.85,4.91,115187
21-May-12,5.03,5.03,4.96,5.00,154421
18-May-12,5.03,5.09,4.96,4.99,138824
17-May-12,5.05,5.15,4.98,5.03,152910
16-May-12,5.11,5.16,4.98,5.02,111363
15-May-12,5.12,5.14,4.95,5.07,220770
14-May-12,5.25,5.25,5.03,5.11,90790
11-May-12,5.21,5.39,5.21,5.36,83063
10-May-12,5.46,5.54,5.20,5.26,111672
9-May-12,5.33,5.42,5.27,5.37,88533
8-May-12,5.48,5.57,5.35,5.45,103960
7-May-12,5.67,5.70,5.48,5.51,138365
4-May-12,5.75,5.82,5.51,5.72,198974
3-May-12,6.09,6.15,5.80,5.81,104447
2-May-12,6.12,6.30,6.01,6.10,108324
1-May-12,6.18,6.49,6.11,6.20,134079
30-Apr-12,6.50,6.50,6.18,6.19,83555
27-Apr-12,6.16,6.60,6.04,6.52,133098
26-Apr-12,5.90,6.12,5.74,6.11,73060
25-Apr-12,5.82,6.05,5.77,5.92,74601
24-Apr-12,5.63,5.79,5.54,5.74,40326
23-Apr-12,5.66,5.72,5.46,5.64,120613
20-Apr-12,5.77,5.88,5.70,5.81,69062
19-Apr-12,5.89,5.91,5.54,5.66,120253
18-Apr-12,5.96,6.06,5.83,5.89,48960
17-Apr-12,5.97,6.11,5.93,6.04,64269
16-Apr-12,5.85,5.90,5.76,5.88,73670
13-Apr-12,6.06,6.10,5.74,5.80,82860
12-Apr-12,6.09,6.18,5.96,6.11,164952
11-Apr-12,6.10,6.18,5.94,6.11,105989
10-Apr-12,6.28,6.37,5.91,6.01,163062
9-Apr-12,6.15,6.40,6.06,6.27,121864
5-Apr-12,6.16,6.65,6.16,6.36,89383
4-Apr-12,6.44,6.44,6.06,6.21,87246
3-Apr-12,6.61,6.80,6.44,6.54,114900
2-Apr-12,6.46,6.75,6.33,6.65,162060
30-Mar-12,6.47,6.55,6.24,6.49,88646
29-Mar-12,6.39,6.42,6.18,6.39,67712
28-Mar-12,6.74,6.74,6.34,6.44,61420
27-Mar-12,6.83,6.98,6.72,6.74,92070
26-Mar-12,6.58,6.82,6.52,6.80,88862
23-Mar-12,6.32,6.51,6.28,6.50,53433
22-Mar-12,6.22,6.36,6.07,6.30,94817
21-Mar-12,6.43,6.46,6.28,6.29,107483
20-Mar-12,6.28,6.47,6.20,6.37,75201
19-Mar-12,6.11,6.49,6.10,6.35,153086
16-Mar-12,6.17,6.18,5.95,6.09,226245
15-Mar-12,6.22,6.28,6.12,6.20,43766
14-Mar-12,6.33,6.38,6.20,6.22,54748
13-Mar-12,6.22,6.39,6.19,6.33,183765
12-Mar-12,6.25,6.33,6.07,6.15,94640
9-Mar-12,6.49,6.56,6.14,6.25,301330
8-Mar-12,6.22,6.55,6.19,6.46,156987
7-Mar-12,6.14,6.21,6.05,6.15,189489
6-Mar-12,6.38,6.43,6.00,6.08,107775
5-Mar-12,6.72,6.72,6.39,6.46,83818
2-Mar-12,6.96,7.03,6.70,6.71,131509
1-Mar-12,7.05,7.22,6.92,6.99,229685
29-Feb-12,7.00,7.55,6.80,7.00,326801
28-Feb-12,7.16,7.16,6.96,6.97,113382
27-Feb-12,7.31,7.31,7.12,7.14,119040
24-Feb-12,7.57,7.82,7.34,7.40,73954
23-Feb-12,7.06,7.64,7.00,7.58,104824
22-Feb-12,7.10,7.13,6.96,7.03,138689
21-Feb-12,7.49,7.52,7.03,7.10,108446
17-Feb-12,7.61,7.61,7.48,7.48,41751
16-Feb-12,7.48,7.63,7.40,7.56,77343
15-Feb-12,7.90,7.90,7.38,7.44,86543
14-Feb-12,7.96,8.01,7.71,7.81,99798
13-Feb-12,8.02,8.10,7.92,8.01,58960
10-Feb-12,7.98,8.08,7.89,7.92,67578
9-Feb-12,8.34,8.34,8.04,8.09,167744
8-Feb-12,8.24,8.64,8.15,8.34,126002
7-Feb-12,8.21,8.29,8.14,8.15,150616
6-Feb-12,8.22,8.28,8.02,8.22,63988
3-Feb-12,8.07,8.44,8.03,8.28,210775
2-Feb-12,7.90,8.00,7.74,7.98,86713
1-Feb-12,7.81,7.96,7.74,7.89,128188
31-Jan-12,7.97,7.99,7.62,7.72,109473
30-Jan-12,7.79,7.95,7.73,7.88,123282
27-Jan-12,7.96,8.01,7.85,7.87,151681
26-Jan-12,8.07,8.07,7.82,7.99,57682
25-Jan-12,7.99,8.07,7.77,8.00,150745
24-Jan-12,7.97,8.15,7.86,8.00,344680
23-Jan-12,8.02,8.12,7.99,8.01,121519
20-Jan-12,8.13,8.50,8.02,8.06,136266
19-Jan-12,7.80,8.20,7.80,8.17,234181
18-Jan-12,7.42,7.81,7.34,7.72,176140
17-Jan-12,7.53,7.73,7.39,7.42,174478
13-Jan-12,7.43,7.43,7.43,7.43,0
12-Jan-12,7.22,7.26,7.10,7.21,96034
11-Jan-12,7.22,7.28,7.11,7.20,140716
10-Jan-12,7.13,7.38,7.10,7.29,91212
9-Jan-12,6.99,7.09,6.96,7.03,201592
6-Jan-12,6.84,7.03,6.76,6.97,176763
5-Jan-12,6.77,6.89,6.72,6.85,146588
4-Jan-12,6.57,6.95,6.51,6.79,143980
3-Jan-12,6.36,6.71,6.36,6.65,233121
30-Dec-11,6.15,6.15,6.15,6.15,0
29-Dec-11,6.15,6.35,6.10,6.23,177417
28-Dec-11,6.35,6.35,6.03,6.13,207067
27-Dec-11,6.41,6.44,6.30,6.38,29190
23-Dec-11,6.42,6.42,6.42,6.42,0
22-Dec-11,6.18,6.55,6.12,6.48,211888
21-Dec-11,6.23,6.41,6.08,6.14,123266
20-Dec-11,6.06,6.40,6.06,6.25,199231
19-Dec-11,5.96,6.00,5.48,5.83,340861
16-Dec-11,5.96,6.34,5.86,5.91,265063
15-Dec-11,6.06,6.06,5.59,5.91,243383
14-Dec-11,6.02,6.08,5.60,5.97,154191
13-Dec-11,6.29,6.35,6.08,6.12,96622
12-Dec-11,6.01,6.33,5.93,6.22,122513
9-Dec-11,5.92,6.12,5.88,6.11,156834
8-Dec-11,5.90,6.00,5.85,5.91,165489
7-Dec-11,5.69,6.09,5.61,5.99,85502
6-Dec-11,5.68,5.83,5.52,5.72,78850
5-Dec-11,5.75,5.75,5.54,5.68,109701
2-Dec-11,5.60,5.69,5.52,5.60,85214
1-Dec-11,5.54,5.58,5.32,5.48,119466
30-Nov-11,5.39,5.63,5.28,5.56,154523
29-Nov-11,5.20,5.20,5.01,5.09,29929
28-Nov-11,4.94,5.24,4.87,5.19,243964
25-Nov-11,4.95,5.07,4.72,4.72,60021
23-Nov-11,4.97,4.97,4.97,4.97,0
22-Nov-11,5.19,5.25,5.04,5.11,115482
21-Nov-11,5.37,5.50,5.16,5.17,229155
18-Nov-11,5.62,5.62,5.36,5.54,190794
17-Nov-11,5.48,5.71,5.41,5.56,274334
16-Nov-11,5.16,5.55,5.16,5.48,315386
15-Nov-11,4.95,5.28,4.89,5.25,119224
14-Nov-11,5.00,5.20,4.81,4.97,239960
11-Nov-11,5.48,5.53,5.00,5.02,400046
10-Nov-11,5.46,5.50,5.20,5.40,207751
9-Nov-11,5.63,5.63,5.28,5.38,190870
8-Nov-11,6.20,6.20,5.69,5.87,156835
7-Nov-11,5.55,6.13,5.55,6.11,128964
4-Nov-11,5.76,5.88,5.41,5.58,175440
3-Nov-11,5.56,5.92,5.47,5.84,265122
2-Nov-11,6.08,6.15,5.30,5.49,300698
1-Nov-11,7.04,7.04,5.87,5.92,160231
31-Oct-11,6.89,6.89,6.56,6.56,116219
28-Oct-11,7.36,7.37,7.00,7.03,153292
27-Oct-11,6.85,7.62,6.64,7.38,233104
26-Oct-11,6.51,6.62,6.18,6.53,115729
25-Oct-11,6.56,6.71,6.34,6.36,197892
24-Oct-11,6.11,6.71,6.03,6.64,257078
21-Oct-11,5.91,6.09,5.74,6.07,209892
20-Oct-11,5.96,5.96,5.46,5.77,148118
19-Oct-11,6.15,6.17,5.90,6.00,68818
18-Oct-11,5.87,6.44,5.68,6.17,238442
17-Oct-11,6.40,6.40,5.80,5.85,139782
14-Oct-11,6.41,6.53,6.10,6.50,88870
13-Oct-11,5.90,6.35,5.83,6.31,101685
12-Oct-11,5.83,6.11,5.71,5.95,152328
11-Oct-11,5.51,5.82,5.37,5.75,96894
10-Oct-11,5.45,5.60,5.25,5.58,128606
7-Oct-11,5.69,5.70,5.23,5.31,146924
6-Oct-11,5.61,5.74,5.41,5.69,190705
5-Oct-11,5.64,5.91,5.47,5.64,257454
4-Oct-11,4.61,5.76,4.61,5.67,286932
3-Oct-11,5.19,5.26,4.61,4.66,230705
30-Sep-11,5.59,5.78,5.24,5.25,184645
