Date,Open,High,Low,Close,Volume
26-Sep-12,1.33,1.33,1.26,1.28,12542
25-Sep-12,1.32,1.33,1.28,1.32,17729
24-Sep-12,1.30,1.31,1.30,1.31,37058
21-Sep-12,1.35,1.38,1.31,1.31,13014
20-Sep-12,1.35,1.38,1.35,1.36,800
19-Sep-12,1.37,1.41,1.31,1.31,14798
18-Sep-12,1.33,1.39,1.33,1.39,51239
17-Sep-12,1.34,1.35,1.32,1.35,2700
14-Sep-12,1.39,1.39,1.35,1.38,4700
13-Sep-12,1.38,1.40,1.36,1.40,200
12-Sep-12,1.43,1.43,1.34,1.39,34900
11-Sep-12,1.52,1.50,1.43,1.45,18812
10-Sep-12,1.49,1.53,1.45,1.53,2710
7-Sep-12,1.47,1.53,1.47,1.50,10315
6-Sep-12,1.50,1.54,1.43,1.48,3165
5-Sep-12,1.49,1.51,1.48,1.51,8421
4-Sep-12,1.50,1.52,1.48,1.50,13000
31-Aug-12,1.50,1.59,1.48,1.48,7668
30-Aug-12,1.48,1.53,1.48,1.53,17831
29-Aug-12,1.53,1.58,1.53,1.58,4600
28-Aug-12,1.50,1.56,1.50,1.56,7296
27-Aug-12,1.53,1.57,1.50,1.52,52358
24-Aug-12,1.54,1.56,1.54,1.54,10470
23-Aug-12,1.55,1.55,1.54,1.54,13919
22-Aug-12,1.55,1.56,1.55,1.55,7281
21-Aug-12,1.55,1.58,1.55,1.56,1500
20-Aug-12,1.56,1.57,1.55,1.57,12479
17-Aug-12,1.55,1.58,1.55,1.56,5500
16-Aug-12,1.57,1.57,1.55,1.55,6206
15-Aug-12,1.55,1.57,1.55,1.57,4450
14-Aug-12,1.57,1.60,1.55,1.55,15400
13-Aug-12,1.56,1.59,1.55,1.55,5900
10-Aug-12,1.56,1.57,1.56,1.56,2200
9-Aug-12,1.55,1.59,1.55,1.57,12056
8-Aug-12,1.55,1.55,1.54,1.55,21031
7-Aug-12,1.56,1.58,1.55,1.56,14977
6-Aug-12,1.56,1.58,1.55,1.56,6400
3-Aug-12,1.62,1.63,1.54,1.58,36010
2-Aug-12,1.58,1.58,1.55,1.55,3545
1-Aug-12,1.52,1.58,1.52,1.58,6600
31-Jul-12,1.53,1.64,1.53,1.57,22544
30-Jul-12,1.53,1.57,1.53,1.54,23605
27-Jul-12,1.55,1.60,1.53,1.53,45545
26-Jul-12,1.61,1.61,1.56,1.56,4100
25-Jul-12,1.55,1.56,1.55,1.56,1319
24-Jul-12,1.56,1.59,1.55,1.56,68860
23-Jul-12,1.62,1.62,1.55,1.58,25699
20-Jul-12,1.61,1.63,1.60,1.62,5200
19-Jul-12,1.59,1.67,1.59,1.64,19089
18-Jul-12,1.55,1.60,1.54,1.59,26548
17-Jul-12,1.63,1.65,1.60,1.63,41647
16-Jul-12,1.60,1.62,1.60,1.62,32875
13-Jul-12,1.63,1.63,1.56,1.60,6600
12-Jul-12,1.60,1.61,1.53,1.53,19977
11-Jul-12,1.60,1.61,1.59,1.60,13047
10-Jul-12,1.61,1.62,1.59,1.59,16942
9-Jul-12,1.61,1.62,1.61,1.61,12260
6-Jul-12,1.61,1.62,1.61,1.62,2152
5-Jul-12,1.64,1.64,1.61,1.61,34516
3-Jul-12,1.61,1.65,1.58,1.65,83100
2-Jul-12,1.64,1.65,1.59,1.61,33491
29-Jun-12,1.61,1.65,1.61,1.64,8701
28-Jun-12,1.60,1.63,1.58,1.60,9448
27-Jun-12,1.64,1.64,1.59,1.62,3000
26-Jun-12,1.64,1.65,1.63,1.65,13703
25-Jun-12,1.68,1.68,1.64,1.65,11150
22-Jun-12,1.67,1.72,1.67,1.72,4961
21-Jun-12,1.72,1.72,1.68,1.72,5554
20-Jun-12,1.68,1.71,1.68,1.70,14380
19-Jun-12,1.67,1.72,1.65,1.68,47829
18-Jun-12,1.60,1.75,1.60,1.64,158163
15-Jun-12,1.62,1.64,1.57,1.57,38174
14-Jun-12,1.65,1.66,1.57,1.59,57297
13-Jun-12,1.64,1.66,1.60,1.65,28023
12-Jun-12,1.60,1.65,1.60,1.64,5331
11-Jun-12,1.56,1.61,1.56,1.60,20429
8-Jun-12,1.58,1.60,1.49,1.56,32300
7-Jun-12,1.67,1.67,1.55,1.56,107713
6-Jun-12,1.63,1.67,1.62,1.67,18900
5-Jun-12,1.65,1.65,1.60,1.62,21790
4-Jun-12,1.67,1.69,1.66,1.68,72874
1-Jun-12,1.68,1.69,1.63,1.67,134499
31-May-12,1.71,1.73,1.64,1.73,64889
30-May-12,1.71,1.74,1.71,1.72,69880
29-May-12,1.73,1.73,1.71,1.71,27118
25-May-12,1.70,1.72,1.68,1.70,64957
24-May-12,1.70,1.72,1.69,1.71,45893
23-May-12,1.52,1.72,1.50,1.71,625237
22-May-12,1.50,1.52,1.50,1.52,5514
21-May-12,1.50,1.51,1.49,1.50,65168
18-May-12,1.50,1.52,1.50,1.52,45471
17-May-12,1.52,1.58,1.49,1.51,35333
16-May-12,1.51,1.58,1.51,1.53,21661
15-May-12,1.50,1.55,1.50,1.55,39799
14-May-12,1.49,1.52,1.49,1.51,7131
11-May-12,1.52,1.52,1.50,1.51,11698
10-May-12,1.52,1.55,1.52,1.55,600
9-May-12,1.58,1.58,1.51,1.52,19545
8-May-12,1.57,1.59,1.55,1.58,18930
7-May-12,1.57,1.60,1.57,1.57,16997
4-May-12,1.70,1.70,1.57,1.58,27308
3-May-12,1.62,1.62,1.59,1.60,9170
2-May-12,1.61,1.61,1.58,1.59,3399
1-May-12,1.57,1.63,1.57,1.60,17510
30-Apr-12,1.53,1.58,1.53,1.57,11900
27-Apr-12,1.60,1.60,1.56,1.57,38848
26-Apr-12,1.53,1.65,1.53,1.57,7890
25-Apr-12,1.55,1.59,1.53,1.56,45917
24-Apr-12,1.58,1.58,1.51,1.55,21650
23-Apr-12,1.49,1.64,1.49,1.60,94122
20-Apr-12,1.51,1.52,1.50,1.50,5700
19-Apr-12,1.50,1.53,1.50,1.51,10750
18-Apr-12,1.50,1.53,1.50,1.50,8491
17-Apr-12,1.51,1.53,1.50,1.50,29177
16-Apr-12,1.52,1.59,1.52,1.53,28250
13-Apr-12,1.53,1.58,1.50,1.53,30367
12-Apr-12,1.52,1.55,1.51,1.53,6829
11-Apr-12,1.50,1.55,1.49,1.51,55861
10-Apr-12,1.60,1.63,1.50,1.50,76644
9-Apr-12,1.62,1.65,1.57,1.59,39761
5-Apr-12,1.65,1.70,1.63,1.66,32900
4-Apr-12,1.67,1.69,1.61,1.63,70305
3-Apr-12,1.58,1.62,1.54,1.60,65294
2-Apr-12,1.57,1.61,1.51,1.56,129711
30-Mar-12,1.53,1.56,1.50,1.55,35478
29-Mar-12,1.53,1.53,1.50,1.51,22009
28-Mar-12,1.53,1.60,1.50,1.51,75721
27-Mar-12,1.49,1.55,1.49,1.50,94693
26-Mar-12,1.45,1.47,1.43,1.47,138566
23-Mar-12,1.30,1.43,1.28,1.43,145870
22-Mar-12,1.30,1.30,1.23,1.23,65291
21-Mar-12,1.25,1.30,1.25,1.30,16280
20-Mar-12,1.30,1.30,1.23,1.23,33741
19-Mar-12,1.32,1.32,1.28,1.30,37298
16-Mar-12,1.30,1.30,1.25,1.30,7463
15-Mar-12,1.29,1.29,1.25,1.27,2603
14-Mar-12,1.30,1.30,1.25,1.29,24898
13-Mar-12,1.30,1.30,1.27,1.30,24202
12-Mar-12,1.32,1.34,1.25,1.29,23903
9-Mar-12,1.13,1.32,1.11,1.32,257776
8-Mar-12,1.16,1.16,1.11,1.13,35769
7-Mar-12,1.12,1.19,1.12,1.13,3451
6-Mar-12,1.15,1.17,1.12,1.12,22284
5-Mar-12,1.20,1.20,1.15,1.16,14579
2-Mar-12,1.19,1.24,1.19,1.19,7050
1-Mar-12,1.20,1.21,1.19,1.19,15820
29-Feb-12,1.23,1.23,1.19,1.23,3312
28-Feb-12,1.23,1.24,1.18,1.23,10891
27-Feb-12,1.15,1.24,1.15,1.24,35549
24-Feb-12,1.14,1.14,1.13,1.14,3304
23-Feb-12,1.11,1.14,1.11,1.13,10919
22-Feb-12,1.13,1.15,1.11,1.12,16153
21-Feb-12,1.11,1.17,1.11,1.15,4240
17-Feb-12,1.13,1.13,1.10,1.10,13430
16-Feb-12,1.15,1.15,1.10,1.12,7700
15-Feb-12,1.17,1.17,1.13,1.13,9876
14-Feb-12,1.17,1.17,1.15,1.16,5402
13-Feb-12,1.17,1.17,1.15,1.16,2000
10-Feb-12,1.10,1.16,1.09,1.15,11600
9-Feb-12,1.17,1.19,1.11,1.14,9623
8-Feb-12,1.13,1.16,1.11,1.16,8325
7-Feb-12,1.13,1.20,1.11,1.14,14887
6-Feb-12,1.11,1.13,1.11,1.11,3399
3-Feb-12,1.09,1.16,1.08,1.13,40825
2-Feb-12,1.09,1.10,1.08,1.08,11815
1-Feb-12,1.10,1.10,1.09,1.10,10100
31-Jan-12,1.10,1.10,1.08,1.10,26870
30-Jan-12,1.06,1.09,1.06,1.09,4820
27-Jan-12,1.05,1.10,1.05,1.08,13440
26-Jan-12,1.06,1.10,1.05,1.08,3371
25-Jan-12,1.06,1.09,1.06,1.06,3960
24-Jan-12,1.07,1.09,1.04,1.09,60506
23-Jan-12,1.15,1.15,1.07,1.07,6059
20-Jan-12,1.28,1.28,1.06,1.12,5864
19-Jan-12,1.04,1.11,1.04,1.09,3900
18-Jan-12,1.07,1.10,1.03,1.03,25775
17-Jan-12,1.10,1.12,1.10,1.10,4675
13-Jan-12,1.11,1.11,1.11,1.11,0
12-Jan-12,1.04,1.06,1.03,1.06,10072
11-Jan-12,1.06,1.07,1.05,1.06,700
10-Jan-12,1.02,1.06,1.02,1.06,8400
9-Jan-12,1.01,1.05,1.01,1.02,15600
6-Jan-12,1.01,1.07,1.00,1.04,27491
5-Jan-12,1.02,1.03,1.00,1.02,8609
4-Jan-12,1.02,1.05,1.00,1.04,13800
3-Jan-12,1.04,1.05,1.00,1.02,12504
30-Dec-11,1.03,1.03,1.03,1.03,0
29-Dec-11,1.02,1.07,1.01,1.07,17290
28-Dec-11,1.02,1.05,1.02,1.03,19897
27-Dec-11,1.04,1.05,0.84,1.02,98252
23-Dec-11,1.04,1.04,1.04,1.04,0
22-Dec-11,1.02,1.08,1.02,1.05,23432
21-Dec-11,1.04,1.07,1.02,1.03,50562
20-Dec-11,1.04,1.10,1.04,1.05,66503
19-Dec-11,1.09,1.10,1.07,1.07,30023
16-Dec-11,1.10,1.10,1.06,1.10,36649
15-Dec-11,1.11,1.12,1.09,1.09,45161
14-Dec-11,1.11,1.15,1.08,1.11,50707
13-Dec-11,1.12,1.16,1.11,1.13,33156
12-Dec-11,1.10,1.40,1.08,1.08,2503372
9-Dec-11,1.06,1.12,1.06,1.11,20834
8-Dec-11,1.06,1.12,1.06,1.06,8835
7-Dec-11,1.06,1.06,1.05,1.05,4800
6-Dec-11,1.06,1.09,1.04,1.05,9813
5-Dec-11,1.10,1.10,1.06,1.06,3182
2-Dec-11,1.07,1.07,1.06,1.07,3300
1-Dec-11,1.09,1.12,1.06,1.07,4367
30-Nov-11,1.08,1.12,1.07,1.09,203399
29-Nov-11,1.04,1.10,1.04,1.07,6100
28-Nov-11,1.10,1.10,1.04,1.05,22466
25-Nov-11,1.11,1.11,1.07,1.07,2400
23-Nov-11,1.11,1.11,1.11,1.11,0
22-Nov-11,1.12,1.13,1.08,1.10,5968
21-Nov-11,1.11,1.14,1.09,1.09,42646
18-Nov-11,1.10,1.15,1.10,1.15,18065
17-Nov-11,1.10,1.13,1.10,1.10,25817
16-Nov-11,1.12,1.13,1.12,1.13,5300
15-Nov-11,1.08,1.13,1.07,1.13,13850
14-Nov-11,1.13,1.13,1.08,1.08,8610
11-Nov-11,1.11,1.12,1.07,1.07,4566
10-Nov-11,1.11,1.12,1.09,1.12,1622
9-Nov-11,1.10,1.13,1.10,1.12,3515
8-Nov-11,1.07,1.12,1.07,1.10,10550
7-Nov-11,1.09,1.12,1.07,1.07,7709
4-Nov-11,1.16,1.16,1.09,1.11,4126
3-Nov-11,1.10,1.15,1.09,1.09,8011
2-Nov-11,1.18,1.18,1.09,1.09,10525
1-Nov-11,1.08,1.17,1.08,1.15,12675
31-Oct-11,1.07,1.13,1.07,1.13,10376
28-Oct-11,1.09,1.12,1.09,1.12,15450
27-Oct-11,1.14,1.14,1.10,1.14,1294
25-Oct-11,1.15,1.15,1.15,1.15,0
24-Oct-11,1.07,1.16,1.07,1.10,3398
21-Oct-11,1.10,1.14,1.07,1.07,18402
20-Oct-11,1.13,1.13,1.05,1.10,7507
19-Oct-11,1.08,1.16,1.08,1.15,6282
18-Oct-11,1.12,1.20,1.07,1.07,13233
17-Oct-11,1.17,1.19,1.15,1.15,1725
14-Oct-11,1.13,1.13,1.13,1.13,0
13-Oct-11,1.10,1.12,1.07,1.12,32105
12-Oct-11,1.08,1.12,1.04,1.11,34541
11-Oct-11,1.05,1.12,1.05,1.10,19400
10-Oct-11,1.09,1.10,1.02,1.10,38950
7-Oct-11,1.07,1.09,1.04,1.07,3791
6-Oct-11,1.07,1.07,1.02,1.04,11355
5-Oct-11,1.04,1.12,1.04,1.04,13000
4-Oct-11,1.07,1.07,1.07,1.07,0
3-Oct-11,1.07,1.10,1.07,1.09,2200
30-Sep-11,1.10,1.11,1.07,1.10,10620
29-Sep-11,1.14,1.16,1.08,1.10,6341
