Date,Open,High,Low,Close,Volume
26-Sep-12,111.13,113.88,110.80,112.19,4534162
25-Sep-12,113.50,115.79,112.05,112.52,6454784
24-Sep-12,110.24,113.71,110.15,113.18,4591049
21-Sep-12,112.26,112.51,110.06,111.17,1360901
20-Sep-12,112.28,112.91,110.85,111.31,859459
19-Sep-12,112.82,114.85,111.02,114.13,906710
18-Sep-12,112.98,113.00,110.91,111.96,770432
17-Sep-12,116.15,116.44,112.66,113.31,915564
14-Sep-12,112.26,116.27,111.85,115.62,2110501
13-Sep-12,108.39,110.90,107.61,109.78,1115274
12-Sep-12,110.00,110.04,106.61,107.09,1455742
11-Sep-12,109.92,110.01,107.50,109.81,838729
10-Sep-12,109.10,110.71,106.88,109.25,1237319
7-Sep-12,114.00,114.45,109.40,109.59,9650677
6-Sep-12,113.50,113.54,108.88,112.74,9516527
5-Sep-12,113.61,114.64,111.62,111.94,4765194
4-Sep-12,112.36,115.44,111.54,114.51,5391461
31-Aug-12,113.67,113.70,110.27,111.44,4946312
30-Aug-12,113.53,114.33,111.58,112.01,4993821
29-Aug-12,118.00,118.77,113.06,113.10,9712748
28-Aug-12,118.26,121.19,117.23,120.62,8269003
27-Aug-12,116.00,117.35,115.25,116.90,4053677
24-Aug-12,114.36,116.50,112.68,115.72,6529645
23-Aug-12,122.07,122.70,110.13,115.09,21361033
22-Aug-12,121.00,124.04,119.26,122.80,8244454
21-Aug-12,130.00,130.00,123.20,123.40,9594712
20-Aug-12,133.91,133.96,130.12,130.91,3082444
17-Aug-12,134.71,134.71,132.19,133.98,3005084
16-Aug-12,130.99,134.38,130.00,133.66,5075565
15-Aug-12,130.01,131.34,129.55,130.10,1901548
14-Aug-12,131.55,132.40,129.87,130.46,2411146
13-Aug-12,131.07,131.85,128.76,130.79,2878589
10-Aug-12,130.08,131.35,129.79,131.06,1878537
9-Aug-12,131.00,132.00,129.78,130.94,2534118
8-Aug-12,129.69,131.78,128.92,131.27,3265793
7-Aug-12,129.91,132.08,129.20,130.32,3881295
6-Aug-12,126.18,131.10,125.70,128.94,6150021
3-Aug-12,124.25,125.00,123.00,124.84,2829805
2-Aug-12,121.67,125.68,121.24,122.03,4598621
1-Aug-12,122.05,123.68,120.98,123.24,3570035
31-Jul-12,121.23,123.76,119.71,120.52,3475569
30-Jul-12,123.31,123.70,119.37,121.29,3808820
27-Jul-12,119.90,124.20,118.54,123.70,6190716
26-Jul-12,116.44,119.30,116.00,118.62,4950437
25-Jul-12,115.70,116.62,113.21,114.41,5254241
24-Jul-12,113.92,120.12,113.83,114.95,16861232
23-Jul-12,107.55,108.90,104.91,107.10,7593103
20-Jul-12,111.75,111.90,108.12,110.23,5173249
19-Jul-12,108.83,111.00,107.28,110.74,5095632
18-Jul-12,104.08,108.50,104.04,107.45,4792737
17-Jul-12,105.76,105.93,99.71,104.98,10091167
16-Jul-12,108.90,109.19,107.00,107.35,2766628
13-Jul-12,108.71,109.88,107.60,109.71,2906273
12-Jul-12,108.00,109.90,106.80,108.21,3447951
11-Jul-12,109.70,110.45,108.06,108.92,4263844
10-Jul-12,114.06,114.38,108.50,109.30,4344695
9-Jul-12,115.84,116.30,112.86,113.17,2622158
6-Jul-12,116.57,116.82,115.07,115.91,2535152
5-Jul-12,114.10,117.85,114.03,117.21,3205631
3-Jul-12,112.64,114.95,112.34,114.72,1930854
2-Jul-12,115.07,115.44,111.31,112.69,3714151
29-Jun-12,111.54,115.00,110.53,114.98,4629931
28-Jun-12,110.31,110.60,107.50,108.62,4058022
27-Jun-12,111.50,112.49,110.70,111.40,3185953
26-Jun-12,112.37,112.71,110.00,110.59,4275475
25-Jun-12,112.89,113.32,110.00,111.02,4087753
22-Jun-12,114.25,114.80,113.05,114.61,3128115
21-Jun-12,117.32,117.69,113.00,113.08,4197517
20-Jun-12,121.80,121.81,116.76,117.38,4544785
19-Jun-12,122.03,122.11,120.50,121.72,4084818
18-Jun-12,118.17,122.00,117.88,121.37,2611876
15-Jun-12,117.97,120.03,117.68,119.38,3329098
14-Jun-12,117.54,118.79,116.37,117.64,2579306
13-Jun-12,117.28,119.55,116.27,116.72,3740576
12-Jun-12,121.43,121.68,116.93,117.94,4615716
11-Jun-12,123.95,123.95,120.41,120.80,3418948
8-Jun-12,121.00,121.59,118.30,121.31,3476140
7-Jun-12,122.33,124.80,122.10,122.46,5061224
6-Jun-12,118.99,120.72,118.62,119.12,2867673
5-Jun-12,115.62,117.92,115.36,117.28,2540765
4-Jun-12,113.34,115.90,112.50,115.68,4549999
1-Jun-12,115.00,115.89,112.93,113.35,4085752
31-May-12,118.26,118.90,116.13,117.77,3052610
30-May-12,119.71,120.16,117.00,118.16,3708811
29-May-12,119.64,122.85,119.30,121.59,3811912
25-May-12,118.10,119.17,116.75,117.59,2590391
24-May-12,121.85,122.22,117.27,118.26,4407169
23-May-12,118.08,122.46,117.60,122.29,3689615
22-May-12,122.10,122.40,118.17,119.34,4252503
21-May-12,115.03,122.10,115.03,121.75,5305466
18-May-12,118.35,121.09,115.35,115.37,4416940
17-May-12,122.82,123.39,117.04,117.40,5523982
16-May-12,124.34,125.21,121.84,122.26,4076871
15-May-12,122.92,125.39,121.83,123.87,4264101
14-May-12,121.23,124.58,120.95,121.83,4210142
11-May-12,121.51,124.44,121.01,122.23,5630850
10-May-12,125.12,125.52,122.38,123.66,5228490
9-May-12,125.00,126.11,123.55,123.70,5259615
8-May-12,127.01,129.17,123.60,127.31,4809867
7-May-12,129.01,129.31,127.03,127.97,3279270
4-May-12,132.01,133.00,130.00,130.02,3954624
3-May-12,134.27,134.50,131.89,133.11,3295416
2-May-12,133.26,135.30,133.01,134.10,3177273
1-May-12,132.65,135.74,132.65,133.48,3357034
30-Apr-12,133.05,133.10,131.66,132.70,3089205
27-Apr-12,134.63,135.13,133.39,134.44,3218748
26-Apr-12,133.93,136.20,131.62,133.21,5967736
25-Apr-12,130.00,136.18,128.94,134.82,14049212
24-Apr-12,139.30,139.91,135.75,135.83,6924651
23-Apr-12,141.35,141.97,135.69,139.66,6834753
20-Apr-12,146.41,146.65,144.50,144.91,3398973
19-Apr-12,147.96,149.42,144.36,144.74,4026668
18-Apr-12,148.05,148.75,145.65,147.92,3565997
17-Apr-12,147.58,149.48,146.50,147.49,3659557
16-Apr-12,152.50,152.85,146.14,147.66,5442472
13-Apr-12,150.48,152.84,148.92,151.38,6097198
12-Apr-12,147.35,151.84,145.80,151.32,6035582
11-Apr-12,147.00,148.00,145.10,146.16,3965115
10-Apr-12,150.06,151.86,143.70,144.42,6404073
9-Apr-12,146.25,149.56,145.40,148.80,4486439
5-Apr-12,144.06,148.50,144.00,148.25,4073139
4-Apr-12,145.54,146.64,143.51,144.69,3644736
3-Apr-12,147.98,148.33,146.57,147.06,3766452
2-Apr-12,144.63,148.57,144.10,146.70,5052697
30-Mar-12,147.89,148.10,144.16,145.77,5208273
29-Mar-12,145.11,147.50,143.86,146.41,5746252
28-Mar-12,150.78,150.80,146.00,148.09,6273476
27-Mar-12,150.27,154.15,148.50,150.02,7585596
26-Mar-12,145.62,150.97,145.56,150.80,8601241
23-Mar-12,144.24,145.00,141.86,144.32,6027689
22-Mar-12,139.13,144.96,139.00,143.72,7963413
21-Mar-12,137.60,142.85,137.60,140.61,8904225
20-Mar-12,136.35,137.90,134.25,137.35,4438140
19-Mar-12,135.99,139.20,134.82,137.94,4437244
16-Mar-12,136.32,138.45,134.50,136.09,4385406
15-Mar-12,137.20,137.33,135.31,136.34,3319781
14-Mar-12,139.33,140.84,135.09,136.51,5024122
13-Mar-12,138.84,140.22,137.60,140.18,5055479
12-Mar-12,138.37,140.08,136.15,137.80,3485923
9-Mar-12,138.32,139.99,138.07,138.53,4212605
8-Mar-12,137.14,138.10,136.28,137.19,3204469
7-Mar-12,135.29,135.76,133.51,134.94,3592098
6-Mar-12,133.70,134.45,131.40,133.27,5066794
5-Mar-12,140.05,140.84,135.90,136.66,5109466
2-Mar-12,139.70,141.48,139.07,141.43,5944991
1-Mar-12,137.98,139.84,136.20,138.87,4659801
29-Feb-12,139.00,139.59,136.19,136.70,4690907
28-Feb-12,135.00,138.40,134.61,138.29,5237874
27-Feb-12,133.79,135.80,133.70,134.54,3071176
24-Feb-12,133.77,135.60,133.62,134.89,4615885
23-Feb-12,134.53,134.99,131.70,132.85,4394393
22-Feb-12,130.86,134.90,130.75,133.71,7248515
21-Feb-12,136.93,137.95,129.02,130.64,10794452
17-Feb-12,140.92,140.92,134.68,136.90,15899100
16-Feb-12,139.61,142.49,137.55,141.83,10380374
15-Feb-12,142.09,142.36,137.38,138.32,6128386
14-Feb-12,141.72,142.22,139.68,140.86,7144636
13-Feb-12,138.80,140.09,137.13,140.00,6231900
10-Feb-12,134.28,138.00,133.49,136.59,7131823
9-Feb-12,131.65,135.83,131.00,135.44,6769042
8-Feb-12,130.76,132.26,129.29,130.89,5335776
7-Feb-12,131.02,132.23,128.94,129.49,5829032
6-Feb-12,130.81,132.78,129.72,131.37,6011794
3-Feb-12,132.52,135.68,132.12,134.53,7013776
2-Feb-12,128.00,131.23,127.11,130.79,5954875
1-Feb-12,129.81,129.90,126.06,127.73,5829406
31-Jan-12,129.01,130.66,125.81,127.52,6415151
30-Jan-12,130.93,132.25,128.12,130.73,7871216
27-Jan-12,124.20,131.90,124.11,131.36,8589708
26-Jan-12,124.29,127.21,122.83,123.90,5643928
25-Jan-12,122.51,125.52,121.07,125.03,4876730
24-Jan-12,123.20,123.40,121.00,121.75,4880134
23-Jan-12,123.34,126.80,123.34,123.93,7131771
20-Jan-12,122.95,124.54,121.50,122.80,6040018
19-Jan-12,127.46,127.53,123.00,123.62,10796607
18-Jan-12,128.83,129.73,125.31,126.07,6591095
17-Jan-12,131.30,131.50,128.60,128.85,6151171
13-Jan-12,127.41,127.41,127.41,127.41,0
12-Jan-12,129.00,130.25,127.67,128.30,4909618
11-Jan-12,126.47,128.59,125.53,128.19,5332691
10-Jan-12,124.21,127.30,124.00,126.88,6931494
9-Jan-12,122.97,122.97,117.17,120.12,5594836
6-Jan-12,123.72,124.11,120.00,120.15,3395634
5-Jan-12,121.10,124.00,120.68,123.27,4774484
4-Jan-12,122.75,123.60,121.15,121.99,4401704
3-Jan-12,120.00,125.14,120.00,124.29,7314087
30-Dec-11,116.47,116.47,116.47,116.47,0
29-Dec-11,116.02,116.38,113.17,114.72,4212490
28-Dec-11,116.03,117.66,115.02,116.50,3746838
27-Dec-11,117.08,117.93,115.83,116.25,2602086
23-Dec-11,117.71,117.71,117.71,117.71,0
22-Dec-11,113.14,116.75,112.75,115.56,4519920
21-Dec-11,117.39,117.39,111.00,112.97,6655563
20-Dec-11,114.00,118.78,112.21,118.40,7258192
19-Dec-11,113.93,114.99,111.07,111.45,4955483
16-Dec-11,114.48,116.17,110.90,114.52,8988469
15-Dec-11,119.11,119.29,110.69,114.34,10196173
14-Dec-11,120.03,120.20,115.82,117.97,7148053
13-Dec-11,127.89,128.38,121.66,122.22,6812346
12-Dec-11,128.54,128.80,125.25,127.65,4122673
9-Dec-11,126.71,131.00,125.56,130.52,4770547
8-Dec-11,128.37,130.38,126.37,126.63,3919020
7-Dec-11,130.53,131.50,127.26,129.33,3526395
6-Dec-11,134.22,135.48,130.03,131.25,4556868
5-Dec-11,136.44,137.21,133.80,134.63,4423085
2-Dec-11,136.49,136.63,133.64,134.09,3485449
1-Dec-11,130.15,135.99,130.10,134.83,5195538
30-Nov-11,131.31,131.65,129.10,130.99,6119368
29-Nov-11,127.40,127.50,124.67,124.92,4574719
28-Nov-11,125.45,127.68,123.61,126.81,6409607
25-Nov-11,118.60,121.36,118.44,119.91,2792352
23-Nov-11,119.55,119.55,119.55,119.55,0
22-Nov-11,123.48,127.05,121.88,124.28,4560628
21-Nov-11,123.36,124.82,118.00,124.17,8812979
18-Nov-11,131.96,131.96,126.05,126.93,5629357
17-Nov-11,137.79,137.99,128.93,131.10,7514820
16-Nov-11,139.80,140.40,137.74,138.10,4088824
15-Nov-11,138.02,141.35,137.64,140.74,5227105
14-Nov-11,137.00,140.20,136.50,138.88,3389891
11-Nov-11,137.39,138.22,135.00,137.76,3593442
10-Nov-11,138.18,138.64,133.60,135.68,4303402
9-Nov-11,139.50,140.25,135.73,136.17,5561624
8-Nov-11,141.60,142.72,138.60,141.94,4853871
7-Nov-11,142.66,143.89,139.60,140.78,4215272
4-Nov-11,142.94,143.60,138.95,143.18,4675321
3-Nov-11,142.82,144.94,140.00,143.50,6303390
2-Nov-11,139.80,141.88,139.33,140.55,6820493
1-Nov-11,133.37,136.99,132.80,135.05,6995205
31-Oct-11,140.74,143.91,138.79,140.18,6466043
28-Oct-11,145.00,147.68,142.64,144.62,13959191
27-Oct-11,137.17,140.00,133.80,138.39,14125366
26-Oct-11,130.70,131.98,125.58,130.80,9534688
25-Oct-11,132.18,132.18,126.20,127.98,7109974
24-Oct-11,123.66,132.85,123.50,132.02,9555117
21-Oct-11,126.16,126.29,119.58,122.16,8098175
20-Oct-11,122.38,125.82,121.66,123.87,8537288
19-Oct-11,130.82,133.98,125.35,126.23,7873552
18-Oct-11,133.98,133.98,126.56,132.37,9795504
17-Oct-11,136.29,138.38,134.22,135.61,7153978
14-Oct-11,138.52,138.53,135.00,137.60,8228755
13-Oct-11,130.70,133.30,127.85,132.97,9253643
12-Oct-11,130.20,134.85,129.51,130.83,10930554
11-Oct-11,123.88,129.75,122.25,129.47,8920930
10-Oct-11,120.86,127.54,119.48,124.54,9047892
7-Oct-11,123.24,123.53,115.54,119.21,10147719
6-Oct-11,113.51,120.92,113.01,120.89,12918710
5-Oct-11,108.99,111.24,103.86,111.17,13267930
4-Oct-11,103.70,110.22,102.00,110.09,11705744
3-Oct-11,104.71,109.22,104.40,105.16,11564592
30-Sep-11,102.87,114.87,100.95,106.91,22567320
29-Sep-11,124.23,124.39,106.37,110.29,25017436
