Date,Open,High,Low,Close,Volume
27-Sep-12,13.17,13.34,13.04,13.29,111474
26-Sep-12,13.29,13.30,13.10,13.14,103664
25-Sep-12,13.84,13.87,13.25,13.25,154250
24-Sep-12,13.69,13.93,13.64,13.80,112413
21-Sep-12,13.92,13.96,13.74,13.78,213211
20-Sep-12,13.65,13.79,13.51,13.79,76811
19-Sep-12,13.66,13.81,13.66,13.75,126012
18-Sep-12,13.73,13.86,13.59,13.67,204344
17-Sep-12,13.92,13.92,13.59,13.68,122221
14-Sep-12,13.98,14.01,13.91,13.99,218465
13-Sep-12,13.89,14.10,13.77,13.91,348571
12-Sep-12,13.74,14.10,13.74,13.91,351367
11-Sep-12,13.78,13.85,13.61,13.66,174206
10-Sep-12,13.68,13.85,13.63,13.74,263999
7-Sep-12,13.70,13.80,13.63,13.66,479413
6-Sep-12,13.61,13.70,13.53,13.61,394139
5-Sep-12,13.19,13.57,13.10,13.49,554881
4-Sep-12,12.86,13.00,12.74,12.91,200382
31-Aug-12,12.92,12.96,12.79,12.88,125022
30-Aug-12,12.83,12.87,12.80,12.80,111702
29-Aug-12,12.85,13.02,12.85,12.92,82853
28-Aug-12,12.72,12.89,12.69,12.84,153001
27-Aug-12,12.76,12.76,12.56,12.71,314487
24-Aug-12,12.79,12.93,12.71,12.73,83202
23-Aug-12,13.11,13.11,12.85,12.86,87556
22-Aug-12,13.12,13.18,12.95,13.15,207822
21-Aug-12,13.21,13.39,13.11,13.14,295610
20-Aug-12,13.03,13.20,12.87,13.20,135147
17-Aug-12,12.95,13.10,12.95,13.03,111314
16-Aug-12,13.05,13.08,12.88,12.97,126874
15-Aug-12,12.90,13.21,12.90,13.05,116909
14-Aug-12,13.18,13.20,12.90,12.97,52508
13-Aug-12,13.03,13.12,12.84,13.09,65150
10-Aug-12,13.20,13.34,13.09,13.09,106660
9-Aug-12,12.93,13.33,12.93,13.30,71041
8-Aug-12,13.19,13.19,12.78,12.95,69436
7-Aug-12,13.00,13.50,12.52,13.21,149276
6-Aug-12,14.04,14.39,13.95,14.03,158963
3-Aug-12,13.98,14.23,13.91,13.99,134193
2-Aug-12,13.66,13.83,13.50,13.78,248087
1-Aug-12,14.29,14.43,13.78,13.78,240570
31-Jul-12,14.29,14.50,14.21,14.22,215387
30-Jul-12,14.39,14.57,14.24,14.30,146169
27-Jul-12,13.82,14.43,13.82,14.36,189941
26-Jul-12,13.83,13.88,13.62,13.76,77601
25-Jul-12,13.81,13.81,13.60,13.64,196086
24-Jul-12,13.84,13.84,13.62,13.70,158889
23-Jul-12,13.95,14.01,13.75,13.85,100892
20-Jul-12,14.38,14.46,14.12,14.17,94123
19-Jul-12,14.50,14.56,14.34,14.50,123999
18-Jul-12,14.08,14.59,14.08,14.40,109505
17-Jul-12,14.21,14.34,14.00,14.14,105633
16-Jul-12,14.34,14.37,14.11,14.17,90900
13-Jul-12,14.12,14.41,14.12,14.33,112509
12-Jul-12,13.93,14.16,13.70,14.05,132813
11-Jul-12,14.26,14.29,13.95,14.06,142231
10-Jul-12,14.66,14.73,14.13,14.20,201066
9-Jul-12,14.75,14.77,14.50,14.52,163620
6-Jul-12,14.75,14.91,14.68,14.73,106905
5-Jul-12,14.95,15.05,14.88,14.92,124332
3-Jul-12,14.71,15.06,14.61,15.04,129464
2-Jul-12,14.69,14.71,14.22,14.70,372973
29-Jun-12,14.23,14.68,14.20,14.65,195945
28-Jun-12,13.85,14.02,13.76,13.98,161314
27-Jun-12,13.83,14.04,13.68,13.98,148320
26-Jun-12,13.81,13.86,13.59,13.83,348654
25-Jun-12,13.78,13.88,13.69,13.80,273601
22-Jun-12,13.80,14.01,13.69,13.99,365328
21-Jun-12,14.11,14.11,13.64,13.77,299518
20-Jun-12,14.25,14.30,14.07,14.14,134594
19-Jun-12,13.94,14.39,13.94,14.25,336921
18-Jun-12,13.74,13.94,13.65,13.90,227716
15-Jun-12,13.80,13.89,13.61,13.85,253880
14-Jun-12,13.68,13.87,13.56,13.78,208777
13-Jun-12,13.92,13.94,13.52,13.64,220064
12-Jun-12,13.93,14.06,13.80,13.92,205294
11-Jun-12,14.34,14.34,13.85,13.87,234540
8-Jun-12,14.05,14.27,13.80,14.17,162191
7-Jun-12,14.35,14.52,14.09,14.12,301548
6-Jun-12,14.26,14.30,14.03,14.19,325091
5-Jun-12,13.80,14.15,13.71,14.11,658898
4-Jun-12,13.68,14.03,13.55,13.91,507452
1-Jun-12,13.30,13.80,13.29,13.65,500108
31-May-12,13.74,13.85,13.35,13.62,493157
30-May-12,13.58,13.93,13.56,13.78,273934
29-May-12,13.68,13.81,13.55,13.76,422323
25-May-12,13.67,13.67,13.48,13.53,227776
24-May-12,13.80,13.83,13.52,13.64,504985
23-May-12,13.05,13.78,12.96,13.78,629062
22-May-12,13.26,13.32,13.05,13.18,276133
21-May-12,13.19,13.31,13.01,13.21,236658
18-May-12,12.97,13.25,12.94,13.16,442088
17-May-12,13.20,13.22,12.84,13.00,484071
16-May-12,13.38,13.39,13.16,13.26,216883
15-May-12,13.40,13.48,13.17,13.32,428279
14-May-12,13.52,13.54,13.21,13.45,364818
11-May-12,13.79,13.94,13.61,13.70,460843
10-May-12,14.21,14.23,13.84,13.92,372624
9-May-12,14.31,14.34,14.00,14.08,512576
8-May-12,15.06,15.36,13.99,14.52,664165
7-May-12,15.43,15.60,15.34,15.52,130075
4-May-12,15.72,15.72,15.46,15.48,200603
3-May-12,15.97,15.97,15.69,15.81,167292
2-May-12,15.78,15.96,15.64,15.96,257064
1-May-12,16.13,16.35,15.90,15.90,199060
30-Apr-12,16.34,16.35,16.08,16.17,159062
27-Apr-12,16.27,16.41,16.17,16.38,183853
26-Apr-12,16.36,16.41,16.22,16.24,144149
25-Apr-12,16.44,16.50,16.19,16.34,230456
24-Apr-12,16.12,16.22,16.00,16.22,335561
23-Apr-12,16.09,16.14,15.80,16.09,162807
20-Apr-12,16.49,16.63,16.30,16.35,199394
19-Apr-12,16.38,16.47,16.06,16.32,196805
18-Apr-12,16.59,16.59,16.28,16.42,171303
17-Apr-12,16.60,16.73,16.51,16.60,252784
16-Apr-12,16.81,16.89,16.44,16.51,244034
13-Apr-12,16.57,16.83,16.42,16.75,349367
12-Apr-12,16.24,16.88,16.17,16.68,190401
11-Apr-12,16.27,16.32,16.10,16.23,132386
10-Apr-12,16.47,16.47,16.01,16.10,336338
9-Apr-12,16.58,16.60,16.33,16.47,142293
5-Apr-12,16.80,16.94,16.71,16.87,137214
4-Apr-12,16.89,17.00,16.67,16.88,207891
3-Apr-12,17.08,17.21,16.91,17.11,237203
2-Apr-12,16.65,17.22,16.58,17.09,1582141
30-Mar-12,17.01,17.01,16.67,16.68,273007
29-Mar-12,17.03,17.13,16.72,16.85,263798
28-Mar-12,17.13,17.14,16.76,17.12,201604
27-Mar-12,17.12,17.32,17.07,17.07,130487
26-Mar-12,16.95,17.25,16.95,17.15,185635
23-Mar-12,16.54,16.86,16.39,16.79,126296
22-Mar-12,16.92,16.92,16.43,16.56,176776
21-Mar-12,16.84,17.22,16.80,17.04,233916
20-Mar-12,16.90,16.96,16.65,16.78,110748
19-Mar-12,17.04,17.18,16.96,17.05,361268
16-Mar-12,17.08,17.18,17.00,17.04,203972
15-Mar-12,16.80,17.04,16.75,17.03,110799
14-Mar-12,16.91,17.05,16.71,16.80,182363
13-Mar-12,16.82,16.94,16.70,16.94,563975
12-Mar-12,16.74,16.88,16.61,16.72,155332
9-Mar-12,16.93,17.04,16.70,16.78,386956
8-Mar-12,16.61,17.08,16.57,16.97,259343
7-Mar-12,16.39,16.54,16.15,16.53,339452
6-Mar-12,16.52,16.74,16.02,16.38,640637
5-Mar-12,16.76,16.95,16.70,16.84,812390
2-Mar-12,17.30,17.35,16.73,16.85,233505
1-Mar-12,17.26,17.51,17.20,17.29,261077
29-Feb-12,17.27,17.40,17.13,17.15,213066
28-Feb-12,17.35,17.58,17.07,17.24,114448
27-Feb-12,17.20,17.51,16.96,17.36,144548
24-Feb-12,17.55,17.62,17.32,17.37,107683
23-Feb-12,17.25,17.52,17.20,17.50,112768
22-Feb-12,17.32,17.37,17.07,17.23,82799
21-Feb-12,17.35,17.53,17.19,17.35,123686
17-Feb-12,17.35,17.35,17.18,17.33,484767
16-Feb-12,17.15,17.32,17.11,17.26,251536
15-Feb-12,17.05,17.20,16.84,17.12,338343
14-Feb-12,16.82,17.05,16.79,17.00,1233647
13-Feb-12,16.85,16.90,16.70,16.90,150788
10-Feb-12,16.55,16.81,16.54,16.77,155573
9-Feb-12,16.80,16.84,16.62,16.77,112496
8-Feb-12,16.80,16.80,16.55,16.74,259544
7-Feb-12,16.73,16.86,16.70,16.74,159779
6-Feb-12,16.74,16.81,16.70,16.74,96496
3-Feb-12,16.78,16.99,16.68,16.81,268813
2-Feb-12,16.59,16.64,16.46,16.51,201369
1-Feb-12,16.53,16.73,16.45,16.55,295350
31-Jan-12,16.54,16.55,16.27,16.42,167832
30-Jan-12,16.27,16.50,16.15,16.42,141380
27-Jan-12,16.12,16.42,16.09,16.40,186251
26-Jan-12,16.38,16.38,15.91,16.22,261330
25-Jan-12,16.00,16.30,15.98,16.29,180606
24-Jan-12,15.84,16.08,15.76,16.06,160214
23-Jan-12,15.96,16.10,15.82,15.97,164776
20-Jan-12,15.84,16.06,15.81,15.99,311981
19-Jan-12,15.88,15.93,15.70,15.92,154079
18-Jan-12,15.63,15.83,15.48,15.83,130923
17-Jan-12,15.75,16.00,15.66,15.66,204344
13-Jan-12,15.62,15.62,15.62,15.62,0
12-Jan-12,15.61,15.76,15.42,15.76,154015
11-Jan-12,15.04,15.67,15.00,15.59,290531
10-Jan-12,14.79,15.08,14.52,15.08,568430
9-Jan-12,14.89,15.00,14.42,14.61,319529
6-Jan-12,14.80,14.90,14.65,14.82,234273
5-Jan-12,14.72,14.87,14.50,14.84,165064
4-Jan-12,14.53,14.92,14.53,14.79,207598
3-Jan-12,14.85,15.00,14.55,14.62,595094
30-Dec-11,14.52,14.52,14.52,14.52,0
29-Dec-11,14.55,14.72,14.44,14.68,93461
28-Dec-11,14.96,14.97,14.44,14.46,201903
27-Dec-11,14.88,15.01,14.73,14.94,93695
23-Dec-11,14.95,14.95,14.95,14.95,0
22-Dec-11,15.26,15.32,14.95,14.99,230677
21-Dec-11,15.01,15.28,14.74,15.18,209472
20-Dec-11,14.66,15.11,14.66,15.08,260336
19-Dec-11,14.97,15.15,14.26,14.39,389432
16-Dec-11,14.73,15.13,14.67,14.88,309294
15-Dec-11,14.52,14.60,14.27,14.57,260521
14-Dec-11,14.76,14.90,14.32,14.34,255276
13-Dec-11,15.05,15.32,14.84,14.90,338038
12-Dec-11,14.92,14.93,14.72,14.92,131115
9-Dec-11,14.79,15.18,14.71,15.09,176263
8-Dec-11,15.13,15.13,14.70,14.73,196349
7-Dec-11,15.05,15.33,14.76,15.25,168203
6-Dec-11,15.23,15.25,15.03,15.12,280808
5-Dec-11,15.22,15.36,15.02,15.22,176828
2-Dec-11,15.23,15.31,14.88,14.99,98989
1-Dec-11,15.23,15.39,15.01,15.01,171652
30-Nov-11,15.20,15.32,15.00,15.31,505175
29-Nov-11,14.71,14.83,14.43,14.58,138888
28-Nov-11,14.62,14.85,14.45,14.71,179758
25-Nov-11,14.24,14.44,14.16,14.16,87579
23-Nov-11,14.35,14.35,14.35,14.35,0
22-Nov-11,14.79,14.88,14.59,14.70,111574
21-Nov-11,14.93,14.93,14.67,14.81,163993
18-Nov-11,15.29,15.47,15.14,15.20,170644
17-Nov-11,15.57,15.69,15.16,15.28,210921
16-Nov-11,15.48,15.93,15.42,15.59,214939
15-Nov-11,15.35,15.73,15.25,15.69,238676
14-Nov-11,15.48,15.49,15.04,15.47,241685
11-Nov-11,15.32,15.58,15.19,15.57,128315
10-Nov-11,15.29,15.40,14.99,15.13,214087
9-Nov-11,15.26,15.34,14.83,15.01,341778
8-Nov-11,15.48,15.79,15.13,15.73,207728
7-Nov-11,15.20,15.40,14.88,15.38,216032
4-Nov-11,15.08,15.32,14.81,15.25,208061
3-Nov-11,14.26,15.33,14.14,15.26,479805
2-Nov-11,15.22,15.43,15.06,15.38,161985
1-Nov-11,14.83,15.33,14.80,14.94,250569
31-Oct-11,15.75,15.89,15.51,15.53,121422
28-Oct-11,16.09,16.26,15.98,16.04,166096
27-Oct-11,16.08,16.36,15.94,16.29,400404
26-Oct-11,15.22,15.71,14.81,15.59,176513
25-Oct-11,15.28,15.31,14.83,15.02,161889
24-Oct-11,15.02,15.44,15.02,15.43,301962
21-Oct-11,15.02,15.02,14.61,15.01,308779
20-Oct-11,14.84,14.86,14.28,14.85,142606
19-Oct-11,15.25,15.36,14.74,14.85,145623
18-Oct-11,14.83,15.44,14.62,15.31,231071
17-Oct-11,15.17,15.28,14.67,14.73,206175
14-Oct-11,15.05,15.48,14.90,15.35,125260
13-Oct-11,15.01,15.05,14.67,14.90,168830
12-Oct-11,15.01,15.31,15.01,15.12,221442
11-Oct-11,14.36,15.03,14.36,14.94,195107
10-Oct-11,14.15,14.48,14.05,14.47,204896
7-Oct-11,14.47,14.48,13.75,13.93,162920
6-Oct-11,13.89,14.43,13.89,14.42,217405
5-Oct-11,14.07,14.11,13.66,13.88,286167
4-Oct-11,12.84,14.11,12.84,14.06,462548
3-Oct-11,13.23,13.67,12.89,13.02,460669
30-Sep-11,13.48,13.78,13.34,13.36,213180
