Date,Open,High,Low,Close,Volume
26-Sep-12,11.71,11.72,11.59,11.72,31425
25-Sep-12,11.81,11.81,11.67,11.68,19381
24-Sep-12,11.66,11.77,11.66,11.73,19172
21-Sep-12,11.68,11.72,11.65,11.65,17682
20-Sep-12,11.64,11.67,11.57,11.57,13190
19-Sep-12,11.65,11.66,11.55,11.66,10055
18-Sep-12,11.58,11.60,11.52,11.60,12056
17-Sep-12,11.65,11.65,11.48,11.54,10277
14-Sep-12,11.64,11.70,11.57,11.62,25244
13-Sep-12,11.42,11.59,11.42,11.57,9351
12-Sep-12,11.40,11.45,11.38,11.39,30137
11-Sep-12,11.38,11.40,11.35,11.40,7849
10-Sep-12,11.49,11.49,11.34,11.34,13457
7-Sep-12,11.49,11.49,11.35,11.46,13439
6-Sep-12,11.51,11.53,11.46,11.46,30635
5-Sep-12,11.47,11.48,11.38,11.43,36365
4-Sep-12,11.43,11.45,11.39,11.42,18964
31-Aug-12,11.31,11.41,11.28,11.38,23278
30-Aug-12,11.23,11.26,11.02,11.22,31658
29-Aug-12,11.31,11.31,11.17,11.22,14866
28-Aug-12,11.24,11.27,11.22,11.26,13414
27-Aug-12,11.21,11.25,11.19,11.20,11599
24-Aug-12,11.20,11.22,11.13,11.16,15155
23-Aug-12,11.20,11.22,11.08,11.16,20269
22-Aug-12,11.30,11.30,11.15,11.16,12090
21-Aug-12,11.27,11.35,11.24,11.27,11799
20-Aug-12,11.26,11.26,11.14,11.24,18193
17-Aug-12,11.28,11.28,11.23,11.23,17571
16-Aug-12,11.29,11.30,11.26,11.29,13365
15-Aug-12,11.30,11.30,11.21,11.25,15287
14-Aug-12,11.34,11.34,11.23,11.28,16215
13-Aug-12,11.34,11.34,11.25,11.29,16273
10-Aug-12,11.28,11.34,11.27,11.29,18070
9-Aug-12,11.30,11.35,11.26,11.28,5889
8-Aug-12,11.31,11.33,11.22,11.28,11280
7-Aug-12,11.31,11.35,11.29,11.34,13223
6-Aug-12,11.16,11.29,11.13,11.27,15066
3-Aug-12,11.20,11.24,11.07,11.11,19045
2-Aug-12,11.14,11.20,11.03,11.03,27298
1-Aug-12,11.12,11.22,11.07,11.20,49900
31-Jul-12,11.06,11.07,11.01,11.05,31610
30-Jul-12,11.02,11.04,10.96,10.96,12984
27-Jul-12,10.92,11.04,10.86,10.97,13518
26-Jul-12,10.81,10.88,10.76,10.87,17444
25-Jul-12,10.63,10.68,10.59,10.64,16335
24-Jul-12,10.74,10.74,10.58,10.58,15322
23-Jul-12,10.59,10.74,10.56,10.70,11184
20-Jul-12,10.79,10.79,10.71,10.72,6917
19-Jul-12,10.84,10.90,10.79,10.84,11263
18-Jul-12,10.72,10.82,10.72,10.80,15447
17-Jul-12,11.01,11.01,10.89,10.95,25198
16-Jul-12,10.98,10.98,10.91,10.91,13083
13-Jul-12,10.84,10.97,10.82,10.94,15921
12-Jul-12,10.76,10.79,10.70,10.79,12967
11-Jul-12,10.88,10.88,10.79,10.79,10969
10-Jul-12,10.90,10.95,10.75,10.84,30809
9-Jul-12,10.79,10.84,10.77,10.80,5064
6-Jul-12,10.82,10.84,10.77,10.78,17028
5-Jul-12,11.06,11.06,10.85,10.87,52578
3-Jul-12,10.79,10.92,10.76,10.92,11160
2-Jul-12,10.71,10.81,10.70,10.81,26673
29-Jun-12,10.71,10.76,10.71,10.75,6642
28-Jun-12,10.46,10.57,10.44,10.57,25344
27-Jun-12,10.50,10.57,10.50,10.52,7680
26-Jun-12,10.41,10.53,10.39,10.47,22241
25-Jun-12,10.42,10.42,10.34,10.41,12220
22-Jun-12,10.51,10.54,10.46,10.50,8835
21-Jun-12,10.60,10.60,10.45,10.48,62037
20-Jun-12,10.57,10.63,10.55,10.63,7501
19-Jun-12,10.49,10.61,10.48,10.60,16496
18-Jun-12,10.41,10.47,10.38,10.47,7185
15-Jun-12,10.53,10.53,10.43,10.46,19443
14-Jun-12,10.45,10.53,10.40,10.53,19607
13-Jun-12,10.51,10.51,10.38,10.42,22672
12-Jun-12,10.42,10.54,10.39,10.54,8397
11-Jun-12,10.57,10.57,10.40,10.42,11995
8-Jun-12,10.45,10.52,10.35,10.52,14678
7-Jun-12,10.54,10.60,10.48,10.48,43166
6-Jun-12,10.36,10.48,10.36,10.48,20851
5-Jun-12,10.25,10.35,10.24,10.30,19066
4-Jun-12,10.38,10.42,10.19,10.27,24607
1-Jun-12,10.44,10.45,10.35,10.35,36925
31-May-12,10.59,10.73,10.54,10.59,14956
30-May-12,10.61,10.63,10.54,10.61,15294
29-May-12,10.63,10.73,10.62,10.72,6643
25-May-12,10.57,10.60,10.54,10.59,8588
24-May-12,10.57,10.57,10.52,10.55,10989
23-May-12,10.44,10.55,10.36,10.54,10184
22-May-12,10.54,10.70,10.46,10.50,25774
21-May-12,10.39,10.60,10.38,10.51,14531
18-May-12,10.55,10.59,10.41,10.43,11000
17-May-12,10.73,10.73,10.52,10.52,42363
16-May-12,10.81,10.85,10.67,10.73,34144
15-May-12,10.86,10.89,10.72,10.77,41356
14-May-12,10.97,10.97,10.84,10.89,26367
11-May-12,11.01,11.09,11.00,11.05,12124
10-May-12,11.10,11.11,11.00,11.07,13815
9-May-12,11.02,11.06,10.93,11.04,25835
8-May-12,11.13,11.13,10.97,11.13,28531
7-May-12,11.17,11.21,11.14,11.18,10986
4-May-12,11.28,11.28,11.16,11.20,6273
3-May-12,11.43,11.43,11.33,11.33,9312
2-May-12,11.44,11.47,11.42,11.43,9569
1-May-12,11.47,11.61,11.45,11.51,29464
30-Apr-12,11.51,11.51,11.39,11.47,27925
27-Apr-12,11.46,11.48,11.45,11.48,5296
26-Apr-12,11.40,11.47,11.40,11.45,13373
25-Apr-12,11.40,11.44,11.37,11.44,13090
24-Apr-12,11.28,11.31,11.26,11.29,20770
23-Apr-12,11.24,11.31,11.15,11.31,21114
20-Apr-12,11.31,11.37,11.31,11.31,11752
19-Apr-12,11.32,11.40,11.22,11.27,16417
18-Apr-12,11.26,11.33,11.26,11.33,21197
17-Apr-12,11.28,11.34,11.28,11.32,7830
16-Apr-12,11.28,11.29,11.20,11.24,5133
13-Apr-12,11.24,11.26,11.19,11.23,17438
12-Apr-12,11.18,11.33,11.18,11.29,22229
11-Apr-12,11.25,11.29,11.19,11.23,9813
10-Apr-12,11.60,11.60,11.39,11.40,7331
9-Apr-12,11.58,11.61,11.57,11.57,18267
5-Apr-12,11.71,11.75,11.70,11.72,16368
4-Apr-12,11.71,11.72,11.69,11.69,20242
3-Apr-12,11.84,11.84,11.76,11.80,14738
2-Apr-12,11.73,11.87,11.73,11.85,25616
30-Mar-12,11.77,11.80,11.72,11.77,19188
29-Mar-12,11.73,11.73,11.66,11.71,24782
28-Mar-12,11.80,11.80,11.72,11.74,21972
27-Mar-12,11.81,11.83,11.78,11.83,20739
26-Mar-12,11.76,11.80,11.76,11.80,23500
23-Mar-12,11.71,11.72,11.68,11.68,20415
22-Mar-12,11.69,11.70,11.66,11.67,4915
21-Mar-12,11.75,11.77,11.74,11.75,5901
20-Mar-12,11.75,11.77,11.67,11.76,5141
19-Mar-12,11.80,11.83,11.77,11.80,22234
16-Mar-12,11.86,11.86,11.78,11.78,22879
15-Mar-12,11.80,11.84,11.77,11.82,11995
14-Mar-12,11.83,11.85,11.75,11.75,18270
13-Mar-12,11.73,11.85,11.71,11.85,9805
12-Mar-12,11.68,11.74,11.67,11.67,11890
9-Mar-12,11.73,11.83,11.72,11.72,11842
8-Mar-12,11.67,11.76,11.63,11.69,13926
7-Mar-12,11.55,11.63,11.55,11.63,4574
6-Mar-12,11.62,11.62,11.45,11.54,53516
5-Mar-12,11.71,11.74,11.66,11.66,36742
2-Mar-12,11.75,11.84,11.66,11.66,94804
1-Mar-12,11.60,11.78,11.60,11.78,13123
29-Feb-12,11.72,11.72,11.60,11.60,21450
28-Feb-12,11.64,11.70,11.64,11.68,9159
27-Feb-12,11.62,11.66,11.55,11.64,12125
24-Feb-12,11.63,11.66,11.63,11.63,4755
23-Feb-12,11.63,11.65,11.59,11.60,16310
22-Feb-12,11.60,11.63,11.57,11.62,7053
21-Feb-12,11.62,11.67,11.59,11.59,8824
17-Feb-12,11.67,11.70,11.12,11.62,39746
16-Feb-12,11.56,11.64,11.56,11.62,9765
15-Feb-12,11.65,11.65,11.53,11.53,10641
14-Feb-12,11.64,11.64,11.54,11.59,19110
13-Feb-12,11.62,11.67,11.60,11.66,6577
10-Feb-12,11.56,11.58,11.53,11.53,19447
9-Feb-12,11.57,11.67,11.57,11.64,7892
8-Feb-12,11.49,11.57,11.49,11.57,18235
7-Feb-12,11.46,11.53,11.43,11.50,5679
6-Feb-12,11.44,11.48,11.42,11.45,12745
3-Feb-12,11.37,11.52,11.37,11.47,9739
2-Feb-12,11.26,11.32,11.26,11.30,33981
1-Feb-12,11.12,11.25,11.12,11.22,33239
31-Jan-12,11.14,11.14,10.98,11.00,42212
30-Jan-12,10.91,11.04,10.90,11.04,40050
27-Jan-12,11.01,11.03,11.00,11.00,24666
26-Jan-12,11.10,11.12,11.00,11.03,20732
25-Jan-12,10.92,11.05,10.87,11.05,14175
24-Jan-12,10.86,10.92,10.81,10.92,8739
23-Jan-12,10.88,10.94,10.84,10.94,11108
20-Jan-12,10.76,10.88,10.72,10.85,20129
19-Jan-12,10.79,10.82,10.72,10.76,30408
18-Jan-12,10.72,10.78,10.67,10.74,30897
17-Jan-12,11.01,11.06,10.95,10.95,22876
13-Jan-12,10.95,10.95,10.95,10.95,0
12-Jan-12,11.10,11.12,11.01,11.04,9785
11-Jan-12,11.05,11.11,11.05,11.10,8090
10-Jan-12,10.98,11.12,10.98,11.07,19076
9-Jan-12,10.80,10.94,10.80,10.92,10407
6-Jan-12,10.93,10.95,10.77,10.77,16242
5-Jan-12,10.80,10.91,10.71,10.89,11578
4-Jan-12,10.47,10.82,10.47,10.82,87908
3-Jan-12,10.72,10.80,10.72,10.79,36063
30-Dec-11,10.53,10.60,10.53,10.57,28959
29-Dec-11,10.43,10.57,10.43,10.55,42692
28-Dec-11,10.60,10.63,10.43,10.47,25524
27-Dec-11,10.45,10.57,10.45,10.57,37413
23-Dec-11,10.49,10.49,10.49,10.49,0
22-Dec-11,10.28,10.37,10.28,10.35,33826
21-Dec-11,10.27,10.27,10.14,10.24,15796
20-Dec-11,10.19,10.30,10.19,10.24,19079
19-Dec-11,10.19,10.24,9.94,10.10,35066
16-Dec-11,10.13,10.25,10.13,10.15,21912
15-Dec-11,10.40,10.40,10.08,10.14,34207
14-Dec-11,10.49,10.49,10.21,10.29,13055
13-Dec-11,10.65,10.70,10.47,10.51,11367
12-Dec-11,10.72,10.82,10.51,10.64,10822
9-Dec-11,10.77,10.90,10.77,10.82,8230
8-Dec-11,10.98,10.98,10.70,10.71,10816
7-Dec-11,10.88,11.04,10.84,11.04,18211
6-Dec-11,10.99,11.00,10.88,10.88,9268
5-Dec-11,11.00,11.00,10.87,10.99,11190
2-Dec-11,10.92,10.97,10.84,10.87,21864
1-Dec-11,10.73,10.79,10.63,10.78,18123
30-Nov-11,10.67,10.78,10.59,10.68,16151
29-Nov-11,10.43,10.50,10.39,10.45,14255
28-Nov-11,10.43,10.52,10.35,10.38,9026
25-Nov-11,10.22,10.35,10.22,10.25,3946
23-Nov-11,10.26,10.26,10.26,10.26,0
22-Nov-11,10.40,10.44,10.30,10.39,10669
21-Nov-11,10.48,10.48,10.30,10.40,15512
18-Nov-11,10.75,10.75,10.60,10.62,11247
17-Nov-11,10.86,10.90,10.66,10.70,12657
16-Nov-11,10.81,11.04,10.80,10.89,24155
15-Nov-11,10.61,11.03,10.61,10.98,38342
14-Nov-11,10.77,10.85,10.69,10.69,14864
11-Nov-11,10.88,10.94,10.82,10.82,9700
10-Nov-11,10.84,10.91,10.77,10.78,19017
9-Nov-11,10.81,10.91,10.72,10.72,13309
8-Nov-11,11.11,11.16,11.00,11.09,10200
7-Nov-11,10.93,11.05,10.91,11.04,19018
4-Nov-11,11.04,11.04,10.95,11.00,13238
3-Nov-11,11.21,11.21,11.04,11.10,12542
2-Nov-11,10.95,11.11,10.94,11.11,13963
1-Nov-11,10.67,10.93,10.67,10.85,38940
31-Oct-11,11.16,11.16,11.05,11.06,43381
28-Oct-11,11.06,11.25,11.06,11.22,9478
27-Oct-11,11.09,11.24,11.06,11.11,9850
26-Oct-11,10.83,10.90,10.71,10.82,15496
25-Oct-11,10.97,10.97,10.75,10.75,12569
24-Oct-11,11.00,11.07,11.00,11.00,10165
21-Oct-11,10.87,11.01,10.87,10.96,11202
20-Oct-11,10.60,10.83,10.58,10.80,35009
19-Oct-11,10.69,10.77,10.58,10.59,15618
18-Oct-11,10.68,11.08,10.66,10.99,34768
17-Oct-11,10.80,10.80,10.66,10.72,8817
14-Oct-11,10.77,10.87,10.77,10.84,5282
13-Oct-11,10.65,10.66,10.47,10.66,18065
12-Oct-11,10.69,10.86,10.68,10.70,18501
11-Oct-11,10.59,10.69,10.51,10.58,20252
10-Oct-11,10.53,10.71,10.52,10.66,8176
7-Oct-11,10.57,10.62,10.31,10.43,9270
6-Oct-11,10.41,10.54,10.30,10.54,25082
5-Oct-11,10.25,10.46,10.19,10.39,37366
4-Oct-11,9.98,10.25,9.83,10.25,31395
3-Oct-11,10.46,10.53,10.11,10.18,24401
30-Sep-11,10.77,10.79,10.54,10.55,10338
29-Sep-11,11.11,11.11,10.83,10.87,4145
