Date,Open,High,Low,Close,Volume
27-Sep-12,16.73,17.03,16.62,16.81,21169
26-Sep-12,16.72,16.78,16.53,16.59,35702
25-Sep-12,16.64,17.12,16.56,16.62,35549
24-Sep-12,16.60,16.87,16.26,16.53,99551
21-Sep-12,16.58,16.87,16.22,16.60,46077
20-Sep-12,16.28,16.36,16.04,16.29,5591
19-Sep-12,16.63,16.63,16.34,16.41,6398
18-Sep-12,16.14,16.61,16.09,16.54,13290
17-Sep-12,16.23,16.53,16.23,16.49,14058
14-Sep-12,16.56,16.77,16.15,16.38,14281
13-Sep-12,16.24,16.88,16.18,16.44,19318
12-Sep-12,16.20,16.37,15.98,16.34,7967
11-Sep-12,16.35,16.35,16.09,16.21,11851
10-Sep-12,16.28,16.40,16.18,16.18,7340
7-Sep-12,16.24,16.45,15.87,16.24,29274
6-Sep-12,15.35,16.20,15.30,16.17,65774
5-Sep-12,15.35,15.44,15.07,15.28,68763
4-Sep-12,15.42,15.42,15.00,15.29,55110
31-Aug-12,15.49,15.80,15.19,15.36,51373
30-Aug-12,15.61,15.61,15.37,15.37,6632
29-Aug-12,15.76,15.90,15.45,15.72,64037
28-Aug-12,15.29,15.77,15.29,15.56,23764
27-Aug-12,15.15,15.31,14.95,15.29,15029
24-Aug-12,14.88,15.18,14.87,15.13,63723
23-Aug-12,15.09,15.17,14.95,14.95,8392
22-Aug-12,15.05,15.20,15.05,15.11,6405
21-Aug-12,15.15,15.32,15.03,15.12,54357
20-Aug-12,15.02,15.15,14.92,15.15,12303
17-Aug-12,14.94,15.09,14.94,15.08,37099
16-Aug-12,15.00,15.04,14.75,15.00,26221
15-Aug-12,14.88,15.15,14.88,15.00,27252
14-Aug-12,15.11,15.12,14.89,14.97,10646
13-Aug-12,14.98,15.09,14.80,15.04,8985
10-Aug-12,15.19,15.20,14.98,14.98,21971
9-Aug-12,15.20,15.33,15.18,15.19,11255
8-Aug-12,15.14,15.25,15.10,15.20,13988
7-Aug-12,15.22,15.35,15.16,15.18,92635
6-Aug-12,15.21,15.30,15.14,15.15,36959
3-Aug-12,15.10,15.30,15.10,15.19,75694
2-Aug-12,14.83,15.10,14.83,15.01,19157
1-Aug-12,15.25,15.28,14.99,14.99,58884
31-Jul-12,14.99,15.28,14.99,15.25,93956
30-Jul-12,15.09,15.15,14.94,15.05,20121
27-Jul-12,15.07,15.15,14.94,15.10,34803
26-Jul-12,15.10,15.10,14.83,14.98,31992
25-Jul-12,14.88,15.10,14.88,14.96,20150
24-Jul-12,15.02,15.05,14.72,14.76,35776
23-Jul-12,14.75,15.10,14.75,14.96,19427
20-Jul-12,14.89,15.04,14.89,14.91,24386
19-Jul-12,15.34,15.38,15.00,15.01,23482
18-Jul-12,15.35,15.40,15.28,15.35,34826
17-Jul-12,15.40,15.45,15.27,15.40,13031
16-Jul-12,15.31,15.50,15.31,15.34,6537
13-Jul-12,15.27,15.59,15.26,15.39,60062
12-Jul-12,15.30,15.30,15.18,15.24,19274
11-Jul-12,15.34,15.39,15.29,15.35,47199
10-Jul-12,15.35,15.40,15.29,15.35,16933
9-Jul-12,15.24,15.35,15.12,15.34,9952
6-Jul-12,15.25,15.40,15.25,15.34,15716
5-Jul-12,15.55,15.55,15.39,15.45,18717
3-Jul-12,15.37,15.60,15.32,15.60,19335
2-Jul-12,15.40,15.45,15.21,15.40,61804
29-Jun-12,15.40,15.67,15.29,15.40,73839
28-Jun-12,15.21,15.29,14.96,15.28,16990
27-Jun-12,15.11,15.35,15.02,15.33,27645
26-Jun-12,15.23,15.35,15.01,15.13,36271
25-Jun-12,14.92,15.31,14.92,15.25,15434
22-Jun-12,15.28,15.35,15.04,15.22,304702
21-Jun-12,15.35,15.37,15.13,15.19,30309
20-Jun-12,15.30,15.38,15.17,15.34,45370
19-Jun-12,15.19,15.32,15.19,15.30,89763
18-Jun-12,15.02,15.22,15.02,15.16,38298
15-Jun-12,15.22,15.51,15.12,15.20,113849
14-Jun-12,15.04,15.33,14.95,15.29,29795
13-Jun-12,15.03,15.17,14.80,14.84,54405
12-Jun-12,14.99,15.10,14.82,15.10,19594
11-Jun-12,15.35,15.38,14.82,14.84,43369
8-Jun-12,15.13,15.35,15.13,15.34,26445
7-Jun-12,15.45,15.45,15.00,15.18,39086
6-Jun-12,15.25,15.35,15.13,15.31,44251
5-Jun-12,14.87,15.25,14.71,15.08,33182
4-Jun-12,14.97,15.19,14.87,15.00,17976
1-Jun-12,15.09,15.38,14.82,14.90,42740
31-May-12,15.36,15.50,15.15,15.35,30539
30-May-12,15.24,15.44,15.21,15.36,20303
29-May-12,15.27,15.48,15.03,15.48,12963
25-May-12,15.39,15.55,15.30,15.41,23812
24-May-12,15.30,15.47,14.99,15.45,19964
23-May-12,15.11,15.44,15.03,15.37,18086
22-May-12,16.00,16.14,15.15,15.34,31549
21-May-12,16.02,16.07,15.76,16.00,28470
18-May-12,15.81,15.90,15.62,15.89,87151
17-May-12,16.15,16.28,15.83,15.88,31547
16-May-12,16.19,16.32,16.09,16.23,27896
15-May-12,15.85,16.30,15.85,16.15,47975
14-May-12,15.59,15.93,15.59,15.90,17813
11-May-12,15.82,15.98,15.47,15.82,24135
10-May-12,15.97,16.17,15.94,16.05,25954
9-May-12,15.90,15.99,15.75,15.80,24393
8-May-12,15.62,16.10,15.62,15.98,17228
7-May-12,15.61,16.00,15.61,15.77,14646
4-May-12,15.81,15.85,15.52,15.72,35507
3-May-12,15.90,15.98,15.70,15.85,36981
2-May-12,15.49,15.95,15.36,15.88,43967
1-May-12,16.56,17.17,15.50,15.71,57649
30-Apr-12,16.62,16.81,16.37,16.44,17061
27-Apr-12,16.61,16.95,16.57,16.80,19061
26-Apr-12,16.59,16.79,16.45,16.60,15862
25-Apr-12,16.39,16.74,16.29,16.68,31546
24-Apr-12,15.81,16.38,15.81,16.35,128305
23-Apr-12,15.87,16.11,15.84,15.85,20657
20-Apr-12,16.27,16.56,15.90,16.18,54281
19-Apr-12,16.33,16.42,15.87,15.90,17347
18-Apr-12,16.55,16.72,16.15,16.32,17980
17-Apr-12,16.65,16.81,16.42,16.62,38344
16-Apr-12,16.06,16.72,16.06,16.43,17744
13-Apr-12,16.28,16.28,15.87,15.99,26418
12-Apr-12,16.19,16.55,16.07,16.44,15689
11-Apr-12,16.05,16.28,15.96,16.24,18039
10-Apr-12,16.24,16.35,15.72,15.81,33893
9-Apr-12,16.38,16.49,16.17,16.23,18444
5-Apr-12,17.09,17.09,16.60,16.82,13500
4-Apr-12,17.11,17.27,17.01,17.23,25205
3-Apr-12,17.50,17.63,17.02,17.42,29115
2-Apr-12,17.31,17.75,17.07,17.71,25169
30-Mar-12,17.31,17.74,16.91,17.42,45983
29-Mar-12,17.11,17.15,16.76,17.09,6594
28-Mar-12,17.17,17.43,17.10,17.25,65432
27-Mar-12,17.30,17.33,16.96,17.14,38677
26-Mar-12,17.42,17.45,16.95,17.23,55410
23-Mar-12,16.15,17.22,16.15,17.11,19482
22-Mar-12,16.93,16.93,16.69,16.85,17130
21-Mar-12,17.40,17.52,17.17,17.20,14348
20-Mar-12,17.47,17.70,17.41,17.45,37326
19-Mar-12,17.14,17.80,17.02,17.67,31019
16-Mar-12,17.00,17.24,16.86,17.11,58449
15-Mar-12,16.73,16.95,16.45,16.93,31452
14-Mar-12,16.72,16.91,16.59,16.68,18452
13-Mar-12,16.38,16.90,16.31,16.73,30873
12-Mar-12,16.18,16.30,15.91,16.24,10851
9-Mar-12,15.66,16.19,15.59,16.12,22259
8-Mar-12,15.47,15.68,15.27,15.63,18027
7-Mar-12,15.30,15.48,15.22,15.42,19624
6-Mar-12,15.52,15.52,15.11,15.19,30837
5-Mar-12,15.55,15.72,15.54,15.72,6554
2-Mar-12,16.33,16.39,15.50,15.64,45451
1-Mar-12,16.35,16.63,16.26,16.26,28895
29-Feb-12,16.48,16.52,16.19,16.20,30814
28-Feb-12,16.37,16.53,16.37,16.45,10779
27-Feb-12,16.50,16.71,16.34,16.46,15976
24-Feb-12,16.75,16.98,16.56,16.71,43616
23-Feb-12,16.35,16.73,16.03,16.70,17551
22-Feb-12,16.49,16.63,16.32,16.37,24990
21-Feb-12,16.90,16.90,16.43,16.62,27986
17-Feb-12,16.94,16.97,16.49,16.92,29312
16-Feb-12,16.49,16.90,16.40,16.83,33975
15-Feb-12,16.64,16.66,16.36,16.36,22483
14-Feb-12,16.61,16.61,16.32,16.50,16836
13-Feb-12,16.58,16.76,16.50,16.75,27518
10-Feb-12,16.26,16.47,16.25,16.29,25361
9-Feb-12,16.72,16.76,16.46,16.50,7591
8-Feb-12,16.45,16.79,16.39,16.73,20531
7-Feb-12,16.26,16.47,16.23,16.40,16394
6-Feb-12,16.04,16.32,15.99,16.29,41532
3-Feb-12,16.05,16.20,15.73,16.18,79637
2-Feb-12,15.39,15.88,15.28,15.70,24884
1-Feb-12,15.14,15.45,14.82,15.45,88478
31-Jan-12,15.01,15.22,14.63,14.94,39613
30-Jan-12,14.88,15.00,14.74,14.85,10261
27-Jan-12,14.96,15.22,14.80,14.94,18866
26-Jan-12,15.50,15.50,14.91,15.07,19507
25-Jan-12,15.21,15.50,14.88,15.46,30567
24-Jan-12,14.86,15.28,14.60,15.25,24013
23-Jan-12,14.94,15.08,14.94,14.96,5488
20-Jan-12,14.78,14.98,14.68,14.96,23620
19-Jan-12,14.92,14.92,14.66,14.84,16647
18-Jan-12,14.54,14.88,14.31,14.81,15074
17-Jan-12,14.89,14.89,14.52,14.57,21211
13-Jan-12,14.75,14.75,14.75,14.75,0
12-Jan-12,14.69,14.84,14.60,14.81,28294
11-Jan-12,14.59,14.74,14.59,14.69,47741
10-Jan-12,14.71,14.72,14.36,14.69,92795
9-Jan-12,14.44,14.54,14.39,14.45,44166
6-Jan-12,14.28,14.44,14.22,14.34,25846
5-Jan-12,14.24,14.50,14.24,14.46,29069
4-Jan-12,14.35,14.55,14.27,14.36,20824
3-Jan-12,14.51,14.51,14.51,14.51,0
30-Dec-11,14.22,14.22,14.22,14.22,0
29-Dec-11,14.22,14.53,14.22,14.45,14151
28-Dec-11,14.66,14.66,14.16,14.22,16983
27-Dec-11,14.49,14.75,14.38,14.65,9700
23-Dec-11,14.55,14.55,14.55,14.55,0
22-Dec-11,14.78,14.78,14.54,14.60,14080
21-Dec-11,14.67,14.67,14.67,14.67,0
20-Dec-11,14.41,14.64,14.33,14.54,38458
19-Dec-11,14.59,14.62,14.00,14.00,26968
16-Dec-11,14.68,14.80,14.24,14.46,65093
15-Dec-11,14.51,14.51,14.51,14.51,0
14-Dec-11,13.80,14.50,13.80,14.46,32587
13-Dec-11,14.55,14.55,13.93,13.96,20387
12-Dec-11,14.41,14.66,14.25,14.30,14697
9-Dec-11,14.49,14.85,14.41,14.73,40054
8-Dec-11,14.79,14.86,14.27,14.37,40884
7-Dec-11,14.80,15.24,14.77,14.91,54316
6-Dec-11,14.96,15.17,14.77,14.99,38022
5-Dec-11,14.92,14.99,14.29,14.95,44561
2-Dec-11,14.82,14.82,14.23,14.63,25552
1-Dec-11,14.66,14.90,14.33,14.48,45877
30-Nov-11,13.54,15.16,13.30,14.77,92343
29-Nov-11,13.05,13.05,12.67,12.86,12738
28-Nov-11,13.07,13.11,12.78,13.05,32215
25-Nov-11,12.87,13.25,12.59,12.59,15585
23-Nov-11,12.90,12.90,12.90,12.90,0
22-Nov-11,14.23,14.50,13.94,13.95,15857
21-Nov-11,14.32,14.53,14.22,14.25,20673
18-Nov-11,14.27,14.68,14.26,14.57,20770
17-Nov-11,14.40,14.67,14.22,14.29,21493
16-Nov-11,14.44,15.15,14.29,14.33,35111
15-Nov-11,14.19,14.75,14.08,14.68,11761
14-Nov-11,14.73,14.73,14.07,14.24,24289
11-Nov-11,14.40,14.79,14.33,14.61,32155
10-Nov-11,14.44,14.44,13.99,14.15,19046
9-Nov-11,14.69,14.91,14.03,14.13,53779
8-Nov-11,14.91,15.27,14.51,15.18,29403
7-Nov-11,14.68,14.82,14.36,14.76,30044
4-Nov-11,14.70,15.28,14.43,14.68,38337
3-Nov-11,14.50,15.04,14.19,14.99,36527
2-Nov-11,13.98,14.35,13.59,14.23,50451
1-Nov-11,14.53,14.53,14.53,14.53,0
31-Oct-11,14.98,15.43,14.75,14.83,56845
28-Oct-11,15.26,15.66,14.86,15.15,55894
27-Oct-11,14.10,15.50,13.44,15.32,80910
26-Oct-11,13.76,13.76,13.40,13.58,31411
25-Oct-11,14.24,14.24,13.41,13.52,28285
24-Oct-11,13.75,14.38,13.67,14.38,21468
21-Oct-11,13.86,13.86,13.50,13.74,31002
20-Oct-11,13.90,13.90,13.31,13.54,9602
19-Oct-11,14.12,14.25,13.73,13.85,35965
18-Oct-11,13.58,14.25,13.58,14.19,39544
17-Oct-11,14.01,14.01,13.51,13.54,39881
14-Oct-11,14.10,14.28,13.88,14.23,34465
13-Oct-11,14.10,14.10,13.86,13.96,19133
12-Oct-11,13.50,14.28,13.50,14.17,41627
11-Oct-11,12.89,13.43,12.63,13.32,27888
10-Oct-11,12.94,13.05,12.70,12.97,32945
7-Oct-11,13.26,13.45,12.50,12.67,42209
6-Oct-11,13.55,13.55,13.55,13.55,0
5-Oct-11,13.05,13.36,12.54,13.33,34432
4-Oct-11,11.61,13.95,11.50,13.07,59091
3-Oct-11,12.25,12.90,11.58,11.58,49254
30-Sep-11,12.30,12.83,12.24,12.27,60332
29-Sep-11,12.38,12.59,12.18,12.45,14905
