Date,Open,High,Low,Close,Volume
27-Sep-12,11.10,11.58,11.09,11.50,8227
26-Sep-12,11.20,11.22,10.90,11.10,22117
25-Sep-12,11.06,11.22,10.74,11.10,34613
24-Sep-12,10.98,11.00,10.78,10.95,8137
21-Sep-12,10.97,11.16,10.95,10.99,33667
20-Sep-12,10.70,10.84,10.65,10.81,2912
19-Sep-12,10.50,10.82,10.46,10.75,9271
18-Sep-12,10.43,10.50,10.28,10.47,6817
17-Sep-12,10.12,10.50,10.12,10.46,3944
14-Sep-12,10.41,10.41,9.88,10.12,14057
13-Sep-12,10.27,10.49,10.26,10.35,6288
12-Sep-12,10.40,10.40,10.25,10.31,3963
11-Sep-12,10.27,10.40,10.20,10.36,7213
10-Sep-12,10.63,10.63,10.43,10.46,5369
7-Sep-12,10.87,10.87,10.26,10.59,12120
6-Sep-12,10.62,10.98,10.54,10.87,38962
5-Sep-12,10.63,10.70,10.49,10.49,16380
4-Sep-12,10.37,10.64,10.33,10.60,8141
31-Aug-12,10.43,10.61,10.30,10.42,16108
30-Aug-12,10.40,10.44,10.31,10.34,3232
29-Aug-12,10.45,10.45,10.45,10.45,3376
28-Aug-12,10.43,10.50,10.32,10.50,5698
27-Aug-12,10.43,10.43,10.39,10.40,7558
24-Aug-12,10.43,10.64,10.38,10.40,11682
23-Aug-12,10.47,10.47,10.36,10.43,25099
22-Aug-12,10.52,10.52,10.40,10.44,4924
21-Aug-12,10.49,10.75,10.40,10.54,24625
20-Aug-12,10.35,10.49,10.20,10.49,9537
17-Aug-12,10.00,10.46,10.00,10.46,25963
16-Aug-12,9.98,10.04,9.94,10.04,7165
15-Aug-12,9.90,10.04,9.89,9.99,8139
14-Aug-12,9.93,9.98,9.79,9.87,8563
13-Aug-12,9.98,9.99,9.74,9.88,3614
10-Aug-12,10.00,10.04,9.90,9.95,11671
9-Aug-12,10.00,10.05,10.00,10.05,1794
8-Aug-12,10.05,10.11,9.96,9.98,40430
7-Aug-12,10.01,10.13,9.90,10.09,17834
6-Aug-12,9.81,10.04,9.75,10.03,43923
3-Aug-12,9.69,9.79,9.55,9.79,20407
2-Aug-12,9.55,9.66,9.55,9.60,29082
1-Aug-12,9.60,9.67,9.55,9.60,17006
31-Jul-12,9.69,9.69,9.28,9.51,47581
30-Jul-12,9.52,9.74,9.42,9.61,10393
27-Jul-12,9.34,9.70,9.00,9.55,15670
26-Jul-12,9.73,9.73,9.28,9.33,7300
25-Jul-12,9.38,9.78,9.38,9.60,22533
24-Jul-12,9.51,9.51,9.12,9.27,12097
23-Jul-12,9.34,9.72,9.24,9.49,12742
20-Jul-12,9.59,9.80,9.36,9.50,15714
19-Jul-12,9.76,9.81,9.49,9.68,6706
18-Jul-12,9.50,9.70,9.38,9.70,12155
17-Jul-12,9.70,9.89,9.47,9.54,14061
16-Jul-12,9.74,9.74,9.59,9.61,3697
13-Jul-12,9.48,9.81,9.11,9.74,25243
12-Jul-12,9.46,9.61,9.24,9.44,12165
11-Jul-12,9.45,9.82,9.27,9.51,5426
10-Jul-12,9.72,9.77,9.39,9.40,10458
9-Jul-12,9.73,9.73,9.56,9.71,14731
6-Jul-12,9.57,9.90,9.16,9.73,26381
5-Jul-12,9.69,9.69,9.40,9.65,7125
3-Jul-12,9.43,9.73,9.23,9.73,19604
2-Jul-12,9.40,9.46,9.16,9.46,19280
29-Jun-12,9.39,9.39,9.06,9.30,13175
28-Jun-12,9.27,9.27,9.04,9.17,6200
27-Jun-12,9.18,9.39,9.01,9.33,9988
26-Jun-12,8.99,9.30,8.99,9.19,11324
25-Jun-12,9.02,9.07,8.98,8.98,4955
22-Jun-12,8.98,9.17,8.86,9.17,123030
21-Jun-12,9.12,9.27,8.84,8.86,14289
20-Jun-12,9.25,9.26,9.05,9.15,6332
19-Jun-12,9.10,9.24,9.03,9.24,12732
18-Jun-12,9.15,9.18,8.94,9.06,14860
15-Jun-12,9.12,9.30,8.96,9.14,31766
14-Jun-12,9.09,9.17,9.06,9.17,15201
13-Jun-12,9.30,9.30,8.97,9.05,11783
12-Jun-12,9.02,9.28,8.75,9.21,17008
11-Jun-12,9.18,9.28,8.79,8.97,38023
8-Jun-12,9.08,9.43,9.00,9.08,8964
7-Jun-12,9.40,9.40,9.00,9.16,19692
6-Jun-12,9.04,9.41,8.78,9.23,15908
5-Jun-12,8.90,9.04,8.81,9.03,23537
4-Jun-12,8.77,8.97,8.59,8.97,28440
1-Jun-12,9.15,9.15,8.70,8.73,24764
31-May-12,8.95,9.15,8.90,9.12,43471
30-May-12,8.90,9.03,8.87,8.92,9862
29-May-12,8.86,9.06,8.80,8.98,14107
25-May-12,8.58,8.95,8.58,8.77,47202
24-May-12,8.62,8.62,8.40,8.55,20357
23-May-12,8.50,8.62,8.23,8.60,47246
22-May-12,8.99,9.06,8.53,8.55,40476
21-May-12,8.94,8.99,8.84,8.99,10876
18-May-12,8.52,8.92,8.52,8.92,14501
17-May-12,8.89,8.89,8.51,8.58,19057
16-May-12,8.86,9.15,8.71,8.85,21033
15-May-12,9.23,9.23,8.86,8.93,5838
14-May-12,9.02,9.45,8.71,9.30,17140
11-May-12,8.94,9.45,8.79,9.09,19437
10-May-12,9.07,9.07,8.99,9.05,2013
9-May-12,8.90,9.14,8.86,9.00,16469
8-May-12,8.64,9.25,8.62,9.03,47550
7-May-12,8.52,8.80,8.52,8.75,8734
4-May-12,8.77,8.88,8.30,8.53,20827
3-May-12,8.94,9.21,8.68,8.84,15337
2-May-12,8.18,9.95,8.18,9.00,20477
1-May-12,9.43,9.48,9.05,9.14,39829
30-Apr-12,9.64,9.64,9.35,9.48,10870
27-Apr-12,9.74,9.88,9.62,9.68,9698
26-Apr-12,9.75,9.85,9.32,9.69,19996
25-Apr-12,9.71,9.76,9.59,9.76,7148
24-Apr-12,9.39,9.60,9.34,9.57,10652
23-Apr-12,9.61,9.61,9.17,9.39,18797
20-Apr-12,9.90,9.90,9.55,9.67,15447
19-Apr-12,9.72,10.00,9.57,9.61,17039
18-Apr-12,9.67,9.96,9.39,9.66,9965
17-Apr-12,9.48,9.88,9.15,9.74,26491
16-Apr-12,9.08,9.55,9.05,9.47,3786
13-Apr-12,9.47,9.47,9.04,9.04,15876
12-Apr-12,9.24,9.52,9.05,9.48,25216
11-Apr-12,9.00,9.46,8.80,9.36,23730
10-Apr-12,9.21,9.21,8.80,8.89,30089
9-Apr-12,9.46,9.48,8.83,9.20,36593
5-Apr-12,9.60,9.74,9.54,9.64,8157
4-Apr-12,9.86,9.89,9.51,9.59,22952
3-Apr-12,10.07,10.23,9.69,9.96,13064
2-Apr-12,9.80,10.15,9.52,10.15,17565
30-Mar-12,9.98,9.98,9.74,9.78,31792
29-Mar-12,9.91,10.09,9.73,9.89,4982
28-Mar-12,10.01,10.01,9.87,9.96,5387
27-Mar-12,9.93,10.35,9.90,10.06,11348
26-Mar-12,10.18,10.27,9.78,9.93,48173
23-Mar-12,9.97,10.25,9.74,10.03,14173
22-Mar-12,9.90,9.99,9.61,9.96,20018
21-Mar-12,10.12,10.26,9.88,10.04,6962
20-Mar-12,10.32,10.45,9.66,10.03,6968
19-Mar-12,10.16,10.47,9.95,10.47,11949
16-Mar-12,10.27,10.34,10.16,10.24,22383
15-Mar-12,10.34,10.34,10.18,10.30,25626
14-Mar-12,10.86,10.86,10.17,10.30,34585
13-Mar-12,10.77,10.88,10.60,10.86,15566
12-Mar-12,10.45,10.73,10.12,10.64,21719
9-Mar-12,10.22,10.45,10.03,10.44,47222
8-Mar-12,10.15,10.38,9.86,10.22,22679
7-Mar-12,10.20,10.21,9.99,10.19,21020
6-Mar-12,9.88,10.09,9.71,10.03,42610
5-Mar-12,9.86,10.21,9.62,10.04,24097
2-Mar-12,9.97,10.19,9.83,9.89,40865
1-Mar-12,9.82,10.21,9.76,10.00,67664
29-Feb-12,9.56,9.89,9.56,9.73,37150
28-Feb-12,9.65,9.87,9.63,9.87,14562
27-Feb-12,9.55,9.74,9.32,9.73,9268
24-Feb-12,9.65,9.70,9.55,9.65,12207
23-Feb-12,9.23,9.65,9.20,9.65,13377
22-Feb-12,9.24,9.43,9.23,9.23,15565
21-Feb-12,9.70,9.70,9.13,9.20,3591
17-Feb-12,9.61,9.99,9.55,9.73,39301
16-Feb-12,9.29,9.57,9.27,9.55,32015
15-Feb-12,9.30,9.47,9.19,9.27,42236
14-Feb-12,9.24,9.44,9.22,9.34,10600
13-Feb-12,9.24,9.45,9.15,9.45,18121
10-Feb-12,9.08,9.36,9.02,9.11,18985
9-Feb-12,9.09,9.40,8.92,9.21,41637
8-Feb-12,8.75,9.08,8.75,9.04,13845
7-Feb-12,9.10,9.10,8.94,9.06,4944
6-Feb-12,8.87,9.09,8.87,9.08,7640
3-Feb-12,8.98,9.15,8.86,9.05,35854
2-Feb-12,8.82,8.95,8.73,8.95,12998
1-Feb-12,8.74,8.97,8.58,8.79,22222
31-Jan-12,8.55,8.58,8.32,8.56,6715
30-Jan-12,8.45,8.58,8.39,8.52,9400
27-Jan-12,8.61,8.66,8.22,8.64,10882
26-Jan-12,8.74,8.74,8.30,8.51,14613
25-Jan-12,8.73,8.74,8.10,8.68,9301
24-Jan-12,8.56,8.74,8.32,8.73,8593
23-Jan-12,8.74,8.74,8.53,8.65,6376
20-Jan-12,8.65,8.74,8.60,8.69,12709
19-Jan-12,8.74,8.74,8.05,8.65,9454
18-Jan-12,8.46,8.74,8.46,8.71,22920
17-Jan-12,7.75,8.47,7.75,8.47,24979
13-Jan-12,8.38,8.38,8.38,8.38,0
12-Jan-12,8.46,8.55,8.19,8.51,2789
11-Jan-12,8.42,8.59,8.42,8.59,4525
10-Jan-12,8.73,8.75,8.49,8.56,14062
9-Jan-12,8.55,8.59,8.21,8.59,25831
6-Jan-12,8.06,8.75,8.00,8.51,25926
5-Jan-12,8.27,8.79,8.27,8.51,13321
4-Jan-12,8.21,8.80,8.21,8.27,9016
3-Jan-12,8.45,8.63,8.09,8.30,17438
30-Dec-11,8.23,8.23,8.23,8.23,0
29-Dec-11,8.36,8.36,7.63,8.33,17501
28-Dec-11,8.58,8.58,8.03,8.21,19270
27-Dec-11,8.43,8.63,8.18,8.59,6862
23-Dec-11,8.64,8.64,8.64,8.64,0
22-Dec-11,7.99,8.39,7.99,8.37,5130
21-Dec-11,8.50,8.55,8.08,8.33,11511
20-Dec-11,8.10,8.74,8.02,8.47,27030
19-Dec-11,8.16,8.30,7.82,7.87,14431
16-Dec-11,8.06,8.14,7.84,8.14,29848
15-Dec-11,7.58,7.99,7.57,7.99,10924
14-Dec-11,7.60,7.85,7.60,7.81,20109
13-Dec-11,7.85,7.91,7.61,7.69,9952
12-Dec-11,7.64,7.90,7.62,7.75,12060
9-Dec-11,7.53,8.00,7.53,7.94,15539
8-Dec-11,7.97,7.97,7.50,7.52,12239
7-Dec-11,7.90,8.07,7.86,8.00,9205
6-Dec-11,8.05,8.05,7.55,7.99,18657
5-Dec-11,8.04,8.06,7.70,8.04,21669
2-Dec-11,7.76,8.05,7.72,7.92,14679
1-Dec-11,8.00,8.00,7.63,7.63,16419
30-Nov-11,7.85,8.26,7.71,8.04,47677
29-Nov-11,7.57,7.68,7.54,7.62,7438
28-Nov-11,7.25,7.66,7.25,7.47,30059
25-Nov-11,7.22,7.35,7.00,7.00,9370
23-Nov-11,7.15,7.15,7.15,7.15,0
22-Nov-11,7.58,8.00,7.55,7.75,11988
21-Nov-11,7.84,8.08,7.54,7.59,23750
18-Nov-11,7.76,8.11,7.76,7.97,16932
17-Nov-11,7.76,7.92,7.69,7.75,8852
16-Nov-11,7.92,8.29,7.79,7.80,15037
15-Nov-11,7.83,8.00,7.68,7.96,8534
14-Nov-11,7.99,7.99,7.71,7.83,11370
11-Nov-11,7.65,8.00,7.64,7.99,16315
10-Nov-11,7.74,7.99,7.57,7.65,4931
9-Nov-11,7.72,8.04,7.52,7.61,27250
8-Nov-11,7.60,7.93,7.60,7.93,6602
7-Nov-11,7.87,7.94,7.57,7.80,6814
4-Nov-11,8.00,8.00,7.62,7.91,9251
3-Nov-11,8.00,8.08,7.83,8.07,13394
2-Nov-11,7.72,8.04,7.68,7.85,13733
1-Nov-11,7.72,7.95,7.37,7.55,24374
31-Oct-11,7.98,8.66,7.83,7.95,26762
28-Oct-11,8.00,8.11,7.85,8.11,16023
27-Oct-11,7.63,8.05,7.34,8.01,58157
26-Oct-11,7.23,7.45,6.80,7.45,16765
25-Oct-11,7.18,7.25,6.88,7.10,16662
24-Oct-11,7.28,7.36,6.50,7.35,30043
21-Oct-11,7.10,7.40,6.95,7.22,29623
20-Oct-11,6.72,7.17,6.50,6.95,8192
19-Oct-11,7.01,7.18,6.41,6.72,24169
18-Oct-11,6.82,7.26,6.38,7.04,38197
17-Oct-11,6.77,6.89,6.46,6.68,23070
14-Oct-11,6.61,6.96,6.51,6.85,10701
13-Oct-11,6.49,6.65,6.33,6.55,17489
12-Oct-11,6.39,6.77,5.94,6.54,12912
11-Oct-11,6.18,6.43,6.08,6.37,14030
10-Oct-11,6.03,6.41,5.82,6.34,31307
7-Oct-11,6.21,6.21,5.85,5.92,19431
6-Oct-11,5.34,6.19,5.34,6.14,39434
5-Oct-11,5.28,5.35,5.08,5.33,11207
4-Oct-11,5.31,5.35,4.95,5.26,64794
3-Oct-11,5.51,5.51,4.98,5.03,35117
30-Sep-11,5.70,5.97,5.38,5.56,11568
29-Sep-11,5.70,5.95,5.66,5.79,6771
