Date,Open,High,Low,Close,Volume
27-Sep-12,54.18,54.66,54.00,54.49,3043626
26-Sep-12,55.10,55.21,53.59,53.75,3528280
25-Sep-12,56.86,56.86,55.05,55.12,3215509
24-Sep-12,57.47,57.79,56.55,56.57,2450305
21-Sep-12,58.22,58.48,57.86,58.23,4920852
20-Sep-12,57.83,58.03,57.13,57.91,2025322
19-Sep-12,58.81,59.15,57.69,58.10,2470344
18-Sep-12,58.06,61.48,57.92,58.71,3632937
17-Sep-12,57.96,58.64,57.82,58.22,2517108
14-Sep-12,58.30,59.00,57.81,58.13,2466631
13-Sep-12,58.01,58.95,57.16,58.30,1892442
12-Sep-12,57.87,58.56,57.87,58.30,2433507
11-Sep-12,56.86,57.73,56.85,57.58,1883499
10-Sep-12,57.09,57.68,56.73,56.77,1807901
7-Sep-12,57.50,57.68,56.82,57.05,2564259
6-Sep-12,57.52,58.23,57.11,57.45,2737782
5-Sep-12,57.38,57.78,57.02,57.48,2000374
4-Sep-12,57.42,57.69,56.86,57.19,2982052
31-Aug-12,56.41,57.55,55.91,57.37,9836810
30-Aug-12,56.48,56.60,54.79,55.90,2406612
29-Aug-12,57.31,57.50,55.95,56.64,2971387
28-Aug-12,57.00,57.69,56.48,57.45,2620978
27-Aug-12,57.00,57.20,56.66,56.99,2137210
24-Aug-12,57.05,57.05,56.18,56.75,2372503
23-Aug-12,57.02,57.39,56.70,57.03,2086734
22-Aug-12,56.39,57.05,56.08,57.01,2016581
21-Aug-12,57.60,57.91,56.53,56.73,2085905
20-Aug-12,57.62,57.79,57.05,57.27,2585029
17-Aug-12,56.87,58.01,56.87,57.88,852836
16-Aug-12,55.96,57.00,55.85,56.77,403410
15-Aug-12,55.66,56.17,54.94,55.90,402793
14-Aug-12,56.50,56.50,55.59,55.81,379555
13-Aug-12,55.21,56.22,54.95,56.22,736453
10-Aug-12,54.99,55.39,54.70,55.14,553099
9-Aug-12,55.54,56.04,55.35,55.61,421620
8-Aug-12,56.21,56.21,55.41,55.62,412616
7-Aug-12,56.35,56.96,56.34,56.42,481810
6-Aug-12,55.90,56.84,55.89,56.37,469268
3-Aug-12,55.61,56.05,55.27,55.66,688784
2-Aug-12,54.19,54.79,53.57,54.68,3680388
1-Aug-12,54.78,55.51,54.14,54.83,3215002
31-Jul-12,55.87,55.96,54.12,54.33,11062483
30-Jul-12,54.27,56.44,54.25,56.44,59148070
27-Jul-12,53.85,54.83,53.36,54.47,10779430
26-Jul-12,50.75,52.01,50.11,51.59,4586793
25-Jul-12,49.53,49.92,48.79,49.48,2125217
24-Jul-12,50.36,50.52,48.62,49.16,3519906
23-Jul-12,50.90,50.97,49.95,50.34,1821954
20-Jul-12,51.17,52.25,50.93,52.19,2260499
19-Jul-12,50.28,51.80,50.12,51.43,3939074
18-Jul-12,48.89,50.09,48.75,49.89,2751558
17-Jul-12,49.12,49.39,47.63,49.29,3432581
16-Jul-12,49.20,49.43,48.62,49.10,1591996
13-Jul-12,48.62,49.80,48.44,49.23,3643458
12-Jul-12,47.01,48.97,46.61,48.26,3429994
11-Jul-12,46.43,48.00,46.34,47.84,2102386
10-Jul-12,47.64,47.70,45.95,46.26,1650689
9-Jul-12,47.11,47.66,46.73,47.48,1036051
6-Jul-12,47.21,47.52,46.51,47.25,1419294
5-Jul-12,48.34,48.78,47.82,47.90,1842885
3-Jul-12,47.27,49.14,47.27,48.73,2220060
2-Jul-12,47.00,47.37,46.23,47.07,2421831
29-Jun-12,46.15,47.21,45.96,46.97,3580233
28-Jun-12,44.43,45.12,43.68,44.74,2297746
27-Jun-12,42.76,44.38,42.50,44.14,2449342
26-Jun-12,42.53,43.00,42.02,42.82,2840251
25-Jun-12,43.29,43.57,41.83,42.21,2299879
22-Jun-12,43.59,44.49,43.25,44.04,2517049
21-Jun-12,45.36,45.44,43.23,43.35,3103998
20-Jun-12,45.27,46.21,44.79,45.46,2672575
19-Jun-12,43.88,45.53,43.61,45.39,2915019
18-Jun-12,43.15,43.78,43.02,43.49,2126102
15-Jun-12,43.50,43.91,43.14,43.85,1862768
14-Jun-12,42.84,43.60,42.54,43.33,2469870
13-Jun-12,43.42,43.74,42.70,42.89,2253987
12-Jun-12,43.75,44.03,42.76,43.69,2490032
11-Jun-12,44.85,45.19,43.47,43.48,1790551
21-May-12,47.71,48.56,47.36,48.52,2161646
18-May-12,48.26,48.84,47.25,47.47,2231738
17-May-12,47.68,48.79,47.56,48.18,2315288
16-May-12,48.91,49.04,47.55,47.91,3355137
15-May-12,47.91,49.70,47.61,47.90,3706665
14-May-12,48.13,48.70,47.69,48.16,2917931
11-May-12,48.91,49.85,48.69,48.95,2092255
10-May-12,49.35,50.12,49.18,49.30,2132079
9-May-12,48.86,49.67,48.05,48.81,3141545
8-May-12,50.55,50.77,48.91,49.72,3807163
7-May-12,51.15,51.59,50.19,51.23,1694576
4-May-12,53.97,54.14,51.12,51.50,4137877
3-May-12,54.49,55.41,52.93,54.22,3452783
2-May-12,54.40,55.11,54.06,54.69,1900662
1-May-12,54.81,55.66,54.29,54.88,2066226
30-Apr-12,54.20,54.92,53.67,54.65,1750268
27-Apr-12,54.66,54.80,54.10,54.37,1297943
26-Apr-12,53.01,54.83,52.96,54.50,2299268
25-Apr-12,53.22,53.87,52.65,53.32,2171606
24-Apr-12,52.91,52.95,52.20,52.74,1325764
23-Apr-12,52.08,52.61,51.32,52.51,1620219
20-Apr-12,53.61,54.34,52.88,52.95,1854006
19-Apr-12,52.23,53.59,52.15,52.99,2334300
18-Apr-12,52.69,53.85,52.01,52.10,2845252
17-Apr-12,52.17,53.76,51.85,52.96,1841879
16-Apr-12,52.81,52.81,51.11,51.46,2414746
13-Apr-12,53.45,53.53,51.31,51.52,3048994
12-Apr-12,52.23,54.08,52.12,53.53,2786545
11-Apr-12,51.88,52.65,51.52,51.72,3133734
10-Apr-12,52.18,52.51,50.59,51.46,2582575
9-Apr-12,51.63,52.48,51.44,51.94,1632193
5-Apr-12,52.10,53.30,52.10,52.52,2497833
4-Apr-12,51.79,52.36,51.13,52.16,2307660
3-Apr-12,53.12,53.47,51.95,52.50,1789232
2-Apr-12,53.35,54.05,52.50,53.29,1499643
30-Mar-12,52.99,53.32,52.43,52.93,1832684
29-Mar-12,52.52,53.25,51.68,52.69,2172219
28-Mar-12,52.68,53.08,51.56,52.96,3158310
27-Mar-12,54.20,54.20,52.83,52.95,2055549
26-Mar-12,54.64,55.20,53.61,53.98,1847968
23-Mar-12,53.73,54.62,53.45,54.45,2021728
22-Mar-12,53.99,54.00,53.03,53.37,2849461
21-Mar-12,55.19,55.26,54.26,54.44,3296961
20-Mar-12,56.27,56.27,54.88,55.39,2845880
19-Mar-12,58.28,58.40,56.42,57.00,2429287
16-Mar-12,57.49,58.09,57.30,57.65,4218614
15-Mar-12,55.90,57.06,55.49,56.99,2407893
14-Mar-12,56.30,56.32,55.25,55.63,1814261
13-Mar-12,55.81,56.45,55.06,56.41,2387422
12-Mar-12,56.00,56.04,55.13,55.50,2461966
9-Mar-12,55.91,56.70,55.66,56.07,1746854
8-Mar-12,56.15,56.76,55.90,56.51,1299607
7-Mar-12,55.01,57.17,54.66,56.18,2356307
6-Mar-12,55.04,55.18,54.23,54.61,3073386
5-Mar-12,56.99,57.10,55.59,56.28,2624622
2-Mar-12,57.90,58.32,56.78,57.12,2968581
1-Mar-12,58.79,58.92,58.06,58.47,2245471
29-Feb-12,58.93,59.11,57.84,58.30,2506517
28-Feb-12,58.26,59.19,58.06,58.34,3274442
27-Feb-12,58.97,59.61,58.46,58.70,3195684
24-Feb-12,58.91,59.90,58.68,59.40,3494623
23-Feb-12,57.40,59.62,57.06,59.05,5279432
22-Feb-12,55.19,56.84,55.19,56.53,2435542
21-Feb-12,55.61,56.12,55.21,55.55,3300557
17-Feb-12,55.89,56.18,55.03,55.17,3251404
16-Feb-12,54.40,55.55,54.26,55.38,2540109
15-Feb-12,55.45,55.54,54.02,54.55,2546549
14-Feb-12,56.24,56.38,55.15,55.50,1935823
13-Feb-12,56.80,56.95,55.64,56.61,4062251
10-Feb-12,53.90,56.70,53.37,55.80,4033160
9-Feb-12,55.62,55.65,54.30,54.62,2689270
8-Feb-12,55.37,55.90,55.00,55.63,3299423
7-Feb-12,55.72,55.72,54.54,55.00,2443594
6-Feb-12,55.03,55.75,54.90,55.60,2938372
3-Feb-12,55.20,56.05,55.08,55.65,4344562
2-Feb-12,53.56,55.37,53.22,55.01,3423077
1-Feb-12,53.00,53.66,52.33,53.31,2606787
31-Jan-12,52.80,53.50,52.41,52.64,2331675
30-Jan-12,52.30,52.43,51.41,52.17,1647177
27-Jan-12,53.13,53.88,52.85,53.05,2195106
26-Jan-12,53.76,54.93,53.12,53.60,4775641
25-Jan-12,51.64,53.50,51.00,53.43,3253719
24-Jan-12,51.22,51.89,50.96,51.69,2374679
23-Jan-12,51.40,52.24,50.79,51.76,2031404
20-Jan-12,51.66,52.24,50.85,51.28,2434052
19-Jan-12,52.70,52.71,51.81,51.94,2277383
18-Jan-12,49.99,52.52,49.98,52.38,3201909
17-Jan-12,48.11,50.14,47.74,50.01,3950566
13-Jan-12,47.55,47.55,47.55,47.55,0
12-Jan-12,47.35,47.62,46.70,47.12,2386271
11-Jan-12,47.84,47.96,47.03,47.32,1944481
10-Jan-12,48.75,49.04,47.89,48.06,3125000
9-Jan-12,47.77,48.38,47.40,48.00,2252430
6-Jan-12,48.53,48.53,47.16,47.72,3437769
5-Jan-12,48.20,48.84,47.75,48.50,2020200
4-Jan-12,48.81,48.92,47.90,48.42,2010413
3-Jan-12,48.19,49.30,47.94,49.09,1751510
30-Dec-11,46.92,46.92,46.92,46.92,0
29-Dec-11,47.86,48.27,47.36,47.54,1089817
28-Dec-11,48.61,48.75,47.63,47.82,1087910
27-Dec-11,48.95,48.96,48.24,48.79,1075017
23-Dec-11,48.79,48.79,48.79,48.79,0
22-Dec-11,48.10,48.82,48.09,48.51,1036024
21-Dec-11,47.87,48.40,47.03,48.08,2411678
20-Dec-11,46.48,48.42,46.43,47.96,3211926
19-Dec-11,46.23,46.65,45.65,45.74,1813404
16-Dec-11,46.66,46.73,46.05,46.23,1972225
15-Dec-11,47.92,47.92,46.20,46.29,2622706
14-Dec-11,47.75,47.82,46.74,47.24,3023458
13-Dec-11,49.11,49.71,47.90,48.13,3051295
12-Dec-11,49.19,49.31,48.58,48.99,2294061
9-Dec-11,49.35,50.24,49.03,50.04,1734082
8-Dec-11,49.77,50.14,48.47,48.76,2531693
7-Dec-11,51.19,51.20,49.39,49.95,2806263
6-Dec-11,51.69,52.00,51.12,51.34,1449880
5-Dec-11,52.00,52.61,51.52,51.83,1751533
2-Dec-11,52.66,52.68,50.90,51.20,2477079
1-Dec-11,51.97,55.29,51.78,51.85,3622821
30-Nov-11,51.78,53.06,51.49,51.97,4076894
29-Nov-11,49.20,49.98,48.78,49.50,2330994
28-Nov-11,49.46,49.64,48.78,49.14,1535494
25-Nov-11,47.35,48.35,47.22,47.56,733300
23-Nov-11,47.59,47.59,47.59,47.59,0
22-Nov-11,49.34,50.19,48.90,49.78,1880134
21-Nov-11,48.28,49.79,48.28,49.40,2613592
18-Nov-11,50.97,51.11,49.66,49.95,1623208
17-Nov-11,51.80,52.21,50.30,50.68,2098083
16-Nov-11,51.98,53.64,51.77,51.83,3212786
15-Nov-11,51.89,52.86,51.81,52.12,2061622
14-Nov-11,51.69,52.37,51.58,52.02,2880346
11-Nov-11,51.80,52.97,51.58,52.26,1408398
10-Nov-11,51.65,51.90,50.39,51.06,2264071
9-Nov-11,50.35,51.66,50.05,51.07,3256517
8-Nov-11,52.37,52.83,51.45,52.73,2186515
7-Nov-11,52.21,52.63,51.00,52.08,1345895
4-Nov-11,52.51,52.78,51.29,51.95,2219190
3-Nov-11,50.52,52.86,50.03,52.70,5570536
2-Nov-11,49.00,49.18,47.57,48.83,3325376
1-Nov-11,48.00,48.54,46.78,47.70,3215180
31-Oct-11,50.93,51.14,49.31,49.66,2291155
28-Oct-11,51.74,52.49,51.00,51.55,2648652
27-Oct-11,51.15,52.56,50.39,50.96,3825021
26-Oct-11,49.13,50.30,47.82,49.87,2610094
25-Oct-11,49.91,49.93,48.50,48.63,2676021
24-Oct-11,48.41,50.10,48.41,50.05,2636098
21-Oct-11,47.55,48.50,47.13,48.44,3065203
20-Oct-11,46.41,47.06,45.69,46.83,2432904
19-Oct-11,46.95,47.54,45.72,45.92,2856629
18-Oct-11,45.83,47.50,45.01,47.25,2231172
17-Oct-11,46.12,46.63,45.40,45.56,2629157
14-Oct-11,45.49,46.05,44.60,45.97,2392037
13-Oct-11,44.49,44.84,43.25,44.68,2258579
12-Oct-11,43.73,45.42,43.61,44.92,4135229
11-Oct-11,42.42,43.60,42.35,43.34,2510887
10-Oct-11,42.00,43.21,41.98,42.69,2312131
7-Oct-11,42.19,42.19,40.75,41.17,2408876
6-Oct-11,40.78,42.38,40.39,41.77,3168697
5-Oct-11,39.92,41.10,39.19,40.80,3733539
4-Oct-11,38.73,39.91,37.39,39.84,5608905
3-Oct-11,39.78,40.89,39.49,39.51,4451190
30-Sep-11,40.47,41.47,39.69,40.43,4877701
