Date,Open,High,Low,Close,Volume
27-Sep-12,7.63,7.71,7.48,7.55,5097862
26-Sep-12,7.59,7.61,7.40,7.55,3010515
25-Sep-12,7.81,7.85,7.59,7.60,5632544
24-Sep-12,8.09,8.11,7.94,7.99,4332680
21-Sep-12,8.17,8.20,8.07,8.09,3256339
20-Sep-12,8.19,8.28,8.06,8.16,5053167
19-Sep-12,8.25,8.36,8.17,8.24,4866596
18-Sep-12,8.30,8.36,8.14,8.20,3895451
17-Sep-12,8.38,8.49,8.29,8.34,4837048
14-Sep-12,8.20,8.50,8.20,8.32,16232914
13-Sep-12,8.00,8.26,7.86,8.12,10865028
12-Sep-12,8.01,8.13,7.95,8.00,6325866
11-Sep-12,7.67,7.99,7.67,7.95,4969485
10-Sep-12,7.78,7.83,7.70,7.72,2667145
7-Sep-12,7.77,7.96,7.76,7.88,2657427
6-Sep-12,7.42,7.77,7.41,7.74,3694099
5-Sep-12,7.38,7.40,7.24,7.34,3614597
4-Sep-12,7.43,7.53,7.31,7.35,3485848
31-Aug-12,7.58,7.61,7.42,7.58,4160841
30-Aug-12,7.47,7.47,7.33,7.42,2619963
29-Aug-12,7.74,7.74,7.48,7.51,2809148
28-Aug-12,7.80,7.83,7.73,7.74,2731725
27-Aug-12,7.99,7.99,7.84,7.85,3372878
24-Aug-12,7.98,8.04,7.87,7.90,3114686
23-Aug-12,8.08,8.08,7.93,8.02,1826184
22-Aug-12,8.19,8.26,8.02,8.14,2982987
21-Aug-12,8.12,8.31,8.10,8.20,5922488
20-Aug-12,8.13,8.16,8.02,8.14,2517424
17-Aug-12,7.98,8.16,7.94,8.14,586242
16-Aug-12,8.00,8.05,7.89,7.98,637505
15-Aug-12,7.69,7.89,7.65,7.87,1162857
14-Aug-12,7.79,7.79,7.60,7.62,774940
13-Aug-12,7.66,7.75,7.62,7.74,1185699
10-Aug-12,7.80,7.81,7.61,7.75,1611985
9-Aug-12,8.00,8.00,7.80,7.84,1218444
8-Aug-12,7.87,8.00,7.84,7.97,732385
7-Aug-12,7.99,8.14,7.86,7.87,1054008
6-Aug-12,7.84,8.07,7.80,7.97,1150965
3-Aug-12,7.60,7.83,7.60,7.82,1633783
2-Aug-12,7.56,7.61,7.33,7.39,4708424
1-Aug-12,7.63,7.70,7.52,7.66,5751279
31-Jul-12,7.67,7.70,7.53,7.63,4571107
30-Jul-12,7.58,7.75,7.56,7.74,3190890
27-Jul-12,7.22,7.82,7.18,7.70,12277473
26-Jul-12,6.85,7.19,6.72,7.15,12597320
25-Jul-12,6.98,7.07,6.90,6.92,3577457
24-Jul-12,6.93,6.98,6.79,6.92,3814436
23-Jul-12,6.81,6.99,6.70,6.96,7452320
20-Jul-12,7.05,7.14,6.96,7.07,4779378
19-Jul-12,7.21,7.21,7.03,7.15,3248053
18-Jul-12,6.93,7.22,6.91,7.17,4042056
17-Jul-12,6.97,7.02,6.85,7.00,2956740
16-Jul-12,6.96,7.01,6.84,6.95,2890333
13-Jul-12,6.93,7.01,6.86,6.95,2708122
12-Jul-12,6.81,6.97,6.79,6.87,5464991
11-Jul-12,6.90,7.03,6.84,6.96,10786190
10-Jul-12,7.51,7.56,6.89,6.92,15527860
9-Jul-12,7.41,7.60,7.41,7.46,3125569
6-Jul-12,7.62,7.65,7.55,7.60,4247737
5-Jul-12,7.72,7.80,7.66,7.76,5252984
3-Jul-12,7.93,7.95,7.83,7.85,7732355
2-Jul-12,7.79,7.92,7.74,7.89,5088021
29-Jun-12,7.72,7.80,7.65,7.75,5288553
28-Jun-12,7.34,7.36,7.18,7.34,3086971
27-Jun-12,7.39,7.47,7.22,7.44,3594789
26-Jun-12,7.44,7.50,7.26,7.38,6771103
25-Jun-12,7.56,7.56,7.42,7.53,3944032
22-Jun-12,7.70,7.72,7.50,7.64,3834339
21-Jun-12,7.88,7.88,7.58,7.59,3444482
20-Jun-12,7.84,7.93,7.76,7.90,3543433
19-Jun-12,7.83,8.00,7.79,7.86,8911167
18-Jun-12,7.66,7.80,7.60,7.73,4884725
15-Jun-12,7.99,8.00,7.71,7.82,6041237
14-Jun-12,7.94,8.00,7.85,7.91,3506721
13-Jun-12,7.94,8.12,7.88,7.90,9981762
12-Jun-12,7.84,8.01,7.82,8.00,5695940
11-Jun-12,7.90,7.96,7.74,7.76,5030828
8-Jun-12,7.95,8.01,7.68,7.76,5089455
7-Jun-12,8.03,8.14,7.97,8.06,4303133
6-Jun-12,7.69,8.00,7.68,7.94,4837862
5-Jun-12,7.69,7.81,7.66,7.73,5974799
4-Jun-12,7.81,7.97,7.62,7.67,7878996
1-Jun-12,7.76,8.03,7.76,7.84,5033236
31-May-12,7.81,8.01,7.79,7.95,6229071
30-May-12,7.73,7.95,7.70,7.89,4400535
29-May-12,8.23,8.26,8.01,8.06,5774821
25-May-12,7.72,8.02,7.68,7.90,5145238
24-May-12,7.78,7.93,7.51,7.82,10748675
23-May-12,8.11,8.16,7.67,8.14,8808789
22-May-12,8.07,8.13,7.83,7.89,10675950
21-May-12,7.65,8.02,7.65,7.95,7576258
18-May-12,7.68,7.82,7.64,7.69,10541607
17-May-12,7.93,7.99,7.64,7.69,6374579
16-May-12,8.24,8.27,7.91,7.96,7848341
15-May-12,7.98,8.18,7.95,8.08,6897900
14-May-12,8.13,8.18,7.89,7.98,5946761
11-May-12,8.38,8.56,8.25,8.25,9560385
10-May-12,8.39,8.61,8.29,8.50,11848268
9-May-12,7.93,8.28,7.93,8.18,7121004
8-May-12,8.05,8.25,8.02,8.20,9226237
7-May-12,8.00,8.20,7.99,8.17,4287344
4-May-12,8.07,8.11,7.88,7.99,6436211
3-May-12,8.04,8.14,8.00,8.07,4027756
2-May-12,8.09,8.17,8.01,8.02,6542490
1-May-12,8.16,8.21,8.07,8.12,3232917
30-Apr-12,8.28,8.28,8.00,8.08,5710668
27-Apr-12,8.24,8.28,8.10,8.23,6767491
26-Apr-12,8.20,8.31,8.16,8.20,12028386
25-Apr-12,8.25,8.45,8.12,8.32,13008063
24-Apr-12,8.29,8.43,8.25,8.36,5266942
23-Apr-12,8.29,8.33,8.16,8.23,5370589
20-Apr-12,8.56,8.60,8.46,8.49,3787119
19-Apr-12,8.44,8.49,8.29,8.44,4688477
18-Apr-12,8.37,8.56,8.30,8.51,10375277
17-Apr-12,8.37,8.68,8.35,8.55,10253274
16-Apr-12,8.65,8.71,8.28,8.31,9634722
13-Apr-12,8.79,8.83,8.49,8.50,9914389
12-Apr-12,8.60,9.04,8.58,9.03,9854112
11-Apr-12,8.63,8.75,8.45,8.55,7471343
10-Apr-12,8.56,8.65,8.36,8.48,6565641
9-Apr-12,8.54,8.64,8.52,8.56,4314156
5-Apr-12,8.83,8.91,8.59,8.71,9744608
4-Apr-12,9.05,9.07,8.91,8.96,7574450
3-Apr-12,9.28,9.32,9.02,9.17,5486705
2-Apr-12,9.18,9.32,9.07,9.25,10728962
30-Mar-12,9.37,9.44,9.17,9.17,10997429
29-Mar-12,9.24,9.41,9.10,9.39,6143733
28-Mar-12,9.55,9.56,9.31,9.43,4279417
27-Mar-12,9.69,9.72,9.57,9.62,3019638
26-Mar-12,9.71,9.72,9.58,9.69,2697807
23-Mar-12,9.53,9.62,9.48,9.61,8624601
22-Mar-12,9.64,9.67,9.48,9.58,7164808
21-Mar-12,9.95,10.01,9.75,9.79,6217349
20-Mar-12,9.96,10.04,9.88,9.99,4086488
19-Mar-12,10.31,10.34,10.15,10.16,4156437
16-Mar-12,10.37,10.39,10.26,10.31,5727747
15-Mar-12,10.35,10.36,10.24,10.28,7208588
14-Mar-12,10.38,10.51,10.27,10.34,8860861
13-Mar-12,10.36,10.50,10.25,10.44,10773319
12-Mar-12,10.21,10.33,10.13,10.25,6579422
9-Mar-12,10.53,10.61,10.41,10.43,7449909
8-Mar-12,10.56,10.62,10.49,10.60,6153425
7-Mar-12,10.31,10.49,10.28,10.40,6505104
6-Mar-12,10.45,10.45,10.21,10.29,7345725
5-Mar-12,11.18,11.20,10.68,10.73,10035823
2-Mar-12,11.02,11.30,10.95,11.14,14197462
1-Mar-12,10.72,11.01,10.72,10.99,7204033
29-Feb-12,10.72,10.93,10.64,10.68,17524156
28-Feb-12,10.71,10.89,10.61,10.85,8469326
27-Feb-12,10.33,10.57,10.29,10.53,3044590
24-Feb-12,10.51,10.61,10.40,10.52,2975218
23-Feb-12,10.65,10.66,10.47,10.54,3511786
22-Feb-12,10.70,10.82,10.53,10.76,5572315
21-Feb-12,10.80,10.93,10.62,10.69,4010071
17-Feb-12,10.57,10.71,10.55,10.69,4607785
16-Feb-12,10.52,10.78,10.45,10.69,16307196
15-Feb-12,10.63,10.84,10.52,10.60,14831031
14-Feb-12,10.42,10.48,10.30,10.46,4322102
13-Feb-12,10.28,10.54,10.28,10.41,5655471
10-Feb-12,10.04,10.23,9.98,10.18,7546308
9-Feb-12,10.22,10.33,10.09,10.32,8851957
8-Feb-12,10.00,10.24,9.98,10.19,8612488
7-Feb-12,9.94,9.97,9.77,9.89,7098038
6-Feb-12,10.01,10.07,9.89,9.94,6694932
3-Feb-12,9.95,10.18,9.82,10.09,10558543
2-Feb-12,9.64,9.84,9.55,9.76,6306295
1-Feb-12,9.40,9.63,9.24,9.62,9285752
31-Jan-12,9.24,9.34,9.09,9.12,8029615
30-Jan-12,9.54,9.54,9.24,9.35,5180439
27-Jan-12,9.48,9.74,9.45,9.65,9635289
26-Jan-12,9.59,9.74,9.43,9.48,13101384
25-Jan-12,9.35,9.51,9.18,9.44,4601331
24-Jan-12,9.19,9.33,9.09,9.30,5086837
23-Jan-12,9.22,9.43,9.22,9.38,4399146
20-Jan-12,9.33,9.37,9.16,9.32,6280040
19-Jan-12,9.12,9.33,9.10,9.25,13985523
18-Jan-12,8.84,9.02,8.82,9.00,10973397
17-Jan-12,9.02,9.08,8.74,8.82,3316862
13-Jan-12,8.70,8.70,8.70,8.70,0
12-Jan-12,8.68,8.86,8.65,8.80,3795751
11-Jan-12,8.50,8.70,8.50,8.67,2214656
10-Jan-12,8.70,8.71,8.50,8.60,5821138
9-Jan-12,8.40,8.42,8.25,8.26,4740661
6-Jan-12,8.23,8.25,8.10,8.13,2496034
5-Jan-12,8.33,8.33,8.12,8.19,7260520
4-Jan-12,8.52,8.55,8.41,8.44,4498940
3-Jan-12,8.39,8.65,8.37,8.48,4668323
30-Dec-11,8.14,8.14,8.14,8.14,0
29-Dec-11,7.87,8.10,7.87,8.08,2616425
28-Dec-11,8.21,8.22,7.93,7.94,2367430
27-Dec-11,8.19,8.39,8.15,8.30,2158545
23-Dec-11,8.22,8.22,8.22,8.22,0
22-Dec-11,7.95,8.23,7.85,8.18,3222024
21-Dec-11,7.82,7.94,7.75,7.91,3873381
20-Dec-11,7.76,7.92,7.73,7.80,5002022
19-Dec-11,7.61,7.67,7.47,7.49,6680852
16-Dec-11,7.72,7.80,7.57,7.57,9502495
15-Dec-11,7.90,7.95,7.64,7.69,4838723
14-Dec-11,7.83,7.90,7.72,7.76,3592436
13-Dec-11,8.06,8.13,7.78,7.82,4035827
12-Dec-11,8.07,8.09,7.92,8.05,3590632
9-Dec-11,8.07,8.25,8.03,8.21,2010964
8-Dec-11,8.12,8.22,8.00,8.07,4293712
7-Dec-11,8.19,8.35,8.14,8.29,4748674
6-Dec-11,8.18,8.23,8.06,8.18,3075469
5-Dec-11,8.28,8.37,8.16,8.26,5949898
2-Dec-11,8.43,8.46,7.98,8.06,5462393
1-Dec-11,7.74,8.05,7.74,7.98,8391447
30-Nov-11,7.58,7.78,7.54,7.72,32120102
29-Nov-11,7.11,7.30,7.08,7.21,6184128
28-Nov-11,7.12,7.19,7.03,7.13,2794679
25-Nov-11,6.73,6.94,6.73,6.90,5345477
23-Nov-11,6.90,6.90,6.90,6.90,0
22-Nov-11,7.41,7.50,6.98,7.08,17866501
21-Nov-11,7.33,7.58,7.18,7.46,4001715
18-Nov-11,7.72,7.75,7.36,7.49,6067777
17-Nov-11,7.94,7.95,7.53,7.75,7079548
16-Nov-11,8.36,8.37,7.98,8.01,6483322
15-Nov-11,8.35,8.43,8.20,8.33,2348689
14-Nov-11,8.55,8.63,8.35,8.39,3002634
11-Nov-11,8.48,8.72,8.47,8.57,2998842
10-Nov-11,8.55,8.58,8.26,8.34,3752539
9-Nov-11,8.47,8.49,8.29,8.35,6024625
8-Nov-11,8.67,8.78,8.57,8.74,3586920
7-Nov-11,8.76,8.83,8.57,8.68,3270994
4-Nov-11,8.69,8.93,8.49,8.69,3743943
3-Nov-11,8.86,8.90,8.70,8.88,4180094
2-Nov-11,8.87,8.88,8.60,8.75,3556528
1-Nov-11,8.80,8.80,8.49,8.64,9091777
31-Oct-11,9.33,9.35,9.08,9.10,6244040
28-Oct-11,9.21,9.59,9.11,9.56,5706672
27-Oct-11,9.08,9.50,9.04,9.35,8278257
26-Oct-11,8.52,8.70,8.35,8.69,4687068
25-Oct-11,8.69,8.74,8.36,8.39,6348818
24-Oct-11,8.55,9.00,8.52,8.89,6153933
21-Oct-11,8.32,8.57,8.25,8.51,6384897
20-Oct-11,8.09,8.27,7.97,8.23,9498018
19-Oct-11,8.07,8.28,8.05,8.27,6090731
18-Oct-11,7.88,8.26,7.73,8.21,4162581
17-Oct-11,8.04,8.07,7.86,7.89,4067593
14-Oct-11,8.15,8.23,8.05,8.22,5138969
13-Oct-11,8.08,8.10,7.81,8.02,6205783
12-Oct-11,7.83,8.32,7.71,8.18,6153395
11-Oct-11,7.59,7.79,7.53,7.72,4346532
10-Oct-11,7.53,7.73,7.52,7.64,3593985
7-Oct-11,7.62,7.70,7.30,7.36,8024463
6-Oct-11,7.20,7.54,7.12,7.53,11444646
5-Oct-11,7.07,7.11,6.94,7.07,7677414
4-Oct-11,6.98,7.08,6.75,7.04,9091852
3-Oct-11,7.26,7.35,7.07,7.08,9335362
30-Sep-11,7.62,7.69,7.23,7.32,10897602
