Date,Open,High,Low,Close,Volume
27-Sep-12,3.71,3.74,3.64,3.72,116728
26-Sep-12,3.72,3.73,3.65,3.66,116208
25-Sep-12,3.79,3.84,3.73,3.74,142028
24-Sep-12,3.84,3.86,3.76,3.79,98737
21-Sep-12,3.81,3.95,3.78,3.92,213578
20-Sep-12,3.75,3.85,3.67,3.81,142154
19-Sep-12,3.74,3.77,3.73,3.74,109064
18-Sep-12,3.74,3.83,3.66,3.76,154859
17-Sep-12,3.80,3.82,3.72,3.74,112969
14-Sep-12,3.70,3.90,3.70,3.80,418897
13-Sep-12,3.70,3.74,3.66,3.68,529381
12-Sep-12,3.71,3.71,3.61,3.67,260217
11-Sep-12,3.63,3.71,3.62,3.71,212782
10-Sep-12,3.55,3.63,3.55,3.59,58035
7-Sep-12,3.53,3.58,3.50,3.57,68316
6-Sep-12,3.46,3.55,3.46,3.52,117644
5-Sep-12,3.50,3.50,3.44,3.45,110580
4-Sep-12,3.49,3.51,3.46,3.49,116384
31-Aug-12,3.48,3.52,3.43,3.48,95648
30-Aug-12,3.48,3.51,3.44,3.46,103891
29-Aug-12,3.55,3.55,3.46,3.53,335444
28-Aug-12,3.55,3.59,3.53,3.55,96023
27-Aug-12,3.67,3.69,3.54,3.55,156987
24-Aug-12,3.73,3.73,3.61,3.68,139235
23-Aug-12,3.62,3.79,3.50,3.71,701423
22-Aug-12,3.27,3.30,3.23,3.28,95972
21-Aug-12,3.29,3.35,3.28,3.28,144893
20-Aug-12,3.33,3.35,3.28,3.29,136823
17-Aug-12,3.27,3.36,3.26,3.33,19800
16-Aug-12,3.29,3.29,3.25,3.27,7991
15-Aug-12,3.25,3.30,3.20,3.29,16750
14-Aug-12,3.23,3.35,3.23,3.26,41932
13-Aug-12,3.22,3.26,3.17,3.25,33024
10-Aug-12,3.33,3.35,3.18,3.24,58208
9-Aug-12,3.65,3.65,3.34,3.37,150057
8-Aug-12,3.80,3.83,3.62,3.67,66487
7-Aug-12,3.85,3.88,3.83,3.84,38624
6-Aug-12,3.87,3.90,3.75,3.79,38544
3-Aug-12,3.85,3.90,3.82,3.87,22256
2-Aug-12,3.80,3.85,3.75,3.80,216574
1-Aug-12,3.92,3.92,3.83,3.86,197200
31-Jul-12,3.93,3.94,3.84,3.88,206552
30-Jul-12,3.72,3.95,3.67,3.94,359417
27-Jul-12,3.59,3.79,3.57,3.70,382461
26-Jul-12,3.50,3.58,3.48,3.55,280999
25-Jul-12,3.48,3.50,3.42,3.46,162264
24-Jul-12,3.52,3.59,3.41,3.46,202561
23-Jul-12,3.34,3.54,3.27,3.53,263292
20-Jul-12,3.31,3.54,3.30,3.47,281482
19-Jul-12,3.22,3.36,3.22,3.32,189384
18-Jul-12,3.13,3.24,3.13,3.24,101513
17-Jul-12,3.21,3.24,3.15,3.16,93306
16-Jul-12,3.15,3.24,3.15,3.21,92479
13-Jul-12,3.21,3.26,3.17,3.19,135499
12-Jul-12,3.19,3.24,3.18,3.20,257578
11-Jul-12,3.25,3.30,3.22,3.25,178120
10-Jul-12,3.32,3.38,3.19,3.20,215802
9-Jul-12,3.24,3.39,3.24,3.33,264636
6-Jul-12,3.30,3.40,3.27,3.31,638716
5-Jul-12,3.16,3.34,3.09,3.32,545162
3-Jul-12,2.98,3.18,2.98,3.16,204990
2-Jul-12,2.96,2.97,2.84,2.96,363162
29-Jun-12,3.00,3.07,2.91,2.97,410271
28-Jun-12,2.89,3.19,2.82,2.84,804441
27-Jun-12,2.56,2.80,2.55,2.73,182651
26-Jun-12,2.55,2.60,2.52,2.58,221604
25-Jun-12,2.57,2.63,2.47,2.54,251039
22-Jun-12,2.66,2.68,2.59,2.62,150355
21-Jun-12,2.80,2.80,2.62,2.62,504244
20-Jun-12,2.85,2.90,2.79,2.85,195517
19-Jun-12,2.86,2.95,2.86,2.89,140982
18-Jun-12,2.81,2.91,2.78,2.86,239256
15-Jun-12,2.74,2.86,2.74,2.84,178173
14-Jun-12,2.64,2.84,2.63,2.76,335906
13-Jun-12,2.66,2.76,2.59,2.64,190339
12-Jun-12,2.75,2.77,2.70,2.70,139804
11-Jun-12,2.90,2.93,2.68,2.70,523909
8-Jun-12,2.82,2.86,2.73,2.79,253099
7-Jun-12,3.06,3.11,2.84,2.86,283772
6-Jun-12,2.79,2.97,2.79,2.95,432448
5-Jun-12,2.57,2.78,2.57,2.76,399044
4-Jun-12,2.61,2.63,2.51,2.60,337277
1-Jun-12,2.73,2.73,2.57,2.63,282488
31-May-12,2.86,2.86,2.76,2.77,176868
30-May-12,2.86,2.88,2.82,2.88,297112
29-May-12,2.87,2.96,2.87,2.92,194729
25-May-12,2.84,2.86,2.78,2.83,123720
24-May-12,2.88,2.92,2.78,2.84,163699
23-May-12,2.87,2.88,2.75,2.86,233732
22-May-12,2.97,3.00,2.88,2.89,214133
21-May-12,2.86,2.99,2.86,2.95,116439
18-May-12,2.83,2.97,2.82,2.86,178808
17-May-12,2.93,2.96,2.82,2.82,307830
16-May-12,2.91,3.05,2.89,2.92,301641
15-May-12,3.01,3.01,2.88,2.90,584970
14-May-12,3.09,3.09,2.95,2.98,445905
11-May-12,3.17,3.22,3.10,3.11,130062
10-May-12,3.29,3.34,3.19,3.21,225225
9-May-12,3.11,3.28,3.06,3.24,260459
8-May-12,3.20,3.20,3.05,3.17,213437
7-May-12,3.19,3.24,3.16,3.22,117088
4-May-12,3.24,3.24,3.14,3.20,119848
3-May-12,3.41,3.41,3.24,3.26,305605
2-May-12,3.43,3.43,3.34,3.38,551699
1-May-12,3.17,3.49,3.17,3.48,588088
30-Apr-12,3.13,3.16,3.07,3.15,167143
27-Apr-12,3.18,3.21,3.05,3.15,281472
26-Apr-12,3.14,3.22,3.10,3.17,198579
25-Apr-12,2.96,3.13,2.90,3.13,351792
24-Apr-12,2.83,2.90,2.83,2.90,100652
23-Apr-12,2.82,2.89,2.80,2.83,186452
20-Apr-12,2.93,2.96,2.84,2.86,321552
19-Apr-12,2.97,3.05,2.92,2.93,150012
18-Apr-12,3.09,3.09,2.95,2.98,245543
17-Apr-12,3.02,3.10,3.02,3.08,181259
16-Apr-12,2.92,3.02,2.92,3.00,235491
13-Apr-12,3.00,3.02,2.93,2.93,177270
12-Apr-12,2.85,3.05,2.82,3.04,280457
11-Apr-12,2.94,2.95,2.77,2.83,690237
10-Apr-12,3.00,3.02,2.89,2.92,626062
9-Apr-12,3.00,3.03,2.94,3.00,713909
5-Apr-12,3.20,3.20,3.05,3.06,276241
4-Apr-12,3.24,3.26,3.16,3.19,293840
3-Apr-12,3.40,3.40,3.28,3.31,249201
2-Apr-12,3.33,3.41,3.33,3.40,228739
30-Mar-12,3.44,3.47,3.34,3.35,288892
29-Mar-12,3.31,3.41,3.24,3.40,348264
28-Mar-12,3.33,3.36,3.28,3.36,640700
27-Mar-12,3.38,3.40,3.32,3.33,462511
26-Mar-12,3.52,3.54,3.35,3.38,633795
23-Mar-12,3.61,3.61,3.48,3.51,390326
22-Mar-12,3.72,3.73,3.55,3.61,343979
21-Mar-12,3.72,3.76,3.71,3.76,182204
20-Mar-12,3.77,3.77,3.71,3.72,192951
19-Mar-12,3.81,3.83,3.73,3.78,856529
16-Mar-12,3.60,3.86,3.60,3.81,690228
15-Mar-12,3.66,3.69,3.57,3.61,436440
14-Mar-12,3.73,3.76,3.64,3.67,407394
13-Mar-12,3.61,3.73,3.60,3.73,1015043
12-Mar-12,3.67,3.67,3.59,3.62,507067
9-Mar-12,3.69,3.73,3.61,3.69,975271
8-Mar-12,3.78,3.80,3.62,3.68,568070
7-Mar-12,3.60,3.77,3.55,3.72,291566
6-Mar-12,3.74,3.75,3.59,3.59,448479
5-Mar-12,3.88,3.91,3.75,3.77,286694
2-Mar-12,3.91,3.97,3.86,3.94,424967
1-Mar-12,3.86,3.98,3.83,3.93,555972
29-Feb-12,3.90,3.95,3.85,3.85,500758
28-Feb-12,3.97,4.00,3.88,3.90,341081
27-Feb-12,3.96,4.01,3.88,3.98,267009
24-Feb-12,4.02,4.05,3.97,3.98,180032
23-Feb-12,4.04,4.08,3.97,4.03,380261
22-Feb-12,4.05,4.09,4.00,4.04,395693
21-Feb-12,4.09,4.17,4.00,4.05,646579
17-Feb-12,3.78,4.09,3.77,4.05,991054
16-Feb-12,3.68,3.77,3.64,3.76,338344
15-Feb-12,3.79,3.82,3.68,3.71,230601
14-Feb-12,3.78,3.83,3.73,3.76,196418
13-Feb-12,3.71,3.78,3.69,3.78,179095
10-Feb-12,3.70,3.75,3.66,3.68,204321
9-Feb-12,3.78,3.80,3.68,3.77,353531
8-Feb-12,3.76,3.80,3.70,3.75,256421
7-Feb-12,3.94,3.94,3.75,3.78,319383
6-Feb-12,3.76,3.93,3.75,3.92,254220
3-Feb-12,3.81,3.87,3.73,3.79,698415
2-Feb-12,3.58,3.80,3.56,3.77,1020698
1-Feb-12,3.55,3.60,3.52,3.57,539542
31-Jan-12,3.60,3.66,3.41,3.55,890109
30-Jan-12,3.63,3.67,3.59,3.65,328214
27-Jan-12,3.76,3.76,3.63,3.66,644147
26-Jan-12,3.75,3.84,3.68,3.75,670725
25-Jan-12,3.61,3.71,3.54,3.71,606342
24-Jan-12,3.64,3.65,3.55,3.62,803874
23-Jan-12,3.51,3.69,3.51,3.67,1076213
20-Jan-12,3.33,3.47,3.33,3.45,696446
19-Jan-12,3.50,3.54,3.31,3.35,1139598
18-Jan-12,3.43,3.46,3.39,3.44,798849
17-Jan-12,3.70,3.73,3.38,3.42,752421
13-Jan-12,3.66,3.66,3.66,3.66,0
12-Jan-12,4.03,4.05,3.83,3.85,342880
11-Jan-12,4.23,4.23,3.94,4.03,457091
10-Jan-12,4.26,4.31,4.24,4.25,253107
9-Jan-12,4.30,4.31,4.21,4.21,215568
6-Jan-12,4.32,4.34,4.26,4.30,185542
5-Jan-12,4.34,4.37,4.26,4.34,281096
4-Jan-12,4.29,4.39,4.23,4.38,389773
3-Jan-12,4.23,4.33,4.20,4.31,533747
30-Dec-11,4.14,4.14,4.14,4.14,0
29-Dec-11,3.99,4.12,3.97,4.08,300620
28-Dec-11,4.02,4.06,3.95,3.99,387638
27-Dec-11,4.03,4.13,4.00,4.04,203798
23-Dec-11,4.08,4.08,4.08,4.08,0
22-Dec-11,3.95,4.01,3.92,4.00,307145
21-Dec-11,3.87,3.96,3.87,3.92,384532
20-Dec-11,3.95,4.08,3.92,3.94,514837
19-Dec-11,3.88,3.95,3.74,3.86,393143
16-Dec-11,3.71,3.98,3.71,3.91,431360
15-Dec-11,3.85,3.94,3.68,3.70,473313
14-Dec-11,3.88,3.92,3.75,3.80,421696
13-Dec-11,4.05,4.09,3.83,3.97,504548
12-Dec-11,4.06,4.09,3.89,4.01,330217
9-Dec-11,4.26,4.29,4.15,4.17,350215
8-Dec-11,4.43,4.44,4.22,4.25,365832
7-Dec-11,4.63,4.64,4.41,4.46,374802
6-Dec-11,4.60,4.74,4.53,4.70,296904
5-Dec-11,4.80,4.87,4.56,4.65,304155
2-Dec-11,4.79,4.83,4.66,4.68,280255
1-Dec-11,4.56,4.78,4.56,4.75,346299
30-Nov-11,4.60,4.77,4.51,4.62,329873
29-Nov-11,4.41,4.49,4.35,4.47,251033
28-Nov-11,4.48,4.62,4.37,4.41,352180
25-Nov-11,4.34,4.46,4.22,4.27,229133
23-Nov-11,4.54,4.54,4.54,4.54,0
22-Nov-11,4.86,4.99,4.74,4.84,444445
21-Nov-11,4.95,5.00,4.81,4.87,471378
18-Nov-11,5.07,5.17,5.04,5.13,239433
17-Nov-11,5.14,5.25,5.01,5.05,266963
16-Nov-11,5.21,5.30,5.18,5.20,539334
15-Nov-11,5.09,5.35,5.09,5.29,354061
14-Nov-11,5.17,5.20,5.07,5.14,192905
11-Nov-11,5.26,5.40,5.18,5.25,173959
10-Nov-11,5.13,5.24,5.03,5.16,370146
9-Nov-11,5.22,5.30,4.99,5.03,311267
8-Nov-11,5.38,5.50,5.29,5.39,303787
7-Nov-11,5.18,5.33,5.10,5.31,320350
4-Nov-11,5.32,5.35,5.12,5.18,222662
3-Nov-11,5.20,5.47,5.08,5.43,433606
2-Nov-11,5.06,5.14,4.97,5.12,206089
1-Nov-11,5.04,5.10,4.86,4.91,547109
31-Oct-11,5.39,5.43,5.22,5.28,383492
28-Oct-11,5.36,5.52,5.33,5.47,293513
27-Oct-11,5.35,5.50,5.30,5.36,535776
26-Oct-11,5.10,5.20,4.96,5.13,413467
25-Oct-11,5.25,5.25,5.00,5.01,444408
24-Oct-11,4.92,5.23,4.90,5.21,445833
21-Oct-11,4.77,4.91,4.65,4.88,382655
20-Oct-11,4.72,4.80,4.60,4.72,395178
19-Oct-11,4.85,4.94,4.70,4.76,520631
18-Oct-11,4.56,4.88,4.50,4.83,899292
17-Oct-11,4.67,4.75,4.55,4.60,622650
14-Oct-11,4.76,4.82,4.59,4.75,421470
13-Oct-11,4.50,4.63,4.36,4.58,331743
12-Oct-11,4.55,4.78,4.46,4.53,503213
11-Oct-11,4.18,4.48,4.18,4.45,562811
10-Oct-11,4.12,4.27,4.12,4.25,368382
7-Oct-11,4.30,4.30,3.95,4.00,392059
6-Oct-11,4.06,4.31,4.06,4.22,488658
5-Oct-11,4.03,4.11,3.89,4.10,518930
4-Oct-11,3.67,3.99,3.56,3.96,731123
3-Oct-11,3.71,4.07,3.71,3.76,1106907
30-Sep-11,3.84,3.86,3.67,3.74,883051
