Date,Open,High,Low,Close,Volume
27-Sep-12,41.76,42.31,41.42,42.04,6094345
26-Sep-12,42.27,42.31,41.69,41.71,4580198
25-Sep-12,43.79,44.05,42.35,42.36,4809759
24-Sep-12,43.42,43.60,42.96,43.39,2739942
21-Sep-12,43.84,44.11,43.66,43.71,4496018
20-Sep-12,43.11,43.54,42.86,43.43,2979724
19-Sep-12,43.71,43.91,43.44,43.45,3710926
18-Sep-12,43.71,43.94,43.47,43.69,3836138
17-Sep-12,43.96,44.11,43.79,43.91,4377223
14-Sep-12,44.31,44.61,43.79,43.92,5992439
13-Sep-12,43.14,44.34,42.88,44.09,4527238
12-Sep-12,43.21,43.36,42.94,43.18,3088036
11-Sep-12,42.79,43.36,42.55,43.10,3046917
10-Sep-12,42.63,43.30,42.55,42.90,5019329
7-Sep-12,42.96,43.03,42.76,43.00,4434080
6-Sep-12,42.30,42.99,42.26,42.86,3817502
5-Sep-12,41.74,42.11,41.64,41.95,3269541
4-Sep-12,41.90,41.95,41.47,41.72,3118835
31-Aug-12,41.40,41.86,41.33,41.60,2987572
30-Aug-12,41.01,41.36,40.84,41.18,2203876
29-Aug-12,41.09,41.41,41.09,41.23,3259086
28-Aug-12,41.04,41.31,40.92,41.10,2413017
27-Aug-12,41.53,41.62,41.07,41.10,3435511
24-Aug-12,41.07,41.56,40.93,41.44,3071315
23-Aug-12,41.55,41.66,40.97,41.22,2573594
22-Aug-12,41.81,42.03,41.49,41.68,2140445
21-Aug-12,41.96,42.33,41.70,41.85,3035574
20-Aug-12,41.70,42.02,41.66,41.91,2574074
17-Aug-12,41.62,41.96,41.62,41.91,850569
16-Aug-12,41.07,41.73,41.07,41.57,521358
15-Aug-12,41.25,41.53,41.17,41.35,412564
14-Aug-12,42.09,42.15,41.08,41.22,671139
13-Aug-12,41.69,41.94,41.46,41.79,328315
10-Aug-12,41.72,41.90,41.47,41.85,450542
9-Aug-12,41.35,41.97,41.19,41.81,485815
8-Aug-12,41.23,41.47,41.03,41.38,537140
7-Aug-12,40.66,41.49,40.58,41.31,676708
6-Aug-12,40.82,40.87,40.43,40.49,766019
3-Aug-12,40.32,40.89,40.24,40.70,837788
2-Aug-12,39.88,40.04,39.34,39.56,4965105
1-Aug-12,40.38,40.88,40.11,40.24,3946471
31-Jul-12,40.28,40.53,40.19,40.38,3867615
30-Jul-12,40.28,40.52,40.09,40.18,2194151
27-Jul-12,39.90,40.55,39.75,40.37,5209359
26-Jul-12,39.60,39.84,39.30,39.69,5521441
25-Jul-12,39.63,39.82,39.14,39.17,3902663
24-Jul-12,39.75,39.90,39.18,39.42,3687679
23-Jul-12,39.45,39.94,38.95,39.72,4445997
20-Jul-12,41.23,41.30,40.00,40.08,4925829
19-Jul-12,41.54,41.92,41.25,41.54,4270421
18-Jul-12,41.04,41.72,40.68,41.61,5380886
17-Jul-12,42.85,42.86,41.01,41.33,9313155
16-Jul-12,44.04,44.21,43.51,44.14,2740132
13-Jul-12,43.02,44.16,42.98,44.11,3333841
12-Jul-12,42.89,43.06,42.64,42.80,3756135
11-Jul-12,43.20,43.47,42.95,43.20,3588685
10-Jul-12,43.11,44.00,42.95,43.18,2568902
9-Jul-12,43.36,43.96,43.12,43.67,2032654
6-Jul-12,44.24,44.76,43.88,44.04,2739248
5-Jul-12,44.58,45.09,44.27,44.80,2862131
3-Jul-12,44.54,45.02,44.44,44.91,1575471
2-Jul-12,44.62,45.02,44.15,44.72,2288286
29-Jun-12,44.29,44.83,43.99,44.64,4609231
28-Jun-12,42.52,43.21,42.17,43.17,2600090
27-Jun-12,42.71,43.12,42.22,42.99,2949281
26-Jun-12,42.62,42.81,42.25,42.50,2234074
25-Jun-12,43.26,43.27,42.47,42.50,2693755
22-Jun-12,43.42,43.94,43.28,43.91,4435372
21-Jun-12,44.07,44.16,43.01,43.14,4393000
20-Jun-12,44.48,44.67,43.56,43.90,4624406
19-Jun-12,43.83,44.58,43.65,44.42,2583465
18-Jun-12,43.77,43.77,43.48,43.61,3469083
15-Jun-12,43.58,43.90,43.36,43.85,3747698
14-Jun-12,43.38,43.57,42.85,43.30,5140853
13-Jun-12,43.15,43.85,43.04,43.32,4082893
12-Jun-12,42.87,43.45,42.67,43.42,4622909
11-Jun-12,42.60,43.25,42.41,42.79,6335009
8-Jun-12,41.86,42.16,41.53,42.16,4617404
7-Jun-12,41.79,42.15,41.59,41.85,4659228
6-Jun-12,40.36,41.27,40.22,41.12,2964707
5-Jun-12,39.35,40.08,39.33,39.86,3850366
4-Jun-12,39.82,40.12,39.27,39.52,3894487
1-Jun-12,40.39,40.50,39.86,39.88,4683702
31-May-12,41.57,41.73,40.67,41.21,5062111
30-May-12,42.16,42.17,41.42,41.63,3553774
29-May-12,42.02,42.61,42.00,42.57,2921391
25-May-12,41.49,42.08,41.49,41.78,2344708
24-May-12,41.94,42.00,41.29,41.73,2332692
23-May-12,41.05,41.97,40.82,41.90,3586363
22-May-12,41.72,42.25,41.19,41.44,4915214
21-May-12,41.18,41.81,40.93,41.64,2812185
18-May-12,41.71,42.04,40.94,41.10,4539873
17-May-12,41.75,42.27,41.49,41.50,4275007
16-May-12,43.02,43.41,41.79,41.80,4682691
15-May-12,42.30,43.21,42.21,42.78,4409398
14-May-12,43.30,43.48,42.42,42.44,5671498
11-May-12,43.27,44.01,43.01,43.57,3904556
10-May-12,44.16,44.46,43.80,43.90,3143547
9-May-12,44.19,44.23,43.52,43.66,4499416
8-May-12,44.79,45.23,44.38,44.74,3825004
7-May-12,45.07,45.69,44.99,45.27,2742109
4-May-12,45.81,46.13,44.86,45.19,3944375
3-May-12,46.25,46.53,45.96,46.07,3120342
2-May-12,46.19,46.38,45.95,46.16,2425545
1-May-12,46.16,47.13,46.16,46.55,2806228
30-Apr-12,46.19,46.31,45.95,46.22,2087865
27-Apr-12,46.58,46.82,46.24,46.32,2925299
26-Apr-12,45.81,46.61,45.73,46.36,2907115
25-Apr-12,45.59,46.11,45.46,45.95,3483945
24-Apr-12,44.67,45.29,44.64,45.22,3072466
23-Apr-12,44.44,44.78,44.33,44.57,2942800
20-Apr-12,45.47,45.77,45.08,45.12,4442834
19-Apr-12,44.84,45.45,44.74,45.03,5106904
18-Apr-12,44.09,45.28,44.02,44.94,4640354
17-Apr-12,43.91,44.73,42.73,44.55,6342781
16-Apr-12,43.54,43.95,43.13,43.68,3095065
13-Apr-12,44.03,44.12,43.16,43.19,3317900
12-Apr-12,43.34,44.25,43.27,44.18,2909492
11-Apr-12,43.62,43.81,43.21,43.32,2270278
10-Apr-12,43.70,44.00,42.98,43.00,3121248
9-Apr-12,43.84,44.01,43.40,43.82,3858501
5-Apr-12,44.46,44.93,44.29,44.56,2459388
4-Apr-12,45.34,45.41,44.42,44.60,3772164
3-Apr-12,45.72,45.93,45.07,45.90,2726707
2-Apr-12,45.33,46.13,45.10,45.88,2740567
30-Mar-12,45.37,45.52,44.82,45.50,2492129
29-Mar-12,44.90,45.13,44.47,45.06,2830243
28-Mar-12,45.38,45.61,44.83,45.47,2305366
27-Mar-12,46.29,46.41,45.47,45.49,2168303
26-Mar-12,46.28,46.69,46.01,46.29,2920602
23-Mar-12,45.00,45.81,44.85,45.63,2682171
22-Mar-12,45.47,45.62,44.77,45.01,2801827
21-Mar-12,45.90,46.09,45.52,45.53,2298018
20-Mar-12,45.44,46.11,45.28,45.90,3419221
19-Mar-12,45.62,46.48,45.13,45.96,3429641
16-Mar-12,47.04,47.20,45.55,45.76,5233587
15-Mar-12,44.93,46.21,44.50,45.84,5524281
14-Mar-12,44.62,44.92,44.14,44.88,5896322
13-Mar-12,42.12,44.06,41.99,43.87,5935847
12-Mar-12,42.07,42.12,41.27,41.68,2655221
9-Mar-12,41.84,42.34,41.61,42.10,2247916
8-Mar-12,41.77,41.98,41.39,41.76,2629243
7-Mar-12,41.09,41.51,40.90,41.42,3123086
6-Mar-12,41.31,41.59,40.80,40.92,5837061
5-Mar-12,41.91,41.98,41.34,41.76,2319342
2-Mar-12,42.49,42.60,41.97,41.98,3068801
1-Mar-12,42.38,42.83,42.11,42.42,4199630
29-Feb-12,41.93,43.00,41.93,42.23,7126993
28-Feb-12,41.37,42.30,40.98,42.02,4361711
27-Feb-12,40.16,41.65,40.11,41.46,4180881
24-Feb-12,40.96,41.10,40.46,40.53,3202853
23-Feb-12,39.57,40.95,39.57,40.86,4031092
22-Feb-12,39.98,39.98,39.48,39.62,2737324
21-Feb-12,39.92,40.51,39.83,40.01,2918269
17-Feb-12,40.44,40.44,39.54,40.25,4422349
16-Feb-12,39.18,40.42,39.12,40.36,3637952
15-Feb-12,39.55,39.86,39.27,39.52,2802380
14-Feb-12,40.16,40.28,39.11,39.46,4558353
13-Feb-12,41.07,41.22,40.15,40.23,4076432
10-Feb-12,40.57,40.97,40.48,40.66,2371200
9-Feb-12,41.85,42.05,41.07,41.10,4207514
8-Feb-12,41.65,41.84,41.11,41.81,3025414
7-Feb-12,41.61,41.78,41.14,41.64,2976935
6-Feb-12,42.00,42.18,41.65,41.83,4151272
3-Feb-12,41.55,42.81,41.51,42.57,5912988
2-Feb-12,40.51,41.16,40.16,40.98,4626344
1-Feb-12,39.51,40.37,39.24,40.20,4808170
31-Jan-12,39.20,39.24,38.47,39.18,4280525
30-Jan-12,38.58,39.03,38.21,38.83,3930177
27-Jan-12,38.55,39.32,38.35,39.06,6106038
26-Jan-12,40.00,40.16,38.53,38.78,8924775
25-Jan-12,41.02,41.31,39.65,39.91,1876906
24-Jan-12,41.34,41.56,41.12,41.31,3625189
23-Jan-12,41.37,41.92,40.91,41.79,3350355
20-Jan-12,41.06,41.58,40.71,41.50,3584798
19-Jan-12,40.18,41.19,40.01,41.06,6415746
18-Jan-12,40.94,41.00,39.02,39.95,14198219
17-Jan-12,43.77,43.90,42.55,42.75,5548534
13-Jan-12,42.94,42.94,42.94,42.94,0
12-Jan-12,43.31,43.67,42.97,43.61,3368432
11-Jan-12,43.09,43.17,42.70,43.05,2849217
10-Jan-12,42.31,43.31,42.25,43.17,4700602
9-Jan-12,41.79,41.99,41.47,41.77,2753534
6-Jan-12,41.74,41.94,41.24,41.76,2321919
5-Jan-12,40.86,41.88,40.40,41.76,2979624
4-Jan-12,41.47,41.52,40.76,41.30,2967856
3-Jan-12,41.46,42.59,41.27,41.82,4045752
30-Dec-11,40.31,40.31,40.31,40.31,0
29-Dec-11,40.15,40.84,40.15,40.78,1807085
28-Dec-11,41.16,41.25,40.27,40.30,1951799
27-Dec-11,41.25,41.75,41.18,41.18,1619116
23-Dec-11,41.39,41.39,41.39,41.39,0
22-Dec-11,40.85,41.30,40.61,41.09,3903668
21-Dec-11,40.61,40.72,40.07,40.62,3986764
20-Dec-11,39.67,40.70,39.55,40.48,4419858
19-Dec-11,40.15,40.38,38.72,39.03,3429478
16-Dec-11,39.79,40.63,39.43,40.04,5862767
15-Dec-11,39.69,39.90,39.07,39.11,2918080
14-Dec-11,39.20,39.72,38.93,39.23,3619577
13-Dec-11,40.22,40.61,38.98,39.55,3690770
12-Dec-11,40.21,40.34,39.79,40.07,3815489
9-Dec-11,40.09,41.28,40.05,40.93,4819598
8-Dec-11,40.97,41.00,39.63,39.81,3787895
7-Dec-11,40.01,41.53,39.50,41.34,4154624
6-Dec-11,40.08,40.60,39.67,40.27,2863491
5-Dec-11,40.53,40.96,39.81,40.17,3585385
2-Dec-11,39.72,40.80,39.64,39.98,3136010
1-Dec-11,39.36,39.51,38.94,39.22,3766427
30-Nov-11,37.98,39.73,37.62,39.65,4578642
29-Nov-11,37.06,37.29,36.50,36.64,3692638
28-Nov-11,36.51,37.54,36.48,36.91,3925119
25-Nov-11,36.23,36.99,36.14,36.24,1404164
23-Nov-11,36.33,36.33,36.33,36.33,0
22-Nov-11,37.08,37.73,36.83,37.25,3723716
21-Nov-11,37.57,37.98,37.00,37.19,4864148
18-Nov-11,38.91,38.92,38.15,38.50,4815999
17-Nov-11,39.51,39.99,38.28,38.54,5439107
16-Nov-11,40.37,41.06,39.88,39.93,3993562
15-Nov-11,40.62,41.37,40.39,41.00,3236958
14-Nov-11,40.93,41.20,40.52,40.90,4311558
11-Nov-11,40.63,41.46,40.63,41.24,3847674
10-Nov-11,39.95,40.39,39.38,40.11,4507858
9-Nov-11,40.61,40.63,39.30,39.44,5008929
8-Nov-11,40.63,41.86,40.63,41.74,5326732
7-Nov-11,39.84,40.62,39.82,40.60,3834588
4-Nov-11,39.70,40.20,39.08,39.99,3622289
3-Nov-11,40.93,40.93,39.01,40.37,6469287
2-Nov-11,41.27,41.27,39.52,40.23,6013933
1-Nov-11,39.09,39.98,38.54,38.76,7053223
31-Oct-11,41.09,41.57,40.37,40.39,6210190
28-Oct-11,41.49,42.20,41.28,42.01,4877272
27-Oct-11,41.13,42.24,40.88,41.20,9243667
26-Oct-11,39.35,39.57,38.36,38.86,6226233
25-Oct-11,38.92,39.27,38.32,38.75,4628175
24-Oct-11,38.77,39.57,38.69,39.40,4482467
21-Oct-11,38.86,39.10,38.04,38.78,8167887
20-Oct-11,37.03,38.58,36.83,38.18,7263132
19-Oct-11,37.30,38.35,36.73,36.91,7941851
18-Oct-11,36.10,37.55,35.05,37.49,15123993
17-Oct-11,34.47,35.39,33.83,33.87,7828865
14-Oct-11,33.71,34.12,33.03,33.90,4259374
13-Oct-11,33.33,33.77,32.43,33.22,5076372
12-Oct-11,33.39,34.20,33.28,33.80,5408153
11-Oct-11,32.86,33.31,32.30,33.10,4419280
10-Oct-11,32.47,33.24,32.43,33.23,4140110
7-Oct-11,32.89,33.00,31.55,31.59,5532207
6-Oct-11,32.38,32.84,31.68,32.62,7814479
5-Oct-11,31.86,32.79,31.28,32.47,6025058
4-Oct-11,29.90,32.13,29.86,32.06,9298756
3-Oct-11,30.47,31.98,30.12,30.38,11511648
30-Sep-11,32.29,32.87,32.07,32.16,6013415
