Date,Open,High,Low,Close,Volume
27-Sep-12,71.53,73.38,71.35,72.80,320490
26-Sep-12,72.00,72.00,70.89,71.10,384861
25-Sep-12,74.00,74.31,71.96,71.97,344089
24-Sep-12,73.60,73.93,72.86,73.85,390483
21-Sep-12,72.82,73.54,72.18,72.49,622022
20-Sep-12,71.91,72.35,71.35,72.05,125679
19-Sep-12,72.80,72.98,71.82,72.55,269790
18-Sep-12,73.39,73.69,72.27,72.64,351142
17-Sep-12,73.61,74.53,73.31,73.74,582157
14-Sep-12,74.81,76.03,74.35,74.67,450106
13-Sep-12,73.34,74.86,72.10,74.33,405556
12-Sep-12,73.50,74.11,72.35,73.31,339361
11-Sep-12,72.19,73.20,72.19,72.93,266543
10-Sep-12,72.41,73.24,72.17,72.20,337399
7-Sep-12,72.33,73.47,71.75,72.67,417362
6-Sep-12,70.88,72.73,70.70,71.88,520504
5-Sep-12,70.08,71.11,70.08,70.21,412732
4-Sep-12,70.60,70.94,69.12,70.32,433623
31-Aug-12,68.63,70.23,67.93,70.04,623144
30-Aug-12,68.40,68.40,67.12,67.95,343673
29-Aug-12,70.42,70.62,68.87,68.96,305146
28-Aug-12,70.90,71.06,69.91,70.47,296795
27-Aug-12,71.56,71.81,70.84,71.06,290836
24-Aug-12,73.08,73.10,71.26,71.35,470422
23-Aug-12,72.77,74.94,72.48,73.08,875383
22-Aug-12,71.34,71.87,70.84,71.34,260204
21-Aug-12,71.70,72.99,70.90,71.25,229760
20-Aug-12,71.46,72.08,70.89,71.23,242447
17-Aug-12,71.53,71.69,71.09,71.66,99637
16-Aug-12,70.96,71.87,70.56,71.67,54333
15-Aug-12,70.92,71.34,70.54,70.81,58549
14-Aug-12,72.10,72.42,70.54,70.90,46362
13-Aug-12,71.63,72.03,71.03,71.64,52029
10-Aug-12,70.79,72.00,70.21,71.89,59739
9-Aug-12,70.70,71.65,70.48,70.94,58444
8-Aug-12,70.50,71.31,70.18,70.80,135244
7-Aug-12,73.75,73.96,71.44,71.54,199221
6-Aug-12,73.19,74.31,72.50,73.58,249338
3-Aug-12,72.61,72.61,71.78,72.02,393858
2-Aug-12,71.65,72.41,70.44,71.48,344048
1-Aug-12,73.46,72.46,72.46,72.46,561589
31-Jul-12,73.34,74.64,72.59,73.31,399692
30-Jul-12,73.47,74.13,73.03,73.72,325434
27-Jul-12,72.39,74.13,71.44,73.58,586954
26-Jul-12,71.78,72.57,71.68,71.90,394596
25-Jul-12,70.44,70.92,69.15,70.12,193586
24-Jul-12,71.30,71.33,69.04,69.89,188195
23-Jul-12,69.80,71.55,69.18,71.23,276750
20-Jul-12,69.95,71.83,69.89,71.58,357756
19-Jul-12,70.82,71.86,70.28,70.42,348463
18-Jul-12,69.90,71.44,69.67,70.33,529894
17-Jul-12,70.30,71.21,69.35,70.27,421872
16-Jul-12,70.06,70.36,68.97,69.76,271868
13-Jul-12,69.18,70.40,68.95,70.30,313878
12-Jul-12,67.74,69.44,66.55,68.98,364262
11-Jul-12,67.13,68.57,66.89,68.51,396816
10-Jul-12,67.76,68.66,66.19,66.89,410210
9-Jul-12,66.90,67.81,66.42,67.61,326765
6-Jul-12,67.18,67.83,66.44,67.13,212212
5-Jul-12,68.25,68.67,67.04,68.09,278337
3-Jul-12,66.20,68.65,65.94,68.61,205450
2-Jul-12,65.59,66.55,64.84,65.87,429471
29-Jun-12,64.79,65.76,64.01,65.59,389477
28-Jun-12,61.67,63.24,61.30,63.21,261353
27-Jun-12,61.28,62.75,61.28,62.23,369928
26-Jun-12,60.47,61.18,58.87,60.84,392294
25-Jun-12,61.42,61.54,59.73,60.27,374433
22-Jun-12,62.15,62.56,60.91,62.47,1168304
21-Jun-12,65.49,65.55,61.77,61.95,486278
20-Jun-12,63.99,66.57,63.48,65.68,931937
19-Jun-12,63.27,64.12,62.63,63.87,855636
18-Jun-12,61.38,62.73,61.09,62.55,291203
15-Jun-12,61.93,62.37,61.06,62.28,365133
14-Jun-12,60.91,62.40,60.74,61.71,349487
13-Jun-12,61.69,61.98,60.52,60.99,278633
12-Jun-12,60.82,62.05,60.17,62.03,340760
11-Jun-12,61.29,61.76,60.16,60.32,353289
8-Jun-12,60.33,60.55,58.87,60.44,340838
7-Jun-12,62.63,63.48,60.63,60.73,264353
6-Jun-12,60.08,61.82,60.08,61.32,308299
5-Jun-12,58.38,60.23,58.33,59.73,337032
4-Jun-12,59.01,59.72,57.27,58.72,280052
1-Jun-12,59.34,59.99,58.72,58.76,333758
31-May-12,61.40,61.45,59.02,60.59,583984
30-May-12,61.90,62.32,60.95,61.46,344982
29-May-12,62.90,64.49,62.34,63.25,222560
25-May-12,62.77,63.13,61.59,62.17,199560
24-May-12,65.05,65.05,61.75,62.47,926700
23-May-12,61.53,64.99,61.46,64.86,729424
22-May-12,62.24,63.24,61.64,62.33,443656
21-May-12,61.08,62.49,60.52,62.35,350195
18-May-12,61.15,62.48,60.52,60.87,486956
17-May-12,62.29,62.92,60.92,60.93,588354
16-May-12,62.70,63.62,62.00,62.39,379472
15-May-12,63.49,63.64,62.18,62.51,671308
14-May-12,64.01,64.06,62.77,63.50,400020
11-May-12,64.55,66.48,64.44,64.97,536858
10-May-12,65.61,65.89,64.74,65.34,353554
9-May-12,63.06,65.20,62.72,64.84,435926
8-May-12,63.80,64.38,62.28,64.15,428030
7-May-12,64.30,65.36,62.61,64.60,629802
4-May-12,65.07,65.37,63.59,64.57,279068
3-May-12,67.17,67.22,65.60,65.75,411030
2-May-12,67.18,67.72,66.68,67.16,218964
1-May-12,67.09,69.21,66.05,68.04,310156
30-Apr-12,67.37,67.84,66.43,67.39,339503
27-Apr-12,68.97,69.26,67.33,67.51,397411
26-Apr-12,67.40,68.77,66.95,68.47,377162
25-Apr-12,66.32,67.85,66.28,67.81,554421
24-Apr-12,65.60,66.31,64.58,65.69,422038
23-Apr-12,63.89,65.76,63.39,65.29,365735
20-Apr-12,67.21,67.86,65.06,65.21,384414
19-Apr-12,66.00,67.35,65.35,65.61,237457
18-Apr-12,65.50,66.47,64.95,65.75,273831
17-Apr-12,65.17,66.13,65.04,65.56,196419
16-Apr-12,65.62,65.62,64.00,64.53,410569
13-Apr-12,65.92,66.82,64.80,64.90,665475
12-Apr-12,64.40,66.99,64.35,66.38,204031
11-Apr-12,65.64,65.68,64.24,64.58,268501
10-Apr-12,65.35,65.81,63.81,64.63,588991
9-Apr-12,65.04,66.31,64.68,65.61,259402
5-Apr-12,65.97,67.38,65.86,66.65,368107
4-Apr-12,67.18,67.29,65.79,66.44,297294
3-Apr-12,67.00,68.31,66.62,68.15,517017
2-Apr-12,64.81,67.43,64.64,67.06,346733
30-Mar-12,65.65,65.99,64.81,65.02,249458
29-Mar-12,64.25,65.31,64.06,65.22,243364
28-Mar-12,65.42,65.89,63.72,64.96,258868
27-Mar-12,66.89,67.13,65.23,65.66,352022
26-Mar-12,66.47,67.10,65.76,66.89,370429
23-Mar-12,64.31,65.91,63.92,65.54,464565
22-Mar-12,64.05,64.42,62.96,63.35,452947
21-Mar-12,65.91,66.13,64.96,65.10,375804
20-Mar-12,67.50,67.50,65.95,66.02,305261
19-Mar-12,68.52,68.90,67.58,67.66,275123
16-Mar-12,68.30,69.38,68.07,68.36,373150
15-Mar-12,67.65,68.66,66.45,68.20,387930
14-Mar-12,68.28,68.47,67.35,67.47,249236
13-Mar-12,68.07,68.46,67.25,68.44,197443
12-Mar-12,68.47,68.48,66.82,67.45,184004
9-Mar-12,68.00,69.70,67.90,68.64,272884
8-Mar-12,68.16,68.93,67.54,67.97,334609
7-Mar-12,66.06,67.64,65.66,67.46,260572
6-Mar-12,65.86,66.27,65.32,65.70,416192
5-Mar-12,67.92,68.08,66.57,67.23,423108
2-Mar-12,70.61,70.83,68.15,68.38,280731
1-Mar-12,70.62,71.40,70.22,70.87,456809
29-Feb-12,70.10,71.44,69.57,69.99,455385
28-Feb-12,71.09,72.31,69.41,70.12,559241
27-Feb-12,75.81,75.81,69.86,71.45,836313
24-Feb-12,76.73,77.12,76.18,76.26,202080
23-Feb-12,75.25,76.70,74.74,76.61,292931
22-Feb-12,75.42,76.81,74.98,75.07,257973
21-Feb-12,74.96,76.65,74.71,76.10,218894
17-Feb-12,76.06,76.72,74.82,74.91,180119
16-Feb-12,74.74,76.05,74.74,75.66,274940
15-Feb-12,75.19,75.62,73.44,74.83,496942
14-Feb-12,73.68,74.91,73.27,74.90,358986
13-Feb-12,73.57,74.58,72.99,73.88,392827
10-Feb-12,70.56,73.15,70.56,72.63,249927
9-Feb-12,71.97,72.37,71.17,72.06,188513
8-Feb-12,72.41,72.49,70.49,71.74,245870
7-Feb-12,71.71,72.33,70.71,72.16,245197
6-Feb-12,69.81,71.90,69.80,71.82,166294
3-Feb-12,69.98,71.48,68.79,70.32,403385
2-Feb-12,68.94,69.49,68.68,68.99,357996
1-Feb-12,66.75,69.22,66.07,69.00,350291
31-Jan-12,66.99,67.56,65.53,65.97,166173
30-Jan-12,66.56,67.35,65.34,66.33,153543
27-Jan-12,67.21,68.54,67.07,67.44,220607
26-Jan-12,68.43,68.87,67.40,67.64,287700
25-Jan-12,65.85,68.31,65.13,67.99,172930
24-Jan-12,65.75,66.99,65.37,66.13,312349
23-Jan-12,66.54,67.29,66.22,66.42,183751
20-Jan-12,66.89,68.30,65.80,66.55,212099
19-Jan-12,66.14,67.93,65.85,67.09,261853
18-Jan-12,62.98,65.82,62.81,65.68,288376
17-Jan-12,64.37,64.63,62.75,62.88,318740
13-Jan-12,63.40,63.40,63.40,63.40,0
12-Jan-12,66.72,67.23,65.52,65.97,415628
11-Jan-12,67.74,68.23,66.50,66.68,125505
10-Jan-12,67.37,68.56,67.37,68.27,258128
9-Jan-12,66.28,66.82,65.61,66.36,170319
6-Jan-12,65.95,66.59,65.15,65.95,230852
5-Jan-12,66.95,67.05,64.98,65.95,267390
4-Jan-12,67.19,68.47,66.40,67.71,186293
3-Jan-12,67.72,68.28,66.91,67.69,266663
30-Dec-11,65.82,65.82,65.82,65.82,0
29-Dec-11,64.77,66.37,64.56,65.85,152689
28-Dec-11,66.05,66.10,64.35,64.48,204460
27-Dec-11,66.31,66.50,65.38,65.91,248235
23-Dec-11,66.37,66.37,66.37,66.37,0
22-Dec-11,67.22,67.61,66.07,66.86,207149
21-Dec-11,65.51,67.18,64.54,66.73,241630
20-Dec-11,64.08,66.20,63.87,65.97,272787
19-Dec-11,64.77,65.43,62.35,62.49,219228
16-Dec-11,63.39,64.66,62.79,64.16,517852
15-Dec-11,64.48,64.59,62.36,62.85,311496
14-Dec-11,65.38,65.71,62.81,63.43,460830
13-Dec-11,69.92,70.96,65.83,66.24,456013
12-Dec-11,70.89,70.97,67.85,69.45,484193
9-Dec-11,69.66,72.70,69.28,72.28,428163
8-Dec-11,71.01,71.59,69.44,69.59,412344
7-Dec-11,72.97,72.97,70.47,71.51,306708
6-Dec-11,72.34,74.66,71.34,73.68,766917
5-Dec-11,72.43,72.96,71.65,72.35,418171
2-Dec-11,71.87,72.61,70.49,71.06,468955
1-Dec-11,70.63,72.23,70.43,70.72,356256
30-Nov-11,68.38,71.28,68.33,71.13,512554
29-Nov-11,63.78,66.23,62.93,65.30,419032
28-Nov-11,62.42,64.40,62.16,64.21,360486
25-Nov-11,60.14,61.19,59.73,60.00,137484
23-Nov-11,60.64,60.64,60.64,60.64,0
22-Nov-11,63.82,64.74,62.64,63.29,240613
21-Nov-11,63.99,64.32,62.89,63.76,222793
18-Nov-11,65.74,66.49,64.50,65.11,279246
17-Nov-11,67.70,68.04,65.10,65.65,514924
16-Nov-11,66.69,69.71,66.69,67.93,334305
15-Nov-11,66.77,67.89,65.60,67.23,330337
14-Nov-11,66.75,67.37,65.58,67.18,329079
11-Nov-11,67.94,68.49,66.44,66.87,526119
10-Nov-11,67.40,67.80,65.90,66.82,644158
9-Nov-11,65.70,67.31,65.68,65.84,538455
8-Nov-11,68.01,68.70,66.41,68.44,290212
7-Nov-11,67.61,68.24,65.99,67.27,261027
4-Nov-11,65.00,68.89,64.51,68.50,460174
3-Nov-11,64.39,66.61,63.02,66.16,707103
2-Nov-11,63.70,63.89,61.13,63.25,793504
1-Nov-11,61.66,63.13,60.84,61.90,897850
31-Oct-11,66.91,67.19,64.66,65.10,357138
28-Oct-11,67.69,69.01,67.54,68.43,288153
27-Oct-11,69.29,69.34,67.01,68.25,862773
26-Oct-11,64.75,65.47,62.88,65.06,458207
25-Oct-11,65.86,66.37,63.62,63.75,288815
24-Oct-11,64.26,66.36,63.67,65.72,489624
21-Oct-11,64.87,64.90,61.38,63.77,1250401
20-Oct-11,59.57,60.54,58.03,59.88,688038
19-Oct-11,59.19,62.32,59.19,59.67,562837
18-Oct-11,61.60,63.85,60.31,62.83,448236
17-Oct-11,62.96,63.22,61.16,61.44,302034
14-Oct-11,61.67,63.64,61.55,63.44,443979
13-Oct-11,60.14,60.98,58.29,60.42,301537
12-Oct-11,60.00,62.34,59.80,60.41,683740
11-Oct-11,57.17,59.76,57.17,59.66,689330
10-Oct-11,55.75,58.26,55.75,57.62,392404
7-Oct-11,55.54,55.87,53.72,54.42,455414
6-Oct-11,53.17,55.23,52.00,55.11,866241
5-Oct-11,53.06,53.96,51.60,53.21,540100
4-Oct-11,49.19,53.30,47.49,53.02,788308
3-Oct-11,53.43,54.28,49.35,49.38,1277286
30-Sep-11,54.55,55.17,53.80,53.91,576899
