Date,Open,High,Low,Close,Volume
27-Sep-12,11.27,11.42,11.27,11.39,28683
26-Sep-12,11.12,11.19,11.07,11.15,32031
25-Sep-12,11.11,11.27,11.11,11.18,40177
24-Sep-12,11.15,11.23,11.11,11.20,44863
21-Sep-12,11.20,11.22,11.14,11.21,49541
20-Sep-12,11.19,11.22,11.15,11.20,13570
19-Sep-12,11.30,11.32,11.25,11.31,41268
18-Sep-12,11.08,11.23,11.08,11.20,29747
17-Sep-12,11.14,11.21,11.10,11.18,57406
14-Sep-12,11.16,11.36,11.16,11.27,61822
13-Sep-12,10.91,11.14,10.91,11.08,43108
12-Sep-12,10.89,10.98,10.78,10.96,52236
11-Sep-12,10.71,10.85,10.71,10.84,42612
10-Sep-12,10.74,10.80,10.73,10.77,34116
7-Sep-12,10.69,10.81,10.69,10.79,32439
6-Sep-12,10.44,10.60,10.44,10.56,26349
5-Sep-12,10.47,10.49,10.44,10.48,27536
4-Sep-12,10.54,10.54,10.45,10.50,20519
31-Aug-12,10.65,10.65,10.59,10.62,15395
30-Aug-12,10.65,10.65,10.51,10.56,21969
29-Aug-12,10.70,10.70,10.66,10.66,10134
28-Aug-12,10.68,10.75,10.68,10.75,31389
27-Aug-12,10.69,10.69,10.64,10.68,16497
24-Aug-12,10.72,10.80,10.67,10.76,25134
23-Aug-12,10.80,10.83,10.79,10.83,11508
22-Aug-12,10.76,10.80,10.64,10.80,45722
21-Aug-12,10.85,10.88,10.77,10.80,33252
20-Aug-12,10.77,10.81,10.76,10.80,3780
17-Aug-12,10.80,10.84,10.80,10.84,3526
16-Aug-12,10.88,10.88,10.79,10.82,4128
15-Aug-12,10.86,10.87,10.86,10.87,900
14-Aug-12,10.83,10.91,10.83,10.89,10488
13-Aug-12,10.94,10.94,10.80,10.83,3330
10-Aug-12,10.82,10.90,10.82,10.90,2248
9-Aug-12,10.85,10.93,10.85,10.91,9400
8-Aug-12,10.76,10.82,10.76,10.81,4880
7-Aug-12,10.76,10.87,10.74,10.83,14952
6-Aug-12,10.67,10.80,10.67,10.76,9690
3-Aug-12,10.71,10.74,10.67,10.70,7664
2-Aug-12,10.62,10.62,10.47,10.52,7355
1-Aug-12,10.68,10.69,10.61,10.64,16922
31-Jul-12,10.65,10.65,10.58,10.60,15045
30-Jul-12,10.49,10.64,10.49,10.64,55512
27-Jul-12,10.31,10.57,10.31,10.52,42139
26-Jul-12,10.31,10.34,10.29,10.31,13224
25-Jul-12,10.28,10.29,10.24,10.25,13949
24-Jul-12,10.31,10.31,10.15,10.23,35041
23-Jul-12,10.20,10.33,10.16,10.31,29688
20-Jul-12,10.49,10.50,10.35,10.42,25323
19-Jul-12,10.54,10.62,10.54,10.55,21620
18-Jul-12,10.44,10.51,10.15,10.50,16589
17-Jul-12,10.47,10.56,10.40,10.52,20415
16-Jul-12,10.46,10.49,10.41,10.44,15594
13-Jul-12,10.50,10.54,10.42,10.49,18009
12-Jul-12,10.43,10.47,10.33,10.47,11735
11-Jul-12,10.55,10.60,10.46,10.54,18414
10-Jul-12,10.65,10.65,10.41,10.50,12126
9-Jul-12,10.62,10.73,10.58,10.72,24786
6-Jul-12,10.74,10.81,10.63,10.77,23698
5-Jul-12,10.65,10.83,10.44,10.74,14324
3-Jul-12,10.74,10.82,10.74,10.76,12295
2-Jul-12,10.70,10.78,10.58,10.66,21876
29-Jun-12,10.47,10.79,10.45,10.72,99824
28-Jun-12,10.22,10.33,10.20,10.32,14662
27-Jun-12,10.25,10.34,10.25,10.30,8689
26-Jun-12,10.17,10.30,10.17,10.21,10213
25-Jun-12,10.19,10.19,10.11,10.13,14818
22-Jun-12,10.33,10.41,10.18,10.23,33930
21-Jun-12,10.54,10.54,10.26,10.39,91468
20-Jun-12,10.61,10.70,10.54,10.60,45636
19-Jun-12,10.55,10.70,10.54,10.66,18695
18-Jun-12,10.42,10.52,10.42,10.52,7280
15-Jun-12,10.44,10.92,10.40,10.44,66608
14-Jun-12,10.28,10.40,10.23,10.40,17106
13-Jun-12,10.30,10.36,10.22,10.30,19732
12-Jun-12,10.15,10.23,10.10,10.23,23051
11-Jun-12,10.24,10.24,10.06,10.09,32579
8-Jun-12,10.17,10.17,10.00,10.09,23264
7-Jun-12,10.38,10.42,10.26,10.28,32548
6-Jun-12,10.02,10.17,10.02,10.13,59129
5-Jun-12,9.93,9.98,9.86,9.95,17565
4-Jun-12,10.09,10.09,9.85,9.88,28719
1-Jun-12,10.19,10.20,10.05,10.09,45731
31-May-12,10.33,10.41,10.30,10.35,19673
30-May-12,10.25,10.42,10.24,10.42,17095
29-May-12,10.34,10.45,10.33,10.39,21896
25-May-12,10.19,10.20,10.14,10.16,15713
24-May-12,10.32,10.32,10.20,10.29,13204
23-May-12,10.25,10.38,10.23,10.38,31586
22-May-12,10.38,10.38,10.26,10.30,33648
21-May-12,10.31,10.44,10.24,10.44,27668
18-May-12,10.33,10.37,10.17,10.22,18857
17-May-12,10.50,10.51,10.34,10.36,14064
16-May-12,10.53,10.59,10.53,10.58,13543
15-May-12,10.50,10.62,10.50,10.60,28932
14-May-12,10.67,10.71,10.53,10.57,13673
11-May-12,10.74,10.82,10.74,10.80,27606
10-May-12,10.93,10.93,10.82,10.89,9731
9-May-12,10.98,11.03,10.84,10.97,28660
8-May-12,11.18,11.18,11.02,11.07,16160
7-May-12,11.22,11.35,11.22,11.31,19521
4-May-12,11.46,11.46,11.39,11.39,7351
3-May-12,11.41,11.49,11.41,11.48,33866
2-May-12,11.47,11.52,11.44,11.50,17622
1-May-12,11.45,11.55,11.42,11.54,18885
30-Apr-12,11.37,11.40,11.36,11.38,12907
27-Apr-12,11.39,11.44,11.32,11.37,27882
26-Apr-12,11.24,11.43,11.24,11.41,30246
25-Apr-12,11.38,11.38,11.24,11.31,30122
24-Apr-12,11.43,11.46,11.31,11.32,18706
23-Apr-12,11.35,11.48,11.24,11.43,34489
20-Apr-12,11.55,11.60,11.55,11.55,8232
19-Apr-12,11.49,11.56,11.43,11.52,27615
18-Apr-12,11.46,11.47,11.38,11.47,16784
17-Apr-12,11.40,11.50,11.40,11.46,15098
16-Apr-12,11.49,11.50,11.35,11.40,53473
13-Apr-12,11.39,11.47,11.32,11.37,38532
12-Apr-12,11.26,11.50,11.26,11.39,36634
11-Apr-12,11.22,11.25,11.12,11.18,27209
10-Apr-12,11.24,11.27,11.11,11.13,51845
9-Apr-12,11.22,11.30,11.20,11.29,31345
5-Apr-12,11.36,11.50,11.36,11.39,27051
4-Apr-12,11.41,11.41,11.26,11.36,24865
3-Apr-12,11.54,11.56,11.41,11.56,17645
2-Apr-12,11.41,11.58,11.35,11.56,24806
30-Mar-12,11.53,11.54,11.42,11.50,29941
29-Mar-12,11.25,11.48,11.25,11.47,39219
28-Mar-12,11.41,11.42,11.40,11.42,37119
27-Mar-12,11.43,11.44,11.39,11.42,56424
26-Mar-12,11.40,11.43,11.32,11.42,34024
23-Mar-12,11.23,11.34,11.23,11.33,38297
22-Mar-12,11.31,11.37,11.31,11.32,31487
21-Mar-12,11.51,11.51,11.16,11.48,22776
20-Mar-12,11.45,11.51,11.45,11.47,52709
19-Mar-12,11.61,11.64,11.58,11.64,22200
16-Mar-12,11.72,11.74,11.67,11.72,11853
15-Mar-12,11.60,11.76,11.54,11.75,51133
14-Mar-12,11.70,11.76,11.54,11.59,20522
13-Mar-12,11.71,11.83,11.64,11.83,26027
12-Mar-12,11.56,11.69,11.56,11.66,15804
9-Mar-12,11.54,11.72,11.54,11.61,8473
8-Mar-12,11.66,11.67,11.53,11.59,26202
7-Mar-12,11.54,11.62,11.49,11.52,31027
6-Mar-12,11.81,11.81,11.43,11.51,84614
5-Mar-12,11.85,11.90,11.78,11.88,43380
2-Mar-12,11.87,11.98,11.86,11.94,36067
1-Mar-12,11.81,12.07,11.81,11.98,48079
29-Feb-12,11.92,11.92,11.85,11.85,37628
28-Feb-12,11.93,11.93,11.83,11.86,13418
27-Feb-12,11.78,11.94,11.78,11.86,48646
24-Feb-12,11.85,11.85,11.78,11.78,33285
23-Feb-12,11.78,11.84,11.78,11.79,25119
22-Feb-12,11.82,11.86,11.78,11.79,42135
21-Feb-12,11.63,11.79,11.61,11.79,48151
17-Feb-12,11.71,11.75,11.48,11.68,62562
16-Feb-12,11.67,11.75,11.61,11.74,19325
15-Feb-12,11.58,11.69,11.55,11.62,44420
14-Feb-12,11.51,11.51,11.44,11.48,11234
13-Feb-12,11.55,11.68,11.51,11.55,14674
10-Feb-12,11.48,11.49,11.37,11.40,27123
9-Feb-12,11.51,11.65,11.51,11.62,33611
8-Feb-12,11.36,11.48,11.36,11.47,59857
7-Feb-12,11.19,11.36,11.18,11.32,33094
6-Feb-12,11.24,11.35,11.21,11.34,37754
3-Feb-12,11.45,11.48,11.40,11.42,30925
2-Feb-12,11.12,11.32,11.12,11.32,54382
1-Feb-12,11.14,11.22,11.12,11.15,17318
31-Jan-12,11.08,11.12,10.98,11.00,12782
30-Jan-12,10.75,10.94,10.75,10.93,54996
27-Jan-12,11.09,11.15,11.04,11.13,6663
26-Jan-12,11.11,11.11,11.03,11.09,37651
25-Jan-12,11.00,11.24,10.93,11.17,30951
24-Jan-12,10.90,11.05,10.88,11.03,10310
23-Jan-12,10.99,11.17,10.93,11.04,27278
20-Jan-12,10.97,11.00,10.92,10.98,12828
19-Jan-12,11.01,11.07,10.96,10.99,17675
18-Jan-12,10.78,11.00,10.78,10.99,31994
17-Jan-12,10.82,10.86,10.76,10.82,26153
13-Jan-12,10.58,10.58,10.58,10.58,0
12-Jan-12,10.64,10.71,10.59,10.71,7180
11-Jan-12,10.51,10.60,10.51,10.58,18449
10-Jan-12,10.55,10.64,10.55,10.60,24051
9-Jan-12,10.35,10.49,10.35,10.41,22507
6-Jan-12,10.33,10.37,10.24,10.25,19245
5-Jan-12,10.29,10.38,10.26,10.35,11360
4-Jan-12,10.29,10.33,10.18,10.33,16902
3-Jan-12,10.31,10.40,10.30,10.37,53922
30-Dec-11,10.07,10.07,10.07,10.07,0
29-Dec-11,10.06,10.16,10.05,10.09,58784
28-Dec-11,10.05,10.06,10.00,10.01,71300
27-Dec-11,10.00,10.15,9.99,10.11,43936
23-Dec-11,10.09,10.09,10.09,10.09,0
22-Dec-11,9.95,10.09,9.95,10.08,22497
21-Dec-11,9.91,10.02,9.83,9.99,99320
20-Dec-11,9.82,10.02,9.82,10.01,42769
19-Dec-11,9.84,9.85,9.73,9.73,43657
16-Dec-11,9.94,10.01,9.83,9.90,85369
15-Dec-11,10.12,10.12,10.01,10.01,49506
14-Dec-11,10.08,10.17,10.01,10.03,32407
13-Dec-11,10.29,10.40,10.10,10.18,49900
12-Dec-11,10.33,10.37,10.26,10.27,47842
9-Dec-11,10.42,10.57,10.42,10.56,42439
8-Dec-11,10.55,10.61,10.39,10.42,18178
7-Dec-11,10.67,10.70,10.60,10.66,15013
6-Dec-11,10.81,10.81,10.66,10.72,29044
5-Dec-11,10.84,11.02,10.84,10.87,32594
2-Dec-11,10.86,10.86,10.74,10.76,39137
1-Dec-11,10.52,10.76,10.52,10.75,44812
30-Nov-11,10.71,10.71,10.53,10.57,33027
29-Nov-11,10.10,10.30,10.02,10.16,45173
28-Nov-11,10.40,10.40,10.12,10.14,48816
25-Nov-11,9.90,10.15,9.90,10.02,23535
23-Nov-11,10.02,10.02,10.02,10.02,0
22-Nov-11,10.26,10.28,10.13,10.20,26835
21-Nov-11,10.22,10.26,10.11,10.21,26189
18-Nov-11,10.65,10.65,10.42,10.48,46592
17-Nov-11,10.76,10.81,10.55,10.60,51166
16-Nov-11,10.92,10.92,10.76,10.76,13652
15-Nov-11,10.93,11.12,10.93,11.09,57821
14-Nov-11,10.88,10.92,10.82,10.92,24132
11-Nov-11,10.90,11.03,10.90,10.94,76130
10-Nov-11,11.05,11.06,10.88,10.92,34077
9-Nov-11,11.07,11.14,10.96,11.01,63641
8-Nov-11,11.35,11.43,11.25,11.39,19799
7-Nov-11,11.24,11.40,11.20,11.38,39948
4-Nov-11,11.14,11.27,11.07,11.27,22967
3-Nov-11,11.16,11.26,11.05,11.26,36226
2-Nov-11,11.02,11.09,10.87,11.08,64147
1-Nov-11,10.54,10.75,10.54,10.74,40929
31-Oct-11,11.16,11.18,10.87,10.87,51170
28-Oct-11,11.19,11.42,11.19,11.30,47316
27-Oct-11,11.08,11.30,11.01,11.21,68296
26-Oct-11,10.69,10.75,10.59,10.74,27728
25-Oct-11,10.63,10.69,10.52,10.52,51081
24-Oct-11,10.59,10.90,10.59,10.80,110628
21-Oct-11,10.28,10.43,10.28,10.33,30970
20-Oct-11,10.24,10.30,10.07,10.25,33051
19-Oct-11,10.38,10.48,10.35,10.41,65488
18-Oct-11,10.48,10.53,10.33,10.48,139627
17-Oct-11,10.67,10.70,10.37,10.53,110454
14-Oct-11,10.85,10.94,10.81,10.83,258119
13-Oct-11,10.78,10.85,10.64,10.77,38010
12-Oct-11,10.97,11.07,10.88,10.91,318853
11-Oct-11,10.69,10.77,10.45,10.71,283780
10-Oct-11,10.04,10.48,10.04,10.48,145195
7-Oct-11,10.01,10.12,9.77,9.90,91819
6-Oct-11,9.69,9.94,9.53,9.91,154588
5-Oct-11,9.38,9.71,9.27,9.66,124736
4-Oct-11,9.01,9.31,9.00,9.24,177093
3-Oct-11,9.56,9.68,9.30,9.38,148414
30-Sep-11,9.89,10.01,9.75,9.76,247391
