Date,Open,High,Low,Close,Volume
26-Sep-12,15.79,15.84,15.77,15.77,1652
25-Sep-12,15.82,15.86,15.73,15.73,10410
24-Sep-12,15.69,15.69,15.65,15.68,901
21-Sep-12,15.67,15.74,15.66,15.70,2542
20-Sep-12,15.52,15.67,15.44,15.63,2760
19-Sep-12,15.38,15.50,15.34,15.50,3277
18-Sep-12,15.52,15.52,15.26,15.39,6000
17-Sep-12,15.38,15.52,15.36,15.52,3995
14-Sep-12,15.35,15.46,15.34,15.46,4593
13-Sep-12,15.51,15.53,15.42,15.42,2481
12-Sep-12,15.36,15.56,15.32,15.48,5566
11-Sep-12,15.39,15.51,15.39,15.46,2457
10-Sep-12,15.25,15.42,15.25,15.38,4292
7-Sep-12,15.26,15.32,15.26,15.30,2428
6-Sep-12,15.49,15.49,15.32,15.32,5466
5-Sep-12,15.41,15.41,15.34,15.38,1204
4-Sep-12,15.36,15.38,15.36,15.38,2410
31-Aug-12,15.28,15.32,15.25,15.29,2339
30-Aug-12,15.28,15.30,15.18,15.30,3159
29-Aug-12,15.19,15.27,15.19,15.26,2108
28-Aug-12,15.07,15.15,15.07,15.15,1782
27-Aug-12,15.08,15.10,15.08,15.10,1654
24-Aug-12,15.10,15.13,15.09,15.09,1507
23-Aug-12,15.07,15.19,15.07,15.11,3274
22-Aug-12,15.20,15.20,15.07,15.07,2103
21-Aug-12,15.28,15.35,15.20,15.20,2071
20-Aug-12,15.29,15.34,15.29,15.29,2155
17-Aug-12,15.41,15.44,15.29,15.35,2212
16-Aug-12,15.40,15.50,15.29,15.46,6386
15-Aug-12,15.48,15.48,15.39,15.39,1754
14-Aug-12,15.39,15.50,15.39,15.50,1121
13-Aug-12,15.54,15.54,15.38,15.43,2166
10-Aug-12,15.68,15.68,15.58,15.59,2556
9-Aug-12,15.63,15.63,15.63,15.63,296
8-Aug-12,15.61,15.69,15.60,15.69,2323
7-Aug-12,15.65,15.65,15.59,15.59,549
6-Aug-12,15.62,15.75,15.59,15.59,1400
3-Aug-12,15.47,15.70,15.47,15.70,1717
2-Aug-12,15.61,15.61,15.46,15.51,2048
1-Aug-12,15.66,15.69,15.61,15.64,1705
31-Jul-12,15.54,15.57,15.54,15.56,401
30-Jul-12,15.62,15.62,15.51,15.56,1500
27-Jul-12,15.67,15.77,15.53,15.65,4406
26-Jul-12,15.74,15.77,15.61,15.65,2265
25-Jul-12,15.62,15.80,15.60,15.77,1500
24-Jul-12,15.64,15.66,15.55,15.66,1401
23-Jul-12,15.64,15.70,15.64,15.66,1083
20-Jul-12,15.57,15.64,15.54,15.64,2078
19-Jul-12,15.62,15.64,15.60,15.60,1000
18-Jul-12,15.51,15.67,15.51,15.65,3329
17-Jul-12,15.62,15.62,15.50,15.53,4868
16-Jul-12,15.70,15.70,15.59,15.59,2255
13-Jul-12,15.54,15.70,15.54,15.70,3746
12-Jul-12,15.68,15.79,15.56,15.66,9442
11-Jul-12,15.52,15.66,15.52,15.63,2872
10-Jul-12,15.41,15.60,15.38,15.60,4155
9-Jul-12,15.43,15.47,15.35,15.41,3064
6-Jul-12,15.24,15.40,15.24,15.36,8886
5-Jul-12,15.19,15.34,15.19,15.34,2261
3-Jul-12,15.11,15.21,15.11,15.15,5945
2-Jul-12,15.25,15.37,15.06,15.13,10419
29-Jun-12,15.21,15.25,15.21,15.25,1444
28-Jun-12,14.99,15.21,14.99,15.21,7410
27-Jun-12,15.11,15.15,15.02,15.15,5621
26-Jun-12,15.03,15.12,15.01,15.08,6377
25-Jun-12,15.01,15.07,15.01,15.05,2337
22-Jun-12,14.98,15.01,14.98,15.00,1619
21-Jun-12,14.97,15.03,14.97,14.98,1895
20-Jun-12,14.90,15.03,14.90,14.97,4140
19-Jun-12,14.85,14.95,14.85,14.88,4207
18-Jun-12,14.75,14.81,14.75,14.81,1254
15-Jun-12,14.76,14.79,14.75,14.75,1912
14-Jun-12,14.86,14.88,14.79,14.79,2887
13-Jun-12,14.87,14.87,14.80,14.80,1755
12-Jun-12,14.88,14.91,14.82,14.85,2321
11-Jun-12,15.00,15.00,14.85,14.88,3814
8-Jun-12,14.96,14.99,14.96,14.99,2606
7-Jun-12,14.95,14.95,14.89,14.92,2312
6-Jun-12,14.94,14.95,14.91,14.94,4360
5-Jun-12,14.88,14.89,14.86,14.89,1700
4-Jun-12,14.76,14.88,14.76,14.88,7898
1-Jun-12,14.88,14.91,14.85,14.91,2595
31-May-12,14.85,14.93,14.79,14.88,7739
30-May-12,14.86,14.92,14.86,14.92,1545
29-May-12,14.87,14.89,14.87,14.89,2317
25-May-12,14.82,14.85,14.82,14.85,3154
24-May-12,14.76,14.78,14.76,14.78,1208
23-May-12,14.81,14.81,14.76,14.76,2691
22-May-12,14.85,14.85,14.72,14.81,3855
21-May-12,14.82,14.88,14.78,14.79,3936
18-May-12,14.83,14.89,14.83,14.86,3200
17-May-12,14.95,14.95,14.86,14.91,9464
16-May-12,14.93,14.99,14.91,14.96,4093
15-May-12,14.91,14.97,14.87,14.94,6466
14-May-12,14.94,14.94,14.88,14.91,3478
11-May-12,14.94,14.94,14.88,14.88,1181
10-May-12,14.92,14.98,14.88,14.98,10064
9-May-12,14.85,14.92,14.83,14.92,3005
8-May-12,14.91,14.94,14.84,14.87,3756
7-May-12,14.86,15.01,14.79,14.93,12148
4-May-12,14.84,14.90,14.83,14.89,3459
3-May-12,14.85,14.94,14.85,14.87,2831
2-May-12,14.81,14.92,14.81,14.86,4415
1-May-12,14.96,14.98,14.84,14.84,7836
30-Apr-12,14.95,15.00,14.91,15.00,3069
27-Apr-12,14.94,14.99,14.94,14.99,3245
26-Apr-12,14.92,14.99,14.90,14.99,2300
25-Apr-12,14.87,14.95,14.83,14.86,3170
24-Apr-12,14.92,14.92,14.84,14.84,1814
23-Apr-12,14.80,14.88,14.80,14.88,923
20-Apr-12,14.88,14.92,14.81,14.81,2560
19-Apr-12,14.83,14.91,14.83,14.91,1525
18-Apr-12,14.86,14.86,14.78,14.78,1545
17-Apr-12,14.86,14.86,14.78,14.80,3178
16-Apr-12,14.83,14.89,14.83,14.85,1304
13-Apr-12,14.76,14.85,14.76,14.85,3355
12-Apr-12,14.81,14.81,14.61,14.72,2000
11-Apr-12,14.82,14.82,14.74,14.74,2621
10-Apr-12,14.80,14.95,14.80,14.84,3792
9-Apr-12,14.73,14.84,14.73,14.84,3675
5-Apr-12,14.79,14.79,14.79,14.79,1792
4-Apr-12,14.62,14.76,14.62,14.69,5771
3-Apr-12,14.65,14.72,14.55,14.55,1930
2-Apr-12,14.77,14.84,14.60,14.67,11553
30-Mar-12,14.78,14.84,14.72,14.72,4575
29-Mar-12,14.83,14.83,14.70,14.80,7617
28-Mar-12,14.51,14.75,14.51,14.75,8482
27-Mar-12,14.48,14.52,14.35,14.50,10590
26-Mar-12,14.50,14.50,14.50,14.50,826
23-Mar-12,14.63,14.63,14.50,14.50,3211
22-Mar-12,14.67,14.77,14.52,14.54,7933
21-Mar-12,14.67,14.67,14.53,14.60,2732
20-Mar-12,14.67,14.72,14.52,14.60,5244
19-Mar-12,14.53,14.64,14.37,14.64,5866
16-Mar-12,14.53,14.53,14.35,14.51,4796
15-Mar-12,14.85,14.85,14.57,14.57,7233
14-Mar-12,15.17,15.17,14.90,14.90,9888
13-Mar-12,15.28,15.34,15.16,15.21,4054
12-Mar-12,15.26,15.37,15.26,15.28,3205
9-Mar-12,15.24,15.32,15.23,15.23,4460
8-Mar-12,15.23,15.28,15.23,15.23,4596
7-Mar-12,15.17,15.26,15.14,15.26,7126
6-Mar-12,15.27,15.27,15.14,15.17,4799
5-Mar-12,15.29,15.34,15.20,15.21,8602
2-Mar-12,15.32,15.38,15.26,15.26,6803
1-Mar-12,15.36,15.41,15.21,15.25,11612
29-Feb-12,15.34,15.38,15.31,15.31,11587
28-Feb-12,15.25,15.33,15.25,15.30,4513
27-Feb-12,15.33,15.46,15.30,15.30,7987
24-Feb-12,15.27,15.43,15.27,15.36,6927
23-Feb-12,15.58,15.66,15.30,15.33,18266
22-Feb-12,15.74,15.80,15.53,15.62,9874
21-Feb-12,15.95,16.01,15.78,15.78,18102
17-Feb-12,15.98,15.99,15.88,15.97,11514
16-Feb-12,15.95,15.98,15.92,15.98,6277
15-Feb-12,15.84,15.95,15.81,15.95,12302
14-Feb-12,15.88,15.88,15.70,15.84,8598
13-Feb-12,15.87,15.89,15.84,15.88,5262
10-Feb-12,15.78,15.95,15.78,15.86,10820
9-Feb-12,15.61,15.78,15.61,15.76,7005
8-Feb-12,15.57,15.67,15.57,15.60,5891
7-Feb-12,15.45,15.57,15.45,15.57,5446
6-Feb-12,15.44,15.46,15.36,15.40,6491
3-Feb-12,15.49,15.52,15.40,15.41,4476
2-Feb-12,15.54,15.60,15.45,15.45,4370
1-Feb-12,15.39,15.54,15.38,15.49,7780
31-Jan-12,15.25,15.40,15.22,15.31,5460
30-Jan-12,15.09,15.24,15.09,15.21,3682
27-Jan-12,15.14,15.17,15.08,15.12,5698
26-Jan-12,15.17,15.19,15.11,15.19,3085
25-Jan-12,15.10,15.18,15.03,15.18,7089
24-Jan-12,15.20,15.20,15.04,15.04,3360
23-Jan-12,15.06,15.21,15.06,15.14,3448
20-Jan-12,15.20,15.23,15.05,15.05,7447
19-Jan-12,15.19,15.25,15.12,15.22,7653
18-Jan-12,15.13,15.18,15.08,15.18,6706
17-Jan-12,15.14,15.14,15.05,15.09,5551
13-Jan-12,15.06,15.06,15.06,15.06,0
12-Jan-12,15.00,15.00,14.88,15.00,5910
11-Jan-12,14.97,14.98,14.89,14.94,5967
10-Jan-12,15.01,15.01,14.98,14.98,3012
9-Jan-12,15.01,15.03,15.01,15.03,2678
6-Jan-12,14.91,15.01,14.91,14.99,3787
5-Jan-12,14.94,14.97,14.83,14.97,6007
4-Jan-12,14.92,14.96,14.89,14.94,2633
3-Jan-12,14.97,14.99,14.90,14.95,2993
30-Dec-11,14.91,14.98,14.91,14.97,2195
29-Dec-11,14.82,14.86,14.79,14.86,2784
28-Dec-11,14.81,14.86,14.81,14.86,2645
27-Dec-11,14.78,14.83,14.72,14.81,5136
23-Dec-11,14.78,14.78,14.78,14.78,0
22-Dec-11,14.64,14.76,14.58,14.74,4426
21-Dec-11,14.62,14.78,14.58,14.58,8894
20-Dec-11,14.76,14.90,14.62,14.62,10078
19-Dec-11,14.75,14.82,14.75,14.82,1965
16-Dec-11,14.57,14.76,14.57,14.76,5138
15-Dec-11,14.75,14.75,14.66,14.66,5275
14-Dec-11,14.74,14.77,14.66,14.75,14110
13-Dec-11,14.64,14.77,14.64,14.70,5660
12-Dec-11,14.72,14.72,14.57,14.64,5185
9-Dec-11,14.61,14.69,14.61,14.69,3004
8-Dec-11,14.68,14.68,14.61,14.61,565
7-Dec-11,14.59,14.65,14.57,14.65,1996
6-Dec-11,14.57,14.59,14.55,14.59,2105
5-Dec-11,14.64,14.67,14.49,14.55,6675
2-Dec-11,14.67,14.69,14.57,14.58,4587
1-Dec-11,14.59,14.66,14.55,14.66,5428
30-Nov-11,14.54,14.56,14.48,14.52,5672
29-Nov-11,14.52,14.53,14.46,14.53,3089
28-Nov-11,14.53,14.57,14.47,14.47,1271
25-Nov-11,14.53,14.53,14.49,14.49,1815
23-Nov-11,14.47,14.47,14.47,14.47,0
22-Nov-11,14.41,14.50,14.41,14.50,2649
21-Nov-11,14.42,14.42,14.31,14.38,3574
18-Nov-11,14.42,14.42,14.35,14.36,2846
17-Nov-11,14.46,14.46,14.39,14.39,2664
16-Nov-11,14.39,14.46,14.35,14.46,8648
15-Nov-11,14.53,14.53,14.50,14.50,3227
14-Nov-11,14.50,14.50,14.48,14.50,2153
11-Nov-11,14.53,14.53,14.45,14.45,6008
10-Nov-11,14.47,14.51,14.33,14.47,8244
9-Nov-11,14.43,14.54,14.42,14.54,2855
8-Nov-11,14.47,14.49,14.40,14.49,5879
7-Nov-11,14.29,14.46,14.24,14.46,11512
4-Nov-11,14.30,14.30,14.24,14.29,4758
3-Nov-11,14.38,14.38,14.19,14.22,5731
2-Nov-11,14.31,14.35,14.31,14.33,1181
1-Nov-11,14.28,14.29,14.21,14.29,5568
31-Oct-11,14.27,14.27,14.26,14.27,2012
28-Oct-11,14.18,14.26,14.18,14.26,4095
27-Oct-11,14.26,14.26,14.14,14.18,6174
26-Oct-11,14.22,14.24,14.19,14.19,6617
25-Oct-11,14.10,14.20,14.06,14.20,5585
24-Oct-11,14.23,14.23,14.10,14.10,4062
21-Oct-11,14.10,14.19,14.09,14.19,3338
20-Oct-11,14.19,14.22,14.08,14.08,4508
19-Oct-11,14.17,14.22,14.04,14.22,3548
18-Oct-11,14.18,14.18,14.02,14.15,3975
17-Oct-11,14.15,14.20,14.08,14.16,3408
14-Oct-11,14.15,14.17,14.12,14.15,1927
13-Oct-11,14.03,14.10,13.96,14.10,4195
12-Oct-11,14.18,14.18,14.03,14.03,3795
11-Oct-11,14.13,14.20,14.13,14.20,2171
10-Oct-11,14.19,14.26,14.08,14.08,7078
7-Oct-11,14.21,14.21,14.08,14.08,4597
6-Oct-11,14.12,14.18,14.12,14.18,2940
5-Oct-11,14.12,14.17,14.11,14.11,3360
4-Oct-11,14.26,14.27,14.06,14.06,6887
3-Oct-11,14.24,14.28,14.24,14.26,3496
30-Sep-11,14.24,14.24,14.09,14.16,5837
29-Sep-11,14.24,14.24,14.22,14.24,4236
