Date,Open,High,Low,Close,Volume
26-Sep-12,19.03,19.20,18.76,18.86,358163
25-Sep-12,19.45,19.53,18.78,18.96,422056
24-Sep-12,19.14,19.46,18.80,19.34,375936
21-Sep-12,18.93,19.24,18.55,19.23,585062
20-Sep-12,18.54,19.01,18.03,18.58,254737
19-Sep-12,20.47,20.64,20.23,20.31,162295
18-Sep-12,21.03,21.03,20.25,20.31,166703
17-Sep-12,21.63,21.63,21.23,21.27,73067
14-Sep-12,21.43,21.90,21.17,21.73,90091
13-Sep-12,20.70,21.40,20.61,21.36,78979
12-Sep-12,20.56,20.70,20.46,20.64,60567
11-Sep-12,20.45,20.57,20.22,20.45,85470
10-Sep-12,20.32,20.53,20.19,20.40,62478
7-Sep-12,20.20,20.35,19.98,20.32,155326
6-Sep-12,20.03,20.18,19.84,20.01,364384
5-Sep-12,19.80,20.11,19.68,19.90,324152
4-Sep-12,19.53,20.01,19.04,19.89,230024
31-Aug-12,19.82,19.91,19.34,19.56,195271
30-Aug-12,19.68,19.73,19.56,19.59,118643
29-Aug-12,19.85,20.02,19.77,19.88,172552
28-Aug-12,19.69,19.99,19.65,19.91,242841
27-Aug-12,19.95,19.95,19.57,19.72,135400
24-Aug-12,19.50,19.96,19.50,19.86,187009
23-Aug-12,19.69,19.85,19.39,19.59,126979
22-Aug-12,20.17,20.26,19.66,19.73,201548
21-Aug-12,19.95,20.40,19.84,20.24,231096
20-Aug-12,20.01,20.14,19.72,19.88,175808
17-Aug-12,19.71,20.15,19.58,20.14,202490
16-Aug-12,19.13,19.78,19.05,19.74,238181
15-Aug-12,18.75,19.18,18.71,19.16,189909
14-Aug-12,18.92,19.10,18.74,18.84,246924
13-Aug-12,18.84,19.09,18.54,18.79,212338
10-Aug-12,18.81,18.98,18.44,18.85,265904
9-Aug-12,18.75,18.98,18.75,18.89,154963
8-Aug-12,18.68,18.95,18.65,18.80,82917
7-Aug-12,18.91,19.49,18.73,18.77,248308
6-Aug-12,18.48,18.89,18.42,18.76,306539
3-Aug-12,17.88,18.52,17.80,18.49,404597
2-Aug-12,17.49,17.74,17.23,17.52,182951
1-Aug-12,18.33,18.40,17.70,17.70,559525
31-Jul-12,17.96,18.49,17.90,18.30,304625
30-Jul-12,18.17,18.37,17.94,18.08,127436
27-Jul-12,17.59,18.27,17.39,18.17,189712
26-Jul-12,17.76,17.84,17.14,17.46,161652
25-Jul-12,17.04,17.57,16.94,17.41,249479
24-Jul-12,17.90,17.90,16.81,16.93,380853
23-Jul-12,17.83,17.94,17.48,17.82,223969
20-Jul-12,18.47,18.49,18.15,18.24,203317
19-Jul-12,18.59,18.95,18.35,18.65,144599
18-Jul-12,18.10,18.60,17.89,18.55,101873
17-Jul-12,18.19,18.39,17.76,18.17,137341
16-Jul-12,18.47,18.64,17.97,18.07,128901
13-Jul-12,18.31,18.74,18.26,18.54,165116
12-Jul-12,18.25,18.34,17.84,18.18,179215
11-Jul-12,18.49,18.55,18.23,18.52,199239
10-Jul-12,18.98,19.07,18.32,18.48,280313
9-Jul-12,18.79,18.97,18.57,18.87,269457
6-Jul-12,18.83,18.98,18.59,18.89,297460
5-Jul-12,19.40,19.53,18.87,19.09,320008
3-Jul-12,18.41,19.52,18.27,19.50,309473
2-Jul-12,18.48,18.75,18.24,18.46,485741
29-Jun-12,18.31,18.59,18.03,18.52,635941
28-Jun-12,16.60,17.99,16.45,17.84,804922
27-Jun-12,16.35,16.88,16.25,16.73,234466
26-Jun-12,16.39,16.58,16.03,16.35,446260
25-Jun-12,16.41,16.79,16.32,16.38,189198
22-Jun-12,16.97,16.97,16.65,16.70,543389
21-Jun-12,17.11,17.40,16.88,16.93,295808
20-Jun-12,17.20,17.43,17.08,17.13,193173
19-Jun-12,16.71,17.27,16.66,17.21,504265
18-Jun-12,16.47,16.76,16.47,16.59,588201
15-Jun-12,16.56,16.93,16.54,16.57,914346
14-Jun-12,16.84,17.22,16.48,16.56,470759
13-Jun-12,17.07,17.47,16.78,16.86,276033
12-Jun-12,17.65,17.69,16.97,17.06,511772
11-Jun-12,18.49,18.49,17.52,17.53,215478
8-Jun-12,17.75,18.36,17.61,18.21,166210
7-Jun-12,18.12,18.45,17.74,17.77,234192
6-Jun-12,17.13,17.85,17.11,17.78,650084
5-Jun-12,17.37,17.57,16.85,16.96,628391
4-Jun-12,17.98,18.01,17.26,17.39,247960
1-Jun-12,17.93,18.12,17.70,17.87,337457
31-May-12,18.40,18.66,17.92,18.48,358940
30-May-12,18.76,18.76,18.21,18.41,184098
29-May-12,18.61,19.09,18.46,19.02,146617
25-May-12,18.31,18.62,18.26,18.36,136934
24-May-12,18.46,18.54,17.87,18.36,151742
23-May-12,18.10,18.43,17.70,18.43,275228
22-May-12,18.61,18.85,18.18,18.33,244336
21-May-12,18.51,18.71,18.24,18.60,260367
18-May-12,18.41,18.84,18.19,18.40,322251
17-May-12,18.59,18.71,18.21,18.44,423107
16-May-12,18.80,18.85,18.44,18.52,269665
15-May-12,18.36,18.94,18.23,18.67,225219
14-May-12,18.96,19.03,18.26,18.39,428231
11-May-12,19.00,19.54,18.72,19.27,146849
10-May-12,19.77,19.80,19.12,19.24,169007
9-May-12,19.15,19.63,18.94,19.56,491448
8-May-12,19.10,19.41,18.98,19.35,231671
7-May-12,19.19,19.50,19.07,19.26,214842
4-May-12,19.78,19.85,19.19,19.25,234051
3-May-12,19.83,20.11,19.62,19.88,326595
2-May-12,19.66,19.90,19.18,19.85,242998
1-May-12,19.48,20.43,19.28,19.76,434252
30-Apr-12,20.12,20.14,19.49,19.53,353961
27-Apr-12,20.45,20.61,20.00,20.17,514876
26-Apr-12,20.35,20.58,20.08,20.30,313830
25-Apr-12,20.63,21.11,20.39,20.43,256121
24-Apr-12,20.19,20.57,20.00,20.28,234056
23-Apr-12,20.15,20.23,19.93,20.14,258703
20-Apr-12,20.77,21.00,20.38,20.56,339099
19-Apr-12,20.98,20.98,20.18,20.40,345340
18-Apr-12,21.14,21.14,20.78,21.00,221190
17-Apr-12,21.16,21.75,21.06,21.30,213614
16-Apr-12,20.81,21.22,20.68,20.92,313478
13-Apr-12,21.17,21.18,20.62,20.64,263333
12-Apr-12,20.99,21.53,20.98,21.34,222977
11-Apr-12,20.94,21.01,20.68,20.95,240806
10-Apr-12,21.52,21.54,20.59,20.62,294986
9-Apr-12,21.46,21.70,21.27,21.64,237541
5-Apr-12,22.07,22.22,21.92,22.02,193049
4-Apr-12,22.25,22.61,21.85,22.33,186175
3-Apr-12,22.64,22.91,22.44,22.59,219689
2-Apr-12,22.81,23.00,22.57,22.68,299268
30-Mar-12,23.23,23.42,22.96,22.96,404712
29-Mar-12,22.68,23.20,22.52,22.99,473387
28-Mar-12,23.05,23.11,22.62,22.92,323032
27-Mar-12,23.01,23.19,22.84,22.99,308163
26-Mar-12,22.81,23.02,22.61,22.94,289269
23-Mar-12,22.86,22.97,22.27,22.60,439149
22-Mar-12,21.50,23.00,21.00,22.89,1111976
21-Mar-12,21.94,22.27,21.52,21.90,458874
20-Mar-12,21.67,22.07,21.48,21.88,202055
19-Mar-12,21.51,22.40,21.51,21.86,441833
16-Mar-12,21.50,21.68,21.40,21.50,590691
15-Mar-12,21.38,21.58,21.08,21.50,429761
14-Mar-12,21.51,21.73,21.16,21.28,214199
13-Mar-12,21.60,21.66,21.29,21.60,969104
12-Mar-12,21.65,21.70,21.23,21.44,932176
9-Mar-12,21.35,22.33,21.06,21.72,453231
8-Mar-12,20.97,21.40,20.75,21.35,223736
7-Mar-12,20.52,20.80,20.33,20.76,293446
6-Mar-12,20.77,20.94,20.28,20.45,186096
5-Mar-12,20.52,21.24,20.50,21.11,186969
2-Mar-12,21.48,21.48,20.45,20.62,249758
1-Mar-12,21.06,21.86,21.06,21.47,416030
29-Feb-12,21.51,21.66,20.99,21.00,242564
28-Feb-12,21.41,21.76,21.11,21.46,180491
27-Feb-12,21.15,21.68,20.82,21.45,179687
24-Feb-12,21.99,22.13,21.42,21.45,121161
23-Feb-12,21.40,22.04,21.09,21.96,206226
22-Feb-12,21.38,21.52,21.16,21.36,525778
21-Feb-12,21.59,22.00,21.25,21.39,394264
17-Feb-12,22.50,22.54,21.50,21.53,473282
16-Feb-12,21.57,22.66,21.57,22.31,300285
15-Feb-12,22.00,22.14,21.33,21.53,298585
14-Feb-12,21.52,22.00,21.20,21.84,453250
13-Feb-12,21.85,22.02,21.17,21.71,927764
10-Feb-12,21.51,21.84,21.41,21.52,141763
9-Feb-12,21.91,21.91,21.91,21.91,0
8-Feb-12,22.27,22.51,21.23,22.13,201305
7-Feb-12,22.16,22.51,21.78,22.28,330251
6-Feb-12,22.52,22.52,22.52,22.52,0
3-Feb-12,22.00,23.06,21.67,22.79,751573
2-Feb-12,21.54,21.88,21.21,21.49,365222
1-Feb-12,21.44,21.76,21.08,21.57,498326
31-Jan-12,21.30,21.33,20.75,21.10,234241
30-Jan-12,20.68,21.24,20.60,21.15,211558
27-Jan-12,21.07,21.35,20.78,20.95,245133
26-Jan-12,20.71,21.72,20.71,21.19,283920
25-Jan-12,21.28,21.28,21.28,21.28,0
24-Jan-12,20.57,21.01,20.30,20.96,317955
23-Jan-12,20.62,20.99,20.41,20.79,381964
20-Jan-12,20.19,20.72,19.52,20.67,385901
19-Jan-12,19.93,20.41,19.79,20.30,287145
18-Jan-12,19.24,19.88,19.01,19.84,275440
17-Jan-12,19.25,19.32,19.08,19.25,449022
13-Jan-12,19.08,19.08,19.08,19.08,0
12-Jan-12,18.60,19.22,18.55,19.18,279346
11-Jan-12,18.40,18.76,18.35,18.56,673493
10-Jan-12,18.70,18.81,18.35,18.53,580451
9-Jan-12,18.46,18.60,18.00,18.35,652744
6-Jan-12,18.38,18.38,18.38,18.38,0
5-Jan-12,18.81,19.46,18.66,19.24,337080
4-Jan-12,18.99,19.14,18.48,18.96,303283
3-Jan-12,18.90,19.63,18.81,19.11,483929
30-Dec-11,18.45,18.45,18.45,18.45,0
29-Dec-11,18.23,18.50,18.17,18.44,256657
28-Dec-11,18.49,18.49,18.49,18.49,0
27-Dec-11,18.22,18.66,18.00,18.48,279802
23-Dec-11,18.40,18.40,18.40,18.40,0
22-Dec-11,21.24,21.28,18.18,18.54,1368714
21-Dec-11,21.59,21.96,21.04,21.81,220175
20-Dec-11,21.33,21.33,21.33,21.33,0
19-Dec-11,20.86,21.43,20.08,20.17,277788
16-Dec-11,20.85,21.66,20.52,20.65,676817
15-Dec-11,20.05,20.82,19.92,20.57,406762
14-Dec-11,20.05,20.10,19.47,19.55,381790
13-Dec-11,21.39,21.67,20.10,20.25,316996
12-Dec-11,20.94,21.14,20.49,21.11,284974
9-Dec-11,20.15,21.64,20.15,21.39,354500
8-Dec-11,20.72,20.99,19.89,19.98,226575
7-Dec-11,21.02,21.02,21.02,21.02,0
6-Dec-11,20.92,21.53,20.83,21.36,215073
5-Dec-11,21.63,22.09,20.70,20.94,339080
2-Dec-11,21.25,22.00,21.01,21.20,215700
1-Dec-11,21.43,21.82,20.83,20.91,361058
30-Nov-11,20.88,21.61,20.64,21.59,610380
29-Nov-11,19.62,19.97,19.36,19.82,208117
28-Nov-11,19.12,19.72,19.08,19.53,267594
25-Nov-11,18.55,19.07,18.26,18.28,135563
23-Nov-11,18.66,18.66,18.66,18.66,0
22-Nov-11,19.55,19.60,18.83,19.03,211218
21-Nov-11,19.46,19.46,19.46,19.46,0
18-Nov-11,20.50,20.68,20.22,20.51,185595
17-Nov-11,20.75,20.75,20.75,20.75,0
16-Nov-11,21.37,22.00,20.94,20.98,253162
15-Nov-11,21.03,22.07,20.87,21.75,269729
14-Nov-11,21.33,21.70,20.91,21.20,343519
11-Nov-11,20.88,21.52,20.67,21.44,297820
10-Nov-11,20.26,20.26,20.26,20.26,0
9-Nov-11,20.77,21.00,20.00,20.05,514301
8-Nov-11,21.45,21.62,20.73,21.55,249328
7-Nov-11,21.46,21.56,20.34,21.21,203981
4-Nov-11,21.45,21.45,21.45,21.45,0
3-Nov-11,21.18,21.64,20.33,21.58,256184
2-Nov-11,20.67,20.67,20.67,20.67,0
1-Nov-11,19.72,20.39,19.14,20.02,684178
31-Oct-11,21.83,21.89,20.64,20.65,440858
28-Oct-11,23.08,23.19,22.02,22.32,288914
27-Oct-11,22.47,23.54,22.23,23.09,650189
26-Oct-11,21.39,21.79,20.63,21.61,343491
25-Oct-11,21.28,21.28,21.28,21.28,0
24-Oct-11,21.07,21.97,20.91,21.85,335279
21-Oct-11,20.90,20.90,20.90,20.90,0
20-Oct-11,20.58,20.58,19.90,20.16,441087
19-Oct-11,21.14,21.46,20.43,20.50,530562
18-Oct-11,21.24,21.24,21.24,21.24,0
17-Oct-11,21.15,21.15,19.93,20.05,386479
14-Oct-11,21.64,21.64,20.96,21.44,541058
13-Oct-11,20.95,20.95,20.95,20.95,0
12-Oct-11,20.73,21.53,20.50,21.00,526429
11-Oct-11,19.89,20.55,19.69,20.44,385929
10-Oct-11,19.17,20.17,19.05,20.09,363135
7-Oct-11,18.82,18.82,18.82,18.82,0
6-Oct-11,19.45,20.34,19.26,20.16,449270
5-Oct-11,19.04,19.04,19.04,19.04,0
4-Oct-11,16.58,18.98,16.58,18.97,796104
3-Oct-11,17.63,18.37,16.64,16.65,532259
30-Sep-11,18.48,18.94,17.86,17.86,431120
29-Sep-11,18.83,18.83,18.83,18.83,0
