Date,Open,High,Low,Close,Volume
26-Sep-12,3.01,3.03,3.00,3.00,12914
25-Sep-12,3.04,3.07,3.03,3.03,6975
24-Sep-12,2.92,3.04,2.92,3.01,4748
21-Sep-12,3.02,3.09,3.01,3.09,17282
20-Sep-12,3.01,3.05,3.01,3.05,2100
19-Sep-12,3.01,3.02,3.00,3.02,594
18-Sep-12,3.09,3.09,3.09,3.09,2501
17-Sep-12,3.07,3.07,3.03,3.05,2501
14-Sep-12,3.09,3.10,3.06,3.06,1261
13-Sep-12,3.06,3.08,3.06,3.08,6048
12-Sep-12,3.09,3.09,3.06,3.08,1900
11-Sep-12,3.05,3.07,3.05,3.07,1279
10-Sep-12,3.03,3.07,3.03,3.07,4661
7-Sep-12,3.08,3.09,3.05,3.08,4516
6-Sep-12,3.03,3.13,3.03,3.05,29534
5-Sep-12,3.14,3.14,3.02,3.06,18721
4-Sep-12,3.19,3.19,3.03,3.10,17085
31-Aug-12,3.04,3.14,3.02,3.03,43459
30-Aug-12,3.11,3.11,3.05,3.08,25200
29-Aug-12,3.13,3.13,3.05,3.08,23687
28-Aug-12,3.11,3.15,3.07,3.07,28693
27-Aug-12,3.05,3.19,3.05,3.15,16417
24-Aug-12,3.25,3.25,3.06,3.08,8562
23-Aug-12,3.20,3.20,3.07,3.19,8722
22-Aug-12,3.18,3.25,3.10,3.15,11588
21-Aug-12,3.19,3.24,3.15,3.15,22089
20-Aug-12,3.31,3.31,3.20,3.22,35197
17-Aug-12,3.17,3.35,3.15,3.35,26680
16-Aug-12,3.19,3.34,3.17,3.21,14317
15-Aug-12,3.29,3.35,3.25,3.25,8509
14-Aug-12,3.25,3.38,3.25,3.26,39562
13-Aug-12,3.29,3.30,3.15,3.30,31939
10-Aug-12,3.19,3.20,3.12,3.19,26135
9-Aug-12,3.14,3.17,3.14,3.16,13164
8-Aug-12,3.04,3.21,3.04,3.15,25562
7-Aug-12,3.23,3.25,3.10,3.12,23168
6-Aug-12,3.19,3.27,3.19,3.25,5168
3-Aug-12,3.30,3.34,3.10,3.21,20477
2-Aug-12,3.26,3.33,3.25,3.28,15379
1-Aug-12,3.29,3.39,3.27,3.35,22166
31-Jul-12,3.26,3.40,3.22,3.33,12405
30-Jul-12,3.41,3.41,3.22,3.22,12026
27-Jul-12,3.45,3.45,3.17,3.20,33067
26-Jul-12,3.17,3.29,3.17,3.29,9958
25-Jul-12,3.18,3.28,3.12,3.13,23371
24-Jul-12,3.31,3.31,3.16,3.21,38504
23-Jul-12,3.34,3.39,3.28,3.29,12748
20-Jul-12,3.36,3.39,3.36,3.39,5746
19-Jul-12,3.33,3.40,3.33,3.38,11595
18-Jul-12,3.40,3.44,3.33,3.39,14995
17-Jul-12,3.41,3.44,3.25,3.38,16517
16-Jul-12,3.40,3.42,3.36,3.42,2275
13-Jul-12,3.41,3.44,3.34,3.38,2314
12-Jul-12,3.40,3.46,3.36,3.46,13322
11-Jul-12,3.44,3.47,3.31,3.42,6586
10-Jul-12,3.42,3.47,3.31,3.45,9172
9-Jul-12,3.37,3.46,3.30,3.46,5525
6-Jul-12,3.41,3.47,3.27,3.33,5677
5-Jul-12,3.46,3.47,3.38,3.39,14725
3-Jul-12,3.45,3.47,3.29,3.46,18275
2-Jul-12,3.42,3.44,3.31,3.44,5394
29-Jun-12,3.36,3.42,3.33,3.41,25045
28-Jun-12,3.32,3.36,3.31,3.36,13792
27-Jun-12,3.33,3.35,3.30,3.35,22531
26-Jun-12,3.24,3.34,3.21,3.33,22216
25-Jun-12,3.19,3.30,3.19,3.27,2699
22-Jun-12,3.24,3.28,3.19,3.19,15766
21-Jun-12,3.21,3.30,3.18,3.18,1700
20-Jun-12,3.20,3.20,3.15,3.19,19665
19-Jun-12,3.20,3.28,3.20,3.21,18082
18-Jun-12,3.30,3.35,3.21,3.21,37934
15-Jun-12,3.22,3.39,3.22,3.33,6456
14-Jun-12,3.27,3.39,3.25,3.26,4620
13-Jun-12,3.33,3.40,3.25,3.29,9159
12-Jun-12,3.23,3.36,3.20,3.29,13994
11-Jun-12,3.36,3.36,3.21,3.29,9474
8-Jun-12,3.33,3.40,3.28,3.37,3825
7-Jun-12,3.41,3.41,3.22,3.34,6925
6-Jun-12,3.41,3.41,3.30,3.40,5162
5-Jun-12,3.29,3.41,3.29,3.40,4661
4-Jun-12,3.29,3.41,3.15,3.30,23145
1-Jun-12,3.26,3.40,3.23,3.32,7568
31-May-12,3.35,3.45,3.27,3.34,24564
30-May-12,3.33,3.39,3.28,3.30,8297
29-May-12,3.31,3.43,3.28,3.28,5103
25-May-12,3.48,3.48,3.20,3.25,102607
24-May-12,3.40,3.50,3.40,3.49,32428
23-May-12,3.41,3.43,3.41,3.43,5898
22-May-12,3.28,3.47,3.27,3.38,43095
21-May-12,3.32,3.40,3.27,3.32,16330
18-May-12,3.35,3.39,3.29,3.30,21801
17-May-12,3.40,3.40,3.27,3.29,13805
16-May-12,3.37,3.44,3.30,3.36,8411
15-May-12,3.30,3.36,3.30,3.32,9020
14-May-12,3.43,3.43,3.27,3.30,21970
11-May-12,3.42,3.45,3.37,3.45,17354
10-May-12,3.53,3.53,3.38,3.40,17279
9-May-12,3.45,3.45,3.25,3.44,29303
8-May-12,3.38,3.45,3.20,3.39,85394
7-May-12,3.35,3.39,3.35,3.38,23355
4-May-12,3.37,3.40,3.37,3.37,10930
3-May-12,3.37,3.40,3.35,3.36,20187
2-May-12,3.29,3.40,3.29,3.40,4855
1-May-12,3.41,3.45,3.33,3.33,30097
30-Apr-12,3.44,3.45,3.39,3.39,26296
27-Apr-12,3.45,3.47,3.41,3.44,51400
26-Apr-12,3.47,3.55,3.43,3.45,36322
25-Apr-12,3.52,3.55,3.45,3.50,23612
24-Apr-12,3.38,3.66,3.34,3.49,80763
23-Apr-12,3.30,3.35,3.28,3.35,8702
20-Apr-12,3.45,3.49,3.35,3.35,20047
19-Apr-12,3.42,3.46,3.34,3.36,9473
18-Apr-12,3.45,3.46,3.42,3.43,5463
17-Apr-12,3.55,3.55,3.42,3.49,32905
16-Apr-12,3.48,3.49,3.43,3.46,38309
13-Apr-12,3.36,3.43,3.36,3.42,20403
12-Apr-12,3.32,3.42,3.32,3.37,17433
11-Apr-12,3.28,3.40,3.24,3.35,29294
10-Apr-12,3.10,3.37,3.10,3.22,30919
9-Apr-12,3.15,3.20,3.10,3.14,30642
5-Apr-12,3.19,3.21,3.15,3.15,45527
4-Apr-12,3.25,3.25,3.09,3.13,92214
3-Apr-12,3.31,3.40,3.25,3.26,58631
2-Apr-12,3.43,3.49,3.25,3.30,61281
30-Mar-12,3.50,3.50,3.37,3.47,51570
29-Mar-12,3.40,3.50,3.35,3.46,50532
28-Mar-12,3.25,3.42,3.25,3.40,69608
27-Mar-12,3.19,3.30,3.19,3.26,50427
26-Mar-12,3.10,3.25,3.10,3.16,96274
23-Mar-12,3.07,3.14,3.07,3.14,53500
22-Mar-12,3.10,3.11,3.07,3.08,5103
21-Mar-12,3.10,3.13,3.07,3.10,10249
20-Mar-12,3.11,3.11,3.06,3.11,14922
19-Mar-12,3.12,3.14,3.10,3.12,16062
16-Mar-12,3.06,3.12,3.06,3.12,22145
15-Mar-12,3.10,3.12,3.06,3.11,11450
14-Mar-12,3.05,3.10,3.03,3.07,48323
13-Mar-12,3.07,3.09,3.01,3.05,13829
12-Mar-12,3.05,3.09,3.02,3.02,10300
9-Mar-12,3.03,3.10,3.02,3.07,45465
8-Mar-12,3.00,3.10,3.00,3.05,41963
7-Mar-12,2.79,3.04,2.79,3.00,28134
6-Mar-12,2.83,2.86,2.79,2.79,27327
5-Mar-12,2.50,2.85,2.48,2.79,72675
2-Mar-12,2.59,2.66,2.50,2.61,56461
1-Mar-12,2.72,2.75,2.59,2.59,35028
29-Feb-12,2.77,2.84,2.75,2.75,51800
28-Feb-12,2.90,2.90,2.74,2.77,65454
27-Feb-12,2.92,2.95,2.87,2.89,24537
24-Feb-12,3.04,3.04,2.93,2.93,43586
23-Feb-12,3.01,3.03,3.00,3.01,7126
22-Feb-12,3.00,3.05,3.00,3.00,24366
21-Feb-12,3.00,3.05,3.00,3.01,25399
17-Feb-12,3.02,3.04,2.98,3.00,16471
16-Feb-12,3.02,3.02,3.00,3.01,16244
15-Feb-12,3.05,3.05,2.99,3.02,19262
14-Feb-12,3.04,3.05,2.97,2.99,23310
13-Feb-12,3.00,3.05,3.00,3.00,7897
10-Feb-12,3.05,3.05,2.95,3.00,74453
9-Feb-12,3.04,3.05,2.98,3.05,108520
8-Feb-12,2.99,3.05,2.99,3.04,33786
7-Feb-12,3.05,3.05,2.95,2.98,25454
6-Feb-12,2.99,3.05,2.94,3.04,40831
3-Feb-12,2.79,3.05,2.70,3.00,81367
2-Feb-12,2.89,3.00,2.85,2.91,44952
1-Feb-12,2.69,3.00,2.63,2.87,58154
31-Jan-12,2.63,2.69,2.58,2.69,13965
30-Jan-12,2.50,2.65,2.50,2.63,37689
27-Jan-12,2.46,2.50,2.45,2.50,15668
26-Jan-12,2.50,2.50,2.42,2.42,11961
25-Jan-12,2.50,2.53,2.50,2.50,34957
24-Jan-12,2.47,2.47,2.41,2.47,22744
23-Jan-12,2.40,2.47,2.38,2.47,79301
20-Jan-12,2.31,2.39,2.30,2.39,11592
19-Jan-12,2.35,2.35,2.30,2.35,80579
18-Jan-12,2.30,2.32,2.29,2.30,52386
17-Jan-12,2.30,2.32,2.30,2.30,13699
13-Jan-12,2.30,2.30,2.30,2.30,0
12-Jan-12,2.28,2.28,2.22,2.25,17158
11-Jan-12,2.23,2.26,2.23,2.25,22799
10-Jan-12,2.25,2.28,2.21,2.25,11649
9-Jan-12,2.20,2.30,2.20,2.25,28523
6-Jan-12,2.24,2.28,2.20,2.27,12465
5-Jan-12,2.26,2.26,2.22,2.24,7389
4-Jan-12,2.22,2.26,2.20,2.26,3455
3-Jan-12,2.28,2.28,2.22,2.26,15572
30-Dec-11,2.28,2.28,2.28,2.28,0
29-Dec-11,2.15,2.30,2.15,2.15,43026
28-Dec-11,2.16,2.29,2.06,2.29,49684
27-Dec-11,2.20,2.20,2.08,2.10,39963
23-Dec-11,2.15,2.15,2.15,2.15,0
22-Dec-11,2.12,2.20,2.09,2.16,12951
21-Dec-11,2.11,2.24,2.10,2.10,25537
20-Dec-11,2.11,2.25,2.10,2.11,31693
19-Dec-11,2.24,2.24,2.10,2.11,10405
16-Dec-11,2.11,2.29,2.07,2.29,36817
15-Dec-11,2.09,2.18,2.01,2.06,18277
14-Dec-11,2.21,2.23,2.05,2.09,21904
13-Dec-11,2.10,2.26,2.09,2.22,16320
12-Dec-11,2.20,2.29,2.03,2.11,42847
9-Dec-11,2.20,2.28,2.20,2.25,8799
8-Dec-11,2.29,2.29,2.21,2.23,2352
7-Dec-11,2.25,2.31,2.21,2.27,13260
6-Dec-11,2.24,2.35,2.21,2.27,37930
5-Dec-11,2.26,2.30,2.20,2.25,21415
2-Dec-11,2.24,2.31,2.20,2.31,44183
1-Dec-11,2.20,2.25,2.19,2.21,10707
30-Nov-11,2.26,2.27,2.20,2.20,46216
29-Nov-11,2.31,2.31,2.25,2.27,24890
28-Nov-11,2.36,2.39,2.27,2.31,17794
25-Nov-11,2.37,2.49,2.35,2.41,3605
23-Nov-11,2.33,2.33,2.33,2.33,0
22-Nov-11,2.43,2.48,2.33,2.43,42072
21-Nov-11,2.50,2.50,2.41,2.50,7261
18-Nov-11,2.44,2.50,2.41,2.50,8527
17-Nov-11,2.50,2.50,2.45,2.49,5132
16-Nov-11,2.41,2.54,2.41,2.47,26025
15-Nov-11,2.43,2.54,2.43,2.48,12664
14-Nov-11,2.44,2.50,2.40,2.41,7316
11-Nov-11,2.48,2.55,2.40,2.41,22406
10-Nov-11,2.49,2.55,2.40,2.50,15243
9-Nov-11,2.43,2.57,2.43,2.48,21841
8-Nov-11,2.48,2.55,2.32,2.47,43306
7-Nov-11,2.50,2.57,2.50,2.50,16365
4-Nov-11,2.50,2.55,2.46,2.55,38822
3-Nov-11,2.53,2.56,2.50,2.52,11157
2-Nov-11,2.57,2.57,2.50,2.53,6555
1-Nov-11,2.58,2.58,2.50,2.56,2564
31-Oct-11,2.50,2.69,2.50,2.62,6846
28-Oct-11,2.62,2.68,2.49,2.50,44946
27-Oct-11,2.66,2.75,2.63,2.69,20545
26-Oct-11,2.59,2.64,2.59,2.60,11512
25-Oct-11,2.60,2.64,2.57,2.58,11495
24-Oct-11,2.55,2.68,2.54,2.58,25396
21-Oct-11,2.55,2.60,2.55,2.56,4158
20-Oct-11,2.59,2.62,2.52,2.55,11282
19-Oct-11,2.55,2.61,2.50,2.59,8055
18-Oct-11,2.51,2.51,2.51,2.51,0
17-Oct-11,2.59,2.77,2.59,2.65,9814
14-Oct-11,2.65,2.72,2.62,2.65,13814
13-Oct-11,2.67,2.97,2.61,2.64,31434
12-Oct-11,2.70,2.70,2.62,2.63,7250
11-Oct-11,2.60,2.70,2.59,2.68,13141
10-Oct-11,2.70,2.81,2.50,2.61,17339
7-Oct-11,2.83,2.88,2.65,2.71,13738
6-Oct-11,2.87,2.93,2.83,2.83,11809
5-Oct-11,2.60,2.97,2.59,2.95,31175
4-Oct-11,2.50,2.59,2.50,2.59,10585
3-Oct-11,2.59,2.70,2.50,2.50,5533
30-Sep-11,2.68,2.70,2.56,2.70,11246
29-Sep-11,2.70,2.70,2.55,2.61,4900
