Date,Open,High,Low,Close,Volume
27-Sep-12,16.50,17.19,16.36,16.49,87481
26-Sep-12,17.08,17.17,16.40,16.43,85323
25-Sep-12,17.40,17.43,17.01,17.18,134455
24-Sep-12,17.80,17.88,17.16,17.38,99996
21-Sep-12,18.02,18.17,17.76,17.80,41315
20-Sep-12,17.99,18.06,17.90,17.93,39049
19-Sep-12,18.11,18.40,18.02,18.10,43427
18-Sep-12,17.90,18.20,17.69,18.16,35852
17-Sep-12,17.99,18.11,17.99,18.08,21714
14-Sep-12,17.90,18.09,17.74,18.02,111945
13-Sep-12,17.86,17.95,17.64,17.90,42221
12-Sep-12,17.84,17.91,17.79,17.88,34580
11-Sep-12,17.71,17.94,17.64,17.80,21683
10-Sep-12,17.46,17.88,16.96,17.73,30328
7-Sep-12,16.96,17.63,16.96,17.48,146541
6-Sep-12,17.15,17.26,16.89,17.05,102632
5-Sep-12,16.79,17.13,16.63,17.09,159507
4-Sep-12,16.77,16.82,16.55,16.81,112008
31-Aug-12,16.45,16.88,16.32,16.73,99591
30-Aug-12,16.31,16.47,16.19,16.34,118522
29-Aug-12,16.53,16.53,16.09,16.40,114430
28-Aug-12,16.16,16.38,16.08,16.34,217469
27-Aug-12,16.24,16.40,16.13,16.27,148925
24-Aug-12,16.05,16.36,15.85,16.28,259516
23-Aug-12,16.04,16.20,15.93,16.04,48732
22-Aug-12,16.16,16.23,15.87,16.04,64181
21-Aug-12,16.39,16.64,16.13,16.20,80095
20-Aug-12,16.03,16.42,15.82,16.34,777736
17-Aug-12,15.56,16.25,15.32,16.00,434459
16-Aug-12,15.78,15.80,15.44,15.60,194538
15-Aug-12,15.87,16.52,15.70,15.72,61856
14-Aug-12,15.88,16.03,15.78,15.85,129564
13-Aug-12,16.12,16.19,15.72,15.87,64669
10-Aug-12,16.60,16.70,15.68,16.23,46151
9-Aug-12,16.39,17.43,16.39,16.73,142436
8-Aug-12,16.47,16.53,14.85,16.50,46047
7-Aug-12,16.59,16.63,16.39,16.52,128037
6-Aug-12,15.99,16.70,15.99,16.53,151487
3-Aug-12,16.13,16.38,15.87,15.91,130120
2-Aug-12,15.80,16.25,15.52,15.97,214895
1-Aug-12,15.08,16.05,14.97,15.91,432018
31-Jul-12,14.95,15.14,14.86,14.99,316689
30-Jul-12,15.04,15.14,14.85,15.00,314946
27-Jul-12,15.29,15.29,14.79,15.10,198522
26-Jul-12,15.41,15.55,15.02,15.29,242688
25-Jul-12,15.12,15.41,14.85,15.23,135445
24-Jul-12,14.96,15.28,14.95,15.11,78293
23-Jul-12,15.39,15.39,14.59,15.01,124715
20-Jul-12,15.65,15.79,15.15,15.66,57248
19-Jul-12,15.35,15.80,15.35,15.68,203192
18-Jul-12,15.14,15.46,15.03,15.25,129074
17-Jul-12,15.09,15.09,14.75,14.85,89923
16-Jul-12,14.98,15.10,14.80,14.98,77885
13-Jul-12,14.50,15.02,14.50,15.02,185598
12-Jul-12,14.03,14.72,14.03,14.53,186865
11-Jul-12,14.54,14.69,14.36,14.68,60379
10-Jul-12,14.73,14.73,14.40,14.50,115884
9-Jul-12,14.55,14.84,14.43,14.58,141693
6-Jul-12,14.26,14.67,14.14,14.54,89245
5-Jul-12,14.37,14.89,14.21,14.43,88400
3-Jul-12,13.73,14.66,13.71,14.50,158565
2-Jul-12,13.57,13.72,13.34,13.59,46959
29-Jun-12,13.46,13.65,13.17,13.51,217096
28-Jun-12,12.88,13.23,12.88,13.04,235542
27-Jun-12,13.21,13.75,13.01,13.06,234011
26-Jun-12,13.05,13.22,12.59,13.09,101671
25-Jun-12,13.62,13.87,12.94,13.12,197500
22-Jun-12,13.49,14.00,13.36,13.81,234273
21-Jun-12,13.75,13.87,13.25,13.46,331151
20-Jun-12,13.75,14.03,13.70,13.81,56126
19-Jun-12,13.14,13.93,12.87,13.78,248040
18-Jun-12,13.00,13.32,12.14,13.06,182980
15-Jun-12,13.25,13.48,13.01,13.32,265288
14-Jun-12,13.47,13.53,13.16,13.24,122352
13-Jun-12,13.66,13.75,13.20,13.35,110806
12-Jun-12,13.66,13.99,13.44,13.72,131849
11-Jun-12,14.38,14.38,13.57,13.66,176986
8-Jun-12,14.44,14.61,14.23,14.27,154347
7-Jun-12,14.77,15.00,14.41,14.53,223804
6-Jun-12,14.26,14.70,14.26,14.68,77669
5-Jun-12,13.98,14.49,13.83,14.22,94027
4-Jun-12,14.33,14.78,13.56,13.90,127166
1-Jun-12,14.70,14.79,14.12,14.33,357671
31-May-12,15.42,15.42,14.39,14.95,289802
30-May-12,15.66,15.66,15.19,15.43,498507
29-May-12,15.65,15.96,15.27,15.82,137273
25-May-12,15.58,15.63,15.36,15.63,54927
24-May-12,15.72,15.72,15.51,15.55,48093
23-May-12,15.36,15.83,15.01,15.68,71269
22-May-12,15.88,16.15,15.31,15.52,93251
21-May-12,15.49,16.00,15.27,15.95,118874
18-May-12,15.80,15.82,15.30,15.47,155694
17-May-12,15.72,16.12,15.45,15.65,148891
16-May-12,16.14,16.37,15.53,15.65,252485
15-May-12,15.90,15.97,15.76,15.92,175971
14-May-12,15.93,15.98,15.72,15.91,191508
11-May-12,16.00,16.09,15.69,16.03,123927
10-May-12,16.25,16.65,16.00,16.01,127230
9-May-12,16.00,16.33,15.97,16.19,113488
8-May-12,16.04,16.20,15.88,16.13,222746
7-May-12,16.31,16.34,15.81,16.13,216959
4-May-12,16.95,16.95,16.27,16.40,137853
3-May-12,17.03,17.20,16.82,17.09,137181
2-May-12,17.25,17.40,17.07,17.10,56726
1-May-12,17.48,17.82,17.29,17.30,207783
30-Apr-12,17.50,17.50,17.18,17.43,347544
27-Apr-12,18.17,18.20,17.55,17.60,280204
26-Apr-12,17.83,18.26,17.83,18.17,162295
25-Apr-12,17.80,17.93,17.56,17.85,191657
24-Apr-12,17.88,17.95,17.60,17.75,402447
23-Apr-12,17.90,18.00,17.50,17.73,322263
20-Apr-12,17.74,17.85,17.52,17.80,149332
19-Apr-12,17.50,17.75,17.45,17.65,115365
18-Apr-12,17.49,17.51,17.31,17.51,263463
17-Apr-12,17.43,17.56,17.33,17.51,151543
16-Apr-12,17.29,17.49,17.19,17.35,222639
13-Apr-12,17.29,17.45,17.00,17.26,901994
12-Apr-12,16.78,18.39,16.75,17.50,3339596
11-Apr-12,15.97,16.34,15.53,16.26,466489
10-Apr-12,16.34,16.38,15.85,15.95,479178
9-Apr-12,16.67,16.98,16.51,16.98,49010
5-Apr-12,16.79,17.21,16.65,17.02,53762
4-Apr-12,16.64,16.81,16.60,16.64,35449
3-Apr-12,16.88,17.01,16.60,16.81,23464
2-Apr-12,16.98,17.11,16.85,16.92,34688
30-Mar-12,17.12,17.12,16.55,16.90,103044
29-Mar-12,16.89,17.10,16.79,17.04,90598
28-Mar-12,17.17,17.21,16.82,17.03,201372
27-Mar-12,17.14,17.28,17.03,17.16,83111
26-Mar-12,17.31,17.49,17.11,17.14,68800
23-Mar-12,17.04,17.50,17.04,17.16,207146
22-Mar-12,17.10,17.43,17.02,17.07,101902
21-Mar-12,17.11,17.26,16.76,17.24,66620
20-Mar-12,17.34,17.53,16.94,17.30,215873
19-Mar-12,17.08,17.60,17.02,17.43,197020
16-Mar-12,16.56,17.66,16.56,17.00,310745
15-Mar-12,16.78,16.78,16.51,16.58,58485
14-Mar-12,17.00,17.00,16.55,16.87,144415
13-Mar-12,16.96,17.05,16.80,17.05,74164
12-Mar-12,16.96,16.98,16.50,16.86,72956
9-Mar-12,16.83,17.05,16.72,16.98,143522
8-Mar-12,16.75,17.00,16.66,16.89,57246
7-Mar-12,16.58,17.02,16.55,16.70,83102
6-Mar-12,16.70,16.70,16.36,16.55,94518
5-Mar-12,17.50,17.80,16.69,16.89,121945
2-Mar-12,17.54,18.00,17.45,17.50,125618
1-Mar-12,17.48,17.94,17.25,17.55,164174
29-Feb-12,17.96,17.96,17.35,17.40,168263
28-Feb-12,17.05,18.15,16.85,17.86,218382
27-Feb-12,16.95,17.20,16.92,17.00,164961
24-Feb-12,17.07,17.10,16.80,17.02,106043
23-Feb-12,17.23,17.25,16.16,16.97,129499
22-Feb-12,16.41,17.30,16.10,17.22,189368
21-Feb-12,16.61,16.65,16.45,16.51,102605
17-Feb-12,16.58,16.63,16.50,16.60,115420
16-Feb-12,16.76,16.89,16.42,16.56,296025
15-Feb-12,16.40,17.34,16.40,16.69,230185
14-Feb-12,16.82,16.82,16.28,16.50,350380
13-Feb-12,16.33,16.87,16.06,16.80,71660
10-Feb-12,15.73,16.37,15.30,16.19,157550
9-Feb-12,16.03,16.03,15.55,15.55,159969
8-Feb-12,16.46,16.48,15.80,16.04,197744
7-Feb-12,16.75,16.95,15.64,16.36,362477
6-Feb-12,15.63,16.00,15.48,15.78,134878
3-Feb-12,15.10,15.50,14.85,15.48,216017
2-Feb-12,14.90,15.08,14.75,15.01,109754
1-Feb-12,15.16,15.16,15.16,15.16,0
31-Jan-12,15.51,15.51,15.25,15.25,73120
30-Jan-12,15.58,15.58,15.35,15.45,86976
27-Jan-12,15.63,15.84,15.50,15.68,85768
26-Jan-12,15.71,15.95,15.48,15.63,234421
25-Jan-12,14.90,15.75,14.90,15.65,270555
24-Jan-12,14.95,15.09,14.90,14.95,207162
23-Jan-12,15.04,15.11,14.95,14.99,343764
20-Jan-12,15.21,15.21,15.21,15.21,0
19-Jan-12,14.19,14.59,14.19,14.40,252460
18-Jan-12,13.63,14.43,13.44,14.08,416785
17-Jan-12,13.84,13.84,13.84,13.84,0
13-Jan-12,12.55,12.55,12.55,12.55,0
12-Jan-12,11.80,12.46,11.80,12.40,189288
11-Jan-12,11.76,12.00,11.76,11.80,111866
10-Jan-12,11.89,11.99,11.75,11.80,124855
9-Jan-12,11.78,12.17,11.76,11.79,24406
6-Jan-12,11.87,11.89,11.77,11.78,13108
5-Jan-12,11.96,11.97,11.86,11.89,13082
4-Jan-12,12.11,12.17,11.93,11.93,119723
3-Jan-12,11.90,11.90,11.90,11.90,0
30-Dec-11,12.20,12.20,12.20,12.20,0
29-Dec-11,11.94,11.94,11.94,11.94,0
28-Dec-11,11.92,11.92,11.92,11.92,0
27-Dec-11,12.35,12.36,12.10,12.20,7786
23-Dec-11,12.37,12.37,12.37,12.37,0
22-Dec-11,12.23,12.44,12.23,12.34,55265
21-Dec-11,12.31,12.42,12.20,12.30,24810
20-Dec-11,12.34,12.34,12.34,12.34,0
19-Dec-11,12.20,12.20,11.93,12.00,66291
16-Dec-11,12.21,12.40,12.08,12.17,157984
15-Dec-11,12.46,12.46,12.00,12.18,93889
14-Dec-11,12.46,12.47,12.35,12.36,169355
13-Dec-11,12.79,12.90,12.40,12.52,80434
12-Dec-11,12.55,12.55,12.55,12.55,0
9-Dec-11,12.50,12.91,12.40,12.86,310302
8-Dec-11,12.59,12.85,12.36,12.36,106264
7-Dec-11,12.72,12.72,12.72,12.72,0
6-Dec-11,12.35,12.88,12.35,12.69,183058
5-Dec-11,12.60,12.60,12.30,12.30,71498
2-Dec-11,12.79,12.79,12.41,12.51,77324
1-Dec-11,12.54,12.86,12.42,12.63,205664
30-Nov-11,12.50,12.50,12.50,12.50,0
29-Nov-11,12.89,13.10,12.16,12.20,185648
28-Nov-11,12.70,12.95,12.46,12.81,107854
25-Nov-11,12.88,12.90,12.50,12.51,22582
23-Nov-11,12.92,12.92,12.92,12.92,0
22-Nov-11,13.20,13.34,13.07,13.30,123381
21-Nov-11,13.22,13.22,13.22,13.22,0
18-Nov-11,13.69,13.70,13.40,13.55,222978
17-Nov-11,13.99,14.04,13.51,13.70,90916
16-Nov-11,14.01,14.01,14.01,14.01,0
15-Nov-11,14.03,14.23,13.80,14.17,315836
14-Nov-11,14.33,14.33,13.95,14.15,187110
11-Nov-11,14.20,14.20,14.20,14.20,0
10-Nov-11,14.46,15.20,13.61,14.00,169943
9-Nov-11,14.26,14.26,14.26,14.26,0
8-Nov-11,14.41,15.00,14.41,14.60,268039
7-Nov-11,14.70,14.87,14.15,14.49,219953
4-Nov-11,14.84,15.00,14.72,14.90,19758
3-Nov-11,15.34,15.43,14.80,15.02,212699
2-Nov-11,15.50,15.50,15.04,15.20,83405
1-Nov-11,15.05,15.05,15.05,15.05,0
31-Oct-11,15.10,15.34,15.10,15.34,27508
28-Oct-11,15.12,15.46,15.04,15.32,145326
27-Oct-11,15.48,15.48,15.02,15.20,208263
26-Oct-11,15.25,15.25,14.80,15.01,65938
25-Oct-11,15.00,15.15,14.90,14.99,302069
24-Oct-11,15.19,15.19,14.50,14.79,170114
21-Oct-11,15.10,15.10,14.95,15.00,159303
20-Oct-11,15.00,15.00,14.85,14.95,260300
19-Oct-11,15.50,15.50,14.76,15.01,328655
18-Oct-11,15.30,15.50,14.98,15.22,144115
17-Oct-11,15.65,16.00,15.05,15.25,183179
14-Oct-11,16.10,16.10,15.75,15.98,331109
13-Oct-11,15.58,15.58,15.58,15.58,0
12-Oct-11,15.85,16.00,15.85,15.97,337958
11-Oct-11,15.66,15.90,15.50,15.75,123007
10-Oct-11,15.81,16.16,15.59,15.90,188787
7-Oct-11,14.68,18.73,14.55,16.00,371181
6-Oct-11,14.00,14.95,13.60,14.95,273415
5-Oct-11,14.65,14.95,14.50,14.55,85473
4-Oct-11,15.29,15.29,14.14,14.95,257516
3-Oct-11,14.76,15.02,14.75,14.95,12921
30-Sep-11,14.98,15.15,14.75,15.15,9945
29-Sep-11,14.66,15.25,14.66,15.25,37596
