Date,Open,High,Low,Close,Volume
27-Sep-12,23.82,23.82,23.62,23.73,1800
26-Sep-12,23.76,23.91,23.66,23.66,3203
25-Sep-12,23.91,24.16,23.57,23.73,13057
24-Sep-12,23.85,24.04,23.63,23.66,3711
21-Sep-12,23.75,23.94,23.75,23.94,2478
20-Sep-12,23.89,23.89,23.50,23.75,3689
19-Sep-12,23.53,24.05,23.53,24.05,490
18-Sep-12,23.86,23.86,23.34,23.34,2540
17-Sep-12,24.10,24.36,24.00,24.00,9705
14-Sep-12,23.33,24.75,23.33,24.33,10801
13-Sep-12,23.54,23.54,23.40,23.40,1970
12-Sep-12,23.60,23.60,23.10,23.18,5139
11-Sep-12,23.32,23.60,23.10,23.59,16750
10-Sep-12,23.39,23.41,23.25,23.40,1904
7-Sep-12,23.19,23.32,23.12,23.32,1690
6-Sep-12,23.19,23.19,22.90,23.07,3475
5-Sep-12,23.19,23.39,22.95,23.19,8770
4-Sep-12,23.17,23.17,22.80,23.17,4700
31-Aug-12,23.09,23.31,22.83,23.31,2740
30-Aug-12,23.41,23.41,22.80,23.08,14273
29-Aug-12,23.39,23.39,23.20,23.31,5501
28-Aug-12,23.45,23.45,22.88,23.30,9340
27-Aug-12,23.34,23.46,22.88,23.35,11237
24-Aug-12,23.49,23.49,22.99,23.34,8862
23-Aug-12,23.22,23.45,22.87,23.45,8940
22-Aug-12,23.49,23.49,23.13,23.31,9588
21-Aug-12,23.31,23.49,23.30,23.30,2325
20-Aug-12,23.20,23.39,23.02,23.21,9280
17-Aug-12,22.79,23.10,22.79,23.10,6430
16-Aug-12,22.92,23.12,22.92,22.92,2250
15-Aug-12,22.95,22.95,22.78,22.78,3474
14-Aug-12,22.72,23.00,22.72,22.98,1700
13-Aug-12,22.84,22.84,22.64,22.77,701
10-Aug-12,22.61,22.77,22.61,22.76,1100
9-Aug-12,22.50,22.70,22.50,22.70,2360
8-Aug-12,22.27,22.59,22.27,22.40,900
7-Aug-12,22.66,22.83,22.34,22.34,6129
6-Aug-12,22.75,22.84,22.39,22.46,2550
3-Aug-12,22.30,22.68,22.10,22.68,3031
2-Aug-12,22.26,22.53,22.26,22.26,1700
1-Aug-12,22.30,22.49,22.23,22.25,5552
31-Jul-12,22.50,22.77,21.98,22.00,33235
30-Jul-12,22.21,22.65,22.21,22.50,20036
27-Jul-12,22.20,22.33,22.05,22.15,6900
26-Jul-12,21.64,22.34,21.64,22.00,28083
25-Jul-12,21.56,21.91,21.25,21.47,10379
24-Jul-12,21.70,22.34,21.52,21.61,13200
23-Jul-12,21.70,21.83,21.40,21.83,6583
20-Jul-12,21.95,22.00,21.55,21.55,16482
19-Jul-12,21.50,21.94,21.50,21.85,8984
18-Jul-12,21.49,21.70,21.15,21.50,9687
17-Jul-12,20.96,21.45,20.66,21.45,24577
16-Jul-12,20.77,20.96,20.41,20.80,7677
13-Jul-12,20.55,20.99,20.28,20.55,9840
12-Jul-12,20.53,20.89,19.84,20.50,15562
11-Jul-12,20.81,20.84,20.50,20.79,2919
10-Jul-12,20.90,20.99,20.60,20.61,8328
9-Jul-12,20.89,20.99,20.76,20.95,2400
6-Jul-12,20.60,20.99,20.60,20.99,4207
5-Jul-12,20.75,20.94,20.55,20.72,3014
3-Jul-12,20.74,20.74,20.74,20.74,634
2-Jul-12,20.75,20.75,20.30,20.75,3455
29-Jun-12,20.32,20.75,20.24,20.73,26288
28-Jun-12,19.90,19.98,19.55,19.85,4148
27-Jun-12,19.75,19.75,19.50,19.75,3650
26-Jun-12,19.45,19.54,19.19,19.54,4099
25-Jun-12,19.43,19.65,19.40,19.42,1321
22-Jun-12,19.40,19.49,19.40,19.40,2100
21-Jun-12,19.23,19.43,19.22,19.28,2300
20-Jun-12,18.87,19.11,18.57,19.11,2328
19-Jun-12,18.45,18.86,17.91,18.86,7906
18-Jun-12,18.70,18.72,18.41,18.69,1900
15-Jun-12,18.72,19.01,18.72,18.82,2751
14-Jun-12,18.45,18.73,18.45,18.60,1185
13-Jun-12,18.28,18.71,18.25,18.71,2099
12-Jun-12,18.43,18.54,18.26,18.26,1300
11-Jun-12,18.01,18.66,18.00,18.30,4470
8-Jun-12,17.96,18.25,17.76,18.22,2751
7-Jun-12,17.96,17.98,17.60,17.96,4323
6-Jun-12,18.21,18.21,17.53,18.02,4007
5-Jun-12,18.00,18.03,17.60,17.88,6823
4-Jun-12,18.00,18.24,17.64,17.79,7624
1-Jun-12,18.25,18.49,17.70,18.49,10569
31-May-12,18.35,19.09,18.35,18.83,4717
30-May-12,18.42,18.49,18.23,18.49,2600
29-May-12,18.45,18.49,18.41,18.49,1950
25-May-12,18.56,18.56,18.47,18.48,1417
24-May-12,18.71,18.72,18.56,18.56,780
23-May-12,18.60,18.60,18.51,18.51,300
22-May-12,18.52,18.74,18.52,18.74,1950
21-May-12,18.61,18.64,18.61,18.64,466
18-May-12,18.62,18.64,18.60,18.64,800
17-May-12,18.64,18.64,18.58,18.64,1920
16-May-12,18.52,18.71,18.38,18.67,12245
15-May-12,18.92,18.92,18.77,18.91,756
14-May-12,19.33,19.33,18.53,18.53,6363
11-May-12,19.31,19.60,18.93,19.24,4031
10-May-12,19.87,19.88,19.34,19.34,2734
9-May-12,19.85,20.20,19.75,19.88,6934
8-May-12,19.92,20.40,19.82,19.98,8881
7-May-12,20.09,20.11,19.65,19.92,3900
4-May-12,19.73,19.73,19.73,19.73,0
3-May-12,20.03,20.09,19.73,19.73,700
2-May-12,20.06,20.40,19.68,19.68,2342
1-May-12,19.99,20.40,19.81,19.81,1175
30-Apr-12,19.52,20.00,19.47,19.81,6050
27-Apr-12,19.30,19.30,19.30,19.30,0
26-Apr-12,19.00,19.30,19.00,19.30,1850
25-Apr-12,19.37,19.42,19.10,19.10,2285
24-Apr-12,19.16,19.40,19.09,19.16,1400
23-Apr-12,19.17,19.29,19.17,19.17,1070
20-Apr-12,18.55,19.36,18.30,19.01,3640
19-Apr-12,18.15,18.55,18.12,18.19,5325
18-Apr-12,18.16,18.68,18.16,18.30,1775
17-Apr-12,18.12,18.22,18.12,18.22,1100
16-Apr-12,18.02,18.66,18.01,18.13,9142
13-Apr-12,18.28,18.50,18.15,18.15,800
12-Apr-12,18.05,18.62,18.05,18.06,2267
11-Apr-12,18.10,18.54,18.10,18.30,1870
10-Apr-12,18.45,18.45,18.01,18.01,2931
9-Apr-12,19.08,19.50,18.37,18.59,7160
5-Apr-12,19.31,19.79,19.31,19.31,978
4-Apr-12,19.37,19.67,19.32,19.32,300
3-Apr-12,19.30,19.79,19.30,19.37,1723
2-Apr-12,19.10,19.77,19.01,19.40,7542
30-Mar-12,19.33,19.33,19.33,19.33,600
29-Mar-12,19.74,19.90,19.34,19.60,3320
28-Mar-12,19.84,19.85,19.44,19.56,3610
27-Mar-12,19.20,19.95,19.20,19.85,10894
26-Mar-12,19.06,19.49,18.83,19.30,5858
23-Mar-12,18.00,19.12,18.00,18.74,4722
22-Mar-12,18.17,18.50,17.48,18.09,19320
21-Mar-12,18.87,19.00,18.20,18.25,12050
20-Mar-12,17.11,18.95,16.44,18.94,37969
19-Mar-12,20.55,20.58,16.85,17.41,53580
16-Mar-12,20.78,20.84,20.67,20.83,1650
15-Mar-12,20.69,20.85,20.30,20.84,3880
14-Mar-12,20.67,20.86,20.37,20.46,9119
13-Mar-12,19.68,20.50,19.68,20.43,11177
12-Mar-12,19.56,19.95,19.56,19.82,5125
9-Mar-12,19.81,19.98,19.45,19.98,4800
8-Mar-12,19.58,20.34,19.58,20.34,6618
7-Mar-12,19.79,19.81,19.40,19.80,2605
6-Mar-12,20.05,20.05,19.33,19.43,3910
5-Mar-12,19.82,20.45,19.81,20.06,7000
2-Mar-12,19.93,19.99,19.67,19.68,2339
1-Mar-12,19.93,19.93,19.69,19.90,2700
29-Feb-12,19.63,19.93,19.35,19.90,13272
28-Feb-12,18.83,19.39,18.83,19.39,6010
27-Feb-12,19.10,19.37,18.75,19.05,7532
24-Feb-12,18.61,19.03,18.61,18.64,2780
23-Feb-12,18.05,18.55,18.00,18.49,3900
22-Feb-12,18.04,18.54,18.04,18.16,3550
21-Feb-12,18.05,18.15,18.05,18.15,3916
17-Feb-12,18.04,18.20,18.02,18.05,4212
16-Feb-12,18.21,18.50,18.21,18.46,1850
15-Feb-12,18.12,18.50,18.12,18.25,3244
14-Feb-12,18.06,18.10,17.89,18.10,3100
13-Feb-12,17.81,18.02,17.61,18.00,5950
10-Feb-12,17.85,18.16,17.85,18.16,1300
9-Feb-12,18.35,18.57,18.19,18.30,4950
8-Feb-12,17.84,18.18,17.52,18.18,17846
7-Feb-12,17.67,17.80,17.51,17.54,3450
6-Feb-12,17.79,17.79,17.31,17.49,3306
3-Feb-12,17.52,17.55,17.34,17.51,7264
2-Feb-12,17.52,17.60,17.34,17.36,4328
1-Feb-12,17.78,17.78,17.44,17.44,3125
31-Jan-12,17.70,17.70,17.70,17.70,0
30-Jan-12,17.15,17.49,17.15,17.42,1900
27-Jan-12,16.82,17.00,16.77,16.99,3214
26-Jan-12,16.80,17.00,16.75,16.75,2412
24-Jan-12,17.01,17.01,17.01,17.01,0
23-Jan-12,16.85,17.34,16.85,17.34,2500
20-Jan-12,17.80,17.86,16.72,16.82,5450
19-Jan-12,17.63,18.25,17.55,17.55,4250
18-Jan-12,18.01,18.23,17.46,18.00,4372
17-Jan-12,18.64,18.64,17.81,17.81,7490
13-Jan-12,18.65,18.65,18.65,18.65,0
12-Jan-12,17.90,18.20,17.67,18.17,7375
11-Jan-12,17.99,18.00,17.42,17.85,10082
10-Jan-12,17.45,18.42,17.45,17.73,7555
9-Jan-12,16.80,17.45,16.80,17.45,3374
6-Jan-12,16.87,16.90,16.42,16.90,6645
5-Jan-12,16.11,16.70,16.11,16.40,2066
4-Jan-12,16.58,16.59,16.35,16.45,3199
3-Jan-12,16.58,16.58,16.20,16.35,1574
30-Dec-11,16.48,16.48,16.48,16.48,0
29-Dec-11,16.32,16.32,15.97,16.10,4120
28-Dec-11,16.50,16.75,16.20,16.44,2898
27-Dec-11,16.48,16.54,16.19,16.19,1803
23-Dec-11,16.24,16.24,16.24,16.24,0
22-Dec-11,15.96,16.35,15.94,16.35,1313
21-Dec-11,15.58,15.96,15.58,15.89,3574
20-Dec-11,14.46,15.83,14.37,15.46,15134
19-Dec-11,14.00,14.52,14.00,14.36,8188
16-Dec-11,15.49,15.49,14.05,14.06,28892
15-Dec-11,16.15,16.15,15.49,15.55,5809
14-Dec-11,16.07,16.15,15.99,15.99,2800
13-Dec-11,16.14,16.28,16.04,16.28,1300
12-Dec-11,16.50,16.50,15.97,15.97,3000
9-Dec-11,16.33,16.54,16.04,16.04,1730
8-Dec-11,16.55,16.80,16.30,16.30,3700
7-Dec-11,16.65,16.68,16.09,16.61,5100
6-Dec-11,16.75,16.87,16.75,16.77,3000
5-Dec-11,16.81,17.00,16.75,16.75,2190
2-Dec-11,16.85,17.00,16.65,16.79,4850
1-Dec-11,17.08,17.08,16.75,17.00,1800
30-Nov-11,16.89,17.17,16.87,17.15,2007
29-Nov-11,16.41,16.86,16.12,16.60,3704
28-Nov-11,16.89,17.14,16.15,16.92,4000
25-Nov-11,16.66,16.71,16.64,16.64,1324
23-Nov-11,16.47,16.47,16.47,16.47,0
22-Nov-11,17.00,17.15,17.00,17.14,2955
21-Nov-11,16.93,17.23,16.93,17.00,8435
18-Nov-11,17.79,17.94,16.93,17.00,7810
17-Nov-11,17.46,17.67,17.46,17.67,700
16-Nov-11,17.64,17.68,17.26,17.36,4495
15-Nov-11,17.43,17.83,17.26,17.80,8550
14-Nov-11,17.82,17.82,17.32,17.48,3830
11-Nov-11,17.80,18.00,17.70,17.83,3018
10-Nov-11,18.13,18.29,17.80,17.80,800
9-Nov-11,19.51,19.51,17.68,17.86,20197
8-Nov-11,19.35,19.89,17.40,19.52,13811
7-Nov-11,18.96,19.35,18.85,19.28,3525
4-Nov-11,18.80,19.17,18.80,18.96,4720
3-Nov-11,18.87,19.05,18.67,18.85,4022
2-Nov-11,19.52,19.52,18.99,19.09,2170
1-Nov-11,19.20,19.83,18.95,19.10,4770
31-Oct-11,19.94,19.94,19.54,19.85,4057
28-Oct-11,19.50,19.65,19.50,19.65,1100
27-Oct-11,19.95,19.95,18.68,19.51,28900
26-Oct-11,17.54,18.55,17.50,18.55,8435
25-Oct-11,17.50,17.80,17.45,17.67,6012
24-Oct-11,17.85,17.85,17.02,17.50,5785
21-Oct-11,18.01,18.01,17.87,17.87,1758
20-Oct-11,17.94,18.19,17.75,17.94,4114
19-Oct-11,17.80,17.96,17.65,17.95,10496
18-Oct-11,17.75,17.91,17.74,17.91,5624
17-Oct-11,17.88,17.97,17.75,17.95,6400
14-Oct-11,17.84,17.84,17.40,17.67,5859
13-Oct-11,17.01,17.65,16.99,17.57,2600
12-Oct-11,17.01,17.60,17.01,17.24,5681
11-Oct-11,18.07,18.43,16.00,17.00,27374
10-Oct-11,19.41,19.79,18.16,18.44,17584
7-Oct-11,19.67,19.82,19.63,19.65,1647
6-Oct-11,19.66,19.68,19.40,19.45,1900
5-Oct-11,19.60,19.67,19.35,19.35,2850
4-Oct-11,20.39,20.39,19.41,19.41,7304
3-Oct-11,21.05,21.05,20.70,20.73,2848
30-Sep-11,21.22,21.25,21.05,21.05,2199
