Date,Open,High,Low,Close,Volume
26-Sep-12,14.20,14.26,14.20,14.22,1101
25-Sep-12,14.11,14.15,14.11,14.15,2266
24-Sep-12,13.94,14.11,13.94,14.10,3545
21-Sep-12,13.98,13.98,13.98,13.98,539
20-Sep-12,13.91,13.97,13.91,13.91,2234
19-Sep-12,13.98,14.02,13.90,13.90,6165
18-Sep-12,13.90,13.90,13.90,13.90,100
17-Sep-12,13.86,13.94,13.86,13.92,3970
14-Sep-12,13.94,13.94,13.90,13.90,1100
13-Sep-12,13.94,14.02,13.94,13.94,1332
12-Sep-12,13.94,14.01,13.94,13.99,1543
11-Sep-12,13.96,14.02,13.96,14.00,2129
10-Sep-12,13.98,14.00,13.95,13.95,1963
7-Sep-12,13.89,13.98,13.89,13.98,1008
6-Sep-12,13.82,13.86,13.82,13.86,1614
5-Sep-12,13.90,13.91,13.90,13.91,700
4-Sep-12,13.86,13.88,13.86,13.88,1300
31-Aug-12,13.90,13.90,13.75,13.84,5498
30-Aug-12,13.83,13.83,13.83,13.83,100
29-Aug-12,13.81,13.88,13.81,13.87,1329
28-Aug-12,13.84,13.84,13.79,13.81,3833
27-Aug-12,13.72,13.80,13.72,13.80,1976
24-Aug-12,13.74,13.78,13.74,13.78,2200
23-Aug-12,13.68,13.68,13.67,13.67,1100
22-Aug-12,13.70,13.74,13.69,13.69,2600
21-Aug-12,13.75,13.75,13.70,13.70,10696
20-Aug-12,13.76,13.76,13.76,13.76,1600
17-Aug-12,13.75,13.75,13.75,13.75,700
16-Aug-12,13.81,13.81,13.76,13.76,2700
15-Aug-12,13.79,13.85,13.79,13.81,1704
14-Aug-12,13.82,13.86,13.81,13.86,1661
13-Aug-12,13.84,13.86,13.81,13.82,3900
10-Aug-12,13.94,13.94,13.90,13.90,1850
9-Aug-12,13.87,13.89,13.81,13.89,2307
8-Aug-12,13.90,13.90,13.90,13.90,1980
7-Aug-12,13.88,13.88,13.86,13.86,3398
6-Aug-12,13.86,13.96,13.86,13.96,1556
3-Aug-12,13.93,13.93,13.84,13.84,7900
2-Aug-12,13.95,13.95,13.86,13.86,4300
1-Aug-12,13.95,13.95,13.91,13.91,539
31-Jul-12,13.94,13.97,13.91,13.91,2146
30-Jul-12,13.82,13.98,13.82,13.98,5529
27-Jul-12,13.96,13.98,13.86,13.86,7441
26-Jul-12,13.90,13.93,13.89,13.92,2821
25-Jul-12,13.90,13.94,13.90,13.91,2180
24-Jul-12,13.77,13.92,13.77,13.84,10842
23-Jul-12,13.86,13.86,13.72,13.77,9754
20-Jul-12,13.80,13.83,13.80,13.83,1700
19-Jul-12,13.75,13.78,13.71,13.75,2300
18-Jul-12,13.75,13.75,13.69,13.75,16444
17-Jul-12,13.83,13.85,13.79,13.79,600
16-Jul-12,13.67,13.72,13.67,13.70,9160
13-Jul-12,13.77,13.79,13.77,13.79,300
12-Jul-12,13.77,13.79,13.73,13.73,8451
11-Jul-12,13.81,13.81,13.76,13.76,3980
10-Jul-12,13.77,13.79,13.76,13.76,1706
9-Jul-12,13.72,13.76,13.72,13.72,4325
6-Jul-12,13.76,13.76,13.72,13.72,2291
5-Jul-12,13.70,13.77,13.70,13.74,2302
3-Jul-12,13.65,13.65,13.65,13.65,0
2-Jul-12,13.68,13.68,13.65,13.65,2436
29-Jun-12,13.66,13.66,13.59,13.62,3143
28-Jun-12,13.56,13.56,13.56,13.56,975
27-Jun-12,13.55,13.58,13.48,13.53,5286
26-Jun-12,13.56,13.56,13.53,13.53,500
25-Jun-12,13.43,13.57,13.43,13.57,3461
22-Jun-12,13.46,13.52,13.46,13.52,1900
21-Jun-12,13.46,13.46,13.45,13.45,2938
20-Jun-12,13.52,13.52,13.52,13.52,100
19-Jun-12,13.40,13.48,13.40,13.48,5403
18-Jun-12,13.42,13.50,13.38,13.38,7375
15-Jun-12,13.44,13.45,13.38,13.38,5039
14-Jun-12,13.48,13.57,13.44,13.44,2748
13-Jun-12,13.50,13.55,13.50,13.55,1500
12-Jun-12,13.53,13.57,13.52,13.55,2681
11-Jun-12,13.58,13.58,13.58,13.58,1000
8-Jun-12,13.61,13.61,13.58,13.58,2900
7-Jun-12,13.64,13.64,13.62,13.62,3700
6-Jun-12,13.76,13.76,13.68,13.68,2015
5-Jun-12,13.70,13.70,13.68,13.70,2363
4-Jun-12,13.77,13.77,13.77,13.77,400
1-Jun-12,13.66,13.76,13.66,13.76,1700
31-May-12,13.63,13.63,13.63,13.63,311
30-May-12,13.64,13.71,13.62,13.62,5281
29-May-12,13.70,13.70,13.70,13.70,820
25-May-12,13.69,13.69,13.65,13.68,502
24-May-12,13.65,13.69,13.65,13.69,11300
23-May-12,13.62,13.67,13.57,13.58,1415
22-May-12,13.61,13.63,13.54,13.54,2090
21-May-12,13.57,13.62,13.52,13.56,5332
18-May-12,13.66,13.66,13.63,13.63,1100
17-May-12,13.59,13.63,13.59,13.63,3200
16-May-12,13.56,13.56,13.52,13.52,1950
15-May-12,13.61,13.61,13.61,13.61,415
14-May-12,13.57,13.62,13.57,13.62,586
11-May-12,13.63,13.65,13.57,13.65,4220
10-May-12,13.64,13.66,13.62,13.62,6000
9-May-12,13.64,13.70,13.64,13.70,1119
8-May-12,13.70,13.73,13.66,13.66,1600
7-May-12,13.62,13.75,13.62,13.70,5565
4-May-12,13.60,13.68,13.60,13.68,3597
3-May-12,13.68,13.70,13.64,13.64,2922
2-May-12,13.67,13.71,13.61,13.67,3453
1-May-12,13.59,13.69,13.59,13.60,4327
30-Apr-12,13.45,13.56,13.45,13.56,2943
27-Apr-12,13.56,13.56,13.43,13.43,3647
26-Apr-12,13.45,13.56,13.45,13.49,4028
25-Apr-12,13.50,13.54,13.40,13.47,4000
24-Apr-12,13.40,13.47,13.36,13.47,3875
23-Apr-12,13.45,13.49,13.42,13.45,4521
20-Apr-12,13.46,13.47,13.41,13.41,2000
19-Apr-12,13.44,13.47,13.37,13.37,1750
18-Apr-12,13.35,13.39,13.35,13.39,1907
17-Apr-12,13.33,13.39,13.31,13.39,3029
16-Apr-12,13.30,13.40,13.26,13.40,5900
13-Apr-12,13.40,13.40,13.32,13.32,5326
12-Apr-12,13.40,13.40,13.40,13.40,1197
11-Apr-12,13.42,13.42,13.29,13.40,2452
10-Apr-12,13.38,13.38,13.38,13.38,0
9-Apr-12,13.40,13.40,13.37,13.38,1761
5-Apr-12,13.28,13.32,13.28,13.32,684
4-Apr-12,13.22,13.33,13.22,13.33,1123
3-Apr-12,13.33,13.33,13.23,13.29,1300
2-Apr-12,13.30,13.30,13.30,13.30,750
30-Mar-12,13.30,13.30,13.24,13.24,786
29-Mar-12,13.26,13.28,13.22,13.22,2636
28-Mar-12,13.25,13.25,13.20,13.24,1080
27-Mar-12,13.13,13.21,13.11,13.21,4297
26-Mar-12,13.05,13.09,13.05,13.09,2199
23-Mar-12,13.03,13.03,13.03,13.03,1300
22-Mar-12,13.10,13.10,13.10,13.10,0
21-Mar-12,12.99,13.10,12.99,13.10,1951
20-Mar-12,12.95,12.95,12.92,12.92,1513
19-Mar-12,12.88,12.92,12.74,12.92,4022
16-Mar-12,12.95,12.95,12.77,12.81,3538
15-Mar-12,13.13,13.15,12.97,12.98,10494
14-Mar-12,13.25,13.25,13.15,13.18,11600
13-Mar-12,13.42,13.42,13.40,13.40,1249
12-Mar-12,13.41,13.42,13.41,13.42,1000
9-Mar-12,13.42,13.42,13.39,13.39,3500
8-Mar-12,13.41,13.41,13.41,13.41,1804
7-Mar-12,13.38,13.38,13.38,13.38,100
6-Mar-12,13.32,13.36,13.31,13.36,2468
5-Mar-12,13.29,13.33,13.29,13.33,1678
2-Mar-12,13.38,13.38,13.23,13.32,3965
1-Mar-12,13.30,13.33,13.30,13.33,2485
29-Feb-12,13.21,13.27,13.21,13.27,3797
28-Feb-12,13.35,13.35,13.35,13.35,2350
27-Feb-12,13.29,13.35,13.29,13.30,4131
24-Feb-12,13.22,13.26,13.21,13.21,4235
23-Feb-12,13.30,13.30,13.14,13.14,4696
22-Feb-12,13.36,13.36,13.25,13.28,2800
21-Feb-12,13.32,13.39,13.32,13.39,1239
17-Feb-12,13.25,13.28,13.25,13.28,3900
16-Feb-12,13.34,13.35,13.26,13.29,2800
15-Feb-12,13.37,13.37,13.29,13.30,1545
14-Feb-12,13.40,13.40,13.34,13.34,1600
13-Feb-12,13.39,13.39,13.36,13.38,5499
10-Feb-12,13.32,13.33,13.32,13.33,5479
9-Feb-12,13.30,13.30,13.29,13.29,1300
8-Feb-12,13.37,13.38,13.28,13.28,6600
7-Feb-12,13.35,13.35,13.33,13.33,2741
6-Feb-12,13.31,13.31,13.31,13.31,582
3-Feb-12,13.40,13.40,13.33,13.33,1250
2-Feb-12,13.40,13.40,13.40,13.40,1100
1-Feb-12,13.35,13.40,13.28,13.40,10011
31-Jan-12,13.29,13.29,13.27,13.27,1050
30-Jan-12,13.26,13.30,13.26,13.30,1071
27-Jan-12,13.25,13.25,13.21,13.25,2838
26-Jan-12,13.20,13.20,13.18,13.20,2661
25-Jan-12,13.15,13.15,13.15,13.15,5800
24-Jan-12,13.10,13.10,13.10,13.10,1788
23-Jan-12,13.04,13.09,13.04,13.09,1732
20-Jan-12,13.01,13.03,13.01,13.02,5378
19-Jan-12,13.01,13.06,13.01,13.01,1886
18-Jan-12,13.10,13.10,12.92,12.98,5292
17-Jan-12,13.06,13.10,13.03,13.10,1200
13-Jan-12,13.10,13.10,13.10,13.10,0
12-Jan-12,13.08,13.08,13.02,13.07,2700
11-Jan-12,12.97,13.00,12.97,13.00,300
10-Jan-12,12.99,13.05,12.95,13.00,5132
9-Jan-12,12.97,13.00,12.97,13.00,10142
6-Jan-12,12.95,12.95,12.92,12.95,1438
5-Jan-12,12.84,12.94,12.84,12.91,5200
4-Jan-12,12.83,12.92,12.83,12.92,925
3-Jan-12,12.81,12.88,12.81,12.81,2700
30-Dec-11,12.92,12.92,12.91,12.91,741
29-Dec-11,12.87,12.88,12.80,12.88,6700
28-Dec-11,12.80,12.90,12.80,12.90,1767
27-Dec-11,12.85,12.85,12.85,12.85,1700
23-Dec-11,12.85,12.85,12.85,12.85,0
22-Dec-11,12.82,12.85,12.81,12.81,1378
21-Dec-11,12.71,12.77,12.70,12.77,1044
20-Dec-11,12.74,12.75,12.71,12.71,1726
19-Dec-11,12.79,12.80,12.71,12.71,3460
16-Dec-11,12.75,12.76,12.75,12.76,5446
15-Dec-11,12.72,12.72,12.67,12.67,747
14-Dec-11,12.68,12.76,12.64,12.75,2339
13-Dec-11,12.73,12.75,12.73,12.75,2064
12-Dec-11,12.62,12.77,12.62,12.75,4200
9-Dec-11,12.72,12.75,12.72,12.75,2657
8-Dec-11,12.71,12.71,12.64,12.64,2197
7-Dec-11,12.72,12.72,12.72,12.72,2738
6-Dec-11,12.68,12.69,12.61,12.69,2628
5-Dec-11,12.52,12.71,12.52,12.71,6449
2-Dec-11,12.57,12.60,12.54,12.59,3300
1-Dec-11,12.62,12.62,12.59,12.59,1790
30-Nov-11,12.62,12.62,12.57,12.57,4998
29-Nov-11,12.62,12.62,12.59,12.59,357
28-Nov-11,12.62,12.62,12.62,12.62,100
25-Nov-11,12.62,12.62,12.58,12.62,4159
23-Nov-11,12.61,12.61,12.61,12.61,0
22-Nov-11,12.62,12.62,12.62,12.62,100
21-Nov-11,12.68,12.68,12.59,12.60,3575
18-Nov-11,12.59,12.60,12.59,12.60,1396
17-Nov-11,12.60,12.60,12.57,12.57,3146
16-Nov-11,12.60,12.60,12.59,12.60,7700
15-Nov-11,12.49,12.60,12.49,12.55,4480
14-Nov-11,12.59,12.59,12.55,12.55,1006
11-Nov-11,12.55,12.55,12.55,12.55,100
10-Nov-11,12.56,12.58,12.51,12.51,373
9-Nov-11,12.53,12.57,12.52,12.52,1790
8-Nov-11,12.61,12.61,12.49,12.56,3270
7-Nov-11,12.56,12.63,12.56,12.63,5551
4-Nov-11,12.52,12.57,12.51,12.57,2263
3-Nov-11,12.52,12.52,12.49,12.51,1000
2-Nov-11,12.55,12.55,12.42,12.52,1817
1-Nov-11,12.50,12.51,12.45,12.45,1671
31-Oct-11,12.50,12.50,12.49,12.49,600
28-Oct-11,12.49,12.53,12.46,12.46,2296
27-Oct-11,12.52,12.52,12.39,12.44,3255
26-Oct-11,12.50,12.51,12.50,12.51,601
25-Oct-11,12.47,12.50,12.41,12.50,3731
24-Oct-11,12.49,12.49,12.43,12.47,2683
21-Oct-11,12.49,12.49,12.43,12.45,2000
20-Oct-11,12.41,12.49,12.38,12.43,3236
19-Oct-11,12.40,12.40,12.39,12.39,900
18-Oct-11,12.35,12.38,12.35,12.38,930
17-Oct-11,12.44,12.44,12.36,12.36,1600
14-Oct-11,12.43,12.43,12.39,12.39,1472
13-Oct-11,12.33,12.39,12.33,12.36,728
12-Oct-11,12.41,12.43,12.35,12.41,6632
11-Oct-11,12.55,12.55,12.37,12.40,5500
10-Oct-11,12.68,12.70,12.55,12.55,5043
7-Oct-11,12.77,12.77,12.66,12.69,2400
6-Oct-11,12.78,12.79,12.78,12.79,400
5-Oct-11,12.81,12.86,12.77,12.80,4267
4-Oct-11,12.92,12.93,12.85,12.93,1199
3-Oct-11,13.08,13.08,13.08,13.08,230
30-Sep-11,13.00,13.05,13.00,13.05,4175
29-Sep-11,13.04,13.14,13.04,13.12,1239
