Date,Open,High,Low,Close,Volume
27-Sep-12,81.77,82.21,81.60,81.93,383310
26-Sep-12,82.42,82.64,81.29,81.73,642973
25-Sep-12,83.22,83.22,82.63,82.70,668874
24-Sep-12,82.40,83.10,82.25,83.10,429041
21-Sep-12,82.59,82.85,82.52,82.55,615515
20-Sep-12,82.56,82.63,82.17,82.41,331725
19-Sep-12,83.00,83.00,82.17,82.59,435821
18-Sep-12,82.86,82.99,82.27,82.82,496647
17-Sep-12,82.81,83.18,82.76,83.00,408061
14-Sep-12,82.98,83.03,82.35,82.96,641367
13-Sep-12,81.92,82.46,81.60,82.33,538094
12-Sep-12,81.75,81.88,81.34,81.81,314715
11-Sep-12,81.40,81.60,80.50,81.59,537972
10-Sep-12,81.65,81.74,81.13,81.17,342934
7-Sep-12,82.21,82.23,81.37,81.73,563385
6-Sep-12,83.00,83.09,81.81,82.25,693134
5-Sep-12,83.22,83.22,82.61,82.66,347315
4-Sep-12,83.00,83.31,82.55,83.22,447785
31-Aug-12,82.46,82.82,82.04,82.77,350493
30-Aug-12,82.50,82.50,82.15,82.31,257287
29-Aug-12,82.95,82.95,82.41,82.55,336228
28-Aug-12,82.23,82.62,82.03,82.62,457345
27-Aug-12,81.78,82.15,81.68,82.07,349795
24-Aug-12,81.99,82.00,81.62,81.84,328416
23-Aug-12,82.00,82.14,81.54,81.80,380442
22-Aug-12,82.08,82.10,81.03,81.90,480963
21-Aug-12,82.32,82.32,81.67,81.93,478735
20-Aug-12,82.50,82.53,81.99,82.23,420841
17-Aug-12,83.05,83.12,82.46,82.54,123192
16-Aug-12,82.75,83.40,82.57,83.05,103291
15-Aug-12,82.65,83.12,82.29,82.61,124252
14-Aug-12,82.70,82.81,81.76,82.65,193238
13-Aug-12,82.02,82.09,81.25,81.52,114998
10-Aug-12,81.00,81.91,80.77,81.91,88172
9-Aug-12,80.77,81.55,80.45,81.16,91375
8-Aug-12,80.06,80.99,79.98,80.55,90739
7-Aug-12,80.79,80.80,79.50,80.50,172166
6-Aug-12,79.85,80.62,79.50,80.43,96923
3-Aug-12,80.55,80.71,79.66,79.83,88758
2-Aug-12,80.00,80.41,79.70,79.87,602559
1-Aug-12,80.23,80.75,80.03,80.33,503007
31-Jul-12,81.09,81.36,79.37,80.03,792292
30-Jul-12,81.20,81.49,80.86,81.00,551782
27-Jul-12,82.06,82.35,80.88,81.00,770441
26-Jul-12,82.46,83.59,81.75,82.84,649051
25-Jul-12,83.31,83.68,81.51,81.53,945695
24-Jul-12,84.60,85.23,82.59,83.02,873276
23-Jul-12,84.84,84.92,83.86,84.65,576147
20-Jul-12,86.30,86.45,85.57,85.58,676230
19-Jul-12,85.48,86.47,84.78,86.47,740358
18-Jul-12,85.34,85.48,84.88,85.38,481426
17-Jul-12,85.08,85.39,84.72,85.38,527823
16-Jul-12,84.15,85.30,84.00,85.06,580353
13-Jul-12,83.57,84.35,83.57,84.19,532385
12-Jul-12,83.10,83.73,82.59,83.46,492432
11-Jul-12,82.33,83.34,82.29,83.34,569057
10-Jul-12,82.15,82.78,81.80,82.63,517723
9-Jul-12,81.32,82.43,81.14,81.92,557034
6-Jul-12,81.39,81.65,80.17,81.64,525237
5-Jul-12,80.28,81.00,80.08,81.00,488714
3-Jul-12,81.00,81.08,79.83,80.41,508128
2-Jul-12,78.98,81.00,78.60,80.66,978852
29-Jun-12,78.34,78.68,77.90,78.58,765416
28-Jun-12,76.76,77.24,76.46,77.15,654561
27-Jun-12,75.99,77.02,75.72,76.96,553927
26-Jun-12,75.17,75.96,75.06,75.67,497925
25-Jun-12,75.68,75.68,74.69,75.09,668240
22-Jun-12,75.10,75.79,74.59,75.78,613398
21-Jun-12,76.49,76.51,74.70,74.86,673322
20-Jun-12,77.00,77.00,75.81,76.00,723612
19-Jun-12,75.37,77.09,75.23,76.51,989513
18-Jun-12,75.51,75.54,75.01,75.23,680748
15-Jun-12,75.27,76.00,75.12,75.44,942370
14-Jun-12,75.54,76.36,75.19,75.48,707620
13-Jun-12,75.81,76.71,75.58,75.81,1470263
12-Jun-12,76.08,76.12,75.25,75.68,698549
11-Jun-12,76.46,76.46,75.63,75.78,696790
8-Jun-12,75.86,75.93,75.45,75.73,727792
7-Jun-12,76.41,76.69,75.95,76.00,947718
6-Jun-12,75.69,76.25,75.32,75.74,1554059
5-Jun-12,74.33,75.45,74.15,75.32,2675017
4-Jun-12,76.88,76.88,75.06,76.23,1239557
1-Jun-12,77.60,78.09,76.10,76.72,856574
31-May-12,79.50,79.54,77.80,78.33,632454
30-May-12,79.50,79.65,78.75,79.36,487439
29-May-12,79.86,80.98,79.10,79.94,441862
25-May-12,79.39,79.98,78.75,79.67,340585
24-May-12,79.93,80.08,78.90,79.38,412989
23-May-12,79.80,80.00,78.76,79.77,416966
22-May-12,79.73,80.72,79.50,80.22,587607
21-May-12,77.18,79.54,77.03,79.21,654213
18-May-12,79.25,79.95,76.65,77.25,1340653
17-May-12,80.20,80.25,79.28,79.33,780193
16-May-12,80.00,81.20,80.00,80.00,877463
15-May-12,80.20,80.99,79.82,79.82,565403
14-May-12,80.89,81.10,79.87,79.95,605241
11-May-12,80.12,81.21,80.12,81.21,466456
10-May-12,79.34,81.00,79.34,80.60,508636
9-May-12,79.63,79.89,79.07,79.58,636188
8-May-12,81.01,81.29,79.40,80.00,841045
7-May-12,81.50,81.64,80.92,81.36,437361
4-May-12,81.52,81.98,81.12,81.98,536376
3-May-12,82.64,82.90,81.76,81.99,509708
2-May-12,82.39,83.07,82.14,82.49,576312
1-May-12,82.49,82.74,82.15,82.28,500805
30-Apr-12,83.09,83.25,82.14,82.44,726206
27-Apr-12,82.67,83.45,82.57,83.17,559302
26-Apr-12,82.22,82.89,81.80,82.72,839584
25-Apr-12,85.00,85.50,83.49,83.60,804635
24-Apr-12,84.75,85.03,84.37,84.90,614934
23-Apr-12,84.27,84.70,83.44,84.70,560921
20-Apr-12,84.38,84.71,84.13,84.50,621857
19-Apr-12,83.06,84.60,83.01,84.16,728288
18-Apr-12,82.26,83.48,82.22,83.14,625430
17-Apr-12,81.98,82.65,81.75,82.58,499237
16-Apr-12,82.44,82.45,81.47,81.75,328103
13-Apr-12,81.70,82.45,81.55,82.19,373089
12-Apr-12,81.20,82.04,81.05,82.00,469835
11-Apr-12,81.27,81.30,80.76,81.10,406846
10-Apr-12,82.47,82.49,80.18,80.43,714052
9-Apr-12,81.69,82.22,81.31,82.22,420463
5-Apr-12,82.49,82.72,82.11,82.53,409254
4-Apr-12,83.07,83.55,82.43,82.52,425928
3-Apr-12,83.00,83.79,82.89,83.79,550292
2-Apr-12,82.72,83.29,82.16,83.29,622925
30-Mar-12,82.50,82.90,82.15,82.75,698334
29-Mar-12,82.34,82.50,81.69,82.32,613187
28-Mar-12,83.00,83.46,82.05,82.80,631725
27-Mar-12,83.40,84.03,83.18,83.19,441516
26-Mar-12,84.08,84.10,83.50,83.64,419786
23-Mar-12,83.05,84.10,82.85,83.66,522976
22-Mar-12,83.73,84.11,83.15,83.29,613261
21-Mar-12,84.44,84.71,83.69,84.27,640689
20-Mar-12,84.20,84.64,83.90,84.54,733970
19-Mar-12,82.90,84.49,82.72,84.20,1163272
16-Mar-12,82.18,83.14,80.40,82.51,2293586
15-Mar-12,83.63,83.70,81.84,82.25,2170107
14-Mar-12,84.99,84.99,83.47,83.87,1404535
13-Mar-12,86.60,86.69,83.88,85.31,2838100
12-Mar-12,87.26,87.40,86.76,86.95,549091
9-Mar-12,87.63,87.95,87.23,87.44,490630
8-Mar-12,88.24,88.38,87.50,87.77,382642
7-Mar-12,86.63,88.08,86.48,87.93,633903
6-Mar-12,88.00,88.08,86.32,86.63,1241453
5-Mar-12,88.95,88.95,88.02,88.47,693297
2-Mar-12,89.87,89.93,88.93,88.95,427739
1-Mar-12,88.99,90.00,88.64,89.93,629889
29-Feb-12,88.93,89.14,88.65,89.00,602346
28-Feb-12,89.90,90.20,88.65,89.23,683276
27-Feb-12,90.41,90.55,89.52,89.88,590185
24-Feb-12,90.24,90.60,89.64,90.60,555235
23-Feb-12,90.30,90.49,89.19,89.81,420805
22-Feb-12,90.25,90.59,89.12,90.10,599536
21-Feb-12,89.63,90.57,89.62,90.46,1009136
17-Feb-12,89.40,89.75,89.10,89.61,520330
16-Feb-12,88.84,89.43,88.77,89.39,631922
15-Feb-12,89.17,89.67,88.52,89.18,828219
14-Feb-12,89.47,89.74,88.32,88.74,813095
13-Feb-12,87.80,88.83,87.51,88.83,541532
10-Feb-12,88.00,88.04,86.75,87.79,472129
9-Feb-12,86.85,88.45,86.80,88.00,778801
8-Feb-12,86.66,86.98,86.35,86.98,413801
7-Feb-12,86.38,86.74,85.81,86.65,428016
6-Feb-12,85.59,86.50,85.40,86.38,433269
3-Feb-12,86.32,86.44,85.48,85.81,440717
2-Feb-12,85.94,86.18,85.36,85.64,470895
1-Feb-12,85.55,85.80,85.45,85.70,511985
31-Jan-12,84.65,85.20,84.41,84.98,563735
30-Jan-12,85.00,85.00,84.01,84.60,895350
27-Jan-12,85.75,85.78,83.48,85.39,1842755
26-Jan-12,89.95,90.00,87.88,88.01,1320346
25-Jan-12,88.77,89.99,88.56,89.88,172215
24-Jan-12,87.95,88.60,87.61,88.30,839067
23-Jan-12,87.24,88.31,87.12,88.04,1164316
20-Jan-12,85.87,86.86,85.77,86.86,878222
19-Jan-12,85.85,86.14,84.82,85.77,1158259
18-Jan-12,84.72,85.65,84.60,85.50,651181
17-Jan-12,83.54,84.80,83.54,84.71,570239
13-Jan-12,83.18,83.18,83.18,83.18,0
12-Jan-12,82.71,82.84,82.05,82.67,510971
11-Jan-12,82.70,82.98,82.06,82.31,611238
10-Jan-12,82.70,83.21,82.12,82.72,619306
9-Jan-12,83.32,83.32,81.80,82.41,825214
6-Jan-12,84.50,85.00,82.33,83.39,1028976
5-Jan-12,85.23,85.23,84.54,84.85,547359
4-Jan-12,84.48,85.35,84.47,85.00,545355
3-Jan-12,85.52,85.77,84.42,84.46,720463
30-Dec-11,84.95,84.95,84.95,84.95,0
29-Dec-11,83.62,84.25,83.50,84.24,536648
28-Dec-11,82.84,83.69,82.84,83.62,559889
27-Dec-11,84.03,84.04,82.88,83.03,709593
23-Dec-11,83.77,83.77,83.77,83.77,0
22-Dec-11,81.97,82.75,81.81,82.57,792934
21-Dec-11,81.08,81.86,80.75,81.86,681832
20-Dec-11,80.90,81.34,80.60,80.86,745268
19-Dec-11,79.95,80.52,79.41,80.30,730645
16-Dec-11,79.74,80.11,79.24,79.28,1122661
15-Dec-11,79.12,79.39,78.71,79.31,790608
14-Dec-11,78.40,78.98,78.40,78.62,519522
13-Dec-11,79.35,79.64,78.91,78.92,563090
12-Dec-11,79.03,79.22,78.55,79.17,370104
9-Dec-11,78.43,79.25,78.37,79.15,618694
8-Dec-11,78.62,79.00,78.01,78.43,393315
7-Dec-11,78.67,79.00,78.26,78.92,391748
6-Dec-11,79.06,79.08,78.20,78.72,492354
5-Dec-11,79.34,79.34,78.76,78.87,398961
2-Dec-11,79.00,79.09,78.40,78.78,621017
1-Dec-11,78.20,78.98,77.68,78.80,676931
30-Nov-11,79.34,79.34,78.10,78.20,704637
29-Nov-11,77.30,78.06,77.06,77.88,903706
28-Nov-11,76.50,77.40,75.76,76.92,914326
25-Nov-11,74.81,75.56,74.76,75.48,192154
23-Nov-11,74.92,74.92,74.92,74.92,0
22-Nov-11,75.20,76.15,75.14,75.46,394252
21-Nov-11,76.24,76.24,75.02,75.37,617180
18-Nov-11,76.43,76.94,75.89,76.94,400064
17-Nov-11,75.99,76.38,75.41,76.16,410667
16-Nov-11,75.69,76.40,75.68,75.83,367864
15-Nov-11,76.08,76.59,75.67,75.85,559070
14-Nov-11,75.45,76.50,75.37,75.70,582789
11-Nov-11,75.00,75.25,74.53,75.25,460004
10-Nov-11,74.82,75.07,73.95,74.80,438238
9-Nov-11,74.48,75.40,74.01,74.05,623682
8-Nov-11,76.00,76.08,74.76,75.32,596564
7-Nov-11,76.12,76.20,75.00,75.76,409647
4-Nov-11,75.25,76.12,74.73,76.12,381801
3-Nov-11,75.05,75.43,74.10,75.41,553689
2-Nov-11,74.89,75.87,74.55,74.71,488917
1-Nov-11,73.73,75.29,73.71,74.25,967223
31-Oct-11,76.03,76.25,75.53,75.99,432551
28-Oct-11,75.93,76.40,75.50,76.34,656696
27-Oct-11,77.67,78.00,76.13,76.56,1183183
26-Oct-11,77.46,78.00,77.00,77.83,821771
25-Oct-11,77.05,77.24,76.55,76.83,761485
24-Oct-11,76.88,77.85,76.50,77.06,1033182
21-Oct-11,76.82,77.17,76.10,76.49,883069
20-Oct-11,76.57,76.85,75.74,76.54,909990
19-Oct-11,75.35,76.23,75.21,76.18,1146166
18-Oct-11,75.19,75.48,74.36,75.35,1195703
17-Oct-11,73.00,75.48,72.81,75.14,2639238
14-Oct-11,71.75,71.75,71.17,71.51,483608
13-Oct-11,70.85,71.47,70.60,71.40,500203
12-Oct-11,71.30,71.49,70.77,70.95,605228
11-Oct-11,69.69,70.88,69.50,70.88,405428
10-Oct-11,70.65,70.95,69.10,69.94,866054
7-Oct-11,70.22,70.25,69.51,69.94,866225
6-Oct-11,68.29,70.49,67.11,69.84,1044883
5-Oct-11,67.24,68.72,66.70,68.12,822286
4-Oct-11,66.94,67.00,65.00,66.84,1351554
3-Oct-11,68.21,68.36,67.33,67.33,808115
30-Sep-11,68.60,68.95,68.25,68.38,439920
