Date,Open,High,Low,Close,Volume
26-Sep-12,510.93,512.75,494.24,495.62,396259
25-Sep-12,517.57,521.63,511.12,511.57,255845
24-Sep-12,515.00,519.45,510.60,517.50,236073
21-Sep-12,508.00,518.55,508.00,517.76,270350
20-Sep-12,508.50,508.50,501.32,506.34,103137
19-Sep-12,512.54,514.00,507.44,509.39,64995
18-Sep-12,513.18,517.49,509.73,512.39,83346
17-Sep-12,500.57,513.94,499.76,510.31,94853
14-Sep-12,490.54,502.39,487.54,501.65,104523
13-Sep-12,486.00,493.03,481.51,489.72,110025
12-Sep-12,489.70,492.98,485.01,486.08,61811
11-Sep-12,494.43,494.59,486.52,487.41,91827
10-Sep-12,497.38,500.44,494.63,495.19,47577
7-Sep-12,497.61,501.84,492.85,500.74,220745
6-Sep-12,490.01,496.55,489.16,495.92,322352
5-Sep-12,489.96,492.68,486.01,487.70,224074
4-Sep-12,490.25,496.18,488.22,491.09,243440
31-Aug-12,492.39,497.97,488.48,491.79,204021
30-Aug-12,493.31,495.95,486.61,491.66,146499
29-Aug-12,498.00,500.14,496.04,496.54,164882
28-Aug-12,499.51,500.56,496.30,498.01,231776
27-Aug-12,503.04,506.35,499.00,500.69,190712
24-Aug-12,503.78,507.92,500.00,505.52,149107
23-Aug-12,505.88,507.88,501.12,503.21,154192
22-Aug-12,506.42,509.40,503.01,507.76,154341
21-Aug-12,511.00,515.98,505.01,507.50,292125
20-Aug-12,510.18,513.70,507.45,510.32,206671
17-Aug-12,516.98,516.98,509.06,511.73,238835
16-Aug-12,517.89,518.37,512.00,514.95,194399
15-Aug-12,507.50,517.50,506.90,517.31,258866
14-Aug-12,512.46,512.46,504.23,509.86,219205
13-Aug-12,498.16,512.63,498.16,508.31,351865
10-Aug-12,496.44,498.98,492.01,498.58,229551
9-Aug-12,503.11,503.11,494.43,497.56,228806
8-Aug-12,494.10,502.18,494.03,501.22,219593
7-Aug-12,491.12,499.76,491.12,496.76,172360
6-Aug-12,493.45,496.15,489.77,490.80,185177
3-Aug-12,485.00,495.98,482.24,492.85,336022
2-Aug-12,472.91,478.59,471.04,477.79,357510
1-Aug-12,485.00,488.77,476.79,476.79,285483
31-Jul-12,487.35,491.75,480.50,481.50,355888
30-Jul-12,489.83,497.07,484.07,491.61,359705
27-Jul-12,493.98,501.69,490.20,498.94,302996
26-Jul-12,490.00,493.40,486.16,489.20,463838
25-Jul-12,478.58,485.95,475.03,483.59,484539
24-Jul-12,481.35,481.90,470.00,472.48,481290
23-Jul-12,483.00,485.64,467.26,477.47,946550
20-Jul-12,516.00,518.00,494.55,498.50,1532384
19-Jul-12,553.00,553.58,540.01,544.21,500578
18-Jul-12,547.55,554.77,544.50,549.36,255867
17-Jul-12,542.47,546.92,535.07,544.11,321739
16-Jul-12,540.55,542.03,534.00,536.52,163563
13-Jul-12,535.00,542.46,533.25,540.04,304300
12-Jul-12,531.24,537.32,521.25,534.59,257553
11-Jul-12,532.61,538.45,529.70,535.01,249475
10-Jul-12,545.61,547.85,527.44,531.77,643628
9-Jul-12,552.35,555.00,547.66,551.39,137007
6-Jul-12,561.25,562.45,550.00,551.47,289034
5-Jul-12,565.21,566.99,560.22,563.41,185361
3-Jul-12,563.75,569.95,562.40,566.61,124533
2-Jul-12,556.47,567.14,555.62,565.97,331879
29-Jun-12,545.00,553.96,542.98,553.79,333433
28-Jun-12,540.69,541.57,531.13,536.29,267888
27-Jun-12,547.23,550.63,543.48,544.24,125333
26-Jun-12,541.59,545.19,536.07,544.31,176901
25-Jun-12,543.68,546.90,537.27,539.81,254681
22-Jun-12,539.56,550.86,539.56,550.12,705737
21-Jun-12,550.31,556.77,536.83,537.03,269466
20-Jun-12,550.26,552.05,543.04,548.22,173894
19-Jun-12,549.08,553.69,544.63,548.58,225202
18-Jun-12,530.91,547.38,527.91,545.24,285645
15-Jun-12,528.25,534.60,524.56,531.66,474056
14-Jun-12,525.51,536.70,525.51,527.98,214521
13-Jun-12,526.72,536.75,525.00,525.97,143844
12-Jun-12,526.54,532.43,519.21,530.89,223753
11-Jun-12,540.54,543.60,519.06,520.89,310139
8-Jun-12,525.54,538.29,525.13,536.70,197821
7-Jun-12,539.50,542.76,528.79,529.51,278302
6-Jun-12,526.60,537.00,523.00,533.44,352701
5-Jun-12,513.12,525.00,511.64,522.38,272245
4-Jun-12,503.01,516.74,498.01,516.21,282684
1-Jun-12,511.78,517.07,498.21,503.01,379206
31-May-12,530.17,532.74,522.01,523.10,318148
30-May-12,526.43,533.13,519.73,531.55,243932
29-May-12,528.89,533.32,523.69,527.90,209183
25-May-12,529.69,531.07,525.00,526.55,191132
24-May-12,532.52,534.66,522.97,531.50,202537
23-May-12,522.62,532.53,518.00,530.89,238287
22-May-12,527.35,536.60,522.16,525.08,263056
21-May-12,511.14,528.00,507.44,527.07,332942
18-May-12,519.18,521.00,509.08,511.24,350530
17-May-12,534.00,535.55,518.01,519.09,379596
16-May-12,545.82,548.48,534.10,537.18,420480
15-May-12,555.80,558.89,544.66,546.85,285401
14-May-12,553.71,557.73,547.95,550.56,205651
11-May-12,555.19,564.27,550.00,558.95,235233
10-May-12,553.17,557.95,550.54,556.75,236573
9-May-12,550.64,556.45,545.60,549.59,438521
8-May-12,560.00,560.00,548.76,557.00,350791
7-May-12,561.93,568.47,558.00,564.00,263599
4-May-12,575.01,577.79,560.20,565.16,313154
3-May-12,589.43,590.78,576.63,578.37,186852
2-May-12,583.58,591.64,582.56,586.16,179580
1-May-12,578.10,590.11,576.20,588.28,256395
30-Apr-12,585.99,589.99,577.59,578.20,170907
27-Apr-12,580.00,586.36,574.08,585.82,252353
26-Apr-12,571.55,578.75,567.72,576.64,178927
25-Apr-12,566.24,578.36,566.24,575.50,276311
24-Apr-12,567.00,570.60,555.72,560.11,244219
23-Apr-12,566.72,570.59,560.31,567.44,341664
20-Apr-12,577.52,582.10,569.21,576.57,577960
19-Apr-12,586.51,589.85,575.32,579.22,477997
18-Apr-12,574.07,594.89,569.60,584.52,1413211
17-Apr-12,546.47,549.83,537.47,545.53,488986
16-Apr-12,551.55,551.99,534.32,541.09,324797
13-Apr-12,551.95,552.68,544.02,546.56,206201
12-Apr-12,543.82,554.13,542.28,551.59,413253
11-Apr-12,538.68,541.74,536.88,540.01,340900
10-Apr-12,537.17,538.97,528.30,535.24,347067
9-Apr-12,540.00,542.39,533.51,539.07,194593
5-Apr-12,541.99,545.64,541.00,545.24,160017
4-Apr-12,545.34,547.51,540.00,543.97,161159
3-Apr-12,544.44,549.10,543.53,548.39,202822
2-Apr-12,536.82,547.00,536.81,545.82,254949
30-Mar-12,545.58,547.41,538.14,541.75,372525
29-Mar-12,544.40,549.22,536.20,543.68,260137
28-Mar-12,548.59,549.59,538.64,544.63,184112
27-Mar-12,543.00,550.47,539.53,546.31,313758
26-Mar-12,537.40,542.38,533.91,541.96,189147
23-Mar-12,536.70,536.70,530.61,533.40,133342
22-Mar-12,530.76,538.02,529.00,534.81,193086
21-Mar-12,531.45,535.85,530.37,532.92,136888
20-Mar-12,526.22,531.92,525.00,531.63,148423
19-Mar-12,528.51,530.04,525.14,529.54,198223
16-Mar-12,525.94,531.11,525.94,529.74,388111
15-Mar-12,527.07,528.68,523.88,528.20,215444
14-Mar-12,530.81,533.00,525.85,528.20,252963
13-Mar-12,530.00,531.98,527.00,531.32,215733
12-Mar-12,524.60,529.70,522.42,526.47,298644
9-Mar-12,518.10,526.51,518.10,523.83,322980
8-Mar-12,511.10,519.70,510.25,516.86,196484
7-Mar-12,509.69,511.49,507.15,508.25,152194
6-Mar-12,510.67,511.50,503.27,506.64,271580
5-Mar-12,514.42,519.59,511.30,513.43,241143
2-Mar-12,521.83,523.10,515.31,516.91,240210
1-Mar-12,510.12,521.50,509.50,521.33,310137
29-Feb-12,514.46,516.13,511.04,511.62,219776
28-Feb-12,515.88,517.49,511.75,515.69,205220
27-Feb-12,510.12,518.47,507.47,514.24,282882
24-Feb-12,508.46,513.63,505.83,512.76,206854
23-Feb-12,505.30,509.71,503.02,506.36,161251
22-Feb-12,503.61,508.07,501.02,504.08,182985
21-Feb-12,506.51,508.97,500.00,504.91,175142
17-Feb-12,507.32,511.90,505.00,505.99,252876
16-Feb-12,505.48,513.25,503.50,507.54,364874
15-Feb-12,515.18,515.61,504.72,505.23,407891
14-Feb-12,502.71,514.55,500.62,510.40,481676
13-Feb-12,492.58,506.01,492.10,503.07,476682
10-Feb-12,488.98,493.50,486.40,490.83,294631
9-Feb-12,493.47,493.52,487.77,492.41,243779
8-Feb-12,492.58,493.28,485.00,491.92,280090
7-Feb-12,489.14,494.57,488.39,494.00,227287
6-Feb-12,489.66,494.26,483.13,491.39,357894
3-Feb-12,486.35,495.53,483.50,492.01,675760
2-Feb-12,464.00,488.84,463.50,483.00,1072839
1-Feb-12,461.47,464.94,458.90,462.94,204731
31-Jan-12,459.50,460.50,453.90,459.91,224880
30-Jan-12,455.00,458.00,451.35,456.52,341391
27-Jan-12,458.13,458.13,458.13,458.13,0
26-Jan-12,456.96,458.72,452.00,456.38,422380
25-Jan-12,436.64,455.66,436.64,455.66,524107
24-Jan-12,441.50,446.09,437.50,440.00,422535
23-Jan-12,447.36,457.86,441.00,444.39,766171
20-Jan-12,445.00,449.78,429.26,445.68,1613615
19-Jan-12,473.72,476.49,467.50,474.65,590061
18-Jan-12,465.57,471.20,465.41,470.86,295189
17-Jan-12,464.29,467.00,462.15,465.36,312313
13-Jan-12,459.44,459.44,459.44,459.44,0
12-Jan-12,457.49,460.85,455.05,458.13,215254
11-Jan-12,448.37,457.76,446.10,456.95,319105
10-Jan-12,453.58,456.44,446.55,450.19,435300
9-Jan-12,458.81,459.76,450.25,451.50,466135
6-Jan-12,470.99,472.97,458.89,460.59,327979
5-Jan-12,472.05,472.05,472.05,472.05,0
4-Jan-12,472.03,474.50,466.00,466.94,290671
3-Jan-12,470.95,473.93,467.17,471.71,344522
30-Dec-11,463.01,463.01,463.01,463.01,0
29-Dec-11,457.63,466.04,455.74,466.03,210979
28-Dec-11,458.05,458.05,458.05,458.05,0
27-Dec-11,458.50,465.65,455.57,463.47,261676
23-Dec-11,458.01,458.01,458.01,458.01,0
22-Dec-11,443.63,450.00,442.81,447.86,260302
21-Dec-11,445.22,445.25,438.78,440.73,248226
20-Dec-11,438.07,445.38,435.67,443.58,323850
19-Dec-11,434.99,436.95,431.07,432.19,196508
16-Dec-11,432.33,432.33,432.33,432.33,0
15-Dec-11,426.46,429.61,420.84,428.35,350827
14-Dec-11,431.72,433.93,421.73,423.52,381861
13-Dec-11,437.35,443.99,431.52,434.39,287811
12-Dec-11,438.35,438.54,431.76,433.71,204471
9-Dec-11,433.34,441.10,431.94,440.40,236316
8-Dec-11,438.52,440.57,429.68,430.00,194414
7-Dec-11,435.52,441.54,432.43,439.88,240590
6-Dec-11,438.00,440.43,433.45,439.95,421954
5-Dec-11,436.18,436.18,436.18,436.18,0
2-Dec-11,440.00,445.70,429.07,433.85,514956
1-Dec-11,424.67,438.56,424.55,435.59,421234
30-Nov-11,434.52,437.98,428.76,434.21,485358
29-Nov-11,423.18,425.81,420.95,422.62,299037
28-Nov-11,423.00,427.50,420.06,424.96,366453
25-Nov-11,412.03,419.98,412.00,413.26,156380
23-Nov-11,417.61,417.61,417.61,417.61,0
22-Nov-11,419.24,423.20,415.00,418.68,282884
21-Nov-11,418.33,423.31,414.10,420.82,309326
18-Nov-11,426.50,430.35,415.20,423.06,342727
17-Nov-11,441.81,441.81,423.41,428.89,369506
16-Nov-11,442.82,447.00,438.00,438.46,421452
15-Nov-11,440.83,449.06,439.13,448.77,224421
14-Nov-11,439.55,447.50,438.23,440.48,203410
11-Nov-11,432.39,441.89,432.05,439.99,221691
10-Nov-11,432.52,435.02,425.00,429.54,229033
9-Nov-11,431.97,437.27,426.61,429.28,291500
8-Nov-11,432.97,442.00,432.37,441.19,220257
7-Nov-11,428.53,434.99,428.00,432.37,270192
4-Nov-11,436.48,437.25,428.23,432.23,222633
3-Nov-11,431.44,438.21,426.60,437.35,269851
2-Nov-11,427.36,427.36,427.36,427.36,0
1-Nov-11,425.46,431.45,420.42,426.17,412236
31-Oct-11,434.00,441.49,433.86,433.86,288570
28-Oct-11,436.36,436.36,436.36,436.36,0
27-Oct-11,428.20,440.68,426.28,435.31,607137
26-Oct-11,426.95,427.86,417.42,420.54,270100
25-Oct-11,422.00,428.20,417.56,419.37,357574
24-Oct-11,421.47,421.47,421.47,421.47,0
21-Oct-11,412.87,420.00,408.16,415.63,542215
20-Oct-11,422.11,422.50,413.00,418.41,442784
19-Oct-11,419.70,419.70,419.70,419.70,0
18-Oct-11,389.78,391.94,380.00,382.76,691365
17-Oct-11,391.74,391.74,391.74,391.74,0
14-Oct-11,391.31,395.42,389.25,393.38,269773
13-Oct-11,381.78,388.49,381.63,387.25,205127
12-Oct-11,382.22,382.22,382.22,382.22,0
11-Oct-11,376.97,388.68,376.00,385.35,332086
10-Oct-11,369.59,380.22,369.28,379.37,302372
7-Oct-11,375.03,375.11,363.30,364.45,320480
6-Oct-11,369.32,375.18,364.75,372.90,465434
5-Oct-11,365.15,367.32,355.23,367.00,427372
4-Oct-11,342.20,364.22,341.21,364.03,609855
3-Oct-11,360.32,365.53,348.53,348.76,388726
30-Sep-11,368.25,370.00,363.31,364.28,341114
29-Sep-11,370.67,370.67,370.67,370.67,0
