Date,Open,High,Low,Close,Volume
26-Sep-12,4.87,4.95,4.78,4.86,2203721
25-Sep-12,4.94,4.98,4.79,4.90,3220451
24-Sep-12,4.90,5.01,4.84,4.96,2799954
21-Sep-12,4.71,5.00,4.70,4.97,1737025
20-Sep-12,4.65,4.68,4.50,4.63,466506
19-Sep-12,4.61,4.81,4.58,4.72,1130883
18-Sep-12,4.66,4.68,4.48,4.55,565054
17-Sep-12,4.70,4.78,4.63,4.69,563404
14-Sep-12,4.60,4.75,4.60,4.71,718512
13-Sep-12,4.48,4.62,4.41,4.57,621335
12-Sep-12,4.56,4.56,4.39,4.47,492004
11-Sep-12,4.41,4.56,4.37,4.50,409285
10-Sep-12,4.48,4.56,4.36,4.39,412789
7-Sep-12,4.30,4.50,4.29,4.49,2313790
6-Sep-12,4.17,4.32,4.17,4.27,2234530
5-Sep-12,4.11,4.19,4.05,4.14,1823299
4-Sep-12,4.12,4.14,4.02,4.08,1308187
31-Aug-12,4.17,4.20,4.04,4.11,2147170
30-Aug-12,4.15,4.23,4.08,4.12,2738953
29-Aug-12,4.11,4.27,4.07,4.20,3459495
28-Aug-12,4.04,4.14,3.95,4.12,2804597
27-Aug-12,4.27,4.32,4.05,4.07,2648198
24-Aug-12,4.23,4.36,4.18,4.26,2072305
23-Aug-12,4.24,4.42,4.18,4.25,3653634
22-Aug-12,4.10,4.32,4.08,4.25,3245295
21-Aug-12,4.13,4.23,4.06,4.13,2334172
20-Aug-12,4.11,4.20,4.08,4.11,1885819
17-Aug-12,4.19,4.24,4.11,4.13,1821582
16-Aug-12,4.12,4.23,4.11,4.22,1633632
15-Aug-12,4.10,4.15,4.02,4.13,1438251
14-Aug-12,4.18,4.25,4.09,4.11,3080516
13-Aug-12,4.09,4.16,4.03,4.15,2513668
10-Aug-12,4.01,4.11,3.98,4.09,1384079
9-Aug-12,4.02,4.11,3.98,4.04,1723124
8-Aug-12,4.02,4.12,3.95,4.03,2501166
7-Aug-12,4.09,4.20,4.01,4.06,2532254
6-Aug-12,3.96,4.13,3.92,4.05,3068675
3-Aug-12,3.84,4.02,3.81,3.93,4163745
2-Aug-12,3.64,3.88,3.58,3.72,6369800
1-Aug-12,3.63,3.75,3.55,3.69,2374519
31-Jul-12,3.53,3.75,3.53,3.59,3596915
30-Jul-12,3.60,3.65,3.50,3.55,2884157
27-Jul-12,3.35,3.66,3.35,3.60,5491152
26-Jul-12,3.52,3.61,3.43,3.44,2830139
25-Jul-12,3.44,3.48,3.35,3.42,2400188
24-Jul-12,3.61,3.63,3.38,3.40,3124011
23-Jul-12,3.59,3.62,3.48,3.61,2069522
20-Jul-12,3.51,3.78,3.39,3.72,4336714
19-Jul-12,3.39,3.58,3.36,3.54,5343922
18-Jul-12,3.28,3.36,3.22,3.34,4484794
17-Jul-12,3.43,3.49,3.27,3.28,4169551
16-Jul-12,3.52,3.55,3.37,3.40,2850883
13-Jul-12,3.34,3.54,3.34,3.53,1670511
12-Jul-12,3.28,3.36,3.22,3.31,2512990
11-Jul-12,3.37,3.47,3.25,3.32,4452664
10-Jul-12,3.52,3.60,3.30,3.36,2782811
9-Jul-12,3.57,3.64,3.44,3.49,1757739
6-Jul-12,3.61,3.65,3.50,3.59,2061064
5-Jul-12,3.69,3.78,3.61,3.67,2369690
3-Jul-12,3.75,3.80,3.65,3.72,1972533
2-Jul-12,3.64,3.74,3.61,3.71,3934252
29-Jun-12,3.52,3.60,3.39,3.54,4917541
28-Jun-12,3.25,3.39,3.18,3.39,2877638
27-Jun-12,3.13,3.29,3.07,3.28,3956793
26-Jun-12,3.17,3.24,3.07,3.10,4029984
25-Jun-12,3.34,3.34,3.14,3.17,3941075
22-Jun-12,3.34,3.44,3.23,3.43,7167367
21-Jun-12,3.56,3.58,3.26,3.30,4778385
20-Jun-12,3.39,3.61,3.33,3.55,7702106
19-Jun-12,3.15,3.29,3.08,3.28,3913788
18-Jun-12,3.28,3.31,3.07,3.14,6050127
15-Jun-12,3.31,3.46,3.26,3.45,2528305
14-Jun-12,3.26,3.34,3.19,3.31,2040458
13-Jun-12,3.39,3.46,3.20,3.24,2941467
12-Jun-12,3.40,3.46,3.27,3.41,1833528
11-Jun-12,3.57,3.60,3.33,3.34,2355031
8-Jun-12,3.42,3.49,3.25,3.48,3460301
7-Jun-12,3.59,3.71,3.42,3.46,3249378
6-Jun-12,3.36,3.53,3.36,3.50,3806772
5-Jun-12,3.11,3.34,3.05,3.32,4309652
4-Jun-12,3.08,3.10,2.91,3.04,5615055
1-Jun-12,3.25,3.25,3.01,3.03,4403079
31-May-12,3.54,3.54,3.14,3.31,5589706
30-May-12,3.72,3.72,3.48,3.52,4000916
29-May-12,3.75,3.80,3.63,3.76,2972741
25-May-12,3.66,3.78,3.64,3.69,1922302
24-May-12,3.76,3.80,3.60,3.66,3700852
23-May-12,3.60,3.76,3.38,3.73,3616828
22-May-12,3.76,3.93,3.59,3.64,4281383
21-May-12,3.76,3.80,3.60,3.74,4890617
18-May-12,3.84,3.94,3.67,3.71,4596962
17-May-12,4.02,4.09,3.79,3.79,3749124
16-May-12,4.15,4.35,3.98,4.02,4738063
15-May-12,4.42,4.53,4.05,4.11,8173153
14-May-12,4.35,4.47,4.26,4.44,3337996
11-May-12,4.42,4.57,4.35,4.43,1728177
10-May-12,4.52,4.61,4.42,4.46,2244446
9-May-12,4.47,4.56,4.30,4.44,3567082
8-May-12,4.68,4.76,4.35,4.57,5062359
7-May-12,4.51,4.83,4.45,4.74,4103069
4-May-12,4.85,4.94,4.60,4.61,3317662
3-May-12,5.00,5.13,4.88,4.93,3059867
2-May-12,5.03,5.06,4.90,5.00,2924322
1-May-12,5.07,5.23,5.02,5.06,4125073
30-Apr-12,5.04,5.09,4.91,5.08,3012227
27-Apr-12,5.15,5.16,4.89,5.07,3435350
26-Apr-12,4.81,5.25,4.77,5.14,6073644
25-Apr-12,4.93,5.00,4.82,4.97,2563674
24-Apr-12,4.78,5.00,4.78,4.85,3346469
23-Apr-12,4.76,4.86,4.68,4.78,3052164
20-Apr-12,4.60,4.91,4.58,4.87,8518903
19-Apr-12,4.29,4.52,4.26,4.47,3794266
18-Apr-12,4.33,4.42,4.25,4.26,1646609
17-Apr-12,4.31,4.41,4.25,4.37,2816024
16-Apr-12,4.58,4.60,4.21,4.24,5489775
13-Apr-12,4.64,4.64,4.50,4.53,2094108
12-Apr-12,4.50,4.68,4.49,4.66,3581137
11-Apr-12,4.56,4.63,4.48,4.50,1661189
10-Apr-12,4.54,4.68,4.45,4.47,3626312
9-Apr-12,4.53,4.63,4.47,4.49,3927590
5-Apr-12,4.51,4.77,4.46,4.68,3655264
4-Apr-12,4.70,4.73,4.55,4.64,5147795
3-Apr-12,4.75,4.82,4.64,4.80,4283961
2-Apr-12,4.71,4.86,4.69,4.78,4556022
30-Mar-12,4.80,4.80,4.57,4.73,4987206
29-Mar-12,4.80,4.82,4.55,4.73,6282867
28-Mar-12,4.86,4.91,4.58,4.61,7403538
27-Mar-12,4.90,4.99,4.85,4.89,5328491
26-Mar-12,5.15,5.16,4.91,4.91,7636204
23-Mar-12,5.33,5.44,5.04,5.06,29046288
22-Mar-12,5.27,5.33,5.17,5.21,5642658
21-Mar-12,5.18,5.56,5.11,5.38,7808488
20-Mar-12,5.07,5.16,4.95,5.08,2510576
19-Mar-12,5.20,5.21,4.95,5.04,5987428
16-Mar-12,4.98,5.22,4.94,5.22,4372566
15-Mar-12,4.74,4.92,4.66,4.92,2362332
14-Mar-12,4.89,4.91,4.69,4.71,1501509
13-Mar-12,4.81,4.94,4.70,4.92,1967204
12-Mar-12,4.95,5.01,4.72,4.75,1975731
9-Mar-12,4.97,5.10,4.91,4.98,1945999
8-Mar-12,4.94,4.99,4.81,4.95,2160156
7-Mar-12,4.71,4.85,4.66,4.83,2235588
6-Mar-12,4.70,4.80,4.64,4.66,2682564
5-Mar-12,5.04,5.09,4.80,4.82,3011266
2-Mar-12,5.17,5.22,5.00,5.05,2976938
1-Mar-12,5.14,5.27,5.04,5.20,2141875
29-Feb-12,5.28,5.38,5.04,5.08,4712358
28-Feb-12,5.43,5.49,5.21,5.28,6836244
27-Feb-12,5.29,5.57,5.19,5.43,4705519
24-Feb-12,5.19,5.42,5.17,5.38,3857901
23-Feb-12,5.23,5.27,5.07,5.15,2535505
22-Feb-12,5.19,5.28,5.16,5.23,2138147
21-Feb-12,5.36,5.36,5.05,5.20,3839771
17-Feb-12,5.26,5.39,5.16,5.32,2880559
16-Feb-12,5.12,5.25,5.04,5.22,2201565
15-Feb-12,5.30,5.34,5.12,5.12,3672290
14-Feb-12,5.41,5.44,5.14,5.24,3892140
13-Feb-12,5.21,5.50,5.21,5.45,5903174
10-Feb-12,4.90,5.19,4.81,5.12,8783439
9-Feb-12,4.98,5.00,4.67,4.83,7203845
8-Feb-12,5.01,5.06,4.84,4.86,6488112
7-Feb-12,5.02,5.07,4.82,5.01,5808728
6-Feb-12,4.71,5.04,4.68,5.03,5564560
3-Feb-12,4.64,4.74,4.63,4.74,3342228
2-Feb-12,4.56,4.66,4.50,4.61,2379220
1-Feb-12,4.55,4.70,4.46,4.59,2512079
31-Jan-12,4.68,4.73,4.46,4.49,2595541
30-Jan-12,4.69,4.74,4.55,4.59,2528947
27-Jan-12,4.44,4.80,4.44,4.77,3872344
26-Jan-12,4.60,4.68,4.43,4.48,3371176
25-Jan-12,4.46,4.58,4.41,4.56,2078136
24-Jan-12,4.42,4.50,4.34,4.48,1429428
23-Jan-12,4.48,4.55,4.41,4.48,2694118
20-Jan-12,4.35,4.57,4.35,4.52,5487215
19-Jan-12,4.19,4.50,4.12,4.36,6854215
18-Jan-12,3.90,4.43,3.86,4.40,5227107
17-Jan-12,3.99,4.06,3.77,3.91,8007275
13-Jan-12,3.96,3.96,3.96,3.96,0
12-Jan-12,4.25,4.26,4.02,4.10,5096226
11-Jan-12,4.33,4.35,4.19,4.26,3210085
10-Jan-12,4.34,4.40,4.30,4.36,2566230
9-Jan-12,4.38,4.39,4.20,4.24,4641433
6-Jan-12,4.38,4.44,4.28,4.38,2488401
5-Jan-12,4.47,4.47,4.34,4.36,3589938
4-Jan-12,4.54,4.60,4.35,4.47,6868495
3-Jan-12,4.62,4.72,4.54,4.56,4951469
30-Dec-11,4.44,4.44,4.44,4.44,0
29-Dec-11,4.28,4.46,4.26,4.44,2504057
28-Dec-11,4.38,4.43,4.24,4.27,2276472
27-Dec-11,4.48,4.52,4.28,4.38,2145634
23-Dec-11,4.50,4.50,4.50,4.50,0
22-Dec-11,4.42,4.57,4.40,4.53,3954553
21-Dec-11,4.20,4.44,4.06,4.40,3430185
20-Dec-11,4.20,4.20,4.20,4.20,0
19-Dec-11,4.16,4.23,3.80,3.84,3581261
16-Dec-11,4.04,4.24,3.99,4.17,5182822
15-Dec-11,3.99,3.99,3.75,3.89,3210591
14-Dec-11,4.02,4.04,3.73,3.88,4673268
13-Dec-11,4.13,4.28,4.02,4.07,3359935
12-Dec-11,4.10,4.21,3.98,4.07,2491950
9-Dec-11,4.08,4.22,3.97,4.20,3423798
8-Dec-11,4.04,4.23,4.01,4.02,3490601
7-Dec-11,4.20,4.25,4.06,4.13,1811950
6-Dec-11,4.28,4.34,4.17,4.22,1981395
5-Dec-11,4.23,4.37,4.18,4.30,2707544
2-Dec-11,3.95,4.11,3.91,4.09,3207909
1-Dec-11,3.84,3.96,3.76,3.85,1869717
30-Nov-11,3.75,3.89,3.60,3.89,3252328
29-Nov-11,3.54,3.59,3.43,3.50,2639738
28-Nov-11,3.55,3.59,3.44,3.54,3711151
25-Nov-11,3.34,3.46,3.30,3.31,899676
23-Nov-11,3.33,3.33,3.33,3.33,0
22-Nov-11,3.60,3.74,3.57,3.70,2330264
21-Nov-11,3.60,3.65,3.50,3.58,2307230
18-Nov-11,3.76,3.94,3.72,3.75,2438093
17-Nov-11,3.96,4.00,3.70,3.70,4574002
16-Nov-11,3.86,4.14,3.85,3.99,3304833
15-Nov-11,3.75,4.00,3.70,3.93,2626149
14-Nov-11,3.83,3.91,3.70,3.78,2081267
11-Nov-11,3.87,3.93,3.73,3.88,2633039
10-Nov-11,3.68,3.86,3.60,3.72,3789734
9-Nov-11,3.67,3.79,3.56,3.57,3915763
8-Nov-11,3.94,4.00,3.75,3.83,3264436
7-Nov-11,3.72,3.91,3.56,3.87,3090702
4-Nov-11,3.76,3.85,3.66,3.71,3080694
3-Nov-11,3.91,3.97,3.70,3.83,2930521
2-Nov-11,3.56,3.85,3.53,3.84,4535428
1-Nov-11,3.60,3.66,3.38,3.39,4450993
31-Oct-11,3.95,3.98,3.79,3.79,2185153
28-Oct-11,4.02,4.20,3.89,4.10,3309026
27-Oct-11,4.00,4.10,3.87,4.04,5325874
26-Oct-11,3.79,3.85,3.56,3.76,3346679
25-Oct-11,3.83,3.88,3.68,3.68,2501750
24-Oct-11,3.61,3.89,3.60,3.87,3449050
21-Oct-11,3.45,3.63,3.42,3.60,2296457
20-Oct-11,3.37,3.44,3.21,3.35,1937312
19-Oct-11,3.40,3.50,3.30,3.35,2114055
18-Oct-11,3.24,3.47,3.11,3.40,3125850
17-Oct-11,3.29,3.39,3.18,3.24,1890674
14-Oct-11,3.30,3.39,3.27,3.28,2781754
13-Oct-11,3.17,3.25,3.05,3.25,2092663
12-Oct-11,3.25,3.35,3.16,3.21,3952625
11-Oct-11,3.09,3.24,3.01,3.15,2709001
10-Oct-11,2.86,3.17,2.79,3.14,6047958
7-Oct-11,2.91,2.97,2.68,2.77,3907588
6-Oct-11,2.81,2.90,2.68,2.88,4208878
5-Oct-11,2.54,2.95,2.48,2.81,4116522
4-Oct-11,2.49,2.54,2.25,2.49,5509764
3-Oct-11,2.87,2.91,2.56,2.63,5435866
30-Sep-11,3.12,3.15,2.90,2.91,5568829
29-Sep-11,3.31,3.40,3.05,3.22,4273630
