Date,Open,High,Low,Close,Volume
26-Sep-12,0.00,0.00,0.00,8.02,589
25-Sep-12,0.00,0.00,0.00,7.89,354
24-Sep-12,0.00,0.00,0.00,8.03,578
21-Sep-12,7.83,8.24,7.83,8.24,27585
20-Sep-12,7.76,7.76,7.63,7.70,4379
19-Sep-12,7.78,7.82,7.70,7.82,2993
18-Sep-12,8.00,8.00,7.70,7.78,5997
17-Sep-12,7.99,8.05,7.85,8.02,5493
14-Sep-12,8.15,8.17,7.95,8.07,4873
13-Sep-12,8.12,8.22,7.90,8.17,11822
12-Sep-12,8.17,8.17,7.95,8.13,7266
11-Sep-12,8.05,8.23,8.05,8.17,8499
10-Sep-12,8.02,8.11,8.02,8.10,4086
7-Sep-12,0.00,0.00,0.00,7.97,864
6-Sep-12,0.00,0.00,0.00,8.08,961
5-Sep-12,0.00,0.00,0.00,8.00,259
4-Sep-12,0.00,0.00,0.00,7.97,222
31-Aug-12,0.00,0.00,0.00,7.95,873
30-Aug-12,0.00,0.00,0.00,7.96,521
29-Aug-12,0.00,0.00,0.00,8.05,1322
28-Aug-12,0.00,0.00,0.00,8.11,151
27-Aug-12,0.00,0.00,0.00,7.85,236
24-Aug-12,0.00,0.00,0.00,7.80,373
23-Aug-12,0.00,0.00,0.00,7.70,561
22-Aug-12,0.00,0.00,0.00,7.62,998
21-Aug-12,0.00,0.00,0.00,7.68,645
20-Aug-12,0.00,0.00,0.00,7.87,1189
17-Aug-12,0.00,0.00,0.00,7.99,1850
16-Aug-12,0.00,0.00,0.00,7.73,216
15-Aug-12,0.00,0.00,0.00,7.76,580
14-Aug-12,0.00,0.00,0.00,7.62,508
13-Aug-12,0.00,0.00,0.00,7.58,2088
10-Aug-12,0.00,0.00,0.00,8.14,1508
9-Aug-12,0.00,0.00,0.00,8.34,759
8-Aug-12,0.00,0.00,0.00,8.35,704
7-Aug-12,0.00,0.00,0.00,8.43,594
6-Aug-12,0.00,0.00,0.00,8.63,365
3-Aug-12,0.00,0.00,0.00,8.71,257
2-Aug-12,0.00,0.00,0.00,8.66,142
1-Aug-12,0.00,0.00,0.00,8.40,1883
31-Jul-12,0.00,0.00,0.00,8.54,867
30-Jul-12,0.00,0.00,0.00,8.75,575
27-Jul-12,0.00,0.00,0.00,8.76,284
26-Jul-12,0.00,0.00,0.00,8.57,504
25-Jul-12,0.00,0.00,0.00,8.37,724
24-Jul-12,0.00,0.00,0.00,8.43,562
23-Jul-12,0.00,0.00,0.00,8.50,699
20-Jul-12,0.00,0.00,0.00,8.49,520
19-Jul-12,0.00,0.00,0.00,8.58,595
18-Jul-12,0.00,0.00,0.00,8.47,155
17-Jul-12,0.00,0.00,0.00,8.38,550
16-Jul-12,0.00,0.00,0.00,8.44,895
13-Jul-12,0.00,0.00,0.00,8.55,82
12-Jul-12,0.00,0.00,0.00,8.14,33
11-Jul-12,0.00,0.00,0.00,8.20,750
10-Jul-12,0.00,0.00,0.00,8.20,518
9-Jul-12,0.00,0.00,0.00,8.18,144
6-Jul-12,0.00,0.00,0.00,8.31,1558
5-Jul-12,0.00,0.00,0.00,8.58,1199
3-Jul-12,0.00,0.00,0.00,8.15,110
2-Jul-12,0.00,0.00,0.00,8.20,814
29-Jun-12,0.00,0.00,0.00,8.18,1854
28-Jun-12,0.00,0.00,0.00,7.63,1353
27-Jun-12,0.00,0.00,0.00,7.60,800
26-Jun-12,0.00,0.00,0.00,7.51,750
25-Jun-12,0.00,0.00,0.00,7.46,1461
22-Jun-12,0.00,0.00,0.00,7.59,636
21-Jun-12,0.00,0.00,0.00,7.61,2323
20-Jun-12,0.00,0.00,0.00,7.58,1074
19-Jun-12,0.00,0.00,0.00,7.60,961
18-Jun-12,0.00,0.00,0.00,7.40,734
15-Jun-12,0.00,0.00,0.00,7.45,1539
14-Jun-12,0.00,0.00,0.00,7.36,979
13-Jun-12,0.00,0.00,0.00,7.34,330
12-Jun-12,0.00,0.00,0.00,7.38,2240
11-Jun-12,0.00,0.00,0.00,7.31,1214
8-Jun-12,0.00,0.00,0.00,7.49,632
7-Jun-12,0.00,0.00,0.00,7.48,2102
6-Jun-12,0.00,0.00,0.00,7.75,2641
5-Jun-12,0.00,0.00,0.00,7.50,809
4-Jun-12,0.00,0.00,0.00,7.49,1378
1-Jun-12,0.00,0.00,0.00,7.79,1650
31-May-12,0.00,0.00,0.00,7.88,3107
30-May-12,0.00,0.00,0.00,7.89,1909
29-May-12,0.00,0.00,0.00,8.07,2292
25-May-12,0.00,0.00,0.00,8.20,540
24-May-12,0.00,0.00,0.00,8.24,4113
23-May-12,0.00,0.00,0.00,7.77,1359
22-May-12,0.00,0.00,0.00,7.77,2798
21-May-12,0.00,0.00,0.00,7.67,2515
18-May-12,0.00,0.00,0.00,7.52,1016
17-May-12,0.00,0.00,0.00,7.77,2359
16-May-12,0.00,0.00,0.00,7.78,1325
15-May-12,0.00,0.00,0.00,7.66,400
14-May-12,0.00,0.00,0.00,7.65,1986
11-May-12,0.00,0.00,0.00,7.67,1507
10-May-12,0.00,0.00,0.00,7.64,2954
9-May-12,0.00,0.00,0.00,7.70,849
8-May-12,0.00,0.00,0.00,7.40,3211
7-May-12,0.00,0.00,0.00,7.50,396
4-May-12,0.00,0.00,0.00,7.41,2312
3-May-12,0.00,0.00,0.00,7.58,262
2-May-12,0.00,0.00,0.00,7.74,1154
1-May-12,0.00,0.00,0.00,7.72,2408
30-Apr-12,0.00,0.00,0.00,7.65,940
27-Apr-12,0.00,0.00,0.00,7.85,299
26-Apr-12,0.00,0.00,0.00,7.72,3078
25-Apr-12,0.00,0.00,0.00,7.72,1458
24-Apr-12,0.00,0.00,0.00,7.81,2250
23-Apr-12,0.00,0.00,0.00,7.60,1330
20-Apr-12,0.00,0.00,0.00,7.61,1723
19-Apr-12,0.00,0.00,0.00,7.40,2622
18-Apr-12,0.00,0.00,0.00,7.39,2270
17-Apr-12,0.00,0.00,0.00,7.66,2471
16-Apr-12,0.00,0.00,0.00,7.38,1860
13-Apr-12,0.00,0.00,0.00,7.35,3000
12-Apr-12,0.00,0.00,0.00,7.29,2100
11-Apr-12,0.00,0.00,0.00,7.18,718
10-Apr-12,0.00,0.00,0.00,7.12,7029
9-Apr-12,0.00,0.00,0.00,7.31,1500
5-Apr-12,7.53,7.53,7.53,7.53,900
4-Apr-12,7.34,7.34,7.34,7.34,863
3-Apr-12,7.28,7.28,7.28,7.28,1300
2-Apr-12,7.24,7.24,7.24,7.24,3100
30-Mar-12,7.65,7.65,7.65,7.65,1900
29-Mar-12,7.23,7.23,7.23,7.23,1119
28-Mar-12,7.10,7.10,7.10,7.10,1700
27-Mar-12,6.77,6.77,6.77,6.77,500
26-Mar-12,6.63,6.63,6.63,6.63,1900
23-Mar-12,6.50,6.50,6.50,6.50,100
22-Mar-12,6.54,6.54,6.54,6.54,3200
21-Mar-12,6.14,6.14,6.14,6.14,1000
20-Mar-12,6.27,6.27,6.27,6.27,500
19-Mar-12,6.25,6.25,6.25,6.25,743
16-Mar-12,6.19,6.19,6.19,6.19,1200
15-Mar-12,6.27,6.27,6.27,6.27,430
14-Mar-12,6.45,6.45,6.45,6.45,200
13-Mar-12,6.37,6.37,6.37,6.37,400
12-Mar-12,6.13,6.13,6.13,6.13,100
9-Mar-12,6.11,6.11,6.11,6.11,300
8-Mar-12,5.84,5.84,5.84,5.84,865
7-Mar-12,6.10,6.10,6.10,6.10,300
6-Mar-12,6.10,6.10,6.10,6.10,500
5-Mar-12,6.17,6.17,6.17,6.17,188
2-Mar-12,6.15,6.15,6.15,6.15,3900
1-Mar-12,6.26,6.26,6.26,6.26,200
29-Feb-12,6.30,6.30,6.30,6.30,5019
28-Feb-12,6.47,6.47,6.47,6.47,410
27-Feb-12,6.60,6.60,6.60,6.60,580
24-Feb-12,6.52,6.52,6.52,6.52,310
23-Feb-12,6.50,6.50,6.50,6.50,668
22-Feb-12,6.40,6.40,6.40,6.40,100
21-Feb-12,6.40,6.40,6.40,6.40,1025
17-Feb-12,6.57,6.57,6.57,6.57,1900
16-Feb-12,6.46,6.46,6.46,6.46,600
15-Feb-12,6.56,6.56,6.56,6.56,100
14-Feb-12,6.55,6.55,6.55,6.55,700
13-Feb-12,6.43,6.43,6.43,6.43,1100
10-Feb-12,6.42,6.42,6.42,6.42,5400
9-Feb-12,6.36,6.36,6.36,6.36,5500
8-Feb-12,6.30,6.30,6.30,6.30,200
7-Feb-12,6.28,6.28,6.28,6.28,1600
6-Feb-12,6.41,6.41,6.41,6.41,600
3-Feb-12,6.40,6.40,6.40,6.40,699
2-Feb-12,6.25,6.25,6.25,6.25,200
1-Feb-12,6.29,6.29,6.29,6.29,1700
31-Jan-12,6.27,6.27,6.27,6.27,100
27-Jan-12,6.26,6.26,6.26,6.26,1000
26-Jan-12,6.26,6.26,6.26,6.26,500
25-Jan-12,6.29,6.29,6.29,6.29,100
24-Jan-12,6.24,6.24,6.24,6.24,400
23-Jan-12,6.30,6.30,6.30,6.30,182
20-Jan-12,6.35,6.35,6.35,6.35,3900
19-Jan-12,6.25,6.25,6.25,6.25,100
18-Jan-12,6.24,6.24,6.24,6.24,3326
17-Jan-12,6.18,6.18,6.18,6.18,2032
13-Jan-12,6.16,6.16,6.16,6.16,799
12-Jan-12,6.20,6.20,6.20,6.20,1000
11-Jan-12,6.16,6.16,6.16,6.16,400
10-Jan-12,6.11,6.11,6.11,6.11,600
9-Jan-12,6.01,6.01,6.01,6.01,1000
6-Jan-12,6.21,6.21,6.21,6.21,1900
5-Jan-12,6.01,6.01,6.01,6.01,1820
4-Jan-12,6.02,6.02,6.02,6.02,4500
3-Jan-12,6.36,6.36,6.36,6.36,3400
30-Dec-11,6.01,6.01,6.01,6.01,2300
29-Dec-11,6.01,6.01,6.01,6.01,4600
28-Dec-11,5.99,5.99,5.99,5.99,1921
27-Dec-11,5.96,5.96,5.96,5.96,1000
23-Dec-11,5.91,5.91,5.91,5.91,391
22-Dec-11,5.99,5.99,5.99,5.99,100
21-Dec-11,5.99,5.99,5.99,5.99,1865
20-Dec-11,5.91,5.91,5.91,5.91,1200
19-Dec-11,6.12,6.12,6.12,6.12,400
16-Dec-11,6.28,6.28,6.28,6.28,300
15-Dec-11,6.15,6.15,6.15,6.15,700
14-Dec-11,6.04,6.04,6.04,6.04,300
13-Dec-11,6.00,6.00,6.00,6.00,600
12-Dec-11,6.14,6.14,6.14,6.14,2840
9-Dec-11,6.42,6.42,6.42,6.42,300
8-Dec-11,6.34,6.34,6.34,6.34,600
7-Dec-11,6.45,6.45,6.45,6.45,1000
6-Dec-11,6.46,6.46,6.46,6.46,400
5-Dec-11,6.44,6.44,6.44,6.44,100
2-Dec-11,6.37,6.37,6.37,6.37,300
1-Dec-11,6.15,6.15,6.15,6.15,600
30-Nov-11,6.29,6.29,6.29,6.29,415
29-Nov-11,5.96,5.96,5.96,5.96,200
28-Nov-11,5.96,5.96,5.96,5.96,400
25-Nov-11,5.70,5.70,5.70,5.70,324
23-Nov-11,5.90,5.90,5.90,5.90,400
22-Nov-11,6.16,6.16,6.16,6.16,400
21-Nov-11,6.04,6.04,6.04,6.04,300
18-Nov-11,6.26,6.26,6.26,6.26,200
17-Nov-11,6.37,6.37,6.37,6.37,709
16-Nov-11,6.35,6.35,6.35,6.35,728
15-Nov-11,6.56,6.56,6.56,6.56,1200
14-Nov-11,6.75,6.75,6.75,6.75,3647
11-Nov-11,6.39,6.39,6.39,6.39,800
10-Nov-11,6.14,6.14,6.14,6.14,393
9-Nov-11,6.02,6.02,6.02,6.02,800
8-Nov-11,6.29,6.29,6.29,6.29,155
7-Nov-11,6.27,6.27,6.27,6.27,1600
4-Nov-11,6.50,6.50,6.50,6.50,200
3-Nov-11,6.56,6.56,6.56,6.56,300
2-Nov-11,6.35,6.35,6.35,6.35,3302
1-Nov-11,6.14,6.14,6.14,6.14,200
31-Oct-11,6.65,6.65,6.65,6.65,1398
28-Oct-11,7.08,7.08,7.08,7.08,1800
27-Oct-11,6.95,6.95,6.95,6.95,1500
26-Oct-11,6.42,6.42,6.42,6.42,1200
25-Oct-11,6.01,6.01,6.01,6.01,1100
24-Oct-11,6.18,6.18,6.18,6.18,900
21-Oct-11,5.90,5.90,5.90,5.90,300
20-Oct-11,6.11,6.11,6.11,6.11,1524
19-Oct-11,6.11,6.11,6.11,6.11,552
18-Oct-11,5.98,5.98,5.98,5.98,3100
17-Oct-11,6.36,6.36,6.36,6.36,900
14-Oct-11,6.53,6.53,6.53,6.53,500
13-Oct-11,6.44,6.44,6.44,6.44,101
12-Oct-11,6.41,6.41,6.41,6.41,4018
11-Oct-11,6.14,6.14,6.14,6.14,3200
10-Oct-11,6.08,6.08,6.08,6.08,4712
7-Oct-11,5.77,5.77,5.77,5.77,1179
6-Oct-11,5.86,5.86,5.86,5.86,903
5-Oct-11,5.58,5.58,5.58,5.58,100
4-Oct-11,5.50,5.50,5.50,5.50,2150
3-Oct-11,5.18,5.18,5.18,5.18,2212
30-Sep-11,5.61,5.61,5.61,5.61,200
29-Sep-11,5.71,5.71,5.71,5.71,400
