Date,Open,High,Low,Close,Volume
27-Sep-12,10.30,10.63,10.26,10.55,61746
26-Sep-12,10.33,10.44,10.19,10.23,65288
25-Sep-12,10.53,10.71,10.33,10.35,88325
24-Sep-12,10.32,10.60,10.31,10.48,48852
21-Sep-12,10.47,10.60,10.36,10.40,74206
20-Sep-12,10.08,10.45,10.08,10.34,40130
19-Sep-12,9.83,10.27,9.83,10.18,38411
18-Sep-12,9.65,9.85,9.73,9.81,12825
17-Sep-12,9.83,9.83,9.60,9.69,12372
14-Sep-12,9.51,9.90,9.51,9.82,14358
13-Sep-12,9.23,9.57,9.16,9.52,25690
12-Sep-12,9.15,9.32,9.15,9.20,14650
11-Sep-12,9.23,9.29,8.88,9.22,15683
10-Sep-12,9.22,9.39,8.98,9.19,17562
7-Sep-12,9.21,9.28,9.01,9.23,70966
6-Sep-12,8.90,9.45,8.87,9.13,85399
5-Sep-12,8.86,8.95,8.82,8.87,85415
4-Sep-12,8.72,8.91,8.67,8.90,112235
31-Aug-12,8.89,8.89,8.66,8.75,45501
30-Aug-12,8.92,8.95,8.71,8.78,55724
29-Aug-12,8.74,8.99,8.69,8.94,114155
28-Aug-12,8.50,8.75,8.50,8.75,29951
27-Aug-12,8.59,8.59,8.46,8.53,17514
24-Aug-12,8.40,8.56,8.38,8.52,19789
23-Aug-12,8.43,8.52,8.34,8.44,27934
22-Aug-12,8.51,8.62,8.42,8.46,41381
21-Aug-12,8.54,8.75,8.47,8.48,69375
20-Aug-12,8.58,8.63,8.36,8.52,74870
17-Aug-12,8.50,8.62,8.48,8.62,84019
16-Aug-12,8.63,8.69,8.43,8.53,88949
15-Aug-12,8.47,8.62,8.44,8.62,35983
14-Aug-12,8.61,8.61,8.38,8.47,51910
13-Aug-12,8.52,8.63,8.31,8.55,43346
10-Aug-12,8.48,8.59,8.40,8.54,40298
9-Aug-12,8.49,8.57,8.36,8.53,47628
8-Aug-12,8.59,8.59,8.42,8.53,67018
7-Aug-12,8.60,8.72,8.44,8.46,127947
6-Aug-12,8.36,8.55,8.31,8.52,120310
3-Aug-12,8.25,8.61,8.25,8.48,138660
2-Aug-12,7.98,8.16,7.92,8.13,58973
1-Aug-12,8.09,8.20,8.00,8.02,119489
31-Jul-12,7.91,8.24,7.86,8.04,115257
30-Jul-12,7.81,7.96,7.68,7.93,91702
27-Jul-12,7.58,7.80,7.24,7.75,85641
26-Jul-12,7.94,8.04,7.47,7.58,129453
25-Jul-12,7.93,7.96,7.69,7.79,113426
24-Jul-12,7.46,8.02,7.36,7.85,369918
23-Jul-12,7.30,7.50,7.16,7.46,275808
20-Jul-12,6.65,7.27,6.52,7.21,209193
19-Jul-12,6.57,6.66,6.34,6.60,71294
18-Jul-12,6.30,6.58,6.26,6.48,78036
17-Jul-12,6.25,6.38,6.20,6.33,36290
16-Jul-12,6.45,6.46,6.21,6.24,97746
13-Jul-12,6.21,6.54,6.12,6.50,61644
12-Jul-12,6.39,6.40,6.18,6.21,82734
11-Jul-12,6.30,6.58,6.30,6.47,71931
10-Jul-12,6.72,6.74,6.28,6.33,91527
9-Jul-12,6.89,6.91,6.67,6.70,98590
6-Jul-12,7.02,7.10,6.82,6.87,52353
5-Jul-12,7.19,7.26,6.90,7.09,85684
3-Jul-12,7.32,7.39,7.25,7.31,105193
2-Jul-12,6.96,7.31,6.96,7.28,165762
29-Jun-12,6.78,6.99,6.64,6.91,101507
28-Jun-12,6.71,6.83,6.48,6.60,38217
27-Jun-12,6.82,6.89,6.67,6.77,38640
26-Jun-12,6.76,6.97,6.74,6.81,64645
25-Jun-12,6.79,6.82,6.59,6.78,162996
22-Jun-12,6.76,6.93,6.69,6.85,149247
21-Jun-12,6.96,6.99,6.69,6.71,89298
20-Jun-12,6.89,7.03,6.77,6.94,79060
19-Jun-12,6.92,7.08,6.83,6.87,107159
18-Jun-12,6.77,7.00,6.76,6.90,112054
15-Jun-12,6.66,6.91,6.66,6.84,154723
14-Jun-12,6.40,6.73,6.30,6.64,145834
13-Jun-12,6.49,6.56,6.30,6.40,180662
12-Jun-12,6.54,6.64,6.37,6.56,118693
11-Jun-12,6.99,6.99,6.46,6.49,124698
8-Jun-12,6.75,6.98,6.67,6.89,107512
7-Jun-12,6.97,7.04,6.71,6.73,102126
6-Jun-12,6.77,7.03,6.72,6.85,214714
5-Jun-12,6.67,6.79,6.54,6.72,99819
4-Jun-12,6.56,6.72,6.46,6.72,94310
1-Jun-12,6.53,6.59,6.31,6.52,90758
31-May-12,6.55,6.72,6.31,6.65,397483
30-May-12,6.55,6.58,6.45,6.54,78803
29-May-12,6.82,6.82,6.58,6.62,80736
25-May-12,6.69,6.76,6.58,6.70,77220
24-May-12,6.55,6.76,6.35,6.73,155309
23-May-12,6.27,6.57,6.20,6.57,177289
22-May-12,6.49,6.49,6.26,6.30,193126
21-May-12,6.25,6.47,6.24,6.45,173070
18-May-12,6.34,6.40,6.15,6.25,181292
17-May-12,6.63,6.64,6.33,6.34,160945
16-May-12,6.87,6.89,6.60,6.64,146777
15-May-12,6.84,6.95,6.80,6.87,120579
14-May-12,6.85,6.92,6.78,6.84,170259
11-May-12,6.86,6.95,6.77,6.95,108171
10-May-12,6.91,6.92,6.73,6.90,175919
9-May-12,6.73,6.86,6.60,6.85,278609
8-May-12,6.71,6.86,6.61,6.79,217763
7-May-12,6.62,6.79,6.50,6.74,276171
4-May-12,6.46,6.69,6.35,6.64,368993
3-May-12,6.51,6.59,6.33,6.51,434625
2-May-12,6.01,6.60,5.95,6.55,500885
1-May-12,6.02,6.17,5.91,6.03,158851
30-Apr-12,6.10,6.11,5.98,6.03,117141
27-Apr-12,5.91,6.15,5.79,6.11,227069
26-Apr-12,5.65,5.86,5.64,5.86,82503
25-Apr-12,5.70,5.72,5.57,5.66,114975
24-Apr-12,5.59,5.68,5.48,5.66,130357
23-Apr-12,5.68,5.68,5.39,5.60,181180
20-Apr-12,5.98,6.00,5.68,5.75,216614
19-Apr-12,5.61,6.25,5.55,5.90,645429
18-Apr-12,5.38,5.56,5.27,5.53,250086
17-Apr-12,5.09,5.39,5.09,5.38,155442
16-Apr-12,5.01,5.06,5.00,5.04,114309
13-Apr-12,5.10,5.10,5.00,5.01,134168
12-Apr-12,5.14,5.16,5.10,5.14,56817
11-Apr-12,5.15,5.19,5.09,5.15,100522
10-Apr-12,5.20,5.23,5.09,5.10,146571
9-Apr-12,5.21,5.33,5.20,5.23,131309
5-Apr-12,5.41,5.58,5.25,5.25,223097
4-Apr-12,5.22,5.60,5.20,5.49,330039
3-Apr-12,5.31,5.32,5.25,5.26,74971
2-Apr-12,5.27,5.32,5.20,5.32,152510
30-Mar-12,5.33,5.33,5.24,5.24,111407
29-Mar-12,5.32,5.37,5.24,5.30,121558
28-Mar-12,5.57,5.57,5.31,5.36,156429
27-Mar-12,5.83,5.95,5.57,5.58,174204
26-Mar-12,5.59,5.97,5.57,5.93,192418
23-Mar-12,5.61,5.61,5.45,5.54,60878
22-Mar-12,5.52,5.65,5.43,5.62,135209
21-Mar-12,5.34,5.65,5.33,5.56,125123
20-Mar-12,5.51,5.53,5.33,5.34,86976
19-Mar-12,5.41,5.80,5.35,5.52,266235
16-Mar-12,5.39,5.45,5.24,5.43,190949
15-Mar-12,5.32,5.46,5.27,5.40,81226
14-Mar-12,5.26,5.32,5.23,5.31,129756
13-Mar-12,5.25,5.30,5.24,5.28,121905
12-Mar-12,5.34,5.34,5.22,5.23,111945
9-Mar-12,5.26,5.48,5.23,5.34,335965
8-Mar-12,5.12,5.43,4.97,5.25,472299
7-Mar-12,5.39,5.43,5.15,5.17,336889
6-Mar-12,5.81,5.82,5.35,5.37,474719
5-Mar-12,6.31,6.31,5.85,5.88,428497
2-Mar-12,6.20,6.25,5.89,6.11,912898
1-Mar-12,6.39,6.99,6.39,6.88,563876
29-Feb-12,6.56,6.58,6.34,6.36,105752
28-Feb-12,6.63,6.70,6.53,6.58,61615
27-Feb-12,6.61,6.68,6.55,6.63,33927
24-Feb-12,6.74,6.75,6.60,6.68,57691
23-Feb-12,6.73,6.85,6.66,6.73,86758
22-Feb-12,6.75,6.77,6.64,6.73,87289
21-Feb-12,6.77,6.85,6.74,6.77,82577
17-Feb-12,6.64,6.86,6.64,6.77,88026
16-Feb-12,6.62,6.64,6.60,6.62,74891
15-Feb-12,6.83,6.86,6.55,6.64,87790
14-Feb-12,6.99,7.10,6.80,6.84,76889
13-Feb-12,7.01,7.12,6.97,7.03,59669
10-Feb-12,7.12,7.12,7.12,7.12,0
9-Feb-12,7.20,7.28,7.11,7.16,50893
8-Feb-12,7.01,7.25,7.01,7.21,97697
7-Feb-12,6.94,7.15,6.91,7.08,315136
6-Feb-12,6.94,6.94,6.94,6.94,0
3-Feb-12,6.94,7.19,6.93,7.05,116584
2-Feb-12,6.89,6.89,6.89,6.89,0
1-Feb-12,6.79,6.98,6.70,6.85,108146
31-Jan-12,6.92,6.97,6.76,6.77,144842
30-Jan-12,6.98,7.04,6.88,6.90,81895
27-Jan-12,6.91,7.06,6.90,7.01,56405
26-Jan-12,6.97,7.06,6.90,6.95,128866
25-Jan-12,6.76,6.95,6.76,6.95,157549
24-Jan-12,6.74,6.87,6.72,6.78,102312
23-Jan-12,6.95,7.03,6.80,6.81,89225
20-Jan-12,6.77,7.00,6.77,6.95,94043
19-Jan-12,6.86,6.95,6.67,6.82,155502
18-Jan-12,6.87,6.87,6.87,6.87,0
17-Jan-12,6.85,6.85,6.59,6.68,138751
13-Jan-12,6.83,6.83,6.83,6.83,0
12-Jan-12,7.00,7.00,6.80,6.83,125953
11-Jan-12,6.93,7.06,6.91,7.02,106879
10-Jan-12,6.98,6.98,6.98,6.98,0
9-Jan-12,7.04,7.21,7.00,7.09,182538
6-Jan-12,7.01,7.01,7.01,7.01,0
5-Jan-12,7.49,7.49,7.09,7.19,159051
4-Jan-12,7.70,7.80,7.34,7.51,141620
3-Jan-12,7.71,7.71,7.71,7.71,0
30-Dec-11,7.84,7.84,7.84,7.84,0
29-Dec-11,7.78,7.79,7.70,7.70,96930
28-Dec-11,7.86,7.86,7.86,7.86,0
27-Dec-11,7.75,8.00,7.75,8.00,73066
23-Dec-11,7.77,7.77,7.77,7.77,0
22-Dec-11,7.82,7.83,7.75,7.81,87784
21-Dec-11,7.85,7.90,7.75,7.80,92970
20-Dec-11,7.78,7.94,7.78,7.90,104674
19-Dec-11,7.99,8.00,7.75,7.76,95797
16-Dec-11,7.95,7.95,7.95,7.95,0
15-Dec-11,8.06,8.11,7.87,7.92,54122
14-Dec-11,7.79,7.99,7.75,7.94,63490
13-Dec-11,8.09,8.15,7.80,7.91,48154
12-Dec-11,7.97,8.10,7.91,8.01,46177
9-Dec-11,7.88,8.22,7.75,8.11,128994
8-Dec-11,7.90,8.00,7.79,7.85,50307
7-Dec-11,7.76,8.05,7.75,7.98,48831
6-Dec-11,7.97,7.97,7.77,7.81,56783
5-Dec-11,7.80,7.80,7.80,7.80,0
2-Dec-11,8.38,8.55,8.18,8.24,64908
1-Dec-11,8.26,8.44,8.10,8.32,97513
30-Nov-11,8.20,8.29,7.91,8.26,194545
29-Nov-11,8.00,8.08,7.85,7.89,36793
28-Nov-11,8.03,8.36,7.87,7.97,119005
25-Nov-11,7.91,8.12,7.75,7.75,45730
23-Nov-11,7.95,7.95,7.95,7.95,0
22-Nov-11,8.01,8.27,8.00,8.00,79826
21-Nov-11,8.00,8.10,7.88,8.01,116799
18-Nov-11,8.13,8.18,7.96,8.02,64426
17-Nov-11,8.16,8.32,8.07,8.09,33327
16-Nov-11,8.30,8.47,8.13,8.14,51145
15-Nov-11,8.18,8.66,8.18,8.41,74237
14-Nov-11,8.34,8.48,8.19,8.26,36392
11-Nov-11,8.28,8.40,8.21,8.38,44125
10-Nov-11,8.11,8.24,8.00,8.23,66659
9-Nov-11,8.00,8.29,8.00,8.04,90987
8-Nov-11,8.21,8.28,8.00,8.23,56917
7-Nov-11,8.10,8.33,8.00,8.19,57124
4-Nov-11,8.25,8.37,8.03,8.14,103727
3-Nov-11,8.22,8.44,8.03,8.36,120322
2-Nov-11,8.12,8.18,7.94,8.16,137091
1-Nov-11,7.98,8.18,7.91,7.95,250141
31-Oct-11,8.91,9.11,8.30,8.30,304023
28-Oct-11,9.47,9.59,8.99,9.06,121461
27-Oct-11,9.03,9.90,9.01,9.54,159120
26-Oct-11,10.15,10.15,9.43,9.49,89694
25-Oct-11,10.20,10.20,10.20,10.20,0
24-Oct-11,10.37,10.81,10.37,10.59,62652
21-Oct-11,10.39,10.48,10.18,10.30,81129
20-Oct-11,10.20,10.24,9.87,10.17,37549
19-Oct-11,10.37,10.40,10.06,10.15,24103
18-Oct-11,10.10,10.51,9.99,10.36,49727
17-Oct-11,10.23,10.23,10.23,10.23,0
14-Oct-11,10.37,10.37,9.96,10.29,63699
13-Oct-11,10.02,10.24,9.84,10.17,48132
12-Oct-11,10.08,10.30,9.96,10.10,68948
11-Oct-11,9.64,9.98,9.64,9.94,40856
10-Oct-11,9.50,9.50,9.50,9.50,0
7-Oct-11,9.61,9.66,9.16,9.38,54074
6-Oct-11,9.31,9.71,9.17,9.61,54317
5-Oct-11,9.55,9.94,9.22,9.30,75017
4-Oct-11,9.04,9.04,9.04,9.04,0
3-Oct-11,9.18,9.42,8.89,8.95,104217
30-Sep-11,9.59,9.76,9.25,9.27,72564
29-Sep-11,9.70,9.80,9.08,9.77,60659
