Date,Open,High,Low,Close,Volume
26-Sep-12,30.25,30.59,30.15,30.28,220786
25-Sep-12,30.99,31.37,30.29,30.33,213090
24-Sep-12,30.56,31.07,30.26,30.89,191685
21-Sep-12,30.97,30.97,30.36,30.50,243750
20-Sep-12,30.44,30.64,30.25,30.54,90528
19-Sep-12,30.45,30.94,30.32,30.77,70921
18-Sep-12,30.24,30.52,30.04,30.36,52081
17-Sep-12,30.71,30.71,30.15,30.38,54355
14-Sep-12,31.23,31.23,30.49,30.80,94627
13-Sep-12,31.25,31.62,30.80,31.15,48206
12-Sep-12,31.07,31.16,30.32,31.13,35375
11-Sep-12,30.40,31.00,30.34,30.94,60852
10-Sep-12,30.15,30.45,30.01,30.38,41319
7-Sep-12,30.28,30.31,29.98,30.21,121397
6-Sep-12,29.60,30.39,29.45,30.11,280028
5-Sep-12,30.13,30.53,29.40,29.42,253769
4-Sep-12,30.17,30.60,29.64,30.37,176216
31-Aug-12,30.33,30.33,29.75,30.10,110168
30-Aug-12,30.13,30.16,29.88,30.01,94599
29-Aug-12,30.31,30.76,30.14,30.31,157208
28-Aug-12,30.11,30.42,30.03,30.26,179266
27-Aug-12,30.62,30.78,29.94,30.02,159430
24-Aug-12,30.63,30.84,30.33,30.39,253862
23-Aug-12,31.24,31.49,30.35,30.61,303631
22-Aug-12,31.60,32.06,31.20,31.25,385350
21-Aug-12,32.30,32.42,31.68,31.73,334677
20-Aug-12,32.60,32.80,32.10,32.31,265699
17-Aug-12,32.05,32.75,31.90,32.69,264005
16-Aug-12,31.82,32.15,31.60,32.10,232367
15-Aug-12,31.22,32.01,31.17,31.97,97860
14-Aug-12,31.23,31.62,31.23,31.36,247013
13-Aug-12,30.83,31.05,30.58,31.00,102335
10-Aug-12,30.78,31.10,30.58,30.92,140272
9-Aug-12,31.39,31.69,30.73,30.78,229637
8-Aug-12,31.15,31.75,31.04,31.58,299071
7-Aug-12,31.59,31.94,31.20,31.27,194292
6-Aug-12,30.92,31.55,30.91,31.36,235833
3-Aug-12,30.10,31.32,29.97,30.93,279966
2-Aug-12,29.11,29.95,29.05,29.85,325365
1-Aug-12,29.92,30.07,29.01,29.39,322255
31-Jul-12,29.74,30.09,29.63,29.75,276552
30-Jul-12,29.96,30.29,29.59,29.89,208527
27-Jul-12,28.62,30.44,28.62,29.90,360770
26-Jul-12,28.76,29.17,28.28,28.60,335198
25-Jul-12,28.20,28.35,27.96,28.31,426112
24-Jul-12,27.99,28.28,27.90,28.10,428491
23-Jul-12,27.96,28.17,27.26,28.03,376147
20-Jul-12,29.25,29.97,27.86,28.60,1227314
19-Jul-12,31.70,32.12,31.39,31.87,238194
18-Jul-12,31.50,32.03,31.36,31.46,362643
17-Jul-12,32.89,33.11,31.45,31.73,944287
16-Jul-12,34.68,34.80,34.23,34.43,170370
13-Jul-12,34.42,35.23,34.42,34.94,190196
12-Jul-12,34.05,34.55,33.90,34.38,141390
11-Jul-12,34.82,34.93,34.05,34.27,173263
10-Jul-12,35.64,35.66,34.58,34.67,158553
9-Jul-12,35.70,35.85,35.17,35.39,144350
6-Jul-12,35.77,36.13,35.57,35.72,78691
5-Jul-12,36.18,36.55,36.13,36.23,118169
3-Jul-12,35.65,36.40,35.65,36.38,178552
2-Jul-12,36.37,36.54,35.29,35.74,315417
29-Jun-12,35.68,36.20,35.37,36.13,131892
28-Jun-12,34.46,34.97,34.10,34.90,122264
27-Jun-12,34.45,34.81,34.25,34.73,147020
26-Jun-12,34.48,34.72,34.09,34.45,219111
25-Jun-12,34.59,34.74,34.28,34.50,284595
22-Jun-12,35.23,35.29,34.87,35.12,190653
21-Jun-12,36.11,36.30,34.99,35.13,143119
20-Jun-12,36.45,36.51,35.81,36.15,183696
19-Jun-12,35.43,36.68,35.38,36.40,221108
18-Jun-12,34.42,35.45,34.42,35.29,190184
15-Jun-12,34.18,34.92,34.18,34.78,208566
14-Jun-12,33.84,34.49,33.71,34.27,213147
13-Jun-12,34.07,34.48,33.64,33.87,120878
12-Jun-12,34.06,34.55,33.70,34.14,137121
11-Jun-12,35.14,35.17,33.83,33.88,186600
8-Jun-12,34.04,35.01,33.97,34.89,107393
7-Jun-12,34.79,35.10,34.09,34.10,181860
6-Jun-12,33.74,34.46,33.74,34.45,198848
5-Jun-12,33.69,33.90,33.46,33.53,165945
4-Jun-12,33.85,34.06,33.37,33.77,136315
1-Jun-12,34.00,34.27,33.60,33.63,202413
31-May-12,34.85,35.15,34.22,34.96,238165
30-May-12,35.23,35.30,34.64,34.68,144665
29-May-12,35.37,36.14,35.37,35.66,130953
25-May-12,35.50,35.65,35.20,35.25,127560
24-May-12,35.52,36.23,35.21,35.59,176113
23-May-12,34.50,35.77,34.28,35.63,261595
22-May-12,35.44,35.52,34.69,34.84,293790
21-May-12,34.45,35.50,34.21,35.38,361181
18-May-12,33.75,34.74,33.75,34.20,365130
17-May-12,33.88,33.98,33.09,33.15,151561
16-May-12,34.01,34.37,33.78,33.88,78139
15-May-12,33.66,34.92,33.66,33.96,113340
14-May-12,33.72,34.10,33.51,33.80,170131
11-May-12,33.77,34.53,33.66,34.28,104307
10-May-12,34.28,34.37,33.81,34.06,116280
9-May-12,34.19,34.44,33.91,34.07,128859
8-May-12,34.70,34.82,34.30,34.68,144127
7-May-12,34.66,35.18,34.51,35.00,150110
4-May-12,35.38,35.62,34.82,34.86,146024
3-May-12,36.12,36.47,35.45,35.53,201122
2-May-12,34.75,36.05,34.75,36.01,193885
1-May-12,34.90,35.87,34.63,35.43,224266
30-Apr-12,35.06,35.17,34.76,35.00,168251
27-Apr-12,35.21,35.58,34.90,35.18,229037
26-Apr-12,34.91,35.21,34.54,35.10,170282
25-Apr-12,35.61,35.83,35.00,35.07,229451
24-Apr-12,35.00,35.15,34.62,35.07,237809
23-Apr-12,35.22,35.24,34.62,35.01,296053
20-Apr-12,37.47,37.47,34.72,35.62,423204
19-Apr-12,35.53,36.05,35.34,35.43,206195
18-Apr-12,35.69,35.86,35.38,35.60,173974
17-Apr-12,35.52,36.07,35.31,35.78,141103
16-Apr-12,35.48,35.65,35.20,35.37,215582
13-Apr-12,35.22,35.27,34.90,35.21,170573
12-Apr-12,35.23,35.64,35.15,35.42,189523
11-Apr-12,34.26,35.07,34.13,35.07,360929
10-Apr-12,34.72,34.76,33.67,33.86,188551
9-Apr-12,35.01,35.06,34.82,34.88,115194
5-Apr-12,35.16,35.57,35.16,35.50,66575
4-Apr-12,35.40,35.60,35.14,35.35,104563
3-Apr-12,36.02,36.09,35.59,35.84,151735
2-Apr-12,35.90,36.10,35.69,36.08,157107
30-Mar-12,36.26,36.26,35.70,36.03,156551
29-Mar-12,35.78,36.11,35.40,36.04,153898
28-Mar-12,36.17,36.25,35.75,36.11,128016
27-Mar-12,36.18,36.29,36.02,36.11,138536
26-Mar-12,35.73,36.22,35.62,36.18,235681
23-Mar-12,35.40,35.53,34.91,35.50,258993
22-Mar-12,35.68,35.68,35.12,35.31,319695
21-Mar-12,35.81,36.25,35.45,36.11,182924
20-Mar-12,36.19,36.42,35.53,35.70,181533
19-Mar-12,36.20,36.73,36.05,36.50,276790
16-Mar-12,36.72,36.80,36.16,36.17,258232
15-Mar-12,35.81,36.64,35.58,36.59,189440
14-Mar-12,36.22,36.34,35.46,35.68,161354
13-Mar-12,35.96,36.27,35.65,36.27,236212
12-Mar-12,35.65,35.75,35.18,35.72,155678
9-Mar-12,35.02,35.80,34.81,35.60,232600
8-Mar-12,34.47,35.18,34.05,34.96,155121
7-Mar-12,34.44,34.51,34.18,34.20,248345
6-Mar-12,34.47,35.04,34.35,34.39,189330
5-Mar-12,34.71,35.08,34.43,34.91,251810
2-Mar-12,35.66,35.70,34.75,34.91,391027
1-Mar-12,35.84,36.19,35.52,35.85,248558
29-Feb-12,35.82,36.23,35.44,35.63,240210
28-Feb-12,36.13,36.58,35.67,35.83,180321
27-Feb-12,35.77,36.67,35.44,36.23,280582
24-Feb-12,36.50,36.60,35.81,35.93,122719
23-Feb-12,35.46,36.48,35.25,36.48,256267
22-Feb-12,35.49,35.88,35.32,35.46,199726
21-Feb-12,35.63,35.82,35.28,35.55,311282
17-Feb-12,36.22,36.22,35.57,35.59,155950
16-Feb-12,34.44,36.01,34.44,36.00,163935
15-Feb-12,35.57,35.57,34.34,34.47,239298
14-Feb-12,35.64,35.76,35.25,35.50,110930
13-Feb-12,35.22,36.00,34.93,35.81,185057
10-Feb-12,34.47,35.08,34.46,34.96,149576
9-Feb-12,35.61,35.81,34.89,34.95,204555
8-Feb-12,35.47,35.82,35.30,35.54,220996
7-Feb-12,35.51,35.51,35.51,35.51,0
6-Feb-12,35.11,35.56,34.97,35.37,89243
3-Feb-12,35.39,36.24,35.14,35.23,313049
2-Feb-12,34.94,35.05,34.20,34.73,294529
1-Feb-12,34.31,35.35,34.05,35.01,295116
31-Jan-12,34.27,34.31,33.43,34.23,276735
30-Jan-12,33.78,34.33,33.16,34.14,135966
27-Jan-12,34.35,34.47,32.66,34.13,848533
26-Jan-12,34.36,34.82,34.25,34.37,197474
25-Jan-12,34.20,34.20,34.20,34.20,0
24-Jan-12,34.57,34.57,33.97,34.11,175531
23-Jan-12,34.70,34.98,34.47,34.75,174024
20-Jan-12,34.56,34.92,34.49,34.80,256341
19-Jan-12,33.62,34.67,33.62,34.50,251270
18-Jan-12,33.23,33.71,32.28,33.40,323085
17-Jan-12,34.13,34.13,33.00,33.12,446378
13-Jan-12,33.17,33.17,33.17,33.17,0
12-Jan-12,33.10,34.04,33.10,33.80,281315
11-Jan-12,33.17,33.30,32.84,33.01,282270
10-Jan-12,32.83,33.43,32.74,33.31,296598
9-Jan-12,32.78,32.78,32.25,32.42,286398
6-Jan-12,32.25,32.97,32.13,32.64,329977
5-Jan-12,32.44,32.70,31.96,32.31,242039
4-Jan-12,32.67,33.79,32.19,32.70,218910
3-Jan-12,33.17,33.55,32.94,32.96,290706
30-Dec-11,32.43,32.43,32.43,32.43,0
29-Dec-11,32.44,33.06,32.19,32.89,122877
28-Dec-11,32.35,32.35,32.35,32.35,0
27-Dec-11,32.91,33.24,32.66,33.08,83096
23-Dec-11,33.02,33.02,33.02,33.02,0
22-Dec-11,32.58,33.00,32.47,32.97,116219
21-Dec-11,32.45,32.51,31.92,32.46,108203
20-Dec-11,31.32,32.47,31.13,32.41,197538
19-Dec-11,31.82,32.10,30.56,30.63,243340
16-Dec-11,31.70,31.70,31.70,31.70,0
15-Dec-11,30.88,31.23,30.64,30.85,142129
14-Dec-11,30.42,30.76,30.24,30.36,328354
13-Dec-11,31.44,31.89,30.60,30.70,303336
12-Dec-11,30.84,31.22,30.48,31.19,225367
9-Dec-11,30.75,31.54,30.70,31.31,521358
8-Dec-11,31.52,31.53,30.52,30.58,257415
7-Dec-11,31.04,32.06,30.92,31.89,213505
6-Dec-11,31.52,31.66,30.96,31.24,227041
5-Dec-11,31.15,31.95,30.68,31.51,300646
2-Dec-11,30.11,30.78,30.06,30.51,238302
1-Dec-11,29.54,29.54,29.54,29.54,0
30-Nov-11,30.06,30.58,29.43,29.78,696769
29-Nov-11,29.44,29.93,28.89,28.89,334695
28-Nov-11,29.33,30.08,29.04,29.23,276635
25-Nov-11,28.56,29.14,28.19,28.29,149252
23-Nov-11,28.69,28.69,28.69,28.69,0
22-Nov-11,30.70,30.95,29.83,29.90,315448
21-Nov-11,30.45,30.91,30.42,30.69,407333
18-Nov-11,30.84,31.54,30.74,31.12,344505
17-Nov-11,30.68,31.12,30.55,30.78,507375
16-Nov-11,30.47,31.57,30.47,30.68,511792
15-Nov-11,30.57,31.08,30.12,30.80,603028
14-Nov-11,31.52,31.95,30.46,30.72,393193
11-Nov-11,31.02,32.03,30.94,31.77,274806
10-Nov-11,31.23,31.39,30.46,30.59,334571
9-Nov-11,31.25,31.37,30.51,30.73,328175
8-Nov-11,31.59,32.28,31.00,32.16,204632
7-Nov-11,31.38,31.52,30.47,31.26,245947
4-Nov-11,31.52,31.52,31.52,31.52,0
3-Nov-11,31.45,32.12,30.68,31.98,231520
2-Nov-11,31.07,31.22,30.08,30.91,293179
1-Nov-11,31.11,31.11,31.11,31.11,0
31-Oct-11,31.65,31.65,31.15,31.26,375733
28-Oct-11,32.41,32.41,32.41,32.41,0
27-Oct-11,31.70,32.81,31.11,32.00,683910
26-Oct-11,31.81,32.23,30.55,30.60,659647
25-Oct-11,31.40,31.55,29.64,31.19,1573318
24-Oct-11,34.01,34.69,33.89,34.50,266557
21-Oct-11,33.85,34.02,33.42,33.98,213336
20-Oct-11,32.92,32.92,32.92,32.92,0
19-Oct-11,32.90,33.19,32.23,32.43,266830
18-Oct-11,32.91,32.91,32.91,32.91,0
17-Oct-11,33.00,33.00,31.94,32.10,332841
14-Oct-11,31.96,33.65,31.96,33.36,553927
13-Oct-11,31.07,31.51,30.77,31.45,329662
12-Oct-11,30.58,31.56,30.45,31.37,363184
11-Oct-11,29.75,30.45,29.70,30.34,230104
10-Oct-11,29.27,30.04,29.24,30.01,150144
7-Oct-11,28.83,28.83,28.83,28.83,0
6-Oct-11,28.63,29.55,28.42,29.52,171482
5-Oct-11,27.64,29.01,27.38,28.77,286273
4-Oct-11,26.48,27.81,26.05,27.68,372039
3-Oct-11,26.92,26.92,26.92,26.92,0
30-Sep-11,28.66,29.04,28.23,28.27,303010
29-Sep-11,28.37,29.14,28.17,29.10,404368
