Date,Open,High,Low,Close,Volume
27-Sep-12,1.50,1.51,1.49,1.50,41006
26-Sep-12,1.50,1.50,1.49,1.49,78065
25-Sep-12,1.48,1.51,1.47,1.50,205556
24-Sep-12,1.47,1.49,1.47,1.48,75856
21-Sep-12,1.49,1.54,1.44,1.44,409826
20-Sep-12,1.52,1.52,1.48,1.49,93713
19-Sep-12,1.50,1.51,1.48,1.50,216920
18-Sep-12,1.54,1.54,1.47,1.49,87672
17-Sep-12,1.50,1.50,1.49,1.50,31947
14-Sep-12,1.50,1.51,1.49,1.50,336763
13-Sep-12,1.50,1.52,1.47,1.50,159503
12-Sep-12,1.50,1.51,1.49,1.50,136485
11-Sep-12,1.50,1.50,1.47,1.50,46049
10-Sep-12,1.51,1.51,1.46,1.49,149798
7-Sep-12,1.50,1.53,1.48,1.49,153637
6-Sep-12,1.50,1.53,1.48,1.50,146255
5-Sep-12,1.67,1.67,1.49,1.50,182459
4-Sep-12,1.51,1.55,1.47,1.50,81887
31-Aug-12,1.46,1.50,1.45,1.48,99143
30-Aug-12,1.45,1.50,1.45,1.48,99309
29-Aug-12,1.51,1.51,1.42,1.43,221152
28-Aug-12,1.59,1.59,1.47,1.49,271794
27-Aug-12,1.59,1.60,1.55,1.56,105824
24-Aug-12,1.60,1.60,1.52,1.59,112741
23-Aug-12,1.59,1.60,1.56,1.60,104170
22-Aug-12,1.58,1.59,1.56,1.57,106362
21-Aug-12,1.61,1.61,1.57,1.60,186927
20-Aug-12,1.64,1.64,1.57,1.60,284103
17-Aug-12,1.56,1.61,1.52,1.60,57714
16-Aug-12,1.60,1.60,1.52,1.54,69400
15-Aug-12,1.42,1.65,1.42,1.59,113732
14-Aug-12,1.28,1.39,1.28,1.33,35072
13-Aug-12,1.34,1.35,1.31,1.31,4440
10-Aug-12,1.27,1.33,1.27,1.33,5361
9-Aug-12,1.24,1.31,1.23,1.26,8400
8-Aug-12,1.21,1.26,1.21,1.24,8520
7-Aug-12,1.22,1.23,1.20,1.20,20880
6-Aug-12,1.20,1.23,1.20,1.22,10192
3-Aug-12,1.23,1.25,1.19,1.20,16520
2-Aug-12,1.20,1.25,1.18,1.18,109643
1-Aug-12,1.24,1.25,1.20,1.20,151106
31-Jul-12,1.27,1.27,1.24,1.25,112566
30-Jul-12,1.26,1.27,1.20,1.25,62911
27-Jul-12,1.33,1.33,1.22,1.26,176636
26-Jul-12,1.15,1.37,1.15,1.30,448556
25-Jul-12,1.23,1.24,1.15,1.15,349128
24-Jul-12,1.28,1.29,1.24,1.25,185009
23-Jul-12,1.31,1.32,1.25,1.31,132993
20-Jul-12,1.37,1.37,1.30,1.32,104101
19-Jul-12,1.31,1.36,1.31,1.35,320424
18-Jul-12,1.40,1.40,1.30,1.30,415723
17-Jul-12,1.53,1.62,1.18,1.42,563159
16-Jul-12,1.54,1.54,1.49,1.51,146507
13-Jul-12,1.57,1.59,1.51,1.52,193339
12-Jul-12,1.57,1.59,1.55,1.55,116397
11-Jul-12,1.62,1.62,1.45,1.60,255284
10-Jul-12,1.65,1.66,1.61,1.62,184197
9-Jul-12,1.64,1.65,1.60,1.65,235269
6-Jul-12,1.64,1.65,1.61,1.63,189301
5-Jul-12,1.61,1.65,1.61,1.63,205637
3-Jul-12,1.65,1.65,1.63,1.65,164286
2-Jul-12,1.65,1.66,1.60,1.63,347660
29-Jun-12,1.66,1.69,1.59,1.62,403995
28-Jun-12,1.66,1.68,1.63,1.65,851940
27-Jun-12,1.81,1.81,1.61,1.63,844179
26-Jun-12,1.57,1.80,1.53,1.79,1324708
25-Jun-12,1.42,1.70,1.42,1.54,1618933
22-Jun-12,1.35,1.43,1.32,1.43,346101
21-Jun-12,1.31,1.36,1.30,1.31,103978
20-Jun-12,1.33,1.35,1.31,1.34,62927
19-Jun-12,1.36,1.38,1.30,1.31,314587
18-Jun-12,1.39,1.39,1.35,1.37,106500
15-Jun-12,1.36,1.40,1.35,1.39,124788
14-Jun-12,1.40,1.40,1.37,1.39,104041
13-Jun-12,1.43,1.43,1.36,1.40,80592
12-Jun-12,1.38,1.40,1.33,1.40,157140
11-Jun-12,1.40,1.42,1.33,1.37,163602
8-Jun-12,1.30,1.42,1.28,1.39,367421
7-Jun-12,1.40,1.40,1.20,1.28,880687
6-Jun-12,1.56,1.56,1.30,1.33,4074310
5-Jun-12,1.13,1.15,1.13,1.15,326780
4-Jun-12,1.14,1.15,1.13,1.15,41616
1-Jun-12,1.14,1.14,1.13,1.13,122589
31-May-12,1.13,1.16,1.13,1.16,102430
30-May-12,1.15,1.15,1.11,1.14,295864
29-May-12,1.13,1.16,1.12,1.15,511795
25-May-12,1.15,1.16,1.13,1.13,38014
24-May-12,1.13,1.17,1.13,1.15,187524
23-May-12,1.13,1.15,1.13,1.13,99448
22-May-12,1.13,1.15,1.12,1.15,93907
21-May-12,1.13,1.14,1.12,1.14,246285
18-May-12,1.17,1.17,1.13,1.13,288089
17-May-12,1.16,1.17,1.13,1.13,134210
16-May-12,1.17,1.18,1.12,1.13,346112
15-May-12,1.17,1.17,1.14,1.14,24573
14-May-12,1.17,1.20,1.14,1.18,75871
11-May-12,1.17,1.20,1.14,1.19,90606
10-May-12,1.15,1.17,1.15,1.15,142439
9-May-12,1.13,1.21,1.13,1.15,629709
8-May-12,1.13,1.14,1.12,1.13,105462
7-May-12,1.22,1.22,1.13,1.13,106311
4-May-12,1.13,1.15,1.13,1.13,52058
3-May-12,1.19,1.19,1.12,1.13,305621
2-May-12,1.13,1.19,1.13,1.19,98882
1-May-12,1.13,1.15,1.12,1.13,79112
30-Apr-12,1.13,1.18,1.12,1.13,164032
27-Apr-12,1.13,1.14,1.12,1.13,246691
26-Apr-12,1.13,1.18,1.12,1.13,165103
25-Apr-12,1.14,1.15,1.13,1.13,61491
24-Apr-12,1.20,1.20,1.13,1.13,50907
23-Apr-12,1.20,1.20,1.13,1.19,246546
20-Apr-12,1.18,1.20,1.13,1.15,195823
19-Apr-12,1.22,1.22,1.13,1.19,114305
18-Apr-12,1.19,1.24,1.13,1.15,261360
17-Apr-12,1.30,1.30,1.13,1.13,528348
16-Apr-12,1.19,1.54,1.18,1.31,1089385
13-Apr-12,1.18,1.18,1.13,1.16,98495
12-Apr-12,1.16,1.22,1.12,1.18,257614
11-Apr-12,1.11,1.16,1.11,1.14,117303
10-Apr-12,1.14,1.14,1.10,1.13,386528
9-Apr-12,1.15,1.15,1.07,1.13,254248
5-Apr-12,1.14,1.15,1.08,1.14,108711
4-Apr-12,1.24,1.24,1.13,1.16,295579
3-Apr-12,1.27,1.27,1.21,1.22,177945
2-Apr-12,1.30,1.31,1.25,1.25,155175
30-Mar-12,1.27,1.30,1.25,1.28,290190
29-Mar-12,1.23,1.32,1.23,1.27,410313
28-Mar-12,1.27,1.29,1.19,1.23,304108
27-Mar-12,1.31,1.35,1.23,1.25,895401
26-Mar-12,1.14,1.31,1.14,1.27,1448942
23-Mar-12,1.14,1.18,1.13,1.15,357026
22-Mar-12,1.16,1.16,1.12,1.13,276498
21-Mar-12,1.16,1.25,1.11,1.15,1705955
20-Mar-12,1.15,1.15,1.10,1.10,85761
19-Mar-12,1.13,1.15,1.11,1.13,213156
16-Mar-12,1.11,1.14,1.09,1.13,528999
15-Mar-12,1.12,1.17,1.09,1.10,370104
14-Mar-12,1.08,1.12,1.08,1.09,84470
13-Mar-12,1.10,1.11,1.08,1.09,91480
12-Mar-12,1.11,1.12,1.10,1.10,109722
9-Mar-12,1.11,1.13,1.10,1.12,139754
8-Mar-12,1.10,1.12,1.09,1.10,127755
7-Mar-12,1.08,1.12,1.08,1.10,30691
6-Mar-12,1.11,1.11,1.08,1.08,69371
5-Mar-12,1.13,1.17,1.08,1.12,261322
2-Mar-12,1.16,1.19,1.10,1.13,149940
1-Mar-12,1.13,1.22,1.12,1.16,582838
29-Feb-12,1.12,1.14,1.11,1.13,353968
28-Feb-12,1.11,1.19,1.09,1.13,411429
27-Feb-12,1.11,1.11,1.06,1.11,100942
24-Feb-12,1.10,1.12,1.10,1.10,279058
23-Feb-12,1.10,1.13,1.08,1.13,173718
22-Feb-12,1.12,1.13,1.10,1.13,290566
21-Feb-12,1.13,1.16,1.12,1.12,165057
17-Feb-12,1.14,1.16,1.12,1.13,316390
16-Feb-12,1.19,1.21,1.12,1.12,394021
15-Feb-12,1.10,1.27,1.10,1.17,1791717
14-Feb-12,1.12,1.18,1.08,1.10,544982
13-Feb-12,1.06,1.15,1.06,1.13,413334
10-Feb-12,1.10,1.10,1.04,1.06,447785
9-Feb-12,1.10,1.17,1.10,1.10,508519
8-Feb-12,1.11,1.12,1.10,1.11,319053
7-Feb-12,1.10,1.19,1.10,1.12,1296358
6-Feb-12,1.12,1.13,1.07,1.10,909327
3-Feb-12,1.20,1.21,1.07,1.15,941273
2-Feb-12,1.33,1.35,1.16,1.21,813209
1-Feb-12,1.33,1.38,1.29,1.34,306487
31-Jan-12,1.46,1.46,1.33,1.33,517095
30-Jan-12,1.45,1.51,1.37,1.42,943326
27-Jan-12,1.36,1.46,1.35,1.43,609557
26-Jan-12,1.48,1.53,1.27,1.36,804558
25-Jan-12,1.58,1.73,1.30,1.47,3505035
24-Jan-12,1.12,1.53,1.12,1.50,3178110
23-Jan-12,0.90,1.11,0.90,1.10,1056630
20-Jan-12,0.84,0.90,0.84,0.89,333358
19-Jan-12,0.77,0.83,0.76,0.82,231289
18-Jan-12,0.76,0.77,0.75,0.76,58249
17-Jan-12,0.75,0.79,0.74,0.75,299818
13-Jan-12,0.74,0.74,0.74,0.74,0
12-Jan-12,0.70,0.75,0.70,0.75,119046
11-Jan-12,0.70,0.72,0.69,0.72,66258
10-Jan-12,0.72,0.73,0.69,0.71,118933
9-Jan-12,0.71,0.73,0.71,0.73,85766
6-Jan-12,0.75,0.75,0.70,0.71,140370
5-Jan-12,0.73,0.74,0.73,0.73,46484
4-Jan-12,0.71,0.73,0.70,0.73,105266
3-Jan-12,0.72,0.76,0.70,0.72,80286
30-Dec-11,0.70,0.70,0.70,0.70,0
29-Dec-11,0.70,0.73,0.68,0.68,167332
28-Dec-11,0.69,0.71,0.68,0.69,181039
27-Dec-11,0.74,0.74,0.71,0.71,143872
23-Dec-11,0.74,0.74,0.74,0.74,0
22-Dec-11,0.76,0.79,0.75,0.75,109267
21-Dec-11,0.74,0.78,0.74,0.77,63724
20-Dec-11,0.70,0.77,0.70,0.74,127036
19-Dec-11,0.69,0.72,0.69,0.70,188850
16-Dec-11,0.67,0.70,0.67,0.68,94493
15-Dec-11,0.66,0.74,0.66,0.69,677491
14-Dec-11,0.75,0.81,0.65,0.66,1715427
13-Dec-11,0.74,0.80,0.73,0.73,485374
12-Dec-11,0.74,0.78,0.67,0.73,630591
9-Dec-11,0.72,0.91,0.72,0.77,2517967
8-Dec-11,0.70,0.72,0.68,0.68,138907
7-Dec-11,0.70,0.79,0.66,0.69,514855
6-Dec-11,0.71,0.71,0.64,0.67,226019
5-Dec-11,0.58,0.74,0.58,0.71,2029183
2-Dec-11,0.55,0.56,0.51,0.53,120116
1-Dec-11,0.54,0.55,0.52,0.54,102741
30-Nov-11,0.54,0.58,0.51,0.54,176282
29-Nov-11,0.53,0.59,0.50,0.54,616665
28-Nov-11,0.60,0.64,0.49,0.57,277392
25-Nov-11,0.63,0.63,0.60,0.60,48532
23-Nov-11,0.63,0.63,0.63,0.63,0
22-Nov-11,0.65,0.65,0.61,0.65,70208
21-Nov-11,0.65,0.65,0.61,0.63,45067
18-Nov-11,0.65,0.65,0.62,0.63,146330
17-Nov-11,0.65,0.67,0.65,0.65,9634
16-Nov-11,0.68,0.69,0.65,0.65,55369
15-Nov-11,0.66,0.68,0.65,0.67,74957
14-Nov-11,0.69,0.69,0.65,0.65,92026
11-Nov-11,0.63,0.69,0.62,0.68,160189
10-Nov-11,0.65,0.65,0.60,0.60,86107
9-Nov-11,0.68,0.70,0.60,0.61,171766
8-Nov-11,0.72,0.73,0.65,0.68,254269
7-Nov-11,0.74,0.74,0.72,0.73,47672
4-Nov-11,0.78,0.79,0.71,0.74,95829
3-Nov-11,0.75,0.83,0.72,0.77,368941
2-Nov-11,0.69,0.73,0.69,0.73,93744
1-Nov-11,0.71,0.71,0.69,0.69,72193
31-Oct-11,0.71,0.72,0.70,0.71,76821
28-Oct-11,0.72,0.72,0.69,0.71,146248
27-Oct-11,0.72,0.72,0.69,0.69,78234
26-Oct-11,0.71,0.71,0.69,0.69,63730
25-Oct-11,0.71,0.71,0.69,0.69,50711
24-Oct-11,0.69,0.77,0.69,0.70,239682
21-Oct-11,0.69,0.72,0.69,0.69,39756
20-Oct-11,0.72,0.72,0.69,0.69,25412
19-Oct-11,0.72,0.72,0.69,0.70,60048
18-Oct-11,0.70,0.73,0.70,0.72,34288
17-Oct-11,0.71,0.75,0.71,0.71,27922
14-Oct-11,0.72,0.74,0.71,0.72,51558
13-Oct-11,0.70,0.75,0.70,0.74,46783
12-Oct-11,0.71,0.76,0.70,0.70,83334
11-Oct-11,0.70,0.78,0.70,0.72,72371
10-Oct-11,0.70,0.72,0.69,0.71,56134
7-Oct-11,0.72,0.75,0.68,0.71,127383
6-Oct-11,0.74,0.75,0.70,0.73,44611
5-Oct-11,0.75,0.79,0.72,0.75,70007
4-Oct-11,0.69,0.79,0.68,0.74,71022
3-Oct-11,0.77,0.79,0.68,0.68,97801
30-Sep-11,0.78,0.83,0.78,0.78,65574
