Date,Open,High,Low,Close,Volume
26-Sep-12,15.86,16.22,15.66,16.18,254911
25-Sep-12,16.09,16.29,15.77,15.83,314768
24-Sep-12,15.99,16.08,15.57,15.97,280941
21-Sep-12,15.48,15.93,15.35,15.92,235869
20-Sep-12,15.01,15.21,14.95,15.19,88537
19-Sep-12,15.26,15.26,15.08,15.13,59695
18-Sep-12,15.53,15.56,15.20,15.27,86973
17-Sep-12,15.80,15.80,15.46,15.58,112737
14-Sep-12,16.20,16.20,15.89,15.92,79014
13-Sep-12,15.66,16.30,15.57,16.12,79477
12-Sep-12,15.50,15.67,15.37,15.60,55889
11-Sep-12,15.50,15.58,15.29,15.47,40387
10-Sep-12,15.48,15.80,15.37,15.45,57386
7-Sep-12,15.09,15.51,15.02,15.48,225064
6-Sep-12,15.15,15.29,14.94,15.03,288175
5-Sep-12,14.76,15.16,14.56,15.14,268381
4-Sep-12,14.47,14.81,14.33,14.71,265114
31-Aug-12,14.58,14.58,14.24,14.50,122796
30-Aug-12,14.41,14.51,14.29,14.44,186703
29-Aug-12,14.15,14.46,13.97,14.44,82699
28-Aug-12,14.07,14.24,13.95,14.14,96257
27-Aug-12,13.98,14.17,13.88,14.11,122621
24-Aug-12,13.64,13.90,13.56,13.89,206244
23-Aug-12,14.00,14.00,13.69,13.70,132266
22-Aug-12,14.12,14.12,13.93,14.00,109283
21-Aug-12,14.41,14.67,14.07,14.09,157469
20-Aug-12,14.45,14.45,14.20,14.33,97035
17-Aug-12,14.23,14.54,14.23,14.51,130447
16-Aug-12,14.15,14.35,14.10,14.29,128661
15-Aug-12,14.15,14.19,14.02,14.15,119121
14-Aug-12,14.18,14.24,13.98,14.13,183665
13-Aug-12,14.26,14.33,14.02,14.27,96473
10-Aug-12,14.13,14.36,14.05,14.32,103270
9-Aug-12,14.20,14.28,14.02,14.12,129636
8-Aug-12,14.25,14.34,14.02,14.17,204550
7-Aug-12,14.39,14.39,14.17,14.24,180609
6-Aug-12,14.35,14.53,14.13,14.25,181998
3-Aug-12,14.20,15.87,13.97,14.30,305438
2-Aug-12,14.06,14.28,13.86,14.10,373193
1-Aug-12,14.25,14.44,14.06,14.07,211622
31-Jul-12,14.48,14.60,14.10,14.14,233659
30-Jul-12,14.76,14.88,14.44,14.46,120803
27-Jul-12,14.33,14.73,14.21,14.70,155426
26-Jul-12,14.24,14.37,13.97,14.22,246023
25-Jul-12,14.20,14.28,13.95,14.00,294478
24-Jul-12,14.26,14.38,13.99,14.08,191336
23-Jul-12,14.34,14.34,14.06,14.16,261997
20-Jul-12,15.02,15.06,14.47,14.51,374309
19-Jul-12,15.61,15.61,15.06,15.14,122815
18-Jul-12,15.58,15.90,15.45,15.49,178978
17-Jul-12,15.18,15.59,15.04,15.55,160809
16-Jul-12,15.34,15.42,15.16,15.25,69783
13-Jul-12,14.97,15.43,14.91,15.32,147336
12-Jul-12,14.99,15.02,14.79,14.87,183737
11-Jul-12,14.98,15.05,14.87,15.02,234345
10-Jul-12,15.10,15.17,14.82,14.89,391838
9-Jul-12,15.00,15.06,14.79,15.03,217722
6-Jul-12,15.02,15.19,14.90,15.01,110031
5-Jul-12,15.55,15.56,15.12,15.16,128764
3-Jul-12,15.39,15.63,15.17,15.52,173770
2-Jul-12,15.28,15.40,14.98,15.35,301095
29-Jun-12,14.76,15.19,14.67,15.17,303472
28-Jun-12,14.38,14.48,14.08,14.47,155566
27-Jun-12,14.20,14.58,14.08,14.43,170178
26-Jun-12,14.16,14.24,13.89,14.15,239298
25-Jun-12,14.03,14.19,13.60,14.16,201608
22-Jun-12,14.05,14.22,13.91,14.22,1535746
21-Jun-12,14.25,14.25,13.78,13.94,189472
20-Jun-12,14.26,14.39,14.16,14.21,101605
19-Jun-12,13.93,14.28,13.79,14.22,523661
18-Jun-12,13.47,13.88,13.36,13.84,231484
15-Jun-12,13.53,13.82,13.36,13.50,367234
14-Jun-12,13.13,13.54,13.09,13.50,277973
13-Jun-12,13.51,13.51,12.99,13.06,246888
12-Jun-12,13.70,13.76,13.40,13.48,117280
11-Jun-12,14.00,14.00,13.59,13.60,166693
8-Jun-12,13.69,13.88,13.49,13.83,199687
7-Jun-12,13.73,13.93,13.62,13.68,185910
6-Jun-12,13.34,13.55,13.31,13.55,259477
5-Jun-12,13.10,13.36,12.94,13.23,327343
4-Jun-12,13.16,13.32,12.96,13.13,195600
1-Jun-12,13.26,13.44,13.02,13.04,232406
31-May-12,13.75,13.75,13.33,13.49,403898
30-May-12,13.91,13.95,13.57,13.69,173742
29-May-12,14.01,14.17,13.86,13.95,156449
25-May-12,13.86,13.93,13.64,13.88,172948
24-May-12,13.84,13.94,13.57,13.80,165267
23-May-12,13.83,13.93,13.48,13.85,256055
22-May-12,13.97,14.02,13.77,13.90,352309
21-May-12,13.76,14.10,13.62,14.00,316350
18-May-12,13.64,14.00,13.59,13.73,300846
17-May-12,13.59,13.76,13.44,13.65,338297
16-May-12,13.71,13.84,13.51,13.58,218833
15-May-12,13.48,13.78,13.44,13.70,282651
14-May-12,13.58,13.77,13.46,13.75,347814
11-May-12,13.60,13.82,13.54,13.74,233577
10-May-12,13.81,14.09,13.59,13.73,435549
9-May-12,13.06,13.71,13.04,13.70,457614
8-May-12,12.97,13.29,12.96,13.18,574760
7-May-12,13.70,13.87,13.51,13.64,320453
4-May-12,14.35,14.35,13.56,13.74,983641
3-May-12,14.78,14.78,14.39,14.57,227372
2-May-12,14.38,14.85,14.27,14.85,238486
1-May-12,14.26,14.79,14.26,14.49,176249
30-Apr-12,14.55,14.60,14.27,14.29,228605
27-Apr-12,14.46,14.64,14.28,14.58,198465
26-Apr-12,14.10,14.57,14.10,14.43,256279
25-Apr-12,14.69,14.71,14.08,14.10,450938
24-Apr-12,14.35,14.53,14.23,14.50,233005
23-Apr-12,14.67,14.83,14.30,14.31,657504
20-Apr-12,14.57,15.19,14.51,14.89,219934
19-Apr-12,14.47,14.63,14.26,14.37,124320
18-Apr-12,14.52,14.55,14.16,14.50,183258
17-Apr-12,14.60,14.84,14.58,14.67,114235
16-Apr-12,14.54,14.59,14.22,14.48,115244
13-Apr-12,14.22,14.56,14.22,14.50,171825
12-Apr-12,14.45,14.54,14.16,14.29,234231
11-Apr-12,14.23,14.66,14.23,14.40,306071
10-Apr-12,14.45,14.46,13.90,14.10,310228
9-Apr-12,14.60,14.80,14.35,14.43,295273
5-Apr-12,14.87,14.99,14.78,14.83,221036
4-Apr-12,14.95,15.09,14.73,14.98,222165
3-Apr-12,15.41,15.50,15.06,15.10,193993
2-Apr-12,15.34,15.48,15.16,15.46,327416
30-Mar-12,15.39,15.59,15.11,15.30,253200
29-Mar-12,15.23,15.38,15.07,15.26,299057
28-Mar-12,15.26,15.39,15.21,15.31,408117
27-Mar-12,15.44,15.53,15.22,15.27,390955
26-Mar-12,15.57,15.60,15.38,15.45,262917
23-Mar-12,15.46,15.47,15.19,15.43,137831
22-Mar-12,15.38,15.56,15.20,15.45,245701
21-Mar-12,15.40,15.55,15.25,15.52,243143
20-Mar-12,15.41,15.47,15.26,15.41,159867
19-Mar-12,15.42,15.62,15.26,15.52,410203
16-Mar-12,15.60,15.60,15.35,15.41,392688
15-Mar-12,15.42,15.54,15.26,15.54,288236
14-Mar-12,15.69,15.78,15.40,15.47,150569
13-Mar-12,15.61,15.82,15.52,15.70,467683
12-Mar-12,15.75,15.88,15.44,15.50,114412
9-Mar-12,15.41,15.84,15.37,15.79,341689
8-Mar-12,15.43,15.63,15.39,15.47,451020
7-Mar-12,15.32,15.56,15.15,15.40,404359
6-Mar-12,15.23,15.36,15.10,15.26,242620
5-Mar-12,15.25,15.59,15.18,15.50,240891
2-Mar-12,15.37,15.59,15.09,15.30,294323
1-Mar-12,15.94,16.09,15.40,15.40,344409
29-Feb-12,16.08,16.22,15.91,15.91,549707
28-Feb-12,15.22,16.35,14.98,16.12,732663
27-Feb-12,14.47,15.23,14.44,15.23,297294
24-Feb-12,14.60,15.23,14.22,14.53,290752
23-Feb-12,14.64,14.72,14.44,14.61,224672
22-Feb-12,14.75,14.75,13.84,14.65,225810
21-Feb-12,15.01,15.03,14.73,14.77,174007
17-Feb-12,15.15,15.15,14.78,15.00,241506
16-Feb-12,14.98,15.25,14.95,15.07,312925
15-Feb-12,14.99,15.12,14.46,14.97,507308
14-Feb-12,13.95,14.10,13.85,14.07,433851
13-Feb-12,13.83,14.01,13.71,14.00,245030
10-Feb-12,13.71,13.84,13.64,13.70,196098
9-Feb-12,13.81,13.81,13.81,13.81,0
8-Feb-12,14.43,14.69,14.27,14.37,141423
7-Feb-12,14.35,14.52,14.19,14.40,208222
6-Feb-12,14.28,14.50,14.18,14.35,276419
3-Feb-12,14.25,14.33,13.99,14.30,385910
2-Feb-12,14.20,14.24,13.95,14.00,179675
1-Feb-12,14.20,14.20,14.20,14.20,0
31-Jan-12,13.41,13.70,13.30,13.62,255805
30-Jan-12,13.42,13.42,13.42,13.42,0
27-Jan-12,13.57,13.63,13.42,13.45,205435
26-Jan-12,13.64,13.75,13.52,13.60,120831
25-Jan-12,13.61,13.61,13.61,13.61,0
24-Jan-12,13.40,13.67,13.26,13.53,187311
23-Jan-12,14.24,14.24,13.24,13.46,241864
20-Jan-12,13.36,14.31,13.36,14.28,271075
19-Jan-12,13.34,13.34,13.34,13.34,0
18-Jan-12,13.11,13.50,13.02,13.48,215182
17-Jan-12,13.10,13.10,13.10,13.10,0
13-Jan-12,13.15,13.15,13.15,13.15,0
12-Jan-12,13.06,13.15,12.91,13.14,72858
11-Jan-12,13.07,13.07,13.07,13.07,0
10-Jan-12,13.04,13.16,13.00,13.12,229034
9-Jan-12,12.76,12.76,12.76,12.76,0
6-Jan-12,12.43,12.50,12.25,12.46,42929
5-Jan-12,12.30,12.46,12.02,12.43,179580
4-Jan-12,12.52,12.55,12.37,12.37,102692
3-Jan-12,12.64,12.80,12.49,12.59,259386
30-Dec-11,12.40,12.40,12.40,12.40,0
29-Dec-11,12.09,12.13,11.98,12.03,394748
28-Dec-11,12.58,12.58,12.00,12.02,346603
27-Dec-11,12.83,12.84,12.52,12.60,245325
23-Dec-11,12.86,12.86,12.86,12.86,0
22-Dec-11,12.24,12.72,12.23,12.65,197849
21-Dec-11,12.33,12.38,12.08,12.22,230705
20-Dec-11,12.07,12.33,12.07,12.29,441804
19-Dec-11,12.29,12.33,11.84,11.85,248997
16-Dec-11,12.18,12.40,12.07,12.21,350108
15-Dec-11,12.13,12.27,12.00,12.09,365501
14-Dec-11,11.96,11.96,11.96,11.96,0
13-Dec-11,12.89,12.98,12.39,12.45,264517
12-Dec-11,12.97,13.05,12.59,12.78,326310
9-Dec-11,13.16,13.16,13.16,13.16,0
8-Dec-11,12.96,13.07,12.55,12.55,240935
7-Dec-11,13.03,13.03,13.03,13.03,0
6-Dec-11,13.54,13.55,13.17,13.21,186503
5-Dec-11,13.40,13.69,13.13,13.53,244211
2-Dec-11,13.24,13.24,13.24,13.24,0
1-Dec-11,12.98,13.26,12.89,13.11,217170
30-Nov-11,12.80,13.09,12.61,13.04,600271
29-Nov-11,12.45,12.45,12.45,12.45,0
28-Nov-11,12.22,12.53,11.90,12.52,352450
25-Nov-11,11.95,12.17,11.92,11.92,124649
23-Nov-11,11.97,11.97,11.97,11.97,0
22-Nov-11,12.09,12.33,12.06,12.20,201479
21-Nov-11,12.50,12.50,12.09,12.11,380627
18-Nov-11,12.72,12.72,12.72,12.72,0
17-Nov-11,13.20,13.20,12.80,12.87,313816
16-Nov-11,13.08,13.37,13.08,13.18,273475
15-Nov-11,13.13,13.40,12.83,13.21,362454
14-Nov-11,13.33,13.33,13.33,13.33,0
11-Nov-11,13.35,13.55,13.17,13.41,594813
10-Nov-11,13.15,13.32,12.96,13.29,545823
9-Nov-11,12.97,13.03,12.50,12.78,538255
8-Nov-11,13.23,13.23,13.23,13.23,0
7-Nov-11,13.26,13.26,12.70,13.24,403464
4-Nov-11,12.50,12.50,12.50,12.50,0
3-Nov-11,12.01,12.24,11.75,12.04,407655
2-Nov-11,11.81,12.04,11.64,11.91,268448
1-Nov-11,11.65,11.65,11.65,11.65,0
31-Oct-11,12.08,12.14,11.72,12.07,1393719
28-Oct-11,12.50,12.91,12.14,12.18,411750
27-Oct-11,12.96,12.98,12.40,12.51,818211
26-Oct-11,11.83,12.81,11.77,12.66,664420
25-Oct-11,11.61,11.61,11.61,11.61,0
24-Oct-11,11.53,11.75,11.52,11.67,525745
21-Oct-11,11.68,11.70,11.35,11.52,459268
20-Oct-11,11.60,11.71,11.24,11.49,416357
19-Oct-11,11.60,11.60,11.60,11.60,0
18-Oct-11,11.77,11.86,11.29,11.62,704266
17-Oct-11,12.12,12.17,11.48,11.71,774713
14-Oct-11,11.97,11.97,11.97,11.97,0
13-Oct-11,15.06,15.45,14.62,14.75,332757
12-Oct-11,15.36,15.36,15.04,15.12,489680
11-Oct-11,15.30,15.54,15.08,15.22,423921
10-Oct-11,14.64,15.48,14.64,15.45,242115
7-Oct-11,14.96,14.96,14.21,14.47,257254
6-Oct-11,14.44,15.33,14.33,14.87,442967
5-Oct-11,14.71,14.71,14.71,14.71,0
4-Oct-11,13.69,14.81,13.53,14.70,636238
3-Oct-11,14.39,15.69,13.74,13.79,504723
30-Sep-11,14.64,14.97,14.49,14.51,304615
29-Sep-11,15.21,15.21,14.27,14.77,455486
