Date,Open,High,Low,Close,Volume
26-Sep-12,1.25,1.25,1.25,1.25,450
25-Sep-12,1.49,1.49,1.11,1.30,46064
24-Sep-12,1.61,1.61,1.32,1.45,6342
21-Sep-12,1.10,1.74,1.09,1.73,13819
20-Sep-12,1.10,1.10,1.08,1.10,1500
19-Sep-12,1.19,1.20,1.10,1.20,1685
18-Sep-12,1.10,1.20,1.09,1.09,2000
17-Sep-12,1.08,1.08,1.08,1.08,600
14-Sep-12,1.07,1.07,1.06,1.06,200
13-Sep-12,1.02,1.05,1.02,1.05,75500
12-Sep-12,1.01,1.05,1.00,1.05,4844
11-Sep-12,1.00,1.00,1.00,1.00,1000
10-Sep-12,1.05,1.05,0.95,0.96,2915
7-Sep-12,1.06,1.06,1.01,1.06,11400
6-Sep-12,1.14,1.15,1.07,1.08,5662
5-Sep-12,1.08,1.43,1.03,1.03,57351
4-Sep-12,0.93,1.08,0.93,1.07,9527
31-Aug-12,0.92,0.96,0.90,0.91,57690
30-Aug-12,0.90,0.90,0.90,0.90,3280
29-Aug-12,0.90,0.90,0.90,0.90,7211
28-Aug-12,0.81,0.81,0.80,0.80,2947
27-Aug-12,0.77,0.84,0.77,0.80,3475
24-Aug-12,0.81,0.88,0.77,0.77,6500
23-Aug-12,0.81,0.81,0.81,0.81,3000
22-Aug-12,0.78,0.90,0.78,0.90,4040
21-Aug-12,0.80,0.89,0.76,0.89,4609
20-Aug-12,0.94,0.94,0.89,0.90,4645
17-Aug-12,0.85,0.96,0.80,0.82,1575
16-Aug-12,0.92,0.92,0.92,0.92,0
15-Aug-12,0.92,0.92,0.90,0.92,54044
14-Aug-12,0.94,0.94,0.91,0.91,25329
13-Aug-12,0.94,0.94,0.94,0.94,150
10-Aug-12,0.89,0.96,0.89,0.96,19199
9-Aug-12,0.87,0.89,0.85,0.89,6526
8-Aug-12,0.87,0.89,0.79,0.87,14158
7-Aug-12,0.87,0.87,0.87,0.87,128
6-Aug-12,0.79,0.86,0.79,0.86,11493
3-Aug-12,0.79,0.80,0.79,0.79,16400
2-Aug-12,0.86,0.86,0.73,0.74,3483
1-Aug-12,0.82,0.82,0.73,0.80,6300
31-Jul-12,0.78,0.78,0.74,0.77,7433
30-Jul-12,0.78,0.78,0.73,0.78,2200
27-Jul-12,0.86,0.86,0.81,0.81,9870
26-Jul-12,0.82,0.82,0.80,0.80,5652
25-Jul-12,0.75,0.84,0.72,0.82,2900
24-Jul-12,0.75,0.75,0.64,0.71,19281
23-Jul-12,0.79,0.79,0.75,0.75,1180
20-Jul-12,0.84,0.84,0.76,0.76,12959
19-Jul-12,0.80,0.84,0.80,0.84,46198
18-Jul-12,0.81,0.86,0.79,0.80,37944
17-Jul-12,0.88,0.91,0.80,0.82,4500
16-Jul-12,0.78,0.86,0.78,0.85,4500
13-Jul-12,0.95,0.95,0.95,0.95,10298
12-Jul-12,0.80,0.93,0.80,0.84,3200
11-Jul-12,0.86,0.92,0.86,0.92,416
10-Jul-12,0.79,0.89,0.78,0.89,2981
9-Jul-12,0.95,0.95,0.86,0.86,3500
6-Jul-12,0.96,0.96,0.89,0.94,26050
5-Jul-12,0.99,0.99,0.89,0.97,47377
3-Jul-12,0.99,0.99,0.99,0.99,1118
2-Jul-12,1.00,1.02,0.87,0.99,29643
29-Jun-12,0.85,0.95,0.85,0.95,8262
28-Jun-12,0.94,0.94,0.94,0.94,0
27-Jun-12,0.93,0.94,0.93,0.93,1000
26-Jun-12,0.95,0.95,0.95,0.95,12959
25-Jun-12,0.96,0.96,0.92,0.92,753
22-Jun-12,0.90,0.96,0.90,0.95,19696
21-Jun-12,0.93,0.93,0.93,0.93,1000
20-Jun-12,0.81,0.96,0.67,0.95,15486
19-Jun-12,0.91,0.96,0.88,0.94,15649
18-Jun-12,0.96,0.99,0.93,0.94,1073
15-Jun-12,0.92,0.97,0.92,0.96,10906
14-Jun-12,1.01,1.10,0.82,0.95,12515
13-Jun-12,1.02,1.09,0.99,0.99,37056
12-Jun-12,1.19,1.19,1.19,1.19,0
11-Jun-12,1.08,1.19,1.08,1.19,301
8-Jun-12,1.20,1.20,1.20,1.20,0
7-Jun-12,1.17,1.20,1.04,1.18,16830
6-Jun-12,1.10,1.18,1.10,1.18,11800
5-Jun-12,1.13,1.14,1.13,1.14,202
4-Jun-12,1.02,1.14,1.02,1.14,924
1-Jun-12,1.07,1.21,1.07,1.18,2319
31-May-12,1.22,1.22,1.08,1.08,606
30-May-12,1.20,1.20,1.20,1.20,500
29-May-12,1.24,1.25,1.20,1.20,2416
25-May-12,1.25,1.25,1.23,1.25,2474
24-May-12,1.17,1.22,1.17,1.22,3075
23-May-12,1.26,1.26,1.26,1.26,0
22-May-12,1.26,1.26,1.26,1.26,0
21-May-12,1.28,1.29,1.07,1.26,5807
18-May-12,1.18,1.20,1.14,1.20,22945
17-May-12,1.15,1.34,1.10,1.18,3893
16-May-12,1.19,1.34,1.18,1.18,706
15-May-12,1.29,1.30,1.29,1.30,1500
14-May-12,1.34,1.35,1.23,1.33,808
11-May-12,1.36,1.36,1.25,1.25,2731
10-May-12,1.37,1.40,1.35,1.35,4000
9-May-12,1.31,1.39,1.25,1.38,13128
8-May-12,1.36,1.36,1.33,1.33,888
7-May-12,1.34,1.34,1.34,1.34,100
4-May-12,1.32,1.42,1.32,1.42,3683
3-May-12,1.37,1.37,1.37,1.37,0
2-May-12,1.36,1.36,1.36,1.36,0
1-May-12,1.40,1.40,1.40,1.40,200
30-Apr-12,1.41,1.41,1.40,1.40,8170
27-Apr-12,1.38,1.40,1.38,1.40,555
26-Apr-12,1.44,1.44,1.33,1.44,9791
25-Apr-12,1.35,1.45,1.26,1.33,5800
24-Apr-12,1.44,1.53,1.30,1.34,14633
23-Apr-12,1.50,1.50,1.50,1.50,0
20-Apr-12,1.50,1.50,1.50,1.50,0
19-Apr-12,1.46,1.50,1.46,1.50,930
18-Apr-12,1.31,1.55,1.31,1.46,1804
17-Apr-12,1.68,1.68,1.43,1.56,4485
16-Apr-12,1.47,1.64,1.47,1.64,11947
13-Apr-12,1.33,1.44,1.32,1.35,1520
12-Apr-12,1.44,1.44,1.38,1.38,340
11-Apr-12,1.47,1.48,1.47,1.48,767
10-Apr-12,1.43,1.52,1.40,1.52,1259
9-Apr-12,1.50,1.60,1.43,1.45,3123
5-Apr-12,1.50,1.58,1.40,1.43,2079
4-Apr-12,1.42,1.50,1.40,1.50,500
3-Apr-12,1.54,1.70,1.36,1.51,5501
2-Apr-12,1.58,1.68,1.45,1.68,1820
30-Mar-12,1.69,1.69,1.62,1.62,519
29-Mar-12,1.54,1.70,1.54,1.66,23438
28-Mar-12,1.50,1.53,1.50,1.53,4699
27-Mar-12,1.53,1.55,1.50,1.50,31836
26-Mar-12,1.55,1.55,1.50,1.50,5710
23-Mar-12,1.57,1.57,1.57,1.57,100
22-Mar-12,1.55,1.65,1.47,1.57,1300
21-Mar-12,1.64,1.64,1.50,1.55,4708
20-Mar-12,1.56,1.65,1.56,1.65,400
19-Mar-12,1.55,1.69,1.43,1.56,18051
16-Mar-12,1.70,1.70,1.57,1.68,9600
15-Mar-12,1.59,1.81,1.59,1.72,26633
14-Mar-12,1.69,1.70,1.53,1.61,5655
13-Mar-12,1.66,1.78,1.58,1.68,2005
12-Mar-12,1.76,1.76,1.74,1.74,26391
9-Mar-12,1.79,1.81,1.76,1.78,45548
8-Mar-12,1.81,1.81,1.81,1.81,0
7-Mar-12,1.76,1.76,1.76,1.76,0
6-Mar-12,1.87,1.87,1.87,1.87,100
5-Mar-12,1.79,1.79,1.76,1.76,10817
2-Mar-12,1.82,1.82,1.81,1.81,200
1-Mar-12,1.88,1.88,1.77,1.79,14641
29-Feb-12,1.89,1.89,1.89,1.89,100
28-Feb-12,1.90,1.90,1.80,1.80,8700
27-Feb-12,1.82,1.92,1.82,1.84,300
24-Feb-12,1.79,1.95,1.76,1.78,41241
23-Feb-12,1.78,1.78,1.78,1.78,2097
22-Feb-12,1.75,1.78,1.75,1.78,1980
21-Feb-12,1.78,1.78,1.71,1.71,7300
17-Feb-12,1.78,1.78,1.77,1.78,7207
16-Feb-12,1.70,1.78,1.70,1.78,200
15-Feb-12,1.75,1.75,1.70,1.71,1300
14-Feb-12,1.73,1.77,1.70,1.71,13000
13-Feb-12,1.75,1.78,1.71,1.78,1300
10-Feb-12,1.76,1.78,1.70,1.78,3350
9-Feb-12,1.74,1.75,1.73,1.74,1191
8-Feb-12,1.68,1.78,1.68,1.68,1736
7-Feb-12,1.70,1.70,1.69,1.69,5445
6-Feb-12,1.61,1.78,1.61,1.68,2960
3-Feb-12,1.78,1.79,1.69,1.70,34975
2-Feb-12,1.85,1.85,1.78,1.78,13628
1-Feb-12,1.84,1.87,1.84,1.85,6205
31-Jan-12,1.81,1.98,1.78,1.98,6033
30-Jan-12,1.84,1.90,1.78,1.90,5133
27-Jan-12,1.87,1.95,1.79,1.82,7100
26-Jan-12,1.98,1.98,1.98,1.98,1000
25-Jan-12,1.93,1.93,1.93,1.93,0
24-Jan-12,1.99,1.99,1.99,1.99,0
20-Jan-12,2.00,2.00,2.00,2.00,0
18-Jan-12,2.00,2.00,2.00,2.00,0
17-Jan-12,1.99,2.00,1.85,1.98,5280
13-Jan-12,2.00,2.00,2.00,2.00,0
12-Jan-12,1.91,1.97,1.91,1.94,2600
11-Jan-12,1.82,1.82,1.82,1.82,200
10-Jan-12,1.96,1.97,1.96,1.97,1121
9-Jan-12,1.96,1.96,1.96,1.96,200
5-Jan-12,1.96,1.96,1.96,1.96,0
4-Jan-12,1.98,2.00,1.81,2.00,600
3-Jan-12,1.94,1.94,1.94,1.94,13229
30-Dec-11,1.95,1.95,1.95,1.95,0
29-Dec-11,1.70,1.78,1.70,1.72,12379
28-Dec-11,1.71,1.71,1.70,1.70,1826
27-Dec-11,1.71,1.71,1.70,1.70,2000
23-Dec-11,1.85,1.85,1.85,1.85,0
22-Dec-11,1.80,1.80,1.80,1.80,0
21-Dec-11,1.86,1.86,1.86,1.86,0
20-Dec-11,1.70,1.86,1.65,1.80,30990
19-Dec-11,1.80,1.80,1.75,1.78,17482
16-Dec-11,1.86,1.86,1.79,1.80,6730
15-Dec-11,1.93,1.93,1.70,1.75,5800
14-Dec-11,1.74,1.99,1.71,1.84,5324
13-Dec-11,2.00,2.00,1.67,1.95,397
12-Dec-11,1.90,1.90,1.90,1.90,0
9-Dec-11,1.99,1.99,1.99,1.99,0
8-Dec-11,1.85,1.99,1.85,1.94,800
7-Dec-11,1.79,1.86,1.71,1.86,2178
6-Dec-11,1.98,1.98,1.65,1.90,2750
5-Dec-11,2.00,2.00,2.00,2.00,100
1-Dec-11,1.99,1.99,1.99,1.99,0
30-Nov-11,1.80,1.80,1.80,1.80,0
29-Nov-11,2.00,2.00,2.00,2.00,100
28-Nov-11,1.83,1.83,1.83,1.83,0
25-Nov-11,1.91,1.91,1.91,1.91,0
23-Nov-11,1.90,1.90,1.90,1.90,0
22-Nov-11,1.88,1.90,1.85,1.90,2300
21-Nov-11,1.75,1.80,1.75,1.80,1260
18-Nov-11,1.89,1.89,1.89,1.89,200
17-Nov-11,1.90,1.90,1.89,1.90,7458
16-Nov-11,1.86,1.86,1.86,1.86,138
14-Nov-11,1.94,1.94,1.94,1.94,0
11-Nov-11,1.87,1.94,1.87,1.94,700
10-Nov-11,1.99,2.09,1.99,2.09,200
8-Nov-11,2.05,2.05,2.05,2.05,0
7-Nov-11,1.91,1.91,1.91,1.91,0
4-Nov-11,2.08,2.08,2.08,2.08,100
3-Nov-11,1.90,2.06,1.89,2.06,2294
2-Nov-11,1.87,1.94,1.85,1.91,2523
1-Nov-11,1.87,2.09,1.87,2.01,500
31-Oct-11,1.91,2.11,1.90,2.11,1450
27-Oct-11,2.15,2.15,2.15,2.15,0
26-Oct-11,1.84,2.00,1.82,2.00,976
24-Oct-11,2.05,2.05,2.05,2.05,0
21-Oct-11,2.08,2.08,2.04,2.04,560
20-Oct-11,1.85,2.15,1.84,2.15,1004
19-Oct-11,2.07,2.19,2.07,2.09,1574
18-Oct-11,1.83,2.00,1.83,1.86,1627
17-Oct-11,1.98,2.04,1.98,2.04,1300
14-Oct-11,2.09,2.09,2.04,2.04,200
13-Oct-11,2.03,2.03,2.03,2.03,0
12-Oct-11,2.08,2.08,2.08,2.08,0
11-Oct-11,1.97,1.97,1.97,1.97,0
7-Oct-11,2.04,2.04,2.04,2.04,0
6-Oct-11,2.20,2.20,1.98,2.14,400
5-Oct-11,2.00,2.00,1.90,1.90,65308
4-Oct-11,2.01,2.01,2.00,2.00,10100
3-Oct-11,2.17,2.17,2.05,2.05,200
30-Sep-11,2.06,2.15,2.06,2.15,6882
29-Sep-11,2.10,2.10,2.10,2.10,24550
