Date,Open,High,Low,Close,Volume
26-Sep-12,4.86,5.02,4.85,4.90,9388
25-Sep-12,4.82,5.00,4.80,4.85,15503
24-Sep-12,4.83,4.97,4.79,4.80,19400
21-Sep-12,4.85,4.95,4.86,4.86,5391
20-Sep-12,4.85,4.93,4.82,4.85,4525
19-Sep-12,5.02,5.02,4.85,4.89,8609
18-Sep-12,5.12,5.14,5.02,5.12,1500
17-Sep-12,5.16,5.16,5.11,5.11,2264
14-Sep-12,5.19,5.26,5.17,5.26,5200
13-Sep-12,5.25,5.25,5.17,5.22,1200
12-Sep-12,5.20,5.36,5.12,5.28,7111
11-Sep-12,5.05,5.19,5.05,5.19,2600
10-Sep-12,5.07,5.11,4.99,5.11,1600
7-Sep-12,5.04,5.11,5.02,5.06,10680
6-Sep-12,4.94,5.04,4.91,5.04,14196
5-Sep-12,4.84,4.88,4.77,4.87,8511
4-Sep-12,4.81,4.89,4.68,4.88,14211
31-Aug-12,4.92,4.94,4.59,4.82,32169
30-Aug-12,5.03,5.03,4.78,4.87,3500
29-Aug-12,5.07,5.11,4.94,4.97,6100
28-Aug-12,5.07,5.11,5.05,5.10,1500
27-Aug-12,5.14,5.15,5.08,5.12,6100
24-Aug-12,5.14,5.22,5.14,5.17,4200
23-Aug-12,5.19,5.20,5.16,5.17,1200
22-Aug-12,5.50,5.51,5.19,5.20,14313
21-Aug-12,5.80,5.80,5.51,5.55,8500
20-Aug-12,5.67,5.93,5.67,5.93,201
17-Aug-12,5.50,5.76,5.50,5.72,11092
16-Aug-12,5.49,5.61,5.47,5.61,3609
15-Aug-12,5.55,5.65,5.53,5.56,22297
14-Aug-12,5.52,5.64,5.39,5.51,26919
13-Aug-12,5.50,5.54,5.30,5.48,15112
10-Aug-12,4.92,5.33,4.92,5.29,11907
9-Aug-12,4.76,4.95,4.76,4.95,5269
8-Aug-12,4.76,4.84,4.75,4.75,10084
7-Aug-12,4.77,4.81,4.63,4.75,35145
6-Aug-12,4.78,4.90,4.78,4.79,1100
3-Aug-12,4.73,4.76,4.66,4.66,12636
2-Aug-12,4.72,4.73,4.66,4.68,20501
1-Aug-12,4.73,4.75,4.70,4.70,8105
31-Jul-12,4.75,4.76,4.68,4.71,12118
30-Jul-12,4.70,4.92,4.68,4.92,14504
27-Jul-12,4.74,4.81,4.67,4.70,25277
26-Jul-12,4.61,4.70,4.61,4.70,21902
25-Jul-12,4.61,4.66,4.43,4.57,32843
24-Jul-12,4.53,4.65,4.52,4.57,24597
23-Jul-12,4.53,4.63,4.51,4.56,9154
20-Jul-12,4.64,4.69,4.52,4.59,28746
19-Jul-12,4.70,4.72,4.62,4.63,20951
18-Jul-12,4.64,4.70,4.64,4.67,13600
17-Jul-12,4.59,4.73,4.58,4.61,26248
16-Jul-12,4.58,4.65,4.56,4.58,15911
13-Jul-12,4.58,4.64,4.58,4.60,7313
12-Jul-12,4.64,4.65,4.56,4.56,20572
11-Jul-12,4.70,4.84,4.65,4.66,16500
10-Jul-12,4.72,4.75,4.70,4.72,13300
9-Jul-12,4.80,4.89,4.70,4.72,55134
6-Jul-12,4.86,4.92,4.61,4.80,90838
5-Jul-12,4.96,4.97,4.85,4.88,21602
3-Jul-12,5.20,5.20,4.95,5.04,10022
2-Jul-12,5.03,5.28,4.99,5.17,4908
29-Jun-12,5.43,5.43,4.89,4.99,63011
28-Jun-12,5.29,5.33,5.25,5.31,18900
27-Jun-12,5.22,5.36,5.22,5.33,11560
26-Jun-12,5.32,5.37,5.21,5.24,7800
25-Jun-12,5.30,5.35,5.30,5.31,7819
22-Jun-12,5.28,5.35,5.27,5.34,4200
21-Jun-12,5.36,5.37,5.22,5.31,91411
20-Jun-12,5.23,5.44,5.23,5.42,10298
19-Jun-12,5.32,5.35,5.21,5.29,21237
18-Jun-12,5.45,5.58,5.18,5.27,28075
15-Jun-12,5.57,5.57,5.40,5.50,6737
14-Jun-12,5.61,5.63,5.48,5.54,57700
13-Jun-12,5.59,5.62,5.53,5.60,78669
12-Jun-12,5.60,5.68,5.55,5.63,27124
11-Jun-12,5.65,5.68,5.50,5.54,65776
8-Jun-12,5.53,5.64,5.50,5.56,17173
7-Jun-12,5.75,5.76,5.50,5.57,58087
6-Jun-12,5.51,5.73,5.51,5.69,103879
5-Jun-12,5.53,5.63,5.47,5.47,31459
4-Jun-12,5.40,5.56,5.28,5.56,96353
1-Jun-12,5.92,6.30,5.07,5.45,86705
31-May-12,6.01,6.27,6.00,6.13,11640
30-May-12,6.17,6.29,6.14,6.21,4105
29-May-12,6.18,6.83,6.18,6.36,26690
25-May-12,5.91,6.20,5.91,6.09,22915
24-May-12,6.03,6.05,5.93,5.99,15813
23-May-12,6.20,6.20,6.06,6.09,31801
22-May-12,5.94,6.35,5.94,6.26,27898
21-May-12,6.10,6.12,5.91,5.94,33660
18-May-12,6.46,6.46,6.25,6.33,10410
17-May-12,6.62,6.62,6.30,6.42,21683
16-May-12,6.66,6.76,6.65,6.65,2400
15-May-12,6.77,6.78,6.67,6.68,33598
14-May-12,6.73,6.78,6.71,6.71,8195
11-May-12,6.79,6.84,6.76,6.83,8537
10-May-12,6.85,6.88,6.78,6.87,6864
9-May-12,6.85,7.11,6.75,6.75,12177
8-May-12,6.80,6.94,6.78,6.92,16706
7-May-12,6.99,7.04,6.83,6.86,9000
4-May-12,7.18,7.19,6.96,7.00,12300
3-May-12,7.39,7.39,7.14,7.26,10000
2-May-12,7.25,7.51,7.21,7.49,12131
1-May-12,7.13,7.50,6.95,7.30,25472
30-Apr-12,7.30,7.30,7.06,7.13,10098
27-Apr-12,7.33,7.42,7.27,7.30,5800
26-Apr-12,7.20,7.38,7.11,7.29,14140
25-Apr-12,6.78,7.20,6.78,7.15,20204
24-Apr-12,6.58,6.82,6.56,6.69,84549
23-Apr-12,6.85,6.85,6.48,6.56,83869
20-Apr-12,7.07,7.10,6.93,6.97,22466
19-Apr-12,7.14,7.16,7.02,7.06,9035
18-Apr-12,7.07,7.23,7.04,7.20,18316
17-Apr-12,7.23,7.23,7.06,7.14,36813
16-Apr-12,7.28,7.31,7.12,7.18,37225
13-Apr-12,7.52,7.55,7.29,7.38,13800
12-Apr-12,7.37,7.52,7.26,7.45,11500
11-Apr-12,7.07,7.34,6.93,7.32,30482
10-Apr-12,7.01,7.01,6.92,6.98,21557
9-Apr-12,6.85,7.02,6.85,6.97,28927
5-Apr-12,6.94,7.04,6.90,7.00,24661
4-Apr-12,6.97,7.09,6.90,7.01,15563
3-Apr-12,7.02,7.20,6.97,7.01,43986
2-Apr-12,6.87,7.09,6.86,7.06,79323
30-Mar-12,7.05,7.08,6.98,7.06,30809
29-Mar-12,7.07,7.18,6.95,7.10,38637
28-Mar-12,6.89,7.37,6.74,7.16,120150
27-Mar-12,7.40,7.49,7.28,7.28,77890
26-Mar-12,7.49,7.49,7.34,7.34,6100
23-Mar-12,7.44,7.48,7.34,7.40,14850
22-Mar-12,7.46,7.49,7.27,7.34,13500
21-Mar-12,7.49,7.57,7.34,7.51,39822
20-Mar-12,7.74,7.74,7.47,7.49,66791
19-Mar-12,7.61,8.08,7.56,7.81,39055
16-Mar-12,7.51,7.81,7.50,7.68,24664
15-Mar-12,6.77,7.69,6.65,7.59,114791
14-Mar-12,7.02,7.02,6.85,6.89,9655
13-Mar-12,6.90,7.06,6.90,7.03,16616
12-Mar-12,7.11,7.21,6.87,6.93,157678
9-Mar-12,7.19,7.27,7.10,7.13,25987
8-Mar-12,6.96,7.26,6.95,7.26,38811
7-Mar-12,6.59,6.96,6.51,6.92,51494
6-Mar-12,6.94,6.99,6.60,6.70,46550
5-Mar-12,7.16,7.25,7.10,7.11,16821
2-Mar-12,7.34,7.57,7.22,7.22,26491
1-Mar-12,7.24,7.46,7.20,7.41,137140
29-Feb-12,7.26,7.31,7.10,7.18,28100
28-Feb-12,7.04,7.29,6.98,7.11,38199
27-Feb-12,7.17,7.25,6.94,7.02,43103
24-Feb-12,7.43,7.43,7.16,7.22,25489
23-Feb-12,7.57,7.60,7.36,7.40,18410
22-Feb-12,7.99,8.00,7.54,7.55,108687
21-Feb-12,7.96,8.02,7.86,8.01,119623
17-Feb-12,7.89,7.93,7.84,7.91,8926
16-Feb-12,7.84,7.88,7.69,7.86,27156
15-Feb-12,7.84,7.86,7.80,7.80,43764
14-Feb-12,7.70,7.80,7.58,7.76,96394
13-Feb-12,7.67,7.81,7.60,7.68,55724
10-Feb-12,7.57,7.68,7.52,7.60,57500
9-Feb-12,7.74,7.74,7.42,7.64,103781
8-Feb-12,7.71,7.74,7.67,7.70,40112
7-Feb-12,7.58,7.75,7.58,7.72,51270
6-Feb-12,7.69,7.74,7.41,7.48,20470
3-Feb-12,7.33,7.74,7.30,7.70,54195
2-Feb-12,6.99,7.34,6.90,7.32,215539
1-Feb-12,6.33,6.91,6.33,6.90,131373
31-Jan-12,6.31,6.45,6.31,6.31,12117
30-Jan-12,6.36,6.36,6.12,6.21,42558
27-Jan-12,6.68,6.71,6.26,6.39,38269
26-Jan-12,6.71,6.87,6.58,6.74,77299
25-Jan-12,6.43,6.69,6.40,6.69,67857
24-Jan-12,6.25,6.43,6.17,6.42,19504
23-Jan-12,6.52,6.52,6.20,6.26,77645
20-Jan-12,6.56,6.61,6.49,6.51,17805
19-Jan-12,6.56,6.78,6.53,6.67,62200
18-Jan-12,6.39,6.61,6.39,6.50,56309
17-Jan-12,6.51,6.70,6.19,6.44,67871
13-Jan-12,6.61,6.61,6.61,6.61,0
12-Jan-12,6.25,6.69,5.71,6.69,186310
11-Jan-12,6.11,6.50,5.99,6.45,80400
10-Jan-12,6.11,6.19,5.96,5.96,34976
9-Jan-12,6.03,6.04,5.97,6.01,7426
6-Jan-12,6.05,6.05,6.00,6.05,475
5-Jan-12,6.13,6.13,5.95,6.08,13961
4-Jan-12,5.99,6.13,5.95,6.13,15167
3-Jan-12,6.00,6.08,5.97,6.00,2800
30-Dec-11,5.87,5.87,5.87,5.87,0
29-Dec-11,6.06,6.08,5.97,5.99,21800
28-Dec-11,6.09,6.09,5.90,6.06,33973
27-Dec-11,5.87,6.29,5.51,6.15,15566
23-Dec-11,5.87,5.87,5.87,5.87,0
22-Dec-11,5.69,5.91,5.69,5.88,28802
21-Dec-11,5.68,5.85,5.53,5.84,32557
20-Dec-11,5.37,5.69,5.37,5.63,78007
19-Dec-11,5.31,5.47,5.30,5.38,97709
16-Dec-11,5.30,5.41,5.29,5.34,63180
15-Dec-11,5.28,5.39,5.25,5.27,66653
14-Dec-11,5.30,5.33,5.26,5.28,60097
13-Dec-11,5.26,5.40,5.25,5.31,104253
12-Dec-11,5.30,5.37,5.26,5.26,17800
9-Dec-11,5.40,5.53,5.38,5.45,3704
8-Dec-11,5.46,5.47,5.35,5.36,11214
7-Dec-11,5.50,5.69,5.47,5.52,24510
6-Dec-11,5.69,5.83,5.50,5.55,24449
5-Dec-11,5.79,5.86,5.66,5.68,4400
2-Dec-11,5.70,5.78,5.63,5.69,27700
1-Dec-11,5.70,5.82,5.66,5.73,14900
30-Nov-11,5.70,5.75,5.59,5.73,7830
29-Nov-11,5.49,5.66,5.49,5.52,7800
28-Nov-11,5.55,5.63,5.36,5.38,20400
25-Nov-11,5.51,5.67,5.38,5.40,8500
23-Nov-11,5.52,5.52,5.52,5.52,0
22-Nov-11,5.60,5.76,5.60,5.71,6400
21-Nov-11,5.76,5.93,5.61,5.61,9900
18-Nov-11,5.78,5.80,5.71,5.71,1800
17-Nov-11,5.90,5.92,5.66,5.72,21800
16-Nov-11,5.88,5.97,5.87,5.92,7054
15-Nov-11,5.84,5.94,5.76,5.92,18076
14-Nov-11,6.02,6.02,5.88,5.89,20760
11-Nov-11,5.89,5.89,5.89,5.89,0
10-Nov-11,5.66,5.87,5.61,5.87,35001
9-Nov-11,5.76,5.83,5.48,5.60,35881
8-Nov-11,6.03,6.03,5.81,5.91,23249
7-Nov-11,6.06,6.06,5.90,5.98,5858
4-Nov-11,6.21,6.21,6.02,6.06,12325
3-Nov-11,6.07,6.34,5.94,6.27,42361
2-Nov-11,5.85,5.85,5.85,5.85,0
1-Nov-11,5.92,6.00,5.73,5.87,28088
31-Oct-11,6.16,6.31,6.07,6.11,24017
28-Oct-11,5.92,6.24,5.85,6.21,66400
27-Oct-11,5.68,6.01,5.56,5.94,344560
26-Oct-11,5.45,5.65,5.36,5.51,133159
25-Oct-11,5.50,5.53,5.42,5.43,25022
24-Oct-11,5.60,5.68,5.47,5.55,152539
21-Oct-11,5.52,5.55,5.47,5.48,225651
20-Oct-11,5.50,5.60,5.41,5.48,44116
19-Oct-11,5.53,5.62,5.41,5.49,380108
18-Oct-11,5.47,5.53,5.44,5.50,79309
17-Oct-11,5.57,5.57,5.39,5.42,29713
14-Oct-11,5.70,5.72,5.51,5.59,57374
13-Oct-11,5.83,5.83,5.56,5.62,219991
12-Oct-11,5.59,5.78,5.36,5.76,328683
11-Oct-11,5.95,6.14,5.86,6.01,64828
10-Oct-11,5.76,5.98,5.76,5.94,15146
7-Oct-11,5.55,5.79,5.50,5.75,93326
6-Oct-11,5.56,5.72,5.47,5.55,70734
5-Oct-11,5.65,5.70,5.50,5.54,66307
4-Oct-11,5.72,5.83,5.50,5.60,70540
3-Oct-11,6.06,6.93,5.63,5.74,128134
30-Sep-11,6.22,6.51,6.08,6.13,20564
29-Sep-11,6.67,6.75,6.28,6.38,56404
