Date,Open,High,Low,Close,Volume
26-Sep-12,0.32,0.34,0.32,0.32,19100
25-Sep-12,0.30,0.30,0.30,0.30,2600
24-Sep-12,0.30,0.30,0.28,0.28,200
21-Sep-12,0.34,0.35,0.30,0.32,5930
20-Sep-12,0.25,0.35,0.25,0.35,34911
19-Sep-12,0.25,0.27,0.23,0.27,4750
18-Sep-12,0.21,0.24,0.21,0.24,1300
17-Sep-12,0.22,0.22,0.19,0.19,13800
14-Sep-12,0.18,0.18,0.18,0.18,0
13-Sep-12,0.18,0.18,0.18,0.18,0
12-Sep-12,0.18,0.18,0.18,0.18,0
11-Sep-12,0.18,0.18,0.18,0.18,0
10-Sep-12,0.18,0.18,0.16,0.18,1200
7-Sep-12,0.16,0.16,0.16,0.16,500
6-Sep-12,0.17,0.17,0.17,0.17,500
5-Sep-12,0.18,0.18,0.18,0.18,0
4-Sep-12,0.18,0.18,0.18,0.18,2100
31-Aug-12,0.18,0.18,0.18,0.18,0
30-Aug-12,0.18,0.18,0.18,0.18,100
29-Aug-12,0.18,0.18,0.18,0.18,0
28-Aug-12,0.18,0.18,0.18,0.18,0
27-Aug-12,0.18,0.18,0.18,0.18,100
24-Aug-12,0.22,0.22,0.20,0.20,3100
23-Aug-12,0.21,0.21,0.21,0.21,0
22-Aug-12,0.21,0.21,0.21,0.21,0
21-Aug-12,0.21,0.21,0.19,0.21,8646
20-Aug-12,0.20,0.20,0.20,0.20,100
17-Aug-12,0.18,0.18,0.18,0.18,0
16-Aug-12,0.18,0.18,0.16,0.18,906
15-Aug-12,0.23,0.23,0.20,0.20,5900
14-Aug-12,0.23,0.27,0.21,0.23,1300
13-Aug-12,0.21,0.21,0.21,0.21,500
10-Aug-12,0.20,0.20,0.20,0.20,4000
9-Aug-12,0.20,0.23,0.20,0.23,600
8-Aug-12,0.20,0.20,0.20,0.20,0
7-Aug-12,0.20,0.24,0.20,0.20,2100
6-Aug-12,0.20,0.20,0.20,0.20,1000
3-Aug-12,0.22,0.22,0.20,0.20,4500
2-Aug-12,0.24,0.24,0.24,0.24,0
1-Aug-12,0.21,0.24,0.20,0.24,700
31-Jul-12,0.23,0.23,0.23,0.23,100
30-Jul-12,0.24,0.24,0.22,0.24,500
27-Jul-12,0.26,0.26,0.26,0.26,100
26-Jul-12,0.26,0.30,0.26,0.28,3950
25-Jul-12,0.25,0.25,0.23,0.25,600
24-Jul-12,0.23,0.23,0.21,0.23,1077
23-Jul-12,0.23,0.26,0.23,0.25,13909
20-Jul-12,0.23,0.23,0.23,0.23,100
19-Jul-12,0.23,0.23,0.23,0.23,100
18-Jul-12,0.23,0.25,0.23,0.25,300
17-Jul-12,0.21,0.21,0.21,0.21,100
16-Jul-12,0.22,0.22,0.22,0.22,100
13-Jul-12,0.24,0.24,0.24,0.24,200
12-Jul-12,0.20,0.22,0.20,0.22,1500
11-Jul-12,0.20,0.20,0.20,0.20,100
10-Jul-12,0.20,0.20,0.20,0.20,100
9-Jul-12,0.21,0.21,0.21,0.21,100
6-Jul-12,0.18,0.22,0.18,0.21,3400
5-Jul-12,0.18,0.18,0.18,0.18,100
3-Jul-12,0.18,0.20,0.18,0.20,300
2-Jul-12,0.19,0.20,0.19,0.20,400
29-Jun-12,0.21,0.21,0.21,0.21,200
28-Jun-12,0.23,0.23,0.23,0.23,100
27-Jun-12,0.20,0.25,0.20,0.25,2000
26-Jun-12,0.22,0.22,0.22,0.22,100
25-Jun-12,0.26,0.26,0.24,0.24,1100
22-Jun-12,0.21,0.23,0.21,0.23,300
21-Jun-12,0.19,0.23,0.19,0.23,500
20-Jun-12,0.19,0.21,0.19,0.21,300
19-Jun-12,0.21,0.21,0.21,0.21,100
18-Jun-12,0.19,0.23,0.19,0.23,600
15-Jun-12,0.18,0.22,0.15,0.18,13000
14-Jun-12,0.21,0.23,0.17,0.22,4598
13-Jun-12,0.22,0.22,0.21,0.21,225
12-Jun-12,0.24,0.24,0.24,0.24,200
11-Jun-12,0.25,0.25,0.22,0.22,8574
8-Jun-12,0.27,0.27,0.27,0.27,1268
7-Jun-12,0.19,0.27,0.19,0.27,3127
6-Jun-12,0.20,0.20,0.20,0.20,10857
5-Jun-12,0.18,0.18,0.18,0.18,0
4-Jun-12,0.18,0.18,0.18,0.18,100
1-Jun-12,0.17,0.19,0.16,0.19,5300
31-May-12,0.22,0.22,0.18,0.18,15050
30-May-12,0.24,0.24,0.24,0.24,2501
29-May-12,0.25,0.25,0.25,0.25,100
25-May-12,0.27,0.27,0.27,0.27,100
24-May-12,0.24,0.29,0.24,0.29,725
23-May-12,0.24,0.24,0.24,0.24,2640
22-May-12,0.24,0.24,0.24,0.24,100
21-May-12,0.26,0.26,0.26,0.26,200
18-May-12,0.25,0.25,0.23,0.24,2300
17-May-12,0.25,0.25,0.22,0.22,9130
16-May-12,0.27,0.27,0.25,0.26,6100
15-May-12,0.27,0.28,0.27,0.28,300
14-May-12,0.27,0.29,0.23,0.29,2200
11-May-12,0.29,0.29,0.29,0.29,0
10-May-12,0.27,0.29,0.25,0.29,4128
9-May-12,0.28,0.28,0.28,0.28,1350
8-May-12,0.32,0.32,0.24,0.30,7501
7-May-12,0.33,0.33,0.33,0.33,100
4-May-12,0.33,0.33,0.33,0.33,200
3-May-12,0.39,0.39,0.31,0.31,4003
2-May-12,0.37,0.37,0.37,0.37,0
1-May-12,0.37,0.37,0.37,0.37,0
30-Apr-12,0.37,0.37,0.37,0.37,100
27-Apr-12,0.37,0.39,0.37,0.39,200
26-Apr-12,0.35,0.39,0.35,0.39,5100
25-Apr-12,0.38,0.38,0.37,0.37,200
24-Apr-12,0.36,0.38,0.36,0.38,300
23-Apr-12,0.36,0.40,0.36,0.37,17100
20-Apr-12,0.37,0.39,0.33,0.37,3600
19-Apr-12,0.41,0.41,0.39,0.39,300
18-Apr-12,0.40,0.40,0.40,0.40,250
17-Apr-12,0.40,0.40,0.40,0.40,0
16-Apr-12,0.41,0.41,0.40,0.40,1920
13-Apr-12,0.44,0.44,0.40,0.40,2900
12-Apr-12,0.45,0.45,0.45,0.45,100
11-Apr-12,0.46,0.46,0.44,0.44,1900
10-Apr-12,0.44,0.46,0.44,0.46,300
9-Apr-12,0.46,0.46,0.46,0.46,962
5-Apr-12,0.46,0.46,0.46,0.46,10100
4-Apr-12,0.46,0.46,0.46,0.46,2400
3-Apr-12,0.46,0.46,0.46,0.46,2173
2-Apr-12,0.46,0.46,0.46,0.46,3000
30-Mar-12,0.46,0.46,0.46,0.46,1500
29-Mar-12,0.47,0.47,0.47,0.47,0
28-Mar-12,0.47,0.47,0.47,0.47,0
27-Mar-12,0.47,0.47,0.47,0.47,100
26-Mar-12,0.47,0.50,0.46,0.48,4600
23-Mar-12,0.46,0.46,0.46,0.46,2600
22-Mar-12,0.47,0.47,0.47,0.47,100
21-Mar-12,0.47,0.51,0.43,0.49,10100
20-Mar-12,0.46,0.62,0.44,0.49,8200
19-Mar-12,0.57,0.57,0.47,0.48,24374
16-Mar-12,0.34,0.56,0.34,0.56,45740
15-Mar-12,0.33,0.36,0.32,0.36,14200
14-Mar-12,0.34,0.38,0.32,0.35,28136
13-Mar-12,0.33,0.41,0.31,0.32,22300
12-Mar-12,0.33,0.39,0.31,0.33,8100
9-Mar-12,0.35,0.35,0.35,0.35,200
8-Mar-12,0.35,0.35,0.33,0.33,400
7-Mar-12,0.35,0.35,0.33,0.33,4400
6-Mar-12,0.39,0.39,0.37,0.37,300
5-Mar-12,0.36,0.38,0.36,0.38,10350
2-Mar-12,0.34,0.37,0.34,0.35,9900
1-Mar-12,0.34,0.36,0.34,0.34,5300
29-Feb-12,0.36,0.36,0.36,0.36,0
28-Feb-12,0.38,0.40,0.35,0.36,6900
27-Feb-12,0.40,0.40,0.40,0.40,100
24-Feb-12,0.42,0.42,0.42,0.42,1100
23-Feb-12,0.34,0.43,0.34,0.43,8700
22-Feb-12,0.35,0.36,0.35,0.36,2500
21-Feb-12,0.36,0.36,0.35,0.35,557
17-Feb-12,0.37,0.37,0.37,0.37,200
16-Feb-12,0.39,0.39,0.39,0.39,100
15-Feb-12,0.40,0.40,0.40,0.40,2500
14-Feb-12,0.36,0.42,0.36,0.42,1100
13-Feb-12,0.40,0.40,0.38,0.38,1461
10-Feb-12,0.39,0.43,0.39,0.42,3900
9-Feb-12,0.39,0.40,0.39,0.40,2600
8-Feb-12,0.39,0.42,0.39,0.39,3825
7-Feb-12,0.43,0.43,0.41,0.41,440
6-Feb-12,0.41,0.41,0.41,0.41,175
2-Feb-12,0.43,0.43,0.43,0.43,0
1-Feb-12,0.34,0.43,0.34,0.43,3539
31-Jan-12,0.37,0.44,0.34,0.34,2743
30-Jan-12,0.40,0.40,0.38,0.38,350
27-Jan-12,0.38,0.38,0.38,0.38,100
26-Jan-12,0.42,0.42,0.40,0.40,2700
25-Jan-12,0.41,0.41,0.37,0.41,6300
24-Jan-12,0.38,0.43,0.38,0.43,1500
23-Jan-12,0.40,0.40,0.38,0.38,300
20-Jan-12,0.42,0.42,0.42,0.42,500
19-Jan-12,0.43,0.43,0.43,0.43,100
18-Jan-12,0.38,0.45,0.38,0.43,3395
17-Jan-12,0.35,0.44,0.35,0.38,14400
13-Jan-12,0.37,0.37,0.37,0.37,0
12-Jan-12,0.33,0.35,0.33,0.35,7150
11-Jan-12,0.30,0.37,0.28,0.35,4700
10-Jan-12,0.29,0.30,0.29,0.30,300
9-Jan-12,0.27,0.30,0.27,0.29,1200
6-Jan-12,0.29,0.31,0.29,0.29,1600
5-Jan-12,0.29,0.34,0.27,0.30,11600
4-Jan-12,0.24,0.30,0.24,0.30,4600
3-Jan-12,0.26,0.26,0.26,0.26,100
30-Dec-11,0.27,0.28,0.23,0.28,28488
29-Dec-11,0.25,0.29,0.25,0.29,5300
28-Dec-11,0.25,0.25,0.23,0.25,10200
27-Dec-11,0.28,0.28,0.25,0.25,5716
23-Dec-11,0.28,0.28,0.28,0.28,0
22-Dec-11,0.28,0.30,0.28,0.30,3600
21-Dec-11,0.28,0.30,0.28,0.30,300
20-Dec-11,0.31,0.31,0.29,0.29,300
19-Dec-11,0.31,0.36,0.29,0.33,24005
16-Dec-11,0.30,0.33,0.30,0.33,400
15-Dec-11,0.31,0.31,0.31,0.31,100
14-Dec-11,0.35,0.35,0.33,0.33,10200
13-Dec-11,0.30,0.30,0.30,0.30,100
12-Dec-11,0.30,0.32,0.30,0.32,1200
9-Dec-11,0.31,0.31,0.31,0.31,100
7-Dec-11,0.33,0.33,0.33,0.33,0
6-Dec-11,0.37,0.37,0.35,0.35,5800
5-Dec-11,0.33,0.35,0.33,0.35,2200
2-Dec-11,0.31,0.35,0.31,0.35,500
1-Dec-11,0.31,0.31,0.31,0.31,100
30-Nov-11,0.32,0.32,0.32,0.32,200
28-Nov-11,0.34,0.34,0.34,0.34,0
25-Nov-11,0.35,0.35,0.35,0.35,507
23-Nov-11,0.35,0.35,0.35,0.35,0
22-Nov-11,0.28,0.37,0.28,0.32,3248
21-Nov-11,0.30,0.30,0.28,0.28,400
18-Nov-11,0.32,0.32,0.32,0.32,100
17-Nov-11,0.25,0.30,0.23,0.30,1700
16-Nov-11,0.26,0.26,0.22,0.22,2600
15-Nov-11,0.30,0.30,0.28,0.28,1300
14-Nov-11,0.33,0.33,0.23,0.28,18150
11-Nov-11,0.34,0.34,0.34,0.34,3243
10-Nov-11,0.36,0.36,0.36,0.36,0
9-Nov-11,0.40,0.40,0.40,0.40,500
8-Nov-11,0.43,0.43,0.40,0.40,837
7-Nov-11,0.50,0.50,0.45,0.45,1300
4-Nov-11,0.54,0.54,0.52,0.52,300
3-Nov-11,0.52,0.54,0.52,0.54,900
2-Nov-11,0.48,0.50,0.48,0.50,300
1-Nov-11,0.43,0.47,0.43,0.47,8954
31-Oct-11,0.38,0.42,0.38,0.42,11800
28-Oct-11,0.34,0.36,0.34,0.36,1000
27-Oct-11,0.30,0.32,0.30,0.32,5200
26-Oct-11,0.32,0.33,0.32,0.33,1400
25-Oct-11,0.30,0.30,0.30,0.30,1000
24-Oct-11,0.30,0.30,0.30,0.30,1000
21-Oct-11,0.31,0.31,0.31,0.31,100
20-Oct-11,0.31,0.31,0.31,0.31,0
19-Oct-11,0.22,0.32,0.22,0.32,8150
18-Oct-11,0.29,0.29,0.22,0.24,20973
17-Oct-11,0.35,0.35,0.28,0.30,60333
14-Oct-11,0.35,0.35,0.30,0.31,19167
13-Oct-11,0.36,0.36,0.35,0.36,2900
12-Oct-11,0.43,0.43,0.35,0.36,18300
11-Oct-11,0.36,0.44,0.36,0.43,3574
10-Oct-11,0.39,0.39,0.33,0.34,23800
7-Oct-11,0.37,0.44,0.37,0.37,4900
6-Oct-11,0.38,0.40,0.35,0.35,33673
5-Oct-11,0.45,0.47,0.32,0.38,30466
4-Oct-11,0.68,0.68,0.47,0.47,20764
3-Oct-11,0.90,0.90,0.70,0.70,6294
30-Sep-11,0.89,0.91,0.89,0.91,3900
29-Sep-11,0.93,0.93,0.91,0.91,1500
