Date,Open,High,Low,Close,Volume
27-Sep-12,6.73,6.75,6.66,6.71,250253
26-Sep-12,6.69,6.81,6.66,6.74,642404
25-Sep-12,6.95,6.99,6.75,6.78,323920
24-Sep-12,6.86,6.95,6.81,6.92,181369
21-Sep-12,6.99,7.04,6.84,7.00,208182
20-Sep-12,6.85,6.92,6.82,6.92,69520
19-Sep-12,6.85,6.92,6.83,6.90,128035
18-Sep-12,6.80,6.92,6.71,6.90,71041
17-Sep-12,6.76,6.90,6.73,6.83,93255
14-Sep-12,6.69,6.79,6.65,6.69,79865
13-Sep-12,6.53,6.65,6.47,6.61,97187
12-Sep-12,6.59,6.71,6.50,6.55,52206
11-Sep-12,6.78,6.78,6.63,6.66,47548
10-Sep-12,6.83,6.92,6.76,6.81,71329
7-Sep-12,6.76,6.81,6.66,6.81,221014
6-Sep-12,6.70,6.80,6.61,6.69,304103
5-Sep-12,6.26,6.70,6.25,6.69,440461
4-Sep-12,6.23,6.35,6.18,6.28,311695
31-Aug-12,6.28,6.30,6.17,6.24,183480
30-Aug-12,6.33,6.34,6.17,6.22,250732
29-Aug-12,6.43,6.45,6.26,6.34,380008
28-Aug-12,6.34,6.43,6.30,6.43,227956
27-Aug-12,6.55,6.58,6.30,6.37,293593
24-Aug-12,6.61,6.69,6.49,6.54,373074
23-Aug-12,6.71,6.73,6.55,6.66,231864
22-Aug-12,6.81,6.82,6.71,6.75,144074
21-Aug-12,6.65,6.86,6.65,6.86,442599
20-Aug-12,6.80,6.82,6.65,6.67,185179
17-Aug-12,6.65,6.85,6.62,6.85,239027
16-Aug-12,6.53,6.72,6.48,6.68,277072
15-Aug-12,6.53,6.59,6.44,6.56,206069
14-Aug-12,6.65,6.68,6.38,6.58,363544
13-Aug-12,6.72,6.72,6.60,6.65,317462
10-Aug-12,6.91,6.91,6.64,6.75,218402
9-Aug-12,7.00,7.03,6.88,6.93,103652
8-Aug-12,7.02,7.10,6.94,7.03,341841
7-Aug-12,7.11,7.14,7.06,7.08,220653
6-Aug-12,7.03,7.14,6.96,7.11,185146
3-Aug-12,6.77,7.14,6.75,7.04,328800
2-Aug-12,6.64,6.78,6.60,6.75,251292
1-Aug-12,6.70,6.98,6.51,6.65,212785
31-Jul-12,6.83,6.87,6.66,6.69,285141
30-Jul-12,6.62,6.84,6.58,6.82,192504
27-Jul-12,6.50,6.72,6.37,6.59,364880
26-Jul-12,6.38,6.49,6.30,6.44,334507
25-Jul-12,6.61,6.61,6.29,6.32,509671
24-Jul-12,6.69,6.72,6.52,6.60,269913
23-Jul-12,6.69,6.75,6.56,6.70,169191
20-Jul-12,7.02,7.09,6.82,6.85,185405
19-Jul-12,7.10,7.26,7.00,7.08,317546
18-Jul-12,6.95,7.11,6.94,7.10,279894
17-Jul-12,6.99,7.04,6.84,6.97,215024
16-Jul-12,7.00,7.02,6.88,6.98,210866
13-Jul-12,6.96,7.05,6.93,6.99,290623
12-Jul-12,6.77,6.98,6.67,6.97,670332
11-Jul-12,6.79,6.92,6.61,6.79,337665
10-Jul-12,6.86,7.03,6.70,6.75,531833
9-Jul-12,7.00,7.05,6.78,6.80,245260
6-Jul-12,7.00,7.13,6.84,7.03,243731
5-Jul-12,6.88,7.11,6.88,7.08,241669
3-Jul-12,6.89,7.00,6.80,6.92,159098
2-Jul-12,6.64,6.81,6.59,6.81,282280
29-Jun-12,6.65,6.73,6.52,6.57,461399
28-Jun-12,6.55,6.55,6.32,6.44,267244
27-Jun-12,6.51,6.61,6.48,6.61,236180
26-Jun-12,6.60,6.60,6.43,6.54,305927
25-Jun-12,6.67,6.67,6.38,6.55,427072
22-Jun-12,6.83,6.83,6.55,6.69,8289803
21-Jun-12,6.93,7.00,6.74,6.77,525686
20-Jun-12,6.87,7.08,6.63,6.91,738602
19-Jun-12,6.53,6.92,6.53,6.87,870616
18-Jun-12,6.74,6.74,6.47,6.57,568475
15-Jun-12,6.66,6.94,6.60,6.74,427989
14-Jun-12,6.43,6.78,6.43,6.68,648172
13-Jun-12,6.65,6.68,6.52,6.62,271247
12-Jun-12,6.59,6.77,6.47,6.68,523562
11-Jun-12,7.24,7.25,6.58,6.60,479701
8-Jun-12,7.02,7.18,6.89,7.15,458576
7-Jun-12,6.85,7.05,6.81,7.01,399489
6-Jun-12,6.67,6.95,6.55,6.93,483678
5-Jun-12,6.38,6.64,6.31,6.62,405078
4-Jun-12,6.51,6.55,6.26,6.42,494988
1-Jun-12,6.56,6.62,6.41,6.56,321291
31-May-12,6.51,6.76,6.33,6.68,3156681
30-May-12,6.50,6.57,6.29,6.55,636783
29-May-12,6.85,6.95,6.45,6.53,786452
25-May-12,6.67,6.80,6.67,6.75,229178
24-May-12,6.80,6.93,6.48,6.72,470093
23-May-12,6.98,7.00,6.78,6.81,424108
22-May-12,7.08,7.13,6.96,7.05,461492
21-May-12,7.06,7.13,7.00,7.04,389807
18-May-12,7.20,7.20,6.94,7.09,327694
17-May-12,7.35,7.70,7.00,7.16,554502
16-May-12,7.50,7.63,7.25,7.40,772945
15-May-12,7.46,7.70,7.39,7.45,196362
14-May-12,7.96,7.96,7.46,7.50,321554
11-May-12,7.93,8.03,7.87,7.98,78538
10-May-12,8.04,8.11,7.93,7.97,107250
9-May-12,7.90,8.10,7.81,8.03,209312
8-May-12,7.96,8.02,7.80,7.96,205812
7-May-12,8.01,8.07,7.90,7.97,182737
4-May-12,8.04,8.05,7.88,7.98,212717
3-May-12,8.07,8.09,7.95,8.02,441115
2-May-12,8.73,8.73,8.04,8.07,380048
1-May-12,8.55,8.72,8.50,8.54,258392
30-Apr-12,8.60,8.72,8.40,8.55,338608
27-Apr-12,8.14,8.59,8.06,8.53,288060
26-Apr-12,8.17,8.20,7.95,8.04,274017
25-Apr-12,8.01,8.20,7.98,8.12,219119
24-Apr-12,8.07,8.18,7.90,8.00,232152
23-Apr-12,8.41,8.42,8.00,8.09,355251
20-Apr-12,8.38,8.48,8.33,8.34,184080
19-Apr-12,8.37,8.45,8.30,8.38,186457
18-Apr-12,8.52,8.60,8.32,8.34,217206
17-Apr-12,8.41,8.54,8.32,8.49,233946
16-Apr-12,8.60,8.60,8.31,8.49,215768
13-Apr-12,8.67,8.67,8.42,8.60,152151
12-Apr-12,8.44,8.63,8.31,8.59,226110
11-Apr-12,8.27,8.46,8.13,8.46,313655
10-Apr-12,8.43,8.45,8.20,8.44,316260
9-Apr-12,8.28,8.53,8.10,8.36,340190
5-Apr-12,8.43,8.50,8.20,8.50,338205
4-Apr-12,8.74,8.74,8.27,8.36,489725
3-Apr-12,8.50,8.73,8.32,8.72,320739
2-Apr-12,8.51,8.51,8.31,8.48,288236
30-Mar-12,8.23,8.42,8.23,8.37,470951
29-Mar-12,8.11,8.21,7.99,8.21,278700
28-Mar-12,8.49,8.53,8.14,8.16,449391
27-Mar-12,8.59,8.84,8.45,8.51,403521
26-Mar-12,8.93,8.95,8.42,8.54,773576
23-Mar-12,8.34,8.50,8.15,8.50,322339
22-Mar-12,8.15,8.31,7.97,8.28,274274
21-Mar-12,8.09,8.15,7.98,8.14,386061
20-Mar-12,7.59,8.05,7.50,8.00,757824
19-Mar-12,7.57,7.64,7.36,7.55,632502
16-Mar-12,7.39,7.41,7.20,7.34,314460
15-Mar-12,7.40,7.50,7.30,7.37,223416
14-Mar-12,7.48,7.50,7.30,7.37,406179
13-Mar-12,7.44,7.50,7.30,7.41,285790
12-Mar-12,7.69,7.69,7.28,7.39,390231
9-Mar-12,7.10,7.64,7.00,7.59,925399
8-Mar-12,7.10,7.10,6.95,7.03,250198
7-Mar-12,6.75,7.03,6.70,7.03,192971
6-Mar-12,6.87,6.89,6.60,6.66,316895
5-Mar-12,7.13,7.14,6.87,6.88,312830
2-Mar-12,6.94,7.08,6.85,7.03,173741
1-Mar-12,7.11,7.11,6.81,6.92,573680
29-Feb-12,7.17,7.19,6.98,7.08,252920
28-Feb-12,7.19,7.24,7.06,7.09,272282
27-Feb-12,7.20,7.20,7.10,7.14,294822
24-Feb-12,7.29,7.39,7.04,7.10,293772
23-Feb-12,7.31,7.35,7.16,7.18,184479
22-Feb-12,7.49,7.69,7.20,7.29,268423
21-Feb-12,7.67,7.89,7.30,7.44,910604
17-Feb-12,6.50,7.20,6.34,7.04,1026772
16-Feb-12,6.54,6.54,6.20,6.36,380424
15-Feb-12,6.61,6.81,6.46,6.61,172217
14-Feb-12,6.56,6.62,6.17,6.57,182894
13-Feb-12,6.40,6.74,6.39,6.55,403763
10-Feb-12,6.26,6.40,6.18,6.38,321379
9-Feb-12,6.20,6.40,6.13,6.36,421021
8-Feb-12,6.18,6.25,6.10,6.23,265264
7-Feb-12,6.20,6.27,6.11,6.21,311949
6-Feb-12,6.02,6.33,5.95,6.24,913589
3-Feb-12,6.17,6.17,6.17,6.17,0
2-Feb-12,5.60,5.64,5.37,5.61,596403
1-Feb-12,5.77,5.77,5.57,5.63,167875
31-Jan-12,5.90,5.90,5.56,5.75,294979
30-Jan-12,5.42,5.42,5.42,5.42,0
27-Jan-12,6.34,6.35,6.26,6.31,57788
26-Jan-12,6.35,6.35,6.29,6.34,64063
25-Jan-12,6.25,6.31,6.18,6.31,103676
24-Jan-12,6.24,6.29,6.11,6.24,80595
23-Jan-12,6.40,6.46,6.20,6.30,145109
20-Jan-12,6.15,6.39,6.14,6.39,185763
19-Jan-12,6.35,6.35,6.21,6.21,69757
18-Jan-12,6.15,6.37,6.10,6.33,107485
17-Jan-12,6.09,6.09,6.09,6.09,0
13-Jan-12,6.25,6.25,6.25,6.25,0
12-Jan-12,6.18,6.26,6.15,6.25,110048
11-Jan-12,6.17,6.23,6.12,6.21,163372
10-Jan-12,6.15,6.20,6.11,6.20,127711
9-Jan-12,6.10,6.15,6.04,6.14,137847
6-Jan-12,6.07,6.15,6.04,6.10,85309
5-Jan-12,6.03,6.15,6.00,6.10,141119
4-Jan-12,5.98,6.10,5.98,6.07,121089
3-Jan-12,6.06,6.10,6.00,6.02,187278
30-Dec-11,6.05,6.05,6.05,6.05,0
29-Dec-11,5.99,6.06,5.88,6.03,39760
28-Dec-11,5.97,6.02,5.94,5.95,30200
27-Dec-11,6.03,6.10,5.90,5.97,82030
23-Dec-11,6.07,6.07,6.07,6.07,0
22-Dec-11,6.01,6.06,5.90,6.06,48012
21-Dec-11,6.01,6.12,5.85,6.03,68594
20-Dec-11,5.93,6.03,5.82,6.00,162995
19-Dec-11,5.86,5.95,5.75,5.86,89549
16-Dec-11,5.81,5.92,5.79,5.89,65664
15-Dec-11,5.71,5.80,5.64,5.75,104469
14-Dec-11,5.69,5.74,5.55,5.71,107120
13-Dec-11,5.93,6.00,5.59,5.68,224875
12-Dec-11,5.99,5.99,5.99,5.99,0
9-Dec-11,6.03,6.29,5.97,6.02,117935
8-Dec-11,6.05,6.05,6.05,6.05,0
7-Dec-11,6.36,6.37,6.20,6.29,110223
6-Dec-11,6.37,6.47,6.30,6.41,113982
5-Dec-11,6.43,6.43,6.43,6.43,0
2-Dec-11,6.58,6.60,6.51,6.53,150291
1-Dec-11,6.26,6.53,6.11,6.48,191506
30-Nov-11,6.29,6.46,6.19,6.23,325245
29-Nov-11,6.18,6.32,6.10,6.20,241019
28-Nov-11,6.17,6.17,6.17,6.17,0
25-Nov-11,6.00,6.08,5.93,6.01,27596
23-Nov-11,6.03,6.03,6.03,6.03,0
22-Nov-11,6.10,6.34,6.01,6.18,231108
21-Nov-11,6.14,6.25,5.94,6.07,213915
18-Nov-11,6.64,6.74,6.14,6.22,357963
17-Nov-11,7.04,7.18,6.60,6.62,343858
16-Nov-11,7.47,7.49,6.86,7.00,342808
15-Nov-11,7.50,7.55,7.46,7.55,118707
14-Nov-11,7.68,7.75,7.43,7.52,136385
11-Nov-11,7.75,7.75,7.75,7.75,0
10-Nov-11,7.92,7.94,7.60,7.63,176748
9-Nov-11,8.04,8.14,7.82,7.89,281417
8-Nov-11,8.08,8.22,7.90,8.20,505235
7-Nov-11,7.88,8.01,7.81,7.99,191245
4-Nov-11,7.46,7.46,7.46,7.46,0
3-Nov-11,7.56,7.79,7.48,7.67,106174
2-Nov-11,7.69,7.69,7.34,7.48,294532
1-Nov-11,7.23,7.70,7.23,7.63,292176
31-Oct-11,7.45,7.62,7.28,7.46,166201
28-Oct-11,7.42,7.42,7.42,7.42,0
27-Oct-11,7.00,7.37,6.96,7.21,555246
26-Oct-11,6.46,7.03,6.45,6.94,387990
25-Oct-11,6.31,6.46,6.25,6.38,134289
24-Oct-11,6.42,6.44,6.34,6.41,73059
21-Oct-11,6.30,6.42,6.25,6.40,100025
20-Oct-11,6.28,6.38,6.08,6.26,170709
19-Oct-11,6.21,6.39,6.21,6.31,48323
18-Oct-11,6.35,6.42,6.12,6.25,142392
17-Oct-11,6.40,6.58,6.28,6.36,182904
14-Oct-11,6.25,6.36,6.21,6.33,147639
13-Oct-11,6.49,6.49,6.06,6.21,170957
12-Oct-11,6.05,6.39,5.92,6.19,487245
11-Oct-11,5.82,6.04,5.63,5.96,110153
10-Oct-11,5.85,6.04,5.79,5.87,453659
7-Oct-11,6.04,6.04,5.75,5.78,141010
6-Oct-11,5.90,5.90,5.90,5.90,0
5-Oct-11,5.94,5.98,5.64,5.68,175836
4-Oct-11,5.59,5.59,5.59,5.59,0
3-Oct-11,7.04,7.05,5.95,5.99,949903
30-Sep-11,7.97,7.97,6.88,7.02,1078331
29-Sep-11,8.11,8.24,8.00,8.00,128748
