Date,Open,High,Low,Close,Volume
27-Sep-12,33.00,33.28,32.95,33.25,72339
26-Sep-12,32.55,32.55,31.93,32.17,238818
25-Sep-12,32.60,32.78,32.37,32.57,296923
24-Sep-12,32.34,32.92,32.17,32.67,407754
21-Sep-12,32.41,32.41,32.03,32.36,62513
20-Sep-12,32.33,32.36,31.96,32.03,71836
19-Sep-12,31.41,32.54,31.28,32.52,103831
18-Sep-12,30.80,31.39,30.80,31.16,77242
17-Sep-12,30.62,31.05,30.51,30.92,53820
14-Sep-12,30.80,31.33,30.07,30.59,167212
13-Sep-12,31.59,31.75,30.56,30.73,109346
12-Sep-12,31.41,31.84,31.10,31.49,77849
11-Sep-12,31.44,31.78,31.17,31.17,59492
10-Sep-12,31.72,31.72,31.29,31.30,28404
7-Sep-12,31.56,32.26,31.51,31.87,155273
6-Sep-12,31.07,31.89,30.73,31.63,325168
5-Sep-12,31.23,31.50,30.91,30.95,119832
4-Sep-12,31.20,31.41,30.92,31.22,342087
31-Aug-12,31.28,31.49,31.04,31.28,112430
30-Aug-12,31.18,31.35,30.98,31.19,140956
29-Aug-12,31.07,31.72,31.07,31.47,132027
28-Aug-12,30.85,31.15,30.69,30.94,213002
27-Aug-12,31.09,31.30,30.98,31.16,120282
24-Aug-12,31.41,31.51,31.02,31.06,161938
23-Aug-12,31.16,31.69,31.03,31.48,101839
22-Aug-12,30.62,31.19,30.62,31.12,125996
21-Aug-12,31.69,31.74,30.70,30.85,236145
20-Aug-12,31.47,32.01,31.43,31.70,296739
17-Aug-12,31.24,31.76,30.76,31.53,159814
16-Aug-12,30.91,31.22,30.69,31.18,268063
15-Aug-12,31.42,31.45,30.99,31.05,263990
14-Aug-12,31.75,31.99,31.29,31.58,196330
13-Aug-12,31.20,32.01,31.02,31.78,347546
10-Aug-12,31.60,31.85,31.40,31.81,163267
9-Aug-12,31.94,32.04,31.49,31.63,148696
8-Aug-12,31.77,32.00,31.53,31.89,275633
7-Aug-12,31.89,32.09,31.68,31.92,242862
6-Aug-12,32.00,32.02,31.71,31.99,232137
3-Aug-12,30.92,32.05,30.71,31.75,544900
2-Aug-12,29.90,30.71,29.51,30.65,451503
1-Aug-12,31.65,32.10,30.17,30.49,1634523
31-Jul-12,35.55,36.18,35.38,36.00,235668
30-Jul-12,35.65,35.87,35.45,35.60,135153
27-Jul-12,35.29,36.00,35.14,35.89,96073
26-Jul-12,35.00,35.27,34.81,35.20,144578
25-Jul-12,34.00,34.69,33.94,34.53,142906
24-Jul-12,33.69,33.96,33.44,33.92,151720
23-Jul-12,33.63,33.91,33.36,33.59,121053
20-Jul-12,34.02,34.21,33.65,33.96,120404
19-Jul-12,33.80,34.39,33.54,34.36,257657
18-Jul-12,33.70,34.40,33.51,34.25,120961
17-Jul-12,33.58,33.83,32.85,33.70,88222
16-Jul-12,33.77,33.88,33.33,33.62,107788
13-Jul-12,33.76,34.71,33.45,33.99,178386
12-Jul-12,34.11,34.11,33.60,33.71,206513
11-Jul-12,34.75,34.84,33.98,34.40,121017
10-Jul-12,35.36,35.67,34.36,34.74,173840
9-Jul-12,35.61,35.84,35.06,35.25,208946
6-Jul-12,36.64,36.64,35.74,35.91,194915
5-Jul-12,37.03,37.27,36.76,37.08,104864
3-Jul-12,36.65,37.34,36.63,37.16,106687
2-Jul-12,36.57,37.02,36.41,36.87,243237
29-Jun-12,36.63,36.70,36.17,36.60,196376
28-Jun-12,35.99,36.19,35.52,36.04,101843
27-Jun-12,36.27,36.55,35.95,36.25,199988
26-Jun-12,35.98,36.39,35.57,36.15,141869
25-Jun-12,36.70,36.80,35.99,36.19,216775
22-Jun-12,37.10,37.28,36.84,36.95,249259
21-Jun-12,37.23,37.52,36.99,37.10,94157
20-Jun-12,37.50,37.70,37.23,37.50,100363
19-Jun-12,37.18,37.72,37.18,37.45,65878
18-Jun-12,36.94,37.36,36.73,37.20,60027
15-Jun-12,37.00,37.18,36.75,37.17,83947
14-Jun-12,36.70,36.80,36.34,36.77,182433
13-Jun-12,36.94,37.09,36.65,36.90,326074
12-Jun-12,37.62,38.10,37.43,37.77,161248
11-Jun-12,38.03,38.11,37.31,37.48,217597
8-Jun-12,37.60,37.87,37.27,37.87,161083
7-Jun-12,38.00,38.25,37.71,37.80,218390
6-Jun-12,37.28,38.20,37.17,37.94,288314
5-Jun-12,36.28,37.17,36.28,37.08,204592
4-Jun-12,36.27,36.43,35.78,36.10,198600
1-Jun-12,36.55,36.76,36.33,36.51,172851
31-May-12,37.33,37.47,37.03,37.08,191055
30-May-12,37.19,37.30,36.93,37.02,118042
29-May-12,37.19,37.82,37.19,37.70,149652
25-May-12,37.43,37.43,37.03,37.21,127106
24-May-12,37.51,37.75,36.92,37.29,117686
23-May-12,37.25,37.56,36.67,37.33,237907
22-May-12,37.00,37.75,36.81,37.68,218287
21-May-12,36.45,36.98,36.15,36.80,187406
18-May-12,36.52,36.97,35.84,36.06,245003
17-May-12,36.80,36.94,36.27,36.33,186797
16-May-12,36.98,37.27,36.67,36.73,171865
15-May-12,36.70,36.88,36.29,36.51,165317
14-May-12,37.05,37.42,36.38,36.80,251193
11-May-12,37.98,38.16,36.99,37.69,379246
10-May-12,38.02,38.25,37.59,37.62,357362
9-May-12,37.74,38.15,37.50,37.82,330013
8-May-12,38.55,38.75,37.32,38.17,517741
7-May-12,38.25,38.60,37.92,38.09,510113
4-May-12,37.40,37.81,36.94,37.61,288073
3-May-12,38.52,38.62,37.57,37.90,248521
2-May-12,38.67,38.81,38.26,38.36,264120
1-May-12,38.54,38.85,38.33,38.47,274743
30-Apr-12,37.84,38.46,37.75,38.42,169982
27-Apr-12,37.91,37.91,37.44,37.65,161078
26-Apr-12,37.91,38.14,37.45,37.71,164829
25-Apr-12,37.99,38.16,37.65,37.90,89573
24-Apr-12,38.01,38.05,37.52,37.70,163121
23-Apr-12,37.67,37.79,37.36,37.46,197079
20-Apr-12,38.35,38.72,38.23,38.24,78911
19-Apr-12,37.99,38.83,37.99,38.30,203404
18-Apr-12,37.98,38.47,37.66,38.20,274811
17-Apr-12,38.50,38.61,38.26,38.39,190083
16-Apr-12,38.51,38.51,37.90,38.33,164402
13-Apr-12,38.65,38.77,38.22,38.30,135919
12-Apr-12,39.30,39.52,38.80,38.99,107270
11-Apr-12,38.75,39.50,38.52,39.38,198625
10-Apr-12,38.84,39.16,38.25,38.51,167566
9-Apr-12,38.49,39.00,38.26,38.68,198405
5-Apr-12,39.25,39.69,39.00,39.20,207527
4-Apr-12,39.18,39.29,38.59,38.93,92391
3-Apr-12,39.48,39.66,39.07,39.37,115543
2-Apr-12,39.02,39.84,38.96,39.78,159184
30-Mar-12,39.85,40.01,39.18,39.30,169433
29-Mar-12,39.43,40.04,38.89,39.89,275383
28-Mar-12,39.70,39.95,39.22,39.72,422048
27-Mar-12,39.10,39.81,38.84,39.47,394143
26-Mar-12,38.10,38.99,38.00,38.86,346672
23-Mar-12,37.50,37.60,36.76,37.53,148769
22-Mar-12,37.64,37.80,37.50,37.55,237393
21-Mar-12,36.60,38.17,36.55,37.98,508649
20-Mar-12,36.48,36.51,36.16,36.40,125065
19-Mar-12,36.49,36.73,36.22,36.66,84363
16-Mar-12,36.50,36.71,35.72,36.55,268760
15-Mar-12,36.50,36.72,36.10,36.45,114284
14-Mar-12,36.92,36.95,36.33,36.46,198765
13-Mar-12,36.19,36.82,36.05,36.78,294909
12-Mar-12,36.60,36.60,35.77,36.24,508159
9-Mar-12,35.90,37.08,35.79,37.03,536063
8-Mar-12,35.30,35.92,35.29,35.84,246476
7-Mar-12,34.86,35.40,34.68,35.34,231384
6-Mar-12,34.40,34.67,34.39,34.56,231419
5-Mar-12,34.70,34.78,34.49,34.54,201113
2-Mar-12,34.87,35.08,34.48,34.79,204137
1-Mar-12,34.52,34.97,34.36,34.92,154436
29-Feb-12,34.29,34.46,34.03,34.19,261857
28-Feb-12,34.30,34.44,33.96,34.30,244639
27-Feb-12,34.05,34.72,33.88,34.52,329665
24-Feb-12,34.58,35.11,34.40,34.83,172154
23-Feb-12,34.40,34.59,34.20,34.48,356911
22-Feb-12,34.56,35.00,34.50,34.79,264050
21-Feb-12,34.96,35.37,34.75,35.02,250104
17-Feb-12,35.00,35.39,35.00,35.19,561057
16-Feb-12,35.88,35.89,34.70,35.08,914858
15-Feb-12,36.83,36.89,35.96,36.04,673150
14-Feb-12,36.43,36.81,36.38,36.72,136046
13-Feb-12,36.07,36.43,35.80,36.34,143076
10-Feb-12,35.61,35.61,35.61,35.61,0
9-Feb-12,35.12,36.04,35.04,35.98,178048
8-Feb-12,35.60,35.62,34.96,35.21,286902
7-Feb-12,35.36,35.36,35.36,35.36,0
6-Feb-12,36.37,36.37,35.75,35.81,183271
3-Feb-12,36.42,36.81,36.32,36.73,160410
2-Feb-12,36.39,36.41,35.93,36.04,102408
1-Feb-12,36.37,36.37,36.37,36.37,0
31-Jan-12,36.20,36.35,35.81,35.96,85908
30-Jan-12,35.86,36.22,35.75,36.11,172052
27-Jan-12,35.20,36.01,35.20,35.90,265011
26-Jan-12,36.00,36.05,35.17,35.25,237516
25-Jan-12,35.57,36.00,35.35,35.98,140852
24-Jan-12,35.21,35.76,35.07,35.69,201445
23-Jan-12,35.61,36.00,35.43,35.85,142915
20-Jan-12,35.09,35.76,35.08,35.49,161695
19-Jan-12,34.70,35.36,34.59,35.17,284252
18-Jan-12,34.25,34.25,34.25,34.25,0
17-Jan-12,34.74,34.99,33.69,33.89,320366
13-Jan-12,34.28,34.28,34.28,34.28,0
12-Jan-12,34.35,34.55,33.87,34.48,91265
11-Jan-12,34.14,34.34,33.66,34.21,189908
10-Jan-12,34.74,34.95,34.12,34.35,141207
9-Jan-12,34.30,34.33,33.93,34.22,76037
6-Jan-12,34.59,34.77,34.20,34.45,160489
5-Jan-12,34.10,34.98,34.10,34.67,149424
4-Jan-12,34.24,34.24,33.75,34.00,203560
3-Jan-12,34.90,35.51,34.46,34.63,153016
30-Dec-11,34.51,34.51,34.51,34.51,0
29-Dec-11,34.15,34.87,34.04,34.36,189543
28-Dec-11,34.48,34.48,34.48,34.48,0
27-Dec-11,34.46,35.24,34.39,35.00,144877
23-Dec-11,33.92,33.92,33.92,33.92,0
22-Dec-11,33.74,34.50,33.74,34.10,132456
21-Dec-11,34.09,34.09,33.40,33.86,293638
20-Dec-11,33.19,34.18,33.19,34.15,219607
19-Dec-11,32.20,32.68,32.02,32.40,610269
16-Dec-11,31.73,31.94,31.53,31.87,372432
15-Dec-11,31.98,31.98,31.98,31.98,0
14-Dec-11,33.14,33.40,32.31,32.55,174566
13-Dec-11,34.24,34.46,33.25,33.43,158723
12-Dec-11,33.48,34.09,33.38,33.99,184010
9-Dec-11,34.04,34.04,34.04,34.04,0
8-Dec-11,33.58,34.11,33.37,33.93,123755
7-Dec-11,34.06,34.11,33.60,33.93,134034
6-Dec-11,34.39,34.91,34.20,34.54,180712
5-Dec-11,34.72,34.98,34.45,34.66,108250
2-Dec-11,34.60,34.93,34.10,34.20,239855
1-Dec-11,33.66,34.28,33.61,33.96,203242
30-Nov-11,33.72,33.95,33.23,33.58,139463
29-Nov-11,32.38,32.87,32.15,32.61,290940
28-Nov-11,33.05,33.20,32.71,33.18,160461
25-Nov-11,32.00,32.14,31.91,32.02,147570
23-Nov-11,32.05,32.05,32.05,32.05,0
22-Nov-11,32.00,32.56,31.99,32.23,295952
21-Nov-11,32.36,32.58,31.84,32.38,204637
18-Nov-11,33.78,33.78,33.16,33.33,119072
17-Nov-11,34.21,34.32,33.18,33.47,216748
16-Nov-11,34.66,35.14,34.31,34.33,278383
15-Nov-11,34.96,35.10,34.73,35.05,223238
14-Nov-11,34.95,34.95,34.95,34.95,0
11-Nov-11,34.04,34.72,33.86,34.55,123335
10-Nov-11,33.42,33.77,33.15,33.63,114646
9-Nov-11,33.94,33.94,32.81,32.92,257009
8-Nov-11,34.69,34.97,34.14,34.59,272777
7-Nov-11,35.12,35.36,33.93,34.36,262314
4-Nov-11,35.50,35.54,34.99,35.39,224655
3-Nov-11,36.11,36.11,36.11,36.11,0
2-Nov-11,34.86,35.18,34.31,35.17,181185
1-Nov-11,33.91,34.74,33.72,34.28,309304
31-Oct-11,35.92,35.92,35.92,35.92,0
28-Oct-11,37.41,37.82,37.10,37.29,415326
27-Oct-11,36.65,37.49,36.65,37.37,470663
26-Oct-11,35.71,35.79,35.19,35.63,167256
25-Oct-11,35.06,35.25,34.50,34.89,149496
24-Oct-11,34.72,35.36,34.49,35.29,273570
21-Oct-11,34.91,34.98,34.38,34.77,347863
20-Oct-11,33.89,34.58,33.71,34.50,234392
19-Oct-11,33.91,33.91,33.91,33.91,0
18-Oct-11,34.00,34.16,33.62,34.04,261366
17-Oct-11,33.80,34.13,33.71,33.82,421360
14-Oct-11,33.03,33.42,32.80,33.37,90971
13-Oct-11,32.41,32.41,32.41,32.41,0
12-Oct-11,32.81,32.93,32.36,32.85,98859
11-Oct-11,32.12,32.58,32.02,32.55,602531
10-Oct-11,31.30,32.00,31.27,31.92,88168
7-Oct-11,30.21,30.21,30.21,30.21,0
6-Oct-11,30.10,30.69,29.62,30.66,126094
5-Oct-11,30.16,30.16,30.16,30.16,0
4-Oct-11,28.10,29.17,27.85,29.09,187281
3-Oct-11,29.65,30.05,27.61,28.18,393976
30-Sep-11,30.53,30.81,30.13,30.35,333478
29-Sep-11,31.25,31.29,30.52,31.08,161619
