Date,Open,High,Low,Close,Volume
27-Sep-12,13.55,13.72,13.55,13.72,170262
26-Sep-12,13.70,13.82,13.42,13.47,328652
25-Sep-12,13.75,13.82,13.64,13.68,247824
24-Sep-12,13.75,13.77,13.68,13.70,329354
21-Sep-12,13.83,13.90,13.75,13.77,250702
20-Sep-12,13.81,13.84,13.72,13.83,214216
19-Sep-12,13.77,13.86,13.75,13.83,197712
18-Sep-12,13.71,13.75,13.68,13.75,179270
17-Sep-12,13.75,13.77,13.71,13.71,229456
14-Sep-12,13.72,13.88,13.72,13.80,288418
13-Sep-12,13.60,13.74,13.56,13.72,332386
12-Sep-12,13.58,13.60,13.53,13.60,276195
11-Sep-12,13.52,13.61,13.50,13.54,171574
10-Sep-12,13.55,13.61,13.51,13.51,216886
7-Sep-12,13.52,13.59,13.52,13.59,279038
6-Sep-12,13.41,13.54,13.40,13.50,411279
5-Sep-12,13.32,13.36,13.25,13.35,296815
4-Sep-12,13.36,13.41,13.30,13.36,282037
31-Aug-12,13.52,13.70,13.31,13.39,463373
30-Aug-12,13.43,13.43,13.32,13.39,226040
29-Aug-12,13.48,13.49,13.42,13.44,184552
28-Aug-12,13.40,13.46,13.36,13.46,168170
27-Aug-12,13.41,13.45,13.38,13.38,275598
24-Aug-12,13.43,13.43,13.35,13.39,233450
23-Aug-12,13.43,13.43,13.35,13.39,138854
22-Aug-12,13.43,13.43,13.37,13.40,156102
21-Aug-12,13.48,13.49,13.40,13.43,238078
20-Aug-12,13.42,13.42,13.36,13.41,252817
17-Aug-12,13.50,13.50,13.39,13.40,48819
16-Aug-12,13.40,13.49,13.38,13.48,55910
15-Aug-12,13.43,13.43,13.34,13.35,61684
14-Aug-12,13.53,13.55,13.39,13.43,66296
13-Aug-12,13.51,13.53,13.48,13.51,46119
10-Aug-12,13.82,13.88,13.78,13.86,28659
9-Aug-12,13.84,13.89,13.82,13.82,45678
8-Aug-12,13.79,13.86,13.78,13.83,33569
7-Aug-12,13.73,13.85,13.71,13.82,78318
6-Aug-12,13.72,13.75,13.65,13.65,55745
3-Aug-12,13.72,13.80,13.65,13.65,72848
2-Aug-12,13.59,13.62,13.51,13.55,213934
1-Aug-12,13.61,13.70,13.49,13.63,204095
31-Jul-12,13.59,13.68,13.50,13.51,208598
30-Jul-12,13.68,13.75,13.60,13.61,167677
27-Jul-12,13.44,13.76,13.44,13.68,292374
26-Jul-12,13.45,13.53,13.43,13.48,229908
25-Jul-12,13.29,13.34,13.22,13.27,125193
24-Jul-12,13.22,13.26,13.14,13.25,454270
23-Jul-12,13.10,13.23,13.09,13.18,198658
20-Jul-12,13.35,13.35,13.26,13.33,177837
19-Jul-12,13.35,13.50,13.35,13.40,227738
18-Jul-12,13.37,13.41,13.34,13.39,158590
17-Jul-12,13.36,13.39,13.23,13.35,175939
16-Jul-12,13.28,13.33,13.23,13.33,191999
13-Jul-12,13.09,13.26,13.09,13.26,290929
12-Jul-12,13.08,13.14,12.99,13.11,226582
11-Jul-12,13.13,13.20,13.11,13.18,204196
10-Jul-12,13.20,13.22,13.11,13.16,189327
9-Jul-12,13.10,13.15,13.07,13.11,148023
6-Jul-12,13.16,13.16,13.06,13.14,231606
5-Jul-12,13.25,13.33,13.20,13.21,385192
3-Jul-12,13.22,13.34,13.21,13.25,102706
2-Jul-12,13.25,13.32,13.18,13.23,230729
29-Jun-12,13.16,13.25,13.09,13.25,448361
28-Jun-12,12.86,12.95,12.83,12.95,202015
27-Jun-12,12.83,12.98,12.83,12.94,263109
26-Jun-12,12.77,12.85,12.72,12.82,226883
25-Jun-12,12.83,12.83,12.65,12.74,245527
22-Jun-12,12.99,12.99,12.87,12.92,165970
21-Jun-12,13.12,13.13,12.90,12.92,452950
20-Jun-12,12.99,13.17,12.99,13.08,250463
19-Jun-12,12.96,13.07,12.95,13.04,264074
18-Jun-12,12.83,12.90,12.76,12.88,188181
15-Jun-12,12.89,12.89,12.80,12.85,230246
14-Jun-12,12.79,12.86,12.73,12.83,220073
13-Jun-12,12.77,12.87,12.72,12.74,275189
12-Jun-12,12.81,12.85,12.68,12.85,344595
11-Jun-12,12.90,12.92,12.71,12.74,197461
8-Jun-12,12.74,12.81,12.65,12.79,236609
7-Jun-12,12.93,12.97,12.76,12.76,300401
6-Jun-12,12.57,12.77,12.55,12.75,260007
5-Jun-12,12.34,12.50,12.34,12.46,380496
4-Jun-12,12.42,12.50,12.30,12.41,465500
1-Jun-12,12.67,12.71,12.47,12.47,426870
31-May-12,12.83,13.09,12.75,12.80,523150
30-May-12,12.80,12.84,12.75,12.84,298451
29-May-12,12.86,13.02,12.85,12.87,318629
25-May-12,12.77,12.79,12.72,12.73,284634
24-May-12,12.77,12.83,12.70,12.72,282806
23-May-12,12.63,12.76,12.60,12.74,235845
22-May-12,12.73,12.87,12.70,12.77,263004
21-May-12,12.71,12.78,12.65,12.71,472973
18-May-12,13.01,13.05,12.55,12.64,425117
17-May-12,13.08,13.08,12.86,12.96,532888
16-May-12,13.19,13.26,13.03,13.03,352666
15-May-12,13.40,13.40,13.12,13.15,406603
14-May-12,13.59,13.59,13.24,13.24,635941
11-May-12,13.89,14.01,13.66,13.68,373985
10-May-12,14.39,14.40,14.25,14.25,256426
9-May-12,14.21,14.33,14.17,14.26,245777
8-May-12,14.39,14.40,14.18,14.36,282106
7-May-12,14.33,14.44,14.31,14.42,291701
4-May-12,14.55,14.63,14.37,14.37,382743
3-May-12,14.78,14.80,14.61,14.63,391040
2-May-12,14.71,14.85,14.55,14.69,1040698
1-May-12,15.25,15.29,15.04,15.05,746956
30-Apr-12,15.28,15.33,15.24,15.27,234064
27-Apr-12,15.34,15.35,15.24,15.26,231706
26-Apr-12,15.24,15.32,15.21,15.28,232931
25-Apr-12,15.23,15.30,15.19,15.23,272740
24-Apr-12,15.18,15.23,15.11,15.15,278205
23-Apr-12,15.02,15.18,15.01,15.15,292929
20-Apr-12,15.37,15.44,15.11,15.18,185604
19-Apr-12,15.18,15.24,15.01,15.10,251619
18-Apr-12,15.17,15.27,15.14,15.19,179425
17-Apr-12,15.12,15.26,15.11,15.22,268189
16-Apr-12,15.14,15.21,14.96,14.99,178675
13-Apr-12,15.14,15.22,15.02,15.05,150531
12-Apr-12,15.07,15.20,15.07,15.18,181531
11-Apr-12,14.92,15.13,14.92,15.05,283559
10-Apr-12,15.04,15.12,14.79,14.84,293043
9-Apr-12,15.05,15.07,14.99,15.01,229887
5-Apr-12,15.20,15.26,15.16,15.20,155798
4-Apr-12,15.24,15.33,15.19,15.22,212695
3-Apr-12,15.45,15.49,15.27,15.39,226180
2-Apr-12,15.33,15.48,15.23,15.44,232458
30-Mar-12,15.20,15.38,15.16,15.35,354524
29-Mar-12,15.15,15.20,15.01,15.14,271023
28-Mar-12,15.25,15.32,15.19,15.21,206557
27-Mar-12,15.22,15.36,15.21,15.28,283363
26-Mar-12,15.17,15.22,15.15,15.21,321672
23-Mar-12,15.13,15.16,15.10,15.11,237918
22-Mar-12,15.05,15.15,15.05,15.14,235472
21-Mar-12,15.11,15.16,15.08,15.11,173479
20-Mar-12,15.11,15.14,15.05,15.08,227731
19-Mar-12,15.14,15.17,15.13,15.15,193911
16-Mar-12,15.14,15.22,15.12,15.12,235672
15-Mar-12,15.09,15.13,15.04,15.13,232565
14-Mar-12,15.08,15.19,15.02,15.02,253672
13-Mar-12,15.00,15.16,14.95,15.14,301784
12-Mar-12,15.03,15.07,14.92,14.97,331291
9-Mar-12,15.10,15.13,15.05,15.06,252418
8-Mar-12,15.11,15.19,15.01,15.12,244912
7-Mar-12,14.85,15.06,14.85,15.04,244013
6-Mar-12,15.08,15.08,14.75,14.84,421991
5-Mar-12,15.20,15.25,15.12,15.15,331818
2-Mar-12,15.41,15.41,15.20,15.23,437145
1-Mar-12,15.36,15.53,15.18,15.45,262702
29-Feb-12,15.33,15.53,15.27,15.37,519490
28-Feb-12,15.18,15.30,15.16,15.30,264953
27-Feb-12,15.09,15.23,15.01,15.12,209995
24-Feb-12,15.16,15.19,15.11,15.17,260465
23-Feb-12,14.94,15.11,14.94,15.04,280274
22-Feb-12,15.20,15.22,14.97,14.98,340411
21-Feb-12,15.20,15.24,15.15,15.20,281103
17-Feb-12,15.02,15.12,15.01,15.12,201880
16-Feb-12,14.99,15.05,14.92,14.93,406644
15-Feb-12,15.14,15.17,14.97,15.01,239437
14-Feb-12,15.11,15.13,14.91,15.02,282980
13-Feb-12,15.40,15.41,15.15,15.15,427842
10-Feb-12,15.86,15.91,15.72,15.80,510681
9-Feb-12,15.90,16.03,15.85,15.92,486030
8-Feb-12,15.75,15.85,15.72,15.83,410020
7-Feb-12,15.61,15.72,15.57,15.72,313049
6-Feb-12,15.49,15.61,15.42,15.60,354037
3-Feb-12,15.65,15.65,15.51,15.58,385549
2-Feb-12,15.34,15.53,15.32,15.45,467696
1-Feb-12,15.19,15.32,15.19,15.29,269392
31-Jan-12,15.08,15.14,15.01,15.05,339718
30-Jan-12,14.74,14.95,14.70,14.95,286160
27-Jan-12,14.72,14.87,14.72,14.86,289458
26-Jan-12,14.66,14.79,14.66,14.74,359536
25-Jan-12,14.57,14.68,14.53,14.62,477303
24-Jan-12,14.49,14.59,14.49,14.56,252993
23-Jan-12,14.41,14.66,14.38,14.59,334039
20-Jan-12,14.27,14.42,14.10,14.41,276048
19-Jan-12,14.11,14.26,14.09,14.26,274797
18-Jan-12,13.87,14.04,13.87,14.04,288181
17-Jan-12,13.91,13.96,13.88,13.90,269043
13-Jan-12,13.81,13.81,13.81,13.81,0
12-Jan-12,13.92,13.95,13.84,13.90,412258
11-Jan-12,13.88,13.93,13.79,13.91,272721
10-Jan-12,13.96,14.00,13.90,13.94,337624
9-Jan-12,13.74,13.84,13.72,13.84,222336
6-Jan-12,13.68,13.73,13.64,13.69,215025
5-Jan-12,13.48,13.68,13.45,13.65,214814
4-Jan-12,13.47,13.62,13.43,13.56,272980
3-Jan-12,13.36,13.57,13.35,13.51,205551
30-Dec-11,13.21,13.21,13.21,13.21,0
29-Dec-11,13.24,13.24,13.12,13.18,335926
28-Dec-11,13.39,13.41,13.12,13.14,332722
27-Dec-11,13.40,13.48,13.37,13.39,345267
23-Dec-11,13.40,13.40,13.40,13.40,0
22-Dec-11,13.26,13.38,13.26,13.32,332695
21-Dec-11,13.35,13.35,13.14,13.25,270271
20-Dec-11,13.21,13.37,13.21,13.31,335938
19-Dec-11,13.29,13.34,13.02,13.07,294084
16-Dec-11,13.34,13.42,13.25,13.27,246932
15-Dec-11,13.40,13.43,13.28,13.31,236585
14-Dec-11,13.39,13.50,13.26,13.31,297537
13-Dec-11,13.72,13.83,13.47,13.51,270476
12-Dec-11,13.75,13.79,13.56,13.64,318678
9-Dec-11,13.85,14.00,13.82,13.91,287017
8-Dec-11,14.04,14.06,13.75,13.79,268640
7-Dec-11,14.11,14.16,14.00,14.13,302545
6-Dec-11,14.14,14.20,14.10,14.15,250113
5-Dec-11,14.15,14.22,14.11,14.16,272356
2-Dec-11,14.07,14.14,13.98,14.00,330943
1-Dec-11,13.77,13.98,13.77,13.96,309727
30-Nov-11,13.85,14.00,13.74,13.83,406077
29-Nov-11,13.43,13.66,13.39,13.46,259187
28-Nov-11,13.63,13.69,13.30,13.40,295956
25-Nov-11,13.21,13.38,13.14,13.29,141417
23-Nov-11,13.18,13.18,13.18,13.18,0
22-Nov-11,13.44,13.49,13.28,13.45,181948
21-Nov-11,13.46,13.55,13.35,13.42,244580
18-Nov-11,13.77,13.80,13.66,13.68,219477
17-Nov-11,14.06,14.07,13.64,13.69,310540
16-Nov-11,13.96,14.12,13.90,14.06,249280
15-Nov-11,14.01,14.18,14.00,14.09,296212
14-Nov-11,14.43,14.44,14.07,14.07,278132
11-Nov-11,14.54,14.65,14.45,14.45,192298
10-Nov-11,14.54,14.60,14.38,14.45,277467
9-Nov-11,15.06,15.12,14.91,14.92,388586
8-Nov-11,15.18,15.33,15.10,15.32,303077
7-Nov-11,15.01,15.11,14.92,15.09,242255
4-Nov-11,14.95,15.00,14.75,15.00,192695
3-Nov-11,15.03,15.08,14.84,15.01,249129
2-Nov-11,14.74,14.97,14.72,14.86,281271
1-Nov-11,14.52,14.73,14.50,14.54,311212
31-Oct-11,15.20,15.20,14.95,14.95,292791
28-Oct-11,15.20,15.33,15.17,15.32,186016
27-Oct-11,15.25,15.40,15.19,15.23,415912
26-Oct-11,14.84,14.84,14.60,14.80,219113
25-Oct-11,14.75,14.82,14.60,14.62,251715
24-Oct-11,14.68,14.85,14.65,14.82,254106
21-Oct-11,14.63,14.77,14.63,14.71,184880
20-Oct-11,14.38,14.49,14.30,14.47,182853
19-Oct-11,14.61,14.65,14.41,14.47,171909
18-Oct-11,14.31,14.63,14.21,14.63,228864
17-Oct-11,14.53,14.54,14.26,14.31,290756
14-Oct-11,14.48,14.57,14.41,14.57,197015
13-Oct-11,14.26,14.35,14.17,14.32,221909
12-Oct-11,14.25,14.51,14.25,14.44,198034
11-Oct-11,14.05,14.28,14.04,14.17,191152
10-Oct-11,13.89,14.19,13.89,14.16,259576
7-Oct-11,13.91,14.00,13.70,13.77,172478
6-Oct-11,13.60,13.87,13.50,13.85,335741
5-Oct-11,13.32,13.60,13.22,13.60,279905
4-Oct-11,13.06,13.31,12.75,13.31,498169
3-Oct-11,13.80,13.94,13.22,13.25,828669
30-Sep-11,14.55,14.58,14.04,14.11,476858
