Date,Open,High,Low,Close,Volume
27-Sep-12,124.11,125.59,122.91,125.46,146925
26-Sep-12,122.95,124.20,122.95,123.70,105062
25-Sep-12,125.60,126.14,124.21,124.25,195900
24-Sep-12,125.55,126.84,124.64,125.49,246572
21-Sep-12,127.33,129.17,126.09,126.50,306872
20-Sep-12,126.25,127.17,125.03,126.13,123444
19-Sep-12,126.35,127.75,126.26,127.41,161487
18-Sep-12,128.18,128.22,125.53,126.18,173842
17-Sep-12,129.33,129.41,127.71,127.79,154727
14-Sep-12,127.66,131.17,126.85,128.71,309955
13-Sep-12,125.00,126.99,123.19,126.83,243014
12-Sep-12,121.88,125.14,121.39,125.00,432368
11-Sep-12,122.05,122.07,120.62,121.06,235570
10-Sep-12,122.45,122.99,121.64,121.73,167472
7-Sep-12,122.80,123.14,121.98,122.56,157121
6-Sep-12,118.24,121.29,118.24,121.21,162606
5-Sep-12,118.69,118.72,116.72,117.39,273982
4-Sep-12,119.86,120.55,118.64,119.09,242429
31-Aug-12,120.19,120.95,118.98,120.53,214435
30-Aug-12,118.80,120.17,118.80,119.96,250703
29-Aug-12,119.50,119.73,118.59,119.58,164378
28-Aug-12,118.57,120.06,118.13,119.58,201471
27-Aug-12,119.01,119.49,118.37,118.58,110538
24-Aug-12,117.03,119.36,116.90,118.97,161058
23-Aug-12,117.31,118.58,117.25,117.83,168790
22-Aug-12,118.07,118.46,117.29,117.77,197894
21-Aug-12,119.30,121.35,117.73,118.55,321574
20-Aug-12,119.41,120.01,117.57,117.96,260520
17-Aug-12,116.34,120.06,116.15,119.13,225641
16-Aug-12,113.13,114.26,112.69,114.10,72492
15-Aug-12,112.34,112.48,111.66,112.44,30154
14-Aug-12,112.78,113.18,111.99,112.09,65548
13-Aug-12,113.28,113.65,112.08,112.55,56110
10-Aug-12,113.45,113.85,112.21,113.28,76116
9-Aug-12,114.52,114.65,113.28,113.41,44308
8-Aug-12,112.77,114.66,111.79,114.52,176680
7-Aug-12,110.52,113.52,110.20,113.03,91944
6-Aug-12,114.61,114.96,112.42,112.59,133296
3-Aug-12,114.63,115.50,114.21,114.35,206815
2-Aug-12,113.99,115.69,112.18,113.07,740274
1-Aug-12,116.29,116.89,114.36,114.47,461039
31-Jul-12,118.52,118.81,115.54,115.94,639552
30-Jul-12,117.85,119.77,117.75,118.71,506301
27-Jul-12,117.32,118.96,116.97,118.25,377646
26-Jul-12,116.73,117.00,115.80,116.52,367920
25-Jul-12,115.07,115.90,113.05,114.45,546037
24-Jul-12,116.74,117.08,114.19,114.31,275762
23-Jul-12,117.66,118.00,116.57,116.80,215898
20-Jul-12,120.43,120.93,118.40,118.92,394301
19-Jul-12,122.09,123.31,120.57,121.12,472232
18-Jul-12,122.14,122.83,120.94,122.50,362399
17-Jul-12,124.25,124.25,122.18,122.50,228940
16-Jul-12,124.12,125.50,123.31,123.82,167918
13-Jul-12,122.61,123.96,122.61,123.49,173025
12-Jul-12,122.79,123.11,121.34,122.41,215599
11-Jul-12,122.96,125.17,122.47,124.04,495279
10-Jul-12,124.49,125.05,121.72,122.13,279121
9-Jul-12,125.19,125.66,123.85,124.14,138878
6-Jul-12,126.74,127.50,125.36,125.39,228932
5-Jul-12,128.08,128.70,127.17,127.48,260921
3-Jul-12,127.90,128.93,127.73,128.13,139828
2-Jul-12,127.35,128.46,125.82,127.96,435794
29-Jun-12,123.57,125.91,123.45,125.89,236883
28-Jun-12,121.40,121.79,120.23,121.24,208941
27-Jun-12,124.14,124.40,121.72,121.96,352103
26-Jun-12,125.94,126.85,122.80,123.93,323564
25-Jun-12,124.85,126.77,124.66,125.48,355484
22-Jun-12,126.99,127.20,125.98,126.79,180070
21-Jun-12,128.42,128.42,125.62,125.86,254286
20-Jun-12,126.59,128.74,126.59,128.70,226473
19-Jun-12,123.91,127.18,123.75,126.83,327625
18-Jun-12,121.21,123.80,120.48,123.24,186041
15-Jun-12,119.58,121.42,119.17,121.31,269189
14-Jun-12,119.43,119.53,117.51,118.49,215761
13-Jun-12,119.35,120.58,118.73,119.29,134105
12-Jun-12,119.82,121.31,118.50,119.19,324388
11-Jun-12,123.07,123.07,120.25,120.30,140158
8-Jun-12,122.18,122.85,120.75,122.12,235336
7-Jun-12,122.42,124.23,120.01,122.33,202077
6-Jun-12,118.44,121.64,118.05,120.63,297810
5-Jun-12,117.08,118.11,117.03,117.22,180243
4-Jun-12,119.98,120.29,116.86,117.25,180343
1-Jun-12,122.96,123.29,120.13,120.18,234776
31-May-12,122.69,124.82,122.12,124.77,359372
30-May-12,122.24,122.64,121.03,122.10,239173
29-May-12,120.47,122.70,120.47,122.29,162404
25-May-12,120.41,121.74,119.93,120.46,125302
24-May-12,120.97,121.39,119.37,120.33,90657
23-May-12,121.86,121.86,117.36,120.61,195893
22-May-12,119.69,122.99,119.54,121.92,217063
21-May-12,118.71,119.88,118.50,119.72,256363
18-May-12,121.98,121.98,118.26,118.47,223869
17-May-12,125.02,125.02,120.48,120.95,299894
16-May-12,125.55,126.13,123.62,124.36,250630
15-May-12,124.35,126.49,123.83,124.54,255413
14-May-12,124.04,125.11,123.13,124.02,263288
11-May-12,124.99,126.75,123.43,125.25,108710
10-May-12,126.28,126.85,124.75,126.09,272170
9-May-12,125.15,126.44,123.73,125.63,182693
8-May-12,127.99,128.46,125.04,126.76,273522
7-May-12,128.22,129.90,128.18,128.43,333227
4-May-12,130.39,132.34,128.23,129.03,308439
3-May-12,131.21,131.85,130.35,131.28,295053
2-May-12,131.00,132.26,130.48,131.34,297593
1-May-12,131.02,132.37,130.78,131.31,275907
30-Apr-12,132.07,132.07,130.25,130.91,410253
27-Apr-12,130.41,132.47,130.18,132.16,277486
26-Apr-12,129.57,129.94,127.51,129.75,181137
25-Apr-12,128.03,129.87,126.75,129.35,303241
24-Apr-12,127.43,128.69,125.86,127.99,402269
23-Apr-12,129.60,129.70,126.43,127.58,265127
20-Apr-12,130.44,131.75,129.92,130.22,219115
19-Apr-12,129.10,130.37,128.49,130.24,167615
18-Apr-12,129.32,130.29,128.56,128.84,172929
17-Apr-12,130.36,132.65,129.45,129.55,304863
16-Apr-12,129.56,130.38,127.57,129.95,373539
13-Apr-12,133.02,134.07,130.85,131.15,374584
12-Apr-12,134.49,135.03,133.14,133.84,364502
11-Apr-12,134.98,136.09,133.88,134.27,245928
10-Apr-12,135.25,137.35,133.66,133.80,403785
9-Apr-12,134.94,135.96,133.65,135.25,161164
5-Apr-12,134.02,136.46,133.00,136.27,229814
4-Apr-12,134.40,135.11,133.86,134.45,244873
3-Apr-12,134.31,136.75,133.79,135.66,505130
2-Apr-12,131.99,134.82,130.98,134.20,306771
30-Mar-12,129.81,132.05,129.41,131.82,339071
29-Mar-12,128.41,129.60,126.28,129.37,221854
28-Mar-12,129.43,129.57,128.18,129.57,187047
27-Mar-12,129.57,130.30,129.11,129.49,303770
26-Mar-12,128.00,130.18,127.65,129.20,263674
23-Mar-12,126.92,127.60,125.94,127.58,107427
22-Mar-12,126.80,127.84,125.79,126.81,135689
21-Mar-12,127.20,128.44,126.90,127.31,202901
20-Mar-12,127.09,127.49,125.67,127.29,149367
19-Mar-12,127.11,128.38,126.03,127.75,221147
16-Mar-12,126.94,128.12,126.16,127.36,357629
15-Mar-12,128.72,129.12,124.92,126.37,679138
14-Mar-12,130.62,131.05,128.05,128.50,368726
13-Mar-12,129.55,131.14,127.65,130.16,404306
12-Mar-12,129.33,130.05,128.37,129.29,261685
9-Mar-12,128.03,130.13,127.40,129.40,244535
8-Mar-12,126.97,128.23,125.48,127.79,141289
7-Mar-12,125.32,126.81,124.87,125.88,153198
6-Mar-12,125.47,125.97,123.90,125.20,260809
5-Mar-12,124.96,127.25,123.61,127.23,223054
2-Mar-12,125.56,126.06,123.91,125.26,159582
1-Mar-12,123.33,126.49,122.71,125.57,239232
29-Feb-12,124.18,124.59,122.45,122.89,221212
28-Feb-12,122.97,124.85,122.47,124.27,203954
27-Feb-12,121.48,123.01,120.36,122.81,101732
24-Feb-12,123.17,123.89,120.73,122.25,278456
23-Feb-12,122.62,124.39,121.86,122.72,196740
22-Feb-12,123.20,123.91,121.37,123.00,271861
21-Feb-12,122.00,123.40,121.92,123.18,202282
17-Feb-12,119.06,121.82,118.48,121.70,185984
16-Feb-12,119.15,119.81,118.35,118.83,225472
15-Feb-12,119.72,121.52,119.09,119.60,499574
14-Feb-12,118.67,120.45,117.59,119.10,426937
13-Feb-12,119.80,120.54,119.08,119.34,273673
10-Feb-12,117.61,119.25,117.07,119.25,196180
9-Feb-12,119.16,119.56,117.30,118.96,296365
8-Feb-12,117.83,119.57,117.67,119.16,222023
7-Feb-12,116.32,117.86,116.15,117.57,206740
6-Feb-12,119.99,119.99,115.99,116.45,222670
3-Feb-12,115.99,117.77,114.87,117.44,306915
2-Feb-12,115.75,116.22,113.40,114.96,430775
1-Feb-12,114.12,118.82,114.12,115.90,577612
31-Jan-12,112.08,114.12,111.36,113.66,313234
30-Jan-12,110.11,111.81,109.64,111.64,236862
27-Jan-12,112.42,113.50,108.63,111.49,460925
26-Jan-12,115.67,115.99,111.98,112.63,337724
25-Jan-12,112.01,113.47,110.98,112.79,230341
24-Jan-12,110.25,111.79,110.25,111.37,134527
23-Jan-12,110.87,111.30,110.15,110.72,217595
20-Jan-12,110.64,111.60,109.61,110.71,276639
19-Jan-12,111.04,112.06,110.28,110.60,285485
18-Jan-12,110.62,112.41,109.85,110.24,506842
17-Jan-12,109.50,111.15,109.01,110.55,420286
13-Jan-12,108.71,108.71,108.71,108.71,0
12-Jan-12,109.27,110.94,107.84,108.04,215485
11-Jan-12,108.97,110.95,107.41,108.66,462506
10-Jan-12,107.73,109.37,107.25,109.22,161023
9-Jan-12,105.44,106.52,104.75,106.37,211710
6-Jan-12,108.64,108.64,104.78,104.85,200970
5-Jan-12,107.93,109.41,107.88,109.02,172228
4-Jan-12,108.06,110.36,107.91,108.92,257661
3-Jan-12,110.98,112.77,108.88,109.02,352335
30-Dec-11,109.47,109.47,109.47,109.47,0
29-Dec-11,107.18,108.38,107.18,108.08,148192
28-Dec-11,108.19,108.56,107.08,107.24,140514
27-Dec-11,107.28,108.33,107.11,108.00,79543
23-Dec-11,107.69,107.69,107.69,107.69,0
22-Dec-11,105.59,107.51,104.37,107.51,166765
21-Dec-11,105.70,106.29,104.40,104.77,151977
20-Dec-11,105.00,105.93,104.65,105.55,129188
19-Dec-11,103.69,105.17,103.16,104.11,208374
16-Dec-11,104.53,105.13,103.59,104.00,140817
15-Dec-11,103.17,104.65,102.50,104.09,271637
14-Dec-11,104.28,107.35,101.68,101.86,283841
13-Dec-11,105.91,107.52,104.36,105.26,242645
12-Dec-11,105.98,106.32,104.13,105.21,275230
9-Dec-11,105.26,108.22,105.26,107.69,171534
8-Dec-11,105.80,106.67,104.47,104.85,184363
7-Dec-11,105.57,107.11,105.00,106.87,242596
6-Dec-11,110.86,110.86,105.71,106.01,346097
5-Dec-11,111.60,111.77,109.64,111.14,180584
2-Dec-11,111.84,111.84,108.56,110.25,166683
1-Dec-11,108.79,111.29,108.43,110.75,206078
30-Nov-11,106.74,109.53,105.67,108.62,478042
29-Nov-11,103.86,104.85,103.02,104.22,221226
28-Nov-11,102.38,103.66,101.73,103.59,277655
25-Nov-11,101.00,102.84,99.67,100.03,196022
23-Nov-11,100.67,100.67,100.67,100.67,0
22-Nov-11,102.11,102.36,100.20,101.60,300608
21-Nov-11,100.26,103.07,98.90,102.66,282498
18-Nov-11,101.71,102.74,100.06,101.41,243241
17-Nov-11,102.76,104.23,100.83,101.55,155911
16-Nov-11,105.04,105.67,102.61,102.70,202321
15-Nov-11,107.36,107.58,105.33,105.79,274996
14-Nov-11,107.25,109.32,107.02,107.70,174021
11-Nov-11,106.29,108.58,106.12,107.95,126776
10-Nov-11,105.00,105.78,104.38,105.19,206245
9-Nov-11,104.81,106.80,103.58,103.87,247863
8-Nov-11,107.89,110.00,107.20,109.43,167175
7-Nov-11,109.45,110.29,106.48,107.25,183075
4-Nov-11,111.08,111.28,108.01,109.03,251915
3-Nov-11,109.40,111.16,107.89,111.08,316546
2-Nov-11,107.34,110.27,107.34,108.39,248124
1-Nov-11,105.09,108.30,104.30,106.10,224636
31-Oct-11,109.61,110.35,108.68,108.78,219562
28-Oct-11,111.62,113.99,110.65,110.90,373349
27-Oct-11,110.17,112.53,110.17,110.59,356106
26-Oct-11,106.65,108.03,105.38,107.84,320902
25-Oct-11,107.36,107.36,104.79,105.23,287260
24-Oct-11,108.41,109.80,107.79,108.00,290173
21-Oct-11,104.80,108.38,104.50,108.38,322694
20-Oct-11,104.00,104.83,102.74,104.70,265811
19-Oct-11,105.23,105.71,103.71,103.73,209447
18-Oct-11,103.66,105.95,102.72,105.56,360413
17-Oct-11,104.63,104.74,102.72,103.60,179093
14-Oct-11,103.81,105.83,103.76,105.03,292372
13-Oct-11,103.24,103.71,101.29,102.54,330421
12-Oct-11,100.00,103.61,99.57,103.24,551557
11-Oct-11,97.02,98.85,96.40,98.30,222420
10-Oct-11,95.12,97.57,95.12,97.45,198831
7-Oct-11,93.82,95.47,92.44,93.58,437351
6-Oct-11,90.72,93.58,90.49,92.82,541167
5-Oct-11,89.50,91.87,88.46,91.40,334196
4-Oct-11,88.93,90.34,86.46,89.44,602820
3-Oct-11,91.37,92.10,89.09,90.11,541053
30-Sep-11,90.77,93.50,90.00,92.20,480328
