Date,Open,High,Low,Close,Volume
27-Sep-12,21.14,21.31,20.92,21.22,29079
26-Sep-12,20.91,21.12,20.80,21.11,35656
25-Sep-12,21.06,21.18,20.80,20.82,51530
24-Sep-12,20.74,21.17,20.74,20.92,39492
21-Sep-12,20.94,20.98,20.64,20.76,98024
20-Sep-12,20.71,20.71,20.36,20.51,29576
19-Sep-12,20.90,21.02,20.78,20.81,45193
18-Sep-12,20.90,21.06,20.65,20.90,123890
17-Sep-12,21.32,21.32,20.83,20.99,58713
14-Sep-12,21.49,21.60,21.32,21.37,54834
13-Sep-12,21.15,21.54,20.86,21.33,61893
12-Sep-12,20.88,21.05,20.67,21.02,38505
11-Sep-12,21.10,21.14,20.77,20.85,15063
10-Sep-12,21.20,21.20,21.00,21.05,23639
7-Sep-12,21.32,21.44,21.17,21.28,58317
6-Sep-12,21.08,21.20,20.88,21.17,49072
5-Sep-12,20.88,21.07,20.78,20.87,75146
4-Sep-12,20.52,20.89,20.42,20.78,43523
31-Aug-12,20.50,20.55,20.26,20.44,50556
30-Aug-12,20.63,20.63,20.31,20.40,32988
29-Aug-12,20.80,21.00,20.63,20.91,35538
28-Aug-12,20.69,20.85,20.61,20.74,34770
27-Aug-12,20.74,20.76,20.46,20.71,36515
24-Aug-12,20.66,20.82,20.66,20.69,26219
23-Aug-12,20.75,20.86,20.67,20.73,43195
22-Aug-12,20.80,20.88,20.65,20.75,28207
21-Aug-12,20.70,21.07,20.63,20.75,49423
20-Aug-12,20.44,20.71,20.35,20.52,48794
17-Aug-12,20.18,20.45,20.12,20.44,39661
16-Aug-12,20.25,20.25,20.07,20.19,19916
15-Aug-12,20.12,20.27,19.96,20.25,18350
14-Aug-12,20.22,20.22,19.95,20.11,19817
13-Aug-12,20.00,20.04,19.85,20.04,8585
10-Aug-12,19.80,20.08,19.78,20.00,11686
9-Aug-12,19.69,19.89,19.69,19.81,11165
8-Aug-12,19.51,19.68,19.46,19.65,25434
7-Aug-12,19.64,19.83,19.55,19.61,30113
6-Aug-12,19.87,19.87,19.45,19.46,23502
3-Aug-12,19.56,19.94,19.56,19.77,20594
2-Aug-12,19.02,19.93,19.02,19.34,58103
1-Aug-12,18.58,19.99,18.58,19.10,121704
31-Jul-12,18.68,18.72,18.06,18.22,51383
30-Jul-12,18.79,18.94,18.71,18.77,23913
27-Jul-12,17.79,18.84,17.71,18.74,53233
26-Jul-12,18.23,18.23,17.50,17.70,61200
25-Jul-12,18.35,18.35,17.77,17.82,31371
24-Jul-12,18.52,18.62,18.20,18.31,33199
23-Jul-12,18.41,18.66,18.37,18.43,29188
20-Jul-12,18.54,18.97,18.54,18.78,28465
19-Jul-12,18.70,18.87,18.36,18.73,81980
18-Jul-12,18.84,19.31,18.55,18.60,185551
17-Jul-12,18.88,18.90,18.43,18.88,39280
16-Jul-12,19.08,19.11,18.79,18.85,21795
13-Jul-12,19.07,19.30,19.01,19.19,43638
12-Jul-12,19.15,19.15,18.71,19.00,57870
11-Jul-12,19.16,19.48,19.09,19.27,50590
10-Jul-12,18.90,19.26,18.77,19.16,58791
9-Jul-12,17.91,18.85,17.91,18.77,61207
6-Jul-12,18.00,18.22,17.89,17.96,37777
5-Jul-12,18.46,18.57,18.09,18.16,28644
3-Jul-12,18.20,18.63,18.18,18.53,42392
2-Jul-12,18.36,18.36,17.80,18.14,65321
29-Jun-12,18.42,18.42,18.05,18.28,77467
28-Jun-12,18.31,18.44,17.74,17.99,40199
27-Jun-12,18.19,18.66,17.96,18.49,44948
26-Jun-12,17.92,18.25,17.67,18.14,53416
25-Jun-12,18.18,18.18,17.61,17.95,74232
22-Jun-12,17.75,18.64,17.69,18.56,174412
21-Jun-12,18.24,18.24,17.57,17.62,52100
20-Jun-12,18.27,18.59,18.18,18.31,37774
19-Jun-12,17.72,18.37,17.70,18.32,66846
18-Jun-12,17.93,18.07,17.49,17.59,77400
15-Jun-12,17.82,18.05,17.70,18.02,86378
14-Jun-12,17.62,17.87,17.41,17.82,61971
13-Jun-12,17.64,17.79,17.46,17.54,70469
12-Jun-12,17.27,17.90,17.27,17.70,77367
11-Jun-12,17.61,17.62,17.16,17.18,83666
8-Jun-12,16.90,17.64,16.85,17.48,92541
7-Jun-12,17.29,17.38,16.83,16.94,99816
6-Jun-12,16.98,17.17,16.97,17.12,119822
5-Jun-12,16.98,17.17,16.73,16.98,237425
4-Jun-12,17.02,17.16,16.94,17.09,45132
1-Jun-12,17.03,17.53,16.86,16.91,66819
31-May-12,17.15,17.60,17.07,17.36,85444
30-May-12,17.50,17.66,17.11,17.17,66637
29-May-12,17.93,18.07,17.50,17.69,50272
25-May-12,17.63,17.89,17.50,17.79,47457
24-May-12,17.28,17.65,17.21,17.64,49852
23-May-12,16.90,17.37,16.63,17.28,60159
22-May-12,18.01,18.14,16.95,17.07,103481
21-May-12,17.66,18.10,17.61,18.07,57416
18-May-12,17.73,17.91,17.34,17.55,63502
17-May-12,17.53,18.03,17.49,17.75,96609
16-May-12,17.41,17.54,17.33,17.46,36550
15-May-12,17.09,17.52,17.09,17.34,59488
14-May-12,17.31,17.42,17.07,17.12,53389
11-May-12,17.61,17.85,17.47,17.52,51641
10-May-12,18.02,18.03,17.63,17.79,47399
9-May-12,18.04,18.16,17.83,17.85,71394
8-May-12,17.90,18.35,17.80,18.30,55002
7-May-12,17.88,18.20,17.77,18.01,74826
4-May-12,17.99,18.08,17.84,17.90,130530
3-May-12,17.91,18.14,17.73,18.12,147805
2-May-12,19.50,19.50,17.65,18.01,255324
1-May-12,21.13,21.51,20.71,20.81,70202
30-Apr-12,21.42,21.42,20.87,21.06,63632
27-Apr-12,21.46,21.46,21.10,21.38,32643
26-Apr-12,21.55,21.56,21.18,21.44,37336
25-Apr-12,21.52,21.84,21.36,21.54,38219
24-Apr-12,21.07,21.33,20.95,21.24,50899
23-Apr-12,21.05,21.31,20.92,21.10,51820
20-Apr-12,21.59,21.79,21.34,21.46,88989
19-Apr-12,21.21,21.55,21.08,21.40,42710
18-Apr-12,21.37,21.37,21.03,21.22,32170
17-Apr-12,21.41,21.87,21.39,21.48,99485
16-Apr-12,21.33,21.35,20.92,21.26,50258
13-Apr-12,21.82,21.82,21.14,21.21,70805
12-Apr-12,21.70,22.31,21.70,21.96,78371
11-Apr-12,21.37,21.72,21.19,21.72,67146
10-Apr-12,21.86,21.86,21.10,21.14,96778
9-Apr-12,22.37,22.42,21.78,21.86,50932
5-Apr-12,22.35,22.77,22.24,22.72,51539
4-Apr-12,22.71,22.71,22.34,22.49,69188
3-Apr-12,23.07,23.18,22.81,22.93,49608
2-Apr-12,22.95,23.20,22.77,23.11,113708
30-Mar-12,23.22,23.31,22.96,23.10,137818
29-Mar-12,22.82,23.28,22.82,23.00,119284
28-Mar-12,23.12,23.27,22.87,23.01,40502
27-Mar-12,23.64,23.64,23.11,23.11,66363
26-Mar-12,22.67,23.57,22.67,23.57,62272
23-Mar-12,22.04,22.51,22.04,22.48,41504
22-Mar-12,21.92,22.10,21.79,22.04,50155
21-Mar-12,22.32,22.32,22.02,22.19,37626
20-Mar-12,22.50,22.57,22.00,22.27,74806
19-Mar-12,22.42,22.93,22.22,22.69,74937
16-Mar-12,23.34,23.34,22.10,22.38,198428
15-Mar-12,23.61,23.87,23.49,23.75,80054
14-Mar-12,23.54,23.84,23.46,23.60,63763
13-Mar-12,23.20,23.75,23.12,23.62,105712
12-Mar-12,23.42,23.42,23.06,23.20,28799
9-Mar-12,23.00,23.50,22.96,23.44,56298
8-Mar-12,22.81,23.07,22.50,23.03,138306
7-Mar-12,22.66,22.90,22.37,22.64,153894
6-Mar-12,22.96,23.27,22.31,22.50,87499
5-Mar-12,23.28,23.43,23.02,23.20,82626
2-Mar-12,24.06,24.18,23.20,23.27,93182
1-Mar-12,23.72,24.34,23.70,24.03,89460
29-Feb-12,24.58,24.58,23.66,23.67,110939
28-Feb-12,24.33,24.99,24.32,24.48,93044
27-Feb-12,24.04,24.39,23.73,24.33,38078
24-Feb-12,24.12,24.47,23.99,24.20,40594
23-Feb-12,23.81,24.03,23.81,23.99,119015
22-Feb-12,23.75,23.98,23.63,23.84,76486
21-Feb-12,23.98,24.05,22.64,23.77,27478
17-Feb-12,23.97,23.97,23.75,23.89,78779
16-Feb-12,23.57,24.00,23.52,23.91,62921
15-Feb-12,23.87,23.88,23.40,23.51,46608
14-Feb-12,23.64,23.73,23.43,23.72,77405
13-Feb-12,23.50,23.75,23.50,23.67,80815
10-Feb-12,23.30,23.63,23.10,23.20,55525
9-Feb-12,23.77,23.86,23.46,23.51,80722
8-Feb-12,29.90,29.90,22.57,23.73,85744
7-Feb-12,22.12,22.35,22.02,22.25,30182
6-Feb-12,22.34,22.38,21.99,22.09,34430
3-Feb-12,22.39,22.62,22.18,22.38,58394
2-Feb-12,22.10,22.18,21.79,22.00,38743
1-Feb-12,21.53,22.22,21.53,22.08,100718
31-Jan-12,21.41,21.58,21.31,21.33,41884
30-Jan-12,21.21,21.44,21.17,21.27,36196
27-Jan-12,21.21,21.45,20.98,21.44,45948
26-Jan-12,21.51,21.51,21.16,21.32,90046
25-Jan-12,21.18,21.39,20.94,21.30,46200
24-Jan-12,21.17,21.39,21.07,21.26,51721
23-Jan-12,21.06,21.34,20.90,21.32,47773
20-Jan-12,20.84,21.11,20.79,21.04,54807
19-Jan-12,20.85,20.88,20.63,20.81,39723
18-Jan-12,20.71,20.86,20.56,20.81,41073
17-Jan-12,20.94,20.99,20.62,20.76,74735
13-Jan-12,20.70,20.70,20.70,20.70,0
12-Jan-12,20.77,20.91,20.41,20.75,36834
11-Jan-12,20.64,20.85,20.58,20.74,72420
10-Jan-12,20.69,20.79,20.52,20.77,101809
9-Jan-12,20.34,20.67,20.22,20.48,79523
6-Jan-12,20.07,20.54,20.00,20.29,79036
5-Jan-12,19.91,20.26,19.79,20.06,111935
4-Jan-12,20.04,20.14,19.87,20.08,59655
3-Jan-12,20.43,20.58,20.07,20.22,111238
30-Dec-11,20.02,20.02,20.02,20.02,0
29-Dec-11,20.35,20.64,20.15,20.25,54049
28-Dec-11,20.32,20.53,20.25,20.32,48242
27-Dec-11,20.61,20.67,19.95,20.37,79478
23-Dec-11,20.66,20.66,20.66,20.66,0
22-Dec-11,20.36,20.80,20.35,20.61,113111
21-Dec-11,20.14,20.34,19.90,20.27,230764
20-Dec-11,20.06,20.52,19.94,20.15,252129
19-Dec-11,19.93,20.23,19.56,19.64,114994
16-Dec-11,19.98,20.17,19.40,19.87,123160
15-Dec-11,19.92,20.04,19.61,19.76,73324
14-Dec-11,19.59,20.03,19.45,19.64,65730
13-Dec-11,20.22,20.64,19.58,19.66,97093
12-Dec-11,20.13,20.44,19.80,19.99,59817
9-Dec-11,20.35,20.77,20.15,20.41,127574
8-Dec-11,20.49,20.81,20.02,20.24,70829
7-Dec-11,20.16,20.81,19.86,20.66,58223
6-Dec-11,19.71,20.60,19.70,20.26,84587
5-Dec-11,19.80,19.96,19.48,19.74,61303
2-Dec-11,19.68,19.76,19.38,19.47,64723
1-Dec-11,19.45,19.58,19.19,19.38,98055
30-Nov-11,19.65,19.65,18.92,19.48,166324
29-Nov-11,19.05,19.05,18.57,18.83,153347
28-Nov-11,18.35,19.20,18.19,19.05,117423
25-Nov-11,17.65,17.96,17.50,17.59,36312
23-Nov-11,17.77,17.77,17.77,17.77,0
22-Nov-11,18.97,18.97,18.47,18.52,26897
21-Nov-11,18.84,19.16,18.76,18.95,51928
18-Nov-11,19.05,19.28,18.90,19.21,35660
17-Nov-11,19.23,19.46,18.92,19.03,37133
16-Nov-11,19.62,19.69,19.15,19.21,57476
15-Nov-11,19.51,19.99,19.28,19.82,92115
14-Nov-11,19.78,19.85,19.40,19.58,71157
11-Nov-11,19.59,20.08,19.59,19.95,72316
10-Nov-11,19.02,19.49,18.94,19.38,74549
9-Nov-11,19.01,19.33,18.83,18.84,118685
8-Nov-11,19.43,19.59,18.73,19.48,76575
7-Nov-11,19.19,19.38,18.68,19.32,56891
4-Nov-11,18.91,19.27,18.75,19.19,71000
3-Nov-11,18.32,19.13,18.17,19.10,110665
2-Nov-11,16.95,18.08,16.57,18.05,251350
1-Nov-11,18.05,18.85,17.69,18.43,113860
31-Oct-11,19.15,19.33,18.95,19.00,89898
28-Oct-11,19.92,20.00,18.99,19.44,195142
27-Oct-11,20.06,20.34,19.77,20.17,172351
26-Oct-11,19.15,19.81,18.80,19.60,70731
25-Oct-11,18.93,19.18,18.82,18.92,68251
24-Oct-11,18.45,19.20,18.36,19.16,118154
21-Oct-11,18.33,18.49,18.05,18.35,75969
20-Oct-11,17.99,18.07,17.48,17.97,60583
19-Oct-11,18.40,18.50,17.84,17.91,101152
18-Oct-11,17.75,18.23,17.74,18.04,112962
17-Oct-11,18.25,18.30,17.67,17.70,105965
14-Oct-11,18.38,18.58,18.16,18.49,130416
13-Oct-11,18.34,18.34,17.90,18.12,140157
12-Oct-11,18.81,19.06,18.34,18.41,161291
11-Oct-11,18.41,19.02,18.31,18.66,110189
10-Oct-11,18.36,18.63,18.08,18.61,132598
7-Oct-11,18.01,18.42,17.69,17.90,138835
6-Oct-11,17.94,18.26,17.76,18.00,122411
5-Oct-11,17.79,18.21,17.48,18.04,97379
4-Oct-11,16.56,17.97,14.45,17.75,229825
3-Oct-11,17.77,18.17,16.49,16.59,314925
30-Sep-11,16.57,17.00,16.55,16.75,214838
