Date,Open,High,Low,Close,Volume
26-Sep-12,58.40,58.40,58.40,58.40,400
25-Sep-12,59.82,59.82,59.63,59.63,400
24-Sep-12,59.14,59.14,59.14,59.14,0
21-Sep-12,59.14,59.14,59.14,59.14,0
20-Sep-12,59.14,59.14,59.14,59.14,100
19-Sep-12,58.50,58.50,58.50,58.50,0
18-Sep-12,58.50,58.50,58.50,58.50,100
17-Sep-12,58.69,58.69,58.69,58.69,100
14-Sep-12,58.07,58.07,58.07,58.07,0
13-Sep-12,58.07,58.07,58.07,58.07,100
12-Sep-12,56.31,56.31,56.31,56.31,0
11-Sep-12,56.11,56.11,56.11,56.11,100
10-Sep-12,56.05,56.31,56.05,56.31,824
7-Sep-12,52.47,52.47,52.47,52.47,0
6-Sep-12,52.47,52.47,52.47,52.47,0
5-Sep-12,52.47,52.47,52.47,52.47,0
4-Sep-12,52.47,52.47,52.47,52.47,0
31-Aug-12,52.47,52.47,52.47,52.47,0
30-Aug-12,52.47,52.47,52.47,52.47,0
29-Aug-12,52.47,52.47,52.47,52.47,0
28-Aug-12,52.47,52.47,52.47,52.47,0
27-Aug-12,52.47,52.47,52.47,52.47,0
24-Aug-12,52.47,52.47,52.47,52.47,0
23-Aug-12,52.47,52.47,52.47,52.47,110
22-Aug-12,50.17,50.17,50.17,50.17,0
21-Aug-12,50.17,50.17,50.17,50.17,0
20-Aug-12,50.17,50.17,50.17,50.17,0
17-Aug-12,52.74,52.74,52.74,52.74,100
16-Aug-12,50.17,50.17,50.17,50.17,0
15-Aug-12,50.17,50.17,50.17,50.17,0
14-Aug-12,50.17,50.17,50.17,50.17,0
13-Aug-12,50.17,50.17,50.17,50.17,0
10-Aug-12,53.95,53.95,53.95,53.95,100
9-Aug-12,53.77,53.77,53.77,53.77,100
8-Aug-12,50.17,50.17,50.17,50.17,0
7-Aug-12,50.17,50.17,50.17,50.17,0
6-Aug-12,50.17,50.17,50.17,50.17,0
3-Aug-12,50.17,50.17,50.17,50.17,0
2-Aug-12,50.17,50.17,50.17,50.17,619
1-Aug-12,49.82,49.82,49.82,49.82,1000
31-Jul-12,48.97,51.12,48.91,51.12,2000
30-Jul-12,52.19,52.19,52.19,52.19,100
27-Jul-12,51.84,51.84,51.84,51.84,306
26-Jul-12,49.95,49.95,49.95,49.95,0
25-Jul-12,49.95,49.95,49.95,49.95,0
24-Jul-12,49.95,49.95,49.95,49.95,0
23-Jul-12,49.95,49.95,49.95,49.95,0
20-Jul-12,50.71,50.71,49.95,49.95,1100
19-Jul-12,51.95,51.95,51.95,51.95,0
18-Jul-12,51.95,51.95,51.95,51.95,0
17-Jul-12,51.95,51.95,51.95,51.95,0
16-Jul-12,51.95,51.95,51.95,51.95,0
13-Jul-12,51.95,51.95,51.95,51.95,0
12-Jul-12,51.95,51.95,51.95,51.95,0
11-Jul-12,51.95,51.95,51.95,51.95,0
10-Jul-12,51.95,51.95,51.95,51.95,0
9-Jul-12,51.81,51.95,51.81,51.95,250
6-Jul-12,54.40,54.40,54.40,54.40,0
5-Jul-12,54.40,54.40,54.40,54.40,0
3-Jul-12,53.58,53.58,53.58,53.58,0
2-Jul-12,53.58,53.58,53.58,53.58,0
29-Jun-12,53.58,53.58,53.58,53.58,0
28-Jun-12,53.58,53.58,53.58,53.58,0
27-Jun-12,53.98,53.98,53.58,53.58,300
26-Jun-12,53.48,53.48,53.48,53.48,200
25-Jun-12,53.10,53.10,53.10,53.10,0
22-Jun-12,53.10,53.10,53.10,53.10,2000
21-Jun-12,52.47,52.54,52.47,52.54,2300
20-Jun-12,50.45,50.45,50.45,50.45,0
19-Jun-12,51.93,51.93,51.93,51.93,150
18-Jun-12,50.45,50.45,50.45,50.45,0
15-Jun-12,50.51,50.51,50.51,50.51,106
14-Jun-12,50.57,50.57,50.57,50.57,198
13-Jun-12,50.45,50.45,50.45,50.45,0
12-Jun-12,50.45,50.45,50.45,50.45,0
11-Jun-12,50.45,50.45,50.45,50.45,0
8-Jun-12,50.45,50.45,50.45,50.45,0
7-Jun-12,50.76,50.76,50.45,50.45,1195
6-Jun-12,50.16,50.16,50.16,50.16,0
5-Jun-12,50.16,50.16,50.16,50.16,0
4-Jun-12,50.16,50.16,50.16,50.16,0
1-Jun-12,50.16,50.16,50.16,50.16,300
31-May-12,49.68,49.68,49.68,49.68,0
30-May-12,49.68,49.68,49.68,49.68,0
29-May-12,49.68,49.68,49.68,49.68,0
25-May-12,49.68,49.68,49.68,49.68,0
24-May-12,49.68,49.68,49.68,49.68,0
23-May-12,49.68,49.68,49.68,49.68,0
22-May-12,50.36,50.36,49.68,49.68,500
21-May-12,48.99,48.99,48.99,48.99,100
18-May-12,48.56,48.56,48.55,48.55,331
17-May-12,49.26,49.26,49.26,49.26,100
16-May-12,51.62,51.62,51.62,51.62,0
15-May-12,51.62,51.62,51.62,51.62,0
14-May-12,51.62,51.62,51.62,51.62,100
11-May-12,51.40,51.40,51.40,51.40,0
10-May-12,51.40,51.40,51.40,51.40,100
9-May-12,51.30,51.35,50.97,50.97,325
8-May-12,52.40,52.40,50.81,51.75,2200
7-May-12,54.30,55.08,54.30,55.08,200
4-May-12,54.32,54.32,53.83,53.83,2800
3-May-12,53.78,53.78,53.78,53.78,0
2-May-12,53.78,53.78,53.78,53.78,0
1-May-12,53.78,53.78,53.78,53.78,0
30-Apr-12,53.78,53.78,53.78,53.78,0
27-Apr-12,53.78,53.78,53.78,53.78,0
26-Apr-12,51.80,51.80,51.80,51.80,0
25-Apr-12,51.80,51.80,51.80,51.80,100
24-Apr-12,51.82,51.82,51.58,51.58,300
23-Apr-12,52.38,52.38,52.38,52.38,0
20-Apr-12,52.38,52.56,52.38,52.56,300
19-Apr-12,52.00,52.00,52.00,52.00,0
18-Apr-12,52.00,52.00,52.00,52.00,0
17-Apr-12,52.00,52.00,52.00,52.00,0
16-Apr-12,52.00,52.00,52.00,52.00,0
13-Apr-12,52.00,52.00,52.00,52.00,100
12-Apr-12,50.55,50.55,50.55,50.55,0
11-Apr-12,50.92,50.92,50.92,50.92,0
10-Apr-12,50.92,50.92,50.92,50.92,0
9-Apr-12,50.92,50.92,50.92,50.92,100
5-Apr-12,51.81,51.81,51.81,51.81,100
4-Apr-12,51.21,51.21,48.97,48.97,2208
3-Apr-12,51.24,51.24,51.24,51.24,0
2-Apr-12,51.23,51.24,51.23,51.24,1800
30-Mar-12,50.80,50.80,50.50,50.50,200
29-Mar-12,49.25,49.25,49.25,49.25,0
28-Mar-12,49.25,49.25,49.25,49.25,0
27-Mar-12,49.25,49.25,49.25,49.25,0
26-Mar-12,49.25,49.25,49.25,49.25,0
23-Mar-12,48.68,48.68,48.68,48.68,0
22-Mar-12,48.68,48.71,48.68,48.70,300
21-Mar-12,47.28,47.28,47.28,47.28,100
20-Mar-12,48.28,48.28,47.89,47.89,217
19-Mar-12,48.52,48.54,48.06,48.10,3820
16-Mar-12,48.43,48.43,48.43,48.43,0
15-Mar-12,48.43,48.43,48.43,48.43,0
14-Mar-12,48.07,48.07,48.07,48.07,0
13-Mar-12,48.74,49.64,48.05,48.60,2546
12-Mar-12,48.07,48.07,48.07,48.07,0
9-Mar-12,48.07,48.07,48.07,48.07,0
8-Mar-12,48.07,48.07,48.07,48.07,0
7-Mar-12,48.07,48.07,48.07,48.07,0
6-Mar-12,48.07,48.07,48.07,48.07,0
5-Mar-12,48.07,48.07,48.07,48.07,0
2-Mar-12,50.31,50.31,48.06,48.07,3383
1-Mar-12,49.77,49.77,49.77,49.77,0
29-Feb-12,49.77,49.77,49.77,49.77,0
28-Feb-12,49.77,49.77,49.77,49.77,0
27-Feb-12,49.77,49.77,49.77,49.77,0
24-Feb-12,49.26,49.26,49.23,49.23,200
23-Feb-12,49.77,49.77,49.77,49.77,0
22-Feb-12,49.77,49.77,49.77,49.77,0
21-Feb-12,49.77,49.77,49.03,49.03,200
17-Feb-12,58.71,58.71,46.45,50.78,600
16-Feb-12,51.79,51.79,51.79,51.79,100
15-Feb-12,61.24,61.24,50.78,51.46,900
14-Feb-12,61.24,50.98,50.98,50.98,0
13-Feb-12,51.04,51.04,51.02,51.02,1648
10-Feb-12,50.05,51.03,50.00,51.03,577
9-Feb-12,50.41,50.41,50.41,50.41,100
8-Feb-12,50.11,50.11,50.11,50.11,100
7-Feb-12,49.18,49.18,49.18,49.18,0
6-Feb-12,47.30,49.54,47.30,49.54,7405
3-Feb-12,47.50,47.50,47.50,47.50,1068
2-Feb-12,47.76,47.76,47.76,47.76,0
30-Jan-12,46.02,46.02,46.02,46.02,0
26-Jan-12,49.90,49.90,49.90,49.90,0
25-Jan-12,48.75,50.37,48.11,50.37,800
24-Jan-12,50.00,50.00,50.00,50.00,0
20-Jan-12,50.40,50.40,50.40,50.40,0
19-Jan-12,50.50,50.50,50.50,50.50,0
18-Jan-12,47.07,47.25,46.46,46.46,2129
17-Jan-12,48.00,48.00,47.27,47.27,630
13-Jan-12,47.50,47.50,47.50,47.50,0
12-Jan-12,45.79,49.00,45.79,48.38,11026
9-Jan-12,42.15,42.15,42.15,42.15,0
28-Dec-11,41.25,41.25,41.25,41.25,0
27-Dec-11,41.08,41.08,41.08,41.08,122
22-Dec-11,41.27,41.27,41.27,41.27,0
21-Dec-11,42.32,42.32,42.32,42.32,100
20-Dec-11,42.05,42.05,42.05,42.05,0
12-Dec-11,41.96,41.96,41.96,41.96,0
8-Dec-11,42.31,42.31,42.31,42.31,0
6-Dec-11,43.56,43.56,43.56,43.56,0
2-Dec-11,42.43,42.43,42.43,42.43,0
1-Dec-11,42.59,42.59,42.59,42.59,0
28-Nov-11,51.30,51.30,51.30,51.30,0
23-Nov-11,41.45,41.45,41.45,41.45,0
21-Nov-11,41.83,41.83,41.83,41.83,0
17-Nov-11,42.75,42.75,42.75,42.75,0
15-Nov-11,44.69,44.69,44.69,44.69,0
14-Nov-11,43.20,45.21,42.96,44.52,4080
11-Nov-11,42.94,44.61,42.94,43.40,6100
10-Nov-11,44.00,44.18,44.00,44.18,210
9-Nov-11,45.91,45.91,44.68,45.22,1225
8-Nov-11,46.50,46.50,46.11,46.11,800
7-Nov-11,44.40,47.26,44.40,46.49,3100
4-Nov-11,44.10,44.77,44.02,44.76,3008
3-Nov-11,43.76,43.76,43.76,43.76,100
2-Nov-11,43.83,43.83,43.83,43.83,0
1-Nov-11,42.50,43.27,42.50,43.27,900
27-Oct-11,43.02,43.02,43.02,43.02,0
25-Oct-11,42.05,42.05,42.05,42.05,0
17-Oct-11,40.88,40.88,40.88,40.88,0
14-Oct-11,41.29,41.43,41.29,41.43,400
5-Oct-11,37.66,37.66,37.66,37.66,0
4-Oct-11,36.49,36.49,36.48,36.48,500
3-Oct-11,37.22,37.22,37.22,37.22,240
29-Sep-11,38.36,38.36,38.36,38.36,0
