Date,Open,High,Low,Close,Volume
27-Sep-12,20.77,21.23,20.64,20.94,7372291
26-Sep-12,21.78,21.98,20.44,20.90,11926126
25-Sep-12,21.86,22.37,21.70,21.74,8804915
24-Sep-12,22.46,22.54,21.75,22.04,6640588
21-Sep-12,22.45,22.79,22.25,22.37,7604571
20-Sep-12,22.10,22.31,21.86,22.19,5894743
19-Sep-12,21.37,22.36,21.31,22.22,8156581
18-Sep-12,21.64,21.99,21.29,21.35,5234223
17-Sep-12,21.99,21.99,21.54,21.58,6696568
14-Sep-12,21.45,22.48,21.45,21.99,12814089
13-Sep-12,20.61,21.32,20.19,21.29,10048730
12-Sep-12,20.38,20.70,20.35,20.57,7672555
11-Sep-12,19.76,20.32,19.76,20.31,7757972
10-Sep-12,19.97,20.11,19.73,19.76,5139860
7-Sep-12,20.05,20.14,19.61,20.03,7791583
6-Sep-12,19.55,20.04,19.53,20.04,7700740
5-Sep-12,19.40,19.59,19.18,19.44,6373168
4-Sep-12,19.12,19.58,18.92,19.49,6814244
31-Aug-12,18.85,19.20,18.61,18.99,4972534
30-Aug-12,18.63,18.93,18.46,18.77,3067602
29-Aug-12,18.67,18.85,18.57,18.75,2517948
28-Aug-12,18.68,18.96,18.51,18.62,3265982
27-Aug-12,19.04,19.08,18.64,18.74,3380125
24-Aug-12,18.78,19.11,18.70,19.01,4213150
23-Aug-12,18.95,19.16,18.76,18.78,7172907
22-Aug-12,18.24,19.22,18.24,19.00,10229268
21-Aug-12,18.46,18.73,18.14,18.25,4618094
20-Aug-12,18.97,19.00,18.27,18.41,5377779
17-Aug-12,19.18,19.18,18.71,18.98,1068601
16-Aug-12,18.16,18.96,18.02,18.92,1285150
15-Aug-12,18.34,18.45,17.91,18.11,944168
14-Aug-12,18.34,18.47,18.09,18.33,781526
13-Aug-12,18.03,18.29,17.90,18.24,603200
10-Aug-12,18.35,18.42,17.96,18.09,740590
9-Aug-12,18.03,18.62,18.01,18.49,1331978
8-Aug-12,17.63,18.07,17.39,18.03,1322391
7-Aug-12,17.56,17.77,17.17,17.71,1084530
6-Aug-12,17.46,17.73,17.22,17.48,1021679
3-Aug-12,17.86,17.97,17.24,17.35,1340830
2-Aug-12,17.21,17.73,16.93,17.55,8414116
1-Aug-12,17.63,17.63,17.63,17.63,0
31-Jul-12,17.75,18.03,17.51,17.63,7196077
30-Jul-12,18.65,18.89,17.74,17.90,7095450
27-Jul-12,18.83,19.05,17.61,18.39,13151632
26-Jul-12,18.40,18.96,18.34,18.80,8707098
25-Jul-12,18.72,18.96,17.98,17.98,9149443
24-Jul-12,19.09,19.35,18.48,18.67,5446843
23-Jul-12,18.55,19.30,18.52,19.07,7639715
20-Jul-12,18.31,19.17,18.31,18.88,10382742
19-Jul-12,18.42,18.62,18.09,18.47,7326022
18-Jul-12,18.47,18.96,18.27,18.44,6857765
17-Jul-12,18.70,18.87,18.46,18.64,7259349
16-Jul-12,18.71,18.98,18.43,18.90,7194971
13-Jul-12,18.64,19.34,18.48,18.70,11954352
12-Jul-12,17.73,18.54,17.57,18.37,11050355
11-Jul-12,18.24,18.35,17.71,17.88,5530995
10-Jul-12,18.81,18.98,18.03,18.24,7078725
9-Jul-12,18.62,18.97,18.45,18.89,7180431
6-Jul-12,18.41,18.81,18.19,18.76,4081922
5-Jul-12,18.24,18.74,18.11,18.69,7706526
3-Jul-12,18.50,18.51,18.24,18.28,3913771
2-Jul-12,18.45,18.56,18.19,18.51,9842630
29-Jun-12,17.77,18.45,17.71,18.38,13181452
28-Jun-12,17.18,17.42,16.83,17.39,6598217
27-Jun-12,17.20,17.66,17.03,17.26,9802650
26-Jun-12,16.36,17.07,16.36,16.87,9115223
25-Jun-12,16.11,16.48,15.92,16.29,4230510
22-Jun-12,16.36,16.60,16.17,16.41,3616436
21-Jun-12,16.80,16.88,16.25,16.29,5556033
20-Jun-12,16.80,16.96,16.49,16.75,5811639
19-Jun-12,16.56,16.95,16.56,16.72,6842249
18-Jun-12,15.65,16.58,15.65,16.50,10521052
15-Jun-12,15.83,15.94,15.46,15.88,5892746
14-Jun-12,15.18,15.74,15.14,15.65,6479325
13-Jun-12,15.33,15.52,14.98,15.07,6837877
12-Jun-12,15.55,15.55,15.00,15.31,9757761
11-Jun-12,16.15,16.19,15.33,15.34,5430079
8-Jun-12,15.79,15.99,15.27,15.97,5265993
7-Jun-12,15.54,15.77,15.21,15.53,6580010
6-Jun-12,15.14,15.67,15.06,15.31,10170419
5-Jun-12,14.37,15.17,14.37,14.86,12215883
4-Jun-12,15.16,15.25,14.37,14.48,11503582
1-Jun-12,16.21,16.22,14.90,15.21,13238914
31-May-12,16.62,16.80,16.03,16.60,8610206
30-May-12,17.21,17.21,16.22,16.62,8151424
29-May-12,17.20,17.46,17.07,17.43,3782426
25-May-12,17.19,17.24,16.90,17.01,4747680
24-May-12,16.99,17.20,16.82,17.15,5817112
23-May-12,16.59,16.97,16.23,16.87,8137419
22-May-12,16.54,16.93,16.37,16.59,9641600
21-May-12,16.02,16.50,15.63,16.46,5635006
18-May-12,16.27,16.27,15.77,16.01,11313361
17-May-12,17.07,17.20,16.11,16.15,12151495
16-May-12,17.51,17.70,17.01,17.06,9636084
15-May-12,16.90,17.75,16.70,17.33,11876218
14-May-12,17.15,17.36,16.89,16.90,5723111
11-May-12,16.75,17.36,16.64,17.13,6403845
10-May-12,17.47,17.59,16.81,16.92,10745958
9-May-12,16.32,17.41,16.23,17.23,10506903
8-May-12,16.61,16.68,16.08,16.56,6047156
7-May-12,16.56,16.87,16.56,16.76,5490490
4-May-12,16.81,17.16,16.59,16.60,8251073
3-May-12,17.17,17.33,16.84,16.88,6423143
2-May-12,16.50,17.91,16.48,17.22,21878846
1-May-12,16.30,16.78,16.20,16.65,5485234
30-Apr-12,16.45,16.46,16.07,16.35,6806289
27-Apr-12,16.23,16.69,16.09,16.51,8036961
26-Apr-12,15.81,16.25,15.64,16.14,14104074
25-Apr-12,15.74,15.88,15.61,15.71,7290255
24-Apr-12,15.19,15.74,15.02,15.54,9957283
23-Apr-12,15.59,15.96,14.83,15.06,19874742
20-Apr-12,14.68,15.62,14.67,15.38,12409226
19-Apr-12,14.86,15.06,14.48,14.62,8248923
18-Apr-12,14.94,14.97,14.66,14.87,4841826
17-Apr-12,14.89,15.14,14.84,15.02,3552205
16-Apr-12,15.00,15.38,14.62,14.78,7015160
13-Apr-12,15.10,15.18,14.68,14.82,6017334
12-Apr-12,14.78,15.22,14.58,15.19,8444500
11-Apr-12,14.23,14.90,14.23,14.73,9720891
10-Apr-12,14.65,14.84,14.04,14.05,13269391
9-Apr-12,13.81,14.76,13.80,14.70,12811518
5-Apr-12,14.27,14.41,13.91,14.05,17734667
4-Apr-12,14.61,14.73,14.28,14.31,16027206
3-Apr-12,14.97,15.02,14.70,14.83,9595294
2-Apr-12,15.10,15.23,14.82,15.02,6729962
30-Mar-12,15.48,15.50,15.06,15.17,5677149
29-Mar-12,15.69,15.75,15.06,15.39,10113965
28-Mar-12,15.79,15.98,15.62,15.91,5864224
27-Mar-12,15.55,16.32,15.55,15.77,13423502
26-Mar-12,15.61,15.69,15.11,15.43,6115807
23-Mar-12,14.92,15.53,14.64,15.43,12007123
22-Mar-12,15.63,15.65,15.35,15.42,5068206
21-Mar-12,15.81,16.05,15.62,15.74,3884138
20-Mar-12,15.76,15.82,15.49,15.74,5949949
19-Mar-12,16.02,16.25,15.67,15.93,6519381
16-Mar-12,16.37,16.45,15.91,16.03,7986766
15-Mar-12,15.80,16.38,15.69,16.32,7689544
14-Mar-12,15.90,16.09,15.70,15.83,6415477
13-Mar-12,15.77,16.05,15.72,15.94,9813007
12-Mar-12,15.54,15.95,15.46,15.67,9697314
9-Mar-12,14.95,15.69,14.83,15.47,20938820
8-Mar-12,14.16,14.65,13.95,14.56,13906300
7-Mar-12,13.52,14.09,13.52,13.99,10481916
6-Mar-12,13.80,13.82,13.45,13.46,6893918
5-Mar-12,13.90,14.13,13.77,13.96,3035403
2-Mar-12,14.13,14.21,13.88,13.93,3352419
1-Mar-12,14.44,14.58,14.07,14.17,4498225
29-Feb-12,13.95,14.54,13.90,14.34,8186549
28-Feb-12,14.15,14.22,13.83,13.89,7463905
27-Feb-12,13.90,14.38,13.82,14.24,6209987
24-Feb-12,14.17,14.34,13.87,13.98,3636947
23-Feb-12,13.90,14.28,13.84,14.16,5932917
22-Feb-12,13.93,14.15,13.77,13.93,9628391
21-Feb-12,14.41,14.50,13.87,13.94,5826431
17-Feb-12,14.49,14.62,14.24,14.33,4071416
16-Feb-12,14.59,14.70,14.33,14.47,8533568
15-Feb-12,14.64,14.77,14.42,14.53,12311269
14-Feb-12,14.48,14.65,14.25,14.56,8502104
13-Feb-12,14.49,14.74,14.38,14.73,6973651
10-Feb-12,14.37,14.47,14.21,14.33,4700155
9-Feb-12,14.54,14.72,14.32,14.51,7516147
8-Feb-12,14.33,14.56,14.15,14.49,6695540
7-Feb-12,14.36,14.53,14.23,14.36,3956451
6-Feb-12,14.67,14.78,14.25,14.45,6713665
3-Feb-12,14.34,14.79,14.34,14.66,11430596
2-Feb-12,14.09,14.25,13.98,14.12,3954428
1-Feb-12,13.99,14.27,13.86,14.09,5684995
31-Jan-12,13.96,14.30,13.65,13.92,8231256
30-Jan-12,14.23,14.23,13.87,14.08,7137456
27-Jan-12,14.22,14.72,14.07,14.39,11223493
26-Jan-12,14.54,14.70,14.04,14.12,9944530
25-Jan-12,14.20,14.55,14.01,14.49,12408578
24-Jan-12,13.76,14.27,13.68,14.25,9121451
23-Jan-12,13.83,14.21,13.78,13.89,7515043
20-Jan-12,14.05,14.10,13.66,13.82,5570826
19-Jan-12,13.97,14.07,13.73,14.05,7849954
18-Jan-12,13.77,14.28,13.66,14.12,12292529
17-Jan-12,14.03,14.12,13.66,13.75,7900962
13-Jan-12,13.91,13.91,13.91,13.91,0
12-Jan-12,14.20,14.26,13.85,14.24,7701135
11-Jan-12,13.51,14.16,13.45,14.13,13622036
10-Jan-12,13.19,13.48,13.19,13.48,9011341
9-Jan-12,13.08,13.18,12.85,12.96,6956388
6-Jan-12,13.40,13.56,12.94,12.98,9366862
5-Jan-12,13.01,13.38,12.92,13.36,9616485
4-Jan-12,12.89,13.27,12.74,13.12,5990559
3-Jan-12,12.89,13.27,12.81,12.98,6695241
30-Dec-11,12.61,12.61,12.61,12.61,0
29-Dec-11,12.37,12.79,12.28,12.74,6572693
28-Dec-11,12.35,12.36,12.06,12.20,3021601
27-Dec-11,12.43,12.51,12.33,12.35,2701040
23-Dec-11,12.45,12.45,12.45,12.45,0
22-Dec-11,12.78,12.85,12.50,12.52,4378275
21-Dec-11,12.49,12.85,12.23,12.78,6363450
20-Dec-11,12.02,12.52,12.02,12.43,10422729
19-Dec-11,12.13,12.20,11.71,11.76,5058170
16-Dec-11,12.07,12.23,11.97,12.00,6843926
15-Dec-11,11.85,12.06,11.78,11.92,4815737
14-Dec-11,11.75,11.91,11.65,11.69,9173697
13-Dec-11,12.77,12.89,11.98,12.05,10506353
12-Dec-11,12.43,12.75,12.33,12.66,7002684
9-Dec-11,12.27,12.69,12.27,12.66,4862958
8-Dec-11,12.56,12.61,12.19,12.23,5185419
7-Dec-11,12.72,12.78,12.47,12.69,5647960
6-Dec-11,12.61,12.80,12.44,12.68,10528478
5-Dec-11,12.15,12.62,12.09,12.61,16616441
2-Dec-11,12.10,12.13,11.86,11.89,6475853
1-Dec-11,11.90,12.06,11.70,11.93,5825493
30-Nov-11,11.66,12.00,11.60,11.91,8959716
29-Nov-11,11.25,11.50,11.09,11.29,6363820
28-Nov-11,11.24,11.47,11.10,11.26,4974747
25-Nov-11,10.85,11.14,10.75,10.86,2105152
23-Nov-11,10.83,10.83,10.83,10.83,0
22-Nov-11,11.16,11.43,11.00,11.30,9007362
21-Nov-11,11.07,11.24,10.92,11.16,6298574
18-Nov-11,11.43,11.44,11.18,11.25,5005442
17-Nov-11,11.55,11.78,11.25,11.33,8055148
16-Nov-11,11.17,11.76,11.12,11.54,6887287
15-Nov-11,11.20,11.43,11.13,11.32,5354287
14-Nov-11,11.30,11.46,11.06,11.28,6489111
11-Nov-11,11.26,11.56,11.11,11.46,12677098
10-Nov-11,11.58,11.70,11.32,11.66,9696182
9-Nov-11,11.73,11.82,11.31,11.37,7960431
8-Nov-11,11.75,12.07,11.67,12.04,11047495
7-Nov-11,11.20,11.73,11.04,11.68,5372182
4-Nov-11,11.46,11.69,11.36,11.55,4005822
3-Nov-11,11.42,11.62,11.01,11.57,6497397
2-Nov-11,11.11,11.39,10.96,11.28,5456384
1-Nov-11,10.81,11.24,10.74,10.90,9912326
31-Oct-11,11.46,11.57,11.13,11.13,5858074
28-Oct-11,11.70,11.76,11.41,11.61,7779306
27-Oct-11,11.75,12.00,11.37,11.72,11456419
26-Oct-11,11.29,11.44,10.90,11.32,8332691
25-Oct-11,11.36,11.36,10.90,11.10,10123625
24-Oct-11,10.92,11.50,10.85,11.42,12608599
21-Oct-11,10.78,11.13,10.68,10.83,8327503
20-Oct-11,10.46,10.68,10.11,10.62,7412099
19-Oct-11,11.06,11.09,10.37,10.44,8207232
18-Oct-11,9.56,10.81,9.40,10.59,15082318
17-Oct-11,10.03,10.03,9.49,9.54,6648110
14-Oct-11,10.00,10.13,9.73,9.96,3977393
13-Oct-11,9.91,10.25,9.66,9.86,6206701
12-Oct-11,9.86,10.31,9.79,10.04,5786062
11-Oct-11,9.61,9.85,9.52,9.79,5303475
10-Oct-11,9.40,9.65,9.34,9.64,4932074
7-Oct-11,9.40,9.42,8.99,9.17,4933050
6-Oct-11,9.09,9.40,9.00,9.32,5272081
5-Oct-11,8.74,9.23,8.60,9.19,7406536
4-Oct-11,8.31,8.71,8.03,8.71,9389302
3-Oct-11,9.02,9.03,8.45,8.45,6916272
30-Sep-11,9.30,9.30,9.02,9.04,6356869
