Date,Open,High,Low,Close,Volume
27-Sep-12,21.04,21.24,20.79,20.83,579152
26-Sep-12,21.38,21.46,20.76,20.89,839637
25-Sep-12,21.80,22.21,21.54,21.55,1108874
24-Sep-12,21.75,22.06,21.54,21.63,720311
21-Sep-12,22.02,22.09,21.75,21.99,1080775
20-Sep-12,21.82,21.93,21.04,21.70,686192
19-Sep-12,22.78,22.99,21.72,21.90,1284476
18-Sep-12,22.74,23.14,22.29,22.86,1093238
17-Sep-12,22.99,23.71,22.78,22.85,818914
14-Sep-12,22.68,23.63,22.67,23.10,1390313
13-Sep-12,21.27,23.00,20.90,22.47,1008858
12-Sep-12,21.31,21.57,20.81,21.13,595844
11-Sep-12,20.52,21.05,20.38,21.04,1047133
10-Sep-12,20.29,21.14,20.29,20.38,635920
7-Sep-12,19.46,20.43,19.38,20.39,872868
6-Sep-12,19.00,20.11,18.71,19.40,918115
5-Sep-12,19.37,20.17,18.69,18.75,1407584
4-Sep-12,19.82,19.91,18.93,19.26,508120
31-Aug-12,19.49,19.86,19.03,19.49,629496
30-Aug-12,19.92,19.98,19.03,19.20,799750
29-Aug-12,20.60,20.72,19.94,20.05,529609
28-Aug-12,20.37,20.70,20.24,20.59,565494
27-Aug-12,20.83,20.90,20.19,20.43,492353
24-Aug-12,20.72,20.88,20.37,20.69,485944
23-Aug-12,21.33,21.41,20.88,20.89,559114
22-Aug-12,21.33,21.50,20.94,21.42,459558
21-Aug-12,21.41,22.00,21.22,21.31,613483
20-Aug-12,21.04,21.36,20.74,21.18,585001
17-Aug-12,21.33,21.40,20.93,21.12,189690
16-Aug-12,20.90,21.89,20.80,21.23,227467
15-Aug-12,20.43,21.07,20.15,20.89,190115
14-Aug-12,20.31,20.60,19.97,20.42,272431
13-Aug-12,20.48,20.54,19.65,20.17,221082
10-Aug-12,20.11,20.57,19.91,20.48,160566
9-Aug-12,19.67,20.57,19.67,20.24,280992
8-Aug-12,20.15,20.39,19.58,19.75,184223
7-Aug-12,19.36,20.53,19.27,20.29,176161
6-Aug-12,18.31,19.48,18.31,19.12,254204
3-Aug-12,17.51,18.79,17.51,18.30,207829
2-Aug-12,18.41,18.70,17.38,17.61,769586
1-Aug-12,18.91,19.44,18.32,18.68,969515
31-Jul-12,18.80,19.58,18.63,18.69,818119
30-Jul-12,18.06,18.88,18.06,18.81,407133
27-Jul-12,17.41,18.17,17.16,18.03,828236
26-Jul-12,17.88,17.98,16.88,17.25,966704
25-Jul-12,18.10,18.24,17.15,17.45,721547
24-Jul-12,18.74,18.74,17.70,17.88,762043
23-Jul-12,19.08,19.31,18.43,18.65,487479
20-Jul-12,19.23,19.94,19.16,19.73,1004641
19-Jul-12,19.19,19.56,19.02,19.49,579790
18-Jul-12,18.21,19.15,18.01,19.02,690539
17-Jul-12,18.25,18.40,17.42,18.33,674702
16-Jul-12,17.70,18.34,17.28,18.04,725413
13-Jul-12,17.93,18.26,17.39,17.74,652305
12-Jul-12,17.84,18.00,17.50,17.78,789933
11-Jul-12,18.02,18.44,17.92,18.12,801761
10-Jul-12,18.60,18.81,17.64,17.94,709181
9-Jul-12,18.48,19.34,18.30,18.54,941907
6-Jul-12,18.50,19.23,18.31,18.55,883272
5-Jul-12,19.22,19.32,18.50,18.96,1057787
3-Jul-12,18.80,19.57,18.69,19.39,767437
2-Jul-12,18.19,18.52,17.69,18.52,1061245
29-Jun-12,18.20,18.90,18.19,18.61,1499710
28-Jun-12,16.26,17.74,16.26,17.53,1737923
27-Jun-12,15.01,16.44,15.01,16.31,791453
26-Jun-12,15.30,15.41,14.62,15.09,1595013
25-Jun-12,15.93,15.95,15.17,15.24,1283545
22-Jun-12,16.01,16.41,15.45,16.32,1213395
21-Jun-12,16.71,16.71,15.76,15.78,1038070
20-Jun-12,16.76,17.09,16.43,16.69,759750
19-Jun-12,16.15,16.92,15.97,16.82,1164401
18-Jun-12,17.17,17.34,16.01,16.15,1788561
15-Jun-12,16.80,17.52,16.61,17.47,1066684
14-Jun-12,16.53,16.90,16.27,16.72,1255358
13-Jun-12,17.57,17.59,16.35,16.50,1207539
12-Jun-12,17.57,17.99,17.23,17.66,946365
11-Jun-12,18.68,18.88,17.34,17.37,1124099
8-Jun-12,18.45,18.59,17.78,18.34,895523
7-Jun-12,19.30,19.62,18.37,18.68,1324519
6-Jun-12,18.78,19.29,18.48,18.87,1264012
5-Jun-12,18.09,19.09,17.94,18.55,1476518
4-Jun-12,18.20,18.50,17.52,17.71,1223891
1-Jun-12,19.08,19.08,18.04,18.11,984474
31-May-12,20.16,20.27,19.46,19.91,1488431
30-May-12,20.99,20.99,19.99,20.14,780200
29-May-12,20.49,21.50,20.28,21.21,948132
25-May-12,20.47,20.77,20.18,20.36,556134
24-May-12,21.37,21.49,19.94,20.46,1456080
23-May-12,20.42,21.41,20.22,21.33,979496
22-May-12,20.70,21.73,20.42,20.64,1583401
21-May-12,19.41,20.89,19.39,20.66,1196052
18-May-12,19.14,19.75,19.00,19.24,827047
17-May-12,19.89,20.27,19.09,19.15,739734
16-May-12,20.06,21.15,19.69,19.76,1492732
15-May-12,20.90,21.09,19.89,19.99,1243137
14-May-12,21.55,21.72,20.72,20.93,813411
11-May-12,22.28,22.77,21.75,21.85,658334
10-May-12,23.23,23.47,22.52,22.56,928407
9-May-12,22.96,23.15,22.16,22.91,1184396
8-May-12,24.61,24.61,22.70,23.46,1638954
7-May-12,25.80,25.93,24.76,25.00,972715
4-May-12,26.10,26.30,25.14,26.19,1067497
3-May-12,29.06,29.06,26.17,26.35,1376715
2-May-12,30.08,30.25,29.49,29.72,564570
1-May-12,30.35,30.85,29.92,30.44,804338
30-Apr-12,29.25,30.41,28.88,30.25,969706
27-Apr-12,28.73,29.43,28.33,29.31,751142
26-Apr-12,27.70,28.86,27.50,28.73,404338
25-Apr-12,27.51,27.94,27.02,27.83,750243
24-Apr-12,27.45,27.75,26.86,27.21,481658
23-Apr-12,26.08,27.31,25.55,27.23,1137838
20-Apr-12,26.72,27.15,26.24,26.68,668312
19-Apr-12,26.50,26.88,26.00,26.35,928372
18-Apr-12,27.06,27.25,26.29,26.45,820082
17-Apr-12,27.44,28.36,27.21,27.25,797271
16-Apr-12,27.92,28.33,26.92,27.18,661000
13-Apr-12,27.68,28.30,27.20,27.64,1492239
12-Apr-12,26.57,27.96,26.52,27.69,545065
11-Apr-12,27.54,27.58,26.38,26.48,596773
10-Apr-12,27.86,28.06,26.89,27.12,579882
9-Apr-12,27.97,28.28,27.54,27.85,414445
5-Apr-12,28.60,29.25,28.40,28.54,346415
4-Apr-12,29.51,29.59,28.62,28.74,708128
3-Apr-12,30.05,30.23,29.58,29.92,746349
2-Apr-12,29.13,30.26,29.00,30.00,708172
30-Mar-12,29.05,29.20,28.72,29.03,659999
29-Mar-12,28.21,28.80,28.21,28.73,855856
28-Mar-12,28.61,28.78,27.90,28.49,816246
27-Mar-12,29.46,29.49,28.25,28.77,687151
26-Mar-12,29.56,29.75,29.04,29.50,583391
23-Mar-12,28.28,29.39,28.01,29.03,681403
22-Mar-12,29.01,29.03,27.89,28.30,1075760
21-Mar-12,30.78,31.03,29.56,29.59,1272099
20-Mar-12,32.68,32.74,30.74,30.85,1320421
19-Mar-12,32.92,33.86,32.49,32.98,1229487
16-Mar-12,31.67,32.39,31.33,32.15,1028974
15-Mar-12,30.56,31.75,30.37,31.50,588766
14-Mar-12,31.39,31.63,30.39,30.47,526601
13-Mar-12,30.43,31.65,29.80,31.45,928313
12-Mar-12,30.55,30.71,29.54,30.09,487176
9-Mar-12,30.30,31.20,30.14,30.61,496274
8-Mar-12,30.17,30.56,29.50,30.29,343151
7-Mar-12,29.98,30.26,29.37,29.97,514965
6-Mar-12,29.95,30.07,29.33,29.79,706039
5-Mar-12,29.30,30.55,29.01,30.38,1190486
2-Mar-12,30.54,30.65,29.15,29.39,738490
1-Mar-12,30.30,30.84,29.96,30.59,889481
29-Feb-12,31.22,31.45,29.86,30.03,764422
28-Feb-12,31.51,31.56,30.76,31.17,1550553
27-Feb-12,31.92,32.33,31.22,31.56,1113861
24-Feb-12,33.04,33.27,31.58,32.66,1306967
23-Feb-12,33.93,34.00,31.36,33.21,1988626
22-Feb-12,34.94,35.34,34.13,34.15,668251
21-Feb-12,35.07,35.60,34.67,35.00,513821
17-Feb-12,34.64,35.09,34.13,34.73,490979
16-Feb-12,33.30,34.52,32.88,34.50,461207
15-Feb-12,32.73,34.42,32.49,33.18,806907
14-Feb-12,32.51,33.05,32.04,32.43,904452
13-Feb-12,33.05,33.97,32.14,32.63,1025686
10-Feb-12,33.70,33.70,32.07,32.31,591484
9-Feb-12,34.00,34.80,33.98,34.28,699482
8-Feb-12,34.00,34.35,33.00,33.84,544034
7-Feb-12,33.33,34.00,32.43,33.94,439868
6-Feb-12,32.77,33.75,32.62,33.41,396477
3-Feb-12,33.03,33.22,32.11,33.11,869049
2-Feb-12,32.21,32.58,31.13,32.17,687274
1-Feb-12,33.56,33.67,31.96,32.21,867863
31-Jan-12,33.76,33.80,32.60,33.15,452938
30-Jan-12,33.68,33.85,32.72,33.38,435770
27-Jan-12,33.71,34.71,33.71,34.19,370436
26-Jan-12,34.78,34.78,33.28,33.88,679023
25-Jan-12,32.57,34.56,32.27,34.38,779845
24-Jan-12,32.00,32.85,31.80,32.49,568294
23-Jan-12,32.01,33.31,31.78,32.34,494920
20-Jan-12,32.09,32.56,31.25,31.82,513429
19-Jan-12,32.88,32.88,31.65,32.10,498689
18-Jan-12,31.56,32.67,31.05,32.65,600419
17-Jan-12,31.55,31.63,30.98,31.54,572243
13-Jan-12,30.88,30.88,30.88,30.88,0
12-Jan-12,32.11,32.62,31.84,32.07,414840
11-Jan-12,32.82,33.14,31.90,32.13,433984
10-Jan-12,32.71,33.10,32.11,33.09,625188
9-Jan-12,32.75,32.83,32.13,32.21,321373
6-Jan-12,33.35,33.45,32.59,32.75,591284
5-Jan-12,31.54,33.53,31.48,33.33,832389
4-Jan-12,31.46,32.00,31.11,31.80,405386
3-Jan-12,30.80,32.21,30.63,31.61,828555
30-Dec-11,29.72,29.72,29.72,29.72,0
29-Dec-11,30.38,31.12,30.18,30.48,329891
28-Dec-11,31.61,31.71,29.93,30.19,430074
27-Dec-11,30.78,31.88,30.67,31.66,489551
23-Dec-11,31.05,31.05,31.05,31.05,0
22-Dec-11,30.72,31.57,30.66,31.27,551392
21-Dec-11,30.35,30.87,29.34,30.62,645069
20-Dec-11,29.11,30.62,29.02,30.48,434793
19-Dec-11,29.50,29.71,28.09,28.23,397447
16-Dec-11,28.41,29.39,28.38,29.28,995569
15-Dec-11,28.15,28.80,27.56,28.65,802342
14-Dec-11,28.61,28.61,27.19,27.43,599754
13-Dec-11,30.61,31.25,28.81,29.10,550377
12-Dec-11,29.70,30.11,28.66,30.05,1069187
9-Dec-11,28.68,30.52,28.65,30.34,732763
8-Dec-11,30.00,30.40,28.24,28.53,833030
7-Dec-11,30.82,30.82,29.82,30.30,658652
6-Dec-11,30.63,31.55,30.10,31.09,477662
5-Dec-11,30.46,31.27,30.21,30.69,675711
2-Dec-11,30.15,30.61,29.76,29.86,721539
1-Dec-11,29.23,30.31,29.03,29.71,722397
30-Nov-11,27.74,29.42,27.66,29.39,1057749
29-Nov-11,25.49,26.55,25.34,26.15,708586
28-Nov-11,25.37,26.11,24.99,25.38,574193
25-Nov-11,24.49,25.11,24.26,24.27,188700
23-Nov-11,24.72,24.72,24.72,24.72,0
22-Nov-11,26.58,26.92,25.66,26.03,417642
21-Nov-11,26.64,26.80,25.89,26.56,452583
18-Nov-11,27.63,27.94,26.80,27.26,501255
17-Nov-11,29.12,29.14,26.93,27.58,1108362
16-Nov-11,30.05,30.62,29.09,29.17,1126474
15-Nov-11,29.61,30.54,29.38,30.15,623089
14-Nov-11,30.46,30.64,29.52,29.86,705385
11-Nov-11,30.29,30.90,29.98,30.65,442142
10-Nov-11,29.14,30.38,28.41,29.82,777473
9-Nov-11,29.28,29.78,28.32,28.37,1046064
8-Nov-11,30.58,30.66,29.55,30.49,939000
7-Nov-11,29.86,30.46,29.16,30.25,1145676
4-Nov-11,29.50,30.39,28.82,29.89,1234346
3-Nov-11,31.22,31.65,29.47,29.79,1874554
2-Nov-11,30.64,32.01,30.00,30.88,1204483
1-Nov-11,29.49,30.39,28.48,29.73,927171
31-Oct-11,31.60,31.88,30.53,30.62,931386
28-Oct-11,32.58,33.00,31.96,32.19,732747
27-Oct-11,31.90,34.02,31.54,32.58,1205348
26-Oct-11,29.40,30.79,28.31,30.58,658709
25-Oct-11,30.26,30.39,28.67,28.76,568574
24-Oct-11,29.08,30.75,29.00,30.45,711248
21-Oct-11,28.47,28.99,28.01,28.90,909120
20-Oct-11,27.79,28.04,26.75,27.90,923181
19-Oct-11,27.48,28.43,27.22,27.76,1068143
18-Oct-11,26.18,27.86,25.34,27.65,690289
17-Oct-11,26.66,26.79,25.90,26.18,576466
14-Oct-11,25.53,26.84,25.45,26.80,547147
13-Oct-11,24.95,25.24,24.09,25.03,465371
12-Oct-11,25.28,26.12,25.07,25.18,797045
11-Oct-11,24.38,25.34,24.25,24.99,968910
10-Oct-11,23.75,25.09,23.71,24.76,644076
7-Oct-11,24.25,24.39,22.86,23.14,584855
6-Oct-11,23.05,24.26,22.61,24.12,820271
5-Oct-11,23.80,24.21,22.95,23.92,886763
4-Oct-11,21.30,24.06,20.39,23.86,1006733
3-Oct-11,23.99,24.05,21.50,21.81,1209428
30-Sep-11,25.93,26.09,24.34,24.34,636567
