Date,Open,High,Low,Close,Volume
27-Sep-12,19.50,19.50,19.50,19.50,1000
26-Sep-12,19.50,19.50,19.42,19.45,300
25-Sep-12,19.75,19.75,19.75,19.75,100
24-Sep-12,19.72,19.72,19.72,19.72,0
21-Sep-12,19.72,19.72,19.72,19.72,300
20-Sep-12,19.65,19.65,19.65,19.65,300
19-Sep-12,19.77,19.77,19.77,19.77,300
18-Sep-12,19.74,19.74,19.74,19.74,300
17-Sep-12,19.75,19.75,19.70,19.70,218
14-Sep-12,19.70,19.70,19.70,19.70,0
13-Sep-12,19.70,19.70,19.70,19.70,102
12-Sep-12,19.70,19.70,19.70,19.70,1000
11-Sep-12,19.51,19.51,19.51,19.51,200
10-Sep-12,19.70,19.70,19.70,19.70,300
7-Sep-12,19.66,19.66,19.01,19.51,2685
6-Sep-12,19.50,19.50,19.50,19.50,0
5-Sep-12,19.50,19.50,19.50,19.50,0
4-Sep-12,19.50,19.50,19.50,19.50,802
31-Aug-12,19.60,19.60,19.60,19.60,300
30-Aug-12,19.71,19.71,19.70,19.70,1432
29-Aug-12,19.71,19.71,19.71,19.71,200
28-Aug-12,19.60,19.71,19.60,19.71,255
27-Aug-12,19.60,19.60,19.60,19.60,300
24-Aug-12,19.65,19.65,19.65,19.65,0
23-Aug-12,19.65,19.65,19.65,19.65,600
22-Aug-12,19.70,19.70,19.70,19.70,1000
21-Aug-12,19.80,19.80,19.80,19.80,300
20-Aug-12,19.81,19.81,19.65,19.70,1250
17-Aug-12,19.65,19.70,19.65,19.70,1381
16-Aug-12,19.75,19.75,19.75,19.75,100
15-Aug-12,19.80,19.80,19.80,19.80,400
14-Aug-12,19.50,19.74,19.07,19.07,673
13-Aug-12,19.69,19.69,19.54,19.54,959
10-Aug-12,19.25,19.80,19.05,19.80,733
9-Aug-12,19.84,19.84,19.30,19.30,810
8-Aug-12,19.76,19.76,19.58,19.58,475
7-Aug-12,19.72,19.72,19.72,19.72,0
6-Aug-12,19.57,19.77,19.54,19.77,400
3-Aug-12,19.05,19.05,19.05,19.05,311
2-Aug-12,19.10,19.20,19.08,19.20,1195
1-Aug-12,19.16,19.16,19.16,19.16,100
31-Jul-12,19.13,19.31,19.11,19.18,1834
30-Jul-12,19.25,19.38,18.80,18.80,1751
27-Jul-12,20.15,20.15,19.20,19.20,1164
26-Jul-12,19.96,20.15,19.96,20.15,400
25-Jul-12,19.84,19.95,19.84,19.89,1375
24-Jul-12,19.95,19.95,19.86,19.86,614
23-Jul-12,19.94,19.94,19.89,19.89,600
20-Jul-12,19.35,19.95,19.02,19.94,1250
19-Jul-12,19.25,19.25,19.24,19.25,749
18-Jul-12,19.01,19.01,19.01,19.01,400
17-Jul-12,19.24,19.50,19.24,19.25,779
16-Jul-12,19.13,19.24,19.01,19.19,2700
13-Jul-12,19.18,19.18,19.18,19.18,100
12-Jul-12,19.11,19.12,19.11,19.12,523
11-Jul-12,20.13,20.13,20.13,20.13,0
10-Jul-12,20.13,20.13,19.00,19.00,200
9-Jul-12,19.50,20.19,19.50,19.94,3382
6-Jul-12,20.69,20.69,19.75,19.75,1000
5-Jul-12,20.58,20.74,20.01,20.12,3207
3-Jul-12,19.45,21.00,19.25,21.00,4896
2-Jul-12,19.48,19.49,19.00,19.49,2400
29-Jun-12,19.20,19.49,19.20,19.49,2669
28-Jun-12,19.10,19.17,19.10,19.10,1720
27-Jun-12,19.26,19.26,19.14,19.20,2877
26-Jun-12,19.15,19.21,19.15,19.21,1676
25-Jun-12,19.55,19.90,19.01,19.10,1915
22-Jun-12,19.09,19.76,19.07,19.75,5052
21-Jun-12,19.04,19.04,19.04,19.04,100
20-Jun-12,19.04,19.04,19.04,19.04,0
19-Jun-12,19.04,19.04,19.04,19.04,100
18-Jun-12,18.85,19.09,18.76,18.90,4646
15-Jun-12,18.90,18.99,18.90,18.97,1991
14-Jun-12,18.86,18.92,18.86,18.86,800
13-Jun-12,19.00,19.00,18.85,18.98,856
12-Jun-12,18.95,19.09,18.95,19.00,1237
11-Jun-12,18.97,18.97,18.97,18.97,200
8-Jun-12,18.85,19.10,18.82,19.06,1800
7-Jun-12,19.00,19.10,18.98,19.00,2400
6-Jun-12,19.05,19.10,18.97,19.00,860
5-Jun-12,19.25,19.25,18.81,19.10,7748
4-Jun-12,19.25,19.25,18.76,19.25,925
1-Jun-12,18.76,19.31,18.76,19.11,851
31-May-12,18.95,19.14,18.78,18.78,1502
30-May-12,19.26,19.26,18.94,19.13,600
29-May-12,19.32,19.32,19.32,19.32,1804
25-May-12,19.00,19.00,19.00,19.00,0
24-May-12,19.08,19.08,19.08,19.08,0
23-May-12,18.98,19.13,18.98,19.08,1754
22-May-12,18.95,18.95,18.95,18.95,500
21-May-12,18.97,18.97,18.94,18.94,981
18-May-12,19.00,19.00,19.00,19.00,250
17-May-12,18.99,18.99,18.99,18.99,100
16-May-12,18.98,18.98,18.98,18.98,100
15-May-12,18.95,18.95,18.95,18.95,100
14-May-12,18.80,19.18,18.80,19.00,1634
11-May-12,18.85,18.85,18.85,18.85,560
10-May-12,19.09,19.12,18.97,18.97,871
9-May-12,19.08,19.08,19.05,19.05,1133
8-May-12,19.00,19.14,18.82,18.88,7752
7-May-12,19.27,19.27,19.01,19.01,600
4-May-12,19.26,19.29,19.00,19.00,2705
3-May-12,19.00,19.26,19.00,19.05,2475
2-May-12,18.80,19.15,18.80,19.12,7054
1-May-12,18.81,18.81,18.81,18.81,1100
30-Apr-12,18.83,19.00,18.83,18.95,1204
27-Apr-12,19.31,19.31,18.82,18.86,5004
26-Apr-12,18.81,18.85,18.80,18.81,2065
25-Apr-12,18.95,18.96,18.80,18.80,1900
24-Apr-12,19.10,19.10,18.95,19.10,5529
23-Apr-12,19.00,19.10,19.00,19.10,4730
20-Apr-12,19.00,19.00,18.92,18.95,4000
19-Apr-12,19.10,19.10,19.10,19.10,0
18-Apr-12,19.05,19.05,19.05,19.05,400
17-Apr-12,18.96,18.96,18.96,18.96,350
16-Apr-12,19.00,19.04,18.89,19.04,1390
13-Apr-12,19.00,19.00,19.00,19.00,0
12-Apr-12,18.92,19.00,18.90,19.00,2401
11-Apr-12,18.78,18.78,18.75,18.75,500
10-Apr-12,18.90,18.95,18.77,18.79,2200
9-Apr-12,19.00,19.00,18.95,18.95,500
5-Apr-12,19.00,19.10,19.00,19.10,1600
4-Apr-12,19.05,19.05,19.05,19.05,0
3-Apr-12,19.05,19.05,19.05,19.05,100
2-Apr-12,19.20,19.20,19.00,19.00,950
30-Mar-12,19.05,19.19,19.00,19.19,1144
29-Mar-12,19.19,19.19,19.19,19.19,0
28-Mar-12,19.20,19.20,19.20,19.20,100
27-Mar-12,19.10,19.10,19.05,19.05,1439
26-Mar-12,19.20,19.20,19.10,19.19,1400
23-Mar-12,19.19,19.20,19.18,19.20,450
22-Mar-12,19.27,19.27,19.18,19.20,1168
21-Mar-12,19.20,19.20,19.20,19.20,0
20-Mar-12,19.20,19.20,19.11,19.11,450
19-Mar-12,19.25,19.25,19.22,19.25,1300
16-Mar-12,19.20,19.24,19.20,19.20,1761
15-Mar-12,19.24,19.24,19.24,19.24,100
14-Mar-12,19.29,19.30,19.25,19.25,1450
13-Mar-12,19.24,19.31,19.15,19.15,3500
12-Mar-12,19.15,19.30,19.14,19.30,1099
9-Mar-12,19.24,19.24,19.03,19.07,1454
8-Mar-12,19.30,19.30,19.10,19.10,765
7-Mar-12,19.25,19.25,19.10,19.16,1008
6-Mar-12,19.30,19.30,19.10,19.10,700
5-Mar-12,19.39,19.39,19.39,19.39,0
2-Mar-12,19.25,19.39,19.25,19.39,11183
1-Mar-12,19.11,19.11,19.10,19.10,300
29-Feb-12,19.40,19.40,19.05,19.08,1000
28-Feb-12,19.11,19.11,19.11,19.11,300
27-Feb-12,19.37,19.38,19.24,19.24,600
24-Feb-12,19.13,19.13,19.10,19.10,1144
23-Feb-12,19.19,19.20,19.19,19.20,561
22-Feb-12,19.10,19.11,19.10,19.11,599
21-Feb-12,19.18,19.18,19.18,19.18,1048
17-Feb-12,19.20,19.20,19.20,19.20,305
16-Feb-12,19.10,19.10,19.10,19.10,0
15-Feb-12,19.01,19.11,19.01,19.10,500
14-Feb-12,19.18,19.20,19.18,19.19,400
13-Feb-12,19.02,19.02,19.02,19.02,0
10-Feb-12,19.25,19.25,19.25,19.25,0
9-Feb-12,19.40,19.40,19.01,19.24,1464
8-Feb-12,19.30,19.30,19.30,19.30,0
6-Feb-12,19.25,19.25,19.25,19.25,0
31-Jan-12,19.30,19.30,19.30,19.30,0
30-Jan-12,19.32,19.32,19.32,19.32,0
25-Jan-12,19.50,19.50,19.50,19.50,0
24-Jan-12,19.10,19.13,19.10,19.10,847
23-Jan-12,19.47,19.47,19.10,19.10,1350
20-Jan-12,18.76,19.25,18.76,19.25,2800
19-Jan-12,18.90,18.90,18.70,18.71,1270
18-Jan-12,18.92,18.92,18.90,18.90,2250
17-Jan-12,18.75,18.75,18.75,18.75,100
13-Jan-12,19.15,19.15,19.15,19.15,0
12-Jan-12,19.50,20.00,18.56,18.74,2846
11-Jan-12,18.85,19.50,18.85,19.44,1700
9-Jan-12,19.55,19.55,19.55,19.55,0
4-Jan-12,19.01,19.01,19.01,19.01,0
3-Jan-12,19.03,19.31,18.80,19.00,637
30-Dec-11,19.04,19.04,19.04,19.04,0
28-Dec-11,18.90,18.90,18.90,18.90,0
27-Dec-11,18.99,18.53,18.53,18.53,0
23-Dec-11,18.81,18.81,18.81,18.81,0
22-Dec-11,18.91,18.91,18.22,18.22,2043
21-Dec-11,18.97,18.97,18.96,18.96,600
20-Dec-11,18.80,18.80,18.80,18.80,0
16-Dec-11,18.90,18.90,18.90,18.90,0
15-Dec-11,19.00,19.00,18.80,18.86,3100
14-Dec-11,18.94,18.96,18.90,18.96,1952
13-Dec-11,18.85,18.85,18.85,18.85,200
12-Dec-11,18.93,18.93,18.83,18.83,550
8-Dec-11,18.98,18.98,18.98,18.98,0
7-Dec-11,18.99,18.99,18.99,18.99,0
5-Dec-11,18.82,18.82,18.82,18.82,0
2-Dec-11,19.16,19.16,19.16,19.16,0
1-Dec-11,18.94,18.94,18.94,18.94,0
30-Nov-11,18.85,18.88,18.85,18.88,400
29-Nov-11,18.85,18.85,18.85,18.85,105
28-Nov-11,18.88,18.88,18.88,18.88,300
25-Nov-11,19.04,19.04,19.04,19.04,100
23-Nov-11,18.90,18.90,18.90,18.90,0
22-Nov-11,19.00,19.02,18.85,18.85,4190
21-Nov-11,19.01,19.18,19.18,19.18,0
18-Nov-11,19.00,19.00,19.00,19.00,0
17-Nov-11,19.06,19.06,19.06,19.06,200
16-Nov-11,19.00,19.00,19.00,19.00,0
15-Nov-11,18.92,18.99,18.92,18.99,200
14-Nov-11,18.95,19.54,18.95,19.17,901
11-Nov-11,19.41,19.48,19.06,19.11,894
10-Nov-11,19.21,19.21,18.98,18.98,1800
9-Nov-11,19.09,19.10,19.00,19.00,877
8-Nov-11,19.15,19.15,19.04,19.04,200
7-Nov-11,19.13,19.13,19.13,19.13,0
4-Nov-11,19.07,19.07,19.04,19.05,1875
3-Nov-11,19.02,19.02,19.02,19.02,0
1-Nov-11,18.83,18.83,18.83,18.83,0
31-Oct-11,19.20,19.20,19.16,19.16,470
28-Oct-11,19.80,19.80,19.01,19.26,3900
27-Oct-11,19.60,19.60,18.75,18.81,1053
26-Oct-11,19.51,19.51,19.10,19.11,2700
25-Oct-11,19.73,19.73,19.73,19.73,187
24-Oct-11,19.31,19.31,19.31,19.31,0
21-Oct-11,19.30,19.30,19.30,19.30,600
20-Oct-11,19.30,19.30,19.30,19.30,100
19-Oct-11,19.05,19.20,19.05,19.20,369
18-Oct-11,19.60,19.60,19.60,19.60,0
17-Oct-11,19.70,19.70,19.50,19.51,2770
14-Oct-11,19.76,19.78,19.70,19.73,2050
13-Oct-11,19.59,19.80,19.59,19.80,1300
12-Oct-11,19.75,19.75,19.50,19.50,3300
11-Oct-11,19.49,19.50,19.15,19.50,1982
10-Oct-11,19.80,19.80,19.80,19.80,400
7-Oct-11,19.70,19.70,19.70,19.70,500
6-Oct-11,19.63,19.65,19.52,19.65,788
5-Oct-11,19.50,19.50,19.50,19.50,200
4-Oct-11,19.55,19.55,19.55,19.55,191
3-Oct-11,19.67,19.67,19.67,19.67,0
30-Sep-11,19.80,19.80,19.50,19.50,1394
29-Sep-11,19.70,19.70,19.52,19.59,700
