Date,Open,High,Low,Close,Volume
27-Sep-12,69.72,72.52,69.60,72.44,1527143
26-Sep-12,68.96,70.08,68.70,69.56,1080620
25-Sep-12,72.15,73.00,69.12,69.27,3750012
24-Sep-12,74.13,74.65,73.17,73.70,626807
21-Sep-12,75.40,75.40,74.18,74.37,1312060
20-Sep-12,74.68,75.26,74.24,75.03,595799
19-Sep-12,74.57,76.54,74.57,75.03,767481
18-Sep-12,75.41,75.67,74.35,74.48,778161
17-Sep-12,76.10,76.40,75.43,75.58,383323
14-Sep-12,78.26,78.27,76.17,76.40,798119
13-Sep-12,75.93,77.62,75.25,76.68,1224071
12-Sep-12,76.30,76.68,74.93,75.73,422699
11-Sep-12,76.85,76.94,75.33,76.00,535042
10-Sep-12,75.03,77.51,74.80,76.73,897616
7-Sep-12,75.51,76.22,74.77,74.89,654688
6-Sep-12,74.98,76.09,74.86,75.50,560341
5-Sep-12,73.70,74.96,73.38,74.61,646650
4-Sep-12,73.15,73.89,72.15,73.73,784736
31-Aug-12,73.05,74.04,72.68,73.63,468848
30-Aug-12,71.92,72.77,71.79,72.70,401855
29-Aug-12,73.22,73.22,72.09,72.75,523647
28-Aug-12,72.69,73.25,72.37,72.99,358762
27-Aug-12,73.61,73.61,72.56,72.77,365669
24-Aug-12,73.38,73.54,72.67,73.49,429863
23-Aug-12,73.99,74.10,73.25,73.49,472109
22-Aug-12,73.26,74.27,73.12,74.05,695447
21-Aug-12,74.28,74.45,72.94,73.25,509537
20-Aug-12,74.24,74.27,73.48,73.88,458794
17-Aug-12,74.20,74.54,73.72,74.20,194869
16-Aug-12,73.91,74.93,73.86,74.29,119673
15-Aug-12,73.29,74.43,72.82,74.06,100102
14-Aug-12,72.95,73.73,72.43,73.68,141349
13-Aug-12,72.74,72.94,72.13,72.80,141813
10-Aug-12,70.88,72.95,70.30,72.90,132352
9-Aug-12,71.20,71.61,70.81,71.17,124267
8-Aug-12,70.52,71.53,70.34,71.30,131711
7-Aug-12,70.69,70.98,70.56,70.64,255576
6-Aug-12,70.60,70.99,70.32,70.39,130036
3-Aug-12,70.91,71.09,69.73,70.40,125590
2-Aug-12,68.36,69.49,67.71,69.36,581282
1-Aug-12,70.70,70.90,68.70,68.85,882591
31-Jul-12,71.29,71.70,70.33,70.39,701280
30-Jul-12,70.62,72.34,70.62,71.70,1407006
27-Jul-12,67.94,71.14,67.94,70.49,1388004
26-Jul-12,68.28,68.28,65.46,67.66,1235938
25-Jul-12,66.19,66.84,65.46,66.82,1136511
24-Jul-12,66.73,67.02,65.15,65.97,860474
23-Jul-12,67.77,67.84,65.71,66.53,1214369
20-Jul-12,68.91,69.91,68.61,69.31,500981
19-Jul-12,69.70,70.15,68.93,69.36,750671
18-Jul-12,69.15,70.02,68.72,69.62,636510
17-Jul-12,68.85,69.46,68.00,69.40,958395
16-Jul-12,68.24,68.96,67.61,68.58,536617
13-Jul-12,68.61,69.22,68.30,68.59,792762
12-Jul-12,67.18,68.64,66.54,68.20,584379
11-Jul-12,68.42,68.53,66.90,68.09,694854
10-Jul-12,69.65,69.74,67.64,68.07,416244
9-Jul-12,69.41,69.73,68.38,68.97,341516
6-Jul-12,69.43,69.94,69.16,69.71,581412
5-Jul-12,69.05,70.30,69.02,70.13,979483
3-Jul-12,69.00,69.27,68.65,69.19,605120
2-Jul-12,69.24,69.72,68.27,69.00,613394
29-Jun-12,69.93,69.94,68.73,69.31,860747
28-Jun-12,68.02,68.60,67.00,68.38,970865
27-Jun-12,68.81,69.24,68.61,68.96,1363094
26-Jun-12,67.67,68.89,67.62,68.56,1083605
25-Jun-12,67.63,68.57,66.79,67.56,755185
22-Jun-12,67.99,69.00,67.30,68.05,1344094
21-Jun-12,69.69,69.83,66.75,67.30,792586
20-Jun-12,68.64,69.99,68.55,69.50,1115645
19-Jun-12,67.73,69.68,67.68,68.67,1275241
18-Jun-12,66.00,67.64,65.82,67.24,1020879
15-Jun-12,65.69,66.59,65.31,66.44,706927
14-Jun-12,64.77,65.77,64.36,65.35,540964
13-Jun-12,65.68,66.11,64.21,64.76,613073
12-Jun-12,64.54,66.15,64.02,66.00,747486
11-Jun-12,66.19,66.45,63.84,63.91,513064
8-Jun-12,64.30,65.49,64.08,65.34,612410
7-Jun-12,65.82,66.89,64.47,64.69,923837
6-Jun-12,62.85,64.48,62.58,64.38,974871
5-Jun-12,60.57,61.97,60.57,61.87,561064
4-Jun-12,61.07,61.43,58.96,60.98,1031144
1-Jun-12,62.04,62.94,60.65,61.04,852866
31-May-12,63.81,64.50,62.58,63.93,662299
30-May-12,65.03,65.05,63.40,63.85,566241
29-May-12,65.31,66.30,65.00,66.07,779302
25-May-12,65.41,65.75,64.02,64.40,625364
24-May-12,64.65,65.21,63.74,65.21,703540
23-May-12,62.48,64.11,61.88,63.97,566715
22-May-12,64.17,64.27,62.56,62.93,881361
21-May-12,61.36,64.20,61.33,64.05,621402
18-May-12,62.24,62.50,61.09,61.32,773051
17-May-12,65.10,65.25,61.87,62.02,749669
16-May-12,65.94,66.41,64.86,64.92,673536
15-May-12,65.61,66.40,65.13,65.64,1049646
14-May-12,66.50,66.81,65.33,65.53,557605
11-May-12,65.85,67.59,65.71,67.31,804408
10-May-12,67.20,67.22,65.75,66.30,529882
9-May-12,65.39,67.39,65.02,66.60,1091308
8-May-12,65.99,66.50,65.23,66.31,1071095
7-May-12,65.10,66.70,65.00,66.50,725451
4-May-12,65.82,66.02,64.62,65.30,522705
3-May-12,66.86,67.31,65.75,66.08,583110
2-May-12,65.99,67.10,65.92,66.95,435799
1-May-12,66.00,67.05,65.54,66.39,742930
30-Apr-12,66.23,66.42,65.41,65.87,629124
27-Apr-12,66.81,66.87,66.14,66.23,682511
26-Apr-12,65.86,66.73,65.25,66.60,763503
25-Apr-12,65.22,66.30,64.82,66.11,1156075
24-Apr-12,63.73,66.00,63.60,64.76,1189734
23-Apr-12,63.17,64.00,62.84,63.59,1269028
20-Apr-12,64.74,64.74,64.02,64.28,739258
19-Apr-12,63.07,64.46,62.80,64.05,810967
18-Apr-12,63.35,63.60,62.66,63.01,415357
17-Apr-12,62.50,64.12,62.31,63.46,616202
16-Apr-12,61.36,62.32,60.97,61.91,482252
13-Apr-12,61.25,61.82,60.86,61.08,592559
12-Apr-12,59.85,61.87,59.85,61.65,484069
11-Apr-12,59.57,60.14,59.21,59.85,625747
10-Apr-12,60.00,60.80,58.54,58.77,1103406
9-Apr-12,60.26,60.26,59.32,59.60,955243
5-Apr-12,61.69,62.44,61.18,61.38,374437
4-Apr-12,62.81,62.81,61.94,62.02,927143
3-Apr-12,62.08,63.28,62.08,63.19,698143
2-Apr-12,61.10,62.60,60.69,61.97,773332
30-Mar-12,61.51,61.64,60.62,61.06,670701
29-Mar-12,60.87,61.28,60.43,61.06,403804
28-Mar-12,62.23,62.44,60.52,61.22,470127
27-Mar-12,62.22,62.68,61.81,62.54,700275
26-Mar-12,61.76,62.45,61.55,62.37,824284
23-Mar-12,60.34,61.50,59.55,61.27,741721
22-Mar-12,60.45,60.77,60.26,60.54,686340
21-Mar-12,61.87,61.97,60.73,61.23,834989
20-Mar-12,62.03,62.48,61.55,61.93,217817
19-Mar-12,62.05,63.20,61.84,62.47,437776
16-Mar-12,63.41,63.65,62.24,62.37,601123
15-Mar-12,61.32,63.21,61.32,63.20,462812
14-Mar-12,60.83,62.02,60.83,61.50,376810
13-Mar-12,60.85,61.33,60.60,61.00,972372
12-Mar-12,61.84,61.84,60.65,60.68,371907
9-Mar-12,61.32,62.21,61.20,61.73,282060
8-Mar-12,60.93,61.79,60.47,61.35,275807
7-Mar-12,60.03,60.56,59.42,60.30,536234
6-Mar-12,60.84,60.84,59.32,59.75,629156
5-Mar-12,62.96,63.03,61.28,61.67,566595
2-Mar-12,63.81,64.57,63.10,63.23,569445
1-Mar-12,63.67,64.42,63.47,64.03,752003
29-Feb-12,63.77,64.57,63.50,63.56,715814
28-Feb-12,63.54,64.09,63.23,63.70,732502
27-Feb-12,62.57,64.16,62.25,63.50,683987
24-Feb-12,62.78,63.25,62.26,63.06,543702
23-Feb-12,62.61,63.37,61.89,63.08,537408
22-Feb-12,63.32,63.48,61.64,62.46,1455980
21-Feb-12,64.93,65.19,63.74,63.91,690451
17-Feb-12,64.54,65.00,64.16,64.79,936723
16-Feb-12,63.04,64.12,62.68,63.96,486847
15-Feb-12,63.97,64.18,62.57,62.95,729006
14-Feb-12,64.29,64.38,62.93,63.74,584948
13-Feb-12,64.90,64.90,63.98,64.53,511827
10-Feb-12,64.07,64.95,63.53,64.10,740059
9-Feb-12,66.00,66.03,64.50,65.14,939298
8-Feb-12,65.74,66.13,65.25,65.79,865518
7-Feb-12,65.31,65.73,65.04,65.37,905000
6-Feb-12,65.40,65.85,65.22,65.70,406873
3-Feb-12,65.90,66.25,64.77,65.83,858881
2-Feb-12,64.50,64.85,64.16,64.43,860459
1-Feb-12,63.65,64.50,63.46,64.13,787137
31-Jan-12,63.92,63.92,62.57,63.06,1000964
30-Jan-12,63.80,63.80,62.43,63.32,930464
27-Jan-12,63.78,65.00,63.62,64.50,769784
26-Jan-12,64.13,64.99,63.65,63.95,897529
25-Jan-12,63.36,64.30,62.84,63.98,1132568
24-Jan-12,62.02,64.04,62.02,63.28,2432376
23-Jan-12,61.65,61.86,59.96,60.54,1404056
20-Jan-12,61.42,61.86,61.21,61.62,926493
19-Jan-12,61.30,61.78,59.83,61.59,1676257
18-Jan-12,59.67,61.25,59.07,61.17,976494
17-Jan-12,60.11,60.46,59.08,59.48,597271
13-Jan-12,59.44,59.44,59.44,59.44,0
12-Jan-12,59.14,59.92,57.98,59.68,918947
11-Jan-12,58.84,59.53,58.72,58.81,1159070
10-Jan-12,60.11,60.25,58.86,59.00,910337
9-Jan-12,59.38,59.93,58.50,59.49,819013
6-Jan-12,58.61,60.00,58.21,59.33,808652
5-Jan-12,58.16,59.10,56.83,58.57,1068546
4-Jan-12,57.52,59.70,57.33,58.59,935407
3-Jan-12,58.86,59.00,57.87,57.89,702280
30-Dec-11,57.16,57.16,57.16,57.16,0
29-Dec-11,57.00,57.90,56.75,57.59,342390
28-Dec-11,57.50,57.90,56.64,56.66,810872
27-Dec-11,57.34,58.38,57.34,57.54,378888
23-Dec-11,57.71,57.71,57.71,57.71,0
22-Dec-11,56.48,58.01,56.48,57.16,899950
21-Dec-11,55.52,56.07,54.84,56.06,1340131
20-Dec-11,54.70,55.97,54.54,55.61,929879
19-Dec-11,55.32,55.57,53.08,53.35,791955
16-Dec-11,55.34,56.22,54.87,55.36,1356009
15-Dec-11,53.73,55.23,53.43,54.81,1439954
14-Dec-11,53.40,53.93,52.34,52.60,1521080
13-Dec-11,54.98,55.57,52.55,53.07,1157544
12-Dec-11,55.90,56.05,53.82,54.40,1163739
9-Dec-11,55.79,56.99,55.18,56.39,883564
8-Dec-11,56.69,57.45,55.44,55.70,862272
7-Dec-11,56.52,58.07,55.87,57.59,1133594
6-Dec-11,56.70,57.83,56.09,57.11,810916
5-Dec-11,57.26,58.51,56.03,56.70,1320141
2-Dec-11,56.04,56.55,55.26,55.56,1070180
1-Dec-11,55.23,56.42,54.60,55.22,919752
30-Nov-11,52.39,55.84,52.28,55.62,2096664
29-Nov-11,49.40,50.41,49.40,49.85,686395
28-Nov-11,50.30,50.95,49.63,50.06,1038603
25-Nov-11,48.52,49.51,48.09,48.20,303388
23-Nov-11,48.74,48.74,48.74,48.74,0
22-Nov-11,51.34,51.99,50.18,50.46,894951
21-Nov-11,51.22,51.68,50.50,51.38,1006363
18-Nov-11,53.42,53.47,52.04,52.44,1018215
17-Nov-11,55.50,55.50,52.39,52.99,1478496
16-Nov-11,54.46,57.22,54.36,55.19,2667620
15-Nov-11,53.29,55.21,52.23,54.61,2301066
14-Nov-11,52.06,52.64,51.58,52.02,919167
11-Nov-11,52.18,53.73,52.06,52.49,1357251
10-Nov-11,52.45,53.00,50.76,51.25,1265272
9-Nov-11,51.35,52.27,48.31,50.04,3223617
8-Nov-11,54.02,55.35,53.28,55.20,1560210
7-Nov-11,53.51,53.90,52.30,53.41,525843
4-Nov-11,53.71,54.12,52.85,53.70,644941
3-Nov-11,53.65,54.38,52.37,54.13,818455
2-Nov-11,52.73,53.17,51.60,52.77,1145495
1-Nov-11,50.67,51.96,50.30,51.06,958468
31-Oct-11,54.53,54.58,52.92,52.96,725340
28-Oct-11,54.25,55.93,53.84,55.57,1627598
27-Oct-11,53.41,55.27,53.04,54.32,1108366
26-Oct-11,50.94,51.91,49.13,51.59,584084
25-Oct-11,51.01,51.23,49.73,49.99,806187
24-Oct-11,49.39,51.41,48.97,51.33,748427
21-Oct-11,48.00,49.16,47.91,49.07,651960
20-Oct-11,47.27,47.64,45.89,47.16,698798
19-Oct-11,47.97,49.36,47.09,47.27,1054728
18-Oct-11,46.67,48.76,45.98,48.45,621513
17-Oct-11,48.15,48.38,46.41,46.68,556768
14-Oct-11,48.03,48.92,47.62,48.77,535413
13-Oct-11,47.59,47.59,46.13,47.39,613709
12-Oct-11,47.09,49.00,46.81,48.15,867148
11-Oct-11,46.22,47.28,45.81,46.41,512066
10-Oct-11,45.73,46.82,45.50,46.67,680084
7-Oct-11,45.06,45.98,44.02,44.55,1076445
6-Oct-11,44.27,44.94,43.88,44.89,1452957
5-Oct-11,43.75,44.40,43.30,44.30,2001756
4-Oct-11,42.30,43.79,41.11,43.70,1550609
3-Oct-11,43.86,44.93,42.77,42.79,1347248
30-Sep-11,43.77,45.34,43.65,44.14,1537812
