Date,Open,High,Low,Close,Volume
26-Sep-12,16.41,16.46,16.35,16.42,43182
25-Sep-12,16.37,16.39,16.35,16.38,24412
24-Sep-12,16.39,16.40,16.32,16.40,30430
21-Sep-12,16.34,16.37,16.30,16.37,33764
20-Sep-12,16.38,16.38,16.26,16.29,41262
19-Sep-12,16.28,16.36,16.22,16.36,34585
18-Sep-12,16.30,16.32,16.20,16.22,28747
17-Sep-12,16.28,16.33,16.26,16.33,30568
14-Sep-12,16.35,16.37,16.28,16.29,27032
13-Sep-12,16.32,16.41,16.31,16.41,29009
12-Sep-12,16.36,16.36,16.29,16.36,20341
11-Sep-12,16.32,16.34,16.21,16.34,36938
10-Sep-12,16.20,16.26,16.14,16.22,19131
7-Sep-12,16.25,16.25,16.15,16.20,18907
6-Sep-12,16.24,16.25,16.14,16.25,33237
5-Sep-12,16.14,16.22,16.13,16.22,20026
4-Sep-12,16.23,16.24,16.13,16.13,44632
31-Aug-12,16.15,16.19,16.10,16.19,24589
30-Aug-12,16.14,16.15,16.05,16.10,25266
29-Aug-12,16.10,16.16,16.02,16.08,37432
28-Aug-12,16.03,16.07,15.96,16.05,32098
27-Aug-12,16.03,16.05,15.98,16.05,24449
24-Aug-12,16.00,16.04,15.94,15.99,20838
23-Aug-12,16.09,16.14,15.87,16.00,34000
22-Aug-12,16.03,16.08,15.99,16.06,38206
21-Aug-12,16.00,16.10,15.96,15.99,19885
20-Aug-12,16.01,16.06,15.95,15.98,18995
17-Aug-12,16.00,16.00,15.90,15.98,21170
16-Aug-12,15.97,16.00,15.93,16.00,19485
15-Aug-12,15.95,15.95,15.82,15.93,36353
14-Aug-12,15.98,15.99,15.82,15.96,23734
13-Aug-12,16.04,16.04,15.90,16.00,19607
10-Aug-12,16.05,16.11,16.01,16.07,19600
9-Aug-12,16.01,16.14,16.01,16.14,11818
8-Aug-12,16.02,16.10,16.00,16.00,27139
7-Aug-12,16.06,16.09,16.01,16.09,19853
6-Aug-12,16.03,16.06,15.99,16.05,17206
3-Aug-12,16.14,16.14,15.96,15.98,20891
2-Aug-12,16.14,16.14,16.02,16.07,27196
1-Aug-12,16.05,16.12,16.02,16.11,50938
31-Jul-12,15.95,16.01,15.86,16.01,36913
30-Jul-12,15.85,15.89,15.77,15.85,29967
27-Jul-12,15.80,15.80,15.70,15.78,24954
26-Jul-12,15.82,15.82,15.66,15.69,14424
25-Jul-12,15.80,15.80,15.72,15.72,26796
24-Jul-12,15.75,15.79,15.65,15.73,44991
23-Jul-12,15.54,15.73,15.53,15.70,27323
20-Jul-12,15.53,15.60,15.51,15.60,22886
19-Jul-12,15.51,15.55,15.49,15.55,22234
18-Jul-12,15.38,15.50,15.38,15.48,30276
17-Jul-12,15.42,15.46,15.36,15.36,15537
16-Jul-12,15.44,15.48,15.38,15.42,18191
13-Jul-12,15.28,15.44,15.24,15.42,24702
12-Jul-12,15.16,15.34,15.16,15.34,45567
11-Jul-12,15.31,15.45,15.31,15.38,28508
10-Jul-12,15.37,15.43,15.33,15.34,20025
9-Jul-12,15.31,15.41,15.31,15.41,16955
6-Jul-12,15.23,15.36,15.23,15.36,22527
5-Jul-12,15.39,15.41,15.27,15.29,22593
3-Jul-12,15.30,15.38,15.26,15.38,21330
2-Jul-12,15.22,15.27,15.21,15.27,18606
29-Jun-12,15.23,15.25,15.15,15.25,37905
28-Jun-12,15.12,15.18,15.07,15.18,19323
27-Jun-12,15.08,15.20,15.08,15.18,22734
26-Jun-12,14.99,15.07,14.96,15.07,14905
25-Jun-12,14.98,15.03,14.93,14.97,19174
22-Jun-12,14.98,15.07,14.97,15.04,18406
21-Jun-12,14.98,15.06,14.97,15.00,16112
20-Jun-12,14.96,15.01,14.95,14.97,16922
19-Jun-12,14.81,15.02,14.81,15.00,18237
18-Jun-12,14.81,14.87,14.80,14.84,16455
15-Jun-12,14.81,14.90,14.79,14.88,14303
14-Jun-12,14.78,14.90,14.78,14.81,24018
13-Jun-12,14.85,14.93,14.77,14.82,22041
12-Jun-12,14.83,14.92,14.82,14.91,12332
11-Jun-12,14.85,14.91,14.82,14.82,16174
8-Jun-12,14.97,15.02,14.87,14.95,26566
7-Jun-12,14.84,14.91,14.84,14.91,21942
6-Jun-12,14.79,14.90,14.78,14.84,31436
5-Jun-12,14.78,14.81,14.74,14.81,32011
4-Jun-12,14.85,14.92,14.75,14.84,55647
1-Jun-12,14.95,14.95,14.86,14.89,41786
31-May-12,15.08,15.08,15.00,15.00,23625
30-May-12,15.10,15.10,14.99,15.06,28728
29-May-12,15.13,15.21,15.07,15.09,37164
25-May-12,15.10,15.12,14.98,15.07,30094
24-May-12,15.04,15.08,14.96,15.08,24863
23-May-12,15.01,15.02,14.92,15.02,38520
22-May-12,15.00,15.04,14.95,15.01,27315
21-May-12,14.75,14.94,14.75,14.93,25553
18-May-12,14.92,14.92,14.70,14.71,35036
17-May-12,15.01,15.05,14.80,14.81,43532
16-May-12,15.12,15.18,15.04,15.04,15720
15-May-12,15.14,15.19,15.09,15.09,41198
14-May-12,15.23,15.27,15.14,15.17,37909
11-May-12,15.32,15.39,15.31,15.32,28439
10-May-12,15.43,15.45,15.41,15.45,16786
9-May-12,15.36,15.42,15.32,15.38,26096
8-May-12,15.41,15.45,15.36,15.42,29192
7-May-12,15.27,15.40,15.24,15.40,22807
4-May-12,15.27,15.33,15.15,15.33,46703
3-May-12,15.48,15.50,15.27,15.36,37349
2-May-12,15.40,15.56,15.40,15.52,42546
1-May-12,15.44,15.50,15.43,15.49,34615
30-Apr-12,15.36,15.43,15.33,15.40,36347
27-Apr-12,15.43,15.43,15.36,15.37,30235
26-Apr-12,15.32,15.40,15.32,15.40,35776
25-Apr-12,15.30,15.32,15.23,15.32,29714
24-Apr-12,15.19,15.24,15.17,15.24,34689
23-Apr-12,15.11,15.16,15.06,15.16,34396
20-Apr-12,15.08,15.12,15.04,15.09,23541
19-Apr-12,15.06,15.07,15.00,15.02,26017
18-Apr-12,15.02,15.05,14.96,15.05,29035
17-Apr-12,15.03,15.08,15.02,15.02,32606
16-Apr-12,14.98,15.04,14.93,14.98,21841
13-Apr-12,14.97,14.97,14.91,14.91,25682
12-Apr-12,14.94,14.97,14.91,14.95,31157
11-Apr-12,14.98,15.08,14.98,15.01,23700
10-Apr-12,15.07,15.09,14.93,14.93,35994
9-Apr-12,15.00,15.08,14.99,15.05,43927
5-Apr-12,15.05,15.09,15.03,15.05,26901
4-Apr-12,15.12,15.13,15.06,15.11,27185
3-Apr-12,15.17,15.24,15.14,15.14,29541
2-Apr-12,15.13,15.24,15.13,15.23,29852
30-Mar-12,15.20,15.21,15.14,15.14,23460
29-Mar-12,15.21,15.24,15.18,15.23,23647
28-Mar-12,15.28,15.28,15.19,15.24,27660
27-Mar-12,15.16,15.26,15.16,15.25,23388
26-Mar-12,15.23,15.23,15.16,15.20,22112
23-Mar-12,15.15,15.26,15.15,15.23,24446
22-Mar-12,15.23,15.28,15.15,15.15,28063
21-Mar-12,15.21,15.27,15.19,15.23,34388
20-Mar-12,15.14,15.25,15.10,15.23,13868
19-Mar-12,15.02,15.17,15.00,15.17,18208
16-Mar-12,15.25,15.25,15.09,15.10,23355
15-Mar-12,15.43,15.43,15.25,15.26,23400
14-Mar-12,15.54,15.54,15.35,15.43,23395
13-Mar-12,15.40,15.57,15.37,15.57,25454
12-Mar-12,15.50,15.55,15.38,15.38,30099
9-Mar-12,15.62,15.70,15.55,15.55,21986
8-Mar-12,15.50,15.67,15.48,15.67,28717
7-Mar-12,15.49,15.56,15.42,15.50,27290
6-Mar-12,15.63,15.63,15.38,15.46,44525
5-Mar-12,15.72,15.72,15.57,15.70,40050
2-Mar-12,15.66,15.71,15.55,15.55,61540
1-Mar-12,15.74,15.78,15.65,15.72,37616
29-Feb-12,15.72,15.74,15.62,15.67,25520
28-Feb-12,15.63,15.64,15.60,15.63,24202
27-Feb-12,15.73,15.73,15.58,15.64,30091
24-Feb-12,15.70,15.72,15.62,15.71,35951
23-Feb-12,15.65,15.70,15.62,15.70,23312
22-Feb-12,15.63,15.64,15.59,15.60,29442
21-Feb-12,15.64,15.65,15.52,15.59,32754
17-Feb-12,15.53,15.59,15.50,15.59,33331
16-Feb-12,15.48,15.52,15.43,15.46,40411
15-Feb-12,15.38,15.47,15.37,15.44,29320
14-Feb-12,15.24,15.31,15.16,15.31,38791
13-Feb-12,15.38,15.39,15.19,15.24,36754
10-Feb-12,15.36,15.42,15.29,15.40,45722
9-Feb-12,15.45,15.51,15.36,15.37,35675
8-Feb-12,15.44,15.44,15.38,15.38,25425
7-Feb-12,15.35,15.41,15.34,15.41,33595
6-Feb-12,15.25,15.36,15.25,15.30,27945
3-Feb-12,15.50,15.50,15.30,15.30,32225
2-Feb-12,15.47,15.53,15.43,15.44,42290
1-Feb-12,15.38,15.50,15.38,15.48,36100
31-Jan-12,15.46,15.46,15.34,15.37,43063
30-Jan-12,15.36,15.39,15.32,15.39,18079
27-Jan-12,15.26,15.38,15.25,15.30,43403
26-Jan-12,15.26,15.26,15.21,15.23,33790
25-Jan-12,15.13,15.23,15.11,15.23,35266
24-Jan-12,15.07,15.10,15.04,15.09,44250
23-Jan-12,15.02,15.06,15.02,15.06,14826
20-Jan-12,14.97,15.02,14.91,14.97,21325
19-Jan-12,14.75,14.95,14.72,14.95,30293
18-Jan-12,14.69,14.73,14.66,14.73,31983
17-Jan-12,14.76,14.77,14.65,14.66,58331
13-Jan-12,14.72,14.72,14.72,14.72,0
12-Jan-12,14.59,14.86,14.58,14.78,91569
11-Jan-12,14.73,14.75,14.66,14.66,50132
10-Jan-12,14.86,14.91,14.76,14.83,35793
9-Jan-12,14.95,14.96,14.80,14.81,42306
6-Jan-12,14.85,14.93,14.85,14.93,34571
5-Jan-12,14.84,14.85,14.77,14.85,42464
4-Jan-12,14.70,14.83,14.68,14.83,50009
3-Jan-12,14.88,14.88,14.67,14.67,42677
30-Dec-11,14.77,14.85,14.68,14.78,45867
29-Dec-11,14.80,14.82,14.73,14.75,27007
28-Dec-11,15.02,15.02,14.81,14.83,29638
27-Dec-11,14.82,14.98,14.82,14.97,72852
23-Dec-11,14.86,14.86,14.86,14.86,0
22-Dec-11,14.76,14.83,14.72,14.77,47584
21-Dec-11,14.65,14.73,14.65,14.73,54973
20-Dec-11,14.56,14.62,14.53,14.62,44894
19-Dec-11,14.62,14.63,14.45,14.45,21547
16-Dec-11,14.59,14.65,14.53,14.54,30586
15-Dec-11,14.52,14.55,14.47,14.55,35645
14-Dec-11,14.49,14.50,14.41,14.49,49741
13-Dec-11,14.52,14.58,14.50,14.55,51470
12-Dec-11,14.65,14.65,14.49,14.49,35703
9-Dec-11,14.67,14.75,14.67,14.74,46364
8-Dec-11,14.58,14.75,14.58,14.73,43245
7-Dec-11,14.65,14.71,14.61,14.63,43526
6-Dec-11,14.61,14.71,14.60,14.69,56741
5-Dec-11,14.53,14.66,14.53,14.65,29313
2-Dec-11,14.51,14.59,14.51,14.51,45445
1-Dec-11,14.52,14.53,14.41,14.48,42620
30-Nov-11,14.48,14.71,14.39,14.48,50139
29-Nov-11,14.32,14.36,14.25,14.36,29599
28-Nov-11,14.37,14.46,14.25,14.27,31867
25-Nov-11,14.20,14.35,14.20,14.30,17822
23-Nov-11,14.21,14.21,14.21,14.21,0
22-Nov-11,14.37,14.37,14.29,14.34,30298
21-Nov-11,14.36,14.36,14.24,14.27,27022
18-Nov-11,14.48,14.48,14.32,14.36,42709
17-Nov-11,14.65,14.65,14.34,14.42,48603
16-Nov-11,14.70,14.70,14.50,14.50,37859
15-Nov-11,14.42,14.65,14.42,14.65,47832
14-Nov-11,14.61,14.61,14.46,14.47,33139
11-Nov-11,14.59,14.66,14.57,14.64,29207
10-Nov-11,14.74,14.74,14.47,14.57,35982
9-Nov-11,14.58,14.62,14.45,14.54,33862
8-Nov-11,14.66,14.72,14.65,14.66,23170
7-Nov-11,14.69,14.74,14.62,14.64,24110
4-Nov-11,14.81,14.81,14.71,14.72,46515
3-Nov-11,14.93,14.93,14.79,14.90,29171
2-Nov-11,14.82,14.90,14.79,14.90,39925
1-Nov-11,14.90,14.90,14.76,14.80,42696
31-Oct-11,14.94,15.00,14.90,14.98,26121
28-Oct-11,14.92,15.05,14.91,15.00,32402
27-Oct-11,14.96,14.99,14.85,14.90,31922
26-Oct-11,14.70,14.77,14.69,14.77,35232
25-Oct-11,14.72,14.74,14.67,14.71,22497
24-Oct-11,14.68,14.76,14.68,14.75,15115
21-Oct-11,14.61,14.71,14.59,14.68,22815
20-Oct-11,14.57,14.57,14.45,14.56,39105
19-Oct-11,14.59,14.59,14.47,14.56,25527
18-Oct-11,14.42,14.58,14.36,14.58,33743
17-Oct-11,14.50,14.51,14.37,14.47,29021
14-Oct-11,14.40,14.58,14.40,14.58,26327
13-Oct-11,14.34,14.39,14.24,14.37,30105
12-Oct-11,14.62,14.65,14.49,14.51,38242
11-Oct-11,14.54,14.71,14.53,14.60,25013
10-Oct-11,14.23,14.61,14.23,14.61,31324
7-Oct-11,14.28,14.28,14.14,14.21,38526
6-Oct-11,13.84,14.12,13.83,14.12,39388
5-Oct-11,13.75,13.92,13.75,13.84,46348
4-Oct-11,14.12,14.12,13.71,13.75,47695
3-Oct-11,14.36,14.37,14.00,14.04,49650
30-Sep-11,14.49,14.54,14.21,14.21,43112
29-Sep-11,14.69,14.69,14.41,14.49,23866
