Date,Open,High,Low,Close,Volume
27-Sep-12,14.53,14.59,14.31,14.52,15853
26-Sep-12,14.50,14.74,14.47,14.48,49190
25-Sep-12,14.44,14.78,14.36,14.42,38368
24-Sep-12,14.39,14.49,14.16,14.35,27882
21-Sep-12,14.50,14.54,14.28,14.47,36746
20-Sep-12,14.43,14.57,14.39,14.47,11178
19-Sep-12,14.59,14.62,14.46,14.48,12492
18-Sep-12,14.35,14.58,14.35,14.47,26206
17-Sep-12,14.00,14.32,14.00,14.30,9574
14-Sep-12,14.19,14.33,14.12,14.14,12748
13-Sep-12,13.81,14.36,13.81,14.16,17677
12-Sep-12,13.66,13.89,13.66,13.86,4509
11-Sep-12,13.63,13.85,13.38,13.50,9280
10-Sep-12,13.68,13.91,13.51,13.67,7236
7-Sep-12,13.76,13.89,13.61,13.75,29613
6-Sep-12,13.67,14.00,13.51,13.71,52122
5-Sep-12,13.73,13.88,13.55,13.65,34745
4-Sep-12,13.75,13.85,13.38,13.80,25103
31-Aug-12,13.90,13.90,13.67,13.69,22842
30-Aug-12,14.15,14.15,13.84,13.85,23571
29-Aug-12,14.45,14.46,14.04,14.17,23941
28-Aug-12,14.49,14.49,14.16,14.40,32146
27-Aug-12,14.41,14.68,14.35,14.46,11397
24-Aug-12,14.35,14.49,14.00,14.31,10985
23-Aug-12,14.49,14.51,14.23,14.39,12820
22-Aug-12,14.10,14.50,13.94,14.41,34017
21-Aug-12,14.51,14.60,14.06,14.15,17275
20-Aug-12,14.50,14.66,14.33,14.55,35456
17-Aug-12,14.47,14.50,14.31,14.50,21348
16-Aug-12,14.30,14.56,14.20,14.51,36731
15-Aug-12,14.15,14.49,14.15,14.35,28077
14-Aug-12,14.20,14.35,14.05,14.15,12312
13-Aug-12,14.38,14.38,13.89,14.17,19481
10-Aug-12,14.18,14.63,14.18,14.44,17708
9-Aug-12,14.29,14.52,14.13,14.15,14717
8-Aug-12,14.24,14.44,14.22,14.22,12114
7-Aug-12,14.56,14.73,14.15,14.26,51801
6-Aug-12,14.56,14.56,14.40,14.43,31434
3-Aug-12,13.81,14.60,13.81,14.53,34535
2-Aug-12,13.60,14.10,13.59,13.64,44219
1-Aug-12,13.98,14.23,13.75,13.96,59798
31-Jul-12,14.00,14.26,13.89,13.96,29607
30-Jul-12,14.59,14.65,13.94,13.98,49230
27-Jul-12,14.11,14.67,14.11,14.62,35325
26-Jul-12,14.21,14.25,13.90,14.08,28165
25-Jul-12,13.87,14.12,13.87,14.11,15314
24-Jul-12,14.02,14.41,13.75,13.85,54860
23-Jul-12,14.15,14.26,13.91,13.93,46829
20-Jul-12,14.53,14.53,14.34,14.40,25215
19-Jul-12,14.94,14.99,14.54,14.69,25741
18-Jul-12,14.55,14.96,14.45,14.85,71533
17-Jul-12,14.64,14.64,14.37,14.59,24961
16-Jul-12,14.82,14.82,14.37,14.53,12933
13-Jul-12,14.43,14.91,14.43,14.79,28304
12-Jul-12,14.08,14.49,13.70,14.40,31140
11-Jul-12,14.37,14.58,14.00,14.18,34743
10-Jul-12,14.63,14.63,14.20,14.26,24117
9-Jul-12,14.30,14.65,14.09,14.47,30314
6-Jul-12,14.45,14.55,14.20,14.26,34383
5-Jul-12,14.41,14.62,14.13,14.42,28015
3-Jul-12,14.34,14.62,14.23,14.50,33443
2-Jul-12,13.37,14.56,13.20,14.39,133856
29-Jun-12,13.36,13.51,12.96,13.44,75780
28-Jun-12,13.36,13.41,12.86,13.07,24054
27-Jun-12,13.36,13.56,13.31,13.49,32674
26-Jun-12,13.52,13.54,13.31,13.38,27655
25-Jun-12,13.38,13.54,13.20,13.46,31555
22-Jun-12,13.22,13.59,13.03,13.51,237657
21-Jun-12,13.59,13.70,13.18,13.31,40684
20-Jun-12,13.36,13.72,13.30,13.59,38093
19-Jun-12,12.97,13.55,12.97,13.36,93782
18-Jun-12,13.01,13.24,12.79,12.96,109528
15-Jun-12,12.52,12.65,12.41,12.58,92244
14-Jun-12,12.42,12.67,12.42,12.54,29351
13-Jun-12,12.67,12.93,12.32,12.40,29621
12-Jun-12,12.34,12.74,12.16,12.73,35752
11-Jun-12,12.84,12.84,12.25,12.25,39666
8-Jun-12,12.42,12.84,12.31,12.68,29580
7-Jun-12,12.96,13.01,12.46,12.51,37780
6-Jun-12,12.86,13.00,12.76,12.80,86665
5-Jun-12,12.53,12.94,12.53,12.74,49749
4-Jun-12,13.05,13.14,12.44,12.64,56979
1-Jun-12,12.44,13.32,12.27,13.00,85688
31-May-12,12.79,12.83,12.50,12.56,49568
30-May-12,12.91,12.97,12.72,12.73,29097
29-May-12,13.12,13.27,12.80,13.09,134421
25-May-12,13.09,13.18,12.80,13.02,29569
24-May-12,13.20,13.21,12.79,13.11,47328
23-May-12,12.83,13.27,12.77,13.18,53877
22-May-12,13.10,13.10,12.90,12.99,45111
21-May-12,12.74,13.10,12.62,13.10,63444
18-May-12,12.41,12.75,12.18,12.73,90938
17-May-12,12.46,12.60,12.38,12.40,70490
16-May-12,12.66,12.69,12.48,12.51,42939
15-May-12,12.67,12.84,12.54,12.65,31042
14-May-12,12.82,13.18,12.66,12.66,49163
11-May-12,12.92,13.07,12.84,12.98,46106
10-May-12,13.00,13.06,12.91,13.05,29033
9-May-12,12.93,13.01,12.86,12.94,43088
8-May-12,12.78,13.02,12.53,13.00,150045
7-May-12,12.96,13.06,12.72,12.89,95273
4-May-12,12.89,13.05,12.73,13.05,191091
3-May-12,13.03,13.13,12.88,12.97,85721
2-May-12,12.97,13.11,12.86,13.07,56400
1-May-12,13.00,13.03,12.92,12.99,73872
30-Apr-12,12.91,13.07,12.90,13.00,80668
27-Apr-12,12.93,12.95,12.59,12.95,41553
26-Apr-12,12.75,13.05,12.75,12.87,35059
25-Apr-12,12.53,13.04,12.36,12.83,107845
24-Apr-12,12.28,12.35,12.12,12.35,47465
23-Apr-12,11.95,12.27,11.84,12.25,87290
20-Apr-12,12.34,12.34,12.00,12.08,67687
19-Apr-12,12.07,12.23,11.87,12.05,67957
18-Apr-12,12.20,12.32,12.00,12.05,73843
17-Apr-12,12.32,12.41,12.19,12.22,78909
16-Apr-12,12.31,12.54,12.03,12.24,61418
13-Apr-12,12.74,12.77,12.13,12.20,100089
12-Apr-12,12.89,12.96,12.72,12.81,60996
11-Apr-12,13.10,13.39,12.78,12.84,85157
10-Apr-12,13.26,13.26,12.81,12.97,253291
9-Apr-12,13.17,13.27,12.93,13.19,129047
5-Apr-12,12.86,13.49,12.84,13.44,220727
4-Apr-12,13.28,13.35,12.51,13.06,228702
3-Apr-12,13.22,13.50,13.05,13.40,120833
2-Apr-12,13.31,13.33,13.01,13.31,96457
30-Mar-12,13.41,13.41,13.14,13.29,440034
29-Mar-12,13.42,13.46,12.95,13.28,92218
28-Mar-12,13.88,13.98,13.15,13.47,135365
27-Mar-12,13.67,13.94,13.58,13.71,170589
26-Mar-12,12.97,13.41,12.94,13.39,102273
23-Mar-12,12.73,13.13,12.73,13.11,140862
22-Mar-12,12.92,12.95,12.47,12.67,252456
21-Mar-12,13.00,13.37,12.95,12.96,203453
20-Mar-12,13.60,13.75,12.88,12.95,579252
19-Mar-12,13.89,14.12,13.65,13.71,334785
16-Mar-12,13.99,14.69,13.66,13.81,2379205
15-Mar-12,16.58,17.48,16.34,17.43,270320
14-Mar-12,15.52,16.36,15.50,16.20,74672
13-Mar-12,15.51,15.87,15.20,15.47,74070
12-Mar-12,15.75,15.76,15.02,15.23,40291
9-Mar-12,15.54,16.21,15.35,15.77,78050
8-Mar-12,15.50,15.93,15.44,15.70,62755
7-Mar-12,15.64,15.90,15.18,15.54,75514
6-Mar-12,15.75,15.78,15.21,15.52,40560
5-Mar-12,15.77,16.24,15.77,15.94,30926
2-Mar-12,16.01,16.31,15.76,15.86,70285
1-Mar-12,16.14,16.71,15.99,16.20,103793
29-Feb-12,16.17,16.22,15.80,15.98,70520
28-Feb-12,16.04,16.27,15.80,16.20,91597
27-Feb-12,15.62,16.30,15.42,15.96,114493
24-Feb-12,15.38,15.85,15.18,15.63,37761
23-Feb-12,15.01,15.80,14.70,15.37,112045
22-Feb-12,14.73,15.01,13.90,14.99,123996
21-Feb-12,14.27,14.88,14.20,14.67,59529
17-Feb-12,14.57,14.57,13.99,14.28,50343
16-Feb-12,14.01,14.52,13.88,14.50,20314
15-Feb-12,14.07,14.30,13.74,14.03,43244
14-Feb-12,14.66,14.67,13.95,14.03,28402
13-Feb-12,14.24,14.78,14.24,14.77,16716
10-Feb-12,14.35,14.58,14.09,14.26,36341
9-Feb-12,15.24,15.24,15.24,15.24,0
8-Feb-12,15.11,15.40,14.77,15.37,34372
7-Feb-12,15.05,15.27,14.91,15.02,81420
6-Feb-12,15.06,15.06,15.06,15.06,0
3-Feb-12,14.60,14.60,14.08,14.25,68548
2-Feb-12,14.25,14.62,13.76,14.29,204816
1-Feb-12,14.31,14.47,13.98,14.01,95808
31-Jan-12,14.00,14.06,13.81,13.90,61676
30-Jan-12,13.98,14.05,13.75,13.88,29101
27-Jan-12,13.70,14.25,13.70,14.02,47463
26-Jan-12,13.63,13.83,13.63,13.73,44159
25-Jan-12,13.70,13.97,13.52,13.80,35220
24-Jan-12,13.51,13.83,13.42,13.73,24674
23-Jan-12,13.46,13.75,13.42,13.49,18851
20-Jan-12,13.42,13.58,13.33,13.42,30673
19-Jan-12,13.02,13.58,13.00,13.37,44809
18-Jan-12,12.73,13.00,12.73,13.00,43860
17-Jan-12,12.59,13.11,12.43,12.90,52185
13-Jan-12,12.48,12.48,12.48,12.48,0
12-Jan-12,12.52,12.70,12.48,12.59,18831
11-Jan-12,12.55,12.74,12.51,12.51,16815
10-Jan-12,12.47,12.70,12.33,12.56,52549
9-Jan-12,12.00,12.39,11.89,12.36,43607
6-Jan-12,11.52,11.95,11.52,11.88,10115
5-Jan-12,11.57,11.57,11.57,11.57,0
4-Jan-12,11.85,12.10,11.56,11.72,31727
3-Jan-12,11.86,12.09,11.33,11.89,33264
30-Dec-11,11.74,11.74,11.74,11.74,0
29-Dec-11,11.41,11.67,11.09,11.61,75647
28-Dec-11,11.53,11.61,11.13,11.21,35067
27-Dec-11,11.66,11.76,11.42,11.56,24189
23-Dec-11,11.77,11.77,11.77,11.77,0
22-Dec-11,11.79,11.79,11.29,11.56,24492
21-Dec-11,11.50,11.58,11.18,11.48,22023
20-Dec-11,11.16,11.63,11.00,11.61,44848
19-Dec-11,11.13,11.33,10.90,10.92,25769
16-Dec-11,11.26,11.50,11.00,11.00,53851
15-Dec-11,11.10,11.10,11.10,11.10,0
14-Dec-11,11.15,11.44,10.81,11.31,47353
13-Dec-11,11.40,11.78,11.16,11.19,44973
12-Dec-11,11.46,11.67,11.19,11.38,24660
9-Dec-11,10.70,11.70,10.63,11.57,45493
8-Dec-11,11.28,11.46,10.66,10.68,36063
7-Dec-11,11.27,11.48,10.82,11.36,23162
6-Dec-11,11.12,11.44,10.99,11.34,15008
5-Dec-11,11.25,11.25,10.86,11.16,17994
2-Dec-11,11.49,11.49,11.49,11.49,0
1-Dec-11,11.74,11.82,11.36,11.51,41247
30-Nov-11,11.44,11.95,11.20,11.92,68539
29-Nov-11,11.38,11.38,11.38,11.38,0
28-Nov-11,10.57,11.37,10.37,11.17,38248
25-Nov-11,10.94,11.10,10.19,10.24,25474
23-Nov-11,10.95,10.95,10.95,10.95,0
22-Nov-11,11.49,11.87,11.30,11.65,42839
21-Nov-11,11.71,11.78,11.30,11.43,52894
18-Nov-11,11.60,11.82,11.54,11.79,27877
17-Nov-11,11.86,11.97,11.46,11.64,43329
16-Nov-11,12.31,12.51,11.86,11.87,28345
15-Nov-11,12.05,12.49,12.04,12.41,37393
14-Nov-11,12.49,12.60,12.00,12.13,45657
11-Nov-11,12.39,12.68,12.35,12.49,42581
10-Nov-11,12.22,12.58,12.07,12.34,50794
9-Nov-11,12.16,12.57,12.03,12.08,48180
8-Nov-11,12.14,12.61,12.02,12.53,43321
7-Nov-11,12.56,12.57,11.65,12.09,30521
4-Nov-11,11.48,12.74,11.40,12.56,120934
3-Nov-11,11.16,11.60,11.00,11.60,62202
2-Nov-11,11.33,11.47,10.80,11.30,68334
1-Nov-11,11.53,11.53,11.53,11.53,0
31-Oct-11,10.88,11.91,10.77,11.60,75263
28-Oct-11,10.39,11.13,10.39,11.03,109245
27-Oct-11,10.42,10.49,10.22,10.40,71421
26-Oct-11,9.95,10.27,9.84,10.15,19268
25-Oct-11,10.00,10.08,9.79,9.80,22356
24-Oct-11,9.70,10.08,9.70,9.96,49984
21-Oct-11,9.74,9.75,9.35,9.69,31907
20-Oct-11,9.35,9.52,9.15,9.47,28586
19-Oct-11,9.15,9.52,9.14,9.30,25787
18-Oct-11,9.40,9.61,9.30,9.49,26742
17-Oct-11,9.68,9.68,9.36,9.40,22044
14-Oct-11,9.79,9.89,9.57,9.87,21033
13-Oct-11,9.75,9.78,9.56,9.70,12219
12-Oct-11,9.91,9.97,9.71,9.80,33533
11-Oct-11,9.93,10.05,9.64,9.85,19336
10-Oct-11,9.83,10.07,9.65,10.04,27458
7-Oct-11,9.66,9.90,9.54,9.65,39462
6-Oct-11,9.50,9.68,9.42,9.62,34767
5-Oct-11,9.48,9.89,9.30,9.50,66568
4-Oct-11,9.08,9.67,9.07,9.50,118183
3-Oct-11,9.54,9.54,9.54,9.54,0
30-Sep-11,9.56,9.96,9.45,9.80,56234
29-Sep-11,9.85,9.85,9.40,9.74,18408
