Date,Open,High,Low,Close,Volume
26-Sep-12,5.89,5.94,5.77,5.79,18548
25-Sep-12,5.88,5.92,5.85,5.86,33040
24-Sep-12,5.76,5.89,5.76,5.88,16110
21-Sep-12,5.90,5.93,5.72,5.76,60226
20-Sep-12,5.60,5.89,5.56,5.83,9725
19-Sep-12,5.58,5.62,5.49,5.60,13068
18-Sep-12,5.57,5.60,5.57,5.59,12007
17-Sep-12,5.58,5.60,5.37,5.59,10259
14-Sep-12,5.64,5.64,5.59,5.60,11875
13-Sep-12,5.60,5.65,5.57,5.60,27681
12-Sep-12,5.53,5.63,5.53,5.60,26248
11-Sep-12,5.58,5.65,5.57,5.60,54815
10-Sep-12,5.55,5.64,5.50,5.55,13465
7-Sep-12,5.58,5.58,5.53,5.55,37864
6-Sep-12,5.59,5.64,5.50,5.57,116940
5-Sep-12,5.68,5.68,5.50,5.55,157081
4-Sep-12,5.72,5.87,5.70,5.73,29807
31-Aug-12,5.61,5.70,5.54,5.70,19588
30-Aug-12,5.75,5.75,5.67,5.68,10797
29-Aug-12,5.68,5.70,5.67,5.70,9226
28-Aug-12,5.67,5.75,5.62,5.70,17326
27-Aug-12,5.71,5.76,5.63,5.70,4627
24-Aug-12,5.44,5.75,5.40,5.70,7651
23-Aug-12,5.54,5.71,5.41,5.47,113215
22-Aug-12,5.67,5.67,5.50,5.51,1780
21-Aug-12,5.74,5.83,5.60,5.67,10557
20-Aug-12,5.88,5.88,5.05,5.76,21687
17-Aug-12,5.67,5.93,5.67,5.92,39915
16-Aug-12,5.50,5.76,5.44,5.69,13340
15-Aug-12,5.35,5.50,5.31,5.50,19465
14-Aug-12,5.32,5.46,5.25,5.33,107613
13-Aug-12,5.36,5.50,5.26,5.31,24451
10-Aug-12,5.50,5.50,5.31,5.32,152567
9-Aug-12,5.48,5.50,5.33,5.48,6375
8-Aug-12,5.49,5.49,5.34,5.43,10682
7-Aug-12,5.50,5.50,5.43,5.49,26819
6-Aug-12,5.47,5.50,5.31,5.48,22996
3-Aug-12,5.48,5.50,5.41,5.49,27194
2-Aug-12,5.39,5.50,5.30,5.47,28697
1-Aug-12,5.43,5.43,5.34,5.34,54990
31-Jul-12,5.44,5.44,5.35,5.40,22560
30-Jul-12,5.58,5.59,5.44,5.46,15297
27-Jul-12,5.79,5.79,5.43,5.60,34183
26-Jul-12,5.38,5.69,5.36,5.64,32343
25-Jul-12,5.31,5.39,5.31,5.36,10410
24-Jul-12,5.37,5.37,5.18,5.31,26614
23-Jul-12,5.66,5.66,5.33,5.33,53354
20-Jul-12,5.73,5.82,5.72,5.72,19492
19-Jul-12,5.93,5.93,5.75,5.75,12331
18-Jul-12,5.90,5.93,5.89,5.91,17391
17-Jul-12,5.95,5.95,5.88,5.90,49291
16-Jul-12,5.86,5.95,5.82,5.95,39821
13-Jul-12,5.89,5.90,5.58,5.88,22963
12-Jul-12,5.83,5.92,5.65,5.89,38541
11-Jul-12,5.58,5.93,5.58,5.89,65287
10-Jul-12,5.49,5.61,5.34,5.60,19577
9-Jul-12,5.68,5.68,5.26,5.43,25903
6-Jul-12,5.67,5.75,5.53,5.72,30563
5-Jul-12,5.73,5.75,5.58,5.75,16116
3-Jul-12,5.53,5.71,5.40,5.71,30551
2-Jul-12,5.63,5.74,5.31,5.54,65717
29-Jun-12,5.90,5.90,5.25,5.57,169951
28-Jun-12,5.72,5.91,5.67,5.84,126421
27-Jun-12,5.75,5.91,5.54,5.78,31218
26-Jun-12,5.57,5.86,5.43,5.78,22589
25-Jun-12,5.77,5.83,5.56,5.57,71682
22-Jun-12,5.75,6.00,5.39,5.81,2709946
21-Jun-12,5.83,5.94,5.64,5.74,100360
20-Jun-12,5.53,5.84,5.24,5.76,65514
19-Jun-12,5.34,5.57,5.23,5.56,114477
18-Jun-12,5.34,5.35,5.18,5.30,92909
15-Jun-12,5.30,5.35,5.22,5.31,85854
14-Jun-12,5.30,5.40,5.06,5.30,90150
13-Jun-12,5.29,5.35,5.06,5.33,15368
12-Jun-12,5.30,5.40,5.02,5.24,56585
11-Jun-12,5.26,5.35,5.07,5.33,57216
8-Jun-12,5.38,5.44,5.06,5.30,56918
7-Jun-12,5.23,5.43,5.23,5.35,85260
6-Jun-12,5.11,5.26,5.00,5.20,8824
5-Jun-12,5.07,5.33,4.98,5.26,8490
4-Jun-12,5.29,5.39,4.95,5.09,9754
1-Jun-12,4.98,5.24,4.83,5.24,10336
31-May-12,5.11,5.37,4.76,4.92,56142
30-May-12,5.29,5.29,5.08,5.12,6714
29-May-12,5.07,5.54,5.07,5.40,9786
25-May-12,5.42,5.45,5.05,5.05,5711
24-May-12,5.25,5.51,5.05,5.31,10141
23-May-12,5.20,5.32,5.20,5.25,35773
22-May-12,5.25,5.25,5.09,5.20,19867
21-May-12,5.18,5.36,5.05,5.20,18193
18-May-12,5.12,5.37,5.00,5.16,14628
17-May-12,5.29,5.47,5.08,5.16,8626
16-May-12,5.42,5.54,5.25,5.35,7470
15-May-12,5.38,5.55,5.27,5.48,11100
14-May-12,5.62,5.62,5.26,5.44,7341
11-May-12,5.55,5.55,5.43,5.55,15083
10-May-12,5.45,5.55,5.45,5.55,10936
9-May-12,5.49,5.55,5.28,5.44,17923
8-May-12,5.40,5.55,5.07,5.46,231411
7-May-12,5.36,5.55,5.30,5.40,37053
4-May-12,5.24,5.55,5.24,5.39,17804
3-May-12,5.20,5.25,5.14,5.20,9147
2-May-12,5.02,5.35,5.00,5.20,42843
1-May-12,5.02,5.02,4.90,5.00,7499
30-Apr-12,5.00,5.00,4.98,4.99,6200
27-Apr-12,4.95,5.00,4.94,5.00,10650
26-Apr-12,4.97,5.00,4.73,5.00,33425
25-Apr-12,5.00,5.00,4.86,4.95,62438
24-Apr-12,5.00,5.04,4.89,5.00,15478
23-Apr-12,4.94,5.05,4.94,4.97,7200
20-Apr-12,5.05,5.05,4.90,4.94,12695
19-Apr-12,4.94,5.05,4.93,5.05,3850
18-Apr-12,5.04,5.04,4.93,5.00,16041
17-Apr-12,4.86,5.00,4.85,5.00,18893
16-Apr-12,4.94,5.04,4.84,4.99,26994
13-Apr-12,4.89,4.94,4.89,4.94,6040
12-Apr-12,4.71,4.95,4.71,4.94,25066
11-Apr-12,4.95,4.97,4.84,4.95,31131
10-Apr-12,4.90,4.95,4.70,4.95,18644
9-Apr-12,4.72,4.95,4.72,4.85,20098
5-Apr-12,4.93,4.98,4.83,4.94,18126
4-Apr-12,4.82,5.00,4.78,4.92,74844
3-Apr-12,5.20,5.20,4.79,4.99,66801
2-Apr-12,5.24,5.24,5.00,5.14,19609
30-Mar-12,4.84,5.22,4.84,5.09,40494
29-Mar-12,4.82,4.85,4.78,4.85,37309
28-Mar-12,4.83,4.86,4.65,4.85,2313
27-Mar-12,4.57,4.80,4.50,4.76,37393
26-Mar-12,4.96,4.96,4.50,4.64,17506
23-Mar-12,4.94,4.94,4.72,4.89,12659
22-Mar-12,4.66,4.94,4.55,4.94,14720
21-Mar-12,4.60,4.86,4.40,4.70,191839
20-Mar-12,4.30,4.68,4.26,4.57,124663
19-Mar-12,4.29,4.30,4.26,4.30,6663
16-Mar-12,4.22,4.29,4.15,4.29,38194
15-Mar-12,4.15,4.24,4.10,4.18,7400
14-Mar-12,4.14,4.25,4.10,4.11,23076
13-Mar-12,3.99,4.16,3.99,4.10,15618
12-Mar-12,3.92,4.05,3.92,3.99,12260
9-Mar-12,3.90,4.05,3.90,4.00,704
8-Mar-12,3.95,4.04,3.90,4.04,5000
7-Mar-12,3.88,3.95,3.88,3.95,17256
6-Mar-12,3.84,3.93,3.84,3.93,2100
5-Mar-12,3.94,3.94,3.83,3.83,8350
2-Mar-12,3.95,3.98,3.83,3.98,9691
1-Mar-12,4.04,4.04,3.83,3.83,4124
29-Feb-12,3.86,4.05,3.86,4.05,1350
28-Feb-12,3.88,3.90,3.88,3.89,14971
27-Feb-12,3.91,3.93,3.83,3.84,4161
24-Feb-12,3.81,3.98,3.81,3.98,7632
23-Feb-12,3.83,3.93,3.81,3.84,6343
22-Feb-12,3.86,3.92,3.80,3.92,1600
21-Feb-12,3.96,4.09,3.85,3.85,10628
17-Feb-12,3.98,3.99,3.90,3.97,3739
16-Feb-12,3.98,3.98,3.98,3.98,4350
15-Feb-12,3.91,3.97,3.91,3.97,6648
14-Feb-12,3.97,3.97,3.80,3.80,5780
13-Feb-12,3.97,3.98,3.83,3.97,7620
10-Feb-12,3.84,3.99,3.82,3.82,5596
9-Feb-12,3.93,4.05,3.90,3.90,16007
8-Feb-12,4.02,4.04,3.96,3.96,4239
7-Feb-12,4.02,4.05,4.02,4.02,2700
6-Feb-12,4.06,4.10,4.05,4.05,31333
3-Feb-12,4.05,4.10,4.00,4.06,13565
2-Feb-12,3.90,4.24,3.75,4.05,6228
1-Feb-12,3.95,3.95,3.94,3.94,688
31-Jan-12,3.77,3.95,3.77,3.95,6332
30-Jan-12,3.62,4.00,3.61,3.75,8100
27-Jan-12,3.80,3.91,3.61,3.80,4100
26-Jan-12,3.70,3.75,3.61,3.61,12174
25-Jan-12,3.68,3.70,3.68,3.70,2900
24-Jan-12,3.60,3.66,3.60,3.65,3800
19-Jan-12,3.60,3.60,3.60,3.60,0
18-Jan-12,3.55,3.57,3.55,3.57,1400
17-Jan-12,3.50,3.50,3.43,3.50,8616
13-Jan-12,3.40,3.40,3.40,3.40,0
12-Jan-12,3.46,3.46,3.27,3.35,11175
11-Jan-12,3.45,3.47,3.45,3.45,1500
10-Jan-12,3.42,3.53,3.32,3.53,4220
9-Jan-12,3.39,3.48,3.31,3.40,3905
6-Jan-12,3.48,3.48,3.25,3.30,4214
5-Jan-12,3.41,3.42,3.30,3.30,813
4-Jan-12,3.64,3.65,3.41,3.44,5299
3-Jan-12,3.50,3.50,3.46,3.46,788
30-Dec-11,3.54,3.54,3.54,3.54,0
29-Dec-11,3.35,3.43,3.26,3.32,3577
28-Dec-11,3.38,3.38,3.29,3.29,600
27-Dec-11,3.35,3.48,3.29,3.38,8950
23-Dec-11,3.25,3.25,3.25,3.25,0
22-Dec-11,3.39,3.49,3.21,3.22,9875
21-Dec-11,3.40,3.40,3.30,3.30,8976
20-Dec-11,3.44,3.50,3.30,3.33,3459
19-Dec-11,3.45,3.45,3.45,3.45,109
16-Dec-11,3.38,3.38,3.38,3.38,288
15-Dec-11,3.43,3.47,3.43,3.43,2300
14-Dec-11,3.50,3.50,3.50,3.50,2777
13-Dec-11,3.51,3.53,3.51,3.53,200
12-Dec-11,3.54,3.55,3.54,3.55,500
9-Dec-11,3.52,3.55,3.40,3.55,3682
8-Dec-11,3.70,3.70,3.48,3.48,10159
7-Dec-11,3.58,3.60,3.58,3.60,1803
6-Dec-11,3.40,3.51,3.35,3.50,5314
5-Dec-11,3.49,3.60,3.38,3.55,6139
2-Dec-11,3.35,3.40,3.35,3.40,1167
1-Dec-11,3.39,3.54,3.39,3.54,936
30-Nov-11,3.39,3.40,3.33,3.37,8465
29-Nov-11,3.40,3.40,3.31,3.33,5900
28-Nov-11,3.42,3.59,3.25,3.48,22092
25-Nov-11,3.40,3.68,3.40,3.44,1400
23-Nov-11,3.42,3.42,3.42,3.42,0
22-Nov-11,3.55,3.55,3.37,3.48,7300
21-Nov-11,3.50,3.59,3.35,3.59,19910
18-Nov-11,3.46,3.51,3.45,3.51,800
17-Nov-11,3.50,3.62,3.46,3.62,258028
16-Nov-11,3.57,3.57,3.57,3.57,255
15-Nov-11,3.54,3.55,3.45,3.45,2731
14-Nov-11,3.60,3.65,3.60,3.60,5376
11-Nov-11,3.57,3.65,3.53,3.62,12700
10-Nov-11,3.62,3.62,3.51,3.53,24608
9-Nov-11,3.42,3.65,3.42,3.51,8485
8-Nov-11,3.43,3.54,3.36,3.48,8033
7-Nov-11,3.60,3.60,3.36,3.38,65323
4-Nov-11,3.53,3.63,3.50,3.58,109443
3-Nov-11,3.47,3.50,3.36,3.50,3745
2-Nov-11,3.26,3.44,3.26,3.41,3498
1-Nov-11,3.26,3.26,3.20,3.25,6289
31-Oct-11,3.25,3.25,3.25,3.25,8121
28-Oct-11,3.26,3.26,3.25,3.25,2100
27-Oct-11,3.25,3.26,3.20,3.25,13748
26-Oct-11,3.28,3.28,3.21,3.23,1335
25-Oct-11,3.27,3.35,3.25,3.25,3308
24-Oct-11,3.20,3.24,3.20,3.24,1700
21-Oct-11,3.21,3.21,3.10,3.11,39101
20-Oct-11,3.14,3.18,3.09,3.16,2692
19-Oct-11,3.12,3.38,3.12,3.26,5838
18-Oct-11,3.36,3.37,3.20,3.20,5166
17-Oct-11,3.42,3.43,3.42,3.43,481
14-Oct-11,3.27,3.50,3.26,3.50,6251
13-Oct-11,3.29,3.56,3.29,3.34,20369
12-Oct-11,3.17,3.30,3.10,3.30,9600
5-Oct-11,3.20,3.20,3.20,3.20,0
4-Oct-11,3.11,3.16,3.11,3.16,300
3-Oct-11,3.40,3.40,3.13,3.13,21991
30-Sep-11,3.38,3.38,3.30,3.30,1200
29-Sep-11,3.45,3.45,3.36,3.36,29708
