Date,Open,High,Low,Close,Volume
26-Sep-12,2.73,2.81,2.69,2.75,116006
25-Sep-12,2.82,2.89,2.70,2.71,222572
24-Sep-12,2.77,2.89,2.75,2.79,221235
21-Sep-12,2.63,2.85,2.48,2.85,365647
20-Sep-12,2.65,2.65,2.55,2.58,96864
19-Sep-12,2.66,2.71,2.55,2.67,128114
18-Sep-12,2.63,2.68,2.55,2.66,143367
17-Sep-12,2.65,2.66,2.54,2.62,132458
14-Sep-12,2.86,2.86,2.66,2.67,135298
13-Sep-12,2.68,2.90,2.63,2.85,119652
12-Sep-12,2.87,2.88,2.78,2.81,38726
11-Sep-12,2.95,2.95,2.77,2.86,51256
10-Sep-12,2.98,3.00,2.87,2.96,41473
7-Sep-12,3.03,3.03,2.93,2.98,148694
6-Sep-12,2.92,3.02,2.88,2.99,171968
5-Sep-12,2.79,2.90,2.72,2.89,346648
4-Sep-12,2.89,2.89,2.79,2.81,177989
31-Aug-12,2.83,2.90,2.79,2.89,165043
30-Aug-12,2.88,2.92,2.79,2.79,147336
29-Aug-12,2.95,2.98,2.85,2.89,138633
28-Aug-12,2.95,2.98,2.86,2.94,177881
27-Aug-12,2.98,2.99,2.89,2.96,51062
24-Aug-12,2.97,3.09,2.95,2.97,118828
23-Aug-12,2.93,3.00,2.88,2.98,136866
22-Aug-12,2.98,3.00,2.90,2.92,176383
21-Aug-12,3.12,3.14,2.99,2.99,100514
20-Aug-12,3.05,3.15,3.04,3.12,101411
17-Aug-12,3.16,3.16,3.04,3.05,245530
16-Aug-12,3.22,3.24,3.14,3.16,146459
15-Aug-12,3.13,3.23,3.13,3.22,129986
14-Aug-12,3.16,3.18,3.10,3.13,170076
13-Aug-12,3.08,3.14,3.01,3.13,175859
10-Aug-12,3.13,3.18,3.03,3.07,273040
9-Aug-12,3.22,3.23,3.07,3.18,277856
8-Aug-12,3.29,3.37,3.20,3.22,233589
7-Aug-12,3.06,3.38,3.00,3.32,402890
6-Aug-12,3.50,3.53,3.36,3.38,192286
3-Aug-12,3.58,3.75,3.52,3.54,195340
2-Aug-12,3.56,3.60,3.50,3.52,139680
1-Aug-12,3.65,3.66,3.53,3.56,316199
31-Jul-12,3.88,3.88,3.61,3.62,744043
30-Jul-12,4.05,4.06,3.88,3.88,106708
27-Jul-12,3.98,4.07,3.96,4.04,103836
26-Jul-12,3.93,3.98,3.90,3.95,275412
25-Jul-12,3.89,3.92,3.83,3.89,267062
24-Jul-12,3.95,3.96,3.85,3.86,66872
23-Jul-12,3.98,4.01,3.93,3.93,101619
20-Jul-12,4.07,4.14,3.99,4.05,189675
19-Jul-12,4.04,4.15,3.84,4.13,194866
18-Jul-12,4.08,4.13,4.01,4.03,473454
17-Jul-12,4.16,4.18,4.05,4.08,180250
16-Jul-12,4.21,4.21,4.14,4.18,110897
13-Jul-12,4.39,4.39,4.06,4.24,442894
12-Jul-12,4.45,4.45,4.37,4.44,144587
11-Jul-12,4.43,4.51,4.42,4.49,255009
10-Jul-12,4.45,4.50,4.39,4.41,252031
9-Jul-12,4.41,4.51,4.33,4.44,290977
6-Jul-12,4.28,4.44,4.18,4.40,296918
5-Jul-12,4.30,4.35,4.24,4.31,500515
3-Jul-12,4.26,4.30,4.24,4.30,229704
2-Jul-12,4.24,4.30,4.15,4.28,1403676
29-Jun-12,4.45,4.55,4.42,4.49,238164
28-Jun-12,4.42,4.45,4.26,4.29,111231
27-Jun-12,4.51,4.53,4.40,4.45,160299
26-Jun-12,4.41,4.54,4.38,4.48,340322
25-Jun-12,4.33,4.50,4.32,4.40,194256
22-Jun-12,4.14,4.44,4.12,4.42,657808
21-Jun-12,4.27,4.27,4.08,4.10,218543
20-Jun-12,4.21,4.30,4.19,4.26,88210
19-Jun-12,4.17,4.31,4.16,4.25,290710
18-Jun-12,4.17,4.18,4.13,4.16,99645
15-Jun-12,4.17,4.22,4.08,4.22,291721
14-Jun-12,4.05,4.19,3.96,4.18,140212
13-Jun-12,4.24,4.25,4.02,4.05,229861
12-Jun-12,4.07,4.21,4.06,4.20,287120
11-Jun-12,4.34,4.34,4.04,4.05,366972
8-Jun-12,4.17,4.39,4.13,4.26,559966
7-Jun-12,4.06,4.09,4.00,4.06,125401
6-Jun-12,4.12,4.18,3.97,4.02,430326
5-Jun-12,4.19,4.23,4.09,4.10,511699
4-Jun-12,4.10,4.22,4.07,4.21,308167
1-Jun-12,4.00,4.10,4.00,4.08,194617
31-May-12,4.02,4.11,3.96,4.09,1846530
30-May-12,3.96,4.06,3.95,4.02,540423
29-May-12,4.10,4.16,3.96,4.00,563476
25-May-12,4.04,4.16,3.98,4.04,307781
24-May-12,4.12,4.14,3.99,4.05,242382
23-May-12,4.14,4.16,3.98,4.10,504225
22-May-12,4.04,4.21,3.91,4.18,1240145
21-May-12,3.89,4.05,3.87,4.05,201186
18-May-12,3.94,3.99,3.85,3.88,502808
17-May-12,3.96,4.00,3.90,3.93,225359
16-May-12,4.02,4.11,3.95,3.95,224019
15-May-12,3.95,4.02,3.89,3.99,145096
14-May-12,4.11,4.12,3.87,3.95,288741
11-May-12,3.95,4.16,3.92,4.15,431327
10-May-12,3.83,4.00,3.74,3.97,215135
9-May-12,3.64,3.82,3.63,3.80,138780
8-May-12,3.57,3.72,3.56,3.67,170498
7-May-12,3.59,3.65,3.49,3.60,222316
4-May-12,3.65,3.70,3.54,3.60,194227
3-May-12,3.58,3.73,3.58,3.68,247184
2-May-12,3.64,3.74,3.57,3.60,215191
1-May-12,3.73,3.75,3.65,3.65,148322
30-Apr-12,3.74,3.80,3.71,3.74,122055
27-Apr-12,3.59,3.83,3.59,3.74,140078
26-Apr-12,3.69,3.69,3.57,3.60,130735
25-Apr-12,3.77,3.80,3.68,3.70,95213
24-Apr-12,3.67,3.72,3.62,3.72,69576
23-Apr-12,3.70,3.74,3.54,3.66,198485
20-Apr-12,3.73,3.85,3.66,3.77,160618
19-Apr-12,3.66,3.71,3.62,3.68,194883
18-Apr-12,3.74,3.78,3.64,3.65,142876
17-Apr-12,3.66,3.87,3.63,3.77,193436
16-Apr-12,3.73,3.77,3.63,3.63,65007
13-Apr-12,3.70,3.79,3.63,3.69,178005
12-Apr-12,3.73,3.79,3.71,3.73,128914
11-Apr-12,3.75,3.82,3.71,3.73,187297
10-Apr-12,3.97,3.98,3.66,3.72,264991
9-Apr-12,3.94,4.10,3.91,3.96,384095
5-Apr-12,3.93,3.98,3.92,3.96,87857
4-Apr-12,3.96,3.97,3.90,3.94,257555
3-Apr-12,4.04,4.10,3.98,3.98,185929
2-Apr-12,3.93,4.05,3.88,4.05,334625
30-Mar-12,3.96,4.00,3.91,3.93,275761
29-Mar-12,3.97,4.00,3.86,3.94,124785
28-Mar-12,4.02,4.02,3.92,3.99,268387
27-Mar-12,3.96,4.01,3.85,3.98,376856
26-Mar-12,3.77,4.00,3.73,3.96,413545
23-Mar-12,4.03,4.05,3.92,4.05,286385
22-Mar-12,3.88,4.06,3.83,4.04,297963
21-Mar-12,3.95,4.03,3.90,3.91,170225
20-Mar-12,3.97,4.01,3.94,3.94,234511
19-Mar-12,4.03,4.05,3.96,3.99,473412
16-Mar-12,4.10,4.11,3.98,4.03,671579
15-Mar-12,4.11,4.12,4.05,4.11,200364
14-Mar-12,4.08,4.13,4.05,4.11,225064
13-Mar-12,4.02,4.17,4.00,4.10,656619
12-Mar-12,4.00,4.01,3.95,4.00,416377
9-Mar-12,4.03,4.05,3.97,4.00,470798
8-Mar-12,4.00,4.00,3.95,4.00,259826
7-Mar-12,3.99,4.04,3.95,3.95,513418
6-Mar-12,3.98,4.01,3.87,3.95,761012
5-Mar-12,3.98,4.07,3.93,4.02,645112
2-Mar-12,4.03,4.10,3.95,4.03,625982
1-Mar-12,3.96,4.07,3.80,4.03,1396936
29-Feb-12,4.00,4.05,3.88,3.93,636917
28-Feb-12,4.19,4.19,3.90,4.00,865430
27-Feb-12,4.30,4.35,4.13,4.15,825835
24-Feb-12,4.16,4.41,4.02,4.35,903202
23-Feb-12,4.06,4.23,4.00,4.17,815642
22-Feb-12,4.41,4.52,4.00,4.08,2390319
21-Feb-12,4.50,4.90,4.31,4.45,11894078
17-Feb-12,2.90,3.10,2.83,3.03,1459742
16-Feb-12,2.70,3.26,2.70,2.88,1456485
15-Feb-12,2.75,2.81,2.66,2.67,310763
14-Feb-12,2.82,2.84,2.74,2.76,431673
13-Feb-12,2.80,2.84,2.70,2.83,682375
10-Feb-12,3.05,3.05,2.50,2.76,1538802
9-Feb-12,3.26,3.31,3.06,3.08,550324
8-Feb-12,3.46,3.47,3.25,3.27,626951
7-Feb-12,3.47,3.47,3.47,3.47,0
6-Feb-12,3.28,3.39,3.26,3.33,379712
3-Feb-12,3.41,3.45,3.25,3.29,394721
2-Feb-12,3.28,3.42,3.23,3.32,283771
1-Feb-12,3.18,3.18,3.18,3.18,0
31-Jan-12,3.41,3.47,3.28,3.43,584892
30-Jan-12,3.42,3.42,3.42,3.42,0
27-Jan-12,3.51,3.55,3.29,3.43,574109
26-Jan-12,3.49,3.55,3.47,3.53,294854
25-Jan-12,3.48,3.55,3.41,3.49,610747
24-Jan-12,3.38,3.50,3.25,3.48,272514
23-Jan-12,3.36,3.36,3.36,3.36,0
20-Jan-12,3.33,3.36,3.29,3.32,138204
19-Jan-12,3.39,3.42,3.29,3.34,150838
18-Jan-12,3.35,3.35,3.35,3.35,0
17-Jan-12,3.15,3.17,3.05,3.12,351654
13-Jan-12,3.14,3.14,3.14,3.14,0
12-Jan-12,3.00,3.04,2.92,3.04,216961
11-Jan-12,2.93,3.01,2.72,3.00,673667
10-Jan-12,2.98,2.98,2.98,2.98,0
9-Jan-12,3.44,3.52,3.17,3.20,267014
6-Jan-12,3.45,3.48,3.43,3.45,71095
5-Jan-12,3.38,3.47,3.37,3.44,429377
4-Jan-12,3.49,3.52,3.43,3.44,46571
3-Jan-12,3.51,3.58,3.45,3.50,130007
30-Dec-11,3.42,3.42,3.42,3.42,0
29-Dec-11,3.39,3.48,3.37,3.44,65666
28-Dec-11,3.38,3.38,3.38,3.38,0
27-Dec-11,3.47,3.50,3.30,3.39,408905
23-Dec-11,3.49,3.49,3.49,3.49,0
22-Dec-11,3.54,3.57,3.45,3.48,141462
21-Dec-11,3.57,3.57,3.47,3.54,75692
20-Dec-11,3.45,3.56,3.40,3.54,219939
19-Dec-11,3.47,3.50,3.37,3.37,125526
16-Dec-11,3.48,3.48,3.34,3.40,461128
15-Dec-11,3.53,3.53,3.53,3.53,0
14-Dec-11,3.34,3.49,3.32,3.49,188867
13-Dec-11,3.36,3.49,3.34,3.39,194307
12-Dec-11,3.24,3.36,3.21,3.33,114227
9-Dec-11,3.12,3.32,3.11,3.28,94983
8-Dec-11,3.22,3.24,3.10,3.10,100917
7-Dec-11,3.30,3.32,3.19,3.25,116079
6-Dec-11,3.23,3.33,3.22,3.33,97298
5-Dec-11,3.25,3.25,3.16,3.23,102200
2-Dec-11,3.16,3.22,3.16,3.20,108755
1-Dec-11,3.16,3.23,3.05,3.11,159189
30-Nov-11,3.21,3.21,3.10,3.16,332895
29-Nov-11,3.11,3.11,3.02,3.07,57450
28-Nov-11,3.03,3.16,2.97,3.13,248085
25-Nov-11,3.07,3.09,2.93,2.94,76508
23-Nov-11,3.07,3.07,3.07,3.07,0
22-Nov-11,3.28,3.28,3.28,3.28,0
21-Nov-11,3.31,3.32,3.16,3.21,140936
18-Nov-11,3.38,3.38,3.38,3.38,0
17-Nov-11,3.37,3.48,3.35,3.45,124305
16-Nov-11,3.40,3.53,3.35,3.35,108183
15-Nov-11,3.31,3.48,3.22,3.45,102357
14-Nov-11,3.40,3.46,3.29,3.34,94301
11-Nov-11,3.35,3.46,3.30,3.43,98280
10-Nov-11,3.28,3.38,3.20,3.32,99418
9-Nov-11,3.41,3.41,3.41,3.41,0
8-Nov-11,3.15,3.29,3.15,3.25,146742
7-Nov-11,3.16,3.16,3.03,3.11,91911
4-Nov-11,3.23,3.26,3.15,3.16,112925
3-Nov-11,3.24,3.29,3.15,3.28,166468
2-Nov-11,3.20,3.24,3.13,3.18,89882
1-Nov-11,3.06,3.22,3.01,3.15,234474
31-Oct-11,3.17,3.26,3.11,3.17,203999
28-Oct-11,3.45,3.45,3.23,3.24,206635
27-Oct-11,3.19,3.56,3.16,3.49,407694
26-Oct-11,3.13,3.15,3.02,3.14,172665
25-Oct-11,3.08,3.08,3.08,3.08,0
24-Oct-11,3.12,3.17,3.09,3.17,114347
21-Oct-11,3.10,3.14,3.02,3.11,86264
20-Oct-11,3.02,3.02,3.02,3.02,0
19-Oct-11,3.21,3.21,3.06,3.07,78754
18-Oct-11,3.14,3.25,3.05,3.21,130186
17-Oct-11,3.16,3.22,3.11,3.15,136012
14-Oct-11,3.23,3.23,3.14,3.20,87300
13-Oct-11,3.18,3.21,3.17,3.20,282567
12-Oct-11,3.20,3.25,3.11,3.20,247080
11-Oct-11,3.05,3.20,3.05,3.19,111054
10-Oct-11,2.99,2.99,2.99,2.99,0
7-Oct-11,3.10,3.10,2.91,2.93,184620
6-Oct-11,3.03,3.10,2.93,3.10,157455
5-Oct-11,2.99,3.10,2.95,3.03,134453
4-Oct-11,2.78,2.78,2.78,2.78,0
3-Oct-11,3.03,3.07,2.81,2.81,206436
30-Sep-11,3.14,3.20,3.04,3.10,177651
29-Sep-11,3.13,3.20,3.00,3.20,320468
