Date,Open,High,Low,Close,Volume
27-Sep-12,12.06,12.12,12.03,12.12,51999
26-Sep-12,12.04,12.07,12.02,12.07,36169
25-Sep-12,11.98,12.09,11.98,12.03,49131
24-Sep-12,11.99,12.06,11.98,12.06,29877
21-Sep-12,11.95,12.05,11.93,12.03,29894
20-Sep-12,11.94,11.99,11.92,11.97,37365
19-Sep-12,11.87,11.96,11.87,11.94,23742
18-Sep-12,11.79,11.89,11.79,11.89,37788
17-Sep-12,11.86,11.88,11.82,11.82,27043
14-Sep-12,11.86,11.89,11.84,11.87,39559
13-Sep-12,11.84,11.93,11.84,11.87,53658
12-Sep-12,11.79,11.87,11.79,11.85,13811
11-Sep-12,11.84,11.92,11.83,11.86,33750
10-Sep-12,11.81,11.88,11.81,11.84,42672
7-Sep-12,11.83,11.87,11.81,11.82,21736
6-Sep-12,11.84,11.87,11.82,11.83,29579
5-Sep-12,11.89,11.92,11.84,11.84,45315
4-Sep-12,11.88,11.93,11.86,11.91,28116
31-Aug-12,11.90,11.91,11.85,11.88,46240
30-Aug-12,11.77,11.86,11.77,11.83,32607
29-Aug-12,11.77,11.85,11.75,11.79,36154
28-Aug-12,11.90,11.90,11.78,11.79,38053
27-Aug-12,11.80,11.90,11.79,11.90,69587
24-Aug-12,11.74,11.80,11.74,11.80,25325
23-Aug-12,11.70,11.79,11.70,11.78,82176
22-Aug-12,11.62,11.73,11.62,11.73,49658
21-Aug-12,11.62,11.65,11.59,11.63,50018
20-Aug-12,11.62,11.62,11.57,11.62,89308
17-Aug-12,11.63,11.66,11.62,11.62,6282
16-Aug-12,11.72,11.72,11.63,11.64,10660
15-Aug-12,11.73,11.73,11.71,11.72,3022
14-Aug-12,11.76,11.76,11.73,11.74,3531
13-Aug-12,11.72,11.75,11.70,11.75,8424
10-Aug-12,11.77,11.80,11.77,11.79,5298
9-Aug-12,11.79,11.80,11.77,11.77,8384
8-Aug-12,11.78,11.85,11.78,11.82,8547
7-Aug-12,11.75,11.83,11.75,11.81,5170
6-Aug-12,11.83,11.84,11.75,11.77,8671
3-Aug-12,11.83,11.91,11.81,11.84,12758
2-Aug-12,11.78,11.86,11.76,11.83,27220
1-Aug-12,11.75,11.83,11.75,11.79,43789
31-Jul-12,11.75,11.77,11.73,11.77,47596
30-Jul-12,11.74,11.75,11.70,11.75,50295
27-Jul-12,11.73,11.75,11.72,11.74,65812
26-Jul-12,11.70,11.73,11.69,11.71,110501
25-Jul-12,11.76,11.76,11.68,11.69,60127
24-Jul-12,11.72,11.76,11.70,11.75,59144
23-Jul-12,11.70,11.75,11.69,11.74,14351
20-Jul-12,11.69,11.74,11.67,11.73,13790
19-Jul-12,11.69,11.74,11.65,11.70,42653
18-Jul-12,11.67,11.71,11.65,11.68,33086
17-Jul-12,11.64,11.69,11.63,11.67,20414
16-Jul-12,11.62,11.68,11.61,11.63,19649
13-Jul-12,11.56,11.65,11.56,11.63,15990
12-Jul-12,11.64,11.64,11.52,11.57,49394
11-Jul-12,11.57,11.64,11.55,11.64,35621
10-Jul-12,11.53,11.58,11.53,11.56,30590
9-Jul-12,11.49,11.56,11.47,11.53,53087
6-Jul-12,11.42,11.50,11.42,11.50,41675
5-Jul-12,11.47,11.49,11.45,11.47,26686
3-Jul-12,11.40,11.48,11.40,11.48,12709
2-Jul-12,11.35,11.42,11.35,11.42,30418
29-Jun-12,11.41,11.41,11.35,11.40,64804
28-Jun-12,11.33,11.35,11.30,11.35,33050
27-Jun-12,11.38,11.41,11.33,11.35,56004
26-Jun-12,11.35,11.44,11.35,11.41,50460
25-Jun-12,11.40,11.40,11.33,11.39,32623
22-Jun-12,11.29,11.46,11.28,11.46,52128
21-Jun-12,11.25,11.31,11.24,11.30,23098
20-Jun-12,11.20,11.27,11.19,11.26,23338
19-Jun-12,11.12,11.23,11.12,11.21,15037
18-Jun-12,11.19,11.22,11.13,11.14,33725
15-Jun-12,11.26,11.26,11.22,11.22,10199
14-Jun-12,11.29,11.31,11.25,11.27,53235
13-Jun-12,11.29,11.31,11.23,11.30,76936
12-Jun-12,11.30,11.37,11.29,11.37,37326
11-Jun-12,11.27,11.39,11.26,11.30,70749
8-Jun-12,11.23,11.29,11.21,11.29,18848
7-Jun-12,11.21,11.28,11.17,11.28,39656
6-Jun-12,11.13,11.23,11.11,11.17,25487
5-Jun-12,11.16,11.19,11.10,11.13,33687
4-Jun-12,11.17,11.22,11.15,11.19,34567
1-Jun-12,11.18,11.25,11.18,11.20,18058
31-May-12,11.30,11.34,11.20,11.27,50729
30-May-12,11.28,11.31,11.25,11.29,26067
29-May-12,11.39,11.40,11.30,11.30,32803
25-May-12,11.23,11.36,11.21,11.36,73145
24-May-12,11.19,11.26,11.17,11.22,65479
23-May-12,11.17,11.21,11.14,11.21,69824
22-May-12,11.12,11.21,11.12,11.19,33876
21-May-12,11.14,11.24,11.12,11.17,47448
18-May-12,11.15,11.18,11.11,11.15,29035
17-May-12,11.29,11.31,11.13,11.15,63240
16-May-12,11.27,11.35,11.27,11.30,48706
15-May-12,11.42,11.45,11.26,11.28,81410
14-May-12,11.36,11.44,11.34,11.40,79900
11-May-12,11.35,11.40,11.34,11.39,27605
10-May-12,11.41,11.42,11.40,11.42,28404
9-May-12,11.40,11.43,11.39,11.41,17457
8-May-12,11.43,11.43,11.37,11.42,39010
7-May-12,11.28,11.41,11.28,11.40,32805
4-May-12,11.38,11.43,11.34,11.35,49903
3-May-12,11.41,11.45,11.38,11.38,45696
2-May-12,11.41,11.45,11.40,11.43,18830
1-May-12,11.39,11.44,11.39,11.43,21308
30-Apr-12,11.43,11.43,11.39,11.43,56073
27-Apr-12,11.40,11.42,11.39,11.41,34168
26-Apr-12,11.32,11.40,11.32,11.40,46942
25-Apr-12,11.36,11.36,11.29,11.35,34787
24-Apr-12,11.34,11.34,11.29,11.33,38667
23-Apr-12,11.28,11.35,11.27,11.35,36272
20-Apr-12,11.28,11.33,11.27,11.31,22761
19-Apr-12,11.27,11.29,11.26,11.29,27899
18-Apr-12,11.22,11.25,11.22,11.25,51315
17-Apr-12,11.32,11.32,11.21,11.26,25106
16-Apr-12,11.23,11.25,11.20,11.22,12354
13-Apr-12,11.20,11.24,11.20,11.24,29806
12-Apr-12,11.16,11.27,11.16,11.21,15757
11-Apr-12,11.20,11.25,11.18,11.23,23791
10-Apr-12,11.20,11.20,11.14,11.18,20027
9-Apr-12,11.15,11.21,11.14,11.16,25146
5-Apr-12,11.20,11.26,11.18,11.20,31453
4-Apr-12,11.26,11.26,11.16,11.16,36105
3-Apr-12,11.21,11.30,11.21,11.26,64572
2-Apr-12,11.24,11.27,11.20,11.22,42984
30-Mar-12,11.29,11.30,11.23,11.23,108647
29-Mar-12,11.29,11.31,11.24,11.30,43338
28-Mar-12,11.31,11.33,11.27,11.32,42645
27-Mar-12,11.29,11.33,11.24,11.33,42800
26-Mar-12,11.31,11.32,11.21,11.28,44348
23-Mar-12,11.21,11.32,11.21,11.32,58033
22-Mar-12,11.23,11.26,11.20,11.23,45377
21-Mar-12,11.21,11.25,11.16,11.23,49720
20-Mar-12,11.25,11.28,11.15,11.24,51279
19-Mar-12,11.11,11.25,11.11,11.25,74454
16-Mar-12,11.16,11.21,11.10,11.13,64070
15-Mar-12,11.24,11.25,11.16,11.20,37668
14-Mar-12,11.33,11.33,11.24,11.26,37194
13-Mar-12,11.33,11.36,11.30,11.35,18555
12-Mar-12,11.42,11.43,11.37,11.38,17769
9-Mar-12,11.41,11.45,11.41,11.43,25437
8-Mar-12,11.38,11.43,11.36,11.43,36304
7-Mar-12,11.26,11.40,11.26,11.39,67858
6-Mar-12,11.27,11.33,11.26,11.27,38407
5-Mar-12,11.37,11.39,11.33,11.35,39761
2-Mar-12,11.34,11.39,11.34,11.37,37558
1-Mar-12,11.36,11.39,11.36,11.37,31012
29-Feb-12,11.34,11.39,11.33,11.38,52147
28-Feb-12,11.27,11.38,11.27,11.34,84103
27-Feb-12,11.28,11.30,11.25,11.29,25952
24-Feb-12,11.24,11.30,11.24,11.28,35226
23-Feb-12,11.27,11.29,11.24,11.26,44937
22-Feb-12,11.21,11.30,11.21,11.28,67032
21-Feb-12,11.24,11.26,11.22,11.25,24492
17-Feb-12,11.29,11.31,11.25,11.25,64429
16-Feb-12,11.20,11.31,11.19,11.29,97404
15-Feb-12,11.24,11.25,11.20,11.20,59116
14-Feb-12,11.24,11.26,11.22,11.25,74963
13-Feb-12,11.16,11.25,11.16,11.25,29031
10-Feb-12,11.18,11.22,11.17,11.22,48151
9-Feb-12,11.22,11.23,11.20,11.20,45952
8-Feb-12,11.23,11.24,11.18,11.24,64761
7-Feb-12,11.12,11.25,11.12,11.24,87747
6-Feb-12,11.09,11.15,11.07,11.15,67036
3-Feb-12,11.11,11.14,11.08,11.11,70602
2-Feb-12,11.08,11.15,11.08,11.12,94581
1-Feb-12,11.07,11.12,11.06,11.11,47972
31-Jan-12,11.07,11.09,11.05,11.07,60507
30-Jan-12,11.07,11.11,11.05,11.08,45601
27-Jan-12,10.98,11.09,10.98,11.09,39681
26-Jan-12,10.97,11.00,10.95,10.99,46150
25-Jan-12,10.83,10.97,10.81,10.97,162944
24-Jan-12,10.77,10.86,10.76,10.83,103096
23-Jan-12,10.67,10.81,10.66,10.78,195659
20-Jan-12,10.68,10.73,10.66,10.71,58386
19-Jan-12,10.67,10.72,10.65,10.70,164454
18-Jan-12,10.61,10.70,10.60,10.70,53901
17-Jan-12,10.67,10.68,10.61,10.62,60542
13-Jan-12,10.69,10.69,10.69,10.69,0
12-Jan-12,10.64,10.70,10.64,10.66,78817
11-Jan-12,10.65,10.69,10.64,10.66,31840
10-Jan-12,10.63,10.70,10.63,10.69,183745
9-Jan-12,10.64,10.65,10.62,10.62,47025
6-Jan-12,10.55,10.62,10.54,10.60,54464
5-Jan-12,10.50,10.59,10.50,10.57,98923
4-Jan-12,10.59,11.16,10.50,10.51,323034
3-Jan-12,10.56,10.67,10.56,10.61,65968
30-Dec-11,10.54,10.54,10.54,10.54,0
29-Dec-11,10.49,10.59,10.49,10.58,42383
28-Dec-11,10.50,10.51,10.49,10.51,49324
27-Dec-11,10.59,10.61,10.53,10.56,49819
23-Dec-11,10.59,10.59,10.59,10.59,0
22-Dec-11,10.46,10.63,10.46,10.59,79055
21-Dec-11,10.40,10.49,10.40,10.49,50787
20-Dec-11,10.41,10.47,10.40,10.44,39854
19-Dec-11,10.44,10.44,10.38,10.42,104425
16-Dec-11,10.34,10.42,10.34,10.42,71100
15-Dec-11,10.37,10.38,10.35,10.35,45265
14-Dec-11,10.35,10.38,10.34,10.37,58722
13-Dec-11,10.34,10.35,10.31,10.34,72806
12-Dec-11,10.39,10.39,10.31,10.32,123654
9-Dec-11,10.40,10.45,10.40,10.42,60844
8-Dec-11,10.32,10.40,10.26,10.39,51526
7-Dec-11,10.37,10.41,10.36,10.41,56479
6-Dec-11,10.34,10.38,10.33,10.38,56707
5-Dec-11,10.29,10.34,10.29,10.34,59318
2-Dec-11,10.26,10.29,10.23,10.26,40948
1-Dec-11,10.33,10.33,10.21,10.24,54831
30-Nov-11,10.33,10.35,10.26,10.30,63875
29-Nov-11,10.25,10.25,10.21,10.23,58077
28-Nov-11,10.19,10.24,10.18,10.24,34213
25-Nov-11,10.10,10.15,10.06,10.14,24053
23-Nov-11,10.05,10.05,10.05,10.05,0
22-Nov-11,10.15,10.23,10.15,10.16,35848
21-Nov-11,10.16,10.19,10.09,10.15,44140
18-Nov-11,10.27,10.32,10.22,10.23,43572
17-Nov-11,10.30,10.32,10.22,10.23,46325
16-Nov-11,10.30,10.33,10.26,10.28,56524
15-Nov-11,10.35,10.35,10.28,10.28,28251
14-Nov-11,10.32,10.35,10.30,10.33,47957
11-Nov-11,10.35,10.37,10.28,10.34,25579
10-Nov-11,10.31,10.36,10.27,10.32,28073
9-Nov-11,10.38,10.41,10.33,10.37,41069
8-Nov-11,10.42,10.50,10.42,10.47,29660
7-Nov-11,10.36,10.46,10.36,10.44,26188
4-Nov-11,10.37,10.50,10.35,10.40,49976
3-Nov-11,10.56,10.62,10.47,10.47,69248
2-Nov-11,10.46,10.59,10.46,10.59,21898
1-Nov-11,10.44,10.52,10.29,10.45,40266
31-Oct-11,10.47,10.55,10.47,10.53,55471
28-Oct-11,10.41,10.56,10.39,10.50,107359
27-Oct-11,10.36,10.46,10.36,10.46,73601
26-Oct-11,10.17,10.34,10.17,10.33,77923
25-Oct-11,10.20,10.21,10.15,10.16,65034
24-Oct-11,10.15,10.25,10.12,10.20,31642
21-Oct-11,10.07,10.16,10.05,10.16,52445
20-Oct-11,10.03,10.09,10.01,10.05,47703
19-Oct-11,9.97,10.06,9.97,9.99,27898
18-Oct-11,9.92,10.02,9.92,10.01,42368
17-Oct-11,9.97,9.97,9.92,9.95,31906
14-Oct-11,9.88,9.94,9.85,9.94,54633
13-Oct-11,9.86,9.88,9.83,9.85,39386
12-Oct-11,9.84,9.89,9.81,9.89,140431
11-Oct-11,9.92,9.97,9.88,9.92,107375
10-Oct-11,9.84,9.98,9.84,9.92,95277
7-Oct-11,9.81,9.84,9.77,9.82,59782
6-Oct-11,9.79,9.84,9.72,9.83,132623
5-Oct-11,9.75,9.85,9.71,9.80,53695
4-Oct-11,9.83,9.84,9.74,9.79,79059
3-Oct-11,9.82,9.93,9.75,9.83,60179
30-Sep-11,10.09,10.09,9.88,9.88,54462
