Date,Open,High,Low,Close,Volume
26-Sep-12,20.39,20.46,20.14,20.39,260612
25-Sep-12,20.54,20.62,20.32,20.39,151042
24-Sep-12,20.46,20.58,20.24,20.47,122162
21-Sep-12,20.96,20.96,20.48,20.55,142926
20-Sep-12,20.74,20.79,20.49,20.69,32460
19-Sep-12,20.92,20.92,20.70,20.79,33491
18-Sep-12,20.47,20.90,20.22,20.89,26831
17-Sep-12,20.47,20.58,16.88,20.55,38890
14-Sep-12,20.71,20.81,20.39,20.56,41146
13-Sep-12,19.95,20.75,19.87,20.60,61057
12-Sep-12,20.09,20.15,19.76,19.90,31013
11-Sep-12,20.41,20.41,19.99,20.10,24999
10-Sep-12,20.53,20.62,20.30,20.41,33652
7-Sep-12,20.51,20.60,20.44,20.58,302399
6-Sep-12,19.92,20.59,19.80,20.58,360006
5-Sep-12,19.55,20.00,19.42,19.83,130990
4-Sep-12,19.05,19.65,18.90,19.59,178154
31-Aug-12,18.85,19.09,18.80,19.01,106583
30-Aug-12,18.75,19.08,18.67,18.79,102729
29-Aug-12,18.55,18.79,18.38,18.75,128843
28-Aug-12,18.33,18.68,18.22,18.55,117283
27-Aug-12,18.41,18.52,18.16,18.33,116625
24-Aug-12,18.23,18.53,18.03,18.36,68887
23-Aug-12,18.29,18.36,18.11,18.32,186999
22-Aug-12,18.58,18.58,18.26,18.34,60932
21-Aug-12,19.14,19.21,18.50,18.63,123021
20-Aug-12,19.48,19.48,18.99,19.09,174711
17-Aug-12,19.38,19.60,19.15,19.58,98366
16-Aug-12,19.09,19.50,18.82,19.43,165590
15-Aug-12,18.65,19.13,18.65,19.06,200266
14-Aug-12,18.42,18.71,18.25,18.61,202455
13-Aug-12,18.36,18.59,18.06,18.31,153324
10-Aug-12,18.55,18.55,18.24,18.41,144536
9-Aug-12,18.64,18.93,18.37,18.62,229260
8-Aug-12,19.13,19.21,18.66,18.69,156537
7-Aug-12,19.59,19.65,19.23,19.27,107492
6-Aug-12,19.52,19.79,19.19,19.54,197113
3-Aug-12,19.53,20.13,19.37,19.70,186966
2-Aug-12,19.46,19.79,19.26,19.43,202773
1-Aug-12,20.46,20.64,19.25,19.80,885777
31-Jul-12,18.86,19.11,18.29,18.58,347309
30-Jul-12,19.71,19.85,18.52,18.94,479912
27-Jul-12,19.82,20.62,19.62,20.50,130932
26-Jul-12,19.82,20.00,19.55,19.77,148447
25-Jul-12,19.40,19.94,19.31,19.50,132102
24-Jul-12,19.71,19.92,19.17,19.27,148293
23-Jul-12,19.85,19.85,19.35,19.70,202488
20-Jul-12,20.25,20.48,20.10,20.24,168068
19-Jul-12,20.65,20.65,19.92,20.45,143032
18-Jul-12,20.38,20.60,20.21,20.54,124783
17-Jul-12,20.51,20.60,20.33,20.44,93513
16-Jul-12,20.27,20.46,20.20,20.46,96152
13-Jul-12,20.30,20.52,20.22,20.33,102961
12-Jul-12,20.00,20.27,19.78,20.24,95542
11-Jul-12,20.23,20.25,19.78,20.15,135089
10-Jul-12,20.37,20.52,20.12,20.22,165253
9-Jul-12,19.97,20.36,19.80,20.27,85783
6-Jul-12,20.22,20.41,19.80,20.01,91979
5-Jul-12,19.97,20.54,19.97,20.47,170057
3-Jul-12,20.28,20.28,19.89,19.97,314496
2-Jul-12,19.79,20.24,19.68,20.22,126155
29-Jun-12,20.00,20.07,19.00,19.82,262995
28-Jun-12,19.01,19.58,18.93,19.57,175358
27-Jun-12,19.17,19.28,19.14,19.25,58750
26-Jun-12,19.08,19.47,19.04,19.12,105059
25-Jun-12,18.70,19.20,18.68,19.10,111638
22-Jun-12,18.88,19.01,18.70,19.00,211678
21-Jun-12,19.13,19.26,18.74,18.81,288331
20-Jun-12,19.01,19.26,18.92,19.20,129702
19-Jun-12,18.93,19.35,18.84,18.96,176572
18-Jun-12,18.69,18.97,18.67,18.81,254358
15-Jun-12,18.66,18.88,18.44,18.79,252886
14-Jun-12,18.15,18.80,18.15,18.73,211115
13-Jun-12,18.30,18.51,17.92,18.15,132891
12-Jun-12,18.38,18.48,18.05,18.32,189257
11-Jun-12,18.40,18.40,18.22,18.26,218698
8-Jun-12,17.90,18.42,17.82,18.32,252140
7-Jun-12,18.05,18.14,17.83,17.95,353999
6-Jun-12,17.29,17.84,17.29,17.78,141685
5-Jun-12,16.79,17.24,16.63,17.20,152488
4-Jun-12,15.85,16.99,15.81,16.94,310303
1-Jun-12,16.55,16.72,15.92,15.95,191094
31-May-12,16.49,17.10,16.41,16.84,212284
30-May-12,16.68,16.73,16.45,16.51,287804
29-May-12,16.90,17.00,16.68,16.86,130981
25-May-12,16.86,16.86,16.51,16.83,124660
24-May-12,16.94,17.10,16.66,16.90,61263
23-May-12,16.89,17.00,16.66,16.88,79049
22-May-12,17.15,17.52,16.91,17.06,216773
21-May-12,16.80,17.17,16.67,17.11,230432
18-May-12,16.87,17.08,16.67,16.80,319291
17-May-12,17.01,17.29,16.88,16.90,279433
16-May-12,17.26,17.34,16.91,17.05,223066
15-May-12,17.23,17.42,17.03,17.16,176790
14-May-12,17.00,17.29,16.98,17.19,273553
11-May-12,17.28,17.49,17.13,17.21,720019
10-May-12,17.36,17.50,17.28,17.39,417844
9-May-12,17.16,17.30,17.10,17.19,138531
8-May-12,17.31,17.56,17.10,17.39,182254
7-May-12,17.48,17.56,17.28,17.47,322624
4-May-12,17.86,18.00,17.47,17.54,455158
3-May-12,18.08,18.19,17.74,18.00,737136
2-May-12,18.31,18.94,18.17,18.20,563130
1-May-12,18.65,19.06,18.19,18.64,962521
30-Apr-12,16.07,20.20,15.99,18.77,3625948
27-Apr-12,14.55,15.72,14.44,15.18,875888
26-Apr-12,13.90,13.98,13.74,13.90,181458
25-Apr-12,13.74,14.04,13.54,13.98,250075
24-Apr-12,13.17,13.61,13.14,13.54,297996
23-Apr-12,13.12,13.38,13.00,13.20,219071
20-Apr-12,13.52,13.59,13.25,13.36,124191
19-Apr-12,13.64,13.77,13.25,13.34,201563
18-Apr-12,13.76,13.85,13.51,13.63,91071
17-Apr-12,13.57,14.03,13.57,13.79,272841
16-Apr-12,13.69,13.69,13.51,13.52,76626
13-Apr-12,13.75,13.84,13.56,13.62,102171
12-Apr-12,13.69,13.95,13.65,13.83,80723
11-Apr-12,13.74,13.82,13.65,13.71,170823
10-Apr-12,13.90,13.96,13.48,13.59,191232
9-Apr-12,13.92,14.03,13.71,13.91,234853
5-Apr-12,14.15,14.27,14.09,14.14,73376
4-Apr-12,14.41,14.56,14.21,14.23,268246
3-Apr-12,14.78,14.86,14.46,14.56,156075
2-Apr-12,14.37,14.87,14.37,14.80,192877
30-Mar-12,14.56,14.59,14.37,14.38,161496
29-Mar-12,14.52,14.56,14.31,14.44,105184
28-Mar-12,14.75,14.81,14.40,14.62,165613
27-Mar-12,14.84,15.00,14.67,14.73,302355
26-Mar-12,14.80,15.05,14.75,14.87,431318
23-Mar-12,14.52,14.71,14.45,14.67,205080
22-Mar-12,14.55,14.67,14.40,14.55,138577
21-Mar-12,14.75,14.75,14.47,14.66,94358
20-Mar-12,15.07,15.07,14.57,14.74,166294
19-Mar-12,14.66,15.25,14.49,15.09,217281
16-Mar-12,14.70,14.90,14.55,14.70,169591
15-Mar-12,14.35,14.75,14.15,14.67,463879
14-Mar-12,14.34,14.39,14.24,14.29,72050
13-Mar-12,13.85,14.40,13.62,14.33,220404
12-Mar-12,13.75,13.80,13.46,13.74,114365
9-Mar-12,13.59,14.05,13.56,13.75,76928
8-Mar-12,13.64,13.84,13.40,13.62,66045
7-Mar-12,13.56,13.60,13.36,13.56,114790
6-Mar-12,13.61,13.75,13.40,13.51,132860
5-Mar-12,13.94,13.94,13.64,13.83,83150
2-Mar-12,14.01,14.48,13.74,13.99,424671
1-Mar-12,13.50,14.15,13.41,14.05,347927
29-Feb-12,13.75,14.07,13.44,13.47,336192
28-Feb-12,13.82,14.05,13.61,13.74,303005
27-Feb-12,13.79,13.92,13.52,13.86,151207
24-Feb-12,13.00,14.08,12.82,13.95,201824
23-Feb-12,12.91,13.05,12.74,12.97,128287
22-Feb-12,13.00,13.26,12.74,12.89,71595
21-Feb-12,13.56,13.67,12.98,13.03,95716
17-Feb-12,13.62,13.69,13.54,13.60,95554
16-Feb-12,13.12,13.62,13.03,13.61,80799
15-Feb-12,13.23,13.23,13.00,13.11,104321
14-Feb-12,13.21,13.32,13.11,13.15,114943
13-Feb-12,13.24,13.38,13.00,13.28,149472
10-Feb-12,13.06,13.48,12.92,13.06,148699
9-Feb-12,13.47,13.59,13.12,13.15,164175
8-Feb-12,13.25,13.25,13.25,13.25,0
7-Feb-12,13.55,13.82,13.47,13.54,116521
6-Feb-12,13.62,13.62,13.62,13.62,0
3-Feb-12,13.99,13.99,13.63,13.69,219042
2-Feb-12,12.92,13.82,12.79,13.74,521681
1-Feb-12,12.43,12.88,12.36,12.86,218647
31-Jan-12,12.26,12.45,12.04,12.38,174839
30-Jan-12,11.93,12.18,11.83,12.15,144336
27-Jan-12,11.84,12.03,11.84,12.02,90661
26-Jan-12,11.78,12.04,11.78,11.89,155476
25-Jan-12,11.62,11.78,11.47,11.73,82914
24-Jan-12,11.40,11.73,11.35,11.60,130321
23-Jan-12,11.56,11.64,11.34,11.43,64617
20-Jan-12,11.83,11.91,11.50,11.55,142531
19-Jan-12,11.92,12.17,11.82,11.87,455098
18-Jan-12,11.79,11.92,11.68,11.91,149073
17-Jan-12,12.01,12.01,12.01,12.01,0
13-Jan-12,11.87,11.87,11.87,11.87,0
12-Jan-12,12.01,12.11,11.72,11.89,101814
11-Jan-12,11.93,12.03,11.86,11.98,125082
10-Jan-12,11.95,11.95,11.95,11.95,0
9-Jan-12,12.61,12.80,11.82,11.89,534537
6-Jan-12,12.48,12.62,12.31,12.52,164880
5-Jan-12,12.47,12.59,12.41,12.54,101321
4-Jan-12,12.64,12.77,12.48,12.55,132922
3-Jan-12,12.89,12.90,12.65,12.73,215914
30-Dec-11,12.64,12.64,12.64,12.64,0
29-Dec-11,12.57,12.71,12.52,12.67,150116
28-Dec-11,12.53,12.53,12.53,12.53,0
27-Dec-11,12.74,12.97,12.72,12.81,79778
23-Dec-11,12.75,12.75,12.75,12.75,0
22-Dec-11,12.85,12.97,12.61,12.72,328461
21-Dec-11,12.62,12.62,12.62,12.62,0
20-Dec-11,13.36,13.85,13.36,13.73,200636
19-Dec-11,13.37,13.60,13.15,13.15,168820
16-Dec-11,13.44,13.54,13.21,13.30,292987
15-Dec-11,12.99,13.43,12.95,13.36,289959
14-Dec-11,12.85,12.85,12.85,12.85,0
13-Dec-11,12.86,13.09,12.68,12.83,244559
12-Dec-11,12.82,12.82,12.82,12.82,0
9-Dec-11,12.04,13.28,12.04,13.28,557907
8-Dec-11,11.00,12.15,10.86,12.05,1300138
7-Dec-11,12.05,12.33,11.89,12.20,166242
6-Dec-11,11.72,12.14,11.63,12.00,157541
5-Dec-11,11.71,11.83,11.50,11.73,108796
2-Dec-11,11.53,11.53,11.53,11.53,0
1-Dec-11,10.92,11.32,10.79,11.21,330479
30-Nov-11,11.24,11.24,10.89,10.96,400996
29-Nov-11,10.78,11.00,10.47,10.82,388808
28-Nov-11,10.84,10.84,10.84,10.84,0
25-Nov-11,10.41,10.47,10.10,10.15,159549
23-Nov-11,10.43,10.43,10.43,10.43,0
22-Nov-11,10.48,11.02,10.48,10.69,513344
21-Nov-11,10.52,10.52,10.52,10.52,0
18-Nov-11,10.86,10.92,10.58,10.59,161959
17-Nov-11,11.29,11.40,10.69,10.84,189791
16-Nov-11,11.34,11.77,11.29,11.32,258838
15-Nov-11,11.18,11.52,11.18,11.46,110011
14-Nov-11,11.43,11.52,11.18,11.26,70985
11-Nov-11,11.22,11.53,11.22,11.46,104374
10-Nov-11,11.31,11.31,11.31,11.31,0
9-Nov-11,11.50,11.80,11.34,11.38,135964
8-Nov-11,11.55,11.84,11.37,11.78,71591
7-Nov-11,11.40,11.52,11.22,11.48,56408
4-Nov-11,11.43,11.58,11.31,11.45,156100
3-Nov-11,11.37,11.62,11.16,11.58,122786
2-Nov-11,11.16,11.39,11.00,11.25,166581
1-Nov-11,11.00,11.00,11.00,11.00,0
31-Oct-11,11.69,11.83,11.51,11.51,182457
28-Oct-11,12.28,12.55,11.91,11.96,300816
27-Oct-11,11.75,12.43,11.63,12.34,259666
26-Oct-11,11.82,11.92,10.60,11.37,518069
25-Oct-11,11.57,11.57,11.57,11.57,0
24-Oct-11,11.59,12.06,11.59,11.95,142766
21-Oct-11,11.57,11.61,11.34,11.59,126049
20-Oct-11,11.52,11.66,11.22,11.36,140106
19-Oct-11,11.47,11.47,11.47,11.47,0
18-Oct-11,10.75,11.54,10.75,11.39,394841
17-Oct-11,10.87,11.10,10.39,10.45,164271
14-Oct-11,10.91,10.91,10.91,10.91,0
13-Oct-11,10.40,10.62,10.36,10.53,97921
12-Oct-11,10.49,10.49,10.49,10.49,0
11-Oct-11,10.51,10.79,10.51,10.57,137056
10-Oct-11,10.64,10.65,10.35,10.63,136203
7-Oct-11,10.48,10.48,10.48,10.48,0
6-Oct-11,10.58,10.62,10.43,10.58,96360
5-Oct-11,10.55,10.71,10.38,10.58,172242
4-Oct-11,9.68,10.64,9.68,10.59,217616
3-Oct-11,10.35,10.50,9.75,9.76,211189
30-Sep-11,10.35,10.66,10.35,10.47,118963
29-Sep-11,10.27,10.27,10.27,10.27,0
