Date,Open,High,Low,Close,Volume
26-Sep-12,4.26,4.26,3.75,3.81,1159237
25-Sep-12,4.48,4.48,4.28,4.31,261843
24-Sep-12,4.42,4.49,4.35,4.47,188928
21-Sep-12,4.46,4.52,4.37,4.44,47448
20-Sep-12,4.32,4.60,4.23,4.48,82568
19-Sep-12,4.58,4.58,4.22,4.29,114071
18-Sep-12,4.65,4.65,4.51,4.55,37949
17-Sep-12,4.56,4.70,4.55,4.67,37835
14-Sep-12,4.63,4.70,4.61,4.61,76706
13-Sep-12,4.65,4.71,4.60,4.67,22583
12-Sep-12,4.73,4.78,4.60,4.69,34981
11-Sep-12,4.79,4.87,4.73,4.73,23235
10-Sep-12,4.67,4.89,4.67,4.77,44639
7-Sep-12,4.63,4.75,4.61,4.68,142738
6-Sep-12,4.72,4.77,4.55,4.65,395791
5-Sep-12,4.58,4.70,4.55,4.69,321044
4-Sep-12,4.54,4.65,4.48,4.61,319008
31-Aug-12,4.57,4.64,4.40,4.54,515409
30-Aug-12,4.73,4.77,4.42,4.48,501528
29-Aug-12,4.83,4.86,4.58,4.71,443079
28-Aug-12,4.92,5.10,4.63,4.76,468015
27-Aug-12,4.89,4.99,4.76,4.84,305762
24-Aug-12,4.82,5.07,4.82,4.89,915416
23-Aug-12,4.50,5.10,4.43,4.84,844927
22-Aug-12,4.56,4.60,4.48,4.51,340167
21-Aug-12,4.63,4.68,4.45,4.55,455547
20-Aug-12,4.67,4.69,4.47,4.53,453776
17-Aug-12,4.53,4.70,4.53,4.67,356034
16-Aug-12,4.47,4.65,4.43,4.55,478254
15-Aug-12,4.51,4.59,4.42,4.51,257688
14-Aug-12,4.46,4.73,4.45,4.59,445613
13-Aug-12,4.66,4.66,4.40,4.46,371649
10-Aug-12,4.50,4.86,4.50,4.66,607851
9-Aug-12,4.38,4.62,4.23,4.50,325562
8-Aug-12,4.67,4.77,4.35,4.44,551734
7-Aug-12,4.53,4.92,4.52,4.74,717754
6-Aug-12,4.52,4.75,4.47,4.52,693255
3-Aug-12,4.88,4.98,4.37,4.50,1072835
2-Aug-12,3.76,4.65,3.70,4.58,1247456
1-Aug-12,3.95,3.98,3.71,3.84,428831
31-Jul-12,3.62,3.98,3.62,3.95,702169
30-Jul-12,3.45,3.72,3.40,3.66,618969
27-Jul-12,3.41,3.47,3.34,3.42,367616
26-Jul-12,3.69,3.71,3.33,3.46,685819
25-Jul-12,3.11,3.75,3.06,3.64,1612782
24-Jul-12,2.80,2.95,2.75,2.92,504545
23-Jul-12,3.02,3.02,2.72,2.74,805074
20-Jul-12,3.10,3.23,2.92,3.04,678704
19-Jul-12,3.83,3.95,3.03,3.10,1365540
18-Jul-12,3.92,3.99,3.76,3.85,188018
17-Jul-12,3.94,3.99,3.79,3.85,168931
16-Jul-12,3.80,4.06,3.71,3.91,287990
13-Jul-12,3.91,4.05,3.83,3.86,265009
12-Jul-12,4.12,4.14,3.90,3.98,375295
11-Jul-12,3.92,4.15,3.71,4.05,406426
10-Jul-12,4.21,4.21,3.73,3.78,389957
9-Jul-12,4.21,4.38,4.05,4.21,474458
6-Jul-12,4.10,4.35,3.92,4.28,594029
5-Jul-12,4.18,4.18,3.90,4.17,478703
3-Jul-12,3.83,4.19,3.77,4.16,378131
2-Jul-12,3.93,3.94,3.63,3.85,467285
29-Jun-12,4.07,4.08,3.71,3.89,394424
28-Jun-12,3.90,4.06,3.61,3.79,580465
27-Jun-12,3.57,3.96,3.53,3.96,533915
26-Jun-12,3.95,3.99,3.50,3.54,790882
25-Jun-12,4.02,4.04,3.91,3.93,628419
22-Jun-12,4.28,4.34,3.78,4.08,1385682
21-Jun-12,4.30,4.75,4.15,4.24,2377743
20-Jun-12,3.73,4.60,3.61,4.25,3390539
19-Jun-12,3.38,3.84,3.37,3.67,1744590
18-Jun-12,3.00,3.46,2.90,3.35,1603372
15-Jun-12,2.74,2.97,2.65,2.94,662223
14-Jun-12,2.71,2.76,2.62,2.74,470659
13-Jun-12,2.41,3.12,2.39,2.72,1390429
12-Jun-12,2.43,2.47,2.31,2.40,526458
11-Jun-12,2.56,2.56,2.39,2.40,297035
8-Jun-12,2.30,2.42,2.28,2.39,209534
7-Jun-12,2.37,2.49,2.22,2.30,360707
6-Jun-12,2.16,2.50,2.16,2.37,870863
5-Jun-12,2.15,2.20,2.11,2.18,369229
4-Jun-12,2.08,2.14,2.00,2.11,483308
1-Jun-12,2.05,2.10,1.96,1.98,393002
31-May-12,2.20,2.24,1.96,2.12,940848
30-May-12,2.37,2.41,2.18,2.19,509426
29-May-12,2.40,2.40,2.27,2.35,325269
25-May-12,2.17,2.42,2.17,2.38,881172
24-May-12,2.33,2.33,2.12,2.16,468336
23-May-12,2.12,2.28,2.02,2.25,619619
22-May-12,2.11,2.34,2.10,2.10,1136449
21-May-12,2.06,2.18,1.95,2.08,1508760
18-May-12,2.09,2.11,1.90,2.02,947978
17-May-12,2.42,2.42,2.08,2.11,1322132
16-May-12,2.69,2.72,2.30,2.38,723194
15-May-12,2.72,2.89,2.59,2.62,713415
14-May-12,2.76,2.90,2.65,2.71,583641
11-May-12,2.80,2.88,2.68,2.76,407350
10-May-12,3.00,3.12,2.71,2.85,645220
9-May-12,2.64,3.05,2.56,2.92,1091719
8-May-12,2.65,2.66,2.40,2.64,866600
7-May-12,2.81,2.88,2.58,2.65,836834
4-May-12,2.55,3.18,2.53,2.80,3339160
3-May-12,3.02,3.30,2.52,2.53,7402833
2-May-12,5.66,5.80,5.38,5.78,1470016
1-May-12,5.66,5.88,5.60,5.69,458427
30-Apr-12,6.05,6.10,5.61,5.66,779042
27-Apr-12,6.23,6.25,5.90,6.06,831854
26-Apr-12,5.87,6.26,5.79,6.23,1197240
25-Apr-12,5.40,5.93,5.40,5.88,1024091
24-Apr-12,5.50,5.50,5.34,5.41,882389
23-Apr-12,5.53,5.77,5.27,5.57,905387
20-Apr-12,5.53,5.82,5.37,5.60,676369
19-Apr-12,5.67,5.90,5.35,5.51,822782
18-Apr-12,6.09,6.10,5.68,5.70,777930
17-Apr-12,5.69,6.17,5.60,6.07,888840
16-Apr-12,6.07,6.14,5.52,5.78,1351008
13-Apr-12,6.13,6.55,5.94,6.01,1612060
12-Apr-12,6.34,6.43,5.83,6.09,2139907
11-Apr-12,6.60,6.74,6.10,6.34,2856726
10-Apr-12,6.47,6.62,5.94,6.02,2335166
9-Apr-12,7.07,7.13,6.36,6.37,3055388
5-Apr-12,8.08,8.09,7.05,7.35,3006091
4-Apr-12,8.40,8.49,7.89,8.03,1384742
3-Apr-12,8.42,8.74,7.69,8.34,6420385
2-Apr-12,11.60,11.98,9.15,9.37,3818375
30-Mar-12,11.95,12.13,11.45,11.60,399120
29-Mar-12,12.20,12.30,11.63,11.95,660374
28-Mar-12,12.44,12.84,12.17,12.39,546266
27-Mar-12,12.68,12.97,12.31,12.37,853345
26-Mar-12,12.08,12.79,11.88,12.56,1450196
23-Mar-12,11.46,11.67,10.85,11.62,492369
22-Mar-12,11.47,11.67,11.20,11.36,364350
21-Mar-12,11.23,11.63,11.15,11.49,401151
20-Mar-12,11.70,11.70,11.14,11.15,441470
19-Mar-12,11.99,12.38,11.58,11.70,436216
16-Mar-12,11.96,12.23,11.70,12.14,434916
15-Mar-12,11.74,12.19,11.30,11.94,582976
14-Mar-12,12.05,12.80,11.74,11.78,692641
13-Mar-12,12.12,12.30,11.70,12.03,534945
12-Mar-12,12.19,12.40,12.00,12.11,362275
9-Mar-12,12.47,12.51,12.11,12.14,607394
8-Mar-12,11.91,12.80,11.68,12.58,1308456
7-Mar-12,11.98,12.06,11.55,11.68,542738
6-Mar-12,11.45,12.08,11.09,11.91,1231462
5-Mar-12,11.60,11.75,11.17,11.36,474959
2-Mar-12,11.00,11.78,10.99,11.60,674951
1-Mar-12,10.40,11.20,10.37,11.05,656136
29-Feb-12,11.16,11.24,10.13,10.40,758413
28-Feb-12,11.55,11.75,10.91,11.10,731453
27-Feb-12,11.77,12.09,11.35,11.51,857688
24-Feb-12,10.94,11.82,10.73,11.78,1342606
23-Feb-12,10.95,11.02,10.55,10.85,504817
22-Feb-12,11.30,11.49,11.03,11.05,329405
21-Feb-12,11.25,11.60,10.98,11.44,518790
17-Feb-12,11.54,11.60,11.15,11.20,427861
16-Feb-12,10.94,11.67,10.81,11.53,981498
15-Feb-12,10.98,11.00,10.50,10.91,458156
14-Feb-12,10.64,10.99,10.55,10.87,427074
13-Feb-12,11.00,11.09,10.67,10.76,452749
10-Feb-12,10.90,11.00,10.29,10.92,952171
9-Feb-12,10.41,11.32,10.18,11.05,1407344
8-Feb-12,9.48,10.93,9.37,10.34,3242928
7-Feb-12,8.76,8.99,8.53,8.74,786729
6-Feb-12,8.72,9.07,8.64,8.70,550342
3-Feb-12,8.43,8.85,8.19,8.72,692154
2-Feb-12,8.62,8.69,8.16,8.21,625986
1-Feb-12,8.85,8.85,8.50,8.63,459235
31-Jan-12,9.01,9.01,8.65,8.76,171523
30-Jan-12,8.56,8.56,8.56,8.56,0
27-Jan-12,8.65,8.85,8.65,8.69,154593
26-Jan-12,8.94,8.94,8.94,8.94,0
25-Jan-12,8.97,9.15,8.81,8.96,279268
24-Jan-12,8.75,9.19,8.55,8.93,342600
23-Jan-12,8.70,8.97,8.60,8.76,195780
20-Jan-12,8.81,9.00,8.55,8.71,379869
19-Jan-12,8.84,8.84,8.84,8.84,0
18-Jan-12,8.68,8.84,8.52,8.74,319899
17-Jan-12,9.30,9.30,8.65,8.73,573566
13-Jan-12,9.14,9.14,9.14,9.14,0
12-Jan-12,8.25,8.96,8.15,8.83,1583142
11-Jan-12,7.38,8.11,7.30,8.08,582540
10-Jan-12,7.40,7.55,7.29,7.34,192743
9-Jan-12,7.40,7.42,7.21,7.27,185690
6-Jan-12,7.13,7.61,7.10,7.32,490726
5-Jan-12,7.02,7.36,7.00,7.08,346654
4-Jan-12,7.15,7.27,6.96,7.02,224674
3-Jan-12,7.48,7.67,7.00,7.19,435551
30-Dec-11,7.25,7.25,7.25,7.25,0
29-Dec-11,7.27,7.27,7.27,7.27,0
28-Dec-11,7.40,7.48,7.11,7.20,189070
27-Dec-11,8.01,8.08,7.41,7.44,265929
23-Dec-11,8.07,8.07,8.07,8.07,0
22-Dec-11,7.66,8.01,7.60,7.81,221712
21-Dec-11,7.41,7.75,7.25,7.69,245971
20-Dec-11,7.19,7.81,7.19,7.40,392887
19-Dec-11,7.22,7.22,7.22,7.22,0
16-Dec-11,7.32,7.50,7.01,7.14,299477
15-Dec-11,7.66,7.72,7.22,7.29,301966
14-Dec-11,7.62,7.62,7.62,7.62,0
13-Dec-11,8.17,8.38,7.88,7.97,288548
12-Dec-11,8.40,8.40,7.99,8.06,354207
9-Dec-11,8.39,8.67,8.29,8.56,416572
8-Dec-11,8.31,8.31,8.31,8.31,0
7-Dec-11,7.40,8.66,7.20,8.30,1275418
6-Dec-11,7.16,7.56,6.96,7.44,277073
5-Dec-11,7.38,7.63,7.10,7.20,284070
2-Dec-11,7.71,7.78,7.18,7.31,409581
1-Dec-11,7.29,7.76,7.18,7.69,544459
30-Nov-11,6.68,7.50,6.55,7.33,1272778
29-Nov-11,7.06,7.14,6.54,6.60,960607
28-Nov-11,7.66,7.85,7.07,7.11,416745
25-Nov-11,7.40,7.50,7.20,7.30,82105
23-Nov-11,7.47,7.47,7.47,7.47,0
22-Nov-11,7.66,8.18,7.62,7.98,403328
21-Nov-11,7.68,7.82,7.51,7.67,322985
18-Nov-11,7.94,7.99,7.51,7.93,563941
17-Nov-11,8.34,8.34,7.76,7.81,776954
16-Nov-11,9.08,9.08,8.34,8.36,651917
15-Nov-11,8.09,9.17,8.00,9.15,2062068
14-Nov-11,9.39,9.56,9.05,9.36,693365
11-Nov-11,8.01,9.75,7.80,9.55,1310030
10-Nov-11,8.88,8.94,7.88,8.17,682036
9-Nov-11,9.09,9.23,8.55,8.72,616080
8-Nov-11,9.32,9.67,9.06,9.32,221256
7-Nov-11,9.80,9.87,8.85,9.28,605576
4-Nov-11,10.06,10.15,9.80,9.95,144537
3-Nov-11,10.31,10.35,9.50,10.09,299053
2-Nov-11,10.04,10.35,9.90,10.25,187240
1-Nov-11,9.86,10.05,9.68,9.95,237307
31-Oct-11,10.48,10.51,10.05,10.11,410932
28-Oct-11,9.86,10.45,9.60,10.34,474108
27-Oct-11,10.54,10.54,10.54,10.54,0
26-Oct-11,11.17,11.42,10.78,11.11,269014
25-Oct-11,11.24,11.68,11.07,11.17,312013
24-Oct-11,11.88,12.50,11.03,11.23,1215426
21-Oct-11,11.29,11.92,11.01,11.90,387014
20-Oct-11,10.72,11.07,10.10,11.07,394291
19-Oct-11,11.97,12.20,10.74,10.78,357242
18-Oct-11,11.91,12.22,11.50,12.05,363127
17-Oct-11,11.51,12.12,11.25,11.98,534486
14-Oct-11,10.90,11.91,10.85,11.55,571779
13-Oct-11,10.10,10.80,9.60,10.68,453629
12-Oct-11,10.14,10.47,10.10,10.15,213928
11-Oct-11,9.94,9.94,9.94,9.94,0
10-Oct-11,9.61,10.45,9.31,10.05,345069
7-Oct-11,9.67,9.78,9.28,9.31,169699
6-Oct-11,9.49,9.80,9.29,9.49,262872
5-Oct-11,9.64,9.64,9.64,9.64,0
4-Oct-11,8.50,9.41,8.34,9.06,398307
3-Oct-11,9.08,9.08,9.08,9.08,0
30-Sep-11,9.37,9.55,9.13,9.25,178228
29-Sep-11,10.30,10.41,9.21,9.57,354966
