Date,Open,High,Low,Close,Volume
27-Sep-12,30.01,30.31,29.60,30.16,196839
26-Sep-12,30.15,30.23,29.59,29.74,103637
25-Sep-12,30.93,31.07,29.86,30.06,225523
24-Sep-12,31.02,31.02,30.55,30.70,129012
21-Sep-12,31.99,32.61,30.97,31.04,247828
20-Sep-12,31.68,32.12,30.94,31.52,260131
19-Sep-12,32.09,32.42,31.52,31.70,202008
18-Sep-12,31.99,32.56,31.63,31.79,104713
17-Sep-12,32.06,32.07,31.42,31.87,177615
14-Sep-12,32.76,32.97,31.92,32.03,288438
13-Sep-12,31.00,32.68,30.88,32.61,368170
12-Sep-12,32.65,33.28,31.94,32.60,329593
11-Sep-12,33.28,33.79,32.97,33.71,57524
10-Sep-12,34.62,34.68,33.04,33.24,101124
7-Sep-12,34.51,34.67,34.36,34.50,52847
6-Sep-12,33.98,34.52,33.88,34.32,93642
5-Sep-12,33.74,34.03,33.47,33.63,87957
4-Sep-12,33.80,34.24,33.34,34.02,86159
31-Aug-12,33.89,34.19,33.60,33.75,88200
30-Aug-12,33.59,33.71,33.35,33.52,80158
29-Aug-12,33.67,33.99,33.61,33.70,108728
28-Aug-12,33.49,33.61,33.33,33.47,135705
27-Aug-12,33.63,33.91,33.34,33.49,157858
24-Aug-12,33.54,33.68,33.00,33.41,325817
23-Aug-12,34.31,34.43,33.71,33.82,208686
22-Aug-12,34.70,34.96,34.11,34.23,180334
21-Aug-12,35.21,35.59,34.55,34.67,130687
20-Aug-12,35.93,35.94,34.87,35.03,87611
17-Aug-12,35.86,36.40,35.75,35.98,54391
16-Aug-12,35.67,36.73,35.20,35.80,76813
15-Aug-12,34.75,35.70,34.74,35.55,55856
14-Aug-12,34.69,34.88,34.59,34.86,29853
13-Aug-12,34.62,34.77,34.40,34.59,37378
10-Aug-12,34.69,34.89,34.54,34.79,38089
9-Aug-12,34.26,34.90,34.10,34.80,27538
8-Aug-12,34.31,34.37,34.09,34.36,18626
7-Aug-12,34.51,34.93,34.28,34.61,49305
6-Aug-12,34.25,34.61,34.15,34.32,25732
3-Aug-12,33.16,34.23,33.05,34.17,28711
2-Aug-12,32.29,32.85,31.76,32.79,73790
1-Aug-12,33.22,33.28,32.65,32.67,137209
31-Jul-12,33.65,33.83,32.99,33.00,140208
30-Jul-12,33.49,33.96,33.47,33.60,119918
27-Jul-12,33.00,33.74,32.97,33.53,73612
26-Jul-12,33.13,33.28,32.67,33.00,152862
25-Jul-12,32.33,32.99,32.20,32.79,160199
24-Jul-12,31.95,32.18,31.60,32.10,194996
23-Jul-12,31.49,32.20,31.20,31.98,98767
20-Jul-12,33.01,33.01,31.48,31.91,354056
19-Jul-12,35.27,35.60,32.99,33.25,221445
18-Jul-12,37.72,38.00,36.33,36.50,188238
17-Jul-12,37.62,37.81,36.69,37.66,66162
16-Jul-12,37.31,37.56,36.78,37.40,45041
13-Jul-12,36.03,37.33,36.03,37.31,58055
12-Jul-12,35.28,36.16,34.65,35.75,88266
11-Jul-12,35.21,35.74,35.15,35.40,100933
10-Jul-12,36.35,36.35,34.95,35.13,80663
9-Jul-12,36.47,36.67,35.83,35.94,79432
6-Jul-12,36.56,36.58,36.08,36.49,81998
5-Jul-12,36.42,36.81,36.29,36.65,82664
3-Jul-12,35.44,36.34,35.42,36.34,46455
2-Jul-12,34.75,35.42,34.45,35.42,116643
29-Jun-12,34.57,34.57,33.64,34.51,97586
28-Jun-12,33.44,33.78,32.67,33.70,65997
27-Jun-12,32.88,33.89,32.69,33.65,71350
26-Jun-12,32.30,33.16,32.27,32.82,100985
25-Jun-12,31.77,32.34,31.77,32.13,57370
22-Jun-12,32.09,32.56,31.92,32.33,245939
21-Jun-12,32.78,33.09,31.90,31.99,70617
20-Jun-12,33.07,33.36,32.61,32.83,52523
19-Jun-12,32.51,33.21,32.26,33.03,146502
18-Jun-12,32.27,32.76,31.90,32.46,64265
15-Jun-12,32.16,32.53,31.93,32.38,114726
14-Jun-12,31.91,32.21,31.50,32.07,58607
13-Jun-12,31.95,32.49,31.67,31.97,73726
12-Jun-12,32.20,32.49,31.80,32.11,107378
11-Jun-12,33.25,33.25,32.10,32.20,129518
8-Jun-12,31.52,33.16,31.25,32.88,130674
7-Jun-12,32.06,32.15,31.36,31.62,95925
6-Jun-12,30.83,31.58,30.69,31.53,191833
5-Jun-12,30.27,30.86,30.26,30.62,84670
4-Jun-12,30.61,30.77,29.90,30.50,128657
1-Jun-12,31.65,31.75,30.32,30.40,106781
31-May-12,32.38,32.94,31.99,32.35,161741
30-May-12,33.00,33.33,32.33,32.48,127811
29-May-12,32.85,33.55,32.85,33.48,94740
25-May-12,32.57,32.82,32.48,32.62,130836
24-May-12,32.57,32.82,32.26,32.66,113141
23-May-12,32.44,32.57,31.94,32.55,147451
22-May-12,32.51,33.19,32.37,32.68,121642
21-May-12,32.20,32.58,31.88,32.51,85508
18-May-12,32.65,32.85,32.00,32.12,122289
17-May-12,33.06,33.35,32.25,32.63,131657
16-May-12,33.54,33.83,32.80,33.00,89579
15-May-12,33.87,34.23,33.31,33.50,107022
14-May-12,34.71,34.90,33.61,33.93,126321
11-May-12,34.60,35.23,34.47,35.10,163370
10-May-12,34.97,35.10,34.66,34.91,105601
9-May-12,34.62,35.11,34.14,34.70,179986
8-May-12,34.71,35.10,34.60,35.05,193476
7-May-12,34.81,35.28,34.57,34.99,86335
4-May-12,34.75,35.15,34.54,34.95,185120
3-May-12,35.14,35.20,34.65,35.01,124235
2-May-12,34.89,35.35,34.70,35.21,71162
1-May-12,35.23,35.70,35.11,35.20,191164
30-Apr-12,35.14,35.43,34.78,35.24,73555
27-Apr-12,35.22,35.46,34.78,35.16,205280
26-Apr-12,35.08,35.19,34.64,35.09,127911
25-Apr-12,34.80,35.12,34.54,35.01,114192
24-Apr-12,33.74,34.55,33.55,34.38,107159
23-Apr-12,34.17,34.30,33.17,33.74,135113
20-Apr-12,35.13,35.53,34.61,34.92,277758
19-Apr-12,35.00,35.48,33.82,34.74,127094
18-Apr-12,33.84,35.06,33.42,34.65,169656
17-Apr-12,34.02,34.40,33.87,34.02,112240
16-Apr-12,34.12,34.71,33.35,33.80,76498
13-Apr-12,34.62,34.62,33.75,33.78,124031
12-Apr-12,34.86,34.97,33.88,34.73,179709
11-Apr-12,35.79,35.83,34.56,34.94,231571
10-Apr-12,33.29,34.24,33.29,34.07,309355
9-Apr-12,32.72,33.53,32.45,33.26,150261
5-Apr-12,32.23,33.15,32.22,33.11,133544
4-Apr-12,32.63,32.63,31.70,32.29,173241
3-Apr-12,32.74,33.24,32.59,33.06,217112
2-Apr-12,31.75,33.00,31.50,32.87,157142
30-Mar-12,30.95,32.18,30.74,31.90,209265
29-Mar-12,30.84,31.13,30.39,30.81,134261
28-Mar-12,31.05,31.25,30.63,31.05,207695
27-Mar-12,31.69,31.70,30.99,31.06,105620
26-Mar-12,31.84,32.08,31.65,31.85,105827
23-Mar-12,31.68,31.69,31.27,31.43,101143
22-Mar-12,31.61,31.82,31.37,31.72,108309
21-Mar-12,32.13,32.20,31.72,32.00,174044
20-Mar-12,31.88,32.26,31.75,32.02,106528
19-Mar-12,31.82,32.38,31.73,32.12,133669
16-Mar-12,32.09,32.30,31.61,31.87,213375
15-Mar-12,31.01,32.01,30.86,31.91,150531
14-Mar-12,30.94,31.50,30.89,30.96,171644
13-Mar-12,31.35,31.35,30.88,31.01,171944
12-Mar-12,31.34,31.53,30.95,31.11,59121
9-Mar-12,31.09,31.47,31.01,31.34,131994
8-Mar-12,31.00,31.35,30.75,31.00,126595
7-Mar-12,30.94,31.31,30.63,30.75,61715
6-Mar-12,31.04,31.57,30.68,30.81,106368
5-Mar-12,31.37,31.59,31.17,31.46,105879
2-Mar-12,32.42,32.42,31.27,31.53,233767
1-Mar-12,33.01,33.99,32.36,32.39,143227
29-Feb-12,34.35,34.70,32.93,32.94,107033
28-Feb-12,33.80,34.37,33.77,34.14,164577
27-Feb-12,33.23,34.19,33.23,33.78,73006
24-Feb-12,33.79,34.36,33.47,33.52,62423
23-Feb-12,33.20,34.06,33.20,33.80,102096
22-Feb-12,33.30,33.72,32.99,33.07,91317
21-Feb-12,34.11,34.52,33.18,33.29,160906
17-Feb-12,34.47,34.91,33.99,34.10,62228
16-Feb-12,33.56,34.24,33.56,34.23,79931
15-Feb-12,34.28,34.76,33.58,33.62,96664
14-Feb-12,33.83,34.16,33.50,33.86,131607
13-Feb-12,34.09,34.47,33.75,34.10,47162
10-Feb-12,33.71,33.85,33.33,33.60,85800
9-Feb-12,34.79,35.00,34.00,34.05,111908
8-Feb-12,34.47,34.86,34.22,34.75,156265
7-Feb-12,34.60,34.65,34.09,34.49,138194
6-Feb-12,34.72,34.99,34.56,34.72,91060
3-Feb-12,34.77,34.93,34.33,34.87,118606
2-Feb-12,34.10,34.49,33.56,33.97,152221
1-Feb-12,34.06,34.39,33.79,34.04,254310
31-Jan-12,34.10,34.12,33.35,33.77,155753
30-Jan-12,33.88,34.49,33.47,33.86,233965
27-Jan-12,33.20,34.62,33.20,34.27,303637
26-Jan-12,32.04,33.71,31.78,33.45,477874
25-Jan-12,31.37,31.86,31.31,31.68,266354
24-Jan-12,31.24,31.87,31.24,31.53,128548
23-Jan-12,31.25,31.77,31.25,31.56,109768
20-Jan-12,31.51,31.88,31.04,31.23,224313
19-Jan-12,31.12,31.72,30.96,31.44,111627
18-Jan-12,30.38,31.11,30.04,31.01,111844
17-Jan-12,30.72,30.88,30.40,30.59,99023
13-Jan-12,30.50,30.50,30.50,30.50,0
12-Jan-12,30.57,30.87,29.82,30.25,337382
11-Jan-12,30.20,30.89,30.20,30.49,164576
10-Jan-12,30.07,30.42,30.05,30.39,106917
9-Jan-12,29.88,30.43,29.46,29.50,93774
6-Jan-12,29.91,30.37,29.56,29.71,123300
5-Jan-12,29.70,30.32,29.43,30.04,157972
4-Jan-12,30.01,30.42,29.62,29.84,138737
3-Jan-12,29.33,0.00,29.28,30.30,263026
30-Dec-11,28.90,28.90,28.90,28.90,0
29-Dec-11,28.49,29.69,28.49,28.88,87420
28-Dec-11,29.30,29.30,28.19,28.30,113293
27-Dec-11,28.94,29.79,28.68,29.12,128672
23-Dec-11,28.97,28.97,28.97,28.97,0
22-Dec-11,28.36,29.11,28.25,28.90,118768
21-Dec-11,28.01,28.45,27.45,28.10,64190
20-Dec-11,27.37,28.11,26.98,28.04,162610
19-Dec-11,27.26,27.70,26.46,26.59,149705
16-Dec-11,27.09,27.73,26.34,27.05,157117
15-Dec-11,27.10,27.36,26.33,26.65,134236
14-Dec-11,26.24,26.83,25.76,26.60,172432
13-Dec-11,28.07,28.07,26.26,26.46,153481
12-Dec-11,28.09,28.09,26.80,27.65,135983
9-Dec-11,28.11,28.68,27.74,28.51,121720
8-Dec-11,29.42,29.52,27.83,27.89,123531
7-Dec-11,29.53,29.85,28.67,29.63,125952
6-Dec-11,28.75,29.90,28.63,29.64,201599
5-Dec-11,27.82,28.87,27.61,28.68,210558
2-Dec-11,26.72,27.73,26.72,27.39,179510
1-Dec-11,27.21,27.34,26.24,26.27,141813
30-Nov-11,26.66,27.44,26.17,27.22,289942
29-Nov-11,26.29,26.29,25.41,25.57,118882
28-Nov-11,25.54,26.17,25.06,26.14,161501
25-Nov-11,24.84,25.78,24.43,24.51,58696
23-Nov-11,24.69,24.69,24.69,24.69,0
22-Nov-11,26.09,26.09,25.07,25.10,126015
21-Nov-11,26.02,26.34,25.61,25.76,218234
18-Nov-11,27.31,27.67,25.97,26.47,231421
17-Nov-11,26.96,27.41,26.50,27.22,326609
16-Nov-11,26.95,27.47,26.83,26.90,231440
15-Nov-11,26.88,27.45,26.66,27.25,254358
14-Nov-11,27.94,28.12,26.67,27.04,288335
11-Nov-11,27.00,28.23,26.77,28.09,223714
10-Nov-11,26.89,26.90,26.24,26.61,115581
9-Nov-11,26.32,26.70,26.11,26.24,333909
8-Nov-11,27.68,28.00,26.96,27.18,274857
7-Nov-11,27.35,27.58,26.43,27.27,223667
4-Nov-11,27.03,27.55,26.63,27.40,203900
3-Nov-11,27.10,27.63,25.96,27.42,378074
2-Nov-11,26.26,26.73,25.86,26.57,223851
1-Nov-11,25.54,26.64,25.53,25.55,994587
31-Oct-11,27.04,27.54,26.89,27.17,516495
28-Oct-11,27.07,28.58,26.81,27.75,806678
27-Oct-11,25.79,27.49,25.70,25.94,540590
26-Oct-11,24.95,25.14,23.96,24.58,239629
25-Oct-11,25.27,25.27,24.38,24.41,317934
24-Oct-11,24.39,25.71,24.25,25.56,623962
21-Oct-11,24.65,24.71,23.86,24.34,716959
20-Oct-11,25.36,25.68,23.79,24.15,1106969
19-Oct-11,26.78,26.96,25.83,26.23,589390
18-Oct-11,26.03,27.23,25.90,26.78,454971
17-Oct-11,26.44,26.49,25.87,25.90,293643
14-Oct-11,26.33,26.72,25.53,26.61,415291
13-Oct-11,26.27,26.50,25.04,25.96,321218
12-Oct-11,26.48,27.18,26.44,26.56,500238
11-Oct-11,26.67,26.92,25.97,26.19,488378
10-Oct-11,26.90,27.89,26.83,26.85,551108
7-Oct-11,27.77,28.01,26.20,26.27,512873
6-Oct-11,27.51,27.63,26.32,27.51,795182
5-Oct-11,27.48,27.78,26.85,27.53,345609
4-Oct-11,26.51,27.46,25.31,27.38,581300
3-Oct-11,28.43,29.10,26.82,26.91,558981
30-Sep-11,30.30,30.74,28.45,28.75,597665
