Date,Open,High,Low,Close,Volume
26-Sep-12,13.44,13.50,13.32,13.48,253883
25-Sep-12,13.49,13.50,13.41,13.41,13701
24-Sep-12,13.44,13.55,13.35,13.42,11384
21-Sep-12,13.50,13.50,13.47,13.50,21165
20-Sep-12,13.35,13.51,13.35,13.48,2237
19-Sep-12,13.53,13.53,13.31,13.38,5991
18-Sep-12,13.46,13.50,13.47,13.47,3454
17-Sep-12,13.50,13.50,13.48,13.48,9065
14-Sep-12,13.52,13.55,13.39,13.50,7950
13-Sep-12,13.55,13.55,13.47,13.50,22019
12-Sep-12,13.50,13.56,13.40,13.50,2628
11-Sep-12,13.55,13.56,13.41,13.49,9367
10-Sep-12,13.60,13.60,13.48,13.48,5476
7-Sep-12,13.69,13.86,13.46,13.56,31846
6-Sep-12,13.64,13.65,13.50,13.60,67744
5-Sep-12,13.74,13.74,13.40,13.62,14160
4-Sep-12,13.73,13.75,13.50,13.60,20836
31-Aug-12,13.55,13.58,13.32,13.56,6601
30-Aug-12,13.51,13.65,13.39,13.49,16279
29-Aug-12,13.60,13.70,13.60,13.65,5590
28-Aug-12,13.47,13.92,13.47,13.70,15926
27-Aug-12,13.60,13.72,13.41,13.57,19630
24-Aug-12,13.31,13.65,13.31,13.49,13784
23-Aug-12,13.57,13.60,13.25,13.35,5754
22-Aug-12,13.60,13.65,13.60,13.62,391
21-Aug-12,13.74,13.99,13.57,13.63,11457
20-Aug-12,14.03,14.03,13.49,13.75,14072
17-Aug-12,13.85,14.00,13.82,14.00,51479
16-Aug-12,13.99,14.00,13.75,13.93,13692
15-Aug-12,13.69,14.00,13.52,13.96,19256
14-Aug-12,13.65,13.65,13.27,13.44,3572
13-Aug-12,13.42,13.70,13.42,13.69,5963
10-Aug-12,13.34,13.46,13.18,13.46,2855
9-Aug-12,13.42,13.50,13.21,13.32,13830
8-Aug-12,13.59,13.59,13.25,13.43,5928
7-Aug-12,13.42,13.70,13.37,13.59,14839
6-Aug-12,13.70,13.75,13.29,13.45,15446
3-Aug-12,13.42,13.78,12.87,13.72,11373
2-Aug-12,13.03,13.31,12.96,13.27,11934
1-Aug-12,13.37,13.37,12.85,13.14,25632
31-Jul-12,13.36,13.40,13.24,13.39,11343
30-Jul-12,13.50,13.50,13.28,13.41,4316
27-Jul-12,13.29,13.55,12.42,13.55,24213
26-Jul-12,13.20,13.31,12.99,13.25,9435
25-Jul-12,12.86,13.39,12.84,12.95,7149
24-Jul-12,12.92,12.92,12.48,12.74,10169
23-Jul-12,13.08,13.08,12.72,12.86,13841
20-Jul-12,13.19,13.50,13.19,13.23,14951
19-Jul-12,13.44,13.50,13.25,13.28,10629
18-Jul-12,13.17,13.50,13.11,13.48,32917
17-Jul-12,13.08,13.44,13.08,13.35,41070
16-Jul-12,13.04,13.30,12.89,13.25,24098
13-Jul-12,13.04,13.06,12.91,13.01,27627
12-Jul-12,12.98,13.06,12.85,12.93,53113
11-Jul-12,12.90,13.08,12.83,12.97,28690
10-Jul-12,12.74,13.04,12.74,12.94,32653
9-Jul-12,12.53,13.04,12.53,12.98,28816
6-Jul-12,13.06,13.06,12.54,12.56,9738
5-Jul-12,13.10,13.23,12.94,13.17,6776
3-Jul-12,13.14,13.19,13.02,13.14,10017
2-Jul-12,12.84,13.32,12.74,13.14,32121
29-Jun-12,12.86,12.94,12.74,12.87,25480
28-Jun-12,12.64,12.81,12.41,12.69,21033
27-Jun-12,12.68,12.82,12.59,12.75,21738
26-Jun-12,12.55,12.86,12.50,12.66,19250
25-Jun-12,12.77,12.98,12.35,12.46,41754
22-Jun-12,12.98,13.00,12.66,12.91,1103135
21-Jun-12,12.98,12.99,12.74,12.95,69918
20-Jun-12,13.00,13.00,12.85,12.89,34099
19-Jun-12,12.83,12.99,12.77,12.92,26755
18-Jun-12,13.00,13.00,12.76,12.83,18706
15-Jun-12,12.99,13.00,12.83,13.00,23130
14-Jun-12,12.92,12.95,12.62,12.93,24550
13-Jun-12,12.84,12.92,12.65,12.90,42501
12-Jun-12,12.82,12.95,12.80,12.92,9578
11-Jun-12,12.90,12.95,12.66,12.87,17664
8-Jun-12,12.88,12.90,12.54,12.88,12788
7-Jun-12,12.90,12.90,12.82,12.82,57648
6-Jun-12,12.52,12.85,12.52,12.85,6200
5-Jun-12,12.35,12.53,12.34,12.53,18304
4-Jun-12,12.30,12.40,12.20,12.40,56365
1-Jun-12,12.23,12.30,12.22,12.30,64654
31-May-12,12.18,12.35,12.17,12.28,6822
30-May-12,12.17,12.39,12.15,12.25,1493
29-May-12,12.44,12.44,12.20,12.23,1707
25-May-12,12.42,12.45,12.20,12.35,7340
24-May-12,12.13,12.35,12.13,12.35,60391
23-May-12,12.14,12.14,12.00,12.14,3700
22-May-12,12.22,12.34,12.15,12.30,111910
21-May-12,12.22,12.59,12.00,12.26,19204
18-May-12,11.80,12.11,11.75,12.06,39499
17-May-12,11.79,12.00,11.54,11.85,64983
16-May-12,11.70,11.70,11.66,11.66,600
15-May-12,11.42,11.70,11.40,11.69,3078
14-May-12,11.37,11.64,11.36,11.64,1359
11-May-12,11.38,11.67,11.35,11.38,1900
10-May-12,11.53,11.68,11.36,11.68,39753
9-May-12,11.70,11.70,11.50,11.50,500
8-May-12,11.49,11.68,11.49,11.61,1800
7-May-12,11.34,11.58,11.29,11.50,1104
4-May-12,11.27,11.39,11.27,11.39,273
3-May-12,11.27,11.27,11.27,11.27,100
2-May-12,11.25,11.25,11.25,11.25,100
1-May-12,11.70,11.70,11.29,11.34,663
30-Apr-12,11.54,11.54,11.27,11.50,303
27-Apr-12,11.55,11.65,11.55,11.63,1100
26-Apr-12,11.50,11.73,11.50,11.73,900
25-Apr-12,11.51,11.63,11.45,11.45,5777
24-Apr-12,11.53,11.54,11.37,11.54,2121
23-Apr-12,11.46,11.46,11.34,11.34,500
20-Apr-12,11.43,11.62,11.43,11.43,2100
19-Apr-12,11.44,11.44,11.42,11.42,447
18-Apr-12,11.45,11.45,11.40,11.42,575
17-Apr-12,11.47,11.71,11.45,11.49,1528
16-Apr-12,11.41,11.41,11.41,11.41,100
13-Apr-12,11.54,11.67,11.35,11.44,1572
12-Apr-12,11.55,11.95,11.36,11.65,5952
11-Apr-12,11.69,11.71,11.40,11.48,4999
10-Apr-12,11.71,11.84,11.48,11.50,6255
9-Apr-12,12.00,12.00,11.73,11.73,1010
5-Apr-12,11.98,12.20,11.89,12.18,3647
4-Apr-12,11.71,12.00,11.71,12.00,2947
3-Apr-12,11.97,12.05,11.91,11.95,3244
2-Apr-12,11.98,12.09,11.90,11.97,128421
30-Mar-12,11.78,11.98,11.75,11.82,5800
29-Mar-12,11.97,12.00,11.97,11.98,700
28-Mar-12,11.87,12.10,11.87,12.10,108098
27-Mar-12,11.99,12.00,11.85,12.00,3243
26-Mar-12,11.79,12.04,11.79,12.00,8085
23-Mar-12,12.02,12.02,11.76,11.79,1863
22-Mar-12,11.98,12.00,11.78,11.96,6765
21-Mar-12,11.95,12.00,11.78,11.85,3182
20-Mar-12,11.99,12.05,11.76,11.95,7500
19-Mar-12,11.76,12.05,11.75,11.98,5150
16-Mar-12,11.87,11.88,11.75,11.75,9452
15-Mar-12,12.00,12.00,11.86,12.00,1104
14-Mar-12,11.96,12.05,11.90,11.90,5500
13-Mar-12,12.04,12.04,12.00,12.00,2677
12-Mar-12,12.00,12.00,11.90,11.90,1423
9-Mar-12,12.00,12.02,11.88,12.01,31930
8-Mar-12,12.22,12.26,12.02,12.02,17072
7-Mar-12,11.87,12.22,11.87,12.22,1500
6-Mar-12,12.06,12.06,11.86,12.05,3634
5-Mar-12,12.04,12.05,11.91,12.05,2440
2-Mar-12,12.07,12.07,11.86,12.00,1900
1-Mar-12,11.94,12.05,11.94,12.05,834
29-Feb-12,11.92,12.05,11.90,11.99,1100
28-Feb-12,11.90,12.05,11.90,12.02,59079
27-Feb-12,12.03,12.15,11.90,12.00,122700
24-Feb-12,12.01,12.01,11.80,12.00,1600
23-Feb-12,11.99,12.00,11.90,11.99,13422
22-Feb-12,11.75,11.92,11.75,11.92,600
21-Feb-12,11.89,12.00,11.75,11.78,4271
17-Feb-12,11.75,12.00,11.75,11.95,1812
16-Feb-12,11.75,12.05,11.66,11.68,44014
15-Feb-12,11.98,12.05,11.80,11.92,3596
14-Feb-12,11.80,12.00,11.80,12.00,1200
13-Feb-12,12.50,12.50,11.66,11.73,19473
10-Feb-12,11.75,12.50,11.73,12.42,7209
9-Feb-12,11.75,11.75,11.50,11.75,27049
8-Feb-12,11.64,11.90,11.64,11.85,500
7-Feb-12,11.84,12.00,11.52,11.71,6375
6-Feb-12,12.22,12.37,11.64,11.64,1790
3-Feb-12,11.66,12.50,11.65,12.30,8120
2-Feb-12,11.61,12.39,11.35,11.64,11201
1-Feb-12,11.51,11.64,11.40,11.55,10127
31-Jan-12,11.41,11.50,11.25,11.49,83842
30-Jan-12,11.39,11.49,11.25,11.25,2984
27-Jan-12,11.15,11.40,11.15,11.39,2947
26-Jan-12,11.10,11.49,11.10,11.11,3399
24-Jan-12,11.16,11.16,11.16,11.16,0
20-Jan-12,11.49,11.49,11.49,11.49,0
19-Jan-12,11.63,11.65,11.05,11.39,9624
18-Jan-12,11.55,11.55,11.42,11.42,1147
17-Jan-12,11.40,11.40,11.40,11.40,0
13-Jan-12,11.30,11.30,11.30,11.30,0
12-Jan-12,11.42,11.68,11.42,11.50,2865
11-Jan-12,11.24,11.30,11.23,11.30,2900
10-Jan-12,11.28,11.36,11.27,11.36,2600
9-Jan-12,11.28,11.48,11.28,11.41,920
6-Jan-12,11.28,11.80,11.28,11.28,3803
5-Jan-12,11.37,11.37,11.33,11.33,1100
4-Jan-12,11.35,11.54,11.35,11.37,2219
3-Jan-12,11.58,12.10,11.27,11.60,14749
30-Dec-11,11.80,11.80,11.80,11.80,0
29-Dec-11,11.69,11.93,11.55,11.55,3937
28-Dec-11,11.40,11.90,11.40,11.52,6874
27-Dec-11,11.32,11.48,11.20,11.28,1301
23-Dec-11,11.33,11.33,11.33,11.33,0
21-Dec-11,11.30,11.30,11.30,11.30,0
20-Dec-11,11.31,11.50,10.60,11.20,8060
16-Dec-11,11.33,11.33,11.33,11.33,0
15-Dec-11,10.62,10.90,10.62,10.90,4701
14-Dec-11,11.20,11.30,10.80,10.90,8302
13-Dec-11,10.97,11.25,10.87,11.25,102904
12-Dec-11,10.83,11.00,10.83,10.93,500
9-Dec-11,11.00,11.00,10.84,10.84,300
7-Dec-11,10.95,10.95,10.95,10.95,0
6-Dec-11,10.98,11.00,10.97,11.00,4155
5-Dec-11,11.11,11.11,10.96,10.96,843
2-Dec-11,11.21,11.21,10.71,10.99,4629
1-Dec-11,10.99,11.01,10.74,10.98,3323
30-Nov-11,10.99,11.08,10.90,10.90,3500
29-Nov-11,10.57,11.23,10.55,10.65,7447
28-Nov-11,10.25,10.57,10.01,10.57,21683
25-Nov-11,10.30,10.30,10.24,10.25,639
23-Nov-11,10.33,10.33,10.33,10.33,0
22-Nov-11,10.32,10.53,10.32,10.52,1100
21-Nov-11,10.50,10.50,10.50,10.50,0
18-Nov-11,11.00,11.00,11.00,11.00,0
17-Nov-11,10.79,10.79,10.79,10.79,0
16-Nov-11,11.00,11.14,10.96,11.00,2602
14-Nov-11,10.91,10.91,10.91,10.91,0
11-Nov-11,11.11,11.11,11.11,11.11,100
10-Nov-11,11.12,11.34,10.96,11.10,6155
9-Nov-11,10.34,11.52,10.13,11.02,9775
8-Nov-11,10.27,10.57,10.25,10.57,5362
7-Nov-11,10.54,10.54,10.27,10.47,4766
4-Nov-11,10.76,10.76,10.60,10.60,3900
3-Nov-11,10.94,10.94,10.55,10.91,7300
2-Nov-11,10.69,10.86,10.42,10.55,9295
1-Nov-11,10.50,10.75,10.38,10.64,22790
31-Oct-11,10.96,11.78,10.52,10.57,8094
28-Oct-11,10.90,10.95,10.61,10.80,10452
27-Oct-11,11.25,11.25,10.85,10.90,3900
26-Oct-11,10.90,10.95,10.51,10.87,3700
25-Oct-11,10.99,10.99,10.56,10.79,3900
24-Oct-11,10.99,11.00,10.67,10.91,13008
21-Oct-11,11.19,11.24,10.70,11.24,4200
20-Oct-11,10.80,11.09,10.53,10.80,17300
19-Oct-11,10.80,10.80,10.73,10.73,1400
18-Oct-11,10.57,11.04,10.53,10.78,4000
17-Oct-11,10.52,10.92,10.52,10.61,27962
14-Oct-11,10.55,10.85,10.55,10.60,2814
13-Oct-11,10.44,10.80,10.44,10.60,2600
12-Oct-11,10.69,10.88,10.64,10.64,5397
11-Oct-11,10.41,10.62,10.41,10.61,1818
10-Oct-11,10.84,10.84,10.60,10.63,2367
7-Oct-11,10.80,11.01,10.60,10.60,3388
6-Oct-11,10.60,11.00,10.60,10.74,9715
5-Oct-11,10.91,11.08,10.60,10.83,12800
4-Oct-11,10.89,10.89,10.40,10.51,13332
3-Oct-11,10.41,11.00,10.36,10.96,71420
30-Sep-11,10.54,10.81,10.27,10.39,5154
29-Sep-11,10.38,10.38,10.38,10.38,400
