Date,Open,High,Low,Close,Volume
27-Sep-12,68.75,69.57,68.48,68.74,311020
26-Sep-12,68.87,69.10,68.28,68.58,290894
25-Sep-12,69.57,69.65,69.11,69.18,400514
24-Sep-12,68.77,69.69,68.77,69.48,213983
21-Sep-12,69.64,69.65,69.06,69.10,620405
20-Sep-12,69.84,69.90,69.10,69.38,436318
19-Sep-12,70.27,70.48,70.04,70.18,256366
18-Sep-12,69.95,70.33,69.65,70.04,239497
17-Sep-12,69.67,70.42,69.60,70.05,186432
14-Sep-12,68.88,70.09,68.85,69.66,187197
13-Sep-12,68.64,68.93,68.62,68.87,507643
12-Sep-12,68.80,69.07,68.27,68.50,385268
11-Sep-12,68.87,68.87,68.51,68.59,632364
10-Sep-12,68.68,69.27,68.16,69.02,295337
7-Sep-12,69.18,69.28,68.74,68.75,131842
6-Sep-12,69.03,69.41,68.92,69.11,124420
5-Sep-12,69.08,69.16,68.52,69.00,188892
4-Sep-12,68.78,69.03,68.36,68.85,369114
31-Aug-12,68.74,69.11,68.46,68.76,234577
30-Aug-12,69.07,69.14,68.49,68.65,106663
29-Aug-12,68.82,69.24,68.50,69.07,118876
28-Aug-12,68.25,68.97,68.07,68.84,226072
27-Aug-12,68.67,68.80,68.08,68.25,160064
24-Aug-12,68.10,68.45,67.91,68.26,238523
23-Aug-12,68.09,68.64,67.88,68.32,523995
22-Aug-12,68.50,68.94,67.77,68.21,463680
21-Aug-12,68.52,68.78,68.30,68.66,205632
20-Aug-12,68.97,69.29,68.37,68.50,252789
17-Aug-12,69.12,69.21,68.84,68.89,34030
16-Aug-12,69.16,69.38,68.59,69.16,35974
15-Aug-12,68.82,69.37,68.82,69.05,33011
14-Aug-12,69.27,69.35,68.81,69.10,30725
13-Aug-12,69.46,69.72,69.04,69.12,19694
10-Aug-12,69.24,70.16,69.24,69.56,29563
9-Aug-12,70.09,70.54,69.51,69.64,53295
8-Aug-12,70.49,70.50,69.78,69.97,36859
7-Aug-12,71.63,71.63,70.63,70.88,32747
6-Aug-12,71.75,71.82,71.27,71.61,49217
3-Aug-12,72.08,72.17,71.34,71.50,55477
2-Aug-12,71.16,71.48,70.99,71.28,186157
1-Aug-12,72.24,72.99,71.55,71.61,142620
31-Jul-12,72.12,72.34,71.62,71.92,239793
30-Jul-12,72.36,72.75,72.10,72.24,113502
27-Jul-12,72.29,72.81,72.08,72.40,110178
26-Jul-12,72.67,73.04,71.87,72.22,158142
25-Jul-12,72.15,72.44,71.48,72.19,161551
24-Jul-12,72.40,72.52,71.51,71.76,207845
23-Jul-12,71.83,72.39,71.82,72.16,326193
20-Jul-12,72.26,72.88,72.09,72.30,512964
19-Jul-12,73.14,73.26,72.01,72.37,306439
18-Jul-12,72.35,73.17,71.48,72.99,591242
17-Jul-12,70.95,73.08,70.14,72.60,485368
16-Jul-12,69.94,70.96,69.86,70.35,367308
13-Jul-12,69.14,70.18,68.93,70.18,295002
12-Jul-12,68.10,69.17,67.86,68.87,521165
11-Jul-12,68.75,68.75,68.02,68.27,376238
10-Jul-12,69.76,69.78,68.47,68.61,205822
9-Jul-12,69.64,69.74,69.24,69.56,146208
6-Jul-12,69.49,69.85,69.15,69.55,167250
5-Jul-12,70.37,70.81,69.50,69.78,169826
3-Jul-12,69.84,70.35,69.50,70.35,111556
2-Jul-12,69.00,69.72,68.78,69.67,309738
29-Jun-12,67.87,68.97,67.87,68.97,371408
28-Jun-12,65.47,66.88,65.42,66.80,296971
27-Jun-12,66.08,66.58,65.78,66.14,286360
26-Jun-12,66.26,66.86,66.21,66.29,376919
25-Jun-12,65.94,66.67,65.75,66.29,588914
22-Jun-12,67.49,67.49,66.07,66.07,3499354
21-Jun-12,68.41,68.48,66.84,67.06,542092
20-Jun-12,68.83,68.91,67.88,68.48,438458
19-Jun-12,68.74,69.28,68.47,68.69,377303
18-Jun-12,68.44,69.92,68.30,68.73,497659
15-Jun-12,68.93,69.28,68.64,68.82,392627
14-Jun-12,67.79,69.04,67.79,68.71,380779
13-Jun-12,67.37,68.44,66.72,67.87,271843
12-Jun-12,67.73,68.10,67.00,67.88,196230
11-Jun-12,68.80,68.87,67.33,67.42,315156
8-Jun-12,67.58,68.47,67.48,68.42,216227
7-Jun-12,68.41,68.80,67.67,67.72,353581
6-Jun-12,67.73,69.18,67.26,67.75,436456
5-Jun-12,64.97,66.71,64.97,66.59,306946
4-Jun-12,64.85,65.68,64.53,65.42,393406
1-Jun-12,64.80,65.27,63.96,64.63,453298
31-May-12,65.43,66.35,64.96,65.86,293893
30-May-12,66.43,66.58,65.52,65.52,186419
29-May-12,66.85,67.27,66.29,66.90,128851
25-May-12,67.15,67.27,66.10,66.54,137682
24-May-12,66.67,67.02,65.94,67.02,183423
23-May-12,65.93,66.54,65.35,66.44,239747
22-May-12,66.50,67.45,66.23,66.54,279821
21-May-12,65.62,67.02,65.22,66.34,277589
18-May-12,65.57,66.19,65.06,65.36,222582
17-May-12,66.95,67.32,65.54,65.67,357942
16-May-12,68.97,69.35,66.97,67.10,351528
15-May-12,68.74,69.41,68.39,68.68,302009
14-May-12,68.54,69.28,68.38,68.39,188568
11-May-12,68.65,69.55,68.65,69.25,205512
10-May-12,70.13,70.19,68.72,69.10,207580
9-May-12,69.47,70.27,68.77,69.65,227818
8-May-12,69.90,70.30,69.67,69.98,250469
7-May-12,69.46,70.75,69.21,70.33,188090
4-May-12,70.18,70.75,69.59,69.81,245982
3-May-12,70.80,70.95,70.40,70.63,390586
2-May-12,70.11,70.74,69.48,70.69,207058
1-May-12,69.61,70.99,69.61,70.37,380709
30-Apr-12,70.06,70.19,69.48,69.94,323725
27-Apr-12,69.44,70.35,68.96,70.11,322136
26-Apr-12,68.81,69.54,68.60,69.35,236172
25-Apr-12,68.84,69.17,68.65,69.15,333207
24-Apr-12,66.87,68.26,66.87,68.18,289969
23-Apr-12,66.46,67.27,66.21,67.01,338454
20-Apr-12,66.95,67.34,66.30,67.12,347044
19-Apr-12,67.46,67.84,66.09,66.46,337384
18-Apr-12,66.86,67.60,66.59,67.28,309852
17-Apr-12,68.30,68.30,66.96,67.18,495132
16-Apr-12,67.44,68.53,67.13,68.03,279436
13-Apr-12,67.24,67.44,66.86,67.00,226600
12-Apr-12,67.10,67.59,66.71,67.42,295879
11-Apr-12,66.62,66.95,65.93,66.92,396078
10-Apr-12,67.94,67.94,65.98,66.27,334018
9-Apr-12,68.25,68.76,67.80,67.91,265602
5-Apr-12,69.40,69.71,68.92,69.18,157529
4-Apr-12,69.47,70.08,69.28,69.77,292655
3-Apr-12,70.18,70.34,69.80,70.07,242099
2-Apr-12,69.74,70.27,69.37,70.11,268962
30-Mar-12,68.97,69.78,68.48,69.74,352264
29-Mar-12,68.01,68.62,67.31,68.45,184655
28-Mar-12,68.25,68.67,67.44,68.51,307353
27-Mar-12,68.72,68.86,68.35,68.44,194778
26-Mar-12,68.53,68.98,67.98,68.65,239242
23-Mar-12,67.92,68.64,67.36,68.05,283548
22-Mar-12,68.64,68.64,66.98,67.87,336693
21-Mar-12,69.09,69.27,69.00,69.14,389850
20-Mar-12,68.28,69.25,68.16,69.05,253680
19-Mar-12,68.63,69.38,68.37,68.77,207211
16-Mar-12,67.97,68.79,67.68,68.79,596440
15-Mar-12,68.09,68.40,67.72,67.98,232382
14-Mar-12,68.48,68.99,68.11,68.28,363181
13-Mar-12,67.99,68.96,67.79,68.39,657326
12-Mar-12,67.47,68.01,67.36,67.52,264791
9-Mar-12,67.29,67.94,67.09,67.34,439864
8-Mar-12,68.34,68.46,67.29,67.37,199800
7-Mar-12,68.06,68.47,67.20,68.21,213436
6-Mar-12,68.02,68.69,67.70,67.77,255376
5-Mar-12,66.63,68.50,66.63,68.49,133226
2-Mar-12,67.34,67.50,66.29,66.75,184198
1-Mar-12,66.74,67.53,66.61,67.40,296160
29-Feb-12,67.14,67.33,66.32,66.51,312250
28-Feb-12,67.44,67.45,66.60,66.96,222303
27-Feb-12,66.92,67.89,66.50,67.41,253323
24-Feb-12,67.49,67.82,67.08,67.63,173342
23-Feb-12,66.91,67.68,66.66,67.35,348280
22-Feb-12,67.02,67.33,66.44,67.00,195803
21-Feb-12,68.28,68.28,66.60,66.84,295138
17-Feb-12,69.15,69.26,67.97,68.30,189603
16-Feb-12,67.51,69.09,67.39,69.00,391644
15-Feb-12,67.82,68.06,67.44,67.67,512842
14-Feb-12,68.25,68.25,67.45,67.70,237233
13-Feb-12,67.50,68.27,67.35,68.26,236798
10-Feb-12,66.84,67.47,66.62,66.94,175690
9-Feb-12,68.09,68.31,67.28,67.29,177531
8-Feb-12,67.65,68.26,67.35,67.80,334308
7-Feb-12,68.42,68.71,66.00,67.46,1459805
6-Feb-12,69.03,69.47,68.35,68.50,297407
3-Feb-12,69.92,69.98,68.78,69.10,495859
2-Feb-12,71.75,71.75,69.02,69.18,342523
1-Feb-12,70.43,70.88,69.36,69.79,510440
31-Jan-12,70.63,70.90,69.91,70.14,317375
30-Jan-12,69.88,70.40,69.71,70.34,276681
27-Jan-12,69.04,70.44,68.62,70.38,320326
26-Jan-12,68.46,69.12,68.36,68.90,322791
25-Jan-12,67.20,68.51,67.05,68.12,420232
24-Jan-12,66.76,68.89,66.76,68.62,580820
23-Jan-12,66.60,67.48,66.40,66.63,187198
20-Jan-12,66.46,66.71,65.97,66.63,371492
19-Jan-12,66.52,66.95,66.31,66.46,263310
18-Jan-12,66.26,67.49,66.08,66.36,303166
17-Jan-12,67.50,67.55,66.15,66.23,211925
13-Jan-12,66.86,66.86,66.86,66.86,0
12-Jan-12,67.10,67.10,65.83,66.50,157233
11-Jan-12,66.97,67.47,66.84,67.06,348318
10-Jan-12,67.17,67.67,67.14,67.20,230201
9-Jan-12,67.21,67.45,66.42,66.48,130137
6-Jan-12,67.07,67.47,66.45,67.03,278324
5-Jan-12,66.62,67.40,66.38,67.04,234636
4-Jan-12,67.16,67.39,66.30,66.79,425966
3-Jan-12,68.02,68.58,67.00,67.54,235390
30-Dec-11,66.69,66.69,66.69,66.69,0
29-Dec-11,66.14,66.68,66.14,66.52,111588
28-Dec-11,66.45,66.45,65.68,65.95,116802
27-Dec-11,65.98,66.90,65.79,66.72,168952
23-Dec-11,66.11,66.11,66.11,66.11,0
22-Dec-11,65.74,66.89,65.74,66.25,184044
21-Dec-11,64.77,65.95,64.56,65.64,221636
20-Dec-11,64.87,65.52,64.76,65.03,404583
19-Dec-11,65.29,65.51,63.93,63.97,169080
16-Dec-11,64.23,65.65,64.22,64.97,357190
15-Dec-11,62.82,64.09,62.20,63.73,211618
14-Dec-11,61.35,62.98,61.23,62.35,245958
13-Dec-11,63.01,63.57,61.56,61.68,188089
12-Dec-11,63.20,63.64,61.99,62.72,187363
9-Dec-11,62.32,64.19,61.78,63.92,167908
8-Dec-11,63.45,63.45,61.77,62.23,314802
7-Dec-11,62.91,63.76,62.04,63.75,244346
6-Dec-11,63.02,63.70,62.71,63.23,157486
5-Dec-11,63.56,63.89,62.58,63.08,202400
2-Dec-11,62.79,63.67,62.59,62.88,258874
1-Dec-11,61.72,62.26,61.20,61.91,242599
30-Nov-11,61.67,61.97,61.14,61.83,505774
29-Nov-11,60.03,60.57,59.59,60.04,279263
28-Nov-11,60.95,60.98,59.32,59.72,399668
25-Nov-11,58.95,60.74,58.81,59.41,115723
23-Nov-11,58.96,58.96,58.96,58.96,0
22-Nov-11,60.45,61.39,60.29,60.35,223922
21-Nov-11,61.00,61.35,60.34,60.54,296044
18-Nov-11,62.07,62.28,61.46,61.80,220509
17-Nov-11,62.59,62.92,61.68,61.89,246902
16-Nov-11,62.65,63.61,62.42,62.71,185262
15-Nov-11,62.26,63.66,62.00,63.18,159758
14-Nov-11,63.57,63.75,62.37,62.64,212586
11-Nov-11,63.20,64.44,62.88,63.90,269393
10-Nov-11,63.94,64.17,62.57,62.77,353247
9-Nov-11,64.90,65.22,63.26,63.35,381027
8-Nov-11,66.95,67.02,65.10,66.23,522287
7-Nov-11,66.26,67.27,65.51,66.70,149364
4-Nov-11,65.96,66.55,65.55,66.46,219270
3-Nov-11,67.06,67.06,64.97,66.45,400218
2-Nov-11,66.07,66.74,64.92,66.45,319699
1-Nov-11,64.47,66.78,64.13,65.09,626501
31-Oct-11,64.62,66.59,64.02,66.13,385317
28-Oct-11,65.26,66.07,64.80,65.32,434564
27-Oct-11,65.74,66.47,64.48,65.60,484193
26-Oct-11,64.32,64.37,63.22,64.17,228495
25-Oct-11,64.84,64.86,63.33,63.93,295015
24-Oct-11,63.19,65.25,62.89,65.18,438619
21-Oct-11,61.63,63.21,61.26,63.18,609636
20-Oct-11,61.05,61.24,59.97,60.75,1702239
19-Oct-11,63.18,64.10,62.39,62.70,228891
18-Oct-11,62.47,63.58,60.93,63.10,480035
17-Oct-11,63.93,63.93,61.96,62.32,308805
14-Oct-11,64.11,64.86,63.88,64.22,195912
13-Oct-11,63.60,64.25,62.51,63.70,162345
12-Oct-11,63.29,64.64,62.89,63.98,322548
11-Oct-11,63.76,64.25,62.54,63.11,278242
10-Oct-11,62.14,64.50,62.14,64.43,275300
7-Oct-11,63.44,63.65,61.03,61.18,306209
6-Oct-11,61.42,63.40,61.15,63.32,258122
5-Oct-11,63.13,63.13,58.92,61.71,326429
4-Oct-11,58.96,63.32,58.37,63.10,416320
3-Oct-11,62.48,63.37,59.40,59.40,357225
30-Sep-11,62.34,63.74,62.31,62.70,433987
