Date,Open,High,Low,Close,Volume
27-Sep-12,24.09,24.17,23.87,24.07,2494248
26-Sep-12,23.97,24.08,23.87,23.94,2515429
25-Sep-12,24.28,24.40,23.92,23.93,2176333
24-Sep-12,24.10,24.38,24.08,24.16,1511116
21-Sep-12,24.39,24.44,24.20,24.20,1697416
20-Sep-12,24.10,24.28,23.98,24.28,1479403
19-Sep-12,24.26,24.45,24.24,24.31,1899270
18-Sep-12,24.39,24.42,24.14,24.27,2057533
17-Sep-12,24.65,24.73,24.40,24.48,2279426
14-Sep-12,24.89,24.89,24.45,24.68,2808774
13-Sep-12,23.89,24.61,23.72,24.45,2992326
12-Sep-12,23.88,24.03,23.74,23.82,2522281
11-Sep-12,23.65,23.99,23.60,23.82,2913155
10-Sep-12,23.79,23.96,23.67,23.75,1942855
7-Sep-12,22.76,23.79,22.76,23.76,2656479
6-Sep-12,23.17,23.48,23.12,23.46,2297184
5-Sep-12,23.25,23.36,23.00,23.02,2187033
4-Sep-12,23.18,23.26,23.05,23.24,1558848
31-Aug-12,23.07,23.25,23.03,23.12,1749098
30-Aug-12,22.91,23.02,22.79,22.94,1096956
29-Aug-12,23.06,23.14,22.94,23.05,1067986
28-Aug-12,23.07,23.22,23.00,23.07,1385789
27-Aug-12,23.25,23.33,23.12,23.20,1495025
24-Aug-12,23.07,23.27,23.02,23.23,1999522
23-Aug-12,23.29,23.31,23.03,23.10,2151905
22-Aug-12,23.37,23.43,23.22,23.26,2191420
21-Aug-12,23.45,23.50,23.30,23.37,2529881
20-Aug-12,23.34,23.42,23.13,23.40,2356088
17-Aug-12,23.47,23.53,23.35,23.45,602517
16-Aug-12,23.19,23.50,23.11,23.46,655738
15-Aug-12,23.01,23.18,22.97,23.15,580396
14-Aug-12,22.90,23.06,22.87,23.06,677288
13-Aug-12,22.95,23.10,22.68,22.73,615691
10-Aug-12,23.00,23.06,22.76,22.98,562414
9-Aug-12,22.83,23.18,22.83,23.10,867454
8-Aug-12,22.52,23.36,22.33,22.78,1532693
7-Aug-12,21.29,21.59,21.29,21.37,679910
6-Aug-12,21.30,21.49,21.23,21.29,587198
3-Aug-12,21.02,21.33,20.92,21.20,622438
2-Aug-12,20.52,20.82,20.49,20.68,3693576
1-Aug-12,20.81,20.83,20.50,20.70,3085930
31-Jul-12,20.91,20.97,20.65,20.65,2371736
30-Jul-12,20.82,21.07,20.74,20.98,2692372
27-Jul-12,20.78,21.00,20.53,20.88,4058831
26-Jul-12,20.90,21.10,20.41,20.56,4030489
25-Jul-12,20.42,20.75,20.36,20.56,2447822
24-Jul-12,20.45,20.47,19.97,20.28,3025942
23-Jul-12,20.04,20.54,19.90,20.47,3133085
20-Jul-12,20.66,20.69,20.36,20.41,2138091
19-Jul-12,20.88,20.94,20.60,20.84,2568949
18-Jul-12,20.64,21.14,20.62,20.88,4318890
17-Jul-12,20.49,20.75,20.42,20.72,3458315
16-Jul-12,20.52,20.62,20.39,20.44,2629161
13-Jul-12,20.29,20.61,20.29,20.45,2445072
12-Jul-12,20.47,20.47,20.18,20.29,2346010
11-Jul-12,20.43,20.80,20.43,20.59,3605224
10-Jul-12,20.57,20.82,20.40,20.49,2270482
9-Jul-12,20.76,20.83,20.46,20.59,2152342
6-Jul-12,20.65,20.88,20.62,20.83,2354835
5-Jul-12,21.08,21.12,20.91,20.95,2197981
3-Jul-12,21.02,21.39,21.01,21.17,1453493
2-Jul-12,21.11,21.26,20.94,21.08,2601460
29-Jun-12,20.95,21.11,20.73,21.04,3321375
28-Jun-12,20.11,20.50,20.05,20.49,2786266
27-Jun-12,19.91,20.33,19.82,20.30,2032966
26-Jun-12,19.79,19.98,19.70,19.82,1846882
25-Jun-12,19.84,19.85,19.54,19.71,2531914
22-Jun-12,20.18,20.26,19.98,20.11,1797122
21-Jun-12,20.55,20.61,19.97,20.03,2611843
20-Jun-12,20.33,20.55,20.16,20.48,2110402
19-Jun-12,20.19,20.55,20.08,20.28,3132120
18-Jun-12,20.21,20.37,19.98,20.07,2341025
15-Jun-12,20.36,20.45,20.12,20.35,2462604
14-Jun-12,20.10,20.40,20.06,20.27,2596842
13-Jun-12,20.12,20.29,20.00,20.12,3100960
12-Jun-12,20.06,20.40,19.99,20.29,2908626
11-Jun-12,20.58,20.60,20.04,20.05,2716795
8-Jun-12,20.23,20.44,20.10,20.39,2464604
7-Jun-12,20.65,20.77,20.32,20.36,3652434
6-Jun-12,19.95,20.43,19.89,20.43,2814186
5-Jun-12,19.52,19.80,19.52,19.76,2378107
4-Jun-12,19.80,19.92,19.56,19.60,3440579
1-Jun-12,20.05,20.10,19.67,19.70,4276163
31-May-12,20.08,20.53,19.86,20.42,4109321
30-May-12,20.37,20.44,19.99,20.04,3586242
29-May-12,20.46,20.68,20.39,20.57,2969692
25-May-12,20.39,20.51,20.15,20.25,3392353
24-May-12,20.56,20.59,20.22,20.44,2743526
23-May-12,20.22,20.50,19.92,20.44,3442180
22-May-12,20.44,20.58,20.16,20.36,4149289
21-May-12,20.11,20.44,20.09,20.33,6087886
18-May-12,20.67,20.72,20.30,20.35,3935970
17-May-12,21.23,21.24,20.61,20.61,4012616
16-May-12,21.71,21.90,21.25,21.25,3527551
15-May-12,21.75,21.96,21.56,21.63,2459832
14-May-12,21.89,22.03,21.71,21.77,3169987
11-May-12,21.88,22.54,21.75,22.12,7279441
10-May-12,22.53,22.58,22.03,22.09,3903409
9-May-12,21.36,22.64,21.36,22.25,9897594
8-May-12,21.03,21.50,21.02,21.33,5177266
7-May-12,21.08,21.30,20.96,21.22,2769478
4-May-12,21.21,21.29,20.99,21.14,2887650
3-May-12,21.65,21.80,21.34,21.34,3148954
2-May-12,21.62,21.69,21.41,21.60,2037109
1-May-12,21.52,22.02,21.51,21.79,2374128
30-Apr-12,21.64,21.83,21.48,21.51,1618696
27-Apr-12,22.11,22.16,21.50,21.72,2612509
26-Apr-12,21.57,22.07,21.43,22.06,3091166
25-Apr-12,21.42,21.69,21.25,21.64,2912682
24-Apr-12,21.05,21.29,21.04,21.26,1436281
23-Apr-12,21.06,21.23,20.91,21.03,2635326
20-Apr-12,21.46,21.60,21.28,21.38,2886062
19-Apr-12,20.96,21.45,20.94,21.37,3592195
18-Apr-12,20.98,20.99,20.78,20.89,1710867
17-Apr-12,21.35,21.40,21.05,21.08,2647050
16-Apr-12,20.99,21.25,20.83,21.22,2548967
13-Apr-12,21.43,21.43,20.81,20.81,2546904
12-Apr-12,21.23,21.48,21.16,21.47,1919739
11-Apr-12,21.23,21.23,21.04,21.18,2822355
10-Apr-12,21.25,21.27,20.85,20.99,4350017
9-Apr-12,21.35,21.37,21.21,21.31,1852864
5-Apr-12,21.24,21.68,21.24,21.66,2474667
4-Apr-12,21.29,21.49,21.18,21.34,3566493
3-Apr-12,21.83,21.84,21.36,21.54,4900009
2-Apr-12,21.60,21.99,21.50,21.91,3196136
30-Mar-12,21.64,21.81,21.47,21.69,3818641
29-Mar-12,21.25,21.46,21.19,21.40,1698028
28-Mar-12,21.33,21.49,21.14,21.46,2810654
27-Mar-12,21.65,21.66,21.30,21.31,2243654
26-Mar-12,21.40,21.67,21.30,21.67,2430759
23-Mar-12,20.85,21.19,20.78,21.13,4512117
22-Mar-12,21.00,21.04,20.75,20.82,4132106
21-Mar-12,21.57,21.59,21.18,21.18,3824712
20-Mar-12,21.44,21.76,21.38,21.52,3093410
19-Mar-12,21.91,21.92,21.53,21.57,3892116
16-Mar-12,21.94,22.01,21.75,21.87,4001535
15-Mar-12,21.79,21.90,21.67,21.88,2301207
14-Mar-12,21.79,22.03,21.69,21.76,2484128
13-Mar-12,21.26,21.78,21.17,21.76,3747110
12-Mar-12,21.18,21.40,21.16,21.25,1779975
9-Mar-12,21.20,21.47,21.15,21.22,4304553
8-Mar-12,20.72,21.04,20.64,21.00,6354678
7-Mar-12,20.28,20.61,20.18,20.60,3664213
6-Mar-12,20.60,20.64,20.16,20.22,3940714
5-Mar-12,20.93,21.07,20.82,20.86,2470509
2-Mar-12,20.92,21.07,20.90,21.02,3193291
1-Mar-12,20.85,21.09,20.81,20.97,4255245
29-Feb-12,20.70,20.90,20.64,20.80,5906801
28-Feb-12,20.45,20.64,20.23,20.61,4281175
27-Feb-12,19.92,20.55,19.91,20.32,3992567
24-Feb-12,20.21,20.44,20.04,20.08,3263800
23-Feb-12,20.00,20.52,19.97,20.22,3738955
22-Feb-12,20.25,20.30,20.02,20.05,4299550
21-Feb-12,20.06,20.27,20.02,20.26,3069778
17-Feb-12,20.02,20.12,19.78,19.94,3170999
16-Feb-12,19.51,20.09,19.46,19.96,5646600
15-Feb-12,19.40,19.51,19.18,19.51,5079466
14-Feb-12,18.90,19.34,18.86,19.31,6290566
13-Feb-12,19.33,19.47,18.87,19.06,13190010
10-Feb-12,20.21,20.21,19.15,19.27,20232112
9-Feb-12,20.99,21.24,20.69,21.01,3413732
8-Feb-12,21.20,21.42,20.96,20.97,3330176
7-Feb-12,20.85,21.29,20.70,21.23,2603603
6-Feb-12,20.87,21.12,20.79,20.98,1521177
3-Feb-12,21.36,21.40,20.93,21.02,4806066
2-Feb-12,21.00,21.20,20.89,21.10,4870219
1-Feb-12,20.46,21.07,20.46,20.91,3682509
31-Jan-12,20.18,20.36,20.01,20.27,3193369
30-Jan-12,20.05,20.12,19.85,20.03,2297890
27-Jan-12,20.50,20.57,20.07,20.30,3522271
26-Jan-12,20.78,20.80,20.54,20.66,2519579
25-Jan-12,20.34,20.76,20.30,20.73,2729109
24-Jan-12,20.31,20.51,20.16,20.42,1755450
23-Jan-12,20.42,20.73,20.29,20.50,2079644
20-Jan-12,19.86,20.53,19.86,20.39,6695079
19-Jan-12,20.19,20.30,19.87,19.91,7198360
18-Jan-12,20.06,20.10,19.90,20.06,3466367
17-Jan-12,19.99,20.53,19.85,20.12,4008783
13-Jan-12,20.26,20.26,20.26,20.26,0
12-Jan-12,20.31,20.58,20.18,20.57,4218370
11-Jan-12,20.13,20.25,20.05,20.24,2663762
10-Jan-12,20.16,20.34,20.01,20.29,3116665
9-Jan-12,19.39,19.82,19.35,19.79,3796544
6-Jan-12,19.84,20.13,19.66,19.93,2868826
5-Jan-12,19.60,19.82,19.25,19.80,3889819
4-Jan-12,20.04,20.11,19.71,19.72,3384549
3-Jan-12,20.25,20.41,20.10,20.18,3699335
30-Dec-11,19.77,19.77,19.77,19.77,0
29-Dec-11,19.78,20.09,19.75,19.93,1728271
28-Dec-11,20.16,20.19,19.71,19.72,1724571
27-Dec-11,20.24,20.45,20.14,20.17,1345679
23-Dec-11,20.27,20.27,20.27,20.27,0
22-Dec-11,19.73,20.15,19.64,20.11,3378313
21-Dec-11,19.68,19.73,19.34,19.58,3839823
20-Dec-11,19.59,19.68,19.42,19.63,3732264
19-Dec-11,19.71,19.77,19.16,19.21,2883170
16-Dec-11,19.97,20.09,19.64,19.66,3303618
15-Dec-11,19.86,20.02,19.69,19.79,2562640
14-Dec-11,19.36,19.80,19.36,19.50,2745321
13-Dec-11,19.94,20.12,19.35,19.52,3011621
12-Dec-11,20.22,20.29,19.76,19.94,3405955
9-Dec-11,20.64,20.77,20.37,20.56,3528239
8-Dec-11,20.99,21.00,20.38,20.44,3521764
7-Dec-11,21.15,21.35,20.74,21.23,3015544
6-Dec-11,20.93,21.31,20.81,21.20,2916889
5-Dec-11,21.11,21.17,20.76,20.96,3630586
2-Dec-11,20.75,21.15,20.67,20.75,4937095
1-Dec-11,20.52,20.75,20.36,20.53,3414820
30-Nov-11,20.23,20.65,19.94,20.62,5329430
29-Nov-11,19.53,19.63,19.28,19.46,2012343
28-Nov-11,19.50,19.70,19.24,19.42,4188785
25-Nov-11,18.69,19.37,18.65,18.92,1686172
23-Nov-11,18.78,18.78,18.78,18.78,0
22-Nov-11,19.47,19.78,19.38,19.49,2804074
21-Nov-11,19.45,19.65,19.07,19.52,4891109
18-Nov-11,19.84,19.89,19.54,19.86,3815644
17-Nov-11,20.05,20.19,19.50,19.64,4178077
16-Nov-11,20.58,20.68,20.11,20.12,3276757
15-Nov-11,20.87,21.21,20.70,20.80,4173191
14-Nov-11,21.11,21.16,20.80,20.88,3279412
11-Nov-11,21.00,21.33,20.84,21.20,2702014
10-Nov-11,20.81,20.94,20.25,20.70,4603331
9-Nov-11,21.23,21.23,20.35,20.43,4800031
8-Nov-11,21.63,21.91,21.49,21.87,3108434
7-Nov-11,21.33,21.54,21.05,21.53,1902350
4-Nov-11,21.22,21.48,21.00,21.31,3895749
3-Nov-11,21.39,21.63,20.88,21.54,5223523
2-Nov-11,21.36,21.72,20.81,21.17,9258794
1-Nov-11,21.12,21.52,20.91,20.93,4959018
31-Oct-11,22.14,22.29,21.74,21.74,4806300
28-Oct-11,22.66,22.78,22.35,22.56,3890090
27-Oct-11,22.84,23.00,22.44,22.78,5486802
26-Oct-11,22.08,22.32,21.60,21.94,7690106
25-Oct-11,22.60,22.60,21.74,21.82,6182149
24-Oct-11,21.91,22.77,21.75,22.75,6903250
21-Oct-11,20.85,21.55,20.84,21.54,6048433
20-Oct-11,19.84,20.67,19.84,20.56,4647841
19-Oct-11,19.73,20.22,19.55,19.91,3822598
18-Oct-11,19.02,19.94,18.83,19.73,6675336
17-Oct-11,19.56,19.63,18.92,18.96,3945024
14-Oct-11,19.77,19.85,19.34,19.75,2693878
13-Oct-11,19.54,19.62,19.18,19.46,3282278
12-Oct-11,19.75,20.13,19.65,19.80,3709851
11-Oct-11,19.48,19.71,19.31,19.49,2694982
10-Oct-11,19.15,19.59,19.15,19.59,2249470
7-Oct-11,19.54,19.54,18.73,18.76,3401747
6-Oct-11,18.76,19.39,18.61,19.37,3758050
5-Oct-11,18.66,18.96,18.25,18.78,3708809
4-Oct-11,17.92,18.69,17.69,18.64,6290296
3-Oct-11,18.65,18.86,17.87,18.17,6039048
30-Sep-11,19.04,19.29,18.78,18.80,5763491
