Date,Open,High,Low,Close,Volume
26-Sep-12,3.22,3.30,3.16,3.24,71257
25-Sep-12,3.30,3.35,3.23,3.24,112034
24-Sep-12,3.34,3.41,3.25,3.33,581196
21-Sep-12,3.27,3.30,3.25,3.28,23687
20-Sep-12,3.25,3.30,3.22,3.27,17011
19-Sep-12,3.22,3.29,3.22,3.27,17367
18-Sep-12,3.38,3.38,3.17,3.24,69831
17-Sep-12,3.20,3.34,3.20,3.31,33874
14-Sep-12,3.26,3.30,3.17,3.24,32307
13-Sep-12,3.30,3.37,3.27,3.27,15660
12-Sep-12,3.33,3.34,3.27,3.29,16792
11-Sep-12,3.33,3.38,3.27,3.33,6128
10-Sep-12,3.42,3.42,3.29,3.34,11863
7-Sep-12,3.41,3.44,3.38,3.42,85181
6-Sep-12,3.35,3.43,3.31,3.39,114082
5-Sep-12,3.41,3.44,3.27,3.31,146850
4-Sep-12,3.35,3.48,3.35,3.45,280886
31-Aug-12,3.38,3.40,3.28,3.38,105919
30-Aug-12,3.29,3.40,3.28,3.40,117078
29-Aug-12,3.25,3.40,3.25,3.35,82827
28-Aug-12,3.34,3.40,3.24,3.30,182146
27-Aug-12,3.34,3.43,3.32,3.36,115615
24-Aug-12,3.34,3.40,3.33,3.40,42310
23-Aug-12,3.25,3.40,3.20,3.40,114698
22-Aug-12,3.44,3.44,3.22,3.29,97508
21-Aug-12,3.43,3.44,3.30,3.44,109921
20-Aug-12,3.41,3.45,3.35,3.45,97703
17-Aug-12,3.39,3.49,3.38,3.45,223235
16-Aug-12,3.37,3.41,3.35,3.40,119884
15-Aug-12,3.33,3.43,3.33,3.40,137235
14-Aug-12,3.39,3.42,3.34,3.38,47346
13-Aug-12,3.34,3.42,3.28,3.40,77959
10-Aug-12,3.35,3.41,3.30,3.40,115859
9-Aug-12,3.38,3.47,3.23,3.41,108974
8-Aug-12,3.13,3.47,3.01,3.38,295623
7-Aug-12,3.45,3.45,3.14,3.26,297826
6-Aug-12,3.50,3.50,3.33,3.47,104663
3-Aug-12,3.34,3.43,3.30,3.39,83318
2-Aug-12,3.50,3.50,3.30,3.33,81600
1-Aug-12,3.57,3.62,3.50,3.52,58910
31-Jul-12,3.44,3.56,3.38,3.55,225427
30-Jul-12,3.49,3.49,3.32,3.44,320956
27-Jul-12,3.60,3.60,3.50,3.55,212904
26-Jul-12,3.53,3.64,3.51,3.56,97338
25-Jul-12,3.54,3.62,3.50,3.53,85395
24-Jul-12,3.76,3.80,3.42,3.50,174374
23-Jul-12,3.66,3.85,3.46,3.76,131147
20-Jul-12,3.88,3.89,3.25,3.72,474977
19-Jul-12,4.04,4.15,3.88,3.90,244259
18-Jul-12,4.11,4.18,4.02,4.05,206827
17-Jul-12,4.30,4.37,3.99,4.13,430643
16-Jul-12,3.95,4.30,3.86,4.22,787879
13-Jul-12,3.96,4.03,3.88,3.99,406741
12-Jul-12,3.65,3.96,3.58,3.89,534046
11-Jul-12,3.51,3.68,3.15,3.64,277314
10-Jul-12,3.51,3.65,3.45,3.55,354497
9-Jul-12,3.23,3.58,3.23,3.36,374998
6-Jul-12,3.10,3.19,3.06,3.16,197126
5-Jul-12,3.31,3.31,3.12,3.13,338263
3-Jul-12,3.51,3.51,3.27,3.31,203151
2-Jul-12,3.29,3.55,3.27,3.45,523310
29-Jun-12,2.93,3.33,2.91,3.26,520395
28-Jun-12,2.75,2.89,2.75,2.89,126359
27-Jun-12,2.86,2.93,2.74,2.77,154107
26-Jun-12,2.70,2.85,2.68,2.84,148472
25-Jun-12,2.65,2.74,2.64,2.70,166966
22-Jun-12,2.72,2.74,2.65,2.67,303013
21-Jun-12,2.72,2.79,2.62,2.69,218900
20-Jun-12,2.70,2.78,2.65,2.68,199413
19-Jun-12,2.85,2.88,2.67,2.71,134704
18-Jun-12,2.67,2.89,2.63,2.80,368386
15-Jun-12,2.55,2.81,2.52,2.74,194517
14-Jun-12,2.54,2.63,2.51,2.52,178911
13-Jun-12,2.60,2.66,2.51,2.57,311861
12-Jun-12,2.75,2.76,2.60,2.60,188299
11-Jun-12,2.85,2.85,2.70,2.70,95167
8-Jun-12,2.78,2.87,2.72,2.75,176382
7-Jun-12,2.90,2.90,2.77,2.78,322514
6-Jun-12,2.83,2.89,2.68,2.88,311985
5-Jun-12,2.63,2.82,2.59,2.80,279190
4-Jun-12,2.85,2.85,2.59,2.64,250815
1-Jun-12,2.69,2.89,2.59,2.81,338621
31-May-12,2.56,2.69,2.56,2.66,205333
30-May-12,2.58,2.62,2.50,2.55,175281
29-May-12,2.72,2.75,2.58,2.61,297427
25-May-12,2.78,2.84,2.64,2.69,214976
24-May-12,2.89,2.98,2.66,2.77,504844
23-May-12,2.54,3.12,2.54,2.93,1670146
22-May-12,2.57,2.68,2.50,2.50,450546
21-May-12,2.84,2.87,2.54,2.58,848997
18-May-12,2.99,2.99,2.78,2.84,283298
17-May-12,3.00,3.15,2.75,2.97,441572
16-May-12,3.24,3.29,2.90,2.99,910023
15-May-12,3.42,3.52,3.25,3.26,547968
14-May-12,3.65,3.66,3.36,3.42,502523
11-May-12,3.75,3.79,3.66,3.68,179288
10-May-12,3.75,3.98,3.72,3.80,385174
9-May-12,3.82,3.85,3.71,3.74,334212
8-May-12,3.88,3.96,3.75,3.87,254271
7-May-12,4.16,4.16,3.74,3.91,487155
4-May-12,4.52,4.52,4.00,4.16,663295
3-May-12,4.62,4.68,4.50,4.56,128368
2-May-12,4.51,4.69,4.46,4.65,162027
1-May-12,4.49,4.60,4.43,4.55,192502
30-Apr-12,4.45,4.51,4.35,4.48,142675
27-Apr-12,4.19,4.40,4.16,4.40,195750
26-Apr-12,4.29,4.33,4.10,4.15,291335
25-Apr-12,4.37,4.52,4.27,4.27,227821
24-Apr-12,4.32,4.48,4.26,4.36,136573
23-Apr-12,4.32,4.40,4.25,4.35,270356
20-Apr-12,4.39,4.54,4.33,4.43,279931
19-Apr-12,4.36,4.52,4.33,4.38,139377
18-Apr-12,4.49,4.53,4.23,4.38,307929
17-Apr-12,4.42,4.53,4.36,4.50,252173
16-Apr-12,4.45,4.47,4.39,4.41,148580
13-Apr-12,4.45,4.49,4.42,4.45,134196
12-Apr-12,4.50,4.59,4.42,4.46,171621
11-Apr-12,4.50,4.56,4.44,4.50,170204
10-Apr-12,4.51,4.59,4.33,4.48,291571
9-Apr-12,4.48,4.64,4.45,4.49,169052
5-Apr-12,4.63,4.64,4.59,4.60,116487
4-Apr-12,4.62,4.69,4.57,4.66,211256
3-Apr-12,4.62,4.87,4.62,4.69,576791
2-Apr-12,4.47,4.59,4.38,4.58,242782
30-Mar-12,4.50,4.50,4.32,4.48,230097
29-Mar-12,4.32,4.48,4.23,4.47,235969
28-Mar-12,4.43,4.43,4.25,4.38,151089
27-Mar-12,4.43,4.46,4.35,4.42,140799
26-Mar-12,4.38,4.48,4.35,4.45,178922
23-Mar-12,4.23,4.34,4.16,4.31,219751
22-Mar-12,4.40,4.40,4.17,4.24,292177
21-Mar-12,4.54,4.60,4.37,4.42,396354
20-Mar-12,4.50,4.56,4.47,4.56,235231
19-Mar-12,4.59,4.66,4.48,4.50,284135
16-Mar-12,4.69,4.76,4.54,4.59,145666
15-Mar-12,4.49,4.68,4.43,4.68,253066
14-Mar-12,4.55,4.58,4.40,4.49,373555
13-Mar-12,4.74,4.74,4.52,4.55,297844
12-Mar-12,4.80,4.88,4.68,4.71,270250
9-Mar-12,4.74,4.84,4.68,4.82,221405
8-Mar-12,4.81,4.85,4.61,4.74,356538
7-Mar-12,4.96,5.07,4.72,4.77,1078179
6-Mar-12,4.67,4.72,4.51,4.68,304958
5-Mar-12,4.71,4.76,4.60,4.69,153533
2-Mar-12,4.85,4.85,4.65,4.67,284239
1-Mar-12,4.61,4.90,4.61,4.86,417540
29-Feb-12,4.85,4.92,4.60,4.62,391823
28-Feb-12,4.50,4.92,4.46,4.80,773335
27-Feb-12,4.63,4.68,4.43,4.49,275041
24-Feb-12,4.79,4.82,4.50,4.61,514344
23-Feb-12,4.60,5.13,4.60,4.79,2475812
22-Feb-12,4.30,4.40,4.29,4.31,218398
21-Feb-12,4.30,4.40,4.20,4.29,343385
17-Feb-12,4.35,4.35,4.19,4.26,270819
16-Feb-12,4.28,4.37,4.26,4.31,135640
15-Feb-12,4.30,4.33,4.27,4.27,134031
14-Feb-12,4.31,4.37,4.24,4.28,140661
13-Feb-12,4.12,4.36,4.12,4.33,248709
10-Feb-12,4.23,4.24,4.05,4.08,226663
9-Feb-12,4.29,4.36,4.21,4.25,309968
8-Feb-12,4.45,4.45,4.45,4.45,0
7-Feb-12,4.48,4.53,4.38,4.49,172264
6-Feb-12,4.52,4.68,4.44,4.45,364939
3-Feb-12,4.54,4.55,4.30,4.48,301751
2-Feb-12,4.60,4.63,4.40,4.44,317987
1-Feb-12,4.74,4.74,4.48,4.59,309448
31-Jan-12,4.63,4.63,4.63,4.63,0
30-Jan-12,4.12,4.84,4.12,4.75,1032412
27-Jan-12,4.20,4.22,4.10,4.15,181506
26-Jan-12,4.31,4.35,4.06,4.20,320409
25-Jan-12,4.31,4.35,4.23,4.30,262001
24-Jan-12,4.27,4.27,4.27,4.27,0
23-Jan-12,4.47,4.59,4.33,4.55,437251
20-Jan-12,4.44,4.44,4.44,4.44,0
19-Jan-12,4.12,4.50,4.11,4.30,984537
18-Jan-12,3.94,4.19,3.89,4.10,564503
17-Jan-12,3.99,4.15,3.87,3.90,960381
13-Jan-12,3.91,3.91,3.91,3.91,0
12-Jan-12,3.65,3.65,3.65,3.65,0
11-Jan-12,3.35,3.75,3.35,3.70,993962
10-Jan-12,3.21,3.35,3.21,3.33,404665
9-Jan-12,3.37,3.40,3.19,3.21,603993
6-Jan-12,3.43,3.45,3.37,3.38,90145
5-Jan-12,3.49,3.49,3.36,3.45,341194
4-Jan-12,3.57,3.60,3.38,3.42,449445
3-Jan-12,3.78,3.80,3.51,3.58,550743
30-Dec-11,3.69,3.69,3.69,3.69,0
29-Dec-11,3.60,3.74,3.50,3.62,384838
28-Dec-11,3.63,3.69,3.59,3.62,207256
27-Dec-11,3.62,3.62,3.62,3.62,0
23-Dec-11,3.79,3.79,3.79,3.79,0
22-Dec-11,3.98,3.98,3.77,3.77,302106
21-Dec-11,3.61,4.02,3.61,3.98,576985
20-Dec-11,3.57,3.72,3.55,3.60,259608
19-Dec-11,3.51,3.76,3.49,3.50,426297
16-Dec-11,3.49,3.49,3.49,3.49,0
15-Dec-11,4.36,4.40,3.91,3.97,677587
14-Dec-11,4.39,4.41,4.25,4.29,173571
13-Dec-11,4.61,4.64,4.40,4.46,194218
12-Dec-11,4.59,4.59,4.59,4.59,0
9-Dec-11,4.35,4.54,4.31,4.54,197925
8-Dec-11,4.35,4.35,4.35,4.35,0
7-Dec-11,4.46,4.61,4.36,4.54,227618
6-Dec-11,4.15,4.15,4.15,4.15,0
5-Dec-11,4.76,4.76,4.55,4.59,211382
2-Dec-11,4.68,4.74,4.52,4.64,212381
1-Dec-11,4.81,4.81,4.57,4.60,270216
30-Nov-11,4.90,4.90,4.90,4.90,0
29-Nov-11,4.83,4.83,4.67,4.83,158813
28-Nov-11,4.57,4.57,4.57,4.57,0
25-Nov-11,4.65,4.74,4.55,4.62,90755
23-Nov-11,4.70,4.70,4.70,4.70,0
22-Nov-11,4.98,4.98,4.98,4.98,0
21-Nov-11,4.91,4.95,4.66,4.88,516652
18-Nov-11,5.02,5.02,5.02,5.02,0
17-Nov-11,5.50,5.50,5.11,5.18,468627
16-Nov-11,5.10,5.28,4.99,5.18,320204
15-Nov-11,4.96,4.96,4.96,4.96,0
14-Nov-11,4.93,5.34,4.90,5.25,723409
11-Nov-11,5.03,5.12,4.94,4.98,260842
10-Nov-11,5.02,5.12,4.95,5.04,588620
9-Nov-11,5.00,5.14,4.80,5.00,806478
8-Nov-11,5.13,5.13,5.13,5.13,0
7-Nov-11,4.85,5.39,4.85,5.16,1751600
4-Nov-11,4.58,4.58,4.58,4.58,0
3-Nov-11,5.70,5.70,5.30,5.37,1201304
2-Nov-11,5.95,6.05,5.22,5.56,6539745
1-Nov-11,5.60,5.69,5.28,5.39,771992
31-Oct-11,5.73,5.93,5.66,5.74,507392
28-Oct-11,5.86,5.86,5.86,5.86,0
27-Oct-11,6.20,6.27,5.94,6.13,785919
26-Oct-11,5.98,6.33,5.53,5.96,1277934
25-Oct-11,6.35,6.35,5.72,5.85,852121
24-Oct-11,6.26,6.45,6.20,6.30,341323
21-Oct-11,6.50,6.59,6.20,6.31,589422
20-Oct-11,6.25,6.56,6.10,6.47,656309
19-Oct-11,6.43,6.51,6.20,6.29,510613
18-Oct-11,6.44,6.44,6.44,6.44,0
17-Oct-11,6.52,6.60,6.30,6.47,545860
14-Oct-11,6.56,6.56,6.56,6.56,0
13-Oct-11,6.24,6.68,5.82,6.52,1623969
12-Oct-11,5.85,6.30,5.65,6.21,2468271
11-Oct-11,5.25,5.82,5.15,5.76,1413988
10-Oct-11,5.65,5.85,5.32,5.35,896557
7-Oct-11,5.67,5.78,5.31,5.57,580144
6-Oct-11,5.80,5.80,5.44,5.62,775079
5-Oct-11,5.28,5.28,5.28,5.28,0
4-Oct-11,4.64,5.98,4.40,5.92,3907338
3-Oct-11,4.77,5.00,4.58,4.63,1701340
30-Sep-11,4.51,4.57,4.38,4.43,469506
29-Sep-11,4.66,4.84,4.41,4.63,763760
