Date,Open,High,Low,Close,Volume
27-Sep-12,19.86,20.39,19.85,20.34,1112983
26-Sep-12,19.64,19.75,19.20,19.65,770396
25-Sep-12,19.85,20.00,19.61,19.70,1292377
24-Sep-12,19.46,19.85,19.46,19.79,485126
21-Sep-12,19.41,19.76,19.39,19.72,1192544
20-Sep-12,18.97,19.24,18.72,19.11,539396
19-Sep-12,19.13,19.27,18.72,19.06,572283
18-Sep-12,19.08,19.72,18.86,19.20,663412
17-Sep-12,19.43,19.53,18.94,19.16,501167
14-Sep-12,19.80,19.91,19.62,19.65,845962
13-Sep-12,19.03,19.75,19.00,19.65,942753
12-Sep-12,19.04,19.37,18.83,19.02,530091
11-Sep-12,18.72,19.11,18.52,18.87,845424
10-Sep-12,19.33,19.53,18.74,18.79,417283
7-Sep-12,19.36,19.65,19.22,19.42,669156
6-Sep-12,19.16,19.68,19.10,19.22,942327
5-Sep-12,18.65,19.05,18.57,19.01,907994
4-Sep-12,18.46,18.80,18.19,18.57,608358
31-Aug-12,18.51,18.51,18.05,18.39,549500
30-Aug-12,18.44,18.58,18.03,18.18,671657
29-Aug-12,18.77,18.77,18.30,18.60,495950
28-Aug-12,18.55,18.82,18.45,18.72,380312
27-Aug-12,18.76,18.76,18.31,18.46,782233
24-Aug-12,18.46,18.77,18.20,18.64,450837
23-Aug-12,18.73,18.91,18.48,18.60,534818
22-Aug-12,18.79,18.93,18.55,18.75,434448
21-Aug-12,19.00,19.08,18.72,18.88,541630
20-Aug-12,19.00,19.08,18.57,18.86,529750
17-Aug-12,18.92,19.15,18.90,19.11,135881
16-Aug-12,18.78,19.18,18.63,19.12,146773
15-Aug-12,18.59,18.80,18.55,18.75,109711
14-Aug-12,18.65,18.85,18.57,18.69,175772
13-Aug-12,18.49,18.79,18.15,18.50,127761
10-Aug-12,18.43,18.59,18.17,18.49,188456
9-Aug-12,18.21,18.77,18.21,18.49,214626
8-Aug-12,18.01,18.39,17.83,18.26,402360
7-Aug-12,15.66,18.73,15.60,18.21,688519
6-Aug-12,15.55,15.68,15.35,15.51,254747
3-Aug-12,15.50,15.72,15.22,15.60,336842
2-Aug-12,14.43,15.25,14.17,15.07,1086711
1-Aug-12,14.95,14.71,14.71,14.71,58902
31-Jul-12,15.05,15.40,14.62,14.77,682402
30-Jul-12,14.91,15.22,14.72,15.22,671727
27-Jul-12,14.25,15.01,14.22,14.91,1637182
26-Jul-12,13.82,14.20,13.67,14.13,593982
25-Jul-12,13.73,13.80,13.43,13.55,499246
24-Jul-12,13.88,13.96,13.34,13.53,577754
23-Jul-12,13.62,14.05,13.45,13.83,474267
20-Jul-12,13.75,14.15,13.55,14.05,544363
19-Jul-12,14.20,14.26,13.80,13.90,461604
18-Jul-12,13.93,14.26,13.85,14.10,532183
17-Jul-12,13.92,14.06,13.53,14.01,451378
16-Jul-12,13.62,13.88,13.52,13.79,314452
13-Jul-12,13.75,13.93,13.55,13.70,741182
12-Jul-12,13.22,13.79,13.20,13.67,669611
11-Jul-12,13.37,13.70,13.28,13.47,784144
10-Jul-12,13.92,14.10,13.13,13.29,579422
9-Jul-12,13.75,13.87,13.12,13.74,1027401
6-Jul-12,13.64,14.15,13.52,13.81,655607
5-Jul-12,14.11,14.24,13.75,13.96,623737
3-Jul-12,13.50,14.22,13.43,14.22,1004300
2-Jul-12,12.75,13.36,12.57,13.36,874626
29-Jun-12,13.11,13.13,12.61,12.75,1307536
28-Jun-12,11.77,12.58,11.66,12.57,778943
27-Jun-12,11.11,12.07,11.01,11.94,712118
26-Jun-12,11.15,11.37,10.89,11.06,439555
25-Jun-12,11.19,11.32,10.97,11.15,471865
22-Jun-12,11.43,11.88,11.18,11.52,1072415
21-Jun-12,12.09,12.09,11.22,11.30,950160
20-Jun-12,12.15,12.69,12.09,12.10,1574908
19-Jun-12,11.48,12.25,11.45,12.17,1169136
18-Jun-12,11.46,11.55,11.30,11.35,745895
15-Jun-12,11.06,11.75,10.72,11.66,1323882
14-Jun-12,10.69,10.99,10.60,10.98,485866
13-Jun-12,11.08,11.21,10.58,10.65,690921
12-Jun-12,11.04,11.22,10.82,11.16,533348
11-Jun-12,11.51,11.59,10.91,10.93,629534
8-Jun-12,11.47,11.61,10.89,11.28,682009
7-Jun-12,11.92,12.13,11.49,11.56,676944
6-Jun-12,11.31,11.83,11.24,11.73,817637
5-Jun-12,10.94,11.22,10.77,11.16,562461
4-Jun-12,10.85,11.05,10.58,10.86,796014
1-Jun-12,11.01,11.25,10.78,10.78,1065726
31-May-12,11.82,11.87,11.14,11.54,1239279
30-May-12,12.22,12.22,11.55,11.78,1503920
29-May-12,11.82,12.48,11.82,12.44,868977
25-May-12,12.06,12.17,11.61,11.62,923294
24-May-12,12.18,12.18,11.64,12.10,660412
23-May-12,11.64,12.16,11.35,12.09,738238
22-May-12,12.46,12.64,11.70,11.83,1367279
21-May-12,11.64,12.48,11.58,12.47,1190852
18-May-12,11.59,11.89,11.45,11.56,750508
17-May-12,11.65,12.04,11.42,11.52,1152511
16-May-12,12.26,12.67,11.57,11.63,951060
15-May-12,12.38,12.46,12.02,12.08,888314
14-May-12,12.43,12.59,12.12,12.42,1177628
11-May-12,12.82,13.42,12.67,12.81,1076102
10-May-12,12.72,13.07,12.55,13.01,1215736
9-May-12,12.14,12.78,11.85,12.52,810052
8-May-12,12.33,12.50,12.01,12.47,986563
7-May-12,12.60,12.95,12.33,12.55,990111
4-May-12,13.31,13.31,12.48,12.70,1716607
3-May-12,14.11,14.31,13.26,13.50,2658937
2-May-12,13.64,13.67,12.90,13.52,1521810
1-May-12,13.51,14.08,13.21,13.82,1801941
30-Apr-12,12.91,13.68,12.69,13.51,1566478
27-Apr-12,12.71,12.98,12.45,12.95,1264478
26-Apr-12,12.07,12.69,11.96,12.59,1496468
25-Apr-12,11.91,12.22,11.68,12.16,892849
24-Apr-12,11.34,11.88,11.24,11.70,932339
23-Apr-12,11.09,11.51,10.90,11.29,1104438
20-Apr-12,11.85,12.18,11.35,11.38,837418
19-Apr-12,12.10,12.13,11.61,11.66,912508
18-Apr-12,12.41,12.62,11.99,12.11,852170
17-Apr-12,12.26,12.68,12.22,12.52,862834
16-Apr-12,12.51,12.53,11.93,12.09,832384
13-Apr-12,13.25,13.25,12.33,12.38,687768
12-Apr-12,12.85,13.35,12.85,13.28,638806
11-Apr-12,12.58,12.98,12.54,12.81,1065983
10-Apr-12,12.44,12.81,12.14,12.37,1138774
9-Apr-12,12.42,12.80,12.26,12.52,855514
5-Apr-12,13.11,13.30,12.73,12.76,854092
4-Apr-12,13.14,13.31,12.92,13.19,815532
3-Apr-12,13.50,13.55,13.15,13.40,1223039
2-Apr-12,13.18,13.78,13.00,13.55,1665698
30-Mar-12,13.28,13.38,12.85,13.19,1106584
29-Mar-12,13.19,13.28,12.86,13.14,857978
28-Mar-12,13.69,13.70,12.84,13.36,1321321
27-Mar-12,14.56,14.56,13.66,13.72,1204970
26-Mar-12,14.27,14.85,14.27,14.56,1697306
23-Mar-12,13.39,14.26,13.32,14.01,1728515
22-Mar-12,13.57,13.62,13.26,13.37,855295
21-Mar-12,13.94,14.32,13.46,13.83,807064
20-Mar-12,14.05,14.09,13.61,13.99,1059554
19-Mar-12,14.12,14.60,13.90,14.25,883716
16-Mar-12,13.56,14.43,13.56,14.14,2137935
15-Mar-12,13.43,13.52,13.07,13.49,1368389
14-Mar-12,13.77,13.88,13.24,13.30,856499
13-Mar-12,13.68,13.85,13.45,13.84,1587835
12-Mar-12,13.88,13.88,13.11,13.49,1027063
9-Mar-12,13.95,14.24,13.73,13.92,585235
8-Mar-12,13.84,14.15,13.70,14.01,549282
7-Mar-12,13.34,13.77,13.13,13.73,823677
6-Mar-12,13.47,13.52,13.04,13.22,908417
5-Mar-12,14.23,14.23,13.33,13.70,1564709
2-Mar-12,14.43,14.67,14.07,14.36,1500403
1-Mar-12,14.43,14.70,14.20,14.44,1789714
29-Feb-12,14.86,15.23,14.36,14.40,1560013
28-Feb-12,14.88,15.10,14.57,14.84,1139840
27-Feb-12,14.39,15.06,13.84,14.89,1876919
24-Feb-12,14.08,14.58,13.99,14.41,2066049
23-Feb-12,13.50,14.94,13.01,14.44,4193288
22-Feb-12,12.04,12.28,11.70,12.11,1107832
21-Feb-12,12.64,12.67,12.03,12.09,1227165
17-Feb-12,12.29,12.62,12.29,12.59,1088740
16-Feb-12,11.90,12.26,11.56,12.19,837314
15-Feb-12,12.15,12.40,11.83,11.97,1645986
14-Feb-12,11.71,12.40,11.54,12.19,1865823
13-Feb-12,10.71,11.84,10.71,11.78,1482442
10-Feb-12,10.64,10.89,10.47,10.49,760845
9-Feb-12,11.13,11.25,10.72,10.93,1123112
8-Feb-12,11.24,11.43,10.84,11.14,730824
7-Feb-12,10.94,11.26,10.58,11.20,1438828
6-Feb-12,10.13,10.91,10.06,10.90,993412
3-Feb-12,10.13,10.50,10.00,10.22,1310204
2-Feb-12,9.25,9.98,9.16,9.94,1000005
1-Feb-12,9.37,9.44,9.10,9.25,1199602
31-Jan-12,9.58,9.73,9.24,9.28,831853
30-Jan-12,9.46,9.63,9.20,9.48,666390
27-Jan-12,8.86,9.63,8.86,9.60,970691
26-Jan-12,9.57,9.67,8.85,8.89,1069140
25-Jan-12,9.37,9.56,9.00,9.51,814032
24-Jan-12,9.40,9.48,9.18,9.41,704786
23-Jan-12,9.70,9.86,9.47,9.52,696299
20-Jan-12,10.01,10.13,9.58,9.74,769450
19-Jan-12,10.03,10.23,9.97,10.05,856326
18-Jan-12,9.07,10.04,9.07,9.90,1504789
17-Jan-12,9.19,9.29,8.93,9.07,1562678
13-Jan-12,9.06,9.06,9.06,9.06,0
12-Jan-12,9.27,9.41,8.94,9.22,919576
11-Jan-12,9.31,9.40,9.18,9.29,610869
10-Jan-12,9.17,9.41,9.12,9.36,519268
9-Jan-12,9.11,9.17,8.79,8.97,1442745
6-Jan-12,9.26,9.45,9.03,9.05,1171341
5-Jan-12,9.75,9.78,9.11,9.20,1282313
4-Jan-12,9.69,9.98,9.48,9.89,882724
3-Jan-12,9.35,9.84,9.35,9.79,1427443
30-Dec-11,9.10,9.10,9.10,9.10,0
29-Dec-11,8.59,8.85,8.50,8.82,963408
28-Dec-11,9.24,9.24,8.51,8.53,1063119
27-Dec-11,9.25,9.46,9.22,9.27,680171
23-Dec-11,9.25,9.25,9.25,9.25,0
22-Dec-11,9.33,9.58,9.31,9.54,659217
21-Dec-11,9.12,9.36,8.82,9.24,874318
20-Dec-11,8.67,9.20,8.67,9.17,1997283
19-Dec-11,8.85,8.93,8.33,8.41,1099721
16-Dec-11,8.97,9.19,8.66,8.75,2089656
15-Dec-11,9.37,9.41,8.79,8.82,1428196
14-Dec-11,9.63,9.65,9.12,9.20,1636127
13-Dec-11,10.36,10.60,9.72,9.77,1048253
12-Dec-11,10.48,10.50,10.07,10.21,906703
9-Dec-11,10.67,10.81,10.56,10.70,850464
8-Dec-11,11.33,11.57,10.53,10.57,1127545
7-Dec-11,11.33,11.56,10.96,11.46,1042675
6-Dec-11,11.49,11.63,11.12,11.44,573587
5-Dec-11,11.82,11.94,11.36,11.49,734881
2-Dec-11,11.71,11.79,11.23,11.43,729873
1-Dec-11,11.40,11.66,11.24,11.54,870724
30-Nov-11,10.98,11.46,10.76,11.46,1570103
29-Nov-11,10.34,10.48,10.09,10.30,382998
28-Nov-11,10.06,10.85,10.02,10.30,1008975
25-Nov-11,9.80,10.15,9.59,9.59,340331
23-Nov-11,9.90,9.90,9.90,9.90,0
22-Nov-11,10.56,10.78,10.20,10.23,982917
21-Nov-11,10.63,10.68,10.25,10.60,804044
18-Nov-11,10.63,10.98,10.35,10.92,1951279
17-Nov-11,11.70,11.74,10.47,10.59,1812385
16-Nov-11,11.84,12.27,11.60,11.63,932739
15-Nov-11,11.64,12.08,11.40,11.99,709582
14-Nov-11,12.47,12.47,11.60,11.69,959748
11-Nov-11,12.07,12.61,12.04,12.56,1467673
10-Nov-11,11.80,12.01,11.38,11.87,994899
9-Nov-11,11.78,11.92,11.43,11.54,1365293
8-Nov-11,11.78,12.39,11.72,12.25,1648095
7-Nov-11,11.58,12.02,11.22,11.67,1285830
4-Nov-11,10.99,11.74,10.99,11.65,1647157
3-Nov-11,9.63,11.55,9.63,11.50,3238785
2-Nov-11,9.40,9.65,9.23,9.53,885364
1-Nov-11,9.20,9.39,8.78,9.18,1607026
31-Oct-11,10.20,10.20,9.47,9.50,1593333
28-Oct-11,10.25,10.49,10.18,10.40,1326540
27-Oct-11,9.43,10.49,9.18,10.13,1937328
26-Oct-11,9.27,9.32,8.79,9.07,727548
25-Oct-11,9.55,9.94,9.04,9.08,813444
24-Oct-11,8.95,9.43,8.86,9.38,1299749
21-Oct-11,9.20,9.50,8.82,8.97,1244450
20-Oct-11,8.80,9.04,8.55,9.00,719772
19-Oct-11,9.25,9.44,8.79,8.84,579569
18-Oct-11,8.74,9.32,8.53,9.27,1317611
17-Oct-11,9.32,9.42,8.68,8.72,1353543
14-Oct-11,9.23,9.54,9.10,9.41,1372711
13-Oct-11,9.07,9.11,8.78,9.02,1398545
12-Oct-11,9.00,9.30,8.89,9.13,1572790
11-Oct-11,8.79,8.95,8.66,8.86,1383726
10-Oct-11,9.01,9.13,8.63,8.85,1180181
7-Oct-11,9.51,9.57,8.72,8.79,1074506
6-Oct-11,9.12,9.53,9.04,9.49,1515459
5-Oct-11,8.98,9.39,8.77,9.23,1108876
4-Oct-11,8.64,9.04,8.26,8.99,2130892
3-Oct-11,9.59,9.64,8.73,8.78,2075726
30-Sep-11,9.48,10.01,9.42,9.72,1970728
