Date,Open,High,Low,Close,Volume
27-Sep-12,16.52,16.52,16.06,16.17,77686
26-Sep-12,16.28,16.28,16.11,16.24,69539
25-Sep-12,16.13,16.23,16.02,16.05,148524
24-Sep-12,16.06,16.11,16.00,16.02,72752
21-Sep-12,16.25,16.25,16.06,16.07,88810
20-Sep-12,16.29,16.38,16.08,16.23,103142
19-Sep-12,16.34,16.58,16.16,16.48,151532
18-Sep-12,16.38,16.50,16.26,16.43,108743
17-Sep-12,16.21,16.27,16.13,16.20,70142
14-Sep-12,15.77,16.55,15.77,16.30,129371
13-Sep-12,15.93,15.97,15.76,15.82,76360
12-Sep-12,15.96,15.97,15.83,15.89,47796
11-Sep-12,16.13,16.13,15.83,15.92,61090
10-Sep-12,16.20,16.21,15.97,16.01,40608
7-Sep-12,16.13,16.14,15.93,16.10,57117
6-Sep-12,16.05,16.18,15.98,15.99,61793
5-Sep-12,15.94,16.07,15.93,15.98,92537
4-Sep-12,15.96,15.98,15.82,15.90,70676
31-Aug-12,15.84,15.95,15.82,15.95,34302
30-Aug-12,15.80,15.83,15.70,15.81,83738
29-Aug-12,15.64,15.80,15.57,15.75,68529
28-Aug-12,15.61,15.64,15.45,15.64,62896
27-Aug-12,15.62,15.65,15.54,15.61,70382
24-Aug-12,15.40,15.69,15.36,15.65,156618
23-Aug-12,15.42,15.42,15.32,15.40,55758
22-Aug-12,15.30,15.41,15.28,15.40,49185
21-Aug-12,15.37,15.45,15.28,15.39,55244
20-Aug-12,15.29,15.37,15.27,15.37,48037
17-Aug-12,15.38,15.38,15.26,15.29,12516
16-Aug-12,15.32,15.32,15.23,15.29,15514
15-Aug-12,15.34,15.34,15.28,15.33,23119
14-Aug-12,15.24,15.34,15.11,15.34,13835
13-Aug-12,15.16,15.21,15.13,15.21,8523
10-Aug-12,15.16,15.19,15.11,15.16,6367
9-Aug-12,15.22,15.22,15.12,15.20,9688
8-Aug-12,15.11,15.19,15.09,15.19,15074
7-Aug-12,15.14,15.14,15.01,15.13,21167
6-Aug-12,15.07,15.15,15.03,15.06,20239
3-Aug-12,15.33,15.35,15.03,15.13,31372
2-Aug-12,15.19,15.29,15.17,15.28,55067
1-Aug-12,15.11,15.27,15.27,15.27,120
31-Jul-12,14.99,15.10,14.99,15.04,58963
30-Jul-12,14.94,15.05,14.94,15.03,21856
27-Jul-12,14.95,15.04,14.92,14.98,41452
26-Jul-12,15.00,15.00,14.92,14.99,55360
25-Jul-12,14.81,14.94,14.81,14.94,43354
24-Jul-12,14.93,14.98,14.76,14.79,81289
23-Jul-12,14.80,14.93,14.71,14.93,67948
20-Jul-12,14.89,14.98,14.86,14.93,41529
19-Jul-12,14.99,15.00,14.87,14.90,54203
18-Jul-12,14.86,15.01,14.86,15.00,51191
17-Jul-12,14.95,15.00,14.86,14.93,76400
16-Jul-12,14.75,14.92,14.75,14.90,72963
13-Jul-12,14.58,14.81,14.58,14.81,101599
12-Jul-12,14.67,14.80,14.61,14.64,188336
11-Jul-12,14.90,14.97,14.79,14.91,84280
10-Jul-12,14.97,14.97,14.84,14.90,49779
9-Jul-12,14.77,14.96,14.72,14.89,76813
6-Jul-12,14.60,14.90,14.60,14.73,105320
5-Jul-12,14.54,14.67,14.54,14.64,49866
3-Jul-12,14.77,14.80,14.52,14.56,75620
2-Jul-12,14.80,14.80,14.55,14.70,88082
29-Jun-12,14.62,14.75,14.58,14.64,121525
28-Jun-12,14.50,14.54,14.40,14.54,86149
27-Jun-12,14.44,14.49,14.38,14.48,89314
26-Jun-12,14.29,14.45,14.29,14.43,73495
25-Jun-12,14.20,14.24,14.17,14.24,49437
22-Jun-12,14.24,14.37,14.20,14.29,49893
21-Jun-12,14.40,14.40,14.18,14.23,96640
20-Jun-12,14.30,14.39,14.21,14.35,91013
19-Jun-12,14.44,14.50,14.30,14.49,100874
18-Jun-12,14.24,14.30,14.08,14.19,89785
15-Jun-12,14.29,14.42,14.21,14.30,85457
14-Jun-12,14.42,14.42,14.27,14.32,53681
13-Jun-12,14.13,14.40,14.13,14.28,99200
12-Jun-12,14.15,14.20,14.13,14.18,59890
11-Jun-12,14.19,14.24,14.09,14.10,44035
8-Jun-12,14.15,14.23,14.14,14.23,39180
7-Jun-12,14.06,14.18,14.00,14.15,63087
6-Jun-12,13.89,14.05,13.82,14.05,103810
5-Jun-12,13.74,13.79,13.61,13.79,81217
4-Jun-12,13.63,13.80,13.56,13.66,148837
1-Jun-12,13.75,13.77,13.58,13.65,77430
31-May-12,13.85,13.90,13.78,13.80,78060
30-May-12,13.96,13.96,13.82,13.85,47775
29-May-12,14.07,14.11,13.92,14.02,82293
25-May-12,14.18,14.21,13.96,14.00,59162
24-May-12,14.08,14.13,14.00,14.13,61182
23-May-12,13.98,14.04,13.94,14.03,109385
22-May-12,13.90,14.05,13.77,14.00,61275
21-May-12,13.82,14.01,13.82,13.93,65499
18-May-12,14.07,14.07,13.80,13.82,98903
17-May-12,14.24,14.24,14.05,14.06,217635
16-May-12,14.26,14.31,14.20,14.23,67611
15-May-12,14.20,14.24,14.19,14.23,108463
14-May-12,14.35,14.45,14.22,14.25,61905
11-May-12,14.47,14.47,14.38,14.44,47031
10-May-12,14.51,14.56,14.41,14.42,48128
9-May-12,14.44,14.52,14.42,14.46,52222
8-May-12,14.75,14.77,14.47,14.53,144180
7-May-12,14.70,14.79,14.70,14.77,50544
4-May-12,14.76,14.82,14.63,14.75,223504
3-May-12,14.78,14.78,14.64,14.71,38313
2-May-12,14.60,14.75,14.60,14.75,71571
1-May-12,14.55,14.65,14.55,14.65,64663
30-Apr-12,14.59,14.63,14.52,14.54,68950
27-Apr-12,14.62,14.65,14.59,14.60,38585
26-Apr-12,14.62,14.65,14.61,14.64,55422
25-Apr-12,14.71,14.71,14.61,14.65,51667
24-Apr-12,14.62,14.64,14.59,14.64,57771
23-Apr-12,14.50,14.60,14.50,14.58,61651
20-Apr-12,14.46,14.56,14.41,14.56,40469
19-Apr-12,14.34,14.46,14.31,14.46,38527
18-Apr-12,14.39,14.39,14.28,14.30,66708
17-Apr-12,14.45,14.45,14.35,14.38,58201
16-Apr-12,14.39,14.48,14.38,14.43,63003
13-Apr-12,14.34,14.41,14.34,14.40,48173
12-Apr-12,14.34,14.40,14.31,14.39,37827
11-Apr-12,14.25,14.33,14.23,14.31,61026
10-Apr-12,14.15,14.25,14.15,14.25,68687
9-Apr-12,13.80,14.22,13.80,14.21,105098
5-Apr-12,14.10,14.25,14.10,14.19,60266
4-Apr-12,14.13,14.27,14.13,14.22,59548
3-Apr-12,14.30,14.36,14.24,14.27,48424
2-Apr-12,14.30,14.38,14.24,14.31,61960
30-Mar-12,14.49,14.53,14.23,14.28,123109
29-Mar-12,14.35,14.45,14.32,14.37,67770
28-Mar-12,14.52,14.59,14.41,14.46,122541
27-Mar-12,14.41,14.53,14.39,14.53,49918
26-Mar-12,14.45,14.52,14.33,14.37,83696
23-Mar-12,14.48,14.50,14.42,14.45,53980
22-Mar-12,14.49,14.55,14.42,14.43,45338
21-Mar-12,14.52,14.56,14.46,14.54,52015
20-Mar-12,14.53,14.79,14.53,14.67,85727
19-Mar-12,14.52,14.70,14.52,14.63,59542
16-Mar-12,14.76,14.81,14.55,14.58,70631
15-Mar-12,14.94,14.94,14.80,14.80,85209
14-Mar-12,15.10,15.10,14.85,14.97,108119
13-Mar-12,14.92,14.99,14.89,14.99,85894
12-Mar-12,14.88,14.94,14.80,14.86,68327
9-Mar-12,14.72,14.85,14.70,14.85,76457
8-Mar-12,14.70,14.72,14.62,14.72,69289
7-Mar-12,14.65,14.72,14.60,14.60,72478
6-Mar-12,14.69,14.73,14.49,14.59,110158
5-Mar-12,14.69,14.79,14.67,14.79,108249
2-Mar-12,14.72,14.72,14.64,14.67,53669
1-Mar-12,14.58,14.71,14.58,14.66,115826
29-Feb-12,14.75,14.78,14.50,14.56,108777
28-Feb-12,14.72,14.78,14.66,14.72,71446
27-Feb-12,14.71,14.76,14.64,14.76,117509
24-Feb-12,14.69,14.72,14.63,14.71,112372
23-Feb-12,14.48,14.64,14.48,14.62,98478
22-Feb-12,14.33,14.45,14.33,14.44,73560
21-Feb-12,14.46,14.51,14.26,14.32,127758
17-Feb-12,14.56,14.57,14.44,14.48,67618
16-Feb-12,14.46,14.55,14.46,14.50,61836
15-Feb-12,14.49,14.58,14.42,14.49,114862
14-Feb-12,14.26,14.40,14.23,14.39,90915
13-Feb-12,14.26,14.30,14.17,14.23,83277
10-Feb-12,14.21,14.32,14.20,14.27,113692
9-Feb-12,14.34,14.35,14.27,14.30,118929
8-Feb-12,14.27,14.35,14.27,14.35,80545
7-Feb-12,14.17,14.30,14.17,14.30,189410
6-Feb-12,14.14,14.23,14.12,14.17,62397
3-Feb-12,14.15,14.21,14.15,14.16,103305
2-Feb-12,14.09,14.15,14.04,14.12,95388
1-Feb-12,13.94,14.11,13.94,14.06,116589
31-Jan-12,14.11,14.11,13.85,13.93,95680
30-Jan-12,13.99,14.05,13.96,14.03,73400
27-Jan-12,13.90,14.07,13.90,14.02,123670
26-Jan-12,13.80,13.89,13.80,13.89,107024
25-Jan-12,13.76,13.87,13.71,13.78,106290
24-Jan-12,13.74,13.75,13.67,13.73,154205
23-Jan-12,13.63,13.74,13.63,13.74,103415
20-Jan-12,13.58,13.65,13.52,13.60,97604
19-Jan-12,13.53,13.56,13.49,13.55,53449
18-Jan-12,13.38,13.53,13.37,13.53,84259
17-Jan-12,13.50,13.51,13.38,13.41,67597
13-Jan-12,13.48,13.48,13.48,13.48,0
12-Jan-12,13.45,13.56,13.44,13.47,125929
11-Jan-12,13.50,13.60,13.50,13.51,71352
10-Jan-12,13.57,13.57,13.50,13.52,83960
9-Jan-12,13.54,13.55,13.50,13.52,71294
6-Jan-12,13.44,13.56,13.44,13.51,72658
5-Jan-12,13.42,13.51,13.40,13.47,67952
4-Jan-12,13.19,13.51,13.19,13.48,132581
3-Jan-12,13.54,13.54,13.43,13.48,81130
30-Dec-11,13.41,13.41,13.41,13.41,0
29-Dec-11,13.43,13.43,13.27,13.32,53220
28-Dec-11,13.37,13.41,13.37,13.40,47005
27-Dec-11,13.43,13.45,13.35,13.39,65019
23-Dec-11,13.39,13.39,13.39,13.39,0
22-Dec-11,13.16,13.26,13.11,13.26,77057
21-Dec-11,13.11,13.12,13.07,13.10,57926
20-Dec-11,13.14,13.14,13.00,13.11,68156
19-Dec-11,13.07,13.08,12.95,12.97,45117
16-Dec-11,13.02,13.02,12.94,13.00,59397
15-Dec-11,12.94,12.95,12.84,12.94,80351
14-Dec-11,12.92,13.04,12.84,12.89,130493
13-Dec-11,13.24,13.24,13.19,13.20,47334
12-Dec-11,13.20,13.23,13.18,13.19,49022
9-Dec-11,13.15,13.29,13.15,13.20,122043
8-Dec-11,13.28,13.28,13.15,13.20,116533
7-Dec-11,13.24,13.24,13.17,13.20,103075
6-Dec-11,13.19,13.26,13.17,13.20,56162
5-Dec-11,13.25,13.28,13.19,13.19,150733
2-Dec-11,13.21,13.25,13.18,13.20,181136
1-Dec-11,13.26,13.30,13.12,13.16,128355
30-Nov-11,13.29,13.33,13.20,13.30,200389
29-Nov-11,13.04,13.20,13.04,13.16,103754
28-Nov-11,13.38,13.41,13.04,13.07,239080
25-Nov-11,13.11,13.33,13.07,13.31,66305
23-Nov-11,13.14,13.14,13.14,13.14,0
22-Nov-11,13.26,13.35,13.21,13.32,59208
21-Nov-11,13.29,13.31,13.18,13.21,62618
18-Nov-11,13.33,13.37,13.29,13.36,46179
17-Nov-11,13.53,13.53,13.30,13.31,85219
16-Nov-11,13.41,13.50,13.37,13.48,100826
15-Nov-11,13.22,13.46,13.20,13.42,99407
14-Nov-11,13.30,13.34,13.22,13.23,57153
11-Nov-11,13.31,13.36,13.26,13.30,55152
10-Nov-11,13.26,13.30,13.22,13.23,70491
9-Nov-11,13.19,13.33,13.19,13.24,58018
8-Nov-11,13.45,13.50,13.37,13.37,54966
7-Nov-11,13.48,13.53,13.42,13.43,67986
4-Nov-11,13.42,13.58,13.42,13.50,65518
3-Nov-11,13.57,13.63,13.51,13.57,89530
2-Nov-11,13.43,13.57,13.43,13.49,70477
1-Nov-11,13.24,13.46,13.24,13.41,76925
31-Oct-11,13.46,13.53,13.38,13.46,98189
28-Oct-11,13.34,13.58,13.34,13.58,62231
27-Oct-11,13.42,13.55,13.41,13.42,93246
26-Oct-11,13.19,13.29,13.19,13.25,89815
25-Oct-11,13.23,13.29,13.18,13.23,83626
24-Oct-11,13.24,13.33,13.20,13.28,56098
21-Oct-11,13.37,13.41,13.23,13.24,89175
20-Oct-11,13.27,13.39,13.18,13.25,86716
19-Oct-11,13.36,13.46,13.26,13.27,49125
18-Oct-11,13.28,13.41,13.27,13.41,42716
17-Oct-11,13.27,13.39,13.27,13.30,42282
14-Oct-11,13.14,13.33,13.14,13.31,46477
13-Oct-11,12.99,13.10,12.99,13.03,34527
12-Oct-11,13.05,13.17,13.04,13.08,90789
11-Oct-11,13.06,13.12,12.99,13.00,79627
10-Oct-11,12.81,13.33,12.81,13.22,148413
7-Oct-11,12.60,12.81,12.60,12.81,93979
6-Oct-11,12.36,12.60,12.36,12.57,58581
5-Oct-11,12.14,12.55,12.14,12.38,108483
4-Oct-11,12.22,12.23,11.97,12.21,177546
3-Oct-11,12.67,12.75,12.38,12.42,216893
30-Sep-11,13.33,13.33,12.63,12.70,228675
