Date,Open,High,Low,Close,Volume
27-Sep-12,10.35,10.46,10.25,10.44,345537
26-Sep-12,10.36,10.38,10.14,10.27,450344
25-Sep-12,10.62,10.69,10.34,10.35,397846
24-Sep-12,10.57,10.69,10.53,10.56,380372
21-Sep-12,10.52,10.61,10.45,10.58,221442
20-Sep-12,10.55,10.66,10.41,10.42,130024
19-Sep-12,10.58,10.73,10.58,10.63,81465
18-Sep-12,10.88,10.88,10.36,10.52,189313
17-Sep-12,10.81,10.86,10.75,10.86,71493
14-Sep-12,10.85,10.90,10.78,10.81,86018
13-Sep-12,10.75,10.89,10.72,10.80,106688
12-Sep-12,10.87,10.91,10.71,10.74,139751
11-Sep-12,10.98,11.09,10.90,11.02,139661
10-Sep-12,10.90,11.00,10.89,10.98,124752
7-Sep-12,10.83,10.91,10.81,10.85,473590
6-Sep-12,10.75,10.83,10.71,10.79,551803
5-Sep-12,10.75,10.75,10.57,10.70,576729
4-Sep-12,10.48,10.70,10.41,10.69,668229
31-Aug-12,10.40,10.49,10.33,10.40,528660
30-Aug-12,10.44,10.45,10.36,10.36,238689
29-Aug-12,10.50,10.51,10.36,10.43,578249
28-Aug-12,10.29,10.43,10.29,10.36,454513
27-Aug-12,10.30,10.35,10.24,10.27,386942
24-Aug-12,10.05,10.25,10.00,10.24,477919
23-Aug-12,10.01,10.08,9.95,10.02,393000
22-Aug-12,10.01,10.06,9.97,10.03,302476
21-Aug-12,10.02,10.09,9.91,9.98,401676
20-Aug-12,9.96,10.01,9.88,10.01,530753
17-Aug-12,9.80,9.97,9.80,9.96,487149
16-Aug-12,9.67,9.81,9.66,9.81,633465
15-Aug-12,9.64,9.72,9.55,9.70,4237553
14-Aug-12,9.84,9.96,9.84,9.91,397528
13-Aug-12,9.94,9.97,9.80,9.82,270383
10-Aug-12,9.91,9.97,9.78,9.93,224416
9-Aug-12,9.87,9.96,9.85,9.90,227497
8-Aug-12,9.72,9.93,9.71,9.85,358083
7-Aug-12,10.00,10.02,9.70,9.77,510584
6-Aug-12,9.94,10.00,9.91,9.96,223556
3-Aug-12,9.90,9.93,9.84,9.90,236465
2-Aug-12,9.79,9.85,9.71,9.80,194347
1-Aug-12,9.73,9.95,9.73,9.77,261941
31-Jul-12,9.90,9.95,9.73,9.74,369454
30-Jul-12,9.70,9.83,9.70,9.77,255726
27-Jul-12,9.57,9.72,9.54,9.70,196852
26-Jul-12,9.67,9.67,9.52,9.57,301501
25-Jul-12,9.58,9.68,9.56,9.65,222390
24-Jul-12,9.63,9.64,9.51,9.54,130696
23-Jul-12,9.51,9.67,9.50,9.63,180492
20-Jul-12,9.53,9.63,9.52,9.58,162293
19-Jul-12,9.65,9.66,9.51,9.55,323360
18-Jul-12,9.60,9.69,9.56,9.65,125004
17-Jul-12,9.66,9.66,9.50,9.60,105321
16-Jul-12,9.64,9.71,9.56,9.61,151588
13-Jul-12,9.63,9.75,9.59,9.66,145516
12-Jul-12,9.54,9.61,9.47,9.56,148657
11-Jul-12,9.68,9.68,9.55,9.62,134958
10-Jul-12,9.74,9.76,9.60,9.63,171088
9-Jul-12,9.66,9.73,9.64,9.69,150525
6-Jul-12,9.62,9.74,9.62,9.70,107472
5-Jul-12,9.69,9.75,9.64,9.68,140975
3-Jul-12,9.70,9.75,9.60,9.75,104357
2-Jul-12,9.74,9.77,9.62,9.74,209600
29-Jun-12,9.70,9.88,9.43,9.69,283538
28-Jun-12,9.48,9.57,9.36,9.52,147762
27-Jun-12,9.51,9.59,9.46,9.55,103642
26-Jun-12,9.40,9.55,9.36,9.51,165184
25-Jun-12,9.33,9.52,9.33,9.40,172310
22-Jun-12,9.26,9.48,9.26,9.47,373317
21-Jun-12,9.34,9.44,9.25,9.28,210838
20-Jun-12,9.43,9.46,9.32,9.34,181839
19-Jun-12,9.38,9.49,9.34,9.45,216525
18-Jun-12,9.37,9.49,9.30,9.32,220897
15-Jun-12,9.33,9.45,9.28,9.43,257675
14-Jun-12,9.38,9.49,9.29,9.37,166081
13-Jun-12,9.43,9.54,9.34,9.38,176335
12-Jun-12,9.56,9.75,9.50,9.67,272649
11-Jun-12,9.77,9.82,9.48,9.51,282588
8-Jun-12,9.58,9.71,9.56,9.70,255441
7-Jun-12,9.67,9.67,9.54,9.56,229561
6-Jun-12,9.43,9.54,9.40,9.53,223637
5-Jun-12,9.23,9.40,9.23,9.35,155991
4-Jun-12,9.46,9.51,9.22,9.23,271643
1-Jun-12,9.34,9.55,9.29,9.42,241456
31-May-12,9.50,9.57,9.36,9.47,335184
30-May-12,9.36,9.55,9.35,9.45,268244
29-May-12,9.37,9.46,9.30,9.42,281132
25-May-12,9.40,9.45,9.32,9.37,99735
24-May-12,9.37,9.44,9.27,9.43,122782
23-May-12,9.24,9.42,9.18,9.40,112253
22-May-12,9.36,9.53,9.21,9.30,166230
21-May-12,9.09,9.40,9.07,9.39,146860
18-May-12,9.29,9.34,9.06,9.10,216526
17-May-12,9.51,9.55,9.27,9.27,230934
16-May-12,9.54,9.62,9.45,9.47,107637
15-May-12,9.44,9.65,9.42,9.54,187732
14-May-12,9.50,9.53,9.40,9.42,185375
11-May-12,9.57,9.66,9.52,9.55,140695
10-May-12,9.70,9.70,9.58,9.62,290309
9-May-12,9.47,9.69,9.47,9.68,242580
8-May-12,9.58,9.68,9.48,9.59,226041
7-May-12,9.37,9.70,9.34,9.59,242112
4-May-12,9.25,9.49,9.20,9.37,312758
3-May-12,9.18,9.22,9.08,9.20,232489
2-May-12,9.06,9.23,9.03,9.21,182784
1-May-12,9.22,9.32,9.15,9.16,202894
30-Apr-12,9.36,9.37,9.19,9.21,182147
27-Apr-12,9.25,9.36,9.21,9.36,165358
26-Apr-12,9.14,9.25,9.11,9.22,135851
25-Apr-12,9.25,9.34,9.16,9.18,151634
24-Apr-12,9.07,9.21,9.00,9.18,134009
23-Apr-12,9.12,9.13,8.50,9.07,658117
20-Apr-12,9.37,9.37,9.22,9.28,177599
19-Apr-12,9.26,9.40,9.20,9.23,254674
18-Apr-12,9.40,9.49,9.32,9.34,124669
17-Apr-12,9.41,9.54,9.41,9.46,141747
16-Apr-12,9.45,9.47,9.31,9.37,151458
13-Apr-12,9.50,9.51,9.39,9.39,134652
12-Apr-12,9.29,9.57,9.21,9.50,239539
11-Apr-12,9.33,9.39,9.24,9.30,195370
10-Apr-12,9.46,9.47,9.15,9.29,387764
9-Apr-12,9.52,9.57,9.40,9.43,267794
5-Apr-12,9.60,9.69,9.58,9.62,128331
4-Apr-12,9.68,9.77,9.57,9.65,233772
3-Apr-12,9.86,9.89,9.72,9.73,169282
2-Apr-12,9.77,9.90,9.70,9.90,246206
30-Mar-12,9.81,9.90,9.71,9.74,861254
29-Mar-12,9.69,9.80,9.60,9.68,292597
28-Mar-12,9.87,9.91,9.63,9.73,258730
27-Mar-12,9.96,9.96,9.80,9.84,339084
26-Mar-12,9.95,9.97,9.88,9.94,242222
23-Mar-12,9.81,9.86,9.71,9.85,284947
22-Mar-12,9.85,9.96,9.76,9.83,361917
21-Mar-12,9.98,10.01,9.90,9.91,298545
20-Mar-12,9.94,10.04,9.86,9.97,429631
19-Mar-12,9.86,10.07,9.83,9.98,1048303
16-Mar-12,9.96,10.15,9.94,10.09,2912294
15-Mar-12,10.48,10.65,10.40,10.43,436737
14-Mar-12,10.55,10.64,10.43,10.43,210875
13-Mar-12,10.40,10.58,10.35,10.55,298709
12-Mar-12,10.29,10.36,10.13,10.35,215434
9-Mar-12,10.09,10.37,10.07,10.26,289468
8-Mar-12,10.01,10.07,9.85,10.05,262297
7-Mar-12,9.76,9.96,9.76,9.91,147830
6-Mar-12,9.84,9.94,9.68,9.71,178741
5-Mar-12,9.61,9.97,9.61,9.92,163951
2-Mar-12,9.79,9.81,9.60,9.61,228700
1-Mar-12,9.81,9.99,9.77,9.77,181787
29-Feb-12,9.95,10.04,9.78,9.78,159271
28-Feb-12,10.01,10.04,9.90,9.91,84102
27-Feb-12,9.93,10.04,9.88,9.99,98487
24-Feb-12,10.03,10.05,9.92,9.97,109361
23-Feb-12,9.93,10.04,9.90,10.04,96032
22-Feb-12,10.06,10.09,9.92,9.93,115522
21-Feb-12,10.05,10.09,10.01,10.05,127545
17-Feb-12,10.01,10.05,9.90,10.03,225218
16-Feb-12,9.61,9.98,9.61,9.98,219128
15-Feb-12,9.81,9.89,9.60,9.61,142508
14-Feb-12,9.76,9.80,9.68,9.78,101311
13-Feb-12,9.90,9.99,9.75,9.80,116416
10-Feb-12,9.92,9.93,9.75,9.78,173748
9-Feb-12,9.94,9.94,9.94,9.94,0
8-Feb-12,9.95,9.98,9.56,9.79,208914
7-Feb-12,9.85,9.97,9.81,9.94,203745
6-Feb-12,9.83,9.91,9.75,9.85,125807
3-Feb-12,9.82,10.00,9.74,9.90,292214
2-Feb-12,9.45,9.71,9.42,9.71,190782
1-Feb-12,9.43,9.49,9.30,9.45,217586
31-Jan-12,9.52,9.56,9.30,9.35,289612
30-Jan-12,9.45,9.63,9.45,9.47,114845
27-Jan-12,9.61,9.61,9.61,9.61,0
26-Jan-12,9.71,9.71,9.51,9.59,95600
25-Jan-12,9.56,9.56,9.56,9.56,0
24-Jan-12,9.60,9.65,9.51,9.59,170214
23-Jan-12,9.65,9.77,9.60,9.66,168538
20-Jan-12,9.57,9.71,9.55,9.71,101027
19-Jan-12,9.62,9.62,9.62,9.62,0
18-Jan-12,9.52,9.62,9.42,9.58,146293
17-Jan-12,9.49,9.60,9.45,9.54,187882
13-Jan-12,9.44,9.44,9.44,9.44,0
12-Jan-12,9.25,9.39,9.13,9.39,117775
11-Jan-12,9.13,9.25,9.10,9.25,128282
10-Jan-12,9.14,9.22,9.06,9.20,195266
9-Jan-12,9.05,9.05,9.05,9.05,0
6-Jan-12,8.89,9.10,8.82,9.00,97506
5-Jan-12,8.69,8.86,8.61,8.86,149508
4-Jan-12,9.04,9.08,8.71,8.77,386193
3-Jan-12,8.82,9.03,8.75,9.01,190871
30-Dec-11,8.65,8.65,8.65,8.65,0
29-Dec-11,8.75,8.80,8.61,8.63,179143
28-Dec-11,8.88,8.92,8.70,8.71,142887
27-Dec-11,8.80,8.94,8.65,8.87,128856
23-Dec-11,8.83,8.83,8.83,8.83,0
22-Dec-11,8.60,8.80,8.59,8.72,218800
21-Dec-11,8.65,8.66,8.45,8.52,143575
20-Dec-11,8.46,8.46,8.46,8.46,0
19-Dec-11,8.49,8.59,8.22,8.24,275291
16-Dec-11,8.51,8.62,8.35,8.43,268249
15-Dec-11,8.38,8.38,8.38,8.38,0
14-Dec-11,8.69,8.78,8.48,8.50,271594
13-Dec-11,9.11,9.22,8.91,8.99,232046
12-Dec-11,9.07,9.07,8.88,9.06,243521
9-Dec-11,9.17,9.17,9.17,9.17,0
8-Dec-11,9.04,9.14,8.81,8.82,184303
7-Dec-11,9.10,9.19,9.01,9.13,177321
6-Dec-11,9.12,9.12,9.12,9.12,0
5-Dec-11,9.01,9.15,9.00,9.10,238066
2-Dec-11,8.87,8.87,8.87,8.87,0
1-Dec-11,8.85,8.90,8.71,8.72,213971
30-Nov-11,8.71,8.91,8.50,8.88,1119321
29-Nov-11,8.61,8.61,8.41,8.53,205577
28-Nov-11,8.56,8.64,8.44,8.60,227046
25-Nov-11,8.36,8.55,8.27,8.28,72809
23-Nov-11,8.42,8.42,8.42,8.42,0
22-Nov-11,8.87,8.97,8.76,8.80,151033
21-Nov-11,8.82,8.92,8.70,8.87,204028
18-Nov-11,8.83,8.83,8.83,8.83,0
17-Nov-11,8.65,8.76,8.56,8.67,192571
16-Nov-11,8.40,8.88,8.40,8.64,277757
15-Nov-11,8.31,8.52,8.31,8.48,146832
14-Nov-11,8.31,8.31,8.31,8.31,0
11-Nov-11,8.50,8.59,8.39,8.45,211175
10-Nov-11,8.65,8.78,8.35,8.38,238207
9-Nov-11,8.84,8.84,8.84,8.84,0
8-Nov-11,8.60,9.22,8.60,9.08,214589
7-Nov-11,8.82,8.90,8.60,8.82,60201
4-Nov-11,8.86,8.86,8.69,8.82,84261
3-Nov-11,8.76,8.76,8.76,8.76,0
2-Nov-11,8.62,8.72,8.50,8.67,120569
1-Nov-11,8.62,8.62,8.62,8.62,0
31-Oct-11,8.94,9.07,8.88,8.91,124423
28-Oct-11,9.13,9.24,9.03,9.03,159401
27-Oct-11,8.99,9.20,8.87,9.15,339385
26-Oct-11,8.68,8.68,8.68,8.68,0
25-Oct-11,8.84,8.85,8.63,8.66,136278
24-Oct-11,8.70,8.91,8.63,8.89,173159
21-Oct-11,8.61,8.61,8.61,8.61,0
20-Oct-11,8.50,8.60,8.30,8.47,95487
19-Oct-11,8.56,8.67,8.43,8.46,102471
18-Oct-11,8.39,8.65,8.36,8.60,128661
17-Oct-11,8.42,8.42,8.42,8.42,0
14-Oct-11,8.52,8.62,8.45,8.61,120090
13-Oct-11,8.33,8.33,8.33,8.33,0
12-Oct-11,8.49,8.57,8.34,8.48,160925
11-Oct-11,8.22,8.43,8.19,8.42,145976
10-Oct-11,8.20,8.30,8.05,8.28,195742
7-Oct-11,8.15,8.21,8.00,8.02,219057
6-Oct-11,8.05,8.05,8.05,8.05,0
5-Oct-11,7.64,7.93,7.54,7.90,240504
4-Oct-11,7.29,7.29,7.29,7.29,0
3-Oct-11,8.06,8.39,7.52,7.52,492475
30-Sep-11,8.39,8.39,8.39,8.39,0
29-Sep-11,8.30,8.41,8.16,8.40,155762
