Date,Open,High,Low,Close,Volume
27-Sep-12,10.59,10.61,10.46,10.60,35232
26-Sep-12,10.50,10.56,10.46,10.53,53844
25-Sep-12,10.47,10.48,10.35,10.46,66650
24-Sep-12,10.42,10.47,10.42,10.47,46495
21-Sep-12,10.38,10.44,10.35,10.44,27985
20-Sep-12,10.37,10.41,10.37,10.37,13596
19-Sep-12,10.33,10.39,10.33,10.39,15100
18-Sep-12,10.28,10.35,10.28,10.35,21692
17-Sep-12,10.28,10.33,10.28,10.31,28499
14-Sep-12,10.32,10.35,10.27,10.28,30979
13-Sep-12,10.27,10.33,10.27,10.30,53175
12-Sep-12,10.27,10.30,10.26,10.29,19659
11-Sep-12,10.26,10.30,10.26,10.29,18625
10-Sep-12,10.27,10.29,10.26,10.28,33057
7-Sep-12,10.22,10.31,10.22,10.26,26568
6-Sep-12,10.24,10.29,10.24,10.25,20825
5-Sep-12,10.25,10.31,10.25,10.27,28169
4-Sep-12,10.31,10.34,10.27,10.31,23152
31-Aug-12,10.29,10.35,10.25,10.35,30614
30-Aug-12,10.11,10.27,10.11,10.25,62313
29-Aug-12,10.23,10.25,10.21,10.21,33363
28-Aug-12,10.20,10.27,10.20,10.25,31953
27-Aug-12,10.31,10.39,10.19,10.25,104400
24-Aug-12,10.20,10.29,10.20,10.29,10150
23-Aug-12,10.13,10.24,10.13,10.23,19250
22-Aug-12,10.19,10.23,10.14,10.21,28648
21-Aug-12,10.14,10.26,10.11,10.16,67863
20-Aug-12,10.14,10.23,10.14,10.18,26932
17-Aug-12,10.25,10.25,10.17,10.21,5015
16-Aug-12,10.27,10.27,10.17,10.17,5646
15-Aug-12,10.24,10.25,10.23,10.23,4220
14-Aug-12,10.14,10.23,10.14,10.21,8064
13-Aug-12,10.20,10.20,10.14,10.18,10987
10-Aug-12,10.24,10.35,10.23,10.27,21825
9-Aug-12,10.28,10.31,10.21,10.25,8454
8-Aug-12,10.27,10.36,10.27,10.31,10177
7-Aug-12,10.32,10.37,10.29,10.36,22633
6-Aug-12,10.44,10.45,10.21,10.36,74977
3-Aug-12,10.39,10.47,10.26,10.44,50498
2-Aug-12,10.29,10.50,10.29,10.44,56101
1-Aug-12,10.43,10.45,10.31,10.43,34533
31-Jul-12,10.43,10.46,10.35,10.37,45034
30-Jul-12,10.40,10.44,10.37,10.39,18112
27-Jul-12,10.42,10.48,10.41,10.44,26989
26-Jul-12,10.45,10.49,10.41,10.44,30509
25-Jul-12,10.49,10.49,10.41,10.45,22430
24-Jul-12,10.43,10.50,10.40,10.50,22211
23-Jul-12,10.48,10.49,10.44,10.49,16148
20-Jul-12,10.43,10.49,10.40,10.48,35153
19-Jul-12,10.39,10.45,10.37,10.45,9378
18-Jul-12,10.36,10.43,10.35,10.41,5311
17-Jul-12,10.30,10.40,10.28,10.36,20868
16-Jul-12,10.21,10.36,10.21,10.35,19499
13-Jul-12,10.23,10.36,10.14,10.24,72791
12-Jul-12,10.16,10.23,10.15,10.23,12571
11-Jul-12,10.23,10.30,10.21,10.28,11142
10-Jul-12,10.16,10.51,10.14,10.23,29721
9-Jul-12,10.17,10.35,10.08,10.17,27778
6-Jul-12,10.11,10.26,10.11,10.21,26273
5-Jul-12,10.07,10.23,10.06,10.16,26209
3-Jul-12,10.10,10.15,10.01,10.07,32140
2-Jul-12,10.18,10.21,10.03,10.12,23000
29-Jun-12,10.18,10.20,10.09,10.18,12589
28-Jun-12,10.12,10.17,10.00,10.10,26346
27-Jun-12,10.07,10.17,10.07,10.13,17040
26-Jun-12,10.11,10.20,10.05,10.14,26794
25-Jun-12,10.06,10.16,10.02,10.02,25768
22-Jun-12,10.03,10.19,10.03,10.18,19534
21-Jun-12,10.08,10.10,10.03,10.06,12797
20-Jun-12,9.94,10.09,9.94,10.07,16090
19-Jun-12,9.92,10.04,9.92,9.97,28029
18-Jun-12,9.99,9.99,9.90,9.91,18089
15-Jun-12,9.85,9.95,9.85,9.91,6291
14-Jun-12,9.81,9.95,9.81,9.90,5954
13-Jun-12,9.94,9.98,9.86,9.86,26064
12-Jun-12,10.00,10.06,9.93,10.04,26624
11-Jun-12,9.90,9.95,9.90,9.95,18359
8-Jun-12,9.88,9.97,9.88,9.93,15829
7-Jun-12,9.94,9.96,9.84,9.93,18270
6-Jun-12,9.85,9.93,9.84,9.85,15894
5-Jun-12,9.93,9.96,9.82,9.84,23429
4-Jun-12,9.87,9.93,9.84,9.93,15621
1-Jun-12,9.85,9.96,9.85,9.90,20069
31-May-12,9.96,10.00,9.88,10.00,9928
30-May-12,10.01,10.01,9.89,9.89,14752
29-May-12,9.85,10.02,9.85,9.99,25404
25-May-12,9.84,9.91,9.82,9.91,47695
24-May-12,9.83,9.89,9.69,9.83,145641
23-May-12,9.75,9.83,9.74,9.81,35123
22-May-12,9.73,9.82,9.73,9.78,27110
21-May-12,9.94,10.08,9.74,9.80,211786
18-May-12,10.19,10.19,9.96,9.99,30845
17-May-12,10.24,10.24,10.01,10.19,24688
16-May-12,10.25,10.25,10.12,10.24,22802
15-May-12,10.14,10.24,10.09,10.12,34294
14-May-12,10.18,10.25,10.08,10.19,15815
11-May-12,10.12,10.14,10.05,10.13,23140
10-May-12,10.12,10.13,10.07,10.10,42778
9-May-12,10.10,10.12,10.04,10.04,19499
8-May-12,10.13,10.13,10.08,10.12,9838
7-May-12,10.18,10.23,10.08,10.11,34341
4-May-12,10.21,10.24,10.12,10.12,17537
3-May-12,10.19,10.21,10.14,10.15,12817
2-May-12,10.15,10.25,10.11,10.14,14840
1-May-12,10.12,10.20,10.06,10.20,27172
30-Apr-12,10.00,10.12,10.00,10.08,14110
27-Apr-12,9.95,10.07,9.95,10.03,12728
26-Apr-12,10.03,10.03,9.98,10.00,41947
25-Apr-12,10.01,10.06,9.92,9.99,46028
24-Apr-12,10.03,10.03,9.97,9.99,14446
23-Apr-12,10.05,10.05,9.95,9.99,21989
20-Apr-12,9.99,9.99,9.94,9.99,27633
19-Apr-12,9.95,9.96,9.92,9.92,9717
18-Apr-12,9.90,9.97,9.90,9.91,21508
17-Apr-12,10.00,10.00,9.88,9.96,28082
16-Apr-12,10.05,10.07,9.96,10.00,12670
13-Apr-12,9.88,10.01,9.88,9.99,22312
12-Apr-12,9.82,9.95,9.82,9.92,30454
11-Apr-12,9.87,9.90,9.84,9.88,18472
10-Apr-12,9.82,9.88,9.78,9.88,17797
9-Apr-12,9.77,9.88,9.77,9.82,15893
5-Apr-12,9.82,9.88,9.82,9.87,37585
4-Apr-12,9.86,9.88,9.78,9.82,23830
3-Apr-12,9.88,9.90,9.83,9.88,63792
2-Apr-12,9.86,9.93,9.85,9.88,7826
30-Mar-12,9.91,9.91,9.87,9.88,46453
29-Mar-12,9.96,9.96,9.84,9.91,11753
28-Mar-12,9.94,10.02,9.94,9.96,7976
27-Mar-12,10.00,10.03,9.94,9.98,15385
26-Mar-12,9.99,10.02,9.85,9.95,55508
23-Mar-12,9.95,10.05,9.93,10.01,37773
22-Mar-12,9.96,10.04,9.95,9.98,16489
21-Mar-12,10.04,10.04,9.92,9.94,9685
20-Mar-12,9.98,10.03,9.89,10.01,39717
19-Mar-12,9.94,9.94,9.86,9.92,28411
16-Mar-12,9.94,9.94,9.84,9.89,28586
15-Mar-12,10.06,10.06,9.81,9.94,16549
14-Mar-12,10.18,10.18,9.94,9.99,52996
13-Mar-12,10.25,10.25,10.10,10.11,58695
12-Mar-12,10.27,10.29,10.17,10.23,29638
9-Mar-12,10.20,10.32,10.19,10.28,41036
8-Mar-12,10.29,10.29,10.18,10.20,54805
7-Mar-12,10.03,10.25,10.03,10.07,85908
6-Mar-12,10.12,10.12,10.04,10.07,31960
5-Mar-12,10.17,10.17,10.08,10.09,63832
2-Mar-12,10.18,10.25,10.08,10.13,201327
1-Mar-12,10.08,10.11,10.02,10.07,46954
29-Feb-12,10.07,10.08,10.04,10.08,44099
28-Feb-12,9.98,10.05,9.97,10.04,34692
27-Feb-12,10.04,10.05,9.99,9.99,39856
24-Feb-12,9.95,10.04,9.90,10.04,27307
23-Feb-12,9.95,9.95,9.89,9.93,25906
22-Feb-12,9.91,9.99,9.89,9.94,38561
21-Feb-12,9.82,9.95,9.81,9.94,167634
17-Feb-12,9.89,9.97,9.85,9.87,28074
16-Feb-12,9.70,9.95,9.70,9.95,22520
15-Feb-12,9.93,9.99,9.77,9.77,57911
14-Feb-12,10.00,10.00,9.85,9.91,45862
13-Feb-12,10.01,10.01,9.89,9.94,16989
10-Feb-12,9.91,10.00,9.90,9.99,20732
9-Feb-12,9.98,10.01,9.93,9.99,43018
8-Feb-12,9.94,9.97,9.91,9.94,51598
7-Feb-12,10.05,10.05,9.91,9.94,79753
6-Feb-12,9.82,10.05,9.79,9.96,102270
3-Feb-12,9.79,9.85,9.76,9.84,69723
2-Feb-12,9.84,9.87,9.77,9.79,43715
1-Feb-12,9.81,9.84,9.77,9.83,58313
31-Jan-12,9.76,9.83,9.68,9.80,114695
30-Jan-12,9.63,9.67,9.60,9.67,29762
27-Jan-12,9.49,9.63,9.49,9.61,51714
26-Jan-12,9.51,9.57,9.47,9.54,39378
25-Jan-12,9.43,9.51,9.36,9.51,41212
24-Jan-12,9.47,9.48,9.35,9.41,48482
23-Jan-12,9.43,9.46,9.38,9.46,23208
20-Jan-12,9.42,9.42,9.37,9.37,13780
19-Jan-12,9.39,9.42,9.37,9.41,29802
18-Jan-12,9.39,9.42,9.37,9.37,34934
17-Jan-12,9.34,9.40,9.34,9.40,13249
13-Jan-12,9.36,9.36,9.36,9.36,0
12-Jan-12,9.30,9.35,9.30,9.31,20412
11-Jan-12,9.31,9.33,9.25,9.30,37646
10-Jan-12,9.22,9.34,9.22,9.33,61476
9-Jan-12,9.29,9.32,9.21,9.23,37623
6-Jan-12,9.20,9.24,9.20,9.23,33078
5-Jan-12,9.24,9.27,9.19,9.20,34632
4-Jan-12,9.29,9.33,9.23,9.32,17257
3-Jan-12,9.28,9.29,9.23,9.28,24679
30-Dec-11,9.29,9.29,9.29,9.29,0
29-Dec-11,9.16,9.22,9.14,9.19,29905
28-Dec-11,9.20,9.20,9.16,9.16,15468
27-Dec-11,9.20,9.29,9.20,9.26,24491
23-Dec-11,9.24,9.24,9.24,9.24,0
22-Dec-11,9.16,9.26,9.16,9.25,18656
21-Dec-11,9.17,9.24,9.17,9.20,16010
20-Dec-11,9.26,9.28,9.22,9.23,25198
19-Dec-11,9.30,9.30,9.22,9.25,19467
16-Dec-11,9.17,9.24,9.15,9.23,14546
15-Dec-11,9.15,9.24,9.15,9.21,17718
14-Dec-11,9.05,9.19,9.05,9.17,20027
13-Dec-11,9.07,9.18,9.07,9.14,13146
12-Dec-11,9.07,9.17,9.07,9.12,8459
9-Dec-11,9.20,9.24,9.15,9.18,35782
8-Dec-11,9.16,9.27,9.16,9.27,12122
7-Dec-11,9.10,9.21,9.10,9.21,15102
6-Dec-11,9.05,9.22,9.05,9.13,54578
5-Dec-11,8.98,9.11,8.98,9.09,49966
2-Dec-11,9.03,9.06,8.98,8.98,17453
1-Dec-11,9.07,9.07,8.97,9.01,23549
30-Nov-11,9.11,9.12,9.03,9.12,34693
29-Nov-11,8.98,9.02,8.93,8.94,22524
28-Nov-11,9.00,9.10,9.00,9.03,32381
25-Nov-11,8.94,9.02,8.93,9.01,9854
23-Nov-11,8.95,8.95,8.95,8.95,0
22-Nov-11,8.90,9.01,8.86,9.01,16738
21-Nov-11,8.95,8.95,8.86,8.90,10587
18-Nov-11,9.01,9.04,8.99,9.01,5241
17-Nov-11,9.01,9.05,8.98,8.99,13608
16-Nov-11,9.00,9.08,9.00,9.06,11897
15-Nov-11,9.07,9.11,9.04,9.09,13756
14-Nov-11,9.11,9.15,9.11,9.13,36467
11-Nov-11,9.12,9.13,9.09,9.13,3880
10-Nov-11,9.15,9.15,9.00,9.06,13542
9-Nov-11,9.18,9.19,9.15,9.15,12890
8-Nov-11,9.17,9.23,9.14,9.22,10915
7-Nov-11,9.16,9.24,9.13,9.20,7174
4-Nov-11,9.14,9.27,9.14,9.19,5871
3-Nov-11,9.25,9.27,9.20,9.20,9127
2-Nov-11,9.15,9.22,9.15,9.22,5901
1-Nov-11,9.26,9.30,9.11,9.12,18721
31-Oct-11,9.21,9.28,9.21,9.25,46957
28-Oct-11,9.02,9.49,9.02,9.22,68363
27-Oct-11,9.10,9.19,9.10,9.11,29048
26-Oct-11,9.05,9.08,9.02,9.08,15654
25-Oct-11,8.92,9.06,8.92,9.02,12054
24-Oct-11,8.88,9.04,8.88,9.01,12436
21-Oct-11,8.80,8.94,8.79,8.89,22358
20-Oct-11,8.73,8.85,8.73,8.85,9181
19-Oct-11,8.72,8.80,8.69,8.76,24653
18-Oct-11,8.71,8.75,8.65,8.69,44100
17-Oct-11,8.70,8.79,8.67,8.67,17321
14-Oct-11,8.61,8.79,8.61,8.74,35228
13-Oct-11,8.60,8.68,8.60,8.66,21162
12-Oct-11,8.65,8.71,8.62,8.64,52791
11-Oct-11,8.79,8.82,8.66,8.66,49298
10-Oct-11,8.68,8.77,8.68,8.71,29008
7-Oct-11,8.71,8.72,8.66,8.67,34183
6-Oct-11,8.74,8.80,8.65,8.72,49978
5-Oct-11,8.63,8.75,8.60,8.74,47223
4-Oct-11,8.62,8.72,8.56,8.59,42447
3-Oct-11,8.75,8.77,8.67,8.67,51280
30-Sep-11,8.86,8.86,8.72,8.79,19071
