Date,Open,High,Low,Close,Volume
26-Sep-12,24.72,24.72,24.72,24.72,0
25-Sep-12,24.50,24.85,24.50,24.85,4221
24-Sep-12,25.00,25.00,23.00,25.00,846
21-Sep-12,24.99,24.99,24.99,24.99,100
20-Sep-12,24.50,24.50,24.50,24.50,100
19-Sep-12,24.98,24.98,24.69,24.69,400
18-Sep-12,24.83,24.84,24.83,24.84,200
17-Sep-12,23.49,23.49,23.49,23.49,170
14-Sep-12,24.48,24.75,24.48,24.49,1111
13-Sep-12,21.20,21.20,21.20,21.20,0
12-Sep-12,24.98,24.98,24.98,24.98,260
11-Sep-12,21.20,21.20,21.20,21.20,204
10-Sep-12,21.34,21.34,21.34,21.34,200
7-Sep-12,24.93,24.93,24.93,24.93,0
6-Sep-12,21.75,21.75,21.75,21.75,100
5-Sep-12,24.98,24.98,21.15,21.32,2217
4-Sep-12,23.50,24.95,23.50,24.93,780
31-Aug-12,22.97,22.97,22.97,22.97,100
30-Aug-12,22.44,22.44,22.44,22.44,0
29-Aug-12,22.44,22.44,22.44,22.44,0
28-Aug-12,22.96,22.96,22.95,22.96,700
27-Aug-12,22.80,22.80,22.60,22.60,3000
24-Aug-12,22.26,22.50,22.25,22.50,731
23-Aug-12,22.39,22.39,22.39,22.39,0
22-Aug-12,22.42,22.42,22.39,22.39,200
21-Aug-12,22.42,22.42,22.42,22.42,0
20-Aug-12,21.47,22.42,21.47,22.42,2578
17-Aug-12,21.80,21.98,21.41,21.41,1177
16-Aug-12,21.80,21.80,21.80,21.80,200
15-Aug-12,21.71,21.71,21.71,21.71,0
14-Aug-12,21.71,21.71,21.71,21.71,0
13-Aug-12,21.74,21.74,21.74,21.74,199
10-Aug-12,21.50,21.50,21.50,21.50,513
9-Aug-12,21.33,21.33,21.33,21.33,340
8-Aug-12,21.32,21.33,21.32,21.33,483
7-Aug-12,21.75,21.75,21.75,21.75,0
6-Aug-12,21.75,21.75,21.75,21.75,0
3-Aug-12,21.75,21.75,21.75,21.75,0
2-Aug-12,21.75,21.75,21.26,21.26,879
1-Aug-12,19.90,21.74,19.90,21.74,670
31-Jul-12,20.21,20.21,20.00,20.00,471
30-Jul-12,20.45,20.45,20.45,20.45,229
27-Jul-12,20.10,20.10,20.10,20.10,0
26-Jul-12,19.85,19.85,19.85,19.85,1000
25-Jul-12,20.10,20.10,20.10,20.10,0
24-Jul-12,19.86,21.99,19.86,20.10,2430
23-Jul-12,19.85,19.99,19.32,19.32,600
20-Jul-12,18.60,18.60,18.60,18.60,0
19-Jul-12,18.60,18.60,18.60,18.60,0
18-Jul-12,18.60,18.60,18.60,18.60,0
17-Jul-12,19.89,19.89,19.89,19.89,363
16-Jul-12,18.60,18.60,18.60,18.60,300
13-Jul-12,18.60,18.60,18.60,18.60,300
12-Jul-12,18.75,18.75,18.60,18.60,200
11-Jul-12,19.00,19.00,19.00,19.00,0
10-Jul-12,19.03,19.03,19.00,19.00,2455
9-Jul-12,19.98,20.00,19.98,20.00,1300
6-Jul-12,19.98,19.98,19.98,19.98,0
5-Jul-12,19.98,19.98,19.98,19.98,0
3-Jul-12,19.98,20.00,19.98,20.00,390
2-Jul-12,19.98,19.98,19.98,19.98,103
29-Jun-12,19.72,19.95,19.72,19.95,200
28-Jun-12,19.40,19.40,19.29,19.29,879
27-Jun-12,19.70,19.95,19.50,19.95,3568
26-Jun-12,19.50,19.50,19.50,19.50,750
25-Jun-12,19.35,19.35,19.35,19.35,0
22-Jun-12,19.35,19.35,19.35,19.35,200
21-Jun-12,19.47,19.47,19.47,19.47,215
20-Jun-12,19.40,19.40,19.40,19.40,0
19-Jun-12,19.95,19.95,19.35,19.40,1064
18-Jun-12,19.46,19.50,19.46,19.50,400
15-Jun-12,18.50,18.50,18.50,18.50,0
14-Jun-12,18.50,18.50,18.50,18.50,299
13-Jun-12,18.76,18.76,18.76,18.76,0
12-Jun-12,18.50,18.50,18.50,18.50,596
11-Jun-12,18.76,18.76,18.76,18.76,0
8-Jun-12,19.83,19.83,18.76,18.76,300
7-Jun-12,17.97,17.97,17.97,17.97,0
6-Jun-12,17.97,17.97,17.97,17.97,0
5-Jun-12,17.97,17.97,17.97,17.97,0
4-Jun-12,19.85,19.85,19.85,19.85,402
1-Jun-12,17.97,17.97,17.97,17.97,0
31-May-12,17.97,17.97,17.97,17.97,0
30-May-12,17.97,17.97,17.97,17.97,0
29-May-12,18.86,18.86,18.86,18.86,0
25-May-12,18.86,18.86,18.86,18.86,0
24-May-12,18.86,18.86,18.10,18.15,600
23-May-12,18.87,18.87,18.87,18.87,0
22-May-12,18.87,18.87,18.87,18.87,100
21-May-12,18.87,18.87,18.87,18.87,0
18-May-12,18.87,18.87,18.87,18.87,0
17-May-12,18.87,18.87,18.87,18.87,0
16-May-12,18.87,18.87,18.87,18.87,0
15-May-12,18.87,18.87,18.87,18.87,300
14-May-12,18.87,18.87,18.87,18.87,100
11-May-12,19.10,19.10,19.10,19.10,0
10-May-12,19.10,19.10,19.10,19.10,1100
9-May-12,19.10,19.10,19.10,19.10,0
8-May-12,19.10,19.10,19.10,19.10,0
7-May-12,19.10,19.10,19.10,19.10,200
4-May-12,19.15,19.15,19.15,19.15,0
3-May-12,19.15,19.15,19.15,19.15,518
2-May-12,19.50,19.50,19.50,19.50,178
1-May-12,19.71,19.71,19.71,19.71,0
30-Apr-12,19.95,19.95,19.49,19.71,767
27-Apr-12,19.29,20.58,18.97,20.58,900
26-Apr-12,19.31,19.31,19.30,19.30,200
25-Apr-12,19.31,19.31,19.31,19.31,0
24-Apr-12,19.31,19.40,19.30,19.31,1100
23-Apr-12,18.09,19.85,18.09,19.45,400
20-Apr-12,18.38,18.65,18.38,18.40,2300
19-Apr-12,18.28,18.28,18.24,18.25,3300
18-Apr-12,19.00,19.00,18.01,18.01,795
17-Apr-12,19.95,20.25,19.95,20.25,3367
16-Apr-12,19.55,19.55,19.50,19.50,1006
13-Apr-12,18.59,18.59,18.59,18.59,0
12-Apr-12,18.59,18.59,18.59,18.59,0
11-Apr-12,18.59,18.59,18.59,18.59,0
10-Apr-12,18.59,18.59,18.59,18.59,0
9-Apr-12,18.59,18.59,18.59,18.59,0
5-Apr-12,18.59,18.59,18.59,18.59,0
4-Apr-12,18.59,18.59,18.59,18.59,0
3-Apr-12,18.59,18.59,18.59,18.59,0
2-Apr-12,18.59,18.59,18.59,18.59,0
30-Mar-12,18.59,18.59,18.59,18.59,0
29-Mar-12,18.59,18.59,18.59,18.59,0
28-Mar-12,18.59,18.59,18.59,18.59,211
27-Mar-12,18.59,18.59,18.59,18.59,145
26-Mar-12,18.59,18.59,17.85,17.85,754
23-Mar-12,17.79,18.05,17.79,18.05,1850
22-Mar-12,17.61,17.61,17.61,17.61,100
21-Mar-12,17.39,17.39,17.39,17.39,0
20-Mar-12,17.79,17.79,17.76,17.76,247
19-Mar-12,17.39,17.39,17.39,17.39,0
16-Mar-12,17.31,17.31,17.31,17.31,0
15-Mar-12,17.31,17.31,17.31,17.31,0
14-Mar-12,17.31,17.31,17.31,17.31,0
13-Mar-12,17.31,17.31,17.31,17.31,150
12-Mar-12,17.29,17.29,17.29,17.29,0
9-Mar-12,17.29,17.29,17.29,17.29,0
8-Mar-12,17.29,17.29,17.29,17.29,800
7-Mar-12,17.14,17.29,17.05,17.29,1652
6-Mar-12,17.19,17.19,17.15,17.15,300
5-Mar-12,17.19,17.19,17.19,17.19,0
2-Mar-12,16.80,16.80,16.80,16.80,650
1-Mar-12,17.19,17.19,17.19,17.19,0
29-Feb-12,17.15,17.25,16.75,16.80,945
28-Feb-12,17.19,17.19,17.19,17.19,0
27-Feb-12,17.19,17.19,17.19,17.19,400
24-Feb-12,17.19,17.19,17.19,17.19,0
23-Feb-12,17.19,17.19,17.19,17.19,0
22-Feb-12,16.99,17.19,16.99,17.19,200
21-Feb-12,16.99,16.99,16.99,16.99,0
17-Feb-12,16.99,16.99,16.99,16.99,1300
16-Feb-12,16.99,16.99,16.99,16.99,0
15-Feb-12,16.99,16.99,16.99,16.99,100
14-Feb-12,16.44,16.55,16.44,16.55,2041
13-Feb-12,16.01,16.45,16.01,16.40,1200
9-Feb-12,16.44,16.44,16.44,16.44,0
8-Feb-12,15.97,16.49,15.97,16.49,5233
3-Feb-12,15.90,15.90,15.90,15.90,0
2-Feb-12,15.98,15.98,15.98,15.98,0
1-Feb-12,15.85,15.85,15.85,15.85,0
27-Jan-12,15.55,15.55,15.55,15.55,0
26-Jan-12,15.45,15.45,15.45,15.45,2800
19-Jan-12,15.50,15.50,15.50,15.50,0
12-Jan-12,15.30,15.30,15.30,15.30,0
11-Jan-12,15.26,15.40,15.26,15.40,575
10-Jan-12,15.45,15.45,15.45,15.45,377
6-Jan-12,15.11,15.11,15.11,15.11,0
5-Jan-12,15.30,15.32,15.23,15.23,2211
3-Jan-12,15.86,15.86,15.86,15.86,0
30-Dec-11,15.95,15.95,15.95,15.95,0
29-Dec-11,15.50,15.50,15.50,15.50,0
28-Dec-11,15.36,15.36,15.31,15.31,1492
27-Dec-11,15.60,15.95,15.60,15.95,2985
23-Dec-11,15.50,15.50,15.50,15.50,0
22-Dec-11,15.50,15.50,15.50,15.50,600
20-Dec-11,15.04,15.04,15.04,15.04,0
14-Dec-11,15.99,15.99,15.99,15.99,0
13-Dec-11,15.72,15.72,15.72,15.72,200
12-Dec-11,15.95,15.95,15.25,15.34,2452
5-Dec-11,15.06,15.06,15.06,15.06,0
2-Dec-11,14.90,14.90,14.90,14.90,357
30-Nov-11,14.80,14.80,14.80,14.80,0
29-Nov-11,15.60,15.64,15.60,15.60,2300
21-Nov-11,15.25,15.25,15.25,15.25,0
17-Nov-11,15.47,15.47,15.47,15.47,0
14-Nov-11,15.15,15.15,15.15,15.15,0
10-Nov-11,15.04,15.04,15.04,15.04,0
8-Nov-11,15.05,15.05,15.05,15.05,0
3-Nov-11,15.13,15.13,15.13,15.13,0
2-Nov-11,15.20,15.28,15.17,15.20,1210
1-Nov-11,15.69,16.00,15.30,15.30,562
31-Oct-11,16.00,16.00,15.19,15.19,536
25-Oct-11,15.23,15.23,15.23,15.23,0
24-Oct-11,15.08,15.08,15.08,15.08,200
19-Oct-11,15.03,15.03,15.03,15.03,0
18-Oct-11,15.50,15.50,15.50,15.50,500
11-Oct-11,15.50,15.50,15.50,15.50,0
10-Oct-11,15.51,15.51,15.51,15.51,0
5-Oct-11,15.15,15.15,15.15,15.15,0
30-Sep-11,16.00,16.00,16.00,16.00,0
