Date,Open,High,Low,Close,Volume
27-Sep-12,4.46,4.46,4.09,4.42,3087
26-Sep-12,4.01,4.14,4.00,4.00,5859
25-Sep-12,4.26,4.47,4.03,4.05,6306
24-Sep-12,3.90,4.49,3.90,4.29,36410
21-Sep-12,4.22,4.23,3.73,3.90,128208
20-Sep-12,4.05,4.12,4.05,4.12,256
19-Sep-12,3.96,4.11,3.96,4.11,300
18-Sep-12,3.79,4.00,3.79,4.00,50600
17-Sep-12,3.90,3.93,3.81,3.81,2322
14-Sep-12,3.96,3.89,3.68,3.89,1300
13-Sep-12,3.94,3.94,3.87,3.94,3275
12-Sep-12,3.98,4.00,3.89,3.89,65200
11-Sep-12,3.95,4.03,3.90,3.92,107000
10-Sep-12,3.80,3.89,3.80,3.89,1074
7-Sep-12,3.92,3.98,3.65,3.88,8818
6-Sep-12,4.09,4.09,3.95,3.95,6938
5-Sep-12,3.80,4.22,3.80,4.01,79744
4-Sep-12,3.86,3.86,3.57,3.70,22190
31-Aug-12,3.63,3.80,3.63,3.80,5700
30-Aug-12,3.76,3.79,3.55,3.66,4115
29-Aug-12,3.80,3.80,3.55,3.55,42458
28-Aug-12,3.65,3.65,3.50,3.60,5395
27-Aug-12,3.63,3.65,3.42,3.65,7723
24-Aug-12,3.73,3.78,3.55,3.60,10146
23-Aug-12,3.75,3.81,3.73,3.75,1495
22-Aug-12,3.75,3.84,3.63,3.72,1300
21-Aug-12,3.61,3.69,3.60,3.65,13146
20-Aug-12,3.95,4.33,3.53,3.55,49855
17-Aug-12,3.74,3.75,3.42,3.70,16982
16-Aug-12,3.60,3.60,3.60,3.60,100
15-Aug-12,3.56,3.75,3.35,3.65,9993
14-Aug-12,3.40,3.74,3.35,3.47,8475
13-Aug-12,3.46,3.48,3.46,3.48,905
10-Aug-12,3.49,3.49,3.25,3.25,16185
9-Aug-12,3.48,3.90,3.45,3.60,15099
8-Aug-12,3.06,3.48,3.05,3.47,14539
7-Aug-12,3.50,3.51,3.35,3.35,11135
6-Aug-12,3.65,3.71,3.49,3.50,27225
3-Aug-12,3.33,3.87,3.28,3.43,78742
2-Aug-12,2.85,2.94,2.80,2.94,3755
1-Aug-12,2.95,3.04,2.55,2.85,17027
31-Jul-12,3.12,3.20,2.83,2.83,4225
30-Jul-12,3.12,3.12,3.12,3.12,0
27-Jul-12,3.16,3.35,3.12,3.20,1996
26-Jul-12,3.18,3.25,3.18,3.21,500
25-Jul-12,3.16,3.16,3.16,3.16,100
24-Jul-12,3.13,3.16,3.13,3.15,500
23-Jul-12,3.26,3.26,3.26,3.26,0
20-Jul-12,3.26,3.26,3.26,3.26,100
19-Jul-12,3.39,3.39,3.15,3.39,3639
18-Jul-12,3.15,3.39,3.15,3.33,1250
17-Jul-12,3.12,3.35,3.12,3.21,2048
16-Jul-12,3.30,3.30,3.11,3.11,1650
13-Jul-12,3.15,3.19,3.15,3.19,300
12-Jul-12,3.32,3.40,3.10,3.16,14561
11-Jul-12,3.18,3.20,3.18,3.20,500
10-Jul-12,3.23,3.37,3.15,3.28,1500
9-Jul-12,3.24,3.34,3.09,3.30,4487
6-Jul-12,3.05,3.41,2.95,3.41,9360
5-Jul-12,3.17,3.17,2.99,3.05,6250
3-Jul-12,2.96,3.16,2.96,2.97,3011
2-Jul-12,3.11,3.21,2.84,3.01,76932
29-Jun-12,3.10,3.48,3.10,3.11,2177
28-Jun-12,3.10,3.11,3.10,3.11,383
27-Jun-12,2.99,3.00,2.99,3.00,271
26-Jun-12,3.00,3.10,2.78,2.97,7188
25-Jun-12,2.99,3.00,2.98,2.99,4049
22-Jun-12,3.31,3.50,2.83,2.91,27522
21-Jun-12,3.11,3.37,3.10,3.30,1631
20-Jun-12,3.03,3.18,3.03,3.14,2515
19-Jun-12,3.12,3.15,3.07,3.07,600
18-Jun-12,3.05,3.09,3.00,3.08,3850
15-Jun-12,3.09,3.12,3.04,3.05,3243
14-Jun-12,3.10,3.10,3.09,3.09,300
13-Jun-12,3.20,3.20,2.81,3.19,7948
12-Jun-12,3.00,3.25,2.99,3.19,4824
11-Jun-12,3.04,3.04,2.95,2.99,8983
8-Jun-12,2.89,3.20,2.89,2.95,15494
7-Jun-12,3.37,3.37,2.76,2.85,51500
6-Jun-12,3.49,3.49,3.30,3.33,3608
5-Jun-12,3.50,3.52,3.48,3.48,1600
4-Jun-12,3.50,3.50,3.48,3.48,2250
1-Jun-12,3.48,3.51,3.48,3.51,2954
31-May-12,3.49,3.53,3.39,3.40,4860
30-May-12,3.55,3.65,3.49,3.51,6839
29-May-12,3.53,3.65,3.50,3.51,15200
25-May-12,3.74,3.76,3.58,3.67,5776
24-May-12,3.70,3.86,3.55,3.57,3750
23-May-12,3.51,3.67,3.50,3.67,2765
22-May-12,3.78,3.84,3.53,3.53,3950
21-May-12,3.56,3.79,3.54,3.78,10481
18-May-12,3.55,3.64,3.30,3.56,77617
17-May-12,3.84,3.84,3.65,3.70,4486
16-May-12,3.90,3.90,3.66,3.66,4771
15-May-12,3.93,4.00,3.90,3.90,4021
14-May-12,4.10,4.10,4.10,4.10,500
11-May-12,3.99,4.02,3.86,4.02,710
10-May-12,4.25,4.25,3.92,3.95,9863
9-May-12,4.08,4.25,4.08,4.25,300
8-May-12,4.02,4.22,3.97,4.17,1800
7-May-12,3.99,4.40,3.85,4.06,28710
4-May-12,4.30,4.30,4.05,4.12,10560
3-May-12,4.69,4.69,3.99,4.36,23412
2-May-12,4.40,4.43,4.20,4.20,11949
1-May-12,4.58,4.58,4.39,4.39,3222
30-Apr-12,4.27,4.42,4.27,4.42,2625
27-Apr-12,4.28,4.46,4.25,4.26,2699
26-Apr-12,4.19,4.25,4.19,4.25,3645
25-Apr-12,4.16,4.25,4.15,4.15,2253
24-Apr-12,4.10,4.11,4.08,4.11,2479
23-Apr-12,4.05,4.19,4.05,4.06,4164
20-Apr-12,4.23,4.25,4.02,4.04,16135
19-Apr-12,4.25,4.30,4.25,4.30,700
18-Apr-12,4.25,4.28,4.15,4.25,5411
17-Apr-12,4.23,4.29,4.21,4.25,8300
16-Apr-12,4.00,4.08,3.93,4.08,14032
13-Apr-12,4.12,4.18,4.00,4.00,2225
12-Apr-12,4.46,4.46,3.97,4.25,53788
11-Apr-12,4.50,4.50,4.48,4.48,6761
10-Apr-12,4.60,4.60,4.40,4.46,5774
9-Apr-12,4.60,4.66,4.60,4.63,700
5-Apr-12,4.70,4.70,4.59,4.66,14000
4-Apr-12,4.70,4.79,4.70,4.78,1456
3-Apr-12,4.72,4.72,4.67,4.70,22450
2-Apr-12,4.65,4.79,4.65,4.72,7473
30-Mar-12,4.74,4.79,4.74,4.79,1000
29-Mar-12,4.65,4.65,4.51,4.65,7800
28-Mar-12,4.73,4.75,4.65,4.65,8104
27-Mar-12,4.78,4.83,4.56,4.58,4930
26-Mar-12,4.74,4.81,4.72,4.72,1297
23-Mar-12,4.50,4.72,4.44,4.72,4193
22-Mar-12,4.66,4.74,4.66,4.66,1300
21-Mar-12,4.81,4.95,4.47,4.48,4513
20-Mar-12,4.87,4.87,4.77,4.77,650
19-Mar-12,4.90,4.98,4.69,4.69,14764
16-Mar-12,4.84,4.90,4.80,4.88,5875
15-Mar-12,4.73,4.90,4.73,4.80,4015
14-Mar-12,4.79,4.87,4.62,4.79,16264
13-Mar-12,4.86,4.96,4.76,4.96,30976
12-Mar-12,4.96,4.96,4.80,4.80,2965
9-Mar-12,4.79,4.80,4.75,4.75,5400
8-Mar-12,5.00,5.00,4.76,4.76,75780
7-Mar-12,4.99,5.00,4.75,4.96,6053
6-Mar-12,4.93,4.93,4.90,4.90,2196
5-Mar-12,4.85,4.96,4.85,4.93,11117
2-Mar-12,4.83,4.83,4.66,4.82,10540
1-Mar-12,4.85,4.87,4.75,4.85,8455
29-Feb-12,4.91,4.96,4.84,4.88,12650
28-Feb-12,4.95,4.97,4.84,4.97,18936
27-Feb-12,5.05,5.05,4.94,4.96,17394
24-Feb-12,4.94,5.04,4.94,5.04,9534
23-Feb-12,4.93,4.95,4.90,4.94,6392
22-Feb-12,4.87,4.98,4.83,4.94,10093
21-Feb-12,4.51,4.95,4.51,4.81,49490
17-Feb-12,4.33,4.55,4.33,4.55,12972
16-Feb-12,4.38,4.40,4.26,4.35,8042
15-Feb-12,4.38,4.40,4.30,4.30,6000
14-Feb-12,4.14,4.40,4.14,4.28,7793
13-Feb-12,4.35,4.37,4.30,4.30,5771
10-Feb-12,4.15,4.39,4.15,4.25,17571
9-Feb-12,4.40,4.54,4.11,4.14,43641
8-Feb-12,4.33,5.00,4.25,4.31,6601
7-Feb-12,4.39,4.39,4.16,4.25,1002
6-Feb-12,4.32,4.63,4.09,4.49,67355
3-Feb-12,4.25,4.35,4.15,4.25,31160
2-Feb-12,3.94,4.25,3.87,4.25,18104
1-Feb-12,3.76,4.02,3.76,3.90,2025
31-Jan-12,3.76,3.90,3.76,3.90,3050
30-Jan-12,4.02,4.06,3.76,4.00,6196
27-Jan-12,4.02,4.05,4.00,4.00,4394
26-Jan-12,3.91,3.99,3.91,3.99,200
25-Jan-12,4.05,4.20,3.91,4.08,18172
24-Jan-12,4.10,4.10,3.91,3.91,22000
23-Jan-12,4.19,4.19,4.10,4.10,595
20-Jan-12,3.99,4.19,3.85,4.19,30642
19-Jan-12,3.90,4.10,3.85,4.00,54955
18-Jan-12,3.38,3.81,3.38,3.73,65569
17-Jan-12,3.40,3.40,3.22,3.26,16600
13-Jan-12,3.39,3.39,3.39,3.39,0
12-Jan-12,3.19,3.43,3.15,3.30,6783
11-Jan-12,3.25,3.42,3.24,3.26,9730
10-Jan-12,3.10,3.24,3.04,3.23,59490
9-Jan-12,3.11,3.19,2.91,3.04,13900
6-Jan-12,3.10,3.14,3.10,3.10,10500
5-Jan-12,3.05,3.16,3.02,3.15,4825
4-Jan-12,3.07,3.23,3.02,3.16,6518
3-Jan-12,3.09,3.23,3.09,3.10,3262
30-Dec-11,3.02,3.02,3.02,3.02,0
29-Dec-11,3.05,3.23,2.94,3.06,29421
28-Dec-11,3.06,3.23,2.95,2.95,5300
27-Dec-11,2.98,3.15,2.98,3.15,4100
23-Dec-11,3.04,3.04,3.04,3.04,0
22-Dec-11,3.18,3.23,3.14,3.23,5300
21-Dec-11,3.15,3.21,3.10,3.12,12700
20-Dec-11,3.28,3.28,3.05,3.14,6000
19-Dec-11,3.05,3.05,2.99,2.99,23375
16-Dec-11,3.12,3.12,2.96,3.00,26335
15-Dec-11,3.10,3.29,3.10,3.11,1805
14-Dec-11,3.04,3.04,3.03,3.03,300
13-Dec-11,3.10,3.10,3.05,3.06,49499
12-Dec-11,3.28,3.49,3.12,3.20,18850
9-Dec-11,3.14,3.29,3.01,3.15,11800
8-Dec-11,3.00,3.02,2.99,3.01,11900
7-Dec-11,3.00,3.05,2.98,3.01,15173
6-Dec-11,3.00,3.15,3.00,3.00,4657
5-Dec-11,2.97,3.14,2.93,3.14,43400
2-Dec-11,3.09,3.10,2.97,2.98,3399
1-Dec-11,3.08,3.08,2.95,3.00,34066
30-Nov-11,2.88,3.00,2.85,3.00,23779
29-Nov-11,2.78,2.85,2.78,2.85,9828
28-Nov-11,2.85,2.92,2.63,2.63,78866
25-Nov-11,3.11,3.14,2.64,2.96,44220
23-Nov-11,3.12,3.12,3.12,3.12,0
22-Nov-11,3.30,3.39,3.29,3.31,26510
21-Nov-11,3.54,3.58,3.23,3.30,21563
18-Nov-11,3.48,3.48,3.48,3.48,0
17-Nov-11,3.51,3.62,3.48,3.61,14400
16-Nov-11,3.56,3.69,3.36,3.56,31786
15-Nov-11,3.80,3.80,3.58,3.58,9100
14-Nov-11,3.75,3.80,3.74,3.75,5750
11-Nov-11,3.70,3.76,3.70,3.71,5884
10-Nov-11,3.74,3.75,3.70,3.70,16263
9-Nov-11,3.70,3.71,3.61,3.70,15705
8-Nov-11,3.74,3.80,3.60,3.70,53670
7-Nov-11,3.70,3.77,3.55,3.65,88875
4-Nov-11,3.49,4.00,3.49,3.62,88388
3-Nov-11,3.32,3.90,3.32,3.59,206698
2-Nov-11,3.30,3.32,3.18,3.18,6900
1-Nov-11,3.30,3.35,3.10,3.10,15525
31-Oct-11,3.22,3.30,3.15,3.21,4800
28-Oct-11,3.28,3.36,3.18,3.18,3800
27-Oct-11,3.26,3.26,3.15,3.20,12290
25-Oct-11,3.26,3.26,3.26,3.26,0
24-Oct-11,3.19,3.35,3.19,3.29,16400
21-Oct-11,3.17,3.22,3.16,3.21,700
20-Oct-11,3.20,3.30,3.15,3.15,12800
19-Oct-11,3.28,3.35,3.20,3.20,13863
18-Oct-11,3.10,3.30,3.10,3.29,11337
17-Oct-11,3.25,3.25,3.15,3.15,12126
14-Oct-11,3.03,3.15,3.03,3.15,26445
13-Oct-11,2.97,3.03,2.90,3.03,24483
12-Oct-11,3.00,3.00,2.98,3.00,3850
11-Oct-11,2.98,3.05,2.98,3.00,45380
10-Oct-11,2.98,3.04,2.98,3.00,7600
7-Oct-11,3.00,3.04,2.80,2.98,238100
6-Oct-11,3.05,3.05,3.00,3.00,2800
5-Oct-11,3.00,3.00,2.99,3.00,3900
4-Oct-11,2.87,2.87,2.87,2.87,100
3-Oct-11,2.96,2.96,2.68,2.87,26973
30-Sep-11,3.05,3.05,2.94,2.97,17950
29-Sep-11,3.03,3.03,3.03,3.03,100
