Date,Open,High,Low,Close,Volume
27-Sep-12,2.86,2.95,2.82,2.85,29620
26-Sep-12,2.75,2.86,2.72,2.83,27252
25-Sep-12,2.91,2.96,2.88,2.88,39185
24-Sep-12,2.77,2.92,2.76,2.90,139612
21-Sep-12,2.82,2.86,2.78,2.81,30566
20-Sep-12,2.72,2.83,2.72,2.78,29323
19-Sep-12,2.71,2.77,2.69,2.77,12794
18-Sep-12,2.68,2.73,2.64,2.73,33131
17-Sep-12,2.81,2.84,2.64,2.71,37011
14-Sep-12,2.82,2.82,2.72,2.78,23728
13-Sep-12,2.71,2.78,2.71,2.78,1961
12-Sep-12,2.72,2.76,2.72,2.76,5542
11-Sep-12,2.78,2.80,2.70,2.74,13300
10-Sep-12,2.84,2.84,2.77,2.81,17628
7-Sep-12,2.81,2.87,2.65,2.79,117568
6-Sep-12,2.73,2.79,2.73,2.78,63795
5-Sep-12,2.71,2.80,2.68,2.75,75591
4-Sep-12,2.64,2.74,2.64,2.68,21746
31-Aug-12,2.65,2.73,2.62,2.65,29861
30-Aug-12,2.60,2.77,2.60,2.68,46697
29-Aug-12,2.63,2.65,2.56,2.58,15307
28-Aug-12,2.53,2.61,2.52,2.60,16066
27-Aug-12,2.55,2.62,2.49,2.56,55889
24-Aug-12,2.39,2.55,2.37,2.51,36113
23-Aug-12,2.40,2.47,2.40,2.44,26383
22-Aug-12,2.38,2.47,2.38,2.45,76916
21-Aug-12,2.47,2.50,2.36,2.42,97968
20-Aug-12,2.37,2.59,2.36,2.43,88214
17-Aug-12,2.40,2.40,2.29,2.38,84246
16-Aug-12,2.26,2.39,2.25,2.39,93487
15-Aug-12,2.31,2.35,2.23,2.25,18759
14-Aug-12,2.35,2.35,2.27,2.29,45208
13-Aug-12,2.35,2.38,2.29,2.34,26635
10-Aug-12,2.40,2.43,2.36,2.39,16720
9-Aug-12,2.44,2.44,2.40,2.44,116427
8-Aug-12,2.38,2.44,2.38,2.44,276626
7-Aug-12,2.34,2.38,2.30,2.35,26104
6-Aug-12,2.21,2.38,2.04,2.30,265653
3-Aug-12,2.33,2.33,2.17,2.19,203306
2-Aug-12,2.44,2.44,2.36,2.36,45597
1-Aug-12,2.40,2.49,2.37,2.40,45436
31-Jul-12,2.35,2.44,2.34,2.37,84419
30-Jul-12,2.36,2.46,2.33,2.35,14936
27-Jul-12,2.41,2.41,2.34,2.40,40909
26-Jul-12,2.37,2.42,2.32,2.40,19117
25-Jul-12,2.36,2.42,2.36,2.37,31502
24-Jul-12,2.29,2.38,2.25,2.34,46678
23-Jul-12,2.38,2.39,2.28,2.36,30983
20-Jul-12,2.40,2.42,2.32,2.39,26268
19-Jul-12,2.30,2.42,2.28,2.42,54929
18-Jul-12,2.34,2.35,2.26,2.34,34363
17-Jul-12,2.32,2.40,2.24,2.35,50134
16-Jul-12,2.37,2.37,2.23,2.34,32550
13-Jul-12,2.50,2.50,2.25,2.36,54669
12-Jul-12,2.33,2.35,2.27,2.28,101166
11-Jul-12,2.35,2.43,2.33,2.39,43508
10-Jul-12,2.42,2.45,2.32,2.35,26940
9-Jul-12,2.42,2.44,2.40,2.40,17731
6-Jul-12,2.40,2.48,2.39,2.44,27607
5-Jul-12,2.40,2.44,2.38,2.44,12824
3-Jul-12,2.41,2.44,2.35,2.42,120607
2-Jul-12,2.44,2.44,2.26,2.40,41382
29-Jun-12,2.30,2.43,2.28,2.43,15904
28-Jun-12,2.26,2.35,2.25,2.34,23540
27-Jun-12,2.29,2.31,2.21,2.29,111079
26-Jun-12,2.30,2.31,2.26,2.27,47216
25-Jun-12,2.25,2.32,2.19,2.30,31698
22-Jun-12,2.30,2.32,2.26,2.30,67307
21-Jun-12,2.39,2.39,2.30,2.33,18938
20-Jun-12,2.34,2.42,2.28,2.37,47427
19-Jun-12,2.33,2.33,2.19,2.30,224036
18-Jun-12,2.31,2.35,2.28,2.30,131718
15-Jun-12,2.30,2.36,2.25,2.34,32713
14-Jun-12,2.32,2.37,2.25,2.32,56360
13-Jun-12,2.25,2.34,2.25,2.34,8644
12-Jun-12,2.25,2.30,2.20,2.25,29302
11-Jun-12,2.27,2.30,2.22,2.25,22469
8-Jun-12,2.26,2.30,2.22,2.27,15547
7-Jun-12,2.24,2.27,2.20,2.27,59194
6-Jun-12,2.26,2.26,2.22,2.22,64608
5-Jun-12,2.14,2.25,2.10,2.23,44726
4-Jun-12,2.16,2.22,2.13,2.18,65747
1-Jun-12,2.13,2.22,2.11,2.20,64941
31-May-12,2.26,2.28,2.16,2.22,150758
30-May-12,2.30,2.30,2.21,2.28,33706
29-May-12,2.30,2.53,2.29,2.30,51097
25-May-12,2.36,2.36,2.30,2.31,16560
24-May-12,2.36,2.40,2.29,2.32,49999
23-May-12,2.29,2.37,2.29,2.37,50067
22-May-12,2.44,2.44,2.24,2.34,202628
21-May-12,2.46,2.47,2.40,2.41,67348
18-May-12,2.48,2.53,2.47,2.49,303305
17-May-12,2.45,2.55,2.45,2.50,48107
16-May-12,2.52,2.59,2.50,2.50,33143
15-May-12,2.60,2.64,2.50,2.53,46732
14-May-12,2.53,2.74,2.53,2.65,39591
11-May-12,2.78,2.79,2.69,2.71,64208
10-May-12,2.81,2.88,2.70,2.83,44227
9-May-12,2.79,2.84,2.70,2.80,14638
8-May-12,2.76,2.86,2.70,2.83,136657
7-May-12,2.85,3.10,2.82,2.98,96776
4-May-12,2.77,2.94,2.77,2.92,11949
3-May-12,2.85,2.93,2.68,2.85,27302
2-May-12,2.95,2.96,2.70,2.83,24113
1-May-12,2.82,2.89,2.73,2.82,20420
30-Apr-12,2.87,2.88,2.84,2.85,13083
27-Apr-12,2.86,2.90,2.80,2.85,9671
26-Apr-12,2.84,2.88,2.83,2.86,6308
25-Apr-12,2.80,2.85,2.80,2.85,15944
24-Apr-12,2.79,2.91,2.71,2.83,40176
23-Apr-12,2.79,2.80,2.75,2.79,10115
20-Apr-12,2.84,2.85,2.72,2.84,30627
19-Apr-12,2.78,2.86,2.71,2.86,29063
18-Apr-12,2.62,2.84,2.62,2.83,98346
17-Apr-12,2.70,2.72,2.66,2.68,41920
16-Apr-12,2.60,2.70,2.58,2.70,33913
13-Apr-12,2.67,2.70,2.63,2.67,17833
12-Apr-12,2.63,2.70,2.58,2.69,15644
11-Apr-12,2.63,2.69,2.55,2.65,34883
10-Apr-12,2.68,2.70,2.59,2.62,42263
9-Apr-12,2.71,2.76,2.70,2.71,154124
5-Apr-12,2.77,2.88,2.70,2.78,44980
4-Apr-12,2.79,2.80,2.74,2.79,8960
3-Apr-12,2.84,2.85,2.73,2.79,27987
2-Apr-12,2.87,2.89,2.75,2.83,47325
30-Mar-12,2.88,2.90,2.83,2.85,28636
29-Mar-12,2.83,2.87,2.83,2.87,9898
28-Mar-12,2.95,2.95,2.85,2.88,33422
27-Mar-12,2.94,2.99,2.85,2.96,23680
26-Mar-12,2.93,2.93,2.87,2.92,29856
23-Mar-12,2.97,2.97,2.88,2.88,35250
22-Mar-12,2.99,3.00,2.83,2.99,38552
21-Mar-12,2.84,2.99,2.81,2.97,59580
20-Mar-12,2.74,2.83,2.68,2.83,59832
19-Mar-12,2.79,2.91,2.73,2.76,67326
16-Mar-12,2.97,2.97,2.80,2.83,146290
15-Mar-12,3.30,3.42,2.93,2.93,568782
14-Mar-12,2.95,2.96,2.81,2.96,91325
13-Mar-12,2.83,2.94,2.83,2.92,44810
12-Mar-12,2.79,2.88,2.79,2.84,44410
9-Mar-12,2.89,2.89,2.78,2.79,24309
8-Mar-12,2.82,2.82,2.75,2.80,15041
7-Mar-12,2.85,2.92,2.70,2.85,37327
6-Mar-12,2.92,3.01,2.82,2.82,84564
5-Mar-12,3.00,3.02,2.91,2.93,44710
2-Mar-12,3.00,3.02,2.98,2.99,33653
1-Mar-12,3.03,3.03,3.00,3.00,72751
29-Feb-12,3.03,3.06,3.00,3.00,82269
28-Feb-12,2.98,3.09,2.87,3.03,55770
27-Feb-12,2.88,3.05,2.82,2.97,115289
24-Feb-12,2.81,2.91,2.80,2.88,50679
23-Feb-12,2.75,2.86,2.75,2.82,21182
22-Feb-12,2.81,2.84,2.81,2.81,25309
21-Feb-12,2.76,2.87,2.76,2.83,9990
17-Feb-12,2.75,2.82,2.72,2.77,47965
16-Feb-12,2.83,2.93,2.75,2.75,83147
15-Feb-12,2.79,2.87,2.70,2.85,15930
14-Feb-12,2.81,2.86,2.73,2.76,40459
13-Feb-12,2.86,2.91,2.80,2.85,52636
10-Feb-12,2.89,2.91,2.70,2.90,69139
9-Feb-12,2.85,2.93,2.81,2.92,21888
8-Feb-12,2.88,2.93,2.80,2.86,56017
7-Feb-12,2.88,2.95,2.85,2.87,44409
6-Feb-12,2.86,2.96,2.82,2.91,84105
3-Feb-12,2.79,2.87,2.77,2.86,47974
2-Feb-12,2.70,2.82,2.70,2.77,40350
1-Feb-12,2.70,2.73,2.67,2.73,45537
31-Jan-12,2.75,2.75,2.62,2.69,30753
30-Jan-12,2.71,2.76,2.68,2.68,52114
27-Jan-12,2.70,2.76,2.70,2.73,52277
26-Jan-12,2.69,2.74,2.65,2.69,11730
25-Jan-12,2.68,2.70,2.64,2.65,20399
24-Jan-12,2.62,2.67,2.60,2.65,46323
23-Jan-12,2.63,2.75,2.62,2.64,67244
20-Jan-12,2.62,2.71,2.60,2.64,119495
19-Jan-12,2.57,2.62,2.51,2.62,100973
18-Jan-12,2.50,2.55,2.46,2.55,81510
17-Jan-12,2.53,2.56,2.49,2.53,32217
13-Jan-12,2.52,2.52,2.52,2.52,0
12-Jan-12,2.58,2.60,2.51,2.54,34911
11-Jan-12,2.51,2.60,2.48,2.56,35295
10-Jan-12,2.49,2.61,2.47,2.53,15318
9-Jan-12,2.59,2.62,2.48,2.52,43455
6-Jan-12,2.56,2.64,2.55,2.56,8654
5-Jan-12,2.49,2.65,2.47,2.56,31900
4-Jan-12,2.53,2.55,2.45,2.50,20154
3-Jan-12,2.36,2.53,2.36,2.51,106464
30-Dec-11,2.42,2.42,2.42,2.42,0
29-Dec-11,2.29,2.34,2.22,2.29,99838
28-Dec-11,2.34,2.34,2.16,2.30,110970
27-Dec-11,2.35,2.38,2.30,2.32,54569
23-Dec-11,2.35,2.35,2.35,2.35,0
22-Dec-11,2.42,2.44,2.35,2.38,27251
21-Dec-11,2.40,2.45,2.37,2.42,39208
20-Dec-11,2.39,2.46,2.36,2.43,95787
19-Dec-11,2.42,2.50,2.35,2.36,47198
16-Dec-11,2.51,2.51,2.39,2.42,95074
15-Dec-11,2.53,2.53,2.45,2.48,80055
14-Dec-11,2.50,2.56,2.48,2.48,30491
13-Dec-11,2.56,2.61,2.45,2.50,39914
12-Dec-11,2.56,2.60,2.47,2.55,60210
9-Dec-11,2.58,2.63,2.51,2.60,45339
8-Dec-11,2.61,2.63,2.52,2.59,60857
7-Dec-11,2.60,2.69,2.60,2.65,44619
6-Dec-11,2.69,2.71,2.65,2.67,29432
5-Dec-11,2.75,2.75,2.63,2.70,47101
2-Dec-11,2.73,2.80,2.66,2.73,280161
1-Dec-11,2.62,2.77,2.52,2.70,154136
30-Nov-11,2.75,2.82,2.62,2.65,82299
29-Nov-11,2.72,2.72,2.61,2.65,49369
28-Nov-11,2.67,2.84,2.56,2.70,35475
25-Nov-11,2.60,2.65,2.60,2.60,5900
23-Nov-11,2.60,2.60,2.60,2.60,0
22-Nov-11,2.58,2.65,2.55,2.65,25783
21-Nov-11,2.77,2.79,2.55,2.60,46985
18-Nov-11,2.82,2.86,2.74,2.79,42678
17-Nov-11,2.83,2.90,2.75,2.80,67361
16-Nov-11,2.83,2.89,2.78,2.85,43448
15-Nov-11,2.84,2.89,2.79,2.89,86790
14-Nov-11,2.82,2.87,2.71,2.86,35506
11-Nov-11,2.95,2.99,2.83,2.84,70103
10-Nov-11,2.81,3.00,2.80,2.95,108878
9-Nov-11,2.77,2.92,2.71,2.81,108432
8-Nov-11,2.67,2.73,2.54,2.73,49723
7-Nov-11,2.69,2.69,2.65,2.69,8303
4-Nov-11,2.69,2.72,2.67,2.72,67118
3-Nov-11,2.71,2.74,2.67,2.73,40369
2-Nov-11,2.64,2.70,2.60,2.70,63976
1-Nov-11,2.54,2.63,2.50,2.60,23615
31-Oct-11,2.63,2.70,2.59,2.61,22950
28-Oct-11,2.66,2.67,2.60,2.65,54674
27-Oct-11,2.60,2.69,2.50,2.66,77671
26-Oct-11,2.52,2.59,2.51,2.54,59071
25-Oct-11,2.63,2.67,2.47,2.52,88970
24-Oct-11,2.58,2.68,2.55,2.65,79714
21-Oct-11,2.54,2.59,2.53,2.57,38587
20-Oct-11,2.59,2.60,2.55,2.59,20176
19-Oct-11,2.61,2.63,2.53,2.62,23263
18-Oct-11,2.48,2.62,2.46,2.60,68447
17-Oct-11,2.45,2.49,2.40,2.49,42905
14-Oct-11,2.49,2.57,2.41,2.45,76504
13-Oct-11,2.39,2.49,2.35,2.47,39524
12-Oct-11,2.33,2.43,2.26,2.42,58680
11-Oct-11,2.26,2.34,2.24,2.33,99164
10-Oct-11,2.30,2.33,2.22,2.29,91895
7-Oct-11,2.29,2.32,2.23,2.23,65510
6-Oct-11,2.23,2.30,2.18,2.28,107413
5-Oct-11,2.30,2.30,2.13,2.26,116182
4-Oct-11,2.30,2.35,2.11,2.25,115249
3-Oct-11,2.52,2.52,2.31,2.32,73979
30-Sep-11,2.54,2.63,2.50,2.55,42488
29-Sep-11,2.60,2.60,2.51,2.56,33641
