Date,Open,High,Low,Close,Volume
27-Sep-12,24.85,25.49,24.85,25.26,862260
26-Sep-12,24.86,25.27,24.21,24.67,895003
25-Sep-12,25.13,25.61,24.84,24.90,1191067
24-Sep-12,25.08,25.55,24.55,25.13,1204325
21-Sep-12,25.82,26.46,25.14,25.39,1730727
20-Sep-12,25.62,25.70,25.14,25.44,1604097
19-Sep-12,25.85,26.32,25.51,25.90,1231763
18-Sep-12,26.07,26.32,25.14,25.84,1353150
17-Sep-12,26.43,26.92,25.93,26.02,1102015
14-Sep-12,25.42,27.01,25.39,26.58,1667796
13-Sep-12,24.92,25.60,24.15,25.21,1461313
12-Sep-12,25.06,25.13,24.17,24.78,1159143
11-Sep-12,24.63,25.31,24.50,24.88,1206930
10-Sep-12,24.18,24.88,24.11,24.42,1029916
7-Sep-12,23.94,24.27,23.74,24.23,1268817
6-Sep-12,22.88,24.51,22.86,23.80,2007128
5-Sep-12,22.14,22.88,22.04,22.62,1810144
4-Sep-12,21.81,22.15,21.43,22.07,1259339
31-Aug-12,21.89,22.10,21.42,21.93,895881
30-Aug-12,21.60,21.85,21.44,21.57,891511
29-Aug-12,21.94,22.03,21.51,21.62,748833
28-Aug-12,22.04,22.47,21.60,21.96,888321
27-Aug-12,22.68,22.78,22.08,22.10,505599
24-Aug-12,21.75,22.79,21.50,22.60,1126120
23-Aug-12,23.41,23.47,21.80,21.89,1419039
22-Aug-12,23.56,23.77,22.90,23.40,1522482
21-Aug-12,23.44,24.40,23.44,23.72,994664
20-Aug-12,23.66,23.66,23.16,23.37,902294
17-Aug-12,23.29,23.71,23.09,23.52,183443
16-Aug-12,23.10,23.48,22.88,23.29,304512
15-Aug-12,21.93,23.26,21.83,23.04,476437
14-Aug-12,21.08,22.11,21.08,21.97,254451
13-Aug-12,21.26,21.51,20.67,20.93,157849
10-Aug-12,20.95,21.34,20.70,21.30,225021
9-Aug-12,20.31,21.20,20.20,21.15,285190
8-Aug-12,20.29,20.67,20.12,20.30,246757
7-Aug-12,19.95,20.58,19.95,20.32,412877
6-Aug-12,19.25,20.45,19.10,19.78,459928
3-Aug-12,19.04,19.27,18.65,19.20,403050
2-Aug-12,20.27,20.92,18.10,18.61,4581932
1-Aug-12,21.25,21.47,20.19,21.10,1499661
31-Jul-12,20.91,21.56,20.84,21.06,1461486
30-Jul-12,19.88,20.98,19.82,20.91,1080436
27-Jul-12,19.84,19.93,19.48,19.82,1334568
26-Jul-12,19.01,19.84,18.75,19.66,1146032
25-Jul-12,19.54,19.65,18.61,18.71,1614021
24-Jul-12,20.62,20.76,19.32,19.47,1073990
23-Jul-12,20.83,20.84,20.28,20.57,731912
20-Jul-12,21.55,21.74,21.12,21.40,1108214
19-Jul-12,20.87,21.80,20.83,21.76,1368369
18-Jul-12,19.96,20.82,19.92,20.78,1060675
17-Jul-12,20.17,20.29,19.36,20.01,1256039
16-Jul-12,20.13,20.32,19.95,20.09,834002
13-Jul-12,20.13,20.47,20.07,20.18,786969
12-Jul-12,19.92,20.12,19.58,19.96,1187886
11-Jul-12,20.34,20.60,20.01,20.24,1323054
10-Jul-12,21.31,21.35,20.02,20.23,1110635
9-Jul-12,21.54,21.72,21.00,21.07,1340600
6-Jul-12,21.50,21.95,21.09,21.54,1059307
5-Jul-12,22.14,22.38,21.65,21.89,1430894
3-Jul-12,21.20,22.52,21.18,22.23,1128697
2-Jul-12,21.29,21.45,20.57,21.10,1806432
29-Jun-12,21.35,21.43,20.39,21.42,2743113
28-Jun-12,19.48,21.06,19.38,20.79,3215796
27-Jun-12,17.97,19.95,17.95,19.67,3886902
26-Jun-12,16.83,18.00,16.69,17.85,2617320
25-Jun-12,16.87,17.05,16.57,16.98,1723620
22-Jun-12,16.59,17.51,16.40,17.27,2136557
21-Jun-12,17.06,17.20,16.39,16.47,1984653
20-Jun-12,17.00,17.36,16.75,17.11,1563879
19-Jun-12,16.64,17.18,16.47,17.06,1537302
18-Jun-12,16.28,16.61,16.11,16.52,1694876
15-Jun-12,15.96,16.48,15.71,16.45,2666159
14-Jun-12,15.72,16.05,15.42,15.87,2145172
13-Jun-12,16.42,16.61,15.48,15.65,2176904
12-Jun-12,16.71,16.93,16.31,16.53,1599008
11-Jun-12,17.62,17.83,16.56,16.58,1164177
8-Jun-12,17.52,17.68,17.10,17.40,1132281
7-Jun-12,18.65,18.85,17.61,17.70,1168881
6-Jun-12,18.46,18.86,18.13,18.35,1334258
5-Jun-12,18.16,18.59,17.88,18.23,1251738
4-Jun-12,18.19,18.49,17.55,18.06,2120474
1-Jun-12,18.83,18.93,18.04,18.09,2039892
31-May-12,19.71,19.84,18.73,19.31,2009944
30-May-12,20.59,20.59,19.71,19.73,1560367
29-May-12,20.76,21.41,20.59,20.92,1243894
25-May-12,20.32,21.10,20.32,20.65,1386041
24-May-12,21.42,21.42,19.89,20.34,1085247
23-May-12,19.98,21.46,19.45,21.32,2320861
22-May-12,21.23,21.49,19.81,20.01,1607412
21-May-12,20.71,21.37,20.35,21.14,2006204
18-May-12,21.21,21.56,20.62,20.73,1238775
17-May-12,21.87,22.23,20.85,21.07,1749739
16-May-12,22.17,22.79,21.58,21.76,1636185
15-May-12,23.39,23.56,21.92,22.02,1557913
14-May-12,23.77,24.17,23.36,23.40,872732
11-May-12,23.67,24.56,23.44,24.04,1081545
10-May-12,24.45,24.73,23.81,23.95,1365548
9-May-12,22.33,24.30,21.80,24.24,2739930
8-May-12,22.26,22.90,21.38,22.79,1781339
7-May-12,22.09,22.99,21.77,22.51,1335555
4-May-12,22.60,22.60,21.61,22.19,1218126
3-May-12,22.30,23.85,22.30,22.74,1622834
2-May-12,24.11,24.11,22.96,23.31,1844870
1-May-12,23.99,24.90,23.94,24.37,1706687
30-Apr-12,23.57,24.17,22.94,23.98,1694407
27-Apr-12,23.10,23.78,22.62,23.69,1857970
26-Apr-12,22.38,23.25,22.07,23.00,1788304
25-Apr-12,21.61,22.56,21.49,22.51,2634255
24-Apr-12,20.80,21.43,20.65,21.27,1657273
23-Apr-12,20.86,21.16,20.34,20.69,1425812
20-Apr-12,21.74,21.94,21.13,21.23,1136583
19-Apr-12,21.52,21.85,21.33,21.49,1538018
18-Apr-12,21.82,22.08,21.35,21.48,1395656
17-Apr-12,22.11,22.57,21.73,21.93,1230511
16-Apr-12,22.93,22.95,21.52,21.89,1686478
13-Apr-12,23.35,23.38,22.48,22.77,1678575
12-Apr-12,22.79,24.04,22.75,23.47,1375644
11-Apr-12,23.07,23.34,22.73,22.86,1585459
10-Apr-12,23.38,23.56,22.41,22.74,1617484
9-Apr-12,23.48,23.81,23.17,23.43,1072514
5-Apr-12,24.38,24.71,23.88,23.91,987573
4-Apr-12,25.00,25.04,24.51,24.56,855612
3-Apr-12,25.94,25.94,25.01,25.29,1037131
2-Apr-12,26.03,26.38,25.60,26.07,1269989
30-Mar-12,25.56,26.34,25.06,26.01,2131030
29-Mar-12,25.65,25.82,25.00,25.32,1215261
28-Mar-12,26.65,26.71,25.65,25.87,1053546
27-Mar-12,27.35,27.38,26.34,26.73,1453282
26-Mar-12,28.10,28.18,27.42,27.57,984085
23-Mar-12,27.05,27.92,26.85,27.84,1312546
22-Mar-12,27.82,27.89,26.71,27.11,1610892
21-Mar-12,29.10,29.12,28.16,28.23,915509
20-Mar-12,29.50,29.56,28.77,28.93,915333
19-Mar-12,29.20,30.27,28.97,29.82,1016239
16-Mar-12,27.87,29.39,27.84,29.12,1477921
15-Mar-12,27.47,28.07,27.08,27.75,830940
14-Mar-12,28.05,28.31,27.27,27.40,644645
13-Mar-12,28.33,28.33,27.52,28.03,1573650
12-Mar-12,28.99,29.01,27.73,28.03,1199370
9-Mar-12,28.43,29.93,28.41,29.17,1735605
8-Mar-12,28.71,28.86,28.19,28.46,1192362
7-Mar-12,28.94,28.99,28.36,28.45,764267
6-Mar-12,29.15,29.15,28.35,28.81,1116627
5-Mar-12,29.90,29.92,29.29,29.50,1139336
2-Mar-12,29.84,30.76,29.26,29.86,2260990
1-Mar-12,29.28,30.02,29.04,29.83,1394978
29-Feb-12,28.75,29.43,28.33,29.23,1735111
28-Feb-12,28.49,29.14,28.05,28.77,1109616
27-Feb-12,28.08,28.69,27.53,28.52,1040951
24-Feb-12,27.79,28.45,27.70,28.16,1028327
23-Feb-12,28.17,28.45,27.10,27.73,1658495
22-Feb-12,28.82,28.92,27.83,27.90,1002596
21-Feb-12,29.23,29.64,28.64,29.00,1131979
17-Feb-12,28.46,29.36,27.66,29.05,1497204
16-Feb-12,27.78,28.47,27.40,28.25,665045
15-Feb-12,27.40,28.18,27.05,27.78,1170313
14-Feb-12,26.82,27.29,26.76,27.25,649644
13-Feb-12,27.05,27.37,26.71,26.89,597203
10-Feb-12,27.01,27.02,26.30,26.64,873044
9-Feb-12,27.78,27.78,26.87,27.41,1169048
8-Feb-12,27.59,27.85,27.31,27.66,680748
7-Feb-12,27.55,27.64,26.98,27.50,784453
6-Feb-12,27.17,27.74,27.08,27.59,926047
3-Feb-12,27.79,27.81,27.12,27.40,1073353
2-Feb-12,26.71,27.66,26.60,27.32,986946
1-Feb-12,27.80,27.85,26.44,26.60,1734903
31-Jan-12,28.36,28.48,27.53,27.62,938835
30-Jan-12,27.19,28.16,26.81,28.11,1308964
27-Jan-12,26.91,27.70,26.91,27.53,895176
26-Jan-12,28.60,28.69,26.79,27.12,1901903
25-Jan-12,28.40,28.72,27.50,28.48,2760951
24-Jan-12,29.91,29.91,28.12,28.40,2878053
23-Jan-12,29.48,30.49,29.28,30.31,1392219
20-Jan-12,29.25,29.45,28.25,28.57,1252130
19-Jan-12,30.25,30.32,29.09,29.28,952588
18-Jan-12,29.75,30.42,29.63,30.17,1289401
17-Jan-12,30.46,30.70,29.20,29.65,1242368
13-Jan-12,30.15,30.15,30.15,30.15,0
12-Jan-12,32.04,32.33,31.20,31.39,1236256
11-Jan-12,33.87,33.97,31.36,32.04,2692724
10-Jan-12,34.87,35.45,33.80,34.16,1134124
9-Jan-12,35.51,35.76,34.56,34.61,693017
6-Jan-12,35.79,36.02,35.34,35.57,834044
5-Jan-12,36.11,36.11,35.18,35.71,1044476
4-Jan-12,35.50,36.44,35.20,36.42,847387
3-Jan-12,35.01,36.00,34.81,35.74,923032
30-Dec-11,34.07,34.07,34.07,34.07,0
29-Dec-11,34.17,34.47,33.90,34.27,480166
28-Dec-11,35.07,35.13,33.97,34.12,469736
27-Dec-11,34.67,35.39,34.59,35.17,353529
23-Dec-11,34.88,34.88,34.88,34.88,0
22-Dec-11,35.15,35.90,34.85,35.01,960081
21-Dec-11,33.49,34.70,33.02,34.52,836502
20-Dec-11,32.92,33.82,32.92,33.65,733912
19-Dec-11,33.49,33.69,31.96,32.13,847151
16-Dec-11,32.78,33.41,32.40,32.95,1234733
15-Dec-11,33.76,33.88,32.36,32.52,1184341
14-Dec-11,33.56,33.73,32.69,33.10,844343
13-Dec-11,35.17,35.99,33.62,34.04,1019211
12-Dec-11,35.99,36.06,33.91,34.88,1047704
9-Dec-11,36.00,36.79,35.68,36.64,764434
8-Dec-11,36.74,37.11,35.66,35.83,1170224
7-Dec-11,38.28,38.28,36.72,37.14,735854
6-Dec-11,38.57,39.33,38.09,38.59,731058
5-Dec-11,38.73,38.94,37.96,38.63,968093
2-Dec-11,39.15,39.44,37.97,38.11,549620
1-Dec-11,38.78,39.80,38.48,38.59,578785
30-Nov-11,38.86,39.40,38.27,39.00,843536
29-Nov-11,37.20,37.78,36.87,37.12,742736
28-Nov-11,37.01,37.21,36.44,36.99,963990
25-Nov-11,35.75,36.10,35.35,35.41,346452
23-Nov-11,35.77,35.77,35.77,35.77,0
22-Nov-11,38.55,39.20,37.60,37.79,980195
21-Nov-11,39.15,39.29,37.71,38.64,1118048
18-Nov-11,40.72,40.88,39.59,40.12,1010133
17-Nov-11,41.86,42.17,40.14,40.59,1093650
16-Nov-11,42.09,43.10,41.63,41.90,732495
15-Nov-11,41.51,42.67,41.17,42.36,951607
14-Nov-11,42.14,42.22,41.24,41.79,1249406
11-Nov-11,41.15,42.91,40.84,42.52,1682728
10-Nov-11,39.66,41.11,38.95,40.57,1413032
9-Nov-11,39.00,39.67,37.97,38.06,876502
8-Nov-11,39.98,40.39,38.86,40.33,620206
7-Nov-11,39.86,40.56,39.04,39.56,636170
4-Nov-11,40.35,40.45,38.90,40.06,1194674
3-Nov-11,40.79,42.15,39.45,40.66,1500081
2-Nov-11,40.97,41.16,39.41,40.77,1105745
1-Nov-11,39.43,40.88,39.02,39.84,1137575
31-Oct-11,43.87,43.96,41.54,41.60,692584
28-Oct-11,42.84,44.94,42.70,44.72,686708
27-Oct-11,41.46,44.25,40.94,41.86,980538
26-Oct-11,40.02,40.47,38.54,40.11,537981
25-Oct-11,40.94,40.97,39.05,39.17,497106
24-Oct-11,39.81,40.80,39.81,40.67,632661
21-Oct-11,39.95,40.52,38.83,39.60,964279
20-Oct-11,39.13,39.57,37.43,39.43,1112824
19-Oct-11,40.03,41.36,38.79,39.24,878600
18-Oct-11,39.84,41.02,38.82,40.08,1104215
17-Oct-11,40.11,40.63,39.63,39.82,771220
14-Oct-11,38.56,40.24,37.52,40.17,984344
13-Oct-11,37.79,38.32,36.49,38.00,428384
12-Oct-11,38.19,39.00,38.01,38.19,659506
11-Oct-11,37.63,38.40,37.07,37.74,447048
10-Oct-11,37.09,38.18,36.90,37.89,699606
7-Oct-11,37.73,37.75,35.66,36.21,769391
6-Oct-11,36.79,38.10,36.22,37.59,646736
5-Oct-11,36.15,37.94,35.35,37.68,756787
4-Oct-11,33.92,36.41,33.11,36.23,909676
3-Oct-11,35.91,36.25,34.09,34.28,1326035
30-Sep-11,37.44,37.60,36.24,36.24,820543
