Date,Open,High,Low,Close,Volume
27-Sep-12,1.73,1.78,1.72,1.72,5224
26-Sep-12,1.86,1.86,1.71,1.80,2570
25-Sep-12,1.94,1.94,1.90,1.91,2708
24-Sep-12,1.90,1.92,1.76,1.92,6490
21-Sep-12,1.73,1.87,1.73,1.87,2122
20-Sep-12,1.73,1.76,1.73,1.76,317
19-Sep-12,1.65,1.65,1.65,1.65,0
18-Sep-12,1.65,1.65,1.65,1.65,2000
17-Sep-12,1.71,1.71,1.71,1.71,5600
14-Sep-12,1.67,1.70,1.67,1.70,3691
13-Sep-12,1.75,1.73,1.55,1.73,8300
12-Sep-12,1.64,1.78,1.64,1.78,510
11-Sep-12,1.75,1.75,1.69,1.69,1671
10-Sep-12,1.85,1.85,1.71,1.84,1478
7-Sep-12,1.92,1.97,1.66,1.85,6896
6-Sep-12,1.91,1.98,1.78,1.90,43684
5-Sep-12,2.00,2.00,1.91,1.91,31897
4-Sep-12,1.97,2.10,1.92,2.10,12052
31-Aug-12,1.97,2.18,1.97,1.97,6506
30-Aug-12,1.96,2.06,1.93,1.93,2104
29-Aug-12,2.00,2.05,1.91,1.92,3008
28-Aug-12,2.03,2.03,2.00,2.00,1600
27-Aug-12,2.05,2.05,2.00,2.00,3400
24-Aug-12,1.90,2.09,1.90,2.00,17869
23-Aug-12,1.90,1.95,1.90,1.95,1300
22-Aug-12,1.81,1.90,1.80,1.90,2827
21-Aug-12,1.93,1.93,1.92,1.92,2272
20-Aug-12,1.85,1.95,1.85,1.93,17771
17-Aug-12,1.76,1.88,1.76,1.81,8984
16-Aug-12,1.85,1.85,1.68,1.68,7709
15-Aug-12,1.65,1.79,1.65,1.78,4100
14-Aug-12,1.60,1.64,1.50,1.64,21237
13-Aug-12,1.61,1.61,1.50,1.53,20422
10-Aug-12,1.68,1.68,1.43,1.52,38883
9-Aug-12,1.69,1.70,1.65,1.69,15471
8-Aug-12,1.68,1.76,1.66,1.74,15200
7-Aug-12,1.85,1.90,1.77,1.77,12463
6-Aug-12,1.92,1.97,1.76,1.83,36485
3-Aug-12,1.70,1.70,1.66,1.68,2895
2-Aug-12,1.77,1.77,1.66,1.66,12359
1-Aug-12,1.80,1.85,1.80,1.80,2900
31-Jul-12,1.79,1.79,1.75,1.75,1500
30-Jul-12,1.82,1.82,1.70,1.70,8279
27-Jul-12,1.89,1.89,1.77,1.77,4476
26-Jul-12,1.90,1.90,1.78,1.84,7691
25-Jul-12,1.90,1.90,1.90,1.90,2100
24-Jul-12,1.90,1.90,1.90,1.90,100
23-Jul-12,1.90,1.90,1.84,1.88,1938
20-Jul-12,1.93,1.98,1.83,1.89,24119
19-Jul-12,1.98,1.99,1.94,1.99,2157
18-Jul-12,1.99,1.99,1.94,1.94,2759
17-Jul-12,2.00,2.00,1.94,1.99,21217
16-Jul-12,1.99,2.06,1.93,2.04,2826
13-Jul-12,1.96,1.96,1.96,1.96,0
12-Jul-12,1.97,1.97,1.95,1.96,1570
11-Jul-12,2.00,2.00,1.95,1.95,16472
10-Jul-12,2.00,2.00,2.00,2.00,2120
9-Jul-12,2.00,2.00,1.99,1.99,2643
6-Jul-12,2.00,2.00,1.98,1.98,3800
5-Jul-12,2.00,2.00,1.97,2.00,17315
3-Jul-12,1.99,1.99,1.99,1.99,932
2-Jul-12,2.00,2.00,1.95,1.99,6798
29-Jun-12,2.05,2.05,2.00,2.03,2216
28-Jun-12,2.06,2.06,2.02,2.04,14419
27-Jun-12,2.05,2.05,2.05,2.05,2197
26-Jun-12,2.06,2.06,2.01,2.04,5248
25-Jun-12,2.05,2.06,2.00,2.06,7770
22-Jun-12,2.05,2.05,2.05,2.05,733
21-Jun-12,2.00,2.05,1.98,1.98,8117
20-Jun-12,2.00,2.00,2.00,2.00,10000
19-Jun-12,1.99,2.00,1.98,1.99,18800
18-Jun-12,2.00,2.04,1.98,2.00,18685
15-Jun-12,1.97,2.04,1.89,2.04,3343
14-Jun-12,1.99,2.00,1.99,2.00,1100
13-Jun-12,2.00,2.05,1.98,1.98,2500
12-Jun-12,2.01,2.01,1.94,1.94,5629
11-Jun-12,2.00,2.05,1.97,2.05,13961
8-Jun-12,1.98,1.98,1.98,1.98,200
7-Jun-12,2.00,2.00,1.95,1.99,10050
6-Jun-12,1.97,1.97,1.95,1.97,3695
5-Jun-12,1.98,1.99,1.98,1.99,400
4-Jun-12,2.00,2.07,1.85,1.98,17345
1-Jun-12,1.99,2.19,1.99,2.08,7732
31-May-12,2.02,2.05,2.00,2.02,5933
30-May-12,1.80,2.12,1.80,2.00,18981
29-May-12,1.95,1.96,1.81,1.85,17387
25-May-12,1.90,2.04,1.82,1.85,9113
24-May-12,1.91,1.96,1.87,1.88,23303
23-May-12,2.15,2.15,1.92,1.98,38374
22-May-12,1.97,2.18,1.94,2.12,23704
21-May-12,1.99,1.99,1.95,1.95,2080
18-May-12,2.00,2.00,2.00,1.92,12300
17-May-12,2.13,2.20,1.91,1.99,6631
16-May-12,1.98,2.18,1.97,2.12,14270
15-May-12,1.92,1.93,1.91,1.93,1435
14-May-12,1.93,1.96,1.93,1.93,520
11-May-12,1.96,2.00,1.96,1.99,2502
10-May-12,2.06,2.06,1.92,2.04,2500
9-May-12,1.93,2.08,1.90,2.06,7589
8-May-12,2.01,2.05,2.00,2.00,4762
7-May-12,2.10,2.11,2.00,2.11,15751
4-May-12,2.17,2.17,2.13,2.13,2653
3-May-12,2.31,2.31,2.13,2.17,4593
2-May-12,2.41,2.41,2.30,2.30,4645
1-May-12,2.18,2.18,2.18,2.18,167
30-Apr-12,2.19,2.41,2.10,2.26,20205
27-Apr-12,2.18,2.23,2.18,2.18,14867
26-Apr-12,2.29,2.29,2.19,2.26,10770
25-Apr-12,2.25,2.25,2.25,2.25,0
24-Apr-12,2.31,2.31,2.25,2.27,1900
23-Apr-12,2.19,2.31,2.19,2.30,8037
20-Apr-12,2.30,2.30,2.18,2.18,2105
19-Apr-12,2.39,2.39,2.18,2.31,2934
18-Apr-12,2.20,2.23,2.18,2.18,2284
17-Apr-12,2.17,2.30,2.17,2.24,3167
16-Apr-12,2.39,2.39,2.21,2.34,1881
13-Apr-12,2.40,2.40,2.40,2.40,820
12-Apr-12,2.15,2.36,2.15,2.36,5755
11-Apr-12,2.16,2.16,2.11,2.15,2984
10-Apr-12,2.20,2.30,2.20,2.20,5223
9-Apr-12,2.26,2.30,2.18,2.18,10113
5-Apr-12,2.27,2.27,2.27,2.27,305
4-Apr-12,2.27,2.28,2.27,2.28,1580
3-Apr-12,2.31,2.33,2.31,2.33,688
2-Apr-12,2.41,2.43,2.30,2.33,12336
30-Mar-12,2.52,2.52,2.45,2.45,3901
29-Mar-12,2.51,2.60,2.43,2.52,8879
28-Mar-12,2.45,3.02,2.40,2.40,27373
27-Mar-12,2.40,2.46,2.40,2.43,8695
26-Mar-12,2.40,2.49,2.40,2.46,9847
23-Mar-12,2.36,2.41,2.33,2.35,7664
22-Mar-12,2.26,2.31,2.26,2.31,334
21-Mar-12,2.21,2.40,2.21,2.25,5226
20-Mar-12,2.18,2.20,2.18,2.20,657
19-Mar-12,2.32,2.34,2.11,2.18,20431
16-Mar-12,2.38,2.48,2.31,2.33,14379
15-Mar-12,2.25,2.31,2.25,2.30,2874
14-Mar-12,2.15,2.25,2.15,2.24,1616
13-Mar-12,2.22,2.22,2.20,2.20,300
12-Mar-12,2.15,2.25,2.15,2.15,6234
9-Mar-12,2.15,2.24,2.10,2.15,1610
8-Mar-12,2.16,2.18,2.15,2.17,823
7-Mar-12,2.24,2.30,2.24,2.29,5650
6-Mar-12,2.18,2.26,2.18,2.18,3090
5-Mar-12,2.17,2.30,2.17,2.26,6591
2-Mar-12,2.17,2.24,2.14,2.14,7192
1-Mar-12,2.25,2.25,2.12,2.12,5730
29-Feb-12,2.22,2.24,2.14,2.24,5310
28-Feb-12,2.18,2.25,2.15,2.25,31271
27-Feb-12,2.10,2.13,2.05,2.13,996
24-Feb-12,2.12,2.19,2.05,2.10,6379
23-Feb-12,2.10,2.25,2.09,2.10,10689
22-Feb-12,2.02,2.10,2.00,2.09,10128
21-Feb-12,1.94,2.06,1.94,1.98,14375
17-Feb-12,1.92,1.99,1.92,1.95,8223
16-Feb-12,1.98,2.00,1.93,1.95,12350
15-Feb-12,2.13,2.13,1.99,1.99,27282
14-Feb-12,2.09,2.14,2.09,2.09,3133
13-Feb-12,2.19,2.19,2.01,2.14,18381
10-Feb-12,2.26,2.26,2.15,2.19,12799
9-Feb-12,2.29,2.29,2.19,2.25,23244
8-Feb-12,2.35,2.43,2.20,2.20,73945
7-Feb-12,2.60,2.60,2.15,2.35,76213
6-Feb-12,2.90,2.90,2.75,2.84,21705
3-Feb-12,2.79,3.05,2.79,2.90,7261
2-Feb-12,2.64,2.82,2.62,2.78,13365
1-Feb-12,2.62,2.63,2.60,2.60,1093
31-Jan-12,2.60,2.75,2.59,2.62,8287
30-Jan-12,2.43,2.60,2.43,2.59,13412
27-Jan-12,2.62,2.65,2.52,2.60,2791
26-Jan-12,2.61,2.65,2.55,2.60,4200
25-Jan-12,2.44,2.60,2.42,2.60,2434
24-Jan-12,2.45,2.60,2.45,2.60,7912
23-Jan-12,2.57,2.68,2.55,2.57,8181
20-Jan-12,2.73,2.75,2.57,2.60,16884
19-Jan-12,3.12,3.40,2.60,2.70,24215
18-Jan-12,2.49,3.90,2.49,2.90,54632
17-Jan-12,2.45,2.45,2.45,2.45,100
13-Jan-12,2.50,2.50,2.50,2.50,0
12-Jan-12,2.50,2.55,2.48,2.55,3831
11-Jan-12,2.49,2.56,2.49,2.52,5342
10-Jan-12,2.50,2.54,2.49,2.50,4861
9-Jan-12,2.57,2.57,2.42,2.42,4225
6-Jan-12,2.53,2.55,2.53,2.53,5596
5-Jan-12,2.55,2.57,2.36,2.48,2667
3-Jan-12,2.54,2.54,2.54,2.54,0
30-Dec-11,2.46,2.46,2.46,2.46,0
29-Dec-11,2.35,2.37,2.35,2.35,4366
28-Dec-11,2.45,2.45,2.35,2.35,7413
27-Dec-11,2.41,2.50,2.35,2.49,11546
23-Dec-11,2.43,2.43,2.43,2.43,0
22-Dec-11,2.20,2.30,2.17,2.28,46178
21-Dec-11,2.11,2.20,2.11,2.15,15803
20-Dec-11,2.12,2.20,1.98,2.18,9350
19-Dec-11,2.18,2.20,2.02,2.09,7301
16-Dec-11,2.15,2.19,2.15,2.15,17301
15-Dec-11,2.08,2.20,2.08,2.12,5026
14-Dec-11,2.15,2.15,2.01,2.08,3265
13-Dec-11,2.05,2.10,2.05,2.08,7200
12-Dec-11,2.28,2.28,2.07,2.16,7647
7-Dec-11,2.28,2.28,2.28,2.28,0
6-Dec-11,2.34,2.34,2.27,2.27,667
5-Dec-11,2.43,2.43,2.28,2.34,2750
2-Dec-11,2.44,2.45,2.40,2.42,8008
1-Dec-11,2.45,2.57,2.34,2.49,21698
30-Nov-11,2.45,2.50,2.40,2.47,14971
29-Nov-11,2.30,2.40,2.30,2.36,31347
28-Nov-11,2.33,2.34,2.27,2.30,27684
25-Nov-11,2.30,2.30,2.27,2.28,800
23-Nov-11,2.27,2.27,2.27,2.27,0
22-Nov-11,2.30,2.30,2.27,2.27,3900
21-Nov-11,2.25,2.35,2.25,2.28,3160
18-Nov-11,2.24,2.36,2.20,2.25,6814
17-Nov-11,2.25,2.28,2.15,2.28,105954
16-Nov-11,2.15,2.33,2.15,2.16,4014
15-Nov-11,2.15,2.15,2.15,2.15,103
14-Nov-11,2.17,2.17,2.17,2.17,0
11-Nov-11,2.23,2.30,2.15,2.30,8055
10-Nov-11,2.50,2.50,2.15,2.15,38044
9-Nov-11,2.23,2.25,1.81,2.16,17028
8-Nov-11,2.36,2.44,2.24,2.24,4150
7-Nov-11,2.44,2.46,2.28,2.37,5955
4-Nov-11,2.38,2.44,2.34,2.38,2525
3-Nov-11,2.43,2.43,2.30,2.37,6452
2-Nov-11,2.33,2.33,2.25,2.25,1767
1-Nov-11,2.30,2.30,2.30,2.30,0
31-Oct-11,2.12,2.20,2.11,2.12,5064
28-Oct-11,2.20,2.23,2.20,2.23,5681
27-Oct-11,2.26,2.27,2.20,2.20,5008
26-Oct-11,2.24,2.25,2.24,2.25,500
25-Oct-11,2.22,2.23,2.22,2.23,1134
24-Oct-11,2.27,2.27,2.13,2.20,16800
21-Oct-11,2.15,2.29,2.15,2.28,11200
20-Oct-11,2.05,2.12,2.05,2.12,200
19-Oct-11,2.15,2.19,2.04,2.04,5496
18-Oct-11,2.21,2.23,1.97,2.10,8214
17-Oct-11,2.21,2.21,2.21,2.21,202
14-Oct-11,2.15,2.21,2.15,2.21,10180
13-Oct-11,2.20,2.20,2.16,2.16,1366
12-Oct-11,2.18,2.18,2.18,2.18,0
11-Oct-11,2.02,2.02,1.98,2.00,2792
10-Oct-11,2.02,2.02,2.02,2.02,4166
7-Oct-11,2.09,2.09,2.00,2.00,1555
6-Oct-11,2.04,2.04,2.04,2.04,400
5-Oct-11,2.08,2.08,2.08,2.08,0
4-Oct-11,1.97,1.97,1.96,1.97,1345
3-Oct-11,1.97,1.97,1.97,1.97,0
30-Sep-11,1.99,2.00,1.92,2.00,5866
29-Sep-11,2.05,2.05,1.95,2.04,3700
