Date,Open,High,Low,Close,Volume
26-Sep-12,1.43,1.49,1.39,1.41,8710
25-Sep-12,1.47,1.47,1.38,1.40,22310
24-Sep-12,1.44,1.50,1.44,1.46,14008
21-Sep-12,1.40,1.46,1.37,1.46,19206
20-Sep-12,1.35,1.43,1.35,1.40,3000
19-Sep-12,1.45,1.45,1.43,1.43,1295
18-Sep-12,1.54,1.54,1.39,1.41,4000
17-Sep-12,1.51,1.52,1.51,1.52,300
14-Sep-12,1.52,1.53,1.46,1.49,4721
13-Sep-12,1.54,1.62,1.53,1.62,6768
12-Sep-12,1.58,1.58,1.53,1.56,400
11-Sep-12,1.59,1.60,1.53,1.60,2800
10-Sep-12,1.58,1.60,1.50,1.58,12800
7-Sep-12,1.53,1.58,1.46,1.58,30242
6-Sep-12,1.41,1.55,1.41,1.50,30917
5-Sep-12,1.42,1.50,1.36,1.47,43971
4-Sep-12,1.36,1.45,1.35,1.42,20735
31-Aug-12,1.31,1.38,1.31,1.37,46107
30-Aug-12,1.38,1.39,1.33,1.34,21600
29-Aug-12,1.39,1.39,1.35,1.37,16700
28-Aug-12,1.28,1.45,1.26,1.34,54476
27-Aug-12,1.24,1.33,1.24,1.32,41276
24-Aug-12,1.22,1.27,1.19,1.27,454845
23-Aug-12,1.32,1.32,1.18,1.18,54549
22-Aug-12,1.20,1.26,1.20,1.25,38592
21-Aug-12,1.22,1.29,1.22,1.24,52705
20-Aug-12,1.29,1.31,1.21,1.24,31650
17-Aug-12,1.17,1.28,1.17,1.28,40600
16-Aug-12,1.22,1.25,1.17,1.17,187244
15-Aug-12,1.23,1.25,1.22,1.22,21352
14-Aug-12,1.24,1.28,1.23,1.23,47935
13-Aug-12,1.29,1.30,1.24,1.24,24925
10-Aug-12,1.30,1.30,1.26,1.28,53880
9-Aug-12,1.28,1.33,1.28,1.33,21398
8-Aug-12,1.31,1.31,1.24,1.25,64388
7-Aug-12,1.30,1.33,1.22,1.33,12690
6-Aug-12,1.30,1.49,1.30,1.30,16132
3-Aug-12,1.40,1.40,1.31,1.31,4855
2-Aug-12,1.38,1.38,1.35,1.35,15060
1-Aug-12,1.41,1.41,1.33,1.37,15419
31-Jul-12,1.59,1.59,1.33,1.34,23588
30-Jul-12,1.41,1.41,1.32,1.32,13159
27-Jul-12,1.33,1.43,1.27,1.43,6880
26-Jul-12,1.23,1.35,1.23,1.33,37400
25-Jul-12,1.33,1.40,1.19,1.22,25251
24-Jul-12,1.35,1.35,1.35,1.35,491
23-Jul-12,1.42,1.42,1.38,1.38,17416
20-Jul-12,1.40,1.46,1.37,1.46,7099
19-Jul-12,1.41,1.46,1.40,1.45,11838
18-Jul-12,1.41,1.45,1.40,1.42,16680
17-Jul-12,1.48,1.48,1.41,1.41,9730
16-Jul-12,1.47,1.52,1.44,1.49,10473
13-Jul-12,1.50,1.53,1.50,1.50,1838
12-Jul-12,1.45,1.54,1.44,1.50,4372
11-Jul-12,1.51,1.55,1.45,1.53,16974
10-Jul-12,1.54,1.55,1.44,1.55,36364
9-Jul-12,1.51,1.60,1.48,1.52,31837
6-Jul-12,1.51,1.57,1.51,1.55,3060
5-Jul-12,1.50,1.54,1.50,1.54,27528
3-Jul-12,1.52,1.52,1.50,1.51,16814
2-Jul-12,1.59,1.59,1.51,1.52,23516
29-Jun-12,1.52,1.60,1.50,1.59,46186
28-Jun-12,1.52,1.55,1.50,1.50,83909
27-Jun-12,1.54,1.54,1.48,1.52,81276
26-Jun-12,1.50,1.54,1.48,1.52,22869
25-Jun-12,1.49,1.54,1.48,1.50,19664
22-Jun-12,1.49,1.52,1.49,1.52,10386
21-Jun-12,1.48,1.55,1.48,1.53,53999
20-Jun-12,1.48,1.50,1.45,1.48,20049
19-Jun-12,1.46,1.50,1.46,1.50,17814
18-Jun-12,1.45,1.50,1.45,1.46,27617
15-Jun-12,1.46,1.48,1.45,1.48,27276
14-Jun-12,1.45,1.48,1.43,1.45,11310
13-Jun-12,1.50,1.52,1.45,1.45,5649
12-Jun-12,1.45,1.51,1.45,1.51,22092
11-Jun-12,1.46,1.48,1.45,1.48,11038
8-Jun-12,1.43,1.54,1.43,1.48,11551
7-Jun-12,1.42,1.49,1.42,1.49,19333
6-Jun-12,1.51,1.52,1.45,1.49,90834
5-Jun-12,1.50,1.50,1.48,1.50,7769
4-Jun-12,1.53,1.58,1.47,1.50,55667
1-Jun-12,1.55,1.56,1.48,1.51,15986
31-May-12,1.51,1.58,1.49,1.58,100837
30-May-12,1.52,1.58,1.50,1.58,63288
29-May-12,1.46,1.59,1.46,1.52,129001
25-May-12,1.66,1.66,1.54,1.58,42089
24-May-12,1.64,1.66,1.57,1.66,62213
23-May-12,1.70,1.71,1.52,1.66,95573
22-May-12,1.73,1.76,1.70,1.70,173721
21-May-12,1.70,1.77,1.70,1.72,36988
18-May-12,1.71,1.74,1.65,1.65,20130
17-May-12,1.70,1.73,1.70,1.70,14033
16-May-12,1.74,1.75,1.74,1.75,10100
15-May-12,1.69,1.75,1.63,1.67,32819
14-May-12,1.66,1.70,1.66,1.70,130762
11-May-12,1.70,1.76,1.70,1.71,44317
10-May-12,1.70,1.75,1.70,1.71,8151
9-May-12,1.66,1.75,1.66,1.71,38313
8-May-12,1.68,1.70,1.59,1.61,26607
7-May-12,1.72,1.74,1.66,1.68,6522
4-May-12,1.65,1.78,1.64,1.76,36727
3-May-12,1.70,1.72,1.62,1.70,20819
2-May-12,1.74,1.77,1.63,1.65,46991
1-May-12,1.76,1.78,1.75,1.75,4979
30-Apr-12,1.77,1.81,1.77,1.81,13458
27-Apr-12,1.80,1.82,1.77,1.77,4563
26-Apr-12,1.81,1.81,1.79,1.79,5042
25-Apr-12,1.81,1.85,1.78,1.80,29452
24-Apr-12,1.82,1.83,1.80,1.82,21833
23-Apr-12,1.80,1.85,1.75,1.85,37071
20-Apr-12,1.84,1.85,1.79,1.80,52909
19-Apr-12,1.89,1.89,1.81,1.84,45425
18-Apr-12,1.83,1.89,1.82,1.87,25764
17-Apr-12,1.83,1.85,1.83,1.84,14439
16-Apr-12,1.79,1.84,1.79,1.83,51500
13-Apr-12,1.80,1.83,1.79,1.80,20500
12-Apr-12,1.76,1.83,1.76,1.80,20121
11-Apr-12,1.83,1.85,1.76,1.76,47043
10-Apr-12,1.83,1.83,1.77,1.80,15731
9-Apr-12,1.80,1.85,1.80,1.83,19459
5-Apr-12,1.80,1.84,1.79,1.80,16850
4-Apr-12,1.80,1.85,1.75,1.84,26029
3-Apr-12,1.79,1.85,1.79,1.85,23327
2-Apr-12,1.78,1.87,1.78,1.87,23666
30-Mar-12,1.78,1.85,1.78,1.78,33790
29-Mar-12,1.80,1.83,1.76,1.76,12358
28-Mar-12,1.79,1.81,1.79,1.81,12150
27-Mar-12,1.75,1.82,1.75,1.79,14686
26-Mar-12,1.79,1.80,1.76,1.79,5373
23-Mar-12,1.77,1.80,1.71,1.78,10594
22-Mar-12,1.81,1.81,1.76,1.79,12391
21-Mar-12,1.73,1.82,1.73,1.82,24307
20-Mar-12,1.80,1.82,1.79,1.82,35960
19-Mar-12,1.82,1.84,1.80,1.80,8773
16-Mar-12,1.80,1.84,1.80,1.84,22125
15-Mar-12,1.85,1.86,1.81,1.84,42045
14-Mar-12,1.84,1.86,1.84,1.84,28548
13-Mar-12,1.84,1.85,1.83,1.85,17175
12-Mar-12,1.81,1.87,1.78,1.84,45903
9-Mar-12,1.73,1.81,1.72,1.81,37901
8-Mar-12,1.72,1.75,1.68,1.70,23457
7-Mar-12,1.69,1.73,1.69,1.70,7594
6-Mar-12,1.71,1.71,1.67,1.70,17763
5-Mar-12,1.69,1.75,1.69,1.70,24936
2-Mar-12,1.74,1.75,1.70,1.70,6684
1-Mar-12,1.71,1.77,1.71,1.72,22457
29-Feb-12,1.75,1.75,1.70,1.70,10613
28-Feb-12,1.76,1.77,1.72,1.73,31059
27-Feb-12,1.75,1.78,1.73,1.76,16143
24-Feb-12,1.72,1.80,1.71,1.73,51371
23-Feb-12,1.72,1.75,1.70,1.73,33963
22-Feb-12,1.68,1.75,1.68,1.70,67883
21-Feb-12,1.66,1.69,1.66,1.67,78930
17-Feb-12,1.68,1.69,1.65,1.66,39852
16-Feb-12,1.63,1.68,1.63,1.68,36995
15-Feb-12,1.60,1.63,1.60,1.62,133891
14-Feb-12,1.60,1.62,1.59,1.60,76521
13-Feb-12,1.59,1.62,1.59,1.61,33848
10-Feb-12,1.57,1.62,1.57,1.61,33755
9-Feb-12,1.61,1.64,1.59,1.61,96585
8-Feb-12,1.68,1.68,1.61,1.64,35407
7-Feb-12,1.70,1.70,1.65,1.69,31204
6-Feb-12,1.54,1.76,1.54,1.68,226191
3-Feb-12,1.50,1.54,1.50,1.53,42392
2-Feb-12,1.45,1.47,1.44,1.47,9580
1-Feb-12,1.46,1.46,1.43,1.44,24704
31-Jan-12,1.45,1.48,1.36,1.45,79782
30-Jan-12,1.43,1.45,1.43,1.45,36041
27-Jan-12,1.43,1.45,1.42,1.43,66700
26-Jan-12,1.44,1.47,1.43,1.45,20584
25-Jan-12,1.42,1.47,1.42,1.43,36335
24-Jan-12,1.40,1.50,1.40,1.42,101545
23-Jan-12,1.52,1.52,1.40,1.40,44075
20-Jan-12,1.44,1.54,1.41,1.54,47210
19-Jan-12,1.47,1.47,1.43,1.47,37176
18-Jan-12,1.47,1.47,1.44,1.46,38460
17-Jan-12,1.49,1.50,1.35,1.43,65498
13-Jan-12,1.52,1.52,1.52,1.52,0
12-Jan-12,1.47,1.53,1.47,1.51,9567
11-Jan-12,1.43,1.51,1.43,1.49,36830
10-Jan-12,1.45,1.46,1.42,1.42,12510
9-Jan-12,1.43,1.44,1.41,1.44,13838
6-Jan-12,1.45,1.50,1.42,1.42,19231
5-Jan-12,1.47,1.49,1.45,1.45,3506
4-Jan-12,1.48,1.48,1.45,1.45,9340
3-Jan-12,1.53,1.53,1.46,1.48,9718
30-Dec-11,1.54,1.54,1.54,1.54,0
29-Dec-11,1.46,1.54,1.45,1.45,44504
28-Dec-11,1.51,1.51,1.46,1.47,20144
27-Dec-11,1.47,1.52,1.47,1.52,30270
23-Dec-11,1.51,1.51,1.51,1.51,0
22-Dec-11,1.49,1.53,1.46,1.52,44143
21-Dec-11,1.54,1.54,1.50,1.52,40940
20-Dec-11,1.57,1.57,1.51,1.52,45230
19-Dec-11,1.60,1.60,1.53,1.54,60533
16-Dec-11,1.60,1.60,1.59,1.59,3513
15-Dec-11,1.60,1.64,1.59,1.59,13088
14-Dec-11,1.65,1.67,1.60,1.61,27358
13-Dec-11,1.69,1.69,1.61,1.64,36615
12-Dec-11,1.61,1.67,1.61,1.66,50737
9-Dec-11,1.66,1.67,1.63,1.63,52744
8-Dec-11,1.66,1.66,1.61,1.63,14687
7-Dec-11,1.66,1.71,1.65,1.67,48516
6-Dec-11,1.66,1.68,1.65,1.68,26500
5-Dec-11,1.67,1.73,1.62,1.69,16167
2-Dec-11,1.66,1.70,1.59,1.70,93093
1-Dec-11,1.61,1.68,1.61,1.68,2224
30-Nov-11,1.71,1.74,1.60,1.60,87036
29-Nov-11,1.70,1.73,1.64,1.73,46010
28-Nov-11,1.64,1.71,1.61,1.66,35444
25-Nov-11,1.60,1.60,1.60,1.60,594
23-Nov-11,1.64,1.64,1.64,1.64,0
22-Nov-11,1.63,1.66,1.61,1.61,10260
21-Nov-11,1.65,1.70,1.62,1.62,28626
18-Nov-11,1.73,1.74,1.66,1.72,19284
17-Nov-11,1.71,1.74,1.67,1.71,79583
16-Nov-11,1.71,1.73,1.69,1.69,37928
15-Nov-11,1.71,1.77,1.71,1.71,55901
14-Nov-11,1.71,1.75,1.69,1.69,38450
11-Nov-11,1.71,1.76,1.69,1.69,14188
10-Nov-11,1.77,1.77,1.69,1.69,37520
9-Nov-11,1.79,1.83,1.70,1.71,92378
8-Nov-11,1.79,1.85,1.70,1.82,89967
7-Nov-11,1.75,1.78,1.67,1.75,134996
4-Nov-11,1.58,1.88,1.54,1.79,220712
3-Nov-11,1.58,1.59,1.47,1.57,244913
2-Nov-11,1.51,1.55,1.50,1.55,423083
1-Nov-11,1.44,1.54,1.43,1.52,155023
31-Oct-11,1.52,1.59,1.52,1.54,27762
28-Oct-11,1.55,1.64,1.53,1.53,89886
27-Oct-11,1.63,1.65,1.58,1.59,27029
26-Oct-11,1.58,1.64,1.58,1.62,11887
25-Oct-11,1.60,1.65,1.56,1.58,37877
24-Oct-11,1.52,1.64,1.49,1.61,7666
21-Oct-11,1.55,1.55,1.44,1.51,15618
20-Oct-11,1.50,1.55,1.46,1.54,4175
19-Oct-11,1.45,1.52,1.44,1.44,16330
18-Oct-11,1.51,1.51,1.31,1.42,80689
17-Oct-11,1.51,1.58,1.50,1.53,7717
14-Oct-11,1.57,1.57,1.50,1.51,17682
13-Oct-11,1.55,1.56,1.50,1.54,44327
12-Oct-11,1.62,1.62,1.56,1.59,13510
11-Oct-11,1.56,1.61,1.56,1.61,3000
10-Oct-11,1.58,1.58,1.50,1.57,24020
7-Oct-11,1.59,1.59,1.57,1.59,5391
6-Oct-11,1.52,1.61,1.52,1.58,10679
5-Oct-11,1.55,1.57,1.50,1.53,33063
4-Oct-11,1.62,1.64,1.57,1.57,36115
3-Oct-11,1.68,1.68,1.59,1.59,65953
30-Sep-11,1.64,1.64,1.64,1.64,0
29-Sep-11,1.72,1.73,1.64,1.65,13848
