Date,Open,High,Low,Close,Volume
27-Sep-12,27.90,28.19,27.77,28.14,875196
26-Sep-12,27.75,27.89,27.68,27.82,993465
25-Sep-12,28.33,28.36,27.68,27.68,823397
24-Sep-12,28.34,28.42,28.10,28.16,853325
21-Sep-12,28.53,28.64,28.30,28.30,2668928
20-Sep-12,28.54,28.54,28.19,28.41,1560265
19-Sep-12,28.83,28.84,28.53,28.61,704306
18-Sep-12,28.77,28.94,28.56,28.75,898285
17-Sep-12,28.72,28.97,28.68,28.85,703376
14-Sep-12,28.41,28.99,28.41,28.83,933255
13-Sep-12,28.56,28.79,28.38,28.73,673030
12-Sep-12,28.25,28.52,28.18,28.48,572433
11-Sep-12,28.14,28.39,27.95,28.37,739750
10-Sep-12,28.27,28.27,27.89,28.17,859704
7-Sep-12,28.23,28.43,28.19,28.32,626501
6-Sep-12,28.04,28.25,27.92,28.23,963917
5-Sep-12,28.01,28.01,27.70,27.85,1087880
4-Sep-12,27.55,28.01,27.43,28.01,947656
31-Aug-12,28.03,28.14,27.82,27.93,1050854
30-Aug-12,27.88,28.02,27.82,27.94,469212
29-Aug-12,28.18,28.21,28.02,28.02,361495
28-Aug-12,28.10,28.22,27.96,28.10,607783
27-Aug-12,28.19,28.25,28.01,28.20,429245
24-Aug-12,27.92,28.11,27.86,28.05,1204172
23-Aug-12,27.97,28.10,27.90,27.99,1033283
22-Aug-12,28.23,28.23,27.92,28.09,799573
21-Aug-12,28.04,28.28,28.01,28.21,931667
20-Aug-12,28.06,28.06,27.67,28.00,1203022
17-Aug-12,27.66,28.14,27.59,28.06,324373
16-Aug-12,27.48,27.76,27.30,27.68,249834
15-Aug-12,27.44,27.61,27.36,27.50,182777
14-Aug-12,27.25,27.61,27.25,27.39,210548
13-Aug-12,27.13,27.32,27.07,27.19,185398
10-Aug-12,27.15,27.29,27.14,27.23,178019
9-Aug-12,27.39,27.51,27.18,27.21,201272
8-Aug-12,27.39,27.56,27.32,27.42,305096
7-Aug-12,27.79,27.82,27.31,27.34,366365
6-Aug-12,27.66,27.81,27.65,27.74,252585
3-Aug-12,27.73,27.80,27.51,27.65,263948
2-Aug-12,26.94,27.51,26.93,27.51,1417100
1-Aug-12,27.01,27.45,27.01,27.15,1506205
31-Jul-12,26.85,26.93,26.65,26.88,547774
30-Jul-12,26.50,26.95,26.40,26.83,717201
27-Jul-12,26.14,26.59,26.14,26.45,631036
26-Jul-12,26.13,26.37,25.93,26.06,697955
25-Jul-12,25.96,26.12,25.78,25.88,741028
24-Jul-12,26.34,26.57,25.78,25.94,1320440
23-Jul-12,26.35,26.47,26.18,26.39,442287
20-Jul-12,26.59,26.86,26.54,26.61,538861
19-Jul-12,27.23,27.23,26.66,26.81,885530
18-Jul-12,27.12,27.33,27.00,27.09,620135
17-Jul-12,27.17,27.39,26.84,27.25,645566
16-Jul-12,26.86,27.20,26.86,27.09,508082
13-Jul-12,26.90,27.10,26.85,26.96,580176
12-Jul-12,26.52,26.98,26.34,26.89,624929
11-Jul-12,26.68,26.84,26.53,26.75,537529
10-Jul-12,27.00,27.10,26.54,26.71,444337
9-Jul-12,26.76,26.94,26.65,26.93,338362
6-Jul-12,26.52,26.92,26.47,26.85,317900
5-Jul-12,26.82,26.99,26.67,26.81,358550
3-Jul-12,26.78,26.97,26.68,26.87,325685
2-Jul-12,26.34,26.76,26.18,26.74,636958
29-Jun-12,26.28,26.50,26.18,26.34,741857
28-Jun-12,25.32,25.83,25.25,25.83,535979
27-Jun-12,25.56,25.67,25.38,25.55,416476
26-Jun-12,25.38,25.63,25.22,25.55,717910
25-Jun-12,25.15,25.47,25.13,25.36,497912
22-Jun-12,25.52,25.66,25.24,25.49,634145
21-Jun-12,25.85,25.93,25.37,25.43,1144656
20-Jun-12,25.71,26.05,25.65,25.83,766359
19-Jun-12,25.56,25.84,25.46,25.77,2067919
18-Jun-12,25.21,25.52,25.06,25.51,1504727
15-Jun-12,25.17,25.29,24.96,25.27,2131811
14-Jun-12,24.80,25.13,24.73,25.08,1275501
13-Jun-12,24.83,25.13,24.57,24.69,963858
12-Jun-12,24.83,25.00,24.67,24.91,872539
11-Jun-12,25.58,25.62,24.73,24.73,1269772
8-Jun-12,25.07,25.39,25.04,25.38,662456
7-Jun-12,25.52,25.64,25.05,25.11,832982
6-Jun-12,24.90,25.28,24.74,25.27,714663
5-Jun-12,23.88,24.82,23.84,24.73,1019476
4-Jun-12,24.54,24.62,24.13,24.36,863488
1-Jun-12,24.99,25.29,24.42,24.43,1540292
31-May-12,25.27,25.73,25.01,25.58,851817
30-May-12,25.65,25.67,25.29,25.30,1206516
29-May-12,25.54,25.94,25.46,25.93,1059760
25-May-12,25.56,25.70,25.29,25.37,597294
24-May-12,25.53,25.76,25.22,25.54,613362
23-May-12,25.25,25.54,24.93,25.48,639717
22-May-12,25.34,25.64,25.34,25.38,1186538
21-May-12,24.92,25.38,24.81,25.29,1253709
18-May-12,25.38,25.39,24.77,24.84,754824
17-May-12,26.11,26.15,25.27,25.31,717436
16-May-12,26.72,26.72,26.03,26.09,1044461
15-May-12,26.81,26.92,26.50,26.57,885508
14-May-12,27.27,27.35,26.73,26.75,951648
11-May-12,27.09,27.55,26.96,27.53,1046918
10-May-12,27.44,27.49,27.04,27.29,879590
9-May-12,27.21,27.38,26.74,27.30,883808
8-May-12,26.99,27.41,26.92,27.40,1016402
7-May-12,26.85,27.37,26.83,27.24,852301
4-May-12,27.04,27.06,26.80,27.00,916975
3-May-12,26.96,27.30,26.96,27.10,1011932
2-May-12,26.62,26.99,26.44,26.96,575643
1-May-12,26.65,27.14,26.53,26.80,682079
30-Apr-12,26.45,26.64,26.35,26.56,721658
27-Apr-12,26.46,26.72,26.29,26.71,997279
26-Apr-12,26.35,26.48,25.97,26.43,795779
25-Apr-12,26.08,26.37,25.98,26.36,710344
24-Apr-12,25.33,25.89,25.33,25.89,691853
23-Apr-12,25.55,25.60,25.14,25.39,713987
20-Apr-12,25.47,25.88,25.47,25.75,434817
19-Apr-12,25.51,25.80,25.34,25.39,745805
18-Apr-12,25.72,25.87,25.44,25.50,1020138
17-Apr-12,25.65,25.99,25.49,25.81,686786
16-Apr-12,25.12,25.59,25.12,25.46,911068
13-Apr-12,25.12,25.29,25.04,25.06,872660
12-Apr-12,25.15,25.36,24.65,25.33,1709535
11-Apr-12,25.17,25.44,25.03,25.44,877556
10-Apr-12,25.42,25.56,24.87,24.93,1006711
9-Apr-12,25.41,25.49,25.30,25.36,1280199
5-Apr-12,25.97,26.06,25.67,25.74,452792
4-Apr-12,26.10,26.21,25.94,26.04,438932
3-Apr-12,26.35,26.52,26.19,26.32,556075
2-Apr-12,26.29,26.61,26.29,26.38,856172
30-Mar-12,26.33,26.55,26.20,26.43,917175
29-Mar-12,26.21,26.32,25.95,26.29,355191
28-Mar-12,26.46,26.49,26.04,26.39,704661
27-Mar-12,26.19,26.48,26.11,26.45,691376
26-Mar-12,26.06,26.25,25.95,26.16,682727
23-Mar-12,25.77,26.00,25.59,25.89,474992
22-Mar-12,25.97,26.00,25.66,25.81,756825
21-Mar-12,26.16,26.29,26.04,26.10,766585
20-Mar-12,26.14,26.39,26.04,26.14,991293
19-Mar-12,26.29,26.50,26.19,26.34,939109
16-Mar-12,25.84,26.44,25.80,26.36,1696158
15-Mar-12,25.85,25.91,25.69,25.81,1209682
14-Mar-12,25.58,25.91,25.51,25.79,1113399
13-Mar-12,25.09,25.66,25.05,25.66,1039471
12-Mar-12,24.88,24.98,24.83,24.94,766166
9-Mar-12,24.81,25.03,24.70,24.80,879860
8-Mar-12,24.85,25.02,24.73,24.81,908255
7-Mar-12,25.05,25.10,24.80,25.01,665235
6-Mar-12,24.95,25.19,24.92,24.96,1039749
5-Mar-12,25.11,25.32,24.99,25.21,986757
2-Mar-12,25.22,25.45,24.97,25.05,774070
1-Mar-12,25.01,25.47,24.79,25.29,1621511
29-Feb-12,24.85,25.16,24.70,24.90,938788
28-Feb-12,25.02,25.10,24.74,24.85,397319
27-Feb-12,24.78,25.11,24.59,25.03,481395
24-Feb-12,24.96,25.04,24.73,25.00,626210
23-Feb-12,24.56,24.98,24.55,24.98,633489
22-Feb-12,24.71,24.89,24.47,24.57,921566
21-Feb-12,24.94,25.04,24.65,24.82,649960
17-Feb-12,24.90,25.07,24.73,24.91,853408
16-Feb-12,24.54,24.93,24.54,24.87,1917415
15-Feb-12,24.58,24.74,24.41,24.49,896183
14-Feb-12,24.76,24.80,24.45,24.49,561572
13-Feb-12,24.83,24.95,24.73,24.82,1151486
10-Feb-12,24.72,24.91,24.59,24.59,669161
9-Feb-12,25.18,25.31,24.77,24.99,713371
8-Feb-12,25.07,25.31,25.00,25.19,582262
7-Feb-12,25.00,25.19,24.91,25.13,713785
6-Feb-12,25.12,25.19,24.92,25.12,681447
3-Feb-12,24.81,25.21,24.72,25.20,881114
2-Feb-12,24.29,24.68,24.28,24.54,1982279
1-Feb-12,24.50,24.54,24.21,24.28,1220174
31-Jan-12,24.68,24.70,24.25,24.27,1208746
30-Jan-12,24.66,24.70,24.45,24.55,1510885
27-Jan-12,24.93,25.04,24.80,24.91,1237503
26-Jan-12,24.86,25.10,24.66,24.97,1638381
25-Jan-12,24.17,24.79,24.08,24.76,1668595
24-Jan-12,23.57,24.24,23.56,24.22,1058214
23-Jan-12,23.59,23.76,23.52,23.76,1041411
20-Jan-12,23.33,23.60,23.15,23.60,1037716
19-Jan-12,23.17,23.59,23.03,23.38,1242061
18-Jan-12,22.50,23.04,22.50,23.04,693212
17-Jan-12,22.45,22.75,22.41,22.50,578310
13-Jan-12,22.32,22.32,22.32,22.32,0
12-Jan-12,22.16,22.39,21.81,22.22,758560
11-Jan-12,21.76,22.29,21.65,22.22,607116
10-Jan-12,21.83,21.89,21.66,21.81,832703
9-Jan-12,21.84,22.02,21.53,21.56,589580
6-Jan-12,22.09,22.16,21.79,21.82,1045766
5-Jan-12,21.53,22.21,21.36,22.08,1558134
4-Jan-12,22.07,22.12,21.62,21.63,1398348
3-Jan-12,22.09,22.58,21.96,22.22,957909
30-Dec-11,21.82,21.82,21.82,21.82,0
29-Dec-11,21.74,22.10,21.70,22.06,662060
28-Dec-11,22.10,22.12,21.64,21.66,1259711
27-Dec-11,22.35,22.43,22.06,22.06,843738
23-Dec-11,22.41,22.41,22.41,22.41,0
22-Dec-11,22.09,22.52,22.02,22.38,644511
21-Dec-11,21.96,22.04,21.77,22.03,765243
20-Dec-11,21.52,22.03,21.48,22.00,1143029
19-Dec-11,21.43,21.49,21.12,21.17,1004182
16-Dec-11,21.07,21.35,20.96,21.32,1912999
15-Dec-11,20.81,21.15,20.59,20.89,1074866
14-Dec-11,20.06,20.67,20.00,20.51,1031945
13-Dec-11,20.45,20.63,20.00,20.17,840837
12-Dec-11,20.47,20.53,20.15,20.29,783348
9-Dec-11,20.45,20.94,20.40,20.75,722130
8-Dec-11,20.93,20.95,20.28,20.36,928880
7-Dec-11,20.69,21.19,20.45,21.12,980316
6-Dec-11,20.82,20.94,20.62,20.82,594897
5-Dec-11,21.22,21.32,20.71,20.91,879851
2-Dec-11,20.90,21.18,20.77,20.87,1142054
1-Dec-11,20.60,20.74,20.37,20.66,1111592
30-Nov-11,20.27,20.72,20.17,20.69,1695224
29-Nov-11,19.90,20.10,19.82,19.93,1032371
28-Nov-11,20.15,20.18,19.73,19.90,962302
25-Nov-11,19.33,19.90,19.32,19.50,315949
23-Nov-11,19.35,19.35,19.35,19.35,0
22-Nov-11,20.39,20.49,20.05,20.25,725954
21-Nov-11,20.63,20.75,20.21,20.36,856030
18-Nov-11,21.04,21.08,20.79,21.02,846021
17-Nov-11,21.17,21.20,20.76,20.84,1109187
16-Nov-11,21.16,21.53,21.01,21.14,955548
15-Nov-11,20.87,21.53,20.83,21.34,923294
14-Nov-11,21.15,21.22,20.72,20.98,1052731
11-Nov-11,21.06,21.30,20.83,21.25,2209752
10-Nov-11,21.47,21.50,20.73,20.79,1537042
9-Nov-11,21.82,21.99,21.01,21.08,1956830
8-Nov-11,22.35,22.48,21.65,22.43,804655
7-Nov-11,22.08,22.52,21.74,22.15,763748
4-Nov-11,22.08,22.25,21.75,22.14,1027994
3-Nov-11,22.57,22.58,21.94,22.30,2183764
2-Nov-11,22.34,22.87,21.96,22.24,1629602
1-Nov-11,22.51,22.80,21.87,21.90,1910081
31-Oct-11,23.55,23.69,23.14,23.21,1250884
28-Oct-11,23.67,24.00,23.37,23.95,976978
27-Oct-11,23.13,23.68,22.78,23.63,1244723
26-Oct-11,22.36,22.49,21.83,22.40,735164
25-Oct-11,22.41,22.41,21.96,22.06,889945
24-Oct-11,22.01,22.62,21.83,22.61,1084200
21-Oct-11,21.28,21.87,21.23,21.85,1075844
20-Oct-11,21.00,21.16,20.58,21.16,615429
19-Oct-11,21.35,21.53,20.86,20.96,873940
18-Oct-11,20.52,21.50,20.46,21.39,816933
17-Oct-11,20.80,20.85,20.46,20.49,1267040
14-Oct-11,21.08,21.32,20.93,21.21,666092
13-Oct-11,21.03,21.09,20.34,20.85,895266
12-Oct-11,20.87,21.41,20.78,21.18,786995
11-Oct-11,20.95,21.17,20.58,20.70,577781
10-Oct-11,20.41,21.19,20.34,21.17,1134863
7-Oct-11,20.70,20.82,19.95,19.98,1480710
6-Oct-11,19.95,20.65,19.84,20.61,1922837
5-Oct-11,20.70,20.73,19.35,20.00,2363019
4-Oct-11,19.68,20.71,19.36,20.67,1688412
3-Oct-11,21.03,21.34,19.93,19.93,1648204
30-Sep-11,21.65,22.05,21.16,21.17,1336300
