Date,Open,High,Low,Close,Volume
26-Sep-12,28.07,28.10,28.07,28.07,1200
25-Sep-12,28.07,28.07,28.07,28.07,100
24-Sep-12,28.25,28.25,28.25,28.25,100
21-Sep-12,28.40,28.45,28.40,28.45,708
20-Sep-12,27.55,27.55,27.55,27.55,100
19-Sep-12,28.05,28.05,28.05,28.05,0
18-Sep-12,0.00,0.00,0.00,27.55,300
17-Sep-12,28.40,28.50,27.89,28.05,2500
14-Sep-12,27.52,27.52,27.52,27.52,0
13-Sep-12,27.60,27.60,27.52,27.52,600
12-Sep-12,27.50,27.73,27.50,27.69,1000
11-Sep-12,27.48,27.48,27.32,27.32,800
10-Sep-12,26.77,26.77,26.71,26.71,200
7-Sep-12,26.64,26.95,26.64,26.95,1000
6-Sep-12,26.06,26.25,26.06,26.25,1000
5-Sep-12,26.03,26.75,26.03,26.70,3300
4-Sep-12,26.60,26.60,26.21,26.21,1700
31-Aug-12,26.69,26.70,26.60,26.60,1900
30-Aug-12,26.67,26.69,26.50,26.50,3007
29-Aug-12,26.70,26.70,26.70,26.70,750
28-Aug-12,26.27,26.29,26.27,26.29,500
27-Aug-12,26.12,26.12,26.12,26.12,0
24-Aug-12,26.10,26.16,26.01,26.01,1483
23-Aug-12,26.80,26.80,26.80,26.80,0
22-Aug-12,26.78,26.80,26.78,26.80,730
21-Aug-12,27.47,27.47,27.47,27.47,0
20-Aug-12,26.40,26.40,26.40,26.40,200
17-Aug-12,26.40,26.40,26.40,26.40,400
16-Aug-12,27.00,27.10,26.50,27.10,2319
15-Aug-12,27.47,27.47,27.47,27.47,0
14-Aug-12,27.47,27.47,27.47,27.47,0
13-Aug-12,27.47,27.47,27.47,27.47,0
10-Aug-12,27.47,27.47,27.47,27.47,0
9-Aug-12,34.61,33.01,26.75,26.75,700
8-Aug-12,27.25,27.25,27.25,27.25,240
7-Aug-12,26.98,27.22,26.98,27.22,1680
6-Aug-12,26.98,26.98,26.80,26.84,1611
3-Aug-12,26.98,27.00,26.80,26.80,1800
2-Aug-12,26.75,26.75,26.75,26.75,0
1-Aug-12,24.87,26.75,24.87,26.75,25211
31-Jul-12,26.75,26.85,26.75,26.75,787
30-Jul-12,26.80,26.80,26.80,26.80,0
27-Jul-12,26.80,26.80,26.80,26.80,400
26-Jul-12,26.86,26.87,26.86,26.87,900
25-Jul-12,26.85,26.87,26.85,26.87,240
24-Jul-12,26.78,26.78,26.78,26.78,0
23-Jul-12,26.78,26.78,26.78,26.78,200
20-Jul-12,26.25,26.25,26.25,26.25,0
19-Jul-12,26.25,26.25,26.25,26.25,0
18-Jul-12,27.00,27.00,27.00,27.00,1550
17-Jul-12,26.25,26.25,26.25,26.25,1000
16-Jul-12,26.10,26.10,26.10,26.10,0
13-Jul-12,26.10,26.10,26.10,26.10,0
12-Jul-12,26.10,26.10,26.10,26.10,0
11-Jul-12,26.07,26.10,26.07,26.10,1665
10-Jul-12,26.10,26.10,26.10,26.10,100
9-Jul-12,25.75,25.75,25.75,25.75,0
6-Jul-12,25.75,25.75,25.75,25.75,0
5-Jul-12,25.75,25.75,25.75,25.75,200
3-Jul-12,25.98,25.98,25.98,25.98,0
2-Jul-12,26.10,26.10,26.10,26.10,133
29-Jun-12,25.75,25.75,25.75,25.75,0
28-Jun-12,25.75,25.75,25.75,25.75,0
27-Jun-12,25.54,25.75,25.54,25.75,600
26-Jun-12,25.52,25.52,25.52,25.52,0
25-Jun-12,25.52,26.49,25.52,26.49,1400
22-Jun-12,26.32,26.32,26.32,26.32,0
21-Jun-12,25.62,25.62,25.62,25.62,100
20-Jun-12,26.32,26.32,26.32,26.32,0
19-Jun-12,25.75,26.50,25.53,26.32,3145
18-Jun-12,25.51,25.51,25.51,25.51,0
15-Jun-12,25.51,25.80,25.51,25.80,300
14-Jun-12,25.50,26.00,25.50,26.00,1060
13-Jun-12,25.67,25.67,25.54,25.54,200
12-Jun-12,25.61,25.61,25.61,25.61,2000
11-Jun-12,26.16,26.16,26.16,26.16,0
8-Jun-12,26.16,26.16,26.16,26.16,0
7-Jun-12,26.16,26.16,26.16,26.16,0
6-Jun-12,26.16,26.16,26.16,26.16,0
5-Jun-12,26.50,26.50,26.16,26.16,1000
4-Jun-12,26.65,26.65,26.65,26.65,0
1-Jun-12,26.47,26.65,26.47,26.65,400
31-May-12,27.25,27.25,27.25,27.25,100
30-May-12,27.25,27.25,27.25,27.25,0
29-May-12,26.55,27.25,26.50,27.25,640
25-May-12,26.55,26.55,26.55,26.55,200
24-May-12,26.59,26.59,26.55,26.55,200
23-May-12,26.60,26.60,26.52,26.52,400
22-May-12,26.75,26.75,26.55,26.55,400
21-May-12,26.65,26.65,26.65,26.65,235
18-May-12,27.33,27.33,26.55,27.00,500
17-May-12,27.00,27.25,26.55,26.80,1300
16-May-12,27.00,27.00,27.00,27.00,0
15-May-12,27.00,27.00,27.00,27.00,0
14-May-12,26.92,27.00,26.92,27.00,2000
11-May-12,26.50,26.50,26.50,26.50,0
10-May-12,26.50,26.50,26.50,26.50,400
9-May-12,26.50,26.50,26.50,26.50,0
8-May-12,26.50,26.50,26.50,26.50,1400
7-May-12,26.50,26.57,26.50,26.50,1834
4-May-12,26.85,27.00,26.85,27.00,1900
3-May-12,26.45,26.45,26.45,26.45,0
2-May-12,26.35,26.45,26.35,26.45,200
1-May-12,26.00,26.99,26.00,26.99,2100
30-Apr-12,25.87,26.98,25.87,26.72,1100
27-Apr-12,26.22,26.22,26.22,26.22,0
26-Apr-12,26.25,26.25,26.22,26.25,300
25-Apr-12,26.61,26.61,26.61,26.61,100
24-Apr-12,26.95,26.97,26.60,26.60,600
23-Apr-12,25.35,26.97,25.35,26.97,1370
20-Apr-12,25.77,26.10,25.77,26.10,1116
19-Apr-12,25.71,25.73,25.70,25.71,500
18-Apr-12,25.74,25.74,25.74,25.74,100
17-Apr-12,25.79,25.79,25.65,25.74,600
16-Apr-12,25.50,25.50,25.50,25.50,0
13-Apr-12,25.50,25.65,25.50,25.50,1600
12-Apr-12,26.07,26.07,25.50,25.53,4741
11-Apr-12,26.64,26.64,26.64,26.64,0
10-Apr-12,25.84,26.64,25.81,26.64,700
9-Apr-12,26.10,26.10,26.10,26.10,0
5-Apr-12,26.10,26.49,26.10,26.49,947
4-Apr-12,26.00,26.00,26.00,26.00,301
3-Apr-12,26.06,26.10,26.06,26.10,303
2-Apr-12,25.89,25.89,25.80,25.80,2131
30-Mar-12,25.50,25.50,25.50,25.50,0
29-Mar-12,25.51,25.51,25.51,25.51,108
28-Mar-12,25.50,25.50,25.50,25.50,0
27-Mar-12,25.27,25.50,25.27,25.50,700
26-Mar-12,25.43,25.44,25.43,25.44,500
23-Mar-12,25.25,25.50,25.25,25.50,500
22-Mar-12,25.48,25.61,25.46,25.49,1900
21-Mar-12,25.60,25.60,25.60,25.60,0
20-Mar-12,25.60,25.60,25.60,25.60,840
19-Mar-12,25.60,25.63,25.60,25.60,600
16-Mar-12,26.10,26.10,26.10,26.10,0
15-Mar-12,26.10,26.10,26.10,26.10,0
14-Mar-12,26.12,26.26,26.09,26.09,3070
13-Mar-12,26.25,26.45,26.25,26.25,990
12-Mar-12,26.25,26.25,26.25,26.25,200
9-Mar-12,26.25,26.32,26.25,26.25,2000
8-Mar-12,26.09,26.09,26.09,26.09,0
7-Mar-12,26.09,26.09,26.08,26.08,385
6-Mar-12,26.50,26.50,26.50,26.50,0
5-Mar-12,26.50,26.50,26.50,26.50,0
2-Mar-12,26.50,26.50,26.48,26.50,1400
1-Mar-12,26.40,26.40,26.28,26.28,571
29-Feb-12,26.50,26.54,26.50,26.50,1452
28-Feb-12,26.50,26.89,26.50,26.89,600
27-Feb-12,26.99,26.99,26.99,26.99,100
24-Feb-12,27.04,27.05,27.00,27.05,524
23-Feb-12,27.50,27.50,27.00,27.00,800
22-Feb-12,27.44,27.44,26.50,26.50,450
21-Feb-12,26.86,26.86,26.86,26.86,850
17-Feb-12,27.01,27.01,27.01,27.01,375
16-Feb-12,26.89,27.50,26.88,27.25,1093
15-Feb-12,26.79,26.79,26.79,26.79,185
14-Feb-12,26.50,26.50,26.50,26.50,120
13-Feb-12,26.51,26.51,26.51,26.51,120
9-Feb-12,26.75,26.75,26.75,26.75,0
7-Feb-12,26.75,26.75,26.75,26.75,0
6-Feb-12,26.56,26.56,26.56,26.56,100
3-Feb-12,26.41,26.41,26.41,26.41,0
2-Feb-12,26.56,26.56,26.40,26.40,640
1-Feb-12,26.35,26.49,26.35,26.49,500
31-Jan-12,26.25,26.25,26.20,26.25,2151
30-Jan-12,26.25,26.25,26.25,26.25,394
26-Jan-12,26.50,26.50,26.50,26.50,0
25-Jan-12,27.14,27.14,27.00,27.04,1100
24-Jan-12,26.67,26.67,26.67,26.67,400
23-Jan-12,26.77,26.77,26.62,26.62,1800
20-Jan-12,26.61,27.25,26.61,27.25,1466
18-Jan-12,26.75,26.75,26.75,26.75,0
17-Jan-12,26.50,26.50,26.50,26.50,200
13-Jan-12,27.00,27.00,27.00,27.00,0
12-Jan-12,27.00,27.00,26.31,26.31,400
11-Jan-12,27.02,27.02,27.02,27.02,100
10-Jan-12,27.19,27.19,27.19,27.19,0
9-Jan-12,26.92,26.92,26.92,26.92,500
6-Jan-12,27.00,27.00,27.00,27.00,1900
5-Jan-12,26.92,26.92,26.92,26.92,200
4-Jan-12,26.92,26.92,26.92,26.92,0
3-Jan-12,27.00,27.00,27.00,27.00,224
30-Dec-11,26.39,26.39,26.39,26.39,0
29-Dec-11,26.68,26.68,26.68,26.68,0
27-Dec-11,26.10,26.10,26.10,26.10,0
23-Dec-11,26.27,26.27,26.27,26.27,0
22-Dec-11,26.27,26.29,26.27,26.29,450
21-Dec-11,26.22,26.33,26.22,26.33,200
20-Dec-11,26.20,26.20,26.15,26.15,900
19-Dec-11,26.32,26.32,26.32,26.32,100
16-Dec-11,26.85,26.85,26.85,26.85,429
14-Dec-11,27.00,27.00,27.00,27.00,0
13-Dec-11,27.00,27.00,27.00,27.00,100
12-Dec-11,27.00,27.00,27.00,27.00,0
9-Dec-11,26.85,26.85,26.85,26.85,200
8-Dec-11,27.00,27.00,27.00,27.00,650
7-Dec-11,27.00,27.00,27.00,27.00,0
6-Dec-11,26.85,27.00,26.85,26.96,800
5-Dec-11,26.85,26.85,26.85,26.85,100
2-Dec-11,27.00,27.00,27.00,27.00,750
1-Dec-11,27.00,27.00,27.00,27.00,0
25-Nov-11,26.88,26.88,26.88,26.88,0
21-Nov-11,26.70,26.70,26.70,26.70,0
18-Nov-11,26.45,26.87,26.45,26.87,790
17-Nov-11,26.29,26.29,26.26,26.26,400
16-Nov-11,26.10,26.50,26.00,26.41,4682
15-Nov-11,26.56,26.63,26.50,26.55,2540
14-Nov-11,26.90,26.99,26.90,26.98,1200
11-Nov-11,26.77,26.77,26.55,26.55,750
10-Nov-11,26.97,26.99,26.97,26.99,300
9-Nov-11,26.71,26.71,26.71,26.71,200
3-Nov-11,26.87,26.87,26.87,26.87,0
2-Nov-11,26.75,26.89,26.42,26.89,1180
1-Nov-11,26.90,26.90,26.75,26.75,1720
31-Oct-11,26.01,26.90,26.01,26.90,3716
28-Oct-11,26.23,26.25,26.23,26.25,500
27-Oct-11,26.50,26.51,26.50,26.50,752
25-Oct-11,26.54,26.54,26.54,26.54,0
24-Oct-11,26.90,26.97,26.90,26.90,700
21-Oct-11,26.70,26.70,26.70,26.70,0
20-Oct-11,26.50,26.52,26.50,26.50,645
19-Oct-11,26.63,26.70,26.55,26.55,500
18-Oct-11,26.70,26.70,26.50,26.53,2650
17-Oct-11,26.70,26.70,26.70,26.70,343
14-Oct-11,26.55,26.55,26.55,26.55,0
13-Oct-11,26.05,26.05,26.05,26.05,100
12-Oct-11,26.51,26.51,26.51,26.51,0
6-Oct-11,26.00,26.00,26.00,26.00,0
4-Oct-11,26.05,26.05,26.05,26.05,0
3-Oct-11,26.23,26.23,26.23,26.23,0
30-Sep-11,26.53,26.53,26.21,26.21,293
29-Sep-11,26.28,26.28,26.28,26.28,100
