Date,Open,High,Low,Close,Volume
26-Sep-12,1.15,1.15,1.05,1.09,686128
25-Sep-12,1.15,1.22,1.10,1.15,2665402
24-Sep-12,1.11,1.15,1.03,1.08,1401837
21-Sep-12,1.21,1.21,1.11,1.11,154599
20-Sep-12,1.16,1.24,1.15,1.18,231242
19-Sep-12,1.26,1.37,1.18,1.21,913692
18-Sep-12,1.11,1.30,1.11,1.27,781560
17-Sep-12,1.10,1.12,1.02,1.05,375738
14-Sep-12,1.00,1.09,0.95,1.09,1182307
13-Sep-12,0.87,0.97,0.86,0.88,411446
12-Sep-12,0.84,0.84,0.80,0.80,5525
11-Sep-12,0.83,0.83,0.81,0.82,6875
10-Sep-12,0.79,0.81,0.78,0.80,29300
7-Sep-12,0.76,0.78,0.75,0.77,39587
6-Sep-12,0.76,0.79,0.76,0.76,139350
5-Sep-12,0.79,0.81,0.78,0.79,50945
4-Sep-12,0.83,0.83,0.79,0.80,160770
31-Aug-12,0.78,0.82,0.76,0.81,196286
30-Aug-12,0.83,0.84,0.76,0.76,272908
29-Aug-12,0.82,0.84,0.80,0.82,360183
28-Aug-12,0.74,0.81,0.72,0.79,523174
27-Aug-12,0.74,0.74,0.72,0.72,64049
24-Aug-12,0.70,0.72,0.68,0.72,21548
23-Aug-12,0.71,0.72,0.68,0.69,2760
22-Aug-12,0.72,0.72,0.68,0.70,70117
21-Aug-12,0.72,0.72,0.71,0.72,19795
20-Aug-12,0.70,0.72,0.68,0.70,23436
17-Aug-12,0.68,0.72,0.68,0.72,17000
16-Aug-12,0.70,0.73,0.68,0.69,77139
15-Aug-12,0.70,0.71,0.67,0.70,139035
14-Aug-12,0.72,0.72,0.66,0.69,64260
13-Aug-12,0.70,0.72,0.65,0.72,130979
10-Aug-12,0.72,0.73,0.70,0.71,44907
9-Aug-12,0.74,0.74,0.70,0.72,35937
8-Aug-12,0.74,0.74,0.70,0.74,16537
7-Aug-12,0.75,0.75,0.73,0.74,16841
6-Aug-12,0.75,0.75,0.72,0.75,20687
3-Aug-12,0.71,0.75,0.71,0.75,35825
2-Aug-12,0.72,0.72,0.70,0.70,19390
1-Aug-12,0.75,0.75,0.72,0.73,27851
31-Jul-12,0.75,0.78,0.75,0.75,367284
30-Jul-12,0.75,0.80,0.72,0.72,118965
27-Jul-12,0.70,0.72,0.70,0.72,10388
26-Jul-12,0.75,0.75,0.71,0.72,29700
25-Jul-12,0.68,0.76,0.68,0.75,47160
24-Jul-12,0.75,0.78,0.72,0.72,61488
23-Jul-12,0.69,0.74,0.69,0.74,17990
20-Jul-12,0.71,0.79,0.68,0.69,199408
19-Jul-12,0.73,0.76,0.72,0.74,21625
18-Jul-12,0.75,0.77,0.73,0.77,14368
17-Jul-12,0.80,0.80,0.72,0.74,30800
16-Jul-12,0.75,0.78,0.73,0.76,46120
13-Jul-12,0.72,0.75,0.72,0.75,6492
12-Jul-12,0.70,0.74,0.70,0.72,15171
11-Jul-12,0.71,0.74,0.70,0.71,11800
10-Jul-12,0.72,0.74,0.70,0.71,19950
9-Jul-12,0.75,0.75,0.70,0.74,59495
6-Jul-12,0.70,0.77,0.70,0.75,215850
5-Jul-12,0.70,0.75,0.70,0.74,83368
3-Jul-12,0.74,0.74,0.72,0.74,19050
2-Jul-12,0.71,0.75,0.69,0.70,11364
29-Jun-12,0.68,0.75,0.68,0.73,163767
28-Jun-12,0.68,0.68,0.65,0.67,10620
27-Jun-12,0.63,0.70,0.63,0.68,69350
26-Jun-12,0.62,0.66,0.62,0.64,113725
25-Jun-12,0.66,0.66,0.62,0.64,161903
22-Jun-12,0.68,0.68,0.67,0.68,21750
21-Jun-12,0.70,0.70,0.66,0.68,74163
20-Jun-12,0.73,0.73,0.70,0.72,35900
19-Jun-12,0.70,0.75,0.70,0.73,46358
18-Jun-12,0.73,0.75,0.70,0.70,37253
15-Jun-12,0.74,0.77,0.71,0.77,51806
14-Jun-12,0.76,0.77,0.71,0.73,53509
13-Jun-12,0.76,0.78,0.71,0.74,59950
12-Jun-12,0.75,0.76,0.73,0.75,30513
11-Jun-12,0.80,0.80,0.73,0.76,72984
8-Jun-12,0.79,0.79,0.75,0.75,45918
7-Jun-12,0.81,0.81,0.72,0.75,94429
6-Jun-12,0.82,0.85,0.77,0.79,240010
5-Jun-12,0.76,0.83,0.75,0.77,7891
4-Jun-12,0.83,0.83,0.75,0.79,39203
1-Jun-12,0.81,0.84,0.75,0.80,71599
31-May-12,0.86,0.86,0.80,0.83,66008
30-May-12,0.88,0.89,0.84,0.85,79476
29-May-12,0.88,0.96,0.85,0.88,870876
25-May-12,0.84,0.86,0.84,0.85,45463
24-May-12,0.83,0.90,0.83,0.85,79113
23-May-12,0.82,0.85,0.82,0.85,67618
22-May-12,0.87,0.87,0.83,0.85,26176
21-May-12,0.85,0.89,0.82,0.85,51493
18-May-12,0.83,0.89,0.83,0.85,28193
17-May-12,0.85,0.87,0.82,0.87,7617
16-May-12,0.85,0.89,0.81,0.85,52967
15-May-12,0.95,0.95,0.83,0.88,96700
14-May-12,0.94,0.95,0.90,0.92,62161
11-May-12,0.96,0.96,0.90,0.92,65500
10-May-12,0.92,0.96,0.92,0.95,96540
9-May-12,0.98,0.98,0.92,0.93,50804
8-May-12,0.95,0.95,0.89,0.93,30109
7-May-12,0.94,0.94,0.90,0.92,14031
4-May-12,0.92,0.95,0.86,0.92,48019
3-May-12,0.98,0.98,0.93,0.93,21530
2-May-12,0.94,0.94,0.93,0.94,26724
1-May-12,0.91,0.95,0.90,0.95,157435
30-Apr-12,0.90,0.90,0.88,0.88,40306
27-Apr-12,0.91,0.93,0.87,0.90,35573
26-Apr-12,0.93,0.93,0.90,0.91,30130
25-Apr-12,0.91,0.95,0.91,0.91,43688
24-Apr-12,0.94,0.95,0.90,0.91,28487
23-Apr-12,0.94,0.95,0.91,0.93,42392
20-Apr-12,0.95,0.96,0.93,0.95,75646
19-Apr-12,0.90,0.95,0.90,0.93,143837
18-Apr-12,0.90,0.90,0.86,0.90,11875
17-Apr-12,0.89,0.91,0.85,0.86,175184
16-Apr-12,0.95,0.96,0.88,0.89,156622
13-Apr-12,1.00,1.00,0.95,0.95,102976
12-Apr-12,1.00,1.00,0.95,0.97,77969
11-Apr-12,1.05,1.05,0.98,1.00,140698
10-Apr-12,1.03,1.05,0.98,0.99,222247
9-Apr-12,1.19,1.19,0.96,0.98,1068700
5-Apr-12,1.25,1.40,1.25,1.40,61230
4-Apr-12,1.17,1.27,1.15,1.26,93384
3-Apr-12,1.26,1.35,1.17,1.24,78038
2-Apr-12,1.23,1.30,1.21,1.26,48013
30-Mar-12,1.38,1.38,1.27,1.29,115455
29-Mar-12,1.38,1.44,1.34,1.39,94433
28-Mar-12,1.37,1.43,1.36,1.36,117178
27-Mar-12,1.57,1.57,1.43,1.43,66796
26-Mar-12,1.61,1.68,1.43,1.56,365483
23-Mar-12,1.55,1.62,1.42,1.44,65826
22-Mar-12,1.46,1.55,1.46,1.55,15178
21-Mar-12,1.50,1.55,1.44,1.45,44525
20-Mar-12,1.62,1.67,1.49,1.50,69946
19-Mar-12,1.58,1.68,1.58,1.61,16850
16-Mar-12,1.71,1.78,1.58,1.58,61120
15-Mar-12,1.81,1.81,1.65,1.69,60211
14-Mar-12,1.83,1.86,1.75,1.85,20061
13-Mar-12,1.84,1.90,1.74,1.84,15781
12-Mar-12,1.82,1.90,1.82,1.85,20045
9-Mar-12,1.62,1.81,1.50,1.81,62545
8-Mar-12,1.66,1.69,1.60,1.63,17067
7-Mar-12,1.54,1.74,1.53,1.70,69314
6-Mar-12,1.62,1.62,1.50,1.52,36001
5-Mar-12,1.70,1.70,1.60,1.63,15696
2-Mar-12,1.75,1.75,1.71,1.73,17951
1-Mar-12,1.79,1.79,1.68,1.75,25663
29-Feb-12,1.67,1.74,1.61,1.67,38933
28-Feb-12,1.75,1.75,1.59,1.62,65898
27-Feb-12,1.82,1.86,1.69,1.76,53420
24-Feb-12,1.90,1.90,1.75,1.82,107463
23-Feb-12,2.10,2.10,1.71,1.91,194165
22-Feb-12,2.30,2.30,2.12,2.13,63742
21-Feb-12,2.61,2.66,2.12,2.36,188658
17-Feb-12,2.65,2.77,2.51,2.60,130414
16-Feb-12,2.38,2.60,2.27,2.60,237249
15-Feb-12,2.31,2.44,2.12,2.37,444916
14-Feb-12,2.10,2.16,2.10,2.11,58961
13-Feb-12,1.90,2.15,1.90,2.08,157471
10-Feb-12,1.89,1.91,1.86,1.87,14385
9-Feb-12,2.04,2.04,1.82,1.85,80430
8-Feb-12,2.03,2.17,2.02,2.06,134550
7-Feb-12,1.56,2.20,1.56,2.03,570424
6-Feb-12,1.45,1.65,1.45,1.60,93627
3-Feb-12,1.38,1.48,1.34,1.43,33628
2-Feb-12,1.32,1.40,1.32,1.35,17882
1-Feb-12,1.31,1.33,1.31,1.32,2300
31-Jan-12,1.34,1.34,1.32,1.33,3294
30-Jan-12,1.43,1.45,1.28,1.38,39409
27-Jan-12,1.43,1.47,1.38,1.40,15717
26-Jan-12,1.44,1.46,1.39,1.42,11350
25-Jan-12,1.30,1.48,1.26,1.42,44675
24-Jan-12,1.30,1.33,1.30,1.32,12297
23-Jan-12,1.34,1.34,1.23,1.31,31175
20-Jan-12,1.40,1.40,1.26,1.31,82992
19-Jan-12,1.46,1.54,1.39,1.39,19994
18-Jan-12,1.50,1.60,1.44,1.47,157443
17-Jan-12,1.48,1.91,1.39,1.55,466339
13-Jan-12,1.30,1.30,1.30,1.30,0
12-Jan-12,1.25,1.25,1.22,1.25,1833
11-Jan-12,1.27,1.27,1.25,1.25,3500
10-Jan-12,1.27,1.29,1.25,1.25,4074
9-Jan-12,1.28,1.28,1.25,1.27,5200
6-Jan-12,1.34,1.34,1.34,1.34,100
5-Jan-12,1.28,1.34,1.28,1.33,2240
4-Jan-12,1.29,1.35,1.25,1.28,10930
3-Jan-12,1.22,1.41,1.19,1.25,32257
30-Dec-11,1.24,1.24,1.24,1.24,0
29-Dec-11,1.27,1.35,1.23,1.31,15098
28-Dec-11,1.31,1.37,1.22,1.34,4405
27-Dec-11,1.35,1.40,1.27,1.31,22674
23-Dec-11,1.39,1.39,1.39,1.39,0
22-Dec-11,1.30,1.38,1.30,1.35,77936
21-Dec-11,1.26,1.39,1.23,1.30,30501
20-Dec-11,1.08,1.30,1.07,1.25,45565
19-Dec-11,1.04,1.13,1.04,1.12,6735
16-Dec-11,1.01,1.07,1.01,1.03,22108
15-Dec-11,1.00,1.00,1.00,1.00,0
14-Dec-11,1.14,1.17,1.07,1.07,15311
13-Dec-11,1.26,1.28,1.15,1.15,8622
12-Dec-11,1.30,1.30,1.25,1.25,8636
9-Dec-11,1.24,1.32,1.24,1.30,37945
8-Dec-11,1.14,1.25,1.14,1.25,32043
7-Dec-11,1.02,1.14,1.02,1.14,59745
6-Dec-11,1.03,1.05,1.02,1.02,36543
5-Dec-11,1.00,1.05,1.00,1.02,25037
2-Dec-11,1.09,1.09,1.00,1.02,44475
1-Dec-11,1.00,1.10,1.00,1.08,41068
30-Nov-11,1.10,1.11,1.00,1.00,67686
29-Nov-11,1.33,1.33,0.88,1.04,228717
28-Nov-11,1.41,1.42,1.34,1.35,24147
25-Nov-11,1.42,1.43,1.42,1.42,98459
23-Nov-11,1.49,1.49,1.49,1.49,0
22-Nov-11,1.42,1.45,1.42,1.42,2500
21-Nov-11,1.51,1.51,1.42,1.43,45305
18-Nov-11,1.48,1.58,1.44,1.48,23305
17-Nov-11,1.43,1.54,1.43,1.50,34104
16-Nov-11,1.58,1.65,1.41,1.48,35292
15-Nov-11,1.65,1.69,1.58,1.58,7654
14-Nov-11,1.64,1.68,1.60,1.65,66180
11-Nov-11,1.65,1.67,1.58,1.62,18075
10-Nov-11,1.63,1.65,1.58,1.64,11048
9-Nov-11,1.54,1.58,1.48,1.58,10534
8-Nov-11,1.48,1.55,1.48,1.54,19419
7-Nov-11,1.54,1.54,1.42,1.43,23810
4-Nov-11,1.43,1.51,1.43,1.51,903
3-Nov-11,1.42,1.52,1.42,1.50,17820
2-Nov-11,1.37,1.47,1.36,1.45,302443
1-Nov-11,1.75,1.75,1.22,1.36,206844
31-Oct-11,1.59,1.59,1.48,1.49,16060
28-Oct-11,1.57,1.59,1.50,1.58,22769
27-Oct-11,1.46,1.58,1.45,1.54,27283
26-Oct-11,1.46,1.50,1.42,1.47,39300
25-Oct-11,1.50,1.54,1.45,1.45,14442
24-Oct-11,1.52,1.58,1.50,1.50,17822
21-Oct-11,1.58,1.58,1.45,1.48,36317
20-Oct-11,1.58,1.58,1.58,1.58,1600
19-Oct-11,1.55,1.59,1.54,1.57,8284
18-Oct-11,1.47,1.53,1.47,1.51,11728
17-Oct-11,1.47,1.53,1.39,1.47,29333
14-Oct-11,1.50,1.55,1.49,1.53,23929
13-Oct-11,1.60,1.64,1.46,1.50,31515
12-Oct-11,1.58,1.64,1.55,1.56,45730
11-Oct-11,1.67,1.76,1.52,1.56,59990
10-Oct-11,1.87,2.10,1.70,1.73,111117
7-Oct-11,1.81,1.86,1.81,1.86,2700
6-Oct-11,1.86,1.90,1.80,1.81,3362
5-Oct-11,1.69,1.85,1.64,1.81,10012
4-Oct-11,1.81,1.87,1.55,1.64,119081
3-Oct-11,1.87,1.97,1.85,1.88,20079
30-Sep-11,2.04,2.09,1.91,1.93,61120
29-Sep-11,2.21,2.22,2.05,2.11,25400
