Date,Open,High,Low,Close,Volume
26-Sep-12,17.15,17.57,17.11,17.51,673315
25-Sep-12,17.72,17.79,17.13,17.19,561744
24-Sep-12,17.71,17.97,17.48,17.63,686124
21-Sep-12,18.43,18.55,17.69,17.73,582082
20-Sep-12,18.11,18.90,18.03,18.37,335533
19-Sep-12,17.53,17.76,17.50,17.71,112008
18-Sep-12,17.67,17.76,17.51,17.59,132695
17-Sep-12,18.08,18.08,17.49,17.65,146788
14-Sep-12,17.83,18.21,17.83,18.11,226032
13-Sep-12,17.57,17.99,17.56,17.82,160443
12-Sep-12,17.79,17.83,17.47,17.51,100267
11-Sep-12,17.65,17.83,17.65,17.75,100114
10-Sep-12,17.55,17.78,17.52,17.64,105082
7-Sep-12,17.48,17.70,17.41,17.55,403375
6-Sep-12,17.26,17.59,17.19,17.52,538608
5-Sep-12,17.02,17.28,16.95,17.20,500892
4-Sep-12,16.95,17.22,16.90,17.00,565374
31-Aug-12,17.10,17.29,16.94,16.97,789732
30-Aug-12,17.19,17.22,16.95,17.07,501657
29-Aug-12,17.08,17.32,16.96,17.31,507930
28-Aug-12,17.00,17.13,16.91,17.04,600942
27-Aug-12,17.10,17.15,16.92,17.03,712055
24-Aug-12,17.05,17.13,16.90,17.01,830989
23-Aug-12,17.32,17.40,17.07,17.08,746765
22-Aug-12,17.61,17.68,17.20,17.31,619663
21-Aug-12,18.51,18.53,17.58,17.63,1400716
20-Aug-12,17.86,17.89,17.65,17.72,385684
17-Aug-12,17.67,17.90,17.61,17.85,462854
16-Aug-12,17.85,17.93,17.58,17.62,491424
15-Aug-12,18.23,18.28,17.83,17.85,501029
14-Aug-12,18.30,18.39,18.10,18.30,359246
13-Aug-12,17.99,18.22,17.98,18.15,281925
10-Aug-12,18.10,18.12,17.85,18.10,455073
9-Aug-12,18.30,18.43,18.01,18.13,535071
8-Aug-12,18.10,18.33,17.94,18.29,457666
7-Aug-12,17.93,18.17,17.83,18.13,800092
6-Aug-12,17.93,18.10,17.75,17.83,575834
3-Aug-12,17.91,18.15,17.76,17.95,824508
2-Aug-12,17.94,18.00,17.66,17.79,1237089
1-Aug-12,17.93,18.72,17.25,17.99,2500591
31-Jul-12,19.10,19.50,19.10,19.20,839519
30-Jul-12,19.70,19.95,19.09,19.18,806468
27-Jul-12,19.58,20.02,19.38,19.84,1021651
26-Jul-12,19.95,20.36,19.44,19.50,1122256
25-Jul-12,19.50,19.80,19.40,19.74,387491
24-Jul-12,19.14,19.52,19.12,19.50,521808
23-Jul-12,18.87,19.25,18.76,19.08,499848
20-Jul-12,19.47,19.67,19.16,19.16,409409
19-Jul-12,19.66,20.10,19.57,19.60,758528
18-Jul-12,19.25,19.79,19.19,19.65,368007
17-Jul-12,19.17,19.37,18.94,19.31,287421
16-Jul-12,19.32,19.36,19.01,19.11,427877
13-Jul-12,19.02,19.81,19.02,19.42,730118
12-Jul-12,18.99,19.14,18.50,19.04,595742
11-Jul-12,19.16,19.25,18.95,19.15,335504
10-Jul-12,19.35,19.77,18.99,19.10,613131
9-Jul-12,19.31,19.48,19.18,19.29,370248
6-Jul-12,19.24,19.49,19.23,19.38,235816
5-Jul-12,19.49,19.58,19.22,19.50,505213
3-Jul-12,19.52,19.80,19.32,19.49,647008
2-Jul-12,19.09,19.52,18.90,19.50,679567
29-Jun-12,18.66,19.08,18.64,19.06,783625
28-Jun-12,18.29,18.49,17.96,18.41,775433
27-Jun-12,18.11,18.45,17.91,18.29,1193718
26-Jun-12,17.35,17.55,17.20,17.42,338655
25-Jun-12,17.60,17.65,17.34,17.34,471245
22-Jun-12,17.82,17.82,17.60,17.74,628678
21-Jun-12,18.29,18.29,17.64,17.68,454842
20-Jun-12,18.16,18.29,17.93,18.24,448345
19-Jun-12,18.11,18.24,17.95,18.13,385457
18-Jun-12,18.00,18.19,17.91,18.01,409207
15-Jun-12,17.89,18.11,17.69,18.04,740989
14-Jun-12,17.66,18.02,17.55,17.83,617812
13-Jun-12,17.94,18.00,17.56,17.61,460695
12-Jun-12,17.79,18.03,17.69,18.00,521387
11-Jun-12,18.43,18.79,17.65,17.74,1184183
8-Jun-12,18.04,18.21,17.88,18.01,1054059
7-Jun-12,18.16,18.73,17.94,18.00,986133
6-Jun-12,17.57,18.41,17.57,18.02,896848
5-Jun-12,16.95,17.55,16.94,17.48,636271
4-Jun-12,17.15,17.27,16.96,17.01,647389
1-Jun-12,17.50,17.59,17.10,17.15,360403
31-May-12,17.56,17.85,17.19,17.79,662650
30-May-12,17.78,17.83,17.54,17.63,341081
29-May-12,17.89,18.20,17.79,17.88,598829
25-May-12,17.69,17.90,17.65,17.85,265934
24-May-12,17.54,17.73,17.36,17.72,461241
23-May-12,17.54,17.68,17.28,17.54,919787
22-May-12,17.64,17.80,17.58,17.75,1216564
21-May-12,17.31,17.65,17.10,17.61,694178
18-May-12,17.41,17.55,17.25,17.27,578086
17-May-12,17.55,17.61,17.34,17.39,701700
16-May-12,17.54,17.79,17.39,17.52,512686
15-May-12,17.60,17.70,17.43,17.51,585880
14-May-12,17.60,17.65,17.49,17.54,600825
11-May-12,17.65,17.96,17.60,17.75,437074
10-May-12,17.68,17.84,17.56,17.72,540145
9-May-12,17.12,17.57,17.04,17.54,678863
8-May-12,17.14,17.30,17.00,17.27,539602
7-May-12,17.01,17.22,16.93,17.19,604225
4-May-12,17.05,17.27,16.84,17.05,879989
3-May-12,18.40,18.49,16.67,17.08,2723833
2-May-12,18.09,18.62,17.87,18.46,1012903
1-May-12,18.03,18.64,17.96,18.10,834016
30-Apr-12,17.82,18.05,17.76,18.01,496174
27-Apr-12,18.00,18.04,17.67,17.87,696222
26-Apr-12,17.66,18.04,17.66,17.96,706053
25-Apr-12,17.79,17.92,17.62,17.70,546764
24-Apr-12,17.41,17.79,17.34,17.68,1047521
23-Apr-12,17.35,17.38,16.88,17.34,790689
20-Apr-12,17.48,17.61,17.41,17.47,623692
19-Apr-12,17.11,17.57,17.07,17.39,629791
18-Apr-12,17.17,17.21,16.89,17.06,435384
17-Apr-12,17.14,17.26,17.06,17.19,685585
16-Apr-12,17.12,17.28,16.93,16.99,639757
13-Apr-12,17.35,17.45,16.92,17.00,1493725
12-Apr-12,17.23,17.55,17.18,17.42,437220
11-Apr-12,17.41,17.57,17.13,17.26,526561
10-Apr-12,17.43,17.50,17.17,17.24,454969
9-Apr-12,17.63,17.82,17.34,17.45,711301
5-Apr-12,17.73,17.95,17.60,17.91,907056
4-Apr-12,17.76,17.98,17.52,17.82,1090422
3-Apr-12,17.84,17.95,17.51,17.94,819702
2-Apr-12,18.39,18.57,17.88,17.89,717321
30-Mar-12,18.49,18.60,18.24,18.45,485023
29-Mar-12,18.29,18.43,18.02,18.35,281196
28-Mar-12,18.36,18.49,18.00,18.37,513420
27-Mar-12,18.59,18.59,18.08,18.30,1155056
26-Mar-12,18.59,18.98,18.43,18.55,1229239
23-Mar-12,18.55,18.67,18.28,18.41,520353
22-Mar-12,18.75,18.75,18.26,18.58,730595
21-Mar-12,18.96,19.00,18.72,18.78,850301
20-Mar-12,18.72,18.83,18.50,18.72,982903
19-Mar-12,18.80,19.17,18.60,18.83,1208705
16-Mar-12,17.74,18.39,17.62,18.30,1716546
15-Mar-12,17.41,17.74,17.41,17.62,523210
14-Mar-12,17.41,17.59,17.32,17.44,542808
13-Mar-12,17.11,17.46,17.04,17.44,562780
12-Mar-12,17.19,17.35,16.87,17.03,491715
9-Mar-12,17.34,17.65,17.17,17.21,541089
8-Mar-12,17.23,17.31,17.00,17.27,562896
7-Mar-12,17.26,17.34,17.03,17.05,453008
6-Mar-12,17.35,17.35,16.92,17.24,1098331
5-Mar-12,17.68,17.78,17.36,17.40,852612
2-Mar-12,18.04,18.15,17.66,17.71,1110124
1-Mar-12,17.43,18.10,17.31,18.01,2181754
29-Feb-12,18.24,18.74,17.17,17.26,4315993
28-Feb-12,19.25,19.69,19.23,19.65,1211232
27-Feb-12,19.34,19.54,19.13,19.25,519906
24-Feb-12,19.57,19.74,19.35,19.45,588468
23-Feb-12,19.74,19.84,19.47,19.53,701975
22-Feb-12,20.64,20.75,19.65,19.79,1566650
21-Feb-12,19.73,21.00,19.70,20.65,1485238
17-Feb-12,19.51,19.63,19.32,19.52,386620
16-Feb-12,19.15,19.58,19.13,19.34,359375
15-Feb-12,18.59,19.24,18.35,19.17,1016841
14-Feb-12,18.70,18.70,18.16,18.32,816460
13-Feb-12,18.85,19.09,18.75,18.78,370098
10-Feb-12,19.02,19.16,18.65,18.74,455368
9-Feb-12,18.51,19.20,18.21,19.19,828467
8-Feb-12,18.82,18.84,18.44,18.47,731869
7-Feb-12,18.86,19.04,18.73,18.82,543040
6-Feb-12,18.69,18.87,18.69,18.86,546525
3-Feb-12,18.05,18.77,18.01,18.74,1019627
2-Feb-12,17.99,18.03,17.67,17.84,669867
1-Feb-12,17.82,18.16,17.57,17.90,1372329
31-Jan-12,18.01,18.01,17.60,17.75,437665
30-Jan-12,18.22,18.23,17.78,17.89,587586
27-Jan-12,18.61,18.73,18.22,18.25,713873
26-Jan-12,19.62,19.68,18.55,18.62,713441
25-Jan-12,19.14,19.78,18.93,19.66,690246
24-Jan-12,18.58,19.23,18.45,19.11,811711
23-Jan-12,17.94,18.67,17.94,18.65,1282775
20-Jan-12,17.90,18.07,17.83,17.89,653191
19-Jan-12,17.57,18.02,17.56,17.89,475720
18-Jan-12,17.20,17.70,17.00,17.58,433214
17-Jan-12,16.98,17.48,16.65,17.21,1182579
13-Jan-12,17.48,17.48,17.48,17.48,0
12-Jan-12,18.03,18.14,17.69,17.95,369681
11-Jan-12,17.72,18.06,17.71,18.01,398970
10-Jan-12,17.98,18.20,17.79,17.83,579257
9-Jan-12,17.93,18.09,17.73,17.84,675491
6-Jan-12,17.73,18.04,17.67,17.98,300973
5-Jan-12,17.28,17.86,17.15,17.83,1323425
4-Jan-12,16.50,17.36,16.35,17.35,1544056
3-Jan-12,16.86,16.99,16.39,16.52,1189941
30-Dec-11,16.60,16.60,16.60,16.60,0
29-Dec-11,16.56,16.81,16.52,16.61,505245
28-Dec-11,16.74,16.83,16.46,16.57,376068
27-Dec-11,16.90,17.23,16.63,16.79,466548
23-Dec-11,16.95,16.95,16.95,16.95,0
22-Dec-11,16.79,17.13,16.67,16.99,529896
21-Dec-11,16.73,16.73,16.73,16.73,0
20-Dec-11,17.10,17.22,16.80,16.99,845961
19-Dec-11,16.87,16.87,16.87,16.87,0
16-Dec-11,17.48,17.61,17.15,17.20,2489031
15-Dec-11,17.51,17.90,17.40,17.41,603856
14-Dec-11,17.49,17.57,17.29,17.35,566391
13-Dec-11,17.81,17.98,17.50,17.58,545486
12-Dec-11,17.79,17.89,17.44,17.68,456080
9-Dec-11,17.64,18.15,17.56,17.93,449070
8-Dec-11,17.84,17.99,17.48,17.54,527122
7-Dec-11,17.89,18.06,17.54,18.01,497978
6-Dec-11,17.90,18.72,17.81,17.99,1253413
5-Dec-11,17.80,18.19,17.67,17.85,712810
2-Dec-11,18.03,18.52,18.03,18.11,543487
1-Dec-11,18.00,18.20,17.50,17.91,785842
30-Nov-11,18.32,18.72,18.01,18.57,1292387
29-Nov-11,17.50,17.85,17.30,17.80,1086482
28-Nov-11,17.28,17.63,17.04,17.35,948574
25-Nov-11,16.81,17.19,16.81,16.84,250421
23-Nov-11,16.91,16.91,16.91,16.91,0
22-Nov-11,16.81,16.90,16.73,16.83,1118670
21-Nov-11,16.97,16.99,16.34,16.79,1055901
18-Nov-11,17.48,17.51,17.10,17.14,719562
17-Nov-11,17.60,17.68,17.30,17.40,864018
16-Nov-11,17.99,18.11,17.50,17.61,1379927
15-Nov-11,18.17,18.39,18.01,18.27,761384
14-Nov-11,18.47,18.62,18.09,18.19,674041
11-Nov-11,18.57,18.92,18.53,18.72,614570
10-Nov-11,18.56,18.68,18.17,18.34,987376
9-Nov-11,18.37,18.92,18.12,18.38,1723224
8-Nov-11,19.64,19.91,19.26,19.80,1033155
7-Nov-11,17.85,19.57,17.84,19.47,2355348
4-Nov-11,17.48,17.54,17.24,17.39,1059382
3-Nov-11,17.74,17.80,17.24,17.57,939475
2-Nov-11,17.93,18.25,17.49,17.58,850891
1-Nov-11,17.92,18.29,17.73,17.73,1019785
31-Oct-11,19.28,19.28,18.10,18.55,4205126
28-Oct-11,19.84,20.24,19.51,20.12,985271
27-Oct-11,19.75,20.30,19.60,19.85,1049672
26-Oct-11,18.50,19.39,17.83,19.32,1539033
25-Oct-11,18.76,18.89,18.25,18.31,772048
24-Oct-11,18.91,19.45,18.82,18.88,871047
21-Oct-11,18.69,19.32,18.69,19.11,813186
20-Oct-11,18.79,18.91,17.96,18.44,508713
19-Oct-11,19.11,19.18,18.65,18.76,1056359
18-Oct-11,18.77,19.23,18.40,19.10,863483
17-Oct-11,18.52,18.81,18.48,18.71,777234
14-Oct-11,18.76,18.91,18.37,18.65,318718
13-Oct-11,18.26,18.56,17.91,18.52,490300
12-Oct-11,17.82,18.65,17.78,18.30,1000251
11-Oct-11,17.89,18.24,17.55,17.73,927170
10-Oct-11,17.70,18.37,17.52,17.95,864829
7-Oct-11,18.33,18.33,17.25,17.38,901104
6-Oct-11,18.11,18.54,18.02,18.33,685103
5-Oct-11,17.46,18.23,17.26,18.17,1106699
4-Oct-11,16.75,17.45,16.50,17.42,1485343
3-Oct-11,17.95,18.30,16.91,16.93,1324244
30-Sep-11,18.70,19.03,18.17,18.18,697767
29-Sep-11,19.39,19.60,18.71,18.97,846039
