Date,Open,High,Low,Close,Volume
27-Sep-12,35.85,36.15,35.50,36.12,251189
26-Sep-12,35.77,36.02,35.53,35.75,228225
25-Sep-12,36.23,36.28,35.59,35.63,298938
24-Sep-12,36.01,36.33,35.87,36.04,274607
21-Sep-12,35.61,36.02,35.40,36.02,902676
20-Sep-12,35.63,35.63,35.19,35.51,263319
19-Sep-12,35.49,35.54,35.29,35.45,233834
18-Sep-12,35.12,35.52,35.01,35.46,313065
17-Sep-12,35.29,35.43,34.98,35.13,177339
14-Sep-12,35.29,35.50,35.16,35.43,202223
13-Sep-12,34.82,35.26,34.68,35.23,233291
12-Sep-12,34.89,35.02,34.58,34.76,161268
11-Sep-12,34.70,35.00,34.68,34.78,192918
10-Sep-12,35.08,35.18,34.78,34.84,190700
7-Sep-12,35.10,35.12,34.82,35.04,131777
6-Sep-12,34.75,35.12,34.75,35.08,297677
5-Sep-12,34.66,34.74,34.48,34.62,255481
4-Sep-12,34.39,34.84,34.18,34.75,312133
31-Aug-12,34.49,34.50,34.02,34.24,138057
30-Aug-12,34.24,34.39,34.04,34.22,118403
29-Aug-12,34.33,34.56,34.30,34.33,168883
28-Aug-12,34.20,34.53,34.15,34.37,199948
27-Aug-12,34.49,34.61,34.18,34.27,318916
24-Aug-12,34.04,34.45,34.00,34.33,252034
23-Aug-12,34.02,34.27,33.89,34.22,294699
22-Aug-12,34.16,34.33,33.92,34.00,179426
21-Aug-12,34.34,34.55,34.09,34.30,306873
20-Aug-12,34.41,34.57,34.35,34.50,280479
17-Aug-12,33.79,34.37,33.76,34.37,84083
16-Aug-12,33.88,33.89,33.68,33.80,91614
15-Aug-12,33.66,34.05,33.66,33.93,52971
14-Aug-12,34.05,34.13,33.62,33.66,58710
13-Aug-12,34.02,34.05,33.56,33.90,71621
10-Aug-12,34.00,34.11,33.93,34.00,72559
9-Aug-12,34.45,34.46,34.00,34.07,86194
8-Aug-12,34.15,34.41,33.84,34.39,89473
7-Aug-12,33.79,34.59,33.60,34.25,270270
6-Aug-12,32.38,33.97,32.38,33.57,204690
3-Aug-12,32.00,32.81,31.65,32.36,178103
2-Aug-12,30.98,31.99,30.82,31.55,1225701
1-Aug-12,30.29,30.48,29.91,30.00,540456
31-Jul-12,30.42,30.59,30.11,30.13,314744
30-Jul-12,30.73,30.82,30.40,30.47,202989
27-Jul-12,30.19,30.84,29.93,30.77,597558
26-Jul-12,30.91,30.91,29.91,29.96,369469
25-Jul-12,30.75,30.94,30.33,30.48,218318
24-Jul-12,31.09,31.10,30.43,30.60,396002
23-Jul-12,30.78,31.18,30.68,30.99,333856
20-Jul-12,31.50,31.50,31.13,31.20,265164
19-Jul-12,31.65,31.76,31.33,31.62,242147
18-Jul-12,31.51,31.84,31.29,31.60,371364
17-Jul-12,31.83,31.92,31.36,31.67,372093
16-Jul-12,31.61,31.78,31.43,31.60,238938
13-Jul-12,31.42,31.86,31.24,31.68,161397
12-Jul-12,31.33,31.46,31.00,31.36,178360
11-Jul-12,31.23,31.56,31.16,31.48,187153
10-Jul-12,31.67,31.77,31.15,31.23,123912
9-Jul-12,31.39,31.56,31.16,31.54,191646
6-Jul-12,31.55,31.70,31.30,31.39,140180
5-Jul-12,32.08,32.32,31.84,31.86,162675
3-Jul-12,31.76,32.16,31.53,32.16,229498
2-Jul-12,31.54,31.65,31.34,31.65,558197
29-Jun-12,31.07,31.47,30.85,31.37,444878
28-Jun-12,30.50,30.72,29.62,30.47,630114
27-Jun-12,30.30,30.83,30.23,30.78,149125
26-Jun-12,30.10,30.24,29.84,30.16,233975
25-Jun-12,30.34,30.60,30.06,30.08,337865
22-Jun-12,30.70,30.82,30.47,30.76,647568
21-Jun-12,31.33,31.48,30.46,30.50,254472
20-Jun-12,31.52,31.54,31.13,31.29,172005
19-Jun-12,31.52,31.78,31.50,31.53,469208
18-Jun-12,31.08,31.48,31.02,31.45,307214
15-Jun-12,30.93,31.39,30.72,31.20,544350
14-Jun-12,30.65,30.92,30.60,30.81,530861
13-Jun-12,30.75,30.87,30.43,30.56,426386
12-Jun-12,30.72,30.96,30.49,30.80,298059
11-Jun-12,31.10,31.20,30.56,30.57,612948
8-Jun-12,30.33,30.97,30.25,30.89,271069
7-Jun-12,30.74,30.83,30.37,30.38,317885
6-Jun-12,29.81,30.34,29.69,30.33,283864
5-Jun-12,28.89,29.63,28.77,29.56,295226
4-Jun-12,29.04,29.29,28.96,29.07,291079
1-Jun-12,29.19,29.28,28.94,29.01,473099
31-May-12,29.97,30.11,29.51,29.86,432286
30-May-12,30.45,30.62,29.87,29.94,199557
29-May-12,30.40,30.90,30.35,30.71,325339
25-May-12,30.23,30.44,30.06,30.19,160261
24-May-12,29.82,30.19,29.59,30.18,249771
23-May-12,29.00,29.83,28.89,29.80,581795
22-May-12,29.55,29.63,29.08,29.20,498852
21-May-12,29.22,29.65,29.08,29.59,401899
18-May-12,29.41,29.53,29.09,29.26,521402
17-May-12,29.67,29.78,29.45,29.49,421765
16-May-12,29.73,29.91,29.66,29.72,249062
15-May-12,30.07,30.10,29.67,29.74,292289
14-May-12,29.80,30.10,29.68,30.00,332669
11-May-12,29.91,30.26,29.88,30.10,311742
10-May-12,30.28,30.28,29.87,30.12,425668
9-May-12,30.71,30.88,30.01,30.01,544034
8-May-12,30.38,31.16,29.64,31.14,1083022
7-May-12,29.90,30.87,29.69,30.83,727779
4-May-12,30.56,30.68,29.94,29.98,814166
3-May-12,31.28,31.40,30.59,30.80,411920
2-May-12,31.05,31.36,30.73,31.35,328312
1-May-12,31.36,31.78,31.23,31.33,371170
30-Apr-12,31.57,31.63,31.16,31.41,392904
27-Apr-12,31.28,31.83,31.18,31.52,532822
26-Apr-12,31.03,31.35,30.90,31.22,204856
25-Apr-12,31.00,31.44,30.83,31.07,349469
24-Apr-12,30.30,30.79,30.15,30.68,196358
23-Apr-12,30.06,30.32,29.82,30.26,259327
20-Apr-12,30.62,30.77,30.40,30.48,394133
19-Apr-12,30.64,30.75,30.30,30.40,263433
18-Apr-12,30.75,30.83,30.35,30.53,194983
17-Apr-12,30.48,31.16,30.43,30.81,502468
16-Apr-12,30.36,30.60,30.02,30.32,267504
13-Apr-12,30.98,31.02,30.31,30.33,339259
12-Apr-12,30.61,31.24,30.54,31.04,368149
11-Apr-12,30.42,30.61,30.31,30.61,295592
10-Apr-12,30.31,30.34,29.96,30.15,512975
9-Apr-12,30.17,30.39,29.95,30.36,287223
5-Apr-12,30.72,31.00,30.49,30.67,389280
4-Apr-12,30.86,30.96,30.28,30.81,574370
3-Apr-12,31.56,31.65,30.95,31.17,344596
2-Apr-12,31.58,31.71,31.41,31.52,323750
30-Mar-12,31.80,31.93,31.58,31.62,189911
29-Mar-12,31.36,31.71,31.22,31.60,321090
28-Mar-12,31.97,32.06,31.19,31.50,440608
27-Mar-12,32.01,32.21,31.80,31.90,361864
26-Mar-12,31.53,32.22,31.45,32.02,488251
23-Mar-12,31.43,31.49,31.07,31.20,553364
22-Mar-12,31.48,31.69,31.20,31.35,390969
21-Mar-12,31.93,32.04,31.64,31.64,363543
20-Mar-12,31.87,32.01,31.69,31.91,254217
19-Mar-12,32.20,32.30,31.97,32.00,229009
16-Mar-12,32.24,32.38,32.04,32.11,446332
15-Mar-12,31.86,32.17,31.60,32.17,196310
14-Mar-12,31.92,32.00,31.71,31.82,190396
13-Mar-12,31.37,31.89,30.98,31.88,389160
12-Mar-12,31.42,31.47,30.88,30.99,194888
9-Mar-12,30.86,31.85,30.86,31.36,302413
8-Mar-12,30.93,30.95,30.55,30.84,285357
7-Mar-12,30.54,30.81,30.37,30.69,432450
6-Mar-12,30.57,30.94,30.33,30.54,473291
5-Mar-12,30.90,31.07,30.67,31.05,274359
2-Mar-12,31.47,31.58,30.76,31.00,359159
1-Mar-12,31.56,31.76,31.41,31.48,284727
29-Feb-12,32.04,32.08,31.38,31.38,358063
28-Feb-12,32.07,32.27,31.77,31.96,277157
27-Feb-12,31.85,32.30,31.47,32.15,290710
24-Feb-12,32.11,32.26,31.78,32.13,211355
23-Feb-12,31.75,32.33,31.54,32.27,429746
22-Feb-12,31.69,31.79,31.51,31.74,509886
21-Feb-12,32.10,32.10,31.43,31.63,449812
17-Feb-12,31.96,32.03,31.85,31.95,694321
16-Feb-12,31.31,31.87,31.24,31.83,407394
15-Feb-12,31.69,31.77,31.14,31.28,351192
14-Feb-12,31.85,31.95,31.27,31.53,321930
13-Feb-12,31.69,32.02,31.60,31.99,411498
10-Feb-12,30.58,31.44,30.58,31.35,479918
9-Feb-12,31.27,31.47,30.88,30.96,480961
8-Feb-12,30.29,31.58,30.12,31.28,1254713
7-Feb-12,29.98,30.96,29.35,30.59,1405444
6-Feb-12,30.15,30.64,30.12,30.64,429954
3-Feb-12,30.32,30.43,30.12,30.20,622466
2-Feb-12,30.09,30.33,30.04,30.08,379438
1-Feb-12,30.26,30.35,29.98,30.12,631690
31-Jan-12,30.31,30.53,30.01,30.08,508743
30-Jan-12,29.76,30.23,29.57,30.08,474337
27-Jan-12,29.46,30.08,29.41,30.06,404749
26-Jan-12,29.72,29.72,29.18,29.62,496293
25-Jan-12,29.28,29.85,29.28,29.56,512454
24-Jan-12,29.26,29.37,29.15,29.35,465803
23-Jan-12,29.66,30.04,29.36,29.41,402733
20-Jan-12,29.17,29.65,29.15,29.59,303604
19-Jan-12,29.11,29.24,28.93,29.23,431335
18-Jan-12,28.85,29.10,28.76,29.09,453812
17-Jan-12,28.44,28.90,28.28,28.85,468235
13-Jan-12,28.17,28.17,28.17,28.17,0
12-Jan-12,28.25,28.35,27.70,28.10,773331
11-Jan-12,28.22,28.48,28.06,28.23,516466
10-Jan-12,28.90,28.97,28.32,28.33,642221
9-Jan-12,29.41,29.95,28.48,28.56,893864
6-Jan-12,29.91,30.15,29.72,30.04,495028
5-Jan-12,29.77,29.94,29.41,29.90,395696
4-Jan-12,29.98,30.11,29.70,29.89,428428
3-Jan-12,30.45,30.87,30.00,30.07,555488
30-Dec-11,29.82,29.82,29.82,29.82,0
29-Dec-11,29.41,29.96,29.36,29.85,267734
28-Dec-11,29.95,30.00,29.31,29.35,278924
27-Dec-11,29.74,30.01,29.71,29.97,234233
23-Dec-11,29.79,29.79,29.79,29.79,0
22-Dec-11,29.27,29.61,29.09,29.45,277801
21-Dec-11,28.78,29.24,28.51,29.19,177219
20-Dec-11,28.41,28.94,28.34,28.91,335249
19-Dec-11,28.31,28.60,27.82,27.84,336366
16-Dec-11,28.60,29.07,27.97,28.12,720624
15-Dec-11,28.56,28.80,28.12,28.52,528092
14-Dec-11,28.39,28.56,27.90,28.27,426818
13-Dec-11,29.20,29.49,28.47,28.60,319932
12-Dec-11,29.46,29.46,28.72,28.95,231189
9-Dec-11,29.11,29.99,29.11,29.76,318606
8-Dec-11,30.00,30.01,28.95,29.02,383229
7-Dec-11,30.18,30.31,29.51,30.21,393601
6-Dec-11,30.43,30.62,30.10,30.44,307072
5-Dec-11,30.25,30.69,30.05,30.36,365193
2-Dec-11,30.21,30.57,29.64,29.73,258371
1-Dec-11,30.05,30.44,29.75,29.77,352399
30-Nov-11,29.67,30.20,29.46,30.07,609589
29-Nov-11,28.90,29.00,28.41,28.45,364753
28-Nov-11,28.38,28.96,28.18,28.76,457978
25-Nov-11,27.30,27.75,27.29,27.46,170394
23-Nov-11,27.38,27.38,27.38,27.38,0
22-Nov-11,27.97,28.21,27.52,27.80,298177
21-Nov-11,28.02,28.36,27.83,27.97,288467
18-Nov-11,28.90,29.03,28.52,28.58,213793
17-Nov-11,29.07,29.35,28.65,28.80,539285
16-Nov-11,29.35,29.95,29.13,29.16,477424
15-Nov-11,29.34,29.93,29.11,29.68,378508
14-Nov-11,29.57,29.78,29.29,29.40,279555
11-Nov-11,29.07,29.91,28.96,29.70,447935
10-Nov-11,28.81,29.09,28.36,28.76,415427
9-Nov-11,28.74,29.00,28.22,28.42,575854
8-Nov-11,29.33,29.70,28.70,29.57,546668
7-Nov-11,28.93,29.18,28.51,29.17,454924
4-Nov-11,28.68,29.04,28.26,28.98,396254
3-Nov-11,28.64,29.02,28.06,28.88,785889
2-Nov-11,30.01,30.01,28.13,28.55,1256987
1-Nov-11,30.00,30.28,29.43,29.82,536428
31-Oct-11,32.05,32.24,30.96,30.98,353860
28-Oct-11,32.23,32.68,32.09,32.42,336325
27-Oct-11,31.42,32.39,31.26,31.45,666687
26-Oct-11,30.71,30.77,29.75,30.59,320472
25-Oct-11,30.53,30.99,30.10,30.24,415049
24-Oct-11,29.90,31.27,29.88,30.76,480807
21-Oct-11,29.19,29.91,29.02,29.72,410015
20-Oct-11,28.97,28.98,28.15,28.71,332336
19-Oct-11,29.64,29.76,28.70,28.85,367562
18-Oct-11,29.33,29.64,28.50,29.49,549054
17-Oct-11,30.10,30.11,29.00,29.08,360334
14-Oct-11,29.63,30.60,29.35,30.12,442896
13-Oct-11,29.40,29.40,28.77,29.25,205546
12-Oct-11,29.64,29.88,29.41,29.54,313259
11-Oct-11,29.00,29.50,28.93,29.35,367816
10-Oct-11,29.08,29.28,28.70,29.22,282256
7-Oct-11,29.25,29.25,28.33,28.56,389897
6-Oct-11,29.21,29.42,28.70,29.16,457934
5-Oct-11,29.62,30.35,29.26,29.34,601355
4-Oct-11,27.49,29.53,27.49,29.48,520981
3-Oct-11,29.00,29.56,27.76,27.77,522665
30-Sep-11,28.61,30.39,28.58,29.27,567177
