Date,Open,High,Low,Close,Volume
26-Sep-12,5.93,6.12,5.65,5.73,67039
25-Sep-12,6.33,6.35,5.80,6.01,256469
24-Sep-12,6.26,6.46,6.02,6.37,326824
21-Sep-12,5.95,6.00,5.80,5.90,99373
20-Sep-12,5.95,5.95,5.58,5.78,11281
19-Sep-12,5.99,5.99,5.56,5.74,41109
18-Sep-12,5.53,5.76,5.36,5.73,22492
17-Sep-12,5.77,5.79,5.49,5.59,39418
14-Sep-12,5.75,6.16,5.68,5.76,129262
13-Sep-12,5.18,5.66,5.18,5.66,31526
12-Sep-12,5.15,5.27,5.09,5.21,50626
11-Sep-12,4.93,5.14,4.93,5.10,23988
10-Sep-12,4.96,5.02,4.70,4.98,11220
7-Sep-12,5.09,5.15,4.90,4.95,153284
6-Sep-12,4.77,5.00,4.77,5.00,41722
5-Sep-12,4.81,4.89,4.72,4.77,59707
4-Sep-12,4.83,5.00,4.81,4.83,82407
31-Aug-12,4.86,4.96,4.84,4.89,127825
30-Aug-12,4.81,4.94,4.81,4.91,57280
29-Aug-12,4.83,4.95,4.83,4.90,46764
28-Aug-12,4.89,4.94,4.72,4.91,38112
27-Aug-12,4.93,5.00,4.89,4.95,21740
24-Aug-12,4.87,5.01,4.81,4.92,22499
23-Aug-12,4.86,4.96,4.85,4.93,130998
22-Aug-12,5.03,5.03,4.85,4.92,48243
21-Aug-12,4.98,5.12,4.86,4.99,224589
20-Aug-12,5.13,5.13,4.85,4.88,45675
17-Aug-12,5.00,5.11,4.94,5.00,133501
16-Aug-12,4.87,5.11,4.81,5.05,85758
15-Aug-12,4.77,4.89,4.71,4.76,233125
14-Aug-12,5.01,5.17,4.87,4.87,96008
13-Aug-12,5.00,5.10,4.93,5.04,113217
10-Aug-12,5.01,5.15,4.93,5.03,35971
9-Aug-12,5.00,5.09,4.70,5.06,110484
8-Aug-12,4.86,5.14,4.54,5.00,180886
7-Aug-12,4.78,5.19,4.68,4.95,108139
6-Aug-12,4.90,4.92,4.67,4.76,57815
3-Aug-12,4.73,4.88,4.60,4.71,144148
2-Aug-12,4.60,4.70,4.50,4.70,68235
1-Aug-12,4.68,4.73,4.46,4.57,26944
31-Jul-12,4.56,4.65,4.51,4.64,10432
30-Jul-12,4.67,4.73,4.63,4.64,43486
27-Jul-12,4.66,4.75,4.50,4.62,40254
26-Jul-12,4.47,4.57,4.34,4.56,129790
25-Jul-12,4.37,4.42,4.32,4.35,141291
24-Jul-12,4.38,4.44,4.26,4.39,193400
23-Jul-12,4.28,4.46,4.28,4.44,48601
20-Jul-12,4.91,4.94,4.45,4.47,122316
19-Jul-12,4.70,4.78,4.50,4.53,55085
18-Jul-12,4.41,4.69,4.41,4.68,89363
17-Jul-12,4.58,4.58,4.40,4.45,76236
16-Jul-12,4.51,4.51,4.36,4.43,99036
13-Jul-12,4.38,4.54,4.33,4.49,124917
12-Jul-12,4.29,4.50,4.20,4.36,337099
11-Jul-12,4.37,4.49,4.25,4.36,374471
10-Jul-12,4.37,4.44,4.23,4.25,114317
9-Jul-12,4.36,4.36,4.20,4.25,131971
6-Jul-12,4.41,4.44,4.28,4.32,214073
5-Jul-12,4.70,4.78,4.28,4.40,438960
3-Jul-12,4.65,4.79,4.62,4.70,444655
2-Jul-12,4.66,4.73,4.50,4.68,153319
29-Jun-12,4.61,4.72,4.53,4.65,137882
28-Jun-12,4.42,4.51,4.37,4.50,78650
27-Jun-12,4.50,4.51,4.42,4.42,236150
26-Jun-12,4.47,4.55,4.44,4.52,24709
25-Jun-12,4.50,4.65,4.45,4.55,68774
22-Jun-12,4.39,4.62,4.34,4.56,167953
21-Jun-12,4.51,4.64,4.34,4.34,321909
20-Jun-12,4.66,4.85,4.47,4.52,57537
19-Jun-12,4.49,4.71,4.25,4.60,152584
18-Jun-12,4.54,4.54,4.18,4.41,157844
15-Jun-12,4.60,4.67,4.42,4.60,272109
14-Jun-12,4.29,4.44,4.14,4.44,161018
13-Jun-12,4.29,4.33,4.23,4.26,110496
12-Jun-12,4.18,4.66,4.18,4.27,127997
11-Jun-12,4.43,5.13,4.20,4.21,168238
8-Jun-12,4.46,4.48,4.32,4.37,308209
7-Jun-12,4.63,4.72,4.34,4.44,127072
6-Jun-12,4.57,4.79,4.57,4.62,320772
5-Jun-12,4.59,4.71,4.44,4.53,199845
4-Jun-12,4.47,4.74,4.47,4.59,105154
1-Jun-12,4.52,4.57,4.43,4.50,138914
31-May-12,4.61,4.76,4.53,4.53,170522
30-May-12,4.85,4.85,4.58,4.63,171020
29-May-12,5.00,5.15,4.80,4.83,247744
25-May-12,4.91,4.97,4.78,4.95,68925
24-May-12,4.94,4.98,4.88,4.93,118628
23-May-12,4.75,5.01,4.56,4.89,161634
22-May-12,4.64,4.94,4.63,4.82,164309
21-May-12,4.64,4.86,4.64,4.78,56875
18-May-12,4.66,4.92,4.61,4.64,190439
17-May-12,4.84,5.00,4.62,4.64,222187
16-May-12,5.18,5.18,4.79,4.83,278565
15-May-12,5.33,5.33,4.92,5.07,245574
14-May-12,5.16,5.16,4.95,4.98,234852
11-May-12,5.37,5.48,5.14,5.21,190081
10-May-12,5.76,5.76,5.43,5.45,127251
9-May-12,5.88,5.90,5.39,5.64,407432
8-May-12,5.27,5.92,5.21,5.88,317627
7-May-12,5.31,5.38,5.15,5.25,246747
4-May-12,5.21,5.36,5.13,5.26,172497
3-May-12,5.58,5.58,5.20,5.27,322868
2-May-12,5.73,5.73,5.44,5.51,180042
1-May-12,5.66,5.92,5.51,5.70,136205
30-Apr-12,5.51,5.62,5.49,5.59,93480
27-Apr-12,5.64,5.78,5.39,5.59,211183
26-Apr-12,5.80,5.80,5.56,5.62,119304
25-Apr-12,5.85,5.90,5.67,5.83,230107
24-Apr-12,5.55,5.82,5.46,5.82,212546
23-Apr-12,5.60,5.64,5.46,5.48,80943
20-Apr-12,5.43,5.73,5.43,5.59,171775
19-Apr-12,5.30,5.47,5.28,5.46,162349
18-Apr-12,5.26,5.53,5.20,5.33,682886
17-Apr-12,5.90,5.90,5.40,5.40,465387
16-Apr-12,5.96,6.13,5.70,5.82,704973
13-Apr-12,6.28,6.28,5.76,5.96,283879
12-Apr-12,5.97,6.34,5.84,6.31,338978
11-Apr-12,5.95,6.10,5.89,5.94,159847
10-Apr-12,5.80,5.93,5.79,5.85,181823
9-Apr-12,5.85,5.90,5.73,5.84,153500
5-Apr-12,5.86,6.10,5.76,5.88,116765
4-Apr-12,6.17,6.17,5.87,5.90,319139
3-Apr-12,6.13,6.27,6.06,6.15,419310
2-Apr-12,6.42,6.43,6.10,6.14,226651
30-Mar-12,6.44,6.52,6.33,6.43,210102
29-Mar-12,6.19,6.34,6.09,6.33,174350
28-Mar-12,6.30,6.38,6.11,6.21,164163
27-Mar-12,6.43,6.47,6.30,6.38,285859
26-Mar-12,6.73,6.76,6.00,6.38,893538
23-Mar-12,6.63,6.79,6.63,6.66,91664
22-Mar-12,6.77,6.85,6.57,6.64,141415
21-Mar-12,6.73,6.91,6.54,6.81,404282
20-Mar-12,6.86,6.88,6.54,6.64,428919
19-Mar-12,7.12,7.19,6.87,6.92,223841
16-Mar-12,7.01,7.13,6.93,7.12,176087
15-Mar-12,6.89,6.99,6.78,6.97,114550
14-Mar-12,7.02,7.09,6.82,6.88,185242
13-Mar-12,6.72,7.12,6.61,6.99,281068
12-Mar-12,6.76,6.82,6.62,6.67,389740
9-Mar-12,6.90,6.90,6.67,6.77,177299
8-Mar-12,7.12,7.12,6.86,6.90,128210
7-Mar-12,6.99,7.12,6.88,7.06,357772
6-Mar-12,6.73,6.90,6.65,6.87,479208
5-Mar-12,7.16,7.18,6.85,6.97,273596
2-Mar-12,7.37,7.40,7.14,7.22,196314
1-Mar-12,6.90,7.38,6.78,7.27,451290
29-Feb-12,7.09,7.23,6.80,6.88,200035
28-Feb-12,6.82,7.12,6.77,7.12,346343
27-Feb-12,6.94,7.41,6.68,6.75,746810
24-Feb-12,7.71,7.77,7.08,7.12,486229
23-Feb-12,7.80,7.89,7.66,7.71,77613
22-Feb-12,7.92,7.93,7.59,7.77,361584
21-Feb-12,7.69,8.07,7.67,7.98,263619
17-Feb-12,7.28,7.67,7.20,7.60,497167
16-Feb-12,7.07,7.35,7.05,7.17,557973
15-Feb-12,7.00,7.14,6.97,7.08,398422
14-Feb-12,6.90,6.97,6.78,6.85,357044
13-Feb-12,7.09,7.14,6.98,6.99,407857
10-Feb-12,6.91,7.11,6.86,6.99,312931
9-Feb-12,7.05,7.22,6.95,7.00,578685
8-Feb-12,6.99,6.99,6.99,6.99,0
7-Feb-12,7.65,7.67,7.21,7.24,476274
6-Feb-12,7.53,7.68,7.48,7.60,189972
3-Feb-12,7.92,7.92,7.92,7.92,0
2-Feb-12,7.75,7.82,7.56,7.64,108514
1-Feb-12,7.84,7.89,7.65,7.76,180058
31-Jan-12,7.67,7.67,7.67,7.67,0
30-Jan-12,7.51,7.57,7.26,7.50,463609
27-Jan-12,8.12,8.12,7.65,7.74,449472
26-Jan-12,8.17,8.17,8.17,8.17,0
25-Jan-12,7.92,8.10,7.31,8.02,417315
24-Jan-12,7.90,7.90,7.90,7.90,0
23-Jan-12,7.90,8.09,7.81,7.89,338053
20-Jan-12,7.93,8.07,7.87,7.90,604805
19-Jan-12,7.99,7.99,7.99,7.99,0
18-Jan-12,7.33,7.70,7.14,7.64,186548
17-Jan-12,7.33,7.33,7.33,7.33,0
13-Jan-12,7.20,7.20,7.20,7.20,0
12-Jan-12,7.63,7.69,7.36,7.57,299380
11-Jan-12,7.55,7.55,7.55,7.55,0
10-Jan-12,7.73,7.81,7.51,7.70,380802
9-Jan-12,7.64,7.71,7.42,7.55,517984
6-Jan-12,7.46,7.68,7.33,7.61,336583
5-Jan-12,7.15,7.49,7.03,7.43,660528
4-Jan-12,6.56,7.38,6.56,7.29,1015007
3-Jan-12,6.14,6.62,6.11,6.57,1468924
30-Dec-11,5.93,5.93,5.93,5.93,0
29-Dec-11,5.75,5.95,5.71,5.86,1212766
28-Dec-11,5.69,5.69,5.69,5.69,0
27-Dec-11,6.02,6.06,5.80,5.81,1181094
23-Dec-11,6.00,6.00,6.00,6.00,0
22-Dec-11,6.11,6.13,6.06,6.07,1426378
21-Dec-11,6.14,6.14,6.00,6.05,690517
20-Dec-11,6.07,6.13,6.04,6.12,853325
19-Dec-11,6.31,6.34,5.92,5.93,352380
16-Dec-11,6.29,6.36,6.17,6.25,444128
15-Dec-11,6.13,6.30,6.13,6.15,423447
14-Dec-11,6.29,6.32,6.03,6.05,454275
13-Dec-11,6.65,6.75,6.32,6.37,233879
12-Dec-11,6.69,6.90,6.59,6.62,279141
9-Dec-11,6.64,6.64,6.64,6.64,0
8-Dec-11,6.65,6.75,6.56,6.61,218250
7-Dec-11,6.87,7.10,6.76,6.79,203894
6-Dec-11,7.01,7.01,6.82,6.91,287710
5-Dec-11,6.98,6.98,6.98,6.98,0
2-Dec-11,7.22,7.34,7.00,7.03,364288
1-Dec-11,7.06,7.24,7.04,7.06,232039
30-Nov-11,7.01,7.01,7.01,7.01,0
29-Nov-11,6.78,6.87,6.60,6.64,555007
28-Nov-11,6.90,7.05,6.72,6.77,253999
25-Nov-11,6.78,6.78,6.78,6.78,0
23-Nov-11,6.69,6.69,6.69,6.69,0
22-Nov-11,6.74,6.98,6.64,6.92,428707
21-Nov-11,6.92,6.94,6.71,6.77,215285
18-Nov-11,7.08,7.24,6.91,7.01,526826
17-Nov-11,7.45,7.45,6.96,6.98,297313
16-Nov-11,7.71,7.76,7.33,7.45,283675
15-Nov-11,7.71,7.92,7.50,7.68,270635
14-Nov-11,7.90,7.91,7.63,7.66,439886
11-Nov-11,8.03,8.22,7.79,8.00,213175
10-Nov-11,8.21,8.25,7.80,7.86,187339
9-Nov-11,8.20,8.45,8.04,8.08,362471
8-Nov-11,8.13,8.44,8.13,8.37,364594
7-Nov-11,7.98,8.15,7.81,8.02,305356
4-Nov-11,8.35,8.35,8.02,8.08,202209
3-Nov-11,8.37,8.54,8.05,8.35,496772
2-Nov-11,8.14,8.49,7.64,7.99,887454
1-Nov-11,8.16,8.16,8.16,8.16,0
31-Oct-11,9.33,9.57,8.25,8.26,702564
28-Oct-11,9.99,10.21,9.40,9.55,357725
27-Oct-11,10.05,10.05,10.05,10.05,0
26-Oct-11,9.52,9.55,9.26,9.43,219381
25-Oct-11,9.33,9.33,9.33,9.33,0
24-Oct-11,9.69,9.75,9.40,9.52,531674
21-Oct-11,9.41,9.83,9.25,9.61,359399
20-Oct-11,9.85,9.85,8.45,9.21,190019
19-Oct-11,9.51,9.61,9.17,9.20,223253
18-Oct-11,9.42,9.56,9.30,9.46,354801
17-Oct-11,9.76,9.77,9.24,9.40,571016
14-Oct-11,9.40,9.88,9.15,9.85,420373
13-Oct-11,8.98,9.37,8.62,9.31,310822
12-Oct-11,8.92,8.92,8.92,8.92,0
11-Oct-11,8.57,8.72,8.35,8.60,297197
10-Oct-11,8.24,8.69,8.06,8.62,216473
7-Oct-11,7.97,7.97,7.97,7.97,0
6-Oct-11,7.84,8.37,7.82,8.19,587611
5-Oct-11,8.10,8.20,7.91,8.00,501528
4-Oct-11,7.43,7.43,7.43,7.43,0
3-Oct-11,8.18,8.45,7.59,7.64,214447
30-Sep-11,8.44,8.50,8.16,8.28,195618
29-Sep-11,8.83,8.90,8.43,8.61,78482
