Date,Open,High,Low,Close,Volume
27-Sep-12,9.79,10.07,9.77,10.02,114691
26-Sep-12,9.85,9.96,9.71,9.76,107011
25-Sep-12,9.92,10.12,9.78,9.79,185924
24-Sep-12,9.80,9.98,9.63,9.92,198623
21-Sep-12,9.96,9.96,9.80,9.83,87213
20-Sep-12,9.70,9.97,9.68,9.84,47923
19-Sep-12,9.88,9.90,9.69,9.71,34877
18-Sep-12,9.96,10.05,9.86,9.89,48807
17-Sep-12,10.57,10.66,9.88,10.01,90874
14-Sep-12,10.67,10.80,10.62,10.63,22337
13-Sep-12,10.75,10.90,10.61,10.64,58061
12-Sep-12,10.83,10.90,10.70,10.79,19947
11-Sep-12,10.65,10.88,10.65,10.84,30930
10-Sep-12,10.61,10.73,10.52,10.66,47969
7-Sep-12,10.46,10.56,10.38,10.55,88542
6-Sep-12,10.30,10.49,10.27,10.46,132585
5-Sep-12,10.20,10.30,10.17,10.27,140730
4-Sep-12,10.31,10.31,9.91,10.21,231521
31-Aug-12,10.24,10.33,10.18,10.28,120879
30-Aug-12,10.27,10.31,10.20,10.20,110036
29-Aug-12,9.96,10.35,9.94,10.29,252855
28-Aug-12,9.86,9.99,9.86,9.97,287773
27-Aug-12,9.81,9.92,9.80,9.89,197819
24-Aug-12,9.66,9.82,9.61,9.80,169065
23-Aug-12,9.80,9.85,9.62,9.64,101975
22-Aug-12,9.72,9.88,9.71,9.80,130441
21-Aug-12,9.97,10.00,9.70,9.72,202340
20-Aug-12,9.91,9.97,9.81,9.96,185046
17-Aug-12,9.74,9.93,9.74,9.92,406449
16-Aug-12,9.71,9.79,9.67,9.76,282030
15-Aug-12,9.65,9.81,9.64,9.75,228073
14-Aug-12,9.63,9.72,9.58,9.64,311287
13-Aug-12,9.67,9.74,9.60,9.61,165232
10-Aug-12,9.69,9.76,9.61,9.65,159748
9-Aug-12,9.58,9.78,9.57,9.72,248181
8-Aug-12,9.70,9.82,9.66,9.75,233721
7-Aug-12,9.64,9.79,9.64,9.71,393330
6-Aug-12,9.61,9.75,9.60,9.64,207111
3-Aug-12,9.55,9.73,9.54,9.63,172430
2-Aug-12,9.48,9.60,9.43,9.50,126287
1-Aug-12,9.73,9.85,9.60,9.60,203903
31-Jul-12,9.79,9.92,9.68,9.72,475480
30-Jul-12,9.70,9.88,9.67,9.79,211114
27-Jul-12,9.41,9.71,9.40,9.70,278419
26-Jul-12,9.47,9.52,9.27,9.36,217846
25-Jul-12,9.41,9.47,9.20,9.36,395401
24-Jul-12,9.67,9.67,9.15,9.43,559898
23-Jul-12,10.20,10.20,9.50,9.64,1548327
20-Jul-12,11.33,11.43,11.20,11.26,149016
19-Jul-12,11.28,11.54,11.25,11.41,152639
18-Jul-12,11.61,11.72,11.25,11.27,257635
17-Jul-12,11.38,11.74,11.33,11.55,130468
16-Jul-12,11.54,11.59,11.36,11.40,202416
13-Jul-12,11.65,11.73,11.40,11.50,412181
12-Jul-12,11.96,12.03,11.53,11.61,262054
11-Jul-12,11.98,12.05,11.84,11.99,164372
10-Jul-12,12.10,12.19,11.82,11.94,226331
9-Jul-12,12.19,12.25,11.99,12.05,195257
6-Jul-12,12.17,12.34,12.17,12.17,133288
5-Jul-12,12.17,12.48,12.17,12.23,118641
3-Jul-12,12.33,12.36,12.18,12.21,67024
2-Jul-12,12.24,12.49,12.19,12.35,249665
29-Jun-12,12.08,12.46,11.95,12.16,244080
28-Jun-12,11.88,12.09,11.72,11.90,147555
27-Jun-12,11.90,12.00,11.75,11.98,140826
26-Jun-12,11.95,12.00,11.80,11.83,116884
25-Jun-12,11.98,12.00,11.71,11.97,175523
22-Jun-12,11.79,12.10,11.79,12.03,213688
21-Jun-12,11.99,12.00,11.70,11.72,99543
20-Jun-12,11.95,12.09,11.88,11.98,154240
19-Jun-12,11.89,12.04,11.86,11.96,393492
18-Jun-12,11.78,11.85,11.63,11.80,221814
15-Jun-12,11.64,11.96,11.59,11.78,290307
14-Jun-12,11.73,11.78,11.57,11.67,153021
13-Jun-12,11.87,11.92,11.60,11.68,170995
12-Jun-12,11.82,12.00,11.67,11.96,200509
11-Jun-12,12.10,12.10,11.66,11.74,124939
8-Jun-12,11.98,12.10,11.79,12.00,129916
7-Jun-12,12.15,12.15,11.89,11.98,124736
6-Jun-12,11.78,12.14,11.73,12.03,209702
5-Jun-12,11.53,11.75,11.46,11.75,124906
4-Jun-12,11.26,11.65,11.20,11.61,172103
1-Jun-12,11.25,11.35,10.96,11.17,213228
31-May-12,11.27,11.47,11.17,11.41,110472
30-May-12,11.38,11.44,11.15,11.24,79756
29-May-12,11.91,11.98,11.40,11.47,150200
25-May-12,11.74,11.90,11.64,11.88,101229
24-May-12,11.52,11.71,11.52,11.71,111695
23-May-12,11.42,11.59,11.30,11.57,140355
22-May-12,11.52,11.69,11.37,11.47,210961
21-May-12,11.54,11.74,11.39,11.54,203305
18-May-12,11.28,11.70,11.22,11.55,272581
17-May-12,11.46,11.53,11.19,11.21,144610
16-May-12,11.39,11.57,11.34,11.42,146365
15-May-12,11.42,11.51,11.24,11.37,236217
14-May-12,11.52,11.60,11.28,11.40,250929
11-May-12,11.24,11.65,11.24,11.57,302078
10-May-12,11.30,11.52,11.12,11.32,305529
9-May-12,11.10,11.67,11.09,11.42,429148
8-May-12,11.06,11.30,10.94,11.11,724958
7-May-12,13.50,13.55,10.92,11.07,2381508
4-May-12,13.00,14.03,13.00,13.76,861319
3-May-12,13.09,13.20,13.01,13.05,203602
2-May-12,13.04,13.09,12.91,13.09,179657
1-May-12,13.51,13.55,13.04,13.08,406441
30-Apr-12,13.45,13.54,13.19,13.47,366183
27-Apr-12,13.38,13.57,13.38,13.46,250487
26-Apr-12,12.98,13.37,12.97,13.36,162752
25-Apr-12,13.08,13.17,12.88,12.99,208507
24-Apr-12,12.85,13.03,12.81,12.94,146175
23-Apr-12,12.91,13.01,12.70,12.88,144869
20-Apr-12,13.22,13.22,13.02,13.11,268553
19-Apr-12,13.25,13.25,12.79,12.92,277175
18-Apr-12,13.38,13.38,13.15,13.33,308395
17-Apr-12,13.25,13.42,13.18,13.39,158714
16-Apr-12,13.11,13.23,12.93,13.21,191656
13-Apr-12,13.10,13.12,12.90,13.01,232554
12-Apr-12,13.15,13.37,13.11,13.13,190593
11-Apr-12,12.70,13.12,12.59,13.10,249006
10-Apr-12,12.78,12.86,12.43,12.58,234868
9-Apr-12,13.00,13.14,12.68,12.80,246397
5-Apr-12,13.35,13.50,13.09,13.15,554048
4-Apr-12,13.27,13.83,13.21,13.38,553114
3-Apr-12,13.08,13.40,12.98,13.37,428214
2-Apr-12,12.65,13.09,12.56,13.05,561685
30-Mar-12,12.43,12.81,12.36,12.38,402360
29-Mar-12,11.99,12.36,11.97,12.33,170475
28-Mar-12,12.02,12.13,11.90,12.05,142095
27-Mar-12,11.93,12.15,11.81,11.98,300708
26-Mar-12,11.83,11.97,11.77,11.88,158327
23-Mar-12,11.96,12.14,11.68,11.81,254273
22-Mar-12,11.64,11.93,11.56,11.91,181874
21-Mar-12,11.79,11.92,11.56,11.69,133118
20-Mar-12,11.81,11.95,11.60,11.77,137763
19-Mar-12,11.73,11.92,11.65,11.85,110781
16-Mar-12,11.97,11.97,11.65,11.72,257191
15-Mar-12,11.82,11.97,11.57,11.95,110732
14-Mar-12,11.96,12.00,11.68,11.78,89694
13-Mar-12,11.67,11.97,11.54,11.96,182085
12-Mar-12,11.96,12.02,11.50,11.56,299248
9-Mar-12,11.78,12.31,11.68,11.95,459476
8-Mar-12,11.79,11.83,11.57,11.79,141480
7-Mar-12,11.66,11.73,11.46,11.73,93812
6-Mar-12,11.63,11.75,11.49,11.60,138469
5-Mar-12,11.60,11.81,11.41,11.78,202135
2-Mar-12,11.88,12.05,11.59,11.66,359464
1-Mar-12,12.26,12.31,11.99,11.99,123245
29-Feb-12,12.54,12.71,12.17,12.18,254439
28-Feb-12,12.37,12.53,12.32,12.49,152138
27-Feb-12,12.40,12.47,12.26,12.34,141762
24-Feb-12,12.62,12.68,12.36,12.44,219040
23-Feb-12,12.30,12.66,12.14,12.63,272861
22-Feb-12,12.04,12.30,12.01,12.24,231922
21-Feb-12,12.08,12.13,12.01,12.07,224038
17-Feb-12,11.75,12.00,11.74,12.00,223239
16-Feb-12,11.73,11.73,11.27,11.69,261817
15-Feb-12,12.07,12.23,11.58,11.67,184680
14-Feb-12,11.97,12.09,11.91,11.97,275300
13-Feb-12,12.25,12.35,12.00,12.13,175575
10-Feb-12,12.04,12.18,11.99,12.08,109992
9-Feb-12,12.19,12.28,12.00,12.12,112141
8-Feb-12,12.23,12.25,12.10,12.11,177037
7-Feb-12,12.33,12.44,12.25,12.34,268897
6-Feb-12,12.62,12.67,12.33,12.36,170448
3-Feb-12,12.83,12.87,12.61,12.62,415227
2-Feb-12,12.62,12.62,12.62,12.62,0
1-Feb-12,12.53,12.58,12.27,12.52,336961
31-Jan-12,12.58,12.63,12.45,12.48,417833
30-Jan-12,12.21,12.58,12.17,12.54,339690
27-Jan-12,12.05,12.15,12.00,12.08,182566
26-Jan-12,12.28,12.32,12.00,12.10,303977
25-Jan-12,12.38,12.38,12.38,12.38,0
24-Jan-12,12.30,13.11,12.25,12.62,811301
23-Jan-12,13.00,13.67,12.30,12.51,2009334
20-Jan-12,11.11,11.36,11.03,11.27,279045
19-Jan-12,11.05,11.10,10.96,11.08,198328
18-Jan-12,10.95,11.00,10.83,11.00,186443
17-Jan-12,10.86,10.86,10.86,10.86,0
13-Jan-12,10.82,10.82,10.82,10.82,0
12-Jan-12,10.58,10.58,10.58,10.58,0
11-Jan-12,10.51,10.64,10.41,10.55,165262
10-Jan-12,10.68,10.80,10.48,10.51,162570
9-Jan-12,10.49,10.49,10.49,10.49,0
6-Jan-12,10.35,10.54,10.03,10.45,127312
5-Jan-12,10.17,10.51,10.08,10.34,142095
4-Jan-12,10.41,10.41,10.15,10.17,130653
3-Jan-12,10.43,10.43,10.43,10.43,0
30-Dec-11,10.38,10.38,10.38,10.38,0
29-Dec-11,10.01,10.29,10.01,10.28,127992
28-Dec-11,10.22,10.23,10.00,10.01,319742
27-Dec-11,10.08,10.25,9.95,10.25,86205
23-Dec-11,10.12,10.12,10.12,10.12,0
22-Dec-11,10.11,10.18,9.87,10.16,136884
21-Dec-11,10.08,10.15,9.94,10.11,142538
20-Dec-11,9.71,10.13,9.71,10.11,225074
19-Dec-11,9.87,10.04,9.53,9.57,145948
16-Dec-11,9.98,10.15,9.75,9.84,447814
15-Dec-11,9.74,9.93,9.62,9.91,170142
14-Dec-11,9.80,9.85,9.40,9.68,317458
13-Dec-11,10.12,10.20,9.92,9.95,272686
12-Dec-11,9.65,10.06,9.57,10.05,242171
9-Dec-11,9.32,9.87,9.30,9.76,493491
8-Dec-11,9.58,9.58,9.58,9.58,0
7-Dec-11,9.23,9.42,9.10,9.34,207910
6-Dec-11,9.24,9.24,9.24,9.24,0
5-Dec-11,9.34,9.34,9.01,9.17,192578
2-Dec-11,9.29,9.40,9.12,9.24,140350
1-Dec-11,9.30,9.50,9.21,9.23,202906
30-Nov-11,9.38,9.38,9.23,9.32,383755
29-Nov-11,9.18,9.28,9.07,9.17,101184
28-Nov-11,9.18,9.18,9.18,9.18,0
25-Nov-11,9.06,9.14,8.91,8.96,140260
23-Nov-11,9.06,9.06,9.06,9.06,0
22-Nov-11,9.19,9.21,9.01,9.10,104372
21-Nov-11,9.29,9.37,9.07,9.18,143607
18-Nov-11,9.49,9.51,9.35,9.38,123409
17-Nov-11,9.50,9.54,9.38,9.43,104465
16-Nov-11,9.65,9.72,9.46,9.49,103995
15-Nov-11,9.52,9.52,9.52,9.52,0
14-Nov-11,9.69,9.75,9.43,9.54,169665
11-Nov-11,9.71,9.78,9.66,9.74,106324
10-Nov-11,9.74,9.74,9.58,9.60,98697
9-Nov-11,9.68,9.78,9.58,9.60,154870
8-Nov-11,9.85,9.97,9.62,9.90,404986
7-Nov-11,9.90,9.99,9.80,9.88,190142
4-Nov-11,9.88,10.04,9.81,9.95,152645
3-Nov-11,9.96,10.02,9.70,9.99,254816
2-Nov-11,9.79,9.94,9.69,9.89,138234
1-Nov-11,9.88,9.88,9.88,9.88,0
31-Oct-11,10.14,10.22,9.94,9.97,221872
28-Oct-11,10.56,10.75,10.27,10.29,197256
27-Oct-11,10.49,10.49,10.49,10.49,0
26-Oct-11,10.07,10.29,9.93,10.06,418914
25-Oct-11,10.19,10.19,10.19,10.19,0
24-Oct-11,9.30,10.20,9.30,9.62,1081166
21-Oct-11,9.41,9.49,9.20,9.29,152749
20-Oct-11,9.26,9.42,9.04,9.29,112781
19-Oct-11,9.34,9.45,9.20,9.27,125008
18-Oct-11,9.29,9.42,9.05,9.35,320300
17-Oct-11,9.58,9.77,9.28,9.31,123302
14-Oct-11,9.57,9.65,9.44,9.63,110992
13-Oct-11,9.32,9.49,9.28,9.47,94209
12-Oct-11,9.38,9.38,9.38,9.38,0
11-Oct-11,9.34,9.43,9.23,9.39,181409
10-Oct-11,9.34,9.34,9.34,9.34,0
7-Oct-11,9.60,9.63,9.08,9.11,227768
6-Oct-11,9.56,9.56,9.56,9.56,0
5-Oct-11,9.20,9.33,9.09,9.24,194179
4-Oct-11,8.90,8.90,8.90,8.90,0
3-Oct-11,8.91,9.32,8.56,8.57,306918
30-Sep-11,9.03,9.35,8.98,9.00,173922
29-Sep-11,9.19,9.24,8.80,9.16,169839
