Date,Open,High,Low,Close,Volume
27-Sep-12,41.38,41.86,41.02,41.86,7790447
26-Sep-12,40.28,41.16,39.90,40.95,9404077
25-Sep-12,41.99,42.28,40.93,40.95,8610108
24-Sep-12,42.18,42.50,41.25,41.31,9036287
21-Sep-12,42.95,43.19,42.35,42.86,13212781
20-Sep-12,42.25,42.48,41.89,42.46,7938243
19-Sep-12,42.35,42.94,42.08,42.74,9207365
18-Sep-12,41.96,42.29,41.67,42.05,11608371
17-Sep-12,42.49,42.76,41.58,42.17,9019108
14-Sep-12,42.23,42.75,42.09,42.38,12663252
13-Sep-12,39.70,41.67,38.97,41.63,14619654
12-Sep-12,39.84,39.88,38.64,39.71,8799910
11-Sep-12,39.84,40.00,39.26,39.46,6052752
10-Sep-12,40.09,40.28,39.31,39.38,5707581
7-Sep-12,39.97,40.48,39.67,40.16,10266409
6-Sep-12,38.62,39.00,38.17,39.00,8160516
5-Sep-12,38.24,38.30,37.25,38.09,5935582
4-Sep-12,38.05,38.74,37.95,38.25,6168799
31-Aug-12,37.42,38.68,37.15,38.52,10514805
30-Aug-12,37.04,37.39,36.80,37.09,5499515
29-Aug-12,37.67,37.67,36.91,37.08,6792790
28-Aug-12,37.66,38.15,37.56,37.73,6614933
27-Aug-12,37.81,37.97,37.37,37.48,5018565
24-Aug-12,37.94,38.22,37.61,37.78,6607548
23-Aug-12,38.07,38.30,37.55,38.04,13793648
22-Aug-12,37.01,37.70,36.37,37.63,8993458
21-Aug-12,37.30,37.80,36.75,36.90,10331741
20-Aug-12,36.11,36.52,35.70,36.44,6430830
17-Aug-12,36.15,36.40,35.50,35.98,1452956
16-Aug-12,35.03,36.10,34.95,36.07,1976642
15-Aug-12,34.12,34.74,34.09,34.69,1187128
14-Aug-12,34.03,34.44,33.93,34.14,874592
13-Aug-12,34.71,35.15,34.10,34.22,1097446
10-Aug-12,34.17,34.61,33.86,34.59,1275128
9-Aug-12,33.93,34.36,33.65,34.14,864477
8-Aug-12,34.14,34.70,33.69,33.78,1412765
7-Aug-12,33.69,34.15,33.53,34.03,1318517
6-Aug-12,33.01,33.83,32.85,33.36,1155459
3-Aug-12,32.75,32.99,32.44,32.75,1924746
2-Aug-12,32.36,33.03,32.00,32.14,8037755
1-Aug-12,32.80,33.19,31.48,32.48,9008236
31-Jul-12,33.21,33.50,32.73,32.88,7349387
30-Jul-12,32.45,33.18,32.33,33.06,8386473
27-Jul-12,32.96,32.98,31.84,32.35,13233126
26-Jul-12,31.57,33.06,31.00,32.73,26772222
25-Jul-12,33.84,34.47,33.33,33.80,9380026
24-Jul-12,34.13,34.13,32.88,33.11,9097830
23-Jul-12,34.02,34.07,33.51,33.61,6884136
20-Jul-12,34.74,35.04,34.43,34.57,6510596
19-Jul-12,34.74,35.23,34.43,34.77,8501968
18-Jul-12,34.41,34.72,33.95,34.31,7313727
17-Jul-12,34.81,34.94,33.97,34.65,6766781
16-Jul-12,35.06,35.10,34.47,34.87,7061231
13-Jul-12,34.84,35.19,34.52,34.84,7269712
12-Jul-12,34.54,34.76,33.67,34.56,13024944
11-Jul-12,35.57,35.67,34.47,34.95,12925232
10-Jul-12,36.82,37.05,35.37,35.63,7727861
9-Jul-12,36.90,37.09,36.22,36.63,6007513
6-Jul-12,37.38,37.95,36.85,36.86,7411540
5-Jul-12,38.27,38.41,37.88,38.10,9722326
3-Jul-12,38.47,39.00,38.20,38.71,5209442
2-Jul-12,37.63,37.91,37.08,37.45,4355507
29-Jun-12,37.66,37.77,36.87,37.57,9028671
28-Jun-12,36.20,36.30,35.55,36.23,7509952
27-Jun-12,36.97,37.03,36.22,36.58,7499517
26-Jun-12,37.79,38.14,36.58,36.92,8733849
25-Jun-12,37.72,38.62,37.22,38.24,8594283
22-Jun-12,38.47,38.90,37.46,37.92,8444425
21-Jun-12,39.49,39.61,38.28,38.29,7832006
20-Jun-12,39.89,40.91,39.55,40.32,12683842
19-Jun-12,40.27,40.46,39.70,40.28,9144535
18-Jun-12,39.15,40.23,38.97,40.19,10070067
15-Jun-12,39.12,39.51,38.73,39.51,19719071
14-Jun-12,38.87,39.02,38.09,38.99,9463703
13-Jun-12,39.01,39.05,38.20,38.47,9482347
12-Jun-12,38.75,39.20,38.04,38.54,9812427
11-Jun-12,39.30,39.36,38.27,38.31,7423727
8-Jun-12,38.26,39.38,38.08,39.03,7119701
7-Jun-12,40.28,40.36,38.07,38.78,17367783
6-Jun-12,42.97,43.30,40.06,40.45,19617925
5-Jun-12,42.06,42.20,41.67,42.05,6835834
4-Jun-12,41.91,42.18,40.93,42.15,12353304
1-Jun-12,40.20,42.15,40.03,41.91,17476156
31-May-12,39.00,39.62,38.54,39.06,9468139
30-May-12,38.35,39.83,37.91,39.07,7208896
29-May-12,40.18,40.37,38.49,38.93,7094577
25-May-12,39.73,40.21,39.45,40.00,5458081
24-May-12,39.82,40.39,38.92,39.51,14729643
23-May-12,37.10,39.60,36.89,39.60,13608855
22-May-12,38.02,38.64,37.31,37.62,10192096
21-May-12,37.14,38.30,37.03,38.16,4883860
18-May-12,38.11,38.75,36.93,37.12,10651992
17-May-12,35.56,37.66,35.56,37.41,15911215
16-May-12,35.14,36.19,34.82,35.24,11590843
15-May-12,36.63,36.68,34.86,34.99,11164245
14-May-12,36.62,37.46,36.10,36.53,7042405
11-May-12,37.47,37.82,37.00,37.04,6002517
10-May-12,38.09,38.24,37.39,37.77,7738477
9-May-12,36.04,38.30,35.61,37.62,12717568
8-May-12,37.27,37.40,36.20,36.72,9743874
7-May-12,38.02,38.31,37.36,37.94,6731916
4-May-12,37.95,38.50,37.84,37.89,7726146
3-May-12,38.90,38.98,37.45,37.98,11681820
2-May-12,39.80,39.85,39.12,39.36,8935884
1-May-12,40.58,40.76,40.10,40.44,4656888
30-Apr-12,40.39,40.59,39.75,40.43,6106200
27-Apr-12,40.39,40.69,40.13,40.66,5703773
26-Apr-12,39.96,40.21,39.59,39.94,8733436
25-Apr-12,39.95,40.11,39.38,39.97,9113839
24-Apr-12,40.03,40.09,39.32,39.61,4558984
23-Apr-12,39.71,39.78,38.46,39.69,9194154
20-Apr-12,41.24,41.26,40.22,40.26,8213024
19-Apr-12,41.34,41.48,40.81,40.95,5584757
18-Apr-12,41.02,41.59,40.76,41.09,6349008
17-Apr-12,41.02,41.72,40.67,41.31,5312972
16-Apr-12,41.58,41.91,40.78,40.81,6254176
13-Apr-12,42.13,42.14,41.32,41.61,5739889
12-Apr-12,41.23,42.44,41.00,42.20,6747041
11-Apr-12,41.87,41.87,40.98,41.04,5168831
10-Apr-12,41.03,41.75,40.71,41.48,9793196
9-Apr-12,41.00,41.62,40.83,40.93,8061394
5-Apr-12,41.43,41.58,40.41,40.73,9032924
4-Apr-12,42.15,42.48,40.46,41.31,14841136
3-Apr-12,44.26,44.34,42.48,42.94,9368257
2-Apr-12,43.68,44.50,43.51,44.21,6732317
30-Mar-12,43.72,43.74,42.94,43.48,6551228
29-Mar-12,43.04,43.14,42.20,43.13,9074290
28-Mar-12,43.68,43.77,42.77,43.15,7779633
27-Mar-12,44.79,44.87,43.78,43.80,6565425
26-Mar-12,44.75,44.81,43.95,44.49,7311014
23-Mar-12,43.35,43.98,43.09,43.76,6707593
22-Mar-12,42.89,43.37,42.50,43.08,6964051
21-Mar-12,44.23,44.23,43.50,43.63,7824277
20-Mar-12,43.16,43.91,42.53,43.79,9013430
19-Mar-12,44.03,44.40,43.55,43.64,8054569
16-Mar-12,43.47,44.10,43.39,43.95,16757142
15-Mar-12,43.33,44.48,43.05,43.85,12352383
14-Mar-12,44.71,44.73,42.72,43.32,22561188
13-Mar-12,45.50,46.01,45.05,45.35,6943481
12-Mar-12,45.53,45.86,45.23,45.63,3719508
9-Mar-12,45.71,46.19,45.43,45.81,7563472
8-Mar-12,46.32,46.40,45.70,46.05,5574807
7-Mar-12,45.93,45.95,45.20,45.80,5986621
6-Mar-12,45.93,45.94,45.14,45.73,7738811
5-Mar-12,47.24,47.24,46.33,46.76,7063527
2-Mar-12,47.82,47.98,47.11,47.42,5467519
1-Mar-12,47.88,48.59,47.44,48.04,6271719
29-Feb-12,49.53,49.90,47.48,47.73,13750010
28-Feb-12,48.88,49.67,48.57,49.46,6200669
27-Feb-12,49.02,49.11,48.33,48.51,5162121
24-Feb-12,49.44,49.55,48.56,48.86,5879944
23-Feb-12,49.68,50.02,49.20,49.58,6605461
22-Feb-12,48.40,49.65,47.91,49.44,8231864
21-Feb-12,47.78,48.55,47.53,48.45,6246877
17-Feb-12,48.48,48.49,46.88,47.03,7232744
16-Feb-12,46.66,48.38,45.89,48.17,10172211
15-Feb-12,48.19,48.20,47.38,47.43,5469239
14-Feb-12,48.16,48.26,47.10,47.61,7176924
13-Feb-12,48.42,48.52,47.60,48.03,4334998
10-Feb-12,48.31,48.42,47.71,48.15,6284045
9-Feb-12,49.62,49.85,48.80,49.00,4801454
8-Feb-12,49.40,49.83,48.86,49.07,4937856
7-Feb-12,49.21,50.00,48.51,49.28,6899803
6-Feb-12,48.50,49.61,48.43,49.17,6006540
3-Feb-12,49.23,49.37,48.46,49.07,9947558
2-Feb-12,49.66,50.39,49.37,49.83,5884036
1-Feb-12,49.94,49.97,49.04,49.26,5872634
31-Jan-12,49.95,50.23,48.76,49.26,6715465
30-Jan-12,48.46,49.56,48.28,49.18,5256821
27-Jan-12,48.79,49.90,48.76,49.51,8239148
26-Jan-12,49.47,49.89,48.61,48.86,12249259
25-Jan-12,45.46,48.74,45.20,48.41,12864479
24-Jan-12,46.15,46.28,45.30,45.48,6933489
23-Jan-12,46.13,46.97,46.12,46.95,9694044
20-Jan-12,46.39,47.03,45.31,45.83,14123404
19-Jan-12,47.59,54.08,45.97,46.46,9693856
18-Jan-12,47.92,48.36,47.52,47.95,5821886
17-Jan-12,48.63,48.94,47.41,48.00,7000111
13-Jan-12,48.34,48.34,48.34,48.34,0
12-Jan-12,48.88,49.51,48.36,48.81,4034233
11-Jan-12,48.43,48.95,47.96,48.77,4169596
10-Jan-12,48.59,48.89,48.28,48.33,6594267
9-Jan-12,47.72,48.03,47.25,47.71,3958517
6-Jan-12,48.30,48.30,47.27,47.54,4527321
5-Jan-12,47.72,48.52,47.42,48.02,5800949
4-Jan-12,47.48,48.49,47.33,48.22,8905381
3-Jan-12,46.27,47.77,46.20,47.51,9011195
30-Dec-11,45.25,45.25,45.25,45.25,0
29-Dec-11,43.89,45.24,43.72,45.18,4910641
28-Dec-11,45.59,45.75,44.00,44.24,6032811
27-Dec-11,45.79,46.09,45.33,45.50,2519479
23-Dec-11,46.02,46.02,46.02,46.02,0
22-Dec-11,46.13,46.28,45.30,45.89,8772609
21-Dec-11,46.64,46.73,45.81,46.28,6149978
20-Dec-11,45.70,46.48,45.55,46.09,7736586
19-Dec-11,45.09,45.28,44.22,44.60,7744221
16-Dec-11,44.70,45.79,44.57,44.93,10802808
15-Dec-11,44.99,45.50,44.12,44.19,8796662
14-Dec-11,45.53,45.81,44.14,44.67,14063066
13-Dec-11,47.85,48.80,46.23,46.65,8434252
12-Dec-11,48.51,48.53,47.27,47.88,7740503
9-Dec-11,49.58,50.08,49.11,49.81,5410209
8-Dec-11,50.36,50.57,49.30,49.59,5546896
7-Dec-11,51.19,51.38,50.60,51.18,4820742
6-Dec-11,49.95,51.81,49.76,51.20,6114402
5-Dec-11,50.54,51.78,49.92,50.27,8265144
2-Dec-11,53.02,53.14,50.91,51.02,7713114
1-Dec-11,52.55,53.00,52.10,52.81,5495280
30-Nov-11,51.85,52.90,51.54,52.88,8190375
29-Nov-11,49.25,50.29,49.22,49.93,4821778
28-Nov-11,49.72,50.42,49.29,49.54,6277181
25-Nov-11,47.40,48.58,47.40,47.59,2423721
23-Nov-11,47.96,47.96,47.96,47.96,0
22-Nov-11,48.46,49.65,48.36,49.06,5565338
21-Nov-11,48.29,48.34,47.34,48.09,7551172
18-Nov-11,49.49,50.21,48.71,48.84,6442321
17-Nov-11,50.86,51.12,49.20,49.28,7370234
16-Nov-11,51.70,52.43,51.30,51.46,4443282
15-Nov-11,52.04,52.63,51.62,52.30,4378474
14-Nov-11,52.73,53.14,51.80,52.23,4718068
11-Nov-11,51.81,53.21,51.62,53.17,5218356
10-Nov-11,51.19,51.73,50.10,51.10,6571077
9-Nov-11,51.76,52.98,51.10,51.15,13108215
8-Nov-11,52.27,53.26,52.02,52.06,7551761
7-Nov-11,51.93,52.88,51.80,52.81,4934069
4-Nov-11,51.36,51.88,50.49,51.42,4576552
3-Nov-11,51.38,52.04,50.72,52.03,7138574
2-Nov-11,50.04,51.48,49.93,50.52,8795113
1-Nov-11,47.72,49.90,47.19,49.32,8432879
31-Oct-11,50.08,50.25,49.45,49.50,6422433
28-Oct-11,49.09,50.99,48.80,50.85,9013940
27-Oct-11,48.64,49.54,47.69,48.91,14545316
26-Oct-11,47.90,48.35,47.09,47.85,9365226
25-Oct-11,46.33,47.90,45.60,47.20,8685321
24-Oct-11,45.25,46.44,45.19,46.28,6886778
21-Oct-11,45.55,45.55,44.08,44.59,7426557
20-Oct-11,44.59,44.63,43.12,44.33,11497898
19-Oct-11,47.45,47.45,44.64,44.80,11010604
18-Oct-11,46.48,47.42,45.30,47.12,8544046
17-Oct-11,48.15,48.25,47.03,47.20,3665654
14-Oct-11,47.61,48.28,47.30,48.24,4554422
13-Oct-11,47.66,47.71,46.49,47.00,5409471
12-Oct-11,48.64,48.73,47.82,48.19,5691082
11-Oct-11,47.82,48.08,47.07,47.85,4175476
10-Oct-11,47.62,48.00,47.00,47.95,4294671
7-Oct-11,48.53,48.62,46.29,46.64,5677059
6-Oct-11,46.42,47.78,45.74,47.72,8525044
5-Oct-11,44.20,46.40,44.15,46.27,8415084
4-Oct-11,45.15,45.52,42.89,44.61,12271250
3-Oct-11,47.24,47.63,46.17,46.21,6940238
30-Sep-11,45.90,47.60,45.61,46.65,7160645
