Date,Open,High,Low,Close,Volume
27-Sep-12,40.19,41.39,40.11,41.31,3004085
26-Sep-12,40.40,40.66,39.40,40.14,3116994
25-Sep-12,41.20,41.58,40.24,40.32,2599284
24-Sep-12,41.54,41.69,40.84,41.00,1633828
21-Sep-12,41.87,42.17,41.53,41.62,3464370
20-Sep-12,40.40,42.33,40.19,41.91,3781483
19-Sep-12,40.28,41.17,40.26,40.55,2165217
18-Sep-12,41.11,41.20,40.00,40.36,4239490
17-Sep-12,41.84,41.94,41.07,41.29,5802636
14-Sep-12,40.59,42.00,40.40,41.97,3728252
13-Sep-12,39.93,40.08,38.79,39.75,3445638
12-Sep-12,40.35,40.79,39.89,40.00,3053156
11-Sep-12,39.87,40.37,39.61,40.02,2822114
10-Sep-12,39.64,40.04,39.43,39.57,2371976
7-Sep-12,39.39,40.13,39.39,39.53,2366606
6-Sep-12,39.42,40.31,39.17,39.42,3184532
5-Sep-12,40.22,40.39,39.14,39.21,2306970
4-Sep-12,40.46,40.56,39.30,40.10,2252756
31-Aug-12,40.61,40.68,39.56,40.29,2296994
30-Aug-12,39.50,40.60,39.48,40.38,2021640
29-Aug-12,40.50,40.50,39.68,39.87,1600667
28-Aug-12,39.90,40.87,39.90,40.39,2783598
27-Aug-12,39.28,40.31,39.14,39.97,2373928
24-Aug-12,38.70,39.28,38.33,38.99,1126350
23-Aug-12,39.46,39.46,38.04,38.78,2262168
22-Aug-12,39.71,40.00,39.28,39.78,1378149
21-Aug-12,40.49,40.72,39.66,39.87,1651194
20-Aug-12,39.97,40.29,39.65,40.07,1834792
17-Aug-12,40.50,40.56,39.77,39.87,487309
16-Aug-12,40.03,40.56,39.41,40.50,504616
15-Aug-12,40.32,40.43,39.76,39.92,492986
14-Aug-12,39.88,40.96,39.79,40.32,574883
13-Aug-12,38.59,39.79,38.33,39.59,419990
10-Aug-12,38.70,38.74,38.01,38.48,532663
9-Aug-12,39.20,39.51,38.79,39.00,541494
8-Aug-12,39.42,39.87,38.93,39.20,749517
7-Aug-12,39.87,40.20,39.18,39.42,790818
6-Aug-12,38.86,39.99,38.84,39.40,646993
3-Aug-12,37.81,38.64,37.27,38.41,516886
2-Aug-12,36.87,38.00,36.60,37.24,3759680
1-Aug-12,37.62,37.90,34.50,37.15,8327304
31-Jul-12,36.64,37.58,36.64,37.39,2152552
30-Jul-12,36.40,37.13,36.23,36.88,2108578
27-Jul-12,35.43,36.85,35.15,36.43,2367382
26-Jul-12,34.81,35.36,34.21,35.19,2604804
25-Jul-12,34.56,34.69,33.92,34.54,2092818
24-Jul-12,35.29,35.35,34.01,34.49,2175788
23-Jul-12,35.54,35.79,34.67,35.55,3184764
20-Jul-12,36.05,36.72,35.70,36.13,2291833
19-Jul-12,38.05,38.06,36.24,36.54,3165771
18-Jul-12,37.85,38.29,37.66,37.73,2476568
17-Jul-12,37.55,38.40,37.35,37.85,2448346
16-Jul-12,36.89,37.46,36.69,37.38,1546242
13-Jul-12,36.06,37.06,36.06,36.87,2453352
12-Jul-12,35.28,36.19,35.00,36.05,2505161
11-Jul-12,35.75,36.39,35.39,35.73,2793542
10-Jul-12,36.75,36.75,35.35,35.68,2163817
9-Jul-12,36.40,36.70,36.01,36.41,2149398
6-Jul-12,36.19,36.85,36.15,36.43,1631467
5-Jul-12,36.96,37.24,36.11,36.70,2891564
3-Jul-12,36.15,37.31,36.00,36.97,2823562
2-Jul-12,35.72,36.00,35.16,35.69,3599330
29-Jun-12,34.99,36.10,34.99,35.43,5953106
28-Jun-12,33.25,34.20,33.22,33.99,3242017
27-Jun-12,32.89,33.77,32.28,33.60,2762716
26-Jun-12,32.39,33.07,32.22,32.71,2387030
25-Jun-12,32.11,32.74,31.85,32.28,2335249
22-Jun-12,32.11,33.03,31.81,32.57,7147923
21-Jun-12,33.77,33.80,31.68,31.80,5086430
20-Jun-12,33.63,34.49,33.42,33.67,3966273
19-Jun-12,32.59,33.69,32.37,33.53,3658651
18-Jun-12,32.15,33.19,31.76,32.32,3464291
15-Jun-12,32.04,32.86,31.90,32.59,2550692
14-Jun-12,31.83,32.40,31.50,32.06,2276271
13-Jun-12,31.76,32.29,31.44,31.70,2003280
12-Jun-12,31.57,32.51,31.49,31.88,4660073
11-Jun-12,31.75,31.89,30.80,31.02,3847012
8-Jun-12,30.44,31.50,30.18,31.35,2835816
7-Jun-12,31.52,32.24,30.66,30.75,2598901
6-Jun-12,30.02,31.08,30.00,31.05,2872390
5-Jun-12,28.48,29.95,28.30,29.75,3002777
4-Jun-12,29.57,30.07,28.30,28.57,4195907
1-Jun-12,28.87,30.08,28.87,29.68,3758544
31-May-12,30.32,30.47,29.12,29.48,9459437
30-May-12,30.00,30.71,29.27,30.38,3073899
29-May-12,30.67,30.94,30.05,30.33,3756269
25-May-12,30.26,30.69,29.98,30.34,2785187
24-May-12,30.16,30.47,29.86,30.20,3407334
23-May-12,29.24,30.55,29.00,30.50,2877956
22-May-12,30.31,30.67,29.05,29.49,10294260
21-May-12,28.32,30.54,28.22,30.22,3873069
18-May-12,29.23,29.60,28.08,28.20,3820651
17-May-12,29.64,30.09,29.05,29.07,3232279
16-May-12,28.40,29.95,28.40,29.57,4094399
15-May-12,28.92,29.67,28.05,28.36,3638693
14-May-12,29.40,29.55,28.43,28.90,3893283
11-May-12,29.98,30.75,29.73,29.85,2651160
10-May-12,30.30,30.60,29.98,30.28,2185998
9-May-12,28.71,30.19,28.45,30.11,3251111
8-May-12,28.52,29.24,28.23,29.19,3585808
7-May-12,29.21,29.43,28.50,28.68,3860580
4-May-12,29.89,30.20,29.28,29.51,3539387
3-May-12,30.60,30.81,29.92,30.27,3637815
2-May-12,30.44,30.66,30.02,30.61,2509778
1-May-12,30.91,31.43,30.52,30.58,2816396
30-Apr-12,32.13,32.15,30.46,30.82,3406879
27-Apr-12,30.94,31.91,30.80,31.70,3340057
26-Apr-12,29.91,30.77,29.76,30.63,2177428
25-Apr-12,30.10,30.20,29.30,29.95,2670363
24-Apr-12,29.95,30.24,29.71,29.78,2197953
23-Apr-12,29.30,30.03,28.96,30.00,2805202
20-Apr-12,30.31,30.46,29.68,29.75,3590438
19-Apr-12,29.30,30.26,29.25,30.21,4800210
18-Apr-12,28.60,29.32,28.44,29.23,3004203
17-Apr-12,28.67,29.00,28.30,28.77,3557847
16-Apr-12,30.32,30.32,28.29,28.38,5099637
13-Apr-12,30.47,30.65,29.99,30.04,4687058
12-Apr-12,29.74,31.11,29.65,30.52,2567582
11-Apr-12,30.06,30.25,29.46,29.57,4416427
10-Apr-12,31.41,31.47,29.39,29.58,5071347
9-Apr-12,31.10,31.75,30.68,31.54,2083230
5-Apr-12,32.19,32.67,30.83,31.48,4378616
4-Apr-12,32.30,33.11,31.88,32.39,3975962
3-Apr-12,32.32,32.76,31.72,32.53,4266914
2-Apr-12,32.00,32.71,31.41,32.24,2762069
30-Mar-12,32.33,32.60,31.70,32.15,2854280
29-Mar-12,31.49,32.17,31.08,32.02,4775821
28-Mar-12,33.30,33.31,31.90,32.21,3741968
27-Mar-12,34.04,34.08,32.72,33.36,4385105
26-Mar-12,34.26,34.73,33.85,34.16,2362111
23-Mar-12,33.96,34.69,33.91,34.45,3338962
22-Mar-12,34.48,34.69,33.64,33.95,3073735
21-Mar-12,35.63,35.90,34.85,34.89,2146584
20-Mar-12,35.50,35.83,35.01,35.63,3240264
19-Mar-12,35.79,36.43,35.40,35.99,2632235
16-Mar-12,35.40,36.00,35.05,35.93,3754577
15-Mar-12,35.24,35.69,34.63,35.21,3452146
14-Mar-12,36.14,36.34,34.82,35.18,3659237
13-Mar-12,35.80,36.45,35.60,35.95,2948307
12-Mar-12,35.95,35.96,35.19,35.50,1619275
9-Mar-12,35.42,36.15,34.79,35.88,3789993
8-Mar-12,33.82,35.51,33.65,35.36,4119598
7-Mar-12,33.22,34.07,32.70,33.39,4434142
6-Mar-12,33.61,33.62,32.75,33.07,2715243
5-Mar-12,33.27,34.25,32.85,34.14,4758446
2-Mar-12,33.39,33.85,33.00,33.28,4407793
1-Mar-12,32.52,33.88,31.88,33.60,4165862
29-Feb-12,32.14,33.37,32.03,32.63,4407247
28-Feb-12,33.08,33.08,30.98,31.86,8420885
27-Feb-12,33.65,34.09,33.08,33.14,6947105
24-Feb-12,35.31,35.36,33.82,33.89,3259246
23-Feb-12,35.35,35.58,34.65,35.20,2719572
22-Feb-12,34.50,35.67,34.25,35.28,4585757
21-Feb-12,33.55,34.72,33.55,34.38,3543245
17-Feb-12,34.59,34.74,33.02,33.21,3756554
16-Feb-12,34.01,35.70,33.53,34.45,4139681
15-Feb-12,34.44,34.60,33.87,34.05,4196250
14-Feb-12,33.13,34.24,32.75,34.10,5275532
13-Feb-12,34.05,34.28,32.40,32.52,4934457
10-Feb-12,33.80,34.07,33.35,33.60,2924851
9-Feb-12,34.59,35.07,33.64,34.25,4048070
8-Feb-12,33.30,34.51,32.93,34.48,5403650
7-Feb-12,32.83,33.48,32.06,33.15,4894881
6-Feb-12,32.39,32.97,32.11,32.81,3012957
3-Feb-12,32.08,32.78,32.00,32.43,4673074
2-Feb-12,30.58,31.66,30.45,31.52,4297855
1-Feb-12,29.70,30.53,29.70,30.42,3324820
31-Jan-12,30.14,30.15,29.23,29.34,3292954
30-Jan-12,29.35,30.02,29.05,29.91,2276049
27-Jan-12,28.89,30.03,28.81,29.74,2879724
26-Jan-12,29.62,29.62,28.16,28.90,3123043
25-Jan-12,28.83,29.50,28.58,29.35,2292884
24-Jan-12,28.52,28.83,28.28,28.80,2523367
23-Jan-12,28.26,28.91,28.20,28.75,2475014
20-Jan-12,28.05,28.49,27.88,28.17,1829562
19-Jan-12,28.27,28.30,27.31,28.07,2487572
18-Jan-12,27.84,28.26,27.61,28.04,3681844
17-Jan-12,27.65,27.95,27.50,27.75,2610445
13-Jan-12,27.31,27.31,27.31,27.31,0
12-Jan-12,26.44,27.15,26.21,26.81,2808922
11-Jan-12,25.84,26.55,25.78,26.43,2555202
10-Jan-12,26.32,26.50,25.84,26.06,2383386
9-Jan-12,26.76,26.81,25.73,25.88,3644560
6-Jan-12,26.07,26.93,25.77,26.82,3854171
5-Jan-12,25.10,26.17,24.75,26.01,6054546
4-Jan-12,25.40,26.31,24.88,26.07,7134142
3-Jan-12,24.01,25.40,23.96,25.24,4225739
30-Dec-11,23.40,23.40,23.40,23.40,0
29-Dec-11,23.04,23.30,22.75,23.20,1447804
28-Dec-11,23.77,24.00,22.84,23.06,2294625
27-Dec-11,23.35,23.74,22.81,23.68,1549109
23-Dec-11,23.34,23.34,23.34,23.34,0
22-Dec-11,22.68,23.22,22.68,23.09,5540766
21-Dec-11,22.46,22.81,22.06,22.76,1922667
20-Dec-11,22.34,22.72,22.14,22.60,2524556
19-Dec-11,22.31,22.49,21.78,21.94,2643360
16-Dec-11,22.34,23.19,22.20,22.51,6223954
15-Dec-11,22.13,22.28,21.59,21.93,4358189
14-Dec-11,21.65,22.02,21.13,21.88,3432429
13-Dec-11,22.36,22.53,21.55,21.80,2803231
8-Dec-11,23.18,23.25,21.81,21.97,3472889
7-Dec-11,23.41,23.55,23.00,23.32,2550123
6-Dec-11,23.86,24.07,23.27,23.56,3887069
5-Dec-11,25.03,25.14,23.77,23.92,3836295
2-Dec-11,24.23,25.06,24.10,24.47,4373029
1-Dec-11,23.26,23.78,23.23,23.43,2447110
30-Nov-11,23.42,23.83,22.72,23.25,3700617
29-Nov-11,22.50,22.84,22.09,22.63,3379784
28-Nov-11,22.82,22.99,22.29,22.50,2681360
25-Nov-11,21.78,22.36,21.63,21.74,1037705
23-Nov-11,22.40,22.40,22.40,22.40,0
22-Nov-11,24.55,24.66,23.05,24.04,4791155
21-Nov-11,23.98,24.90,23.50,24.17,4438488
18-Nov-11,24.25,24.67,23.68,24.38,4270362
17-Nov-11,25.26,25.26,23.75,23.93,7346938
16-Nov-11,25.34,26.40,24.31,24.82,15327437
15-Nov-11,28.04,28.60,27.43,27.58,6579464
14-Nov-11,27.54,28.31,27.00,27.50,7907749
11-Nov-11,30.82,30.87,28.06,28.47,6534914
10-Nov-11,31.03,31.32,27.84,29.77,8688961
9-Nov-11,31.91,32.06,30.25,30.47,5386698
8-Nov-11,33.87,33.87,32.04,32.57,3252034
7-Nov-11,33.85,34.23,32.77,33.28,3628947
4-Nov-11,32.49,33.54,31.84,33.39,2162029
3-Nov-11,31.81,33.04,31.23,32.61,3055564
2-Nov-11,31.17,31.80,30.56,31.58,2000766
1-Nov-11,29.79,31.02,29.40,30.47,4142927
31-Oct-11,31.58,31.59,30.49,30.69,2987307
28-Oct-11,32.16,32.39,31.30,31.86,1469535
27-Oct-11,31.40,32.46,30.68,31.60,3380316
26-Oct-11,29.81,30.60,29.09,30.37,3682658
25-Oct-11,30.82,30.83,28.12,28.61,7764691
24-Oct-11,34.07,34.30,31.78,32.54,3784584
21-Oct-11,33.79,33.95,32.99,33.53,1627743
20-Oct-11,32.77,33.52,31.56,33.21,3274114
19-Oct-11,34.44,34.77,32.42,32.99,2862339
18-Oct-11,33.07,34.71,31.52,34.41,3473998
17-Oct-11,34.67,35.00,32.67,33.09,3492653
14-Oct-11,33.73,34.82,33.40,34.62,4837677
13-Oct-11,31.07,32.19,30.94,32.04,2882179
12-Oct-11,31.79,31.90,30.83,31.18,2642164
11-Oct-11,30.30,31.60,29.95,31.41,2403209
10-Oct-11,28.95,31.03,28.95,30.48,3282692
7-Oct-11,29.92,30.05,28.02,28.24,3063202
6-Oct-11,27.48,30.02,26.78,29.83,4747506
5-Oct-11,26.22,28.03,25.87,27.78,3157000
4-Oct-11,24.92,26.38,24.29,26.34,4008591
3-Oct-11,26.06,27.33,25.02,25.28,6388367
30-Sep-11,25.19,26.68,24.71,26.22,4942100
