Date,Open,High,Low,Close,Volume
27-Sep-12,39.09,39.13,38.59,39.00,759822
26-Sep-12,37.59,38.71,37.31,38.33,897778
25-Sep-12,38.54,38.99,37.70,37.75,812248
24-Sep-12,38.69,39.19,38.06,38.35,1222394
21-Sep-12,40.01,40.05,38.39,38.99,5513073
20-Sep-12,39.47,39.96,39.09,39.55,1497075
19-Sep-12,39.71,40.09,39.07,40.06,960422
18-Sep-12,39.34,39.76,38.77,39.69,1437203
17-Sep-12,37.44,39.46,37.44,39.33,1658442
14-Sep-12,38.62,39.49,36.73,38.93,1456580
13-Sep-12,36.83,38.17,36.04,38.13,891492
12-Sep-12,36.25,37.01,35.46,36.99,1107880
11-Sep-12,36.22,36.28,35.76,36.14,740122
10-Sep-12,36.01,36.37,35.61,35.80,581165
7-Sep-12,35.87,36.43,35.87,36.16,740639
6-Sep-12,34.96,35.64,34.76,35.49,777492
5-Sep-12,34.03,35.04,33.98,35.02,574633
4-Sep-12,33.90,35.17,33.64,34.25,934370
31-Aug-12,33.84,34.74,33.55,34.66,1556897
30-Aug-12,34.05,34.19,33.58,33.82,660332
29-Aug-12,34.55,34.64,33.73,33.85,808330
28-Aug-12,33.98,34.76,33.89,34.38,508758
27-Aug-12,34.17,34.77,33.99,34.04,498571
24-Aug-12,34.15,34.35,33.55,34.21,643853
23-Aug-12,33.62,34.41,33.51,34.21,1001720
22-Aug-12,33.10,33.56,32.67,33.39,1162428
21-Aug-12,33.14,33.56,32.86,33.06,1431203
20-Aug-12,32.71,33.01,32.50,32.89,943419
17-Aug-12,33.86,34.12,32.65,32.97,218936
16-Aug-12,32.99,33.89,32.66,33.82,347236
15-Aug-12,33.46,33.56,32.78,32.85,216128
14-Aug-12,34.02,34.05,33.39,33.44,187144
13-Aug-12,34.65,34.65,33.90,34.01,194043
10-Aug-12,34.59,34.61,34.06,34.42,277240
9-Aug-12,34.92,34.92,34.17,34.53,213894
8-Aug-12,34.95,35.33,34.82,34.85,220839
7-Aug-12,35.06,35.57,34.89,34.99,332104
6-Aug-12,34.54,35.70,34.43,35.12,207736
3-Aug-12,34.54,35.20,34.17,34.51,348639
2-Aug-12,34.37,35.37,34.36,34.70,1049497
1-Aug-12,35.84,36.16,31.05,34.86,1922549
31-Jul-12,37.15,37.48,35.86,36.42,1087074
30-Jul-12,36.48,37.60,36.48,37.10,679920
27-Jul-12,35.32,37.06,35.32,36.65,682174
26-Jul-12,35.74,36.25,35.36,36.15,827664
25-Jul-12,36.46,36.69,35.30,35.47,1101500
24-Jul-12,36.25,36.62,35.47,35.78,801059
23-Jul-12,36.32,36.46,35.42,36.26,591913
20-Jul-12,36.58,36.85,36.04,36.60,533366
19-Jul-12,36.76,38.63,36.36,36.80,698126
18-Jul-12,36.18,36.84,35.88,36.64,571156
17-Jul-12,36.77,36.83,35.71,36.46,738858
16-Jul-12,37.28,37.71,36.54,36.84,746130
13-Jul-12,36.93,37.41,36.33,37.28,678754
12-Jul-12,36.34,37.06,35.76,36.73,738245
11-Jul-12,36.31,37.72,36.31,36.79,668655
10-Jul-12,38.12,38.12,36.55,36.75,714606
9-Jul-12,37.54,37.79,37.01,37.61,700162
6-Jul-12,38.24,38.54,37.30,37.81,563892
5-Jul-12,38.58,39.10,38.27,38.67,533494
3-Jul-12,38.59,38.99,38.30,38.82,462960
2-Jul-12,37.95,38.53,37.74,38.23,461778
29-Jun-12,38.91,39.99,37.55,37.98,674260
28-Jun-12,37.11,37.85,36.60,37.30,1095907
27-Jun-12,38.00,38.20,37.00,37.91,808323
26-Jun-12,38.67,38.67,37.42,38.02,755622
25-Jun-12,37.55,38.60,37.10,38.16,694260
22-Jun-12,37.58,38.58,37.50,37.80,662129
21-Jun-12,38.51,38.83,38.00,38.06,1054934
20-Jun-12,38.85,40.30,38.25,39.00,1530970
19-Jun-12,39.46,39.58,38.66,39.48,867752
18-Jun-12,38.31,40.04,37.98,39.25,1236419
15-Jun-12,39.55,40.04,37.89,38.43,4437120
14-Jun-12,40.19,40.19,38.81,39.29,1564262
13-Jun-12,41.15,41.24,39.59,39.75,1335289
12-Jun-12,40.42,41.13,40.20,40.98,848297
11-Jun-12,40.30,40.98,39.91,40.04,790572
8-Jun-12,39.58,41.19,39.58,40.76,831515
7-Jun-12,41.07,41.22,39.31,40.32,1004547
6-Jun-12,42.73,42.73,40.33,40.81,1153672
5-Jun-12,40.35,40.44,39.62,40.13,1150106
4-Jun-12,39.68,40.36,39.00,40.25,972090
1-Jun-12,39.62,40.50,39.04,39.44,1322953
31-May-12,38.68,40.23,38.30,39.14,2096390
30-May-12,38.02,39.05,37.39,38.37,1169073
29-May-12,39.01,39.08,37.64,38.03,923283
25-May-12,38.63,38.99,38.26,38.71,499590
24-May-12,37.75,38.63,37.54,38.49,1001215
23-May-12,36.81,37.65,35.85,37.57,1601256
22-May-12,36.48,37.65,36.41,36.93,1016360
21-May-12,36.34,36.96,36.08,36.86,516759
18-May-12,36.28,36.62,35.68,36.34,1095333
17-May-12,36.08,36.84,35.47,36.03,2271515
16-May-12,36.10,36.46,35.03,35.63,964081
15-May-12,36.69,37.26,35.42,35.65,1072308
14-May-12,37.50,37.60,36.52,36.57,882209
11-May-12,38.22,38.57,37.85,37.94,934983
10-May-12,39.30,39.37,38.40,38.65,1039748
9-May-12,38.93,39.62,38.47,38.87,1108797
8-May-12,39.16,39.49,38.42,39.43,988337
7-May-12,40.08,40.62,39.08,39.80,1068221
4-May-12,39.27,40.81,39.27,40.32,1030408
3-May-12,40.92,41.13,39.20,39.58,1573787
2-May-12,41.05,41.32,40.43,41.15,622056
1-May-12,41.55,41.92,41.07,41.19,637536
30-Apr-12,41.24,42.43,40.79,41.27,941293
27-Apr-12,41.83,42.69,41.73,42.30,956443
26-Apr-12,41.20,41.79,40.82,41.60,564331
25-Apr-12,40.60,41.06,40.28,40.95,1040128
24-Apr-12,41.15,41.38,40.32,40.58,632118
23-Apr-12,41.46,41.50,40.77,41.09,799609
20-Apr-12,41.94,42.49,41.83,41.98,435666
19-Apr-12,42.36,43.04,41.80,41.98,620221
18-Apr-12,41.22,41.88,41.05,41.87,638170
17-Apr-12,41.56,42.00,41.10,41.30,714122
16-Apr-12,41.12,41.83,40.75,41.43,756697
13-Apr-12,41.85,41.87,41.10,41.50,799999
12-Apr-12,41.25,42.58,41.21,42.03,1034144
11-Apr-12,41.41,41.74,40.31,41.19,1640055
10-Apr-12,40.05,42.04,39.81,41.93,2052512
9-Apr-12,39.06,40.04,39.05,39.99,1025291
5-Apr-12,39.89,40.00,38.69,39.06,840343
4-Apr-12,39.76,40.12,39.27,39.79,1162698
3-Apr-12,41.48,41.54,40.18,40.47,870763
2-Apr-12,40.01,41.19,39.97,41.13,977400
30-Mar-12,39.90,40.35,39.57,40.31,602534
29-Mar-12,39.42,39.89,39.00,39.83,627526
28-Mar-12,39.69,39.94,39.19,39.50,917868
27-Mar-12,40.49,40.53,39.64,40.02,914456
26-Mar-12,39.74,40.49,39.40,40.26,1033130
23-Mar-12,39.08,40.07,38.90,39.19,879451
22-Mar-12,39.32,39.35,38.43,38.87,694176
21-Mar-12,39.46,40.15,39.24,39.77,799939
20-Mar-12,38.26,39.27,37.69,39.20,754973
19-Mar-12,39.16,39.54,38.62,38.69,762434
16-Mar-12,39.02,39.10,38.48,38.97,3423819
15-Mar-12,38.81,39.33,38.27,38.77,964004
14-Mar-12,38.96,39.35,38.51,39.10,1603042
13-Mar-12,39.19,40.12,39.19,39.55,996851
12-Mar-12,39.24,40.00,38.91,39.28,1288867
9-Mar-12,39.86,40.41,39.07,40.02,1473484
8-Mar-12,39.49,39.98,39.03,39.76,812135
7-Mar-12,39.90,39.90,39.13,39.29,730254
6-Mar-12,39.70,39.94,38.90,39.76,1173976
5-Mar-12,39.70,40.53,39.24,40.41,879819
2-Mar-12,40.56,40.78,39.60,40.28,963344
1-Mar-12,40.31,40.95,39.80,40.82,1156174
29-Feb-12,42.15,42.70,39.51,40.13,1881822
28-Feb-12,41.89,42.24,41.54,42.06,684600
27-Feb-12,41.55,42.22,41.46,41.60,334757
24-Feb-12,41.97,42.23,41.57,42.07,681823
23-Feb-12,41.97,42.40,41.55,42.01,853598
22-Feb-12,41.15,41.97,41.14,41.93,700454
21-Feb-12,41.67,42.00,41.12,41.51,793090
17-Feb-12,41.46,41.46,40.67,41.18,662134
16-Feb-12,38.82,40.81,38.61,40.72,1259246
15-Feb-12,40.52,40.87,39.33,39.44,803164
14-Feb-12,40.78,41.43,39.43,39.89,863714
13-Feb-12,41.16,41.62,40.53,40.77,368652
10-Feb-12,41.05,41.55,40.51,41.21,527794
9-Feb-12,41.76,42.29,41.30,41.67,667190
8-Feb-12,42.04,42.27,41.26,41.47,801371
7-Feb-12,42.20,42.41,41.78,41.93,826187
6-Feb-12,41.98,42.94,41.50,42.20,326274
3-Feb-12,41.15,43.18,41.00,42.13,1206128
2-Feb-12,42.72,43.50,42.40,42.92,732384
1-Feb-12,43.11,43.16,42.18,42.79,698529
31-Jan-12,43.38,43.40,41.67,42.90,1019692
30-Jan-12,43.39,43.39,42.04,42.87,829491
27-Jan-12,42.27,43.90,41.42,43.18,1215503
26-Jan-12,41.90,42.60,41.09,42.01,979464
25-Jan-12,37.85,41.50,37.77,41.29,1401434
24-Jan-12,38.82,38.88,38.00,38.04,755138
23-Jan-12,38.39,39.11,37.90,38.93,676590
20-Jan-12,38.08,38.60,37.71,38.04,866138
19-Jan-12,39.95,40.31,38.00,38.30,706439
18-Jan-12,39.72,39.82,39.24,39.44,630984
17-Jan-12,39.94,40.23,39.21,39.71,640407
13-Jan-12,39.77,39.77,39.77,39.77,0
12-Jan-12,40.81,41.19,40.16,40.57,499537
11-Jan-12,40.33,40.71,40.02,40.55,566713
10-Jan-12,40.18,40.40,39.76,40.23,641672
9-Jan-12,38.97,39.48,38.48,39.45,523358
6-Jan-12,39.40,39.76,38.46,38.75,620208
5-Jan-12,38.35,39.45,37.80,39.19,368651
4-Jan-12,38.80,39.71,38.34,38.82,809836
3-Jan-12,38.91,39.47,38.61,38.90,1076448
30-Dec-11,38.34,38.34,38.34,38.34,0
29-Dec-11,37.34,38.29,37.00,38.18,707220
28-Dec-11,38.90,39.29,37.50,37.54,738049
27-Dec-11,39.52,39.68,38.86,39.31,355757
23-Dec-11,39.73,39.73,39.73,39.73,0
22-Dec-11,39.15,39.58,37.96,39.21,749664
21-Dec-11,40.00,40.25,39.08,39.62,1065033
20-Dec-11,40.17,40.62,39.45,39.80,978954
19-Dec-11,39.82,40.25,39.05,39.26,857330
16-Dec-11,38.49,40.06,38.38,39.88,3018241
15-Dec-11,38.15,38.74,37.50,38.30,1572825
14-Dec-11,36.50,37.94,36.14,37.81,1678711
13-Dec-11,37.65,38.34,36.65,37.21,1708154
12-Dec-11,37.26,38.02,36.58,37.87,1313334
9-Dec-11,37.50,38.19,37.08,38.16,657493
8-Dec-11,38.14,38.15,36.94,37.63,834662
7-Dec-11,38.27,38.66,37.76,38.51,1073031
6-Dec-11,37.46,38.48,37.11,37.97,892303
5-Dec-11,37.55,38.07,36.79,37.50,1090818
2-Dec-11,38.54,39.24,36.90,37.00,1186526
1-Dec-11,39.23,39.48,38.06,38.26,1271489
30-Nov-11,39.93,40.38,37.94,39.15,2410311
29-Nov-11,38.98,39.89,38.58,38.84,746553
28-Nov-11,40.76,40.83,38.39,38.86,1023818
25-Nov-11,39.71,40.37,39.39,39.52,493137
23-Nov-11,39.78,39.78,39.78,39.78,0
22-Nov-11,40.13,41.00,39.56,40.10,1090271
21-Nov-11,38.57,39.86,38.41,39.57,872398
18-Nov-11,40.50,40.67,39.09,39.38,1232684
17-Nov-11,42.51,42.54,40.30,40.41,864452
16-Nov-11,43.35,44.32,42.78,42.87,722998
15-Nov-11,43.51,44.08,43.09,43.83,910609
14-Nov-11,43.69,44.53,43.51,43.98,917864
11-Nov-11,43.32,44.51,42.98,44.38,710117
10-Nov-11,43.36,43.76,42.48,42.85,1477838
9-Nov-11,44.49,45.42,43.37,43.43,1256226
8-Nov-11,45.29,45.80,44.83,45.31,843835
7-Nov-11,43.49,45.04,43.37,44.95,950834
4-Nov-11,43.77,44.08,42.40,43.11,779953
3-Nov-11,43.39,44.19,42.77,43.95,1114872
2-Nov-11,41.99,42.85,41.28,42.74,920076
1-Nov-11,39.47,41.86,39.02,41.51,992649
31-Oct-11,42.10,42.45,40.51,40.93,944174
28-Oct-11,42.28,44.15,42.22,42.87,806299
27-Oct-11,43.01,43.40,42.17,42.33,1133467
26-Oct-11,42.26,42.70,40.78,42.46,843433
25-Oct-11,40.10,42.41,39.47,41.86,853349
24-Oct-11,38.99,40.66,38.57,40.62,999191
21-Oct-11,38.33,39.16,38.11,38.51,726225
20-Oct-11,38.03,38.57,37.42,37.93,777257
19-Oct-11,39.78,40.12,38.24,38.31,819831
18-Oct-11,39.71,40.12,38.50,40.10,1547295
17-Oct-11,41.80,41.95,40.48,40.54,820754
14-Oct-11,40.61,41.87,40.61,41.84,438542
13-Oct-11,41.90,41.90,40.31,40.57,714532
12-Oct-11,41.83,42.25,40.58,41.91,537589
11-Oct-11,40.71,41.93,39.98,41.57,686348
10-Oct-11,40.69,41.00,39.67,40.99,780979
7-Oct-11,40.07,40.59,39.40,40.05,1284427
6-Oct-11,39.57,40.18,38.93,39.57,1430934
5-Oct-11,37.15,39.94,36.71,39.57,1156551
4-Oct-11,36.76,37.14,35.58,36.97,1767857
3-Oct-11,38.50,39.19,37.27,37.36,946358
30-Sep-11,38.07,39.66,37.32,37.74,1151479
