Date,Open,High,Low,Close,Volume
26-Sep-12,17.15,17.32,16.64,16.99,430729
25-Sep-12,17.67,17.82,17.04,17.11,433547
24-Sep-12,17.27,17.74,16.95,17.66,314127
21-Sep-12,17.43,17.58,17.23,17.50,308754
20-Sep-12,17.39,17.48,17.09,17.20,73175
19-Sep-12,17.65,17.69,17.47,17.49,73755
18-Sep-12,17.57,17.72,17.40,17.66,67358
17-Sep-12,17.53,17.67,17.22,17.66,101456
14-Sep-12,17.76,17.76,17.55,17.66,91089
13-Sep-12,17.48,17.76,17.17,17.60,107345
12-Sep-12,17.60,17.82,17.33,17.41,84669
11-Sep-12,17.81,17.81,17.50,17.62,97694
10-Sep-12,17.73,17.89,17.71,17.73,121697
7-Sep-12,17.69,17.83,17.55,17.80,817317
6-Sep-12,17.26,17.64,17.22,17.58,645752
5-Sep-12,17.25,17.38,17.06,17.26,652301
4-Sep-12,17.13,17.40,16.86,17.17,532700
31-Aug-12,16.89,17.28,16.66,17.07,527184
30-Aug-12,16.97,16.97,16.36,16.73,514862
29-Aug-12,17.02,17.18,16.82,17.02,540985
28-Aug-12,17.11,17.38,16.90,17.00,1190259
27-Aug-12,16.99,17.14,16.79,17.03,1418754
24-Aug-12,16.25,17.15,16.24,17.00,1109073
23-Aug-12,16.10,16.36,15.99,16.30,305645
22-Aug-12,16.11,16.36,15.83,16.18,478784
21-Aug-12,16.39,16.60,16.00,16.09,299014
20-Aug-12,16.29,16.42,16.07,16.39,361709
17-Aug-12,15.96,16.31,15.81,16.29,312658
16-Aug-12,15.65,16.18,15.52,16.01,775885
15-Aug-12,15.91,16.00,15.55,15.69,697637
14-Aug-12,16.26,16.28,15.93,16.02,424704
13-Aug-12,16.11,16.25,15.68,16.23,314153
10-Aug-12,16.16,16.25,15.90,16.10,470119
9-Aug-12,16.21,16.23,15.81,16.18,443926
8-Aug-12,15.67,16.28,15.48,16.26,1101956
7-Aug-12,15.96,16.16,15.66,15.68,697486
6-Aug-12,15.90,16.00,15.49,15.93,1505055
3-Aug-12,15.88,15.99,15.41,15.77,1509055
2-Aug-12,16.00,16.00,14.27,15.41,3314136
1-Aug-12,13.29,13.46,12.80,12.85,368888
31-Jul-12,13.12,13.44,12.95,13.19,280187
30-Jul-12,13.35,13.58,13.11,13.20,249258
27-Jul-12,12.89,13.43,12.78,13.37,285320
26-Jul-12,12.92,13.11,12.68,12.87,297537
25-Jul-12,12.86,13.03,12.65,12.82,162721
24-Jul-12,12.91,12.94,12.69,12.80,262470
23-Jul-12,13.06,13.13,12.72,12.91,391215
20-Jul-12,13.42,13.46,13.20,13.23,348905
19-Jul-12,13.60,13.68,13.43,13.54,260864
18-Jul-12,13.76,13.85,13.45,13.57,300915
17-Jul-12,13.65,14.04,13.60,13.79,377120
16-Jul-12,13.64,13.66,13.42,13.58,233622
13-Jul-12,13.64,13.80,13.62,13.69,250622
12-Jul-12,13.44,13.71,13.43,13.62,249290
11-Jul-12,13.58,13.76,13.43,13.52,259748
10-Jul-12,13.55,13.73,13.43,13.60,377782
9-Jul-12,13.22,13.56,13.16,13.51,264809
6-Jul-12,13.49,13.54,13.23,13.29,147856
5-Jul-12,13.63,13.74,13.49,13.65,255223
3-Jul-12,13.46,13.70,13.46,13.68,156541
2-Jul-12,13.43,13.56,13.23,13.46,300647
29-Jun-12,13.52,13.58,13.21,13.45,394875
28-Jun-12,13.19,13.65,13.07,13.24,516652
27-Jun-12,12.76,12.99,12.66,12.93,178872
26-Jun-12,12.65,12.84,12.59,12.73,262853
25-Jun-12,12.88,12.94,12.64,12.67,326815
22-Jun-12,12.72,13.13,12.67,13.11,2844249
21-Jun-12,13.43,13.66,12.63,12.66,1491178
20-Jun-12,12.72,12.82,12.40,12.72,337733
19-Jun-12,12.49,12.80,12.27,12.75,336402
18-Jun-12,12.01,12.54,11.94,12.42,542577
15-Jun-12,11.72,12.10,11.72,12.09,302616
14-Jun-12,11.31,11.73,11.31,11.72,294984
13-Jun-12,11.57,11.68,11.28,11.33,343856
12-Jun-12,11.23,11.62,11.06,11.61,318438
11-Jun-12,11.48,11.48,11.17,11.18,393390
8-Jun-12,11.24,11.38,10.93,11.37,220793
7-Jun-12,11.44,11.61,11.06,11.30,376900
6-Jun-12,11.00,11.28,11.00,11.28,199337
5-Jun-12,10.87,10.99,10.78,10.94,155871
4-Jun-12,11.07,11.17,10.73,10.93,228328
1-Jun-12,11.06,11.19,10.88,10.92,349450
31-May-12,11.53,11.59,11.13,11.32,335912
30-May-12,11.58,11.69,11.41,11.54,431660
29-May-12,11.68,11.76,11.38,11.52,226704
25-May-12,11.71,11.77,11.52,11.55,179320
24-May-12,11.56,11.74,11.34,11.74,336694
23-May-12,11.49,11.63,11.22,11.57,261599
22-May-12,11.60,11.66,11.34,11.39,348539
21-May-12,11.53,11.65,11.26,11.58,319842
18-May-12,11.43,11.64,11.33,11.49,350474
17-May-12,11.85,11.85,11.41,11.44,434663
16-May-12,12.07,12.16,11.80,11.82,360644
15-May-12,12.05,12.23,11.93,12.04,240370
14-May-12,12.01,12.29,11.92,12.03,336648
11-May-12,12.22,12.30,12.00,12.16,262772
10-May-12,12.35,12.41,12.09,12.33,247568
9-May-12,12.26,12.35,12.08,12.31,465710
8-May-12,12.57,12.63,12.27,12.42,347628
7-May-12,12.71,12.89,12.53,12.66,411519
4-May-12,13.03,13.26,12.65,12.80,567916
3-May-12,13.45,13.88,12.71,13.12,2192163
2-May-12,12.49,12.60,12.04,12.24,1165332
1-May-12,12.61,12.88,12.51,12.52,581746
30-Apr-12,13.03,13.03,12.59,12.61,347511
27-Apr-12,12.96,13.02,12.71,12.99,293364
26-Apr-12,12.84,13.04,12.76,12.97,248264
25-Apr-12,13.10,13.28,12.84,12.88,448437
24-Apr-12,13.04,13.06,12.81,12.91,280743
23-Apr-12,13.14,13.24,12.97,13.06,359687
20-Apr-12,13.27,13.74,13.19,13.35,640990
19-Apr-12,13.01,13.17,12.85,13.10,416962
18-Apr-12,12.74,13.03,12.64,13.00,417588
17-Apr-12,12.50,12.84,12.48,12.77,422475
16-Apr-12,12.98,12.98,12.25,12.40,1356435
13-Apr-12,12.95,13.00,12.73,12.89,378403
12-Apr-12,12.90,13.11,12.88,13.02,347182
11-Apr-12,13.00,13.07,12.85,12.90,348673
10-Apr-12,12.98,13.18,12.72,12.88,709318
9-Apr-12,12.86,13.03,12.75,12.96,408967
5-Apr-12,12.62,13.13,12.62,13.05,980937
4-Apr-12,12.99,13.17,12.77,13.12,365844
3-Apr-12,13.25,13.32,12.87,13.11,878858
2-Apr-12,13.16,13.29,13.04,13.25,464217
30-Mar-12,13.18,13.40,13.11,13.16,562161
29-Mar-12,12.98,13.11,12.73,13.08,1001760
28-Mar-12,13.35,13.55,13.04,13.04,874388
27-Mar-12,13.63,13.67,13.26,13.30,463427
26-Mar-12,13.65,14.02,13.51,13.55,773541
23-Mar-12,13.32,13.56,13.16,13.52,286762
22-Mar-12,13.18,13.34,13.03,13.32,347990
21-Mar-12,13.42,13.47,13.22,13.27,364405
20-Mar-12,13.46,13.50,13.31,13.41,248125
19-Mar-12,13.57,13.90,13.45,13.55,410412
16-Mar-12,13.99,13.99,13.43,13.61,729345
15-Mar-12,13.92,14.00,13.72,13.93,392241
14-Mar-12,13.99,14.03,13.82,13.93,279274
13-Mar-12,13.79,14.00,13.68,13.95,785373
12-Mar-12,13.66,13.77,13.45,13.63,298531
9-Mar-12,13.70,13.90,13.56,13.66,781070
8-Mar-12,13.77,14.00,13.66,13.70,739219
7-Mar-12,13.54,13.91,13.52,13.66,428264
6-Mar-12,13.64,13.64,13.27,13.49,404261
5-Mar-12,13.57,13.94,13.57,13.79,512452
2-Mar-12,13.75,13.95,13.45,13.64,531814
1-Mar-12,14.30,14.42,13.68,13.78,1359273
29-Feb-12,14.42,14.58,14.13,14.28,1349359
28-Feb-12,14.11,14.44,13.82,14.43,592743
27-Feb-12,13.61,14.29,13.50,14.10,1203701
24-Feb-12,12.94,14.26,12.50,14.10,1321073
23-Feb-12,13.59,13.87,13.40,13.60,670967
22-Feb-12,13.80,13.99,13.54,13.54,276757
21-Feb-12,13.69,14.22,13.57,13.80,695926
17-Feb-12,13.89,13.93,13.63,13.66,303007
16-Feb-12,13.70,14.14,13.65,13.87,843649
15-Feb-12,13.96,14.15,13.60,13.72,1142279
14-Feb-12,13.55,14.55,13.20,14.09,5569157
13-Feb-12,12.01,12.13,11.66,11.78,562669
10-Feb-12,12.12,12.12,11.91,11.92,392381
9-Feb-12,12.39,12.39,12.39,12.39,0
8-Feb-12,12.17,12.44,12.04,12.39,349895
7-Feb-12,12.10,12.20,11.91,12.10,500138
6-Feb-12,12.07,12.22,11.96,12.14,286683
3-Feb-12,12.07,12.07,12.07,12.07,0
2-Feb-12,10.99,11.61,10.79,11.60,939731
1-Feb-12,10.96,10.96,10.96,10.96,0
31-Jan-12,10.53,10.60,10.40,10.55,252467
30-Jan-12,10.46,10.46,10.46,10.46,0
27-Jan-12,10.57,10.66,10.50,10.51,995124
26-Jan-12,10.66,10.79,10.53,10.61,436735
25-Jan-12,10.64,10.79,10.45,10.60,436078
24-Jan-12,10.75,10.94,10.53,10.58,542055
23-Jan-12,10.75,10.91,10.49,10.66,454731
20-Jan-12,10.52,10.77,10.49,10.71,390655
19-Jan-12,10.27,10.54,10.22,10.53,305023
18-Jan-12,10.02,10.20,9.98,10.20,532388
17-Jan-12,9.98,9.98,9.98,9.98,0
13-Jan-12,10.09,10.09,10.09,10.09,0
12-Jan-12,10.39,10.47,10.05,10.38,389062
11-Jan-12,10.04,10.04,10.04,10.04,0
10-Jan-12,9.46,9.96,9.45,9.96,455635
9-Jan-12,9.48,9.54,9.28,9.37,695191
6-Jan-12,9.58,9.68,9.48,9.55,357470
5-Jan-12,9.65,9.70,9.35,9.60,309866
4-Jan-12,9.56,9.56,9.56,9.56,0
3-Jan-12,9.45,9.66,9.45,9.59,534642
30-Dec-11,9.25,9.25,9.25,9.25,0
29-Dec-11,9.16,9.49,9.16,9.24,572131
28-Dec-11,9.32,9.42,9.10,9.12,700244
27-Dec-11,9.31,9.37,9.23,9.34,505799
23-Dec-11,9.35,9.35,9.35,9.35,0
22-Dec-11,9.42,9.48,9.31,9.34,415603
21-Dec-11,9.41,9.41,9.15,9.34,380929
20-Dec-11,9.27,9.49,9.27,9.46,388190
19-Dec-11,9.26,9.26,9.26,9.26,0
16-Dec-11,9.33,9.48,9.29,9.38,550251
15-Dec-11,9.34,9.46,9.27,9.32,413571
14-Dec-11,9.38,9.38,9.38,9.38,0
13-Dec-11,9.60,9.70,9.28,9.34,381261
12-Dec-11,9.50,9.50,9.50,9.50,0
9-Dec-11,9.47,9.70,9.41,9.60,583904
8-Dec-11,9.58,9.58,9.29,9.42,793501
7-Dec-11,9.83,10.02,9.51,9.64,741526
6-Dec-11,9.69,9.80,9.57,9.67,330957
5-Dec-11,9.65,9.77,9.44,9.66,583678
2-Dec-11,9.80,9.80,9.80,9.80,0
1-Dec-11,9.52,9.86,9.49,9.65,505914
30-Nov-11,9.58,9.66,9.40,9.56,840240
29-Nov-11,9.43,9.43,9.43,9.43,0
28-Nov-11,9.50,9.90,9.32,9.46,711828
25-Nov-11,9.21,9.34,8.99,8.99,135373
23-Nov-11,9.25,9.25,9.25,9.25,0
22-Nov-11,9.46,9.46,9.46,9.46,0
21-Nov-11,9.40,9.44,9.01,9.21,832403
18-Nov-11,10.12,10.19,9.36,9.59,2032879
17-Nov-11,10.31,10.48,10.02,10.13,557271
16-Nov-11,10.57,10.66,10.32,10.33,512998
15-Nov-11,10.81,10.96,10.56,10.82,318252
14-Nov-11,11.08,11.15,10.72,10.86,408465
11-Nov-11,11.33,11.95,11.05,11.14,1093062
10-Nov-11,11.76,12.07,11.62,11.95,410131
9-Nov-11,11.58,11.58,11.58,11.58,0
8-Nov-11,12.17,12.35,11.86,12.32,346041
7-Nov-11,12.07,12.26,11.70,12.07,868162
4-Nov-11,12.07,12.07,12.07,12.07,0
3-Nov-11,10.78,10.78,10.21,10.36,761429
2-Nov-11,10.69,10.69,10.69,10.69,0
1-Nov-11,10.29,10.83,10.28,10.63,697441
31-Oct-11,10.86,10.86,10.86,10.86,0
28-Oct-11,9.97,11.69,9.95,11.20,1573069
27-Oct-11,9.78,10.00,9.68,9.85,1265887
26-Oct-11,9.47,9.57,9.07,9.46,640187
25-Oct-11,9.42,9.42,9.42,9.42,0
24-Oct-11,9.50,9.57,9.44,9.52,849149
21-Oct-11,9.41,9.41,9.41,9.41,0
20-Oct-11,9.67,9.67,9.19,9.31,426578
19-Oct-11,9.94,9.94,9.94,9.94,0
18-Oct-11,9.89,10.10,9.51,10.03,570206
17-Oct-11,10.22,10.22,10.22,10.22,0
14-Oct-11,10.24,10.47,10.13,10.20,498622
13-Oct-11,10.04,10.04,10.04,10.04,0
12-Oct-11,10.26,10.37,10.02,10.12,476412
11-Oct-11,10.11,10.11,10.11,10.11,0
10-Oct-11,9.71,9.84,9.56,9.82,554609
7-Oct-11,9.58,9.58,9.58,9.58,0
6-Oct-11,9.53,9.80,9.43,9.78,461497
5-Oct-11,9.37,9.37,9.37,9.37,0
4-Oct-11,8.78,9.18,8.52,9.16,716063
3-Oct-11,9.41,9.60,8.91,8.91,557879
30-Sep-11,9.90,10.05,9.58,9.61,490153
29-Sep-11,9.92,9.92,9.92,9.92,0
