Date,Open,High,Low,Close,Volume
26-Sep-12,15.45,15.45,15.45,15.45,100
25-Sep-12,15.31,15.48,15.31,15.45,2000
24-Sep-12,15.38,15.38,15.38,15.38,6300
21-Sep-12,15.41,15.44,15.38,15.41,713
20-Sep-12,15.44,15.44,15.44,15.44,500
19-Sep-12,15.41,15.41,15.41,15.41,0
18-Sep-12,15.37,15.41,15.34,15.41,800
17-Sep-12,15.28,15.40,15.28,15.40,2780
14-Sep-12,15.41,15.41,15.29,15.29,2600
13-Sep-12,15.44,15.44,15.44,15.44,214
12-Sep-12,15.46,15.47,15.41,15.41,1841
11-Sep-12,15.43,15.43,15.37,15.40,1700
10-Sep-12,15.25,15.39,15.25,15.39,2871
7-Sep-12,15.21,15.34,15.17,15.17,4140
6-Sep-12,15.15,15.18,15.15,15.18,1298
5-Sep-12,15.10,15.13,15.10,15.13,400
4-Sep-12,15.16,15.16,15.11,15.11,310
31-Aug-12,15.17,15.17,15.14,15.14,500
30-Aug-12,15.20,15.20,15.20,15.20,0
29-Aug-12,15.11,15.20,15.11,15.20,1798
28-Aug-12,15.08,15.11,15.02,15.11,800
27-Aug-12,15.19,15.19,14.95,15.11,5400
24-Aug-12,15.22,15.22,15.22,15.22,900
23-Aug-12,15.20,15.22,15.20,15.22,1000
22-Aug-12,15.21,15.21,15.17,15.17,600
21-Aug-12,15.18,15.20,15.15,15.19,2676
20-Aug-12,15.15,15.15,15.15,15.15,0
17-Aug-12,15.15,15.15,15.15,15.15,0
16-Aug-12,15.14,15.15,15.14,15.15,300
15-Aug-12,15.20,15.20,15.11,15.11,1025
14-Aug-12,15.11,15.11,15.11,15.11,100
13-Aug-12,15.09,15.11,15.09,15.11,500
10-Aug-12,15.32,15.32,15.15,15.15,1025
9-Aug-12,15.17,15.30,14.95,15.30,3441
8-Aug-12,15.27,15.27,15.27,15.27,295
7-Aug-12,15.20,15.25,15.20,15.25,1350
6-Aug-12,15.30,15.35,15.28,15.28,720
3-Aug-12,15.30,15.30,15.25,15.25,839
2-Aug-12,15.30,15.30,15.30,15.30,0
1-Aug-12,15.30,15.30,15.30,15.30,245
31-Jul-12,15.25,15.25,15.25,15.25,1000
30-Jul-12,15.23,15.23,15.23,15.23,0
27-Jul-12,15.25,15.25,15.23,15.23,1000
26-Jul-12,15.26,15.26,15.22,15.22,700
25-Jul-12,15.26,15.26,15.26,15.26,0
24-Jul-12,15.29,15.29,15.26,15.26,400
23-Jul-12,15.21,15.32,15.20,15.32,3209
20-Jul-12,15.15,15.24,15.15,15.18,3098
19-Jul-12,15.09,15.15,15.09,15.12,3146
18-Jul-12,15.12,15.16,15.10,15.16,1900
17-Jul-12,15.09,15.09,15.07,15.09,1042
16-Jul-12,15.03,15.03,15.03,15.03,800
13-Jul-12,15.02,15.02,15.02,15.02,400
12-Jul-12,14.97,14.99,14.96,14.99,1261
11-Jul-12,14.95,14.97,14.95,14.97,970
10-Jul-12,14.87,14.93,14.87,14.93,3265
9-Jul-12,14.87,14.90,14.86,14.86,1699
6-Jul-12,14.90,14.90,14.90,14.90,400
5-Jul-12,14.66,14.81,14.66,14.81,2200
3-Jul-12,14.57,14.57,14.57,14.57,295
2-Jul-12,14.60,14.60,14.57,14.58,473
29-Jun-12,14.56,14.57,14.55,14.57,3760
28-Jun-12,14.61,14.61,14.58,14.58,300
27-Jun-12,14.50,14.58,14.50,14.58,1090
26-Jun-12,14.59,14.59,14.47,14.51,3530
25-Jun-12,14.59,14.59,14.59,14.59,300
22-Jun-12,14.57,14.59,14.48,14.59,5800
21-Jun-12,14.59,14.60,14.59,14.60,600
20-Jun-12,14.60,14.60,14.60,14.60,339
19-Jun-12,14.66,14.66,14.60,14.60,800
18-Jun-12,14.66,14.66,14.66,14.66,0
15-Jun-12,14.66,14.66,14.66,14.66,400
14-Jun-12,14.66,14.66,14.66,14.66,0
13-Jun-12,14.66,14.66,14.66,14.66,900
12-Jun-12,14.71,14.73,14.71,14.72,955
11-Jun-12,14.67,14.70,14.67,14.68,9004
8-Jun-12,14.64,14.67,14.64,14.67,1029
7-Jun-12,14.61,14.61,14.61,14.61,0
6-Jun-12,14.61,14.61,14.61,14.61,850
5-Jun-12,14.63,14.63,14.63,14.63,200
4-Jun-12,14.67,14.67,14.61,14.63,950
1-Jun-12,14.67,14.67,14.63,14.63,5694
31-May-12,14.67,14.67,14.67,14.67,500
30-May-12,14.65,14.67,14.64,14.67,1100
29-May-12,14.64,14.65,14.64,14.65,498
25-May-12,14.65,14.67,14.65,14.67,392
24-May-12,14.63,14.63,14.62,14.62,1101
23-May-12,14.58,14.65,14.50,14.65,4745
22-May-12,14.51,14.58,14.49,14.58,704
21-May-12,14.52,14.67,14.52,14.54,1901
18-May-12,14.60,14.60,14.49,14.49,851
17-May-12,14.63,14.63,14.57,14.57,1100
16-May-12,14.61,14.63,14.58,14.58,1600
15-May-12,14.61,14.61,14.61,14.61,300
14-May-12,14.60,14.60,14.60,14.60,600
11-May-12,14.64,14.67,14.60,14.60,1700
10-May-12,14.64,14.64,14.64,14.64,0
9-May-12,14.66,14.66,14.64,14.64,1500
8-May-12,14.66,14.66,14.66,14.66,300
7-May-12,14.55,14.55,14.55,14.55,300
4-May-12,14.53,14.55,14.51,14.55,1900
3-May-12,14.52,14.52,14.50,14.50,3000
2-May-12,14.47,14.53,14.47,14.53,500
1-May-12,14.52,14.52,14.50,14.50,547
30-Apr-12,14.49,14.49,14.49,14.49,0
27-Apr-12,14.39,14.49,14.35,14.49,900
26-Apr-12,14.41,14.41,14.41,14.41,500
25-Apr-12,14.45,14.45,14.45,14.45,1000
24-Apr-12,14.41,14.45,14.41,14.41,1698
23-Apr-12,14.59,14.59,14.39,14.39,2700
20-Apr-12,14.29,14.61,14.29,14.61,2100
19-Apr-12,14.21,14.21,14.21,14.21,0
18-Apr-12,14.21,14.21,14.21,14.21,700
17-Apr-12,14.20,14.25,14.13,14.13,1003
16-Apr-12,14.16,14.16,14.16,14.16,300
13-Apr-12,14.12,14.12,14.12,14.12,0
12-Apr-12,14.23,14.28,14.12,14.12,648
11-Apr-12,14.13,14.20,14.13,14.20,300
10-Apr-12,14.15,14.31,14.12,14.12,950
9-Apr-12,13.99,14.16,13.99,14.12,2000
5-Apr-12,13.95,13.95,13.95,13.95,256
4-Apr-12,14.01,14.01,13.92,13.92,1298
3-Apr-12,13.98,14.06,13.96,14.01,1000
2-Apr-12,14.20,14.20,14.01,14.01,1865
30-Mar-12,14.25,14.25,14.20,14.21,1952
29-Mar-12,14.27,14.27,14.19,14.19,977
28-Mar-12,14.44,14.44,14.35,14.35,1100
27-Mar-12,14.44,14.44,14.44,14.44,0
26-Mar-12,14.20,14.44,14.20,14.44,1300
23-Mar-12,14.23,14.23,14.23,14.23,0
22-Mar-12,14.23,14.23,14.23,14.23,0
21-Mar-12,13.94,14.23,13.94,14.23,2167
20-Mar-12,13.87,13.87,13.87,13.87,100
19-Mar-12,13.69,13.79,13.69,13.79,2000
16-Mar-12,13.95,13.95,13.32,13.77,11992
15-Mar-12,14.26,14.29,14.00,14.00,1700
14-Mar-12,14.37,14.37,14.28,14.34,1534
13-Mar-12,14.36,14.47,14.31,14.40,3771
12-Mar-12,14.46,14.46,14.46,14.46,300
9-Mar-12,14.44,14.45,14.42,14.42,478
8-Mar-12,14.27,14.41,14.27,14.41,6147
7-Mar-12,14.31,14.34,14.31,14.34,600
6-Mar-12,14.25,14.28,14.25,14.28,800
5-Mar-12,14.47,14.47,14.27,14.27,8387
2-Mar-12,14.44,14.50,14.44,14.50,941
1-Mar-12,14.49,14.49,14.46,14.46,496
29-Feb-12,14.37,14.48,14.37,14.48,900
28-Feb-12,14.44,14.44,14.34,14.34,6027
27-Feb-12,14.42,14.42,14.35,14.41,1400
24-Feb-12,14.31,14.39,14.30,14.39,2159
23-Feb-12,14.39,14.47,14.29,14.30,3191
22-Feb-12,14.35,14.46,14.35,14.43,500
21-Feb-12,14.32,14.33,14.27,14.33,767
17-Feb-12,14.32,14.33,14.31,14.33,1393
16-Feb-12,14.44,14.44,14.38,14.38,1301
15-Feb-12,14.37,14.40,14.37,14.40,614
14-Feb-12,14.45,14.45,14.39,14.39,800
13-Feb-12,14.47,14.48,14.47,14.48,500
10-Feb-12,14.45,14.53,14.45,14.51,1000
9-Feb-12,14.40,14.43,14.40,14.43,499
8-Feb-12,14.31,14.37,14.31,14.37,900
7-Feb-12,14.31,14.37,14.28,14.28,1573
6-Feb-12,14.34,14.34,14.28,14.28,964
3-Feb-12,14.31,14.40,14.30,14.37,1727
2-Feb-12,14.31,14.33,14.31,14.33,200
1-Feb-12,14.32,14.32,14.28,14.28,2775
31-Jan-12,14.26,14.37,14.26,14.28,1590
30-Jan-12,14.29,14.29,14.23,14.23,700
27-Jan-12,14.26,14.26,14.26,14.26,300
26-Jan-12,14.10,14.28,14.10,14.24,2814
25-Jan-12,13.98,14.07,13.98,14.07,2500
24-Jan-12,13.95,13.95,13.95,13.95,100
23-Jan-12,13.95,13.95,13.92,13.92,200
20-Jan-12,13.92,13.95,13.92,13.95,600
19-Jan-12,13.85,13.96,13.85,13.96,1111
18-Jan-12,14.00,14.00,13.76,13.86,5241
17-Jan-12,13.83,13.83,13.83,13.83,207
13-Jan-12,13.85,13.85,13.85,13.85,0
12-Jan-12,13.95,13.95,13.82,13.82,6307
11-Jan-12,13.75,13.80,13.74,13.80,2500
10-Jan-12,13.82,13.82,13.79,13.79,500
9-Jan-12,13.73,13.85,13.73,13.85,3013
6-Jan-12,13.64,13.71,13.56,13.71,1759
5-Jan-12,13.61,13.64,13.61,13.64,500
4-Jan-12,13.63,13.63,13.60,13.60,2612
3-Jan-12,13.67,13.67,13.65,13.66,1300
30-Dec-11,13.84,13.84,13.73,13.73,1019
29-Dec-11,13.80,13.80,13.80,13.80,207
28-Dec-11,13.76,13.78,13.76,13.78,802
27-Dec-11,13.71,13.71,13.71,13.71,300
22-Dec-11,13.67,13.67,13.67,13.67,0
21-Dec-11,13.59,13.67,13.59,13.66,1860
20-Dec-11,13.58,13.59,13.48,13.57,2800
19-Dec-11,13.56,13.56,13.52,13.52,1100
16-Dec-11,13.58,13.65,13.56,13.56,600
15-Dec-11,13.60,13.60,13.59,13.59,2275
13-Dec-11,13.67,13.67,13.67,13.67,0
12-Dec-11,13.72,13.72,13.68,13.68,339
9-Dec-11,13.69,13.69,13.69,13.69,100
8-Dec-11,13.62,13.62,13.62,13.62,200
7-Dec-11,13.62,13.66,13.61,13.61,1900
6-Dec-11,13.58,13.58,13.58,13.58,300
5-Dec-11,13.54,13.57,13.54,13.55,400
2-Dec-11,13.49,13.49,13.47,13.47,348
1-Dec-11,13.43,13.51,13.40,13.50,2919
30-Nov-11,13.50,13.50,13.41,13.41,1017
29-Nov-11,13.49,13.49,13.45,13.45,600
28-Nov-11,13.50,13.51,13.46,13.51,1066
25-Nov-11,13.48,13.48,13.48,13.48,400
23-Nov-11,13.41,13.41,13.41,13.41,0
22-Nov-11,13.38,13.38,13.29,13.36,2229
21-Nov-11,13.40,13.40,13.40,13.40,1500
18-Nov-11,13.35,13.39,13.35,13.39,600
17-Nov-11,13.35,13.35,13.27,13.35,1500
16-Nov-11,13.40,13.40,13.40,13.40,5000
15-Nov-11,13.42,13.42,13.42,13.42,0
14-Nov-11,13.45,13.52,13.45,13.52,409
11-Nov-11,13.50,13.50,13.50,13.50,1600
10-Nov-11,13.55,13.55,13.48,13.48,800
9-Nov-11,13.55,13.55,13.55,13.55,300
8-Nov-11,13.51,13.57,13.50,13.50,1001
7-Nov-11,13.44,13.51,13.44,13.44,300
2-Nov-11,13.37,13.37,13.37,13.37,0
1-Nov-11,13.09,13.09,13.09,13.09,205
31-Oct-11,13.07,13.07,13.07,13.07,300
28-Oct-11,13.07,13.11,13.07,13.07,470
26-Oct-11,13.14,13.14,13.14,13.14,0
21-Oct-11,13.10,13.10,13.10,13.10,0
20-Oct-11,13.21,13.34,13.21,13.34,2798
18-Oct-11,13.16,13.16,13.16,13.16,0
17-Oct-11,13.00,13.05,13.00,13.05,480
14-Oct-11,13.03,13.03,13.03,13.03,100
13-Oct-11,13.00,13.00,13.00,13.00,0
12-Oct-11,12.83,12.97,12.83,12.97,2256
11-Oct-11,12.83,12.87,12.83,12.87,600
10-Oct-11,12.85,12.85,12.82,12.82,1400
7-Oct-11,13.00,13.00,12.92,12.92,1800
6-Oct-11,13.19,13.19,13.00,13.00,2991
5-Oct-11,13.25,13.25,13.25,13.25,100
4-Oct-11,13.27,13.27,13.18,13.18,1044
3-Oct-11,13.30,13.33,13.30,13.32,651
30-Sep-11,13.32,13.33,13.32,13.33,500
29-Sep-11,13.25,13.25,13.25,13.25,300
