Date,Open,High,Low,Close,Volume
26-Sep-12,5.30,5.30,5.15,5.21,8199
25-Sep-12,5.43,5.51,5.28,5.30,9828
24-Sep-12,5.51,5.60,5.41,5.42,15607
21-Sep-12,5.39,5.55,5.37,5.55,18880
20-Sep-12,5.39,5.39,5.32,5.36,7900
19-Sep-12,5.29,5.38,5.10,5.32,16795
18-Sep-12,5.42,5.42,5.29,5.30,9612
17-Sep-12,5.38,5.43,5.38,5.43,9995
14-Sep-12,5.50,5.50,5.32,5.37,15675
13-Sep-12,5.50,5.50,5.34,5.48,9278
12-Sep-12,5.42,5.51,5.41,5.50,10125
11-Sep-12,5.46,5.46,5.36,5.40,4247
10-Sep-12,5.43,5.48,5.43,5.45,6599
7-Sep-12,5.41,5.59,5.41,5.50,6183
6-Sep-12,5.40,5.53,5.36,5.40,5309
5-Sep-12,5.58,5.58,5.36,5.36,11223
4-Sep-12,5.30,5.58,5.28,5.57,25157
31-Aug-12,5.24,5.29,5.15,5.25,10828
30-Aug-12,5.19,5.19,5.12,5.19,6504
29-Aug-12,5.22,5.31,5.18,5.19,8794
28-Aug-12,5.12,5.22,5.12,5.18,6337
27-Aug-12,5.17,5.29,5.10,5.14,10990
24-Aug-12,5.37,5.37,5.13,5.17,10670
23-Aug-12,5.30,5.38,5.28,5.35,7800
22-Aug-12,5.38,5.38,5.30,5.30,2300
21-Aug-12,5.42,5.44,5.31,5.36,7814
20-Aug-12,5.45,5.45,5.32,5.42,9141
17-Aug-12,5.38,5.47,5.38,5.45,4027
16-Aug-12,5.36,5.42,5.30,5.36,5140
15-Aug-12,5.41,5.51,5.31,5.36,9904
14-Aug-12,5.55,5.66,5.42,5.42,9808
13-Aug-12,5.54,5.67,5.43,5.55,11372
10-Aug-12,5.49,5.53,5.43,5.51,7093
9-Aug-12,5.54,5.55,5.34,5.48,8828
8-Aug-12,5.33,5.59,5.31,5.53,10205
7-Aug-12,5.43,5.84,5.25,5.31,61795
6-Aug-12,5.04,5.23,5.02,5.18,8300
3-Aug-12,5.07,5.10,4.99,5.02,9956
2-Aug-12,4.89,5.09,4.89,4.98,3971
1-Aug-12,4.95,4.95,4.93,4.94,2150
31-Jul-12,4.81,4.94,4.81,4.93,3898
30-Jul-12,4.71,4.85,4.71,4.81,23665
27-Jul-12,4.88,4.95,4.88,4.90,18133
26-Jul-12,4.88,4.89,4.80,4.88,6319
25-Jul-12,4.72,4.83,4.71,4.80,7520
24-Jul-12,4.84,4.84,4.70,4.71,5481
23-Jul-12,4.88,4.88,4.76,4.84,7996
20-Jul-12,4.96,4.96,4.95,4.95,22674
19-Jul-12,4.98,5.05,4.98,5.02,2834
18-Jul-12,4.90,4.98,4.90,4.95,8058
17-Jul-12,4.89,4.90,4.84,4.84,2900
16-Jul-12,4.95,4.95,4.85,4.89,4900
13-Jul-12,4.90,4.98,4.90,4.97,14890
12-Jul-12,4.91,4.91,4.79,4.85,13100
11-Jul-12,5.02,5.06,4.94,4.96,12458
10-Jul-12,5.07,5.07,4.97,5.03,12124
9-Jul-12,5.06,5.06,5.00,5.01,3105
6-Jul-12,5.14,5.14,5.05,5.05,1700
5-Jul-12,5.06,5.20,5.06,5.20,4691
3-Jul-12,5.24,5.24,5.09,5.10,17869
2-Jul-12,5.14,5.25,5.14,5.19,13212
29-Jun-12,5.20,5.20,5.06,5.07,16942
28-Jun-12,5.05,5.09,5.00,5.04,23218
27-Jun-12,5.02,5.11,5.01,5.08,20417
26-Jun-12,5.03,5.08,5.00,5.03,4500
25-Jun-12,5.02,5.10,5.01,5.03,5801
22-Jun-12,5.12,5.22,5.08,5.09,3461
21-Jun-12,5.24,5.24,5.04,5.09,10400
20-Jun-12,5.25,5.30,5.11,5.29,3100
19-Jun-12,5.10,5.31,5.10,5.21,3401
18-Jun-12,5.05,5.09,5.00,5.08,7565
15-Jun-12,5.17,5.17,5.04,5.05,18267
14-Jun-12,5.03,5.18,5.02,5.10,10709
13-Jun-12,5.23,5.28,5.06,5.07,7420
12-Jun-12,5.25,5.25,4.94,5.22,10586
11-Jun-12,5.50,5.50,5.07,5.12,20585
8-Jun-12,5.40,5.74,5.35,5.41,47702
7-Jun-12,5.27,5.75,5.06,5.47,88695
6-Jun-12,4.45,4.79,4.45,4.77,20221
5-Jun-12,4.22,4.39,4.22,4.36,6835
4-Jun-12,4.34,4.37,4.22,4.22,16803
1-Jun-12,4.55,4.55,4.29,4.29,10224
31-May-12,4.31,4.64,4.31,4.64,9261
30-May-12,4.33,4.38,4.31,4.33,4867
29-May-12,4.36,4.49,4.29,4.34,7218
25-May-12,4.38,4.48,4.36,4.36,6775
24-May-12,4.40,4.41,4.30,4.37,2990
23-May-12,4.35,4.39,4.32,4.39,4999
22-May-12,4.46,4.72,4.38,4.44,6422
21-May-12,4.32,4.44,4.32,4.41,6520
18-May-12,4.43,4.44,4.33,4.33,15894
17-May-12,4.65,4.65,4.44,4.46,7539
16-May-12,4.61,4.70,4.61,4.63,9510
15-May-12,4.84,4.84,4.61,4.62,9105
14-May-12,4.82,4.98,4.82,4.84,29876
11-May-12,5.09,5.09,4.92,4.95,5270
10-May-12,5.09,5.17,5.09,5.12,11330
9-May-12,4.93,5.08,4.86,5.08,21409
8-May-12,5.18,5.18,4.83,4.94,40330
7-May-12,5.55,5.60,4.97,5.16,60314
4-May-12,6.14,6.22,6.07,6.10,18276
3-May-12,6.50,6.62,6.18,6.20,10949
2-May-12,6.58,6.59,6.39,6.44,5474
1-May-12,6.34,6.73,6.34,6.61,7928
30-Apr-12,6.30,6.33,6.20,6.30,17134
27-Apr-12,5.97,6.40,5.87,6.38,39533
26-Apr-12,5.85,5.91,5.78,5.85,13222
25-Apr-12,5.90,5.90,5.83,5.88,9744
24-Apr-12,5.87,5.89,5.82,5.85,20547
23-Apr-12,5.76,5.87,5.70,5.87,14185
20-Apr-12,5.85,5.94,5.81,5.85,5636
19-Apr-12,5.86,5.89,5.78,5.80,8460
18-Apr-12,5.90,5.91,5.85,5.89,3387
17-Apr-12,5.86,5.95,5.86,5.95,7170
16-Apr-12,5.90,5.97,5.78,5.81,14077
13-Apr-12,5.94,6.02,5.86,5.91,7792
12-Apr-12,6.06,6.09,5.86,5.98,35170
11-Apr-12,5.71,6.07,5.60,6.04,10694
10-Apr-12,5.92,5.92,5.59,5.65,15586
9-Apr-12,6.07,6.07,5.88,5.93,22580
5-Apr-12,6.18,6.34,6.10,6.17,5704
4-Apr-12,6.26,6.27,6.16,6.19,3586
3-Apr-12,6.35,6.48,6.28,6.29,29081
2-Apr-12,6.45,6.45,6.25,6.30,24928
30-Mar-12,6.61,6.61,6.33,6.34,14508
29-Mar-12,6.59,6.65,6.49,6.53,25115
28-Mar-12,6.79,6.81,6.47,6.60,11802
27-Mar-12,6.59,6.82,6.59,6.78,27085
26-Mar-12,6.48,6.62,6.39,6.53,66044
23-Mar-12,6.20,6.41,6.04,6.40,28939
22-Mar-12,6.30,6.31,6.09,6.21,36234
21-Mar-12,6.50,6.50,6.26,6.30,45174
20-Mar-12,6.39,6.51,6.34,6.45,41538
19-Mar-12,6.29,6.52,6.26,6.42,55496
16-Mar-12,6.05,6.46,6.05,6.20,291811
15-Mar-12,5.85,6.21,5.57,6.08,139595
14-Mar-12,5.35,5.38,5.21,5.30,16163
13-Mar-12,5.11,5.35,5.11,5.32,12165
12-Mar-12,5.14,5.24,4.99,5.09,11754
9-Mar-12,4.88,5.16,4.88,5.12,13049
8-Mar-12,4.88,4.89,4.81,4.88,11678
7-Mar-12,4.90,4.98,4.84,4.89,5857
6-Mar-12,4.85,4.90,4.84,4.89,6450
5-Mar-12,5.05,5.05,4.92,4.94,8165
2-Mar-12,5.10,5.12,4.85,5.09,28219
1-Mar-12,5.12,5.28,5.12,5.21,8783
29-Feb-12,5.20,5.29,5.14,5.14,11557
28-Feb-12,5.33,5.33,5.21,5.21,8676
27-Feb-12,5.34,5.39,5.30,5.30,6276
24-Feb-12,5.39,5.56,5.30,5.44,8068
23-Feb-12,5.37,5.38,5.33,5.34,3241
22-Feb-12,5.38,5.48,5.36,5.37,6077
21-Feb-12,5.40,5.48,5.37,5.38,5393
17-Feb-12,5.42,5.42,5.34,5.36,8280
16-Feb-12,5.34,5.45,5.14,5.42,29613
15-Feb-12,5.58,5.58,5.39,5.39,7530
14-Feb-12,5.36,5.54,5.31,5.47,36585
13-Feb-12,5.40,5.40,5.33,5.37,12591
10-Feb-12,5.40,5.42,5.30,5.34,9550
9-Feb-12,5.47,5.47,5.32,5.42,14984
8-Feb-12,5.36,5.45,5.36,5.44,10108
7-Feb-12,5.50,5.51,5.32,5.34,10215
6-Feb-12,5.54,5.57,5.43,5.49,12722
3-Feb-12,5.74,5.74,5.50,5.55,24495
2-Feb-12,5.72,5.78,5.63,5.69,18800
1-Feb-12,5.42,5.71,5.35,5.69,39233
31-Jan-12,5.11,5.38,5.06,5.35,17470
30-Jan-12,5.06,5.11,5.00,5.06,17524
27-Jan-12,4.98,5.08,4.93,5.07,9227
26-Jan-12,5.01,5.02,4.93,4.96,4540
25-Jan-12,4.81,5.03,4.70,5.02,17272
24-Jan-12,4.94,4.96,4.83,4.83,28488
23-Jan-12,5.04,5.14,4.94,4.95,20238
20-Jan-12,5.02,5.07,4.98,5.05,13173
19-Jan-12,5.02,5.15,5.00,5.05,13300
18-Jan-12,4.88,5.05,4.87,5.01,40050
17-Jan-12,4.94,4.94,4.82,4.90,12292
13-Jan-12,4.89,4.89,4.89,4.89,0
12-Jan-12,4.88,4.95,4.86,4.94,10257
11-Jan-12,4.80,4.92,4.68,4.87,12096
10-Jan-12,5.02,5.02,4.82,4.86,5912
9-Jan-12,5.07,5.07,4.96,4.99,31241
6-Jan-12,4.89,5.00,4.85,5.00,19270
5-Jan-12,4.70,4.86,4.70,4.84,18203
4-Jan-12,4.56,4.82,4.56,4.78,30326
3-Jan-12,4.29,4.61,4.29,4.60,41679
30-Dec-11,4.15,4.27,4.08,4.25,23385
29-Dec-11,4.07,4.21,4.07,4.20,21527
28-Dec-11,4.16,4.18,4.10,4.11,6000
27-Dec-11,4.25,4.29,4.15,4.17,19478
23-Dec-11,4.26,4.26,4.26,4.26,0
22-Dec-11,4.10,4.33,4.09,4.27,53870
21-Dec-11,4.10,4.11,4.01,4.10,31221
20-Dec-11,4.15,4.15,3.99,4.09,57829
19-Dec-11,4.20,4.20,4.00,4.04,46358
16-Dec-11,4.12,4.25,4.03,4.15,26078
15-Dec-11,4.10,4.26,4.06,4.11,17867
14-Dec-11,4.15,4.15,4.00,4.09,8900
13-Dec-11,4.26,4.29,4.13,4.20,10653
12-Dec-11,4.25,4.29,4.12,4.25,29942
9-Dec-11,4.26,4.36,4.22,4.33,9601
8-Dec-11,4.41,4.42,4.25,4.26,32027
7-Dec-11,4.39,4.48,4.31,4.45,3180
6-Dec-11,4.44,4.53,4.31,4.43,12294
5-Dec-11,4.49,4.65,4.49,4.53,6522
2-Dec-11,4.42,4.55,4.40,4.44,5137
1-Dec-11,4.37,4.51,4.37,4.40,3120
30-Nov-11,4.42,4.47,4.33,4.35,23524
29-Nov-11,4.25,4.41,4.20,4.24,14571
28-Nov-11,4.33,4.47,4.26,4.28,29206
25-Nov-11,4.20,4.34,4.20,4.24,13001
23-Nov-11,4.22,4.22,4.22,4.22,0
22-Nov-11,4.39,4.45,4.31,4.35,16124
21-Nov-11,4.37,4.47,4.30,4.46,30716
18-Nov-11,4.52,4.54,4.38,4.50,28561
17-Nov-11,4.73,4.73,4.45,4.54,35480
16-Nov-11,4.84,4.84,4.70,4.70,17328
15-Nov-11,4.75,4.84,4.67,4.84,39044
14-Nov-11,4.73,4.84,4.69,4.75,59396
11-Nov-11,4.60,4.76,4.57,4.75,69539
10-Nov-11,4.70,4.70,4.40,4.51,73333
9-Nov-11,4.70,4.80,4.56,4.58,35783
8-Nov-11,5.01,5.07,4.75,4.88,80021
7-Nov-11,5.25,5.49,4.91,5.00,155052
4-Nov-11,4.98,5.00,4.90,5.00,14108
3-Nov-11,4.92,5.05,4.80,4.95,25955
2-Nov-11,5.06,5.09,4.76,4.90,27294
1-Nov-11,4.77,4.95,4.57,4.91,31466
31-Oct-11,4.96,5.08,4.90,4.98,45320
28-Oct-11,4.83,4.96,4.80,4.96,19166
27-Oct-11,4.75,4.88,4.70,4.88,61556
26-Oct-11,4.68,4.74,4.65,4.73,22399
25-Oct-11,4.69,4.70,4.55,4.61,30540
24-Oct-11,4.47,4.66,4.47,4.65,42761
21-Oct-11,4.47,4.75,4.39,4.45,66953
20-Oct-11,4.30,4.45,4.25,4.37,59446
19-Oct-11,4.00,4.28,4.00,4.22,52882
18-Oct-11,3.75,3.99,3.70,3.99,37827
17-Oct-11,3.85,3.92,3.68,3.78,45402
14-Oct-11,3.80,3.89,3.66,3.81,29024
13-Oct-11,3.72,3.72,3.60,3.70,16830
12-Oct-11,3.55,3.81,3.55,3.75,50297
11-Oct-11,3.44,3.55,3.41,3.50,46600
10-Oct-11,3.54,3.54,3.41,3.46,13730
7-Oct-11,3.59,3.59,3.33,3.42,17100
6-Oct-11,3.30,3.54,3.29,3.52,88000
5-Oct-11,3.13,3.27,3.13,3.27,34900
4-Oct-11,2.97,3.15,2.80,3.15,38053
3-Oct-11,3.49,3.49,2.95,3.01,62101
30-Sep-11,3.62,3.65,3.47,3.53,27475
29-Sep-11,3.82,3.82,3.62,3.67,27599
