Date,Open,High,Low,Close,Volume
26-Sep-12,3.99,3.99,3.75,3.91,2600
25-Sep-12,3.97,4.03,3.92,4.02,3100
24-Sep-12,4.18,4.28,4.03,4.03,6635
21-Sep-12,4.05,4.26,4.00,4.26,15413
20-Sep-12,4.01,4.03,3.96,4.02,15400
19-Sep-12,3.85,4.04,3.85,3.98,13400
18-Sep-12,3.84,3.84,3.80,3.82,5800
17-Sep-12,3.88,4.08,3.80,3.83,3700
14-Sep-12,3.95,4.05,3.86,3.86,5600
13-Sep-12,4.23,4.25,3.68,3.92,38057
12-Sep-12,4.17,4.25,4.12,4.18,7300
11-Sep-12,4.04,4.15,4.03,4.15,8400
10-Sep-12,4.06,4.15,4.05,4.07,8633
7-Sep-12,3.99,4.14,3.94,4.10,9049
6-Sep-12,3.80,4.02,3.80,4.00,47060
5-Sep-12,3.75,3.85,3.65,3.75,38850
4-Sep-12,3.70,3.80,3.70,3.80,3800
31-Aug-12,3.93,3.93,3.66,3.66,9688
30-Aug-12,3.61,3.96,3.60,3.93,4384
29-Aug-12,3.81,3.81,3.59,3.63,7600
28-Aug-12,3.89,3.98,3.79,3.79,3900
27-Aug-12,3.62,3.85,3.62,3.85,6000
24-Aug-12,3.76,3.77,3.55,3.66,8450
23-Aug-12,3.97,3.97,3.75,3.80,6974
22-Aug-12,3.99,4.03,3.87,3.92,5600
21-Aug-12,4.06,4.11,3.80,3.96,8848
20-Aug-12,3.96,4.07,3.96,4.00,4808
17-Aug-12,4.00,4.00,3.81,4.00,10456
16-Aug-12,3.86,4.10,3.82,4.04,9931
15-Aug-12,3.68,3.82,3.68,3.82,11940
14-Aug-12,3.82,3.82,3.67,3.69,9876
13-Aug-12,3.81,3.88,3.74,3.84,3400
10-Aug-12,3.81,3.92,3.79,3.80,4800
9-Aug-12,3.77,3.88,3.74,3.79,8150
8-Aug-12,3.98,3.98,3.71,3.77,9125
7-Aug-12,4.05,4.05,3.95,3.95,5300
6-Aug-12,4.18,4.18,3.93,4.05,9190
3-Aug-12,4.25,4.25,4.13,4.16,8200
2-Aug-12,4.12,4.34,4.09,4.24,19365
1-Aug-12,4.06,4.27,4.06,4.27,12700
31-Jul-12,4.08,4.09,4.00,4.02,10500
30-Jul-12,4.11,4.11,4.00,4.00,9750
27-Jul-12,4.12,4.19,3.97,4.07,16600
26-Jul-12,4.06,4.16,3.91,4.13,14446
25-Jul-12,4.00,4.08,3.99,4.08,15049
24-Jul-12,3.97,4.17,3.97,4.03,12539
23-Jul-12,4.03,4.07,3.87,3.87,5700
20-Jul-12,3.99,4.07,3.99,4.03,4025
19-Jul-12,4.04,4.07,4.00,4.02,11786
18-Jul-12,3.99,4.07,3.95,4.04,3400
17-Jul-12,3.99,4.05,3.93,4.01,10100
16-Jul-12,4.03,4.09,3.95,4.01,24630
13-Jul-12,3.75,3.92,3.72,3.89,6410
12-Jul-12,3.61,3.90,3.61,3.71,5100
11-Jul-12,3.73,3.73,3.53,3.68,4100
10-Jul-12,4.02,4.05,3.67,3.70,10579
9-Jul-12,4.05,4.06,3.96,3.96,9070
6-Jul-12,4.05,4.09,4.03,4.03,5900
5-Jul-12,3.98,4.19,3.98,4.05,8500
3-Jul-12,3.90,3.96,3.90,3.96,6300
2-Jul-12,3.96,4.02,3.88,3.90,8167
29-Jun-12,4.07,4.07,3.92,4.01,5800
28-Jun-12,4.00,4.05,3.81,4.05,19210
27-Jun-12,4.00,4.07,4.00,4.05,4754
26-Jun-12,3.86,4.11,3.80,3.96,24215
25-Jun-12,3.99,4.12,3.74,3.80,19341
22-Jun-12,3.74,4.09,3.41,4.09,18468
21-Jun-12,3.98,3.98,3.61,3.82,13074
20-Jun-12,4.02,4.05,3.86,4.01,31201
19-Jun-12,4.20,4.25,3.95,4.05,25460
18-Jun-12,3.94,4.19,3.94,4.14,35974
15-Jun-12,3.69,3.93,3.69,3.88,21570
14-Jun-12,3.91,3.99,3.67,3.75,17156
13-Jun-12,4.06,4.12,3.95,4.00,12870
12-Jun-12,4.06,4.34,4.06,4.13,33648
11-Jun-12,3.75,4.20,3.75,4.14,25139
8-Jun-12,3.24,3.94,3.24,3.74,32244
7-Jun-12,3.21,3.35,3.01,3.35,8920
6-Jun-12,3.22,3.22,3.01,3.13,11207
5-Jun-12,2.72,3.27,2.72,3.22,34098
4-Jun-12,2.81,2.82,2.70,2.70,4000
1-Jun-12,2.72,2.84,2.63,2.74,14078
31-May-12,2.76,2.94,2.70,2.74,17946
30-May-12,2.41,2.53,2.30,2.35,3600
29-May-12,2.52,2.54,2.41,2.43,10000
25-May-12,2.66,2.74,2.50,2.50,5798
24-May-12,2.51,2.71,2.51,2.62,5700
23-May-12,2.51,2.60,2.43,2.47,42467
22-May-12,2.59,2.66,2.51,2.53,11600
21-May-12,2.83,2.83,2.55,2.62,12400
18-May-12,3.02,3.02,2.78,2.80,7300
17-May-12,3.09,3.09,2.88,3.02,9260
16-May-12,3.35,3.35,3.02,3.11,6700
15-May-12,3.09,3.48,3.09,3.33,22424
14-May-12,3.20,3.20,3.07,3.11,7315
11-May-12,3.08,3.23,3.00,3.12,7800
10-May-12,3.03,3.16,3.03,3.12,2500
9-May-12,3.02,3.08,3.01,3.02,5400
8-May-12,3.05,3.15,3.02,3.05,5300
7-May-12,3.12,3.15,3.04,3.08,4900
4-May-12,3.09,3.20,3.09,3.19,6071
3-May-12,3.07,3.12,3.05,3.11,4710
2-May-12,3.20,3.20,3.00,3.07,8030
1-May-12,3.11,3.28,3.08,3.28,16333
30-Apr-12,3.08,3.12,3.01,3.05,4300
27-Apr-12,3.21,3.21,3.07,3.12,6400
26-Apr-12,2.96,3.18,2.96,3.18,8604
25-Apr-12,3.04,3.04,2.93,2.98,5900
24-Apr-12,2.97,3.04,2.96,3.04,9000
23-Apr-12,3.01,3.06,2.98,2.98,28950
20-Apr-12,3.30,3.33,2.98,3.01,21461
19-Apr-12,3.28,3.39,3.28,3.33,6170
18-Apr-12,3.35,3.35,3.27,3.28,2200
17-Apr-12,3.50,3.50,3.32,3.33,2000
16-Apr-12,3.62,3.65,3.29,3.51,14800
13-Apr-12,3.29,3.64,3.29,3.56,15431
12-Apr-12,3.01,3.30,3.01,3.28,3898
11-Apr-12,3.03,3.03,2.95,3.02,2600
10-Apr-12,3.03,3.06,2.92,2.96,9755
9-Apr-12,3.13,3.15,2.96,3.02,17600
5-Apr-12,3.16,3.16,3.02,3.11,3300
4-Apr-12,3.20,3.21,3.13,3.15,6100
3-Apr-12,3.19,3.30,3.19,3.20,3700
2-Apr-12,3.00,3.21,3.00,3.19,6475
30-Mar-12,3.00,3.04,2.90,3.02,13295
29-Mar-12,3.02,3.07,2.97,3.05,21000
28-Mar-12,3.08,3.14,3.01,3.02,22570
27-Mar-12,3.49,3.49,2.91,3.08,24410
26-Mar-12,3.60,3.60,3.38,3.42,3200
23-Mar-12,3.81,3.84,3.55,3.56,11629
22-Mar-12,3.95,3.95,3.80,3.84,2650
21-Mar-12,4.09,4.13,3.96,3.96,4400
20-Mar-12,3.95,4.06,3.81,4.06,10400
19-Mar-12,4.48,4.48,3.80,3.86,27099
16-Mar-12,3.85,4.00,3.85,4.00,11659
15-Mar-12,3.95,3.95,3.68,3.82,9901
14-Mar-12,4.16,4.16,3.89,3.93,3670
13-Mar-12,4.35,4.39,4.09,4.11,5665
12-Mar-12,4.12,4.41,4.12,4.39,3400
9-Mar-12,3.75,4.16,3.75,4.12,12630
8-Mar-12,3.53,3.76,3.53,3.70,9795
7-Mar-12,3.46,3.58,3.46,3.53,7212
6-Mar-12,3.83,3.83,3.40,3.46,6480
5-Mar-12,4.27,4.27,3.81,3.81,11664
2-Mar-12,4.45,4.45,4.17,4.27,3940
1-Mar-12,4.57,4.59,4.47,4.47,2800
29-Feb-12,4.53,4.55,4.46,4.53,1634
28-Feb-12,4.67,4.67,4.49,4.49,2842
27-Feb-12,4.67,4.70,4.63,4.68,2873
24-Feb-12,4.69,4.74,4.59,4.64,4229
23-Feb-12,4.56,4.66,4.56,4.63,2054
22-Feb-12,4.75,4.75,4.51,4.55,4342
21-Feb-12,4.65,4.68,4.57,4.66,3901
17-Feb-12,4.44,4.62,4.43,4.62,7507
16-Feb-12,4.60,4.61,4.38,4.38,8066
15-Feb-12,4.54,4.65,4.51,4.58,9270
14-Feb-12,4.88,4.89,4.43,4.54,42500
13-Feb-12,5.10,5.10,4.87,4.99,16280
10-Feb-12,4.95,5.12,4.81,5.02,41704
9-Feb-12,4.39,4.92,4.39,4.85,43465
8-Feb-12,4.07,4.42,4.00,4.37,20571
7-Feb-12,3.91,4.06,3.88,4.06,16685
6-Feb-12,3.86,3.92,3.86,3.92,4159
3-Feb-12,3.79,3.88,3.79,3.80,9500
2-Feb-12,3.79,3.83,3.73,3.75,17264
1-Feb-12,3.65,3.74,3.65,3.70,6623
31-Jan-12,3.63,3.66,3.63,3.64,4250
30-Jan-12,3.44,3.66,3.43,3.61,5600
27-Jan-12,3.42,3.44,3.40,3.44,6100
26-Jan-12,3.45,3.45,3.36,3.38,4300
25-Jan-12,3.47,3.47,3.39,3.45,6900
24-Jan-12,3.39,3.47,3.36,3.45,5950
23-Jan-12,3.32,3.38,3.30,3.37,8600
20-Jan-12,3.33,3.33,3.25,3.28,2400
19-Jan-12,3.35,3.35,3.19,3.26,1900
18-Jan-12,3.20,3.34,3.18,3.30,10400
17-Jan-12,3.09,3.20,3.05,3.20,2400
13-Jan-12,3.05,3.05,3.05,3.05,0
12-Jan-12,2.74,2.90,2.67,2.90,8100
11-Jan-12,2.56,2.71,2.48,2.71,5900
10-Jan-12,2.50,2.54,2.48,2.52,7080
9-Jan-12,2.56,2.56,2.48,2.48,700
6-Jan-12,2.50,2.52,2.47,2.51,3800
5-Jan-12,2.46,2.51,2.46,2.48,3800
4-Jan-12,2.65,2.65,2.41,2.48,13200
3-Jan-12,2.52,2.63,2.51,2.63,3840
30-Dec-11,2.39,2.55,2.34,2.55,7184
29-Dec-11,2.42,2.50,2.38,2.39,5514
28-Dec-11,2.50,2.52,2.33,2.46,8300
27-Dec-11,2.60,2.60,2.52,2.52,800
23-Dec-11,2.55,2.55,2.55,2.55,0
22-Dec-11,2.68,2.74,2.68,2.74,700
21-Dec-11,2.67,2.72,2.61,2.67,3900
20-Dec-11,2.75,2.80,2.62,2.70,7600
19-Dec-11,2.66,2.74,2.65,2.70,2300
16-Dec-11,2.37,2.66,2.37,2.63,4783
15-Dec-11,2.37,2.44,2.37,2.43,12091
14-Dec-11,2.61,2.61,2.39,2.39,18500
13-Dec-11,2.72,2.72,2.58,2.59,3103
12-Dec-11,2.80,2.81,2.56,2.60,6297
9-Dec-11,2.85,2.85,2.78,2.81,4025
8-Dec-11,2.89,2.89,2.78,2.82,3297
7-Dec-11,3.00,3.00,2.82,2.87,8600
6-Dec-11,2.99,3.00,2.96,2.99,2766
5-Dec-11,3.00,3.04,2.80,2.97,2775
2-Dec-11,3.05,3.05,2.99,2.99,2600
1-Dec-11,3.11,3.12,2.93,2.97,6100
30-Nov-11,3.05,3.15,3.00,3.15,14019
29-Nov-11,3.09,3.09,3.04,3.07,2199
28-Nov-11,3.07,3.12,3.07,3.12,812
25-Nov-11,3.13,3.13,3.05,3.09,1000
23-Nov-11,3.09,3.09,3.09,3.09,0
22-Nov-11,2.99,3.09,2.99,3.09,8400
21-Nov-11,3.00,3.00,2.79,3.00,14460
18-Nov-11,3.06,3.09,3.02,3.02,2600
17-Nov-11,3.07,3.15,3.04,3.10,1400
16-Nov-11,3.03,3.05,3.01,3.01,1300
15-Nov-11,2.99,3.05,2.95,3.02,3400
14-Nov-11,3.17,3.21,2.92,2.93,31000
11-Nov-11,3.12,3.14,3.09,3.10,20080
10-Nov-11,3.29,3.29,3.12,3.12,16100
9-Nov-11,3.30,3.30,3.19,3.19,1800
8-Nov-11,3.47,3.47,3.26,3.27,4300
7-Nov-11,3.35,3.38,3.30,3.38,1750
4-Nov-11,3.47,3.47,3.41,3.41,2500
3-Nov-11,3.44,3.44,3.40,3.42,3000
2-Nov-11,3.26,3.48,3.25,3.48,15028
1-Nov-11,3.23,3.23,3.13,3.17,1900
31-Oct-11,3.23,3.23,3.13,3.23,13768
28-Oct-11,3.26,3.26,3.23,3.26,1800
27-Oct-11,3.26,3.26,3.12,3.25,3600
26-Oct-11,3.00,3.25,2.96,3.25,4250
25-Oct-11,2.95,3.00,2.88,3.00,2700
24-Oct-11,2.91,2.91,2.85,2.90,600
21-Oct-11,3.10,3.10,2.77,2.84,2750
20-Oct-11,2.92,3.07,2.91,3.07,1832
19-Oct-11,2.86,2.88,2.86,2.88,1101
18-Oct-11,2.93,2.93,2.87,2.87,4600
17-Oct-11,2.81,2.88,2.81,2.86,2771
14-Oct-11,2.89,2.89,2.80,2.80,2401
13-Oct-11,2.87,2.87,2.84,2.84,1450
12-Oct-11,2.75,2.94,2.74,2.86,5100
11-Oct-11,2.61,2.75,2.61,2.71,1000
10-Oct-11,2.75,2.75,2.62,2.67,500
7-Oct-11,2.72,2.72,2.67,2.67,600
6-Oct-11,2.51,2.68,2.51,2.67,3800
5-Oct-11,2.58,2.62,2.45,2.51,5500
4-Oct-11,2.69,2.69,2.54,2.57,4800
3-Oct-11,2.84,2.84,2.63,2.63,4600
30-Sep-11,2.83,2.90,2.75,2.90,1708
29-Sep-11,2.91,2.91,2.73,2.81,4300
