Date,Open,High,Low,Close,Volume
27-Sep-12,5.45,5.45,5.45,5.45,2000
26-Sep-12,5.35,5.35,5.35,5.35,0
25-Sep-12,5.35,5.43,5.35,5.43,11358
24-Sep-12,5.40,5.43,5.37,5.37,470
21-Sep-12,5.16,5.38,5.15,5.38,12211
20-Sep-12,5.21,5.21,5.17,5.20,2400
19-Sep-12,5.17,5.30,5.17,5.30,975
18-Sep-12,5.36,5.36,5.16,5.16,8100
17-Sep-12,5.38,5.38,5.38,5.38,0
14-Sep-12,5.38,5.38,5.38,5.38,153
13-Sep-12,5.34,5.35,5.34,5.35,4000
12-Sep-12,5.25,5.25,5.25,5.25,0
11-Sep-12,5.25,5.25,5.25,5.25,0
10-Sep-12,5.25,5.25,5.25,5.25,0
7-Sep-12,5.30,5.30,5.25,5.25,3000
6-Sep-12,5.35,5.35,5.35,5.35,0
5-Sep-12,5.20,5.20,5.20,5.20,0
4-Sep-12,5.20,5.38,5.20,5.35,1400
31-Aug-12,5.20,5.20,5.15,5.15,2886
30-Aug-12,5.19,5.25,5.19,5.25,5868
29-Aug-12,5.20,5.20,5.20,5.20,1100
28-Aug-12,5.20,5.21,5.20,5.20,1700
27-Aug-12,5.25,5.25,5.16,5.16,5599
24-Aug-12,5.19,5.19,5.19,5.19,128
23-Aug-12,5.13,5.13,5.05,5.10,1624
22-Aug-12,5.10,5.13,5.10,5.13,1044
21-Aug-12,5.16,5.16,5.16,5.16,0
20-Aug-12,5.10,5.11,5.10,5.10,2600
17-Aug-12,5.18,5.18,5.02,5.06,5083
16-Aug-12,5.12,5.18,5.04,5.18,3328
15-Aug-12,5.35,5.35,5.35,5.35,0
14-Aug-12,5.36,5.36,5.13,5.13,1800
13-Aug-12,5.22,5.50,5.22,5.35,2000
10-Aug-12,5.39,5.39,5.03,5.10,3600
9-Aug-12,5.39,5.39,5.39,5.39,600
8-Aug-12,5.16,5.26,5.16,5.26,400
7-Aug-12,5.45,5.45,5.45,5.45,0
6-Aug-12,5.35,5.35,5.35,5.35,200
3-Aug-12,5.45,5.45,5.45,5.45,0
2-Aug-12,5.45,5.45,5.45,5.45,101
1-Aug-12,5.50,5.55,5.02,5.55,1126
31-Jul-12,5.43,5.43,5.43,5.43,0
30-Jul-12,5.43,5.43,5.43,5.43,252
27-Jul-12,5.10,5.55,5.00,5.55,8856
26-Jul-12,5.14,5.15,5.03,5.03,400
25-Jul-12,5.29,5.29,5.29,5.29,133
24-Jul-12,5.04,5.04,5.04,5.04,100
23-Jul-12,5.29,5.29,5.29,5.29,0
20-Jul-12,5.29,5.29,5.29,5.29,0
19-Jul-12,5.29,5.29,5.29,5.29,0
18-Jul-12,5.30,5.30,5.15,5.29,346
17-Jul-12,5.31,5.31,5.31,5.31,0
16-Jul-12,5.07,5.59,5.07,5.31,864
13-Jul-12,5.01,5.01,5.01,5.01,100
12-Jul-12,5.41,5.41,5.41,5.41,0
11-Jul-12,5.41,5.41,5.41,5.41,0
10-Jul-12,5.41,5.41,5.41,5.41,0
9-Jul-12,5.41,5.41,5.41,5.41,300
6-Jul-12,5.50,5.50,5.50,5.50,100
5-Jul-12,5.59,5.59,5.59,5.59,100
3-Jul-12,5.59,5.61,5.59,5.61,600
2-Jul-12,5.29,5.57,5.29,5.45,4821
29-Jun-12,5.24,5.30,5.24,5.29,1340
28-Jun-12,5.28,5.28,5.28,5.28,100
27-Jun-12,5.09,5.38,5.09,5.30,9729
26-Jun-12,5.50,5.51,5.46,5.46,11033
25-Jun-12,5.58,5.58,5.58,5.58,0
22-Jun-12,5.58,5.58,5.58,5.58,0
21-Jun-12,5.57,5.57,5.50,5.50,700
20-Jun-12,5.69,5.69,5.69,5.69,0
19-Jun-12,5.69,5.69,5.69,5.69,0
18-Jun-12,5.51,5.60,5.11,5.60,2000
15-Jun-12,5.50,5.69,5.50,5.69,423
14-Jun-12,5.52,5.52,5.52,5.52,0
13-Jun-12,5.51,5.71,5.50,5.52,803
12-Jun-12,5.53,5.53,5.50,5.50,898
11-Jun-12,5.55,5.60,5.55,5.60,200
8-Jun-12,5.52,5.52,5.52,5.52,200
7-Jun-12,5.55,5.55,5.55,5.55,100
6-Jun-12,5.53,5.53,5.50,5.50,600
5-Jun-12,5.62,5.62,5.62,5.62,300
4-Jun-12,5.77,5.77,5.77,5.77,300
1-Jun-12,5.99,5.99,5.77,5.77,400
31-May-12,5.53,5.71,5.53,5.70,2198
30-May-12,5.89,5.89,5.50,5.50,7434
29-May-12,5.78,5.79,5.75,5.75,1650
25-May-12,5.70,5.80,5.69,5.78,1100
24-May-12,5.65,5.70,5.65,5.67,900
23-May-12,5.54,5.68,5.54,5.68,212
22-May-12,5.65,5.65,5.65,5.65,362
21-May-12,5.70,5.77,5.53,5.65,2500
18-May-12,5.79,5.79,5.79,5.79,0
17-May-12,5.79,5.80,5.64,5.64,582
16-May-12,5.78,5.86,5.71,5.81,2386
15-May-12,5.80,5.80,5.80,5.80,0
14-May-12,5.47,5.88,5.47,5.80,4416
11-May-12,5.70,5.70,5.56,5.56,408
10-May-12,5.73,5.73,5.73,5.73,0
9-May-12,5.73,5.73,5.73,5.73,0
8-May-12,5.90,5.92,5.73,5.73,600
7-May-12,5.58,5.65,5.58,5.60,4021
4-May-12,5.69,5.69,5.56,5.56,5421
3-May-12,6.18,6.19,5.65,5.90,13143
2-May-12,6.18,6.18,6.18,6.18,300
1-May-12,5.97,6.33,5.97,6.33,800
30-Apr-12,5.81,5.81,5.81,5.81,0
27-Apr-12,5.81,5.81,5.81,5.81,0
26-Apr-12,5.81,5.81,5.81,5.81,0
25-Apr-12,5.75,5.81,5.75,5.81,2467
24-Apr-12,5.73,5.75,5.72,5.75,2634
23-Apr-12,5.50,5.62,5.50,5.62,5766
20-Apr-12,5.52,5.52,5.50,5.50,2000
19-Apr-12,5.65,5.65,5.65,5.65,0
18-Apr-12,5.65,5.65,5.65,5.65,0
17-Apr-12,5.65,5.65,5.65,5.65,0
16-Apr-12,5.65,5.65,5.65,5.65,0
13-Apr-12,5.65,5.65,5.65,5.65,0
12-Apr-12,5.60,5.60,5.60,5.60,100
11-Apr-12,5.65,5.65,5.65,5.65,0
10-Apr-12,5.65,5.65,5.65,5.65,0
9-Apr-12,5.65,5.65,5.65,5.65,0
5-Apr-12,5.65,5.65,5.65,5.65,0
4-Apr-12,5.65,5.65,5.60,5.60,1100
3-Apr-12,5.65,5.77,5.65,5.65,714
2-Apr-12,5.73,5.78,5.65,5.65,701
30-Mar-12,5.51,5.68,5.51,5.63,1378
29-Mar-12,5.63,5.64,5.49,5.63,2800
28-Mar-12,5.53,5.57,5.51,5.51,1400
27-Mar-12,5.75,5.75,5.57,5.72,4350
26-Mar-12,5.81,5.81,5.62,5.80,1475
23-Mar-12,5.76,5.95,5.70,5.89,2100
22-Mar-12,5.64,5.75,5.64,5.75,1500
21-Mar-12,5.83,5.83,5.63,5.68,1900
20-Mar-12,5.76,6.10,5.75,5.83,3563
19-Mar-12,5.81,6.05,5.73,5.73,2786
16-Mar-12,5.81,6.17,5.76,6.17,1400
15-Mar-12,5.84,6.18,5.84,6.18,275
14-Mar-12,5.88,6.04,5.88,6.04,993
13-Mar-12,6.29,6.29,6.29,6.29,0
12-Mar-12,6.03,6.37,6.01,6.29,400
9-Mar-12,6.41,6.51,6.41,6.51,400
8-Mar-12,6.67,6.70,6.55,6.70,3410
7-Mar-12,6.08,7.00,6.08,6.38,3218
6-Mar-12,5.96,6.12,5.83,6.12,1600
5-Mar-12,6.29,6.50,5.96,5.96,1400
2-Mar-12,6.38,6.75,6.21,6.21,2616
1-Mar-12,6.89,7.06,6.49,6.55,4400
29-Feb-12,7.09,7.09,6.92,6.93,5900
28-Feb-12,7.09,7.25,7.09,7.09,1700
27-Feb-12,6.69,7.29,6.68,7.29,9184
24-Feb-12,6.73,6.73,6.73,6.73,0
23-Feb-12,6.73,6.73,6.73,6.73,0
22-Feb-12,6.65,6.74,6.65,6.74,506
21-Feb-12,6.67,6.67,6.67,6.67,0
17-Feb-12,6.67,6.67,6.67,6.67,0
16-Feb-12,6.72,6.72,6.50,6.70,708
15-Feb-12,6.71,6.71,6.43,6.43,500
14-Feb-12,6.82,6.82,6.65,6.70,400
13-Feb-12,6.65,6.65,6.65,6.65,0
10-Feb-12,6.65,6.65,6.65,6.65,0
9-Feb-12,6.49,6.60,6.43,6.43,2600
7-Feb-12,6.48,6.48,6.48,6.48,0
6-Feb-12,6.41,6.57,6.40,6.50,1650
3-Feb-12,6.51,6.89,6.30,6.73,1550
2-Feb-12,6.08,6.57,6.08,6.45,3018
1-Feb-12,6.75,6.85,6.28,6.31,8361
31-Jan-12,6.90,6.90,6.59,6.86,3180
30-Jan-12,6.15,6.61,6.05,6.50,8976
27-Jan-12,5.99,6.25,5.92,6.02,4500
26-Jan-12,6.81,6.99,6.04,6.20,8729
25-Jan-12,6.20,7.23,6.20,7.05,1201
24-Jan-12,5.65,6.27,5.64,6.17,8465
23-Jan-12,6.36,6.36,5.56,5.58,6350
20-Jan-12,5.89,6.29,5.89,6.13,2500
19-Jan-12,5.73,6.30,5.66,5.92,5611
18-Jan-12,6.55,6.55,5.74,5.93,6645
17-Jan-12,5.69,6.37,5.69,6.13,4819
13-Jan-12,5.75,5.75,5.75,5.75,0
12-Jan-12,5.77,5.77,5.77,5.77,0
11-Jan-12,5.64,5.70,5.64,5.70,200
9-Jan-12,5.62,5.62,5.62,5.62,0
6-Jan-12,5.63,5.63,5.55,5.55,15000
5-Jan-12,5.75,5.80,5.67,5.67,800
3-Jan-12,5.70,5.70,5.70,5.70,0
30-Dec-11,5.61,5.61,5.61,5.61,0
29-Dec-11,5.74,6.00,5.69,5.77,6400
28-Dec-11,5.90,5.91,5.88,5.91,1200
27-Dec-11,5.90,5.90,5.90,5.90,0
23-Dec-11,5.60,5.60,5.60,5.60,0
22-Dec-11,5.62,5.62,5.62,5.62,0
21-Dec-11,5.58,5.58,5.58,5.58,267
20-Dec-11,5.58,5.64,5.58,5.58,870
19-Dec-11,5.63,5.65,5.60,5.65,2213
16-Dec-11,5.67,5.83,5.60,5.83,1901
14-Dec-11,5.65,5.65,5.65,5.65,0
13-Dec-11,5.88,5.88,5.88,5.88,0
12-Dec-11,5.73,5.73,5.73,5.73,0
9-Dec-11,5.70,5.74,5.70,5.70,1500
8-Dec-11,5.70,5.70,5.70,5.70,600
7-Dec-11,5.55,5.70,5.55,5.69,7700
5-Dec-11,5.50,5.50,5.50,5.50,0
2-Dec-11,5.70,5.70,5.70,5.70,0
1-Dec-11,5.94,5.99,5.93,5.93,515
30-Nov-11,5.74,5.85,5.70,5.85,2094
29-Nov-11,5.70,5.85,5.70,5.75,1000
28-Nov-11,5.51,5.51,5.51,5.51,0
21-Nov-11,5.68,5.68,5.68,5.68,0
18-Nov-11,5.77,5.77,5.77,5.77,0
16-Nov-11,5.74,5.74,5.74,5.74,0
15-Nov-11,5.78,5.78,5.74,5.74,1055
14-Nov-11,5.76,5.76,5.76,5.76,100
10-Nov-11,5.76,5.76,5.76,5.76,0
9-Nov-11,5.75,5.75,5.75,5.75,2100
7-Nov-11,5.75,5.75,5.75,5.75,0
3-Nov-11,6.35,6.35,6.35,6.35,0
2-Nov-11,5.78,5.78,5.78,5.78,0
1-Nov-11,5.92,5.92,5.92,5.92,0
31-Oct-11,5.79,6.00,5.78,5.87,3110
24-Oct-11,5.78,5.78,5.78,5.78,0
21-Oct-11,5.75,5.75,5.70,5.74,1396
20-Oct-11,5.71,5.72,5.70,5.70,700
18-Oct-11,5.76,5.76,5.76,5.76,0
14-Oct-11,5.89,5.89,5.89,5.89,0
12-Oct-11,5.86,5.86,5.86,5.86,0
11-Oct-11,5.86,5.86,5.86,5.86,300
10-Oct-11,5.97,5.97,5.81,5.81,1800
4-Oct-11,5.85,5.85,5.85,5.85,0
3-Oct-11,6.42,6.48,6.19,6.19,532
30-Sep-11,6.00,6.03,6.00,6.03,3367
29-Sep-11,5.99,6.08,5.99,6.08,400
