Date,Open,High,Low,Close,Volume
27-Sep-12,5.47,5.71,5.31,5.59,39235
26-Sep-12,5.39,5.52,5.38,5.48,13082
25-Sep-12,5.59,5.59,5.42,5.45,24600
24-Sep-12,5.51,5.64,5.38,5.63,21703
21-Sep-12,5.62,5.73,5.50,5.50,42176
20-Sep-12,5.67,5.73,5.65,5.65,7400
19-Sep-12,5.86,5.92,5.70,5.71,21505
18-Sep-12,5.79,5.89,5.76,5.88,8810
17-Sep-12,5.85,5.89,5.80,5.85,13733
14-Sep-12,5.90,5.94,5.85,5.90,14967
13-Sep-12,5.88,5.93,5.85,5.85,13783
12-Sep-12,5.86,5.93,5.86,5.92,912
11-Sep-12,5.75,5.93,5.75,5.93,5408
10-Sep-12,5.87,5.97,5.70,5.70,17892
7-Sep-12,5.89,5.89,5.84,5.84,914
6-Sep-12,5.96,5.96,5.81,5.85,7876
5-Sep-12,5.99,5.99,5.77,5.99,21662
4-Sep-12,5.85,6.05,5.82,6.01,18725
31-Aug-12,5.93,5.94,5.82,5.94,16300
30-Aug-12,6.00,6.08,5.81,5.81,13784
29-Aug-12,6.00,6.14,5.87,6.14,17037
28-Aug-12,6.02,6.03,5.89,6.02,700
27-Aug-12,5.92,6.03,5.92,6.03,1200
24-Aug-12,5.87,5.92,5.80,5.92,22476
23-Aug-12,5.85,6.00,5.78,5.89,38643
22-Aug-12,5.99,5.99,5.75,5.75,58932
21-Aug-12,6.02,6.14,5.82,6.00,16814
20-Aug-12,5.95,6.08,5.68,6.08,127508
17-Aug-12,5.90,5.99,5.82,5.99,3500
16-Aug-12,5.80,5.97,5.78,5.97,39400
15-Aug-12,6.00,6.00,5.80,5.80,500
14-Aug-12,5.90,6.19,5.90,5.96,4200
13-Aug-12,6.12,6.28,6.10,6.22,5000
10-Aug-12,6.27,6.31,6.15,6.31,907
9-Aug-12,6.23,6.30,6.23,6.30,1300
8-Aug-12,6.11,6.29,6.08,6.29,5600
7-Aug-12,5.94,6.16,5.93,6.15,8300
6-Aug-12,0.00,5.85,5.85,5.85,0
3-Aug-12,5.91,5.91,5.85,5.85,3900
2-Aug-12,5.74,6.01,5.68,5.90,5190
1-Aug-12,5.81,6.01,5.66,5.97,2300
31-Jul-12,5.59,5.99,5.59,5.99,4400
30-Jul-12,5.68,5.81,5.61,5.70,2000
27-Jul-12,5.75,5.94,5.66,5.81,7899
26-Jul-12,5.90,5.95,5.78,5.91,700
25-Jul-12,5.85,6.05,5.79,5.90,5700
24-Jul-12,5.75,5.98,5.60,5.95,5338
23-Jul-12,5.78,5.91,5.63,5.91,5700
20-Jul-12,5.81,5.96,5.68,5.76,4100
19-Jul-12,5.93,6.15,5.87,5.87,1800
18-Jul-12,5.91,5.95,5.85,5.95,6300
17-Jul-12,5.92,6.15,5.75,5.85,4000
16-Jul-12,5.82,6.13,5.67,5.92,16842
13-Jul-12,5.77,5.88,5.77,5.88,30800
12-Jul-12,5.68,5.98,5.52,5.80,42250
11-Jul-12,5.97,5.97,5.85,5.85,3200
10-Jul-12,6.09,6.10,5.99,6.01,8500
9-Jul-12,6.01,6.12,6.01,6.06,3700
6-Jul-12,5.97,6.15,5.97,6.03,6400
5-Jul-12,5.99,6.15,5.92,5.99,2800
3-Jul-12,6.07,6.08,6.03,6.06,500
2-Jul-12,6.01,6.01,6.01,6.01,0
29-Jun-12,6.07,6.15,5.92,6.01,8200
28-Jun-12,5.97,6.06,5.86,6.00,9500
27-Jun-12,5.92,6.10,5.91,6.10,9600
26-Jun-12,5.98,6.00,5.84,6.00,7839
25-Jun-12,5.90,5.90,5.90,5.90,500
22-Jun-12,5.89,5.89,5.89,5.89,0
21-Jun-12,5.77,5.98,5.77,5.89,11000
20-Jun-12,5.80,5.96,5.80,5.96,880
19-Jun-12,5.78,5.85,5.78,5.85,2600
18-Jun-12,5.79,5.95,5.74,5.79,2900
15-Jun-12,5.83,6.02,5.75,5.84,2200
14-Jun-12,5.82,5.82,5.81,5.82,600
13-Jun-12,5.86,5.89,5.65,5.86,9600
12-Jun-12,5.66,5.97,5.66,5.77,7750
11-Jun-12,5.76,5.79,5.69,5.76,2700
8-Jun-12,5.63,5.94,5.53,5.76,12290
7-Jun-12,5.69,5.82,5.57,5.65,6000
6-Jun-12,5.60,5.60,5.52,5.52,6500
5-Jun-12,5.57,5.76,5.55,5.55,5600
4-Jun-12,5.48,5.48,5.48,5.48,100
1-Jun-12,5.70,5.79,5.63,5.63,2600
31-May-12,5.45,5.82,5.42,5.82,9430
30-May-12,5.45,5.72,5.36,5.54,9300
29-May-12,5.35,5.63,5.31,5.63,2840
25-May-12,5.50,5.50,5.50,5.50,0
24-May-12,5.35,5.54,5.35,5.50,7403
23-May-12,5.48,5.48,5.35,5.40,4500
22-May-12,5.63,5.63,5.39,5.44,2400
21-May-12,5.58,5.59,5.43,5.58,700
18-May-12,5.42,5.49,5.42,5.46,40321
17-May-12,5.37,5.50,5.37,5.44,12850
16-May-12,5.45,5.45,5.35,5.41,42150
15-May-12,5.50,5.52,5.36,5.44,17075
14-May-12,5.50,5.50,5.35,5.45,67596
11-May-12,5.60,5.62,5.33,5.44,20320
10-May-12,5.59,5.73,5.55,5.60,20433
9-May-12,5.53,5.60,5.53,5.53,9576
8-May-12,5.57,5.81,5.43,5.55,8100
7-May-12,5.61,5.81,5.60,5.70,9600
4-May-12,5.72,5.82,5.66,5.70,41021
3-May-12,5.73,5.85,5.67,5.85,12072
2-May-12,5.47,5.82,5.47,5.72,113721
1-May-12,5.54,5.69,5.54,5.65,589
30-Apr-12,5.45,5.79,5.40,5.56,8547
27-Apr-12,5.44,5.51,5.39,5.50,9534
26-Apr-12,5.45,5.54,5.43,5.43,9400
25-Apr-12,5.45,5.50,5.39,5.42,9320
24-Apr-12,5.50,5.56,5.21,5.43,24200
23-Apr-12,5.50,5.59,5.48,5.50,10100
20-Apr-12,5.55,5.58,5.55,5.55,3900
19-Apr-12,5.54,5.56,5.49,5.55,11900
18-Apr-12,5.46,5.60,5.46,5.55,8500
17-Apr-12,5.59,5.65,5.55,5.55,5008
16-Apr-12,5.50,5.70,5.45,5.62,15601
13-Apr-12,5.69,5.80,5.59,5.59,18700
12-Apr-12,5.55,5.96,5.55,5.76,11550
11-Apr-12,5.45,5.70,5.45,5.59,35632
10-Apr-12,5.59,5.73,5.53,5.53,10382
9-Apr-12,5.65,5.72,5.60,5.60,12444
5-Apr-12,5.60,5.88,5.60,5.68,15447
4-Apr-12,5.69,5.78,5.42,5.76,37923
3-Apr-12,5.84,5.87,5.69,5.69,7940
2-Apr-12,5.82,5.97,5.78,5.86,23400
30-Mar-12,5.90,6.00,5.74,5.95,16300
29-Mar-12,5.96,5.96,5.87,5.90,20160
28-Mar-12,5.75,5.99,5.58,5.90,23350
27-Mar-12,6.07,6.34,5.70,5.70,281561
26-Mar-12,6.20,6.21,6.00,6.02,26250
23-Mar-12,6.23,6.25,6.18,6.18,11946
22-Mar-12,6.25,6.30,6.15,6.24,3900
21-Mar-12,6.24,6.41,6.16,6.19,54515
20-Mar-12,6.08,6.37,6.08,6.23,23900
19-Mar-12,6.07,6.14,6.07,6.14,900
16-Mar-12,6.18,6.18,6.10,6.16,4500
15-Mar-12,6.09,6.10,6.09,6.10,400
14-Mar-12,6.14,6.14,6.06,6.08,7250
13-Mar-12,6.31,6.31,6.10,6.14,17301
12-Mar-12,6.30,6.35,6.21,6.24,4579
9-Mar-12,6.30,6.38,6.27,6.37,1385
8-Mar-12,6.56,6.56,6.33,6.35,6710
7-Mar-12,6.36,6.43,6.20,6.43,2255
6-Mar-12,6.50,6.50,6.20,6.26,18611
5-Mar-12,6.43,6.56,6.42,6.52,10329
2-Mar-12,6.27,6.45,6.27,6.44,3780
1-Mar-12,5.98,6.29,5.98,6.29,3361
29-Feb-12,5.73,6.00,5.71,5.98,5200
28-Feb-12,5.98,5.98,5.73,5.74,4980
27-Feb-12,6.09,6.10,5.93,5.98,4500
24-Feb-12,6.40,6.40,6.00,6.00,6580
23-Feb-12,6.36,6.36,6.36,6.36,2500
22-Feb-12,6.35,6.40,6.27,6.34,6200
21-Feb-12,6.50,6.51,6.34,6.34,9000
17-Feb-12,6.53,6.53,6.35,6.53,5191
16-Feb-12,6.51,6.52,6.40,6.52,8729
15-Feb-12,6.52,6.59,6.45,6.45,8903
14-Feb-12,6.49,6.50,6.40,6.43,6389
13-Feb-12,6.42,6.51,6.40,6.43,8793
10-Feb-12,6.53,6.53,6.41,6.41,2200
9-Feb-12,6.52,6.52,6.52,6.52,0
8-Feb-12,6.80,6.80,6.68,6.68,400
7-Feb-12,6.71,6.76,6.68,6.76,15450
6-Feb-12,6.95,6.95,6.52,6.71,37350
3-Feb-12,6.88,6.99,6.88,6.94,9430
2-Feb-12,6.80,6.87,6.73,6.84,55900
1-Feb-12,6.82,6.82,6.75,6.82,7000
31-Jan-12,6.76,6.82,6.67,6.80,23546
30-Jan-12,6.66,6.79,6.60,6.77,4761
27-Jan-12,6.76,6.82,6.70,6.72,10441
26-Jan-12,7.23,7.23,6.59,6.85,14609
25-Jan-12,7.15,7.20,7.10,7.12,20800
24-Jan-12,7.61,7.61,7.10,7.20,178638
23-Jan-12,7.76,8.20,7.76,7.99,53341
20-Jan-12,7.69,8.21,7.69,7.99,18152
19-Jan-12,7.87,8.01,7.63,7.76,19655
18-Jan-12,7.42,8.04,7.42,7.90,19439
17-Jan-12,7.05,7.44,7.05,7.36,30765
13-Jan-12,6.96,6.96,6.96,6.96,0
12-Jan-12,6.39,6.40,6.21,6.37,37477
11-Jan-12,6.14,6.35,6.05,6.26,39530
10-Jan-12,6.46,6.46,6.17,6.17,36755
9-Jan-12,6.16,6.16,5.99,6.01,31800
6-Jan-12,6.20,6.22,6.10,6.10,27916
5-Jan-12,5.85,6.18,5.82,6.14,25457
4-Jan-12,5.85,5.95,5.74,5.88,27550
3-Jan-12,6.08,6.13,5.79,5.79,3940
30-Dec-11,5.91,5.91,5.91,5.91,0
29-Dec-11,5.84,6.03,5.84,5.90,8190
28-Dec-11,5.99,6.01,5.91,5.95,6751
27-Dec-11,5.96,6.02,5.93,6.02,7523
23-Dec-11,6.00,6.00,6.00,6.00,0
22-Dec-11,6.08,6.08,5.95,5.95,44500
21-Dec-11,5.96,6.00,5.96,6.00,3450
20-Dec-11,6.07,6.08,5.93,5.93,8162
19-Dec-11,5.93,5.94,5.90,5.93,1600
16-Dec-11,6.00,6.03,5.93,5.93,4700
15-Dec-11,6.13,6.15,5.98,6.00,3839
14-Dec-11,6.04,6.10,5.93,5.95,44179
13-Dec-11,6.10,6.19,6.01,6.10,40343
12-Dec-11,6.43,6.43,6.00,6.00,81816
9-Dec-11,6.28,6.43,6.15,6.43,66750
8-Dec-11,6.48,6.48,6.18,6.19,50900
7-Dec-11,6.57,6.59,6.47,6.50,26800
6-Dec-11,6.50,6.81,6.48,6.69,13600
5-Dec-11,6.87,7.03,6.18,6.43,227527
2-Dec-11,6.57,6.62,6.30,6.41,7770
1-Dec-11,6.26,6.32,6.16,6.28,19960
30-Nov-11,6.95,7.36,6.35,6.40,38852
29-Nov-11,7.03,7.13,6.79,6.94,74800
28-Nov-11,6.82,7.00,6.78,6.90,29362
25-Nov-11,6.86,7.05,6.57,6.71,6000
23-Nov-11,7.06,7.06,7.06,7.06,0
22-Nov-11,7.03,7.22,6.97,7.12,8800
21-Nov-11,7.41,7.43,7.15,7.16,13303
18-Nov-11,8.05,8.09,7.50,7.56,18716
17-Nov-11,9.11,9.22,7.80,8.05,32353
16-Nov-11,9.53,9.71,9.49,9.55,4200
15-Nov-11,9.51,9.53,9.51,9.51,1500
14-Nov-11,9.70,9.70,9.55,9.55,4830
11-Nov-11,8.97,9.85,8.95,9.61,39300
10-Nov-11,8.94,8.94,8.94,8.94,400
9-Nov-11,8.88,8.88,8.88,8.88,0
8-Nov-11,8.82,8.83,8.60,8.72,3010
7-Nov-11,9.04,9.07,8.98,9.00,652
4-Nov-11,8.90,8.91,8.53,8.89,4078
3-Nov-11,9.56,9.56,8.80,9.15,12194
2-Nov-11,9.53,9.61,9.31,9.35,27700
1-Nov-11,9.41,9.60,9.38,9.38,9058
31-Oct-11,9.63,9.75,9.60,9.66,9900
28-Oct-11,9.67,9.67,9.66,9.66,2000
27-Oct-11,10.06,10.06,9.70,9.70,4330
26-Oct-11,9.61,9.61,9.60,9.60,3100
25-Oct-11,9.50,9.50,9.50,9.50,0
24-Oct-11,9.50,9.72,9.50,9.70,5811
21-Oct-11,8.45,9.58,8.44,9.50,15300
20-Oct-11,7.89,8.46,7.89,8.37,7700
19-Oct-11,7.72,7.72,7.72,7.72,100
18-Oct-11,7.23,7.55,7.23,7.55,1700
17-Oct-11,7.50,7.50,7.15,7.15,700
14-Oct-11,7.82,7.88,7.42,7.48,4200
13-Oct-11,7.87,8.00,7.66,8.00,6845
12-Oct-11,7.87,8.05,7.87,7.90,5900
11-Oct-11,7.76,7.86,7.76,7.86,1300
10-Oct-11,7.76,7.81,7.76,7.81,200
7-Oct-11,7.85,7.90,7.79,7.85,4050
6-Oct-11,7.73,7.80,7.72,7.80,3120
5-Oct-11,7.95,7.98,7.83,7.83,6000
4-Oct-11,8.37,8.37,8.06,8.06,12900
3-Oct-11,8.39,8.76,8.24,8.28,3000
30-Sep-11,8.38,8.45,8.32,8.45,3100
