Date,Open,High,Low,Close,Volume
26-Sep-12,2.42,2.53,2.42,2.53,44553
25-Sep-12,2.50,2.50,2.48,2.48,21100
24-Sep-12,2.50,2.50,2.48,2.48,18635
21-Sep-12,2.57,2.78,2.50,2.78,1456
20-Sep-12,2.53,2.53,2.51,2.51,519
19-Sep-12,2.52,2.52,2.52,2.52,0
18-Sep-12,2.54,2.54,2.52,2.52,299
17-Sep-12,2.63,2.54,2.53,2.53,618
14-Sep-12,2.61,2.61,2.61,2.61,100
13-Sep-12,2.56,2.56,2.56,2.56,100
12-Sep-12,2.55,2.55,2.53,2.53,525
11-Sep-12,2.60,2.60,2.60,2.60,0
10-Sep-12,2.66,2.66,2.53,2.60,584
7-Sep-12,2.60,2.60,2.60,2.60,0
6-Sep-12,2.60,2.60,2.60,2.60,0
5-Sep-12,2.55,2.60,2.55,2.59,1600
4-Sep-12,2.85,2.85,2.80,2.80,4100
31-Aug-12,2.48,2.55,2.39,2.45,5000
30-Aug-12,2.53,2.62,2.31,2.55,10561
29-Aug-12,2.43,2.63,2.43,2.47,17741
28-Aug-12,2.60,2.60,2.60,2.60,0
27-Aug-12,2.52,2.52,2.52,2.52,0
24-Aug-12,2.52,2.65,2.50,2.65,4900
23-Aug-12,2.42,2.52,2.42,2.45,2339
22-Aug-12,2.47,2.47,2.37,2.37,247
21-Aug-12,2.45,2.55,2.44,2.53,1000
20-Aug-12,2.63,2.63,2.43,2.43,500
17-Aug-12,2.45,2.64,2.45,2.61,4260
16-Aug-12,2.45,2.99,2.45,2.61,2349
15-Aug-12,2.63,2.63,2.45,2.60,1500
14-Aug-12,2.54,2.65,2.54,2.65,600
13-Aug-12,2.56,2.67,2.46,2.56,1609
10-Aug-12,2.70,2.70,2.57,2.60,679
9-Aug-12,2.41,2.66,2.37,2.50,2928
8-Aug-12,2.79,2.79,2.70,2.70,1259
7-Aug-12,2.59,2.92,2.59,2.71,700
6-Aug-12,2.88,2.88,2.56,2.56,2638
3-Aug-12,2.67,2.67,2.67,2.67,0
2-Aug-12,2.89,2.93,2.88,2.91,1148
1-Aug-12,2.40,2.89,2.40,2.89,926
31-Jul-12,2.57,2.67,2.39,2.54,1729
30-Jul-12,2.90,2.90,2.38,2.48,4802
27-Jul-12,2.50,3.00,2.33,3.00,1524
26-Jul-12,2.66,2.66,2.37,2.50,5678
25-Jul-12,2.70,2.70,2.70,2.70,100
24-Jul-12,2.79,2.79,2.65,2.65,930
23-Jul-12,2.80,2.80,2.75,2.75,2100
20-Jul-12,2.77,2.77,2.75,2.75,300
19-Jul-12,2.85,2.99,2.85,2.93,549
18-Jul-12,3.09,3.09,2.75,2.75,7380
17-Jul-12,3.25,3.30,2.88,3.09,6215
16-Jul-12,3.17,3.25,3.10,3.10,534
13-Jul-12,2.89,2.89,2.89,2.89,100
12-Jul-12,2.92,2.92,2.91,2.91,500
11-Jul-12,3.07,3.11,2.99,3.11,2975
10-Jul-12,3.20,3.20,2.93,2.95,4300
9-Jul-12,3.29,3.29,2.88,3.15,1820
6-Jul-12,3.20,3.30,2.95,3.30,5686
5-Jul-12,3.30,3.30,3.30,3.30,475
3-Jul-12,2.99,2.99,2.99,2.99,0
2-Jul-12,3.13,3.15,2.80,2.80,3167
29-Jun-12,2.97,3.17,2.79,3.00,6702
28-Jun-12,3.23,3.23,2.83,2.83,2176
27-Jun-12,2.94,3.03,2.78,3.03,1300
26-Jun-12,2.88,2.97,2.77,2.78,1050
25-Jun-12,3.31,3.31,2.77,2.77,1930
22-Jun-12,3.31,3.31,3.31,3.31,0
21-Jun-12,3.31,3.31,3.31,3.31,120
20-Jun-12,3.13,3.30,3.13,3.30,6754
19-Jun-12,2.98,2.98,2.77,2.98,773
18-Jun-12,2.80,2.98,2.77,2.98,1001
15-Jun-12,2.77,2.77,2.77,2.77,334
14-Jun-12,2.80,2.82,2.80,2.80,644
13-Jun-12,2.80,2.82,2.80,2.80,1827
12-Jun-12,2.98,2.98,2.98,2.98,100
11-Jun-12,2.79,2.93,2.77,2.93,1300
8-Jun-12,2.77,2.81,2.77,2.81,595
7-Jun-12,2.77,2.77,2.77,2.77,290
6-Jun-12,2.75,2.77,2.73,2.75,2716
5-Jun-12,2.63,2.63,2.60,2.60,1300
4-Jun-12,2.70,2.75,2.60,2.61,2871
1-Jun-12,2.10,2.70,1.98,2.70,12715
31-May-12,2.75,2.75,2.30,2.35,13308
30-May-12,2.73,2.73,2.73,2.73,149
29-May-12,2.80,2.80,2.80,2.80,480
25-May-12,2.51,2.51,2.51,2.51,0
24-May-12,2.75,3.00,2.35,2.64,6383
23-May-12,2.75,2.75,2.75,2.75,592
22-May-12,3.25,3.25,2.75,2.76,1335
21-May-12,2.75,2.80,2.75,2.75,2000
18-May-12,3.13,3.13,2.75,2.75,4412
17-May-12,3.10,3.11,3.10,3.11,1993
16-May-12,3.28,3.28,3.28,3.28,0
15-May-12,3.10,3.28,3.10,3.28,1040
14-May-12,3.05,3.05,3.05,3.05,0
11-May-12,3.30,3.30,3.04,3.05,800
10-May-12,3.02,3.25,3.02,3.25,10958
9-May-12,3.11,3.11,3.11,3.11,0
8-May-12,3.16,3.16,3.16,3.16,110
7-May-12,3.27,3.30,3.27,3.30,3121
4-May-12,3.16,3.16,3.08,3.08,400
3-May-12,3.30,3.30,3.06,3.19,3601
2-May-12,3.27,3.30,3.27,3.30,1616
1-May-12,3.25,3.25,3.22,3.25,2264
30-Apr-12,3.25,3.25,3.22,3.22,2525
27-Apr-12,3.28,3.30,3.28,3.30,9700
26-Apr-12,3.30,3.30,3.30,3.30,350
25-Apr-12,3.20,3.30,3.20,3.22,24935
24-Apr-12,3.20,3.20,3.20,3.20,100
23-Apr-12,3.24,3.24,3.24,3.24,0
20-Apr-12,3.29,3.29,3.10,3.24,3919
19-Apr-12,3.30,3.30,3.30,3.30,1000
18-Apr-12,3.07,3.07,3.07,3.07,0
17-Apr-12,3.07,3.07,3.07,3.07,0
16-Apr-12,3.12,3.21,3.05,3.07,32541
13-Apr-12,3.22,3.22,3.02,3.02,2950
12-Apr-12,3.22,3.22,3.03,3.04,301
11-Apr-12,3.26,3.26,3.01,3.24,650
10-Apr-12,3.27,3.27,3.27,3.27,0
9-Apr-12,3.30,3.30,3.27,3.27,439
5-Apr-12,3.32,3.32,3.32,3.32,300
4-Apr-12,3.24,3.31,3.01,3.31,3911
3-Apr-12,3.27,3.27,3.11,3.16,300
2-Apr-12,3.12,3.35,3.11,3.30,4737
30-Mar-12,3.16,3.16,3.16,3.16,0
29-Mar-12,3.11,3.40,3.11,3.40,1726
28-Mar-12,3.07,3.32,3.07,3.32,5338
27-Mar-12,3.35,3.39,3.13,3.38,4107
26-Mar-12,3.15,3.35,3.03,3.32,4378
23-Mar-12,3.16,3.16,3.16,3.16,0
22-Mar-12,3.03,3.32,3.03,3.32,1000
21-Mar-12,3.11,3.16,3.11,3.11,3000
20-Mar-12,3.24,3.24,3.24,3.24,0
19-Mar-12,3.08,3.24,2.95,3.12,10667
16-Mar-12,3.03,3.03,3.03,3.03,176
15-Mar-12,2.92,2.97,2.92,2.97,911
14-Mar-12,2.91,2.91,2.91,2.91,0
13-Mar-12,3.11,3.12,2.90,3.12,2800
12-Mar-12,2.99,3.12,2.90,3.06,914
9-Mar-12,2.92,2.92,2.90,2.90,501
8-Mar-12,3.14,3.14,3.14,3.14,0
7-Mar-12,2.86,3.15,2.86,3.14,1526
6-Mar-12,2.85,2.85,2.85,2.85,300
5-Mar-12,3.00,3.00,2.90,3.00,400
2-Mar-12,2.86,3.15,2.85,3.13,6132
1-Mar-12,2.87,2.87,2.87,2.87,286
29-Feb-12,2.80,2.85,2.80,2.85,566
28-Feb-12,2.82,2.82,2.82,2.82,0
27-Feb-12,2.86,2.86,2.80,2.86,300
24-Feb-12,2.86,2.93,2.86,2.93,400
23-Feb-12,2.95,2.95,2.78,2.95,1950
22-Feb-12,2.94,2.95,2.91,2.95,2270
21-Feb-12,2.83,2.94,2.83,2.94,200
17-Feb-12,2.80,2.80,2.80,2.80,1100
16-Feb-12,2.93,2.93,2.92,2.92,1200
15-Feb-12,2.80,2.94,2.80,2.94,2948
14-Feb-12,3.08,3.08,2.50,2.79,7627
13-Feb-12,3.31,3.31,3.05,3.07,2682
10-Feb-12,3.48,3.48,3.27,3.35,4626
9-Feb-12,3.49,3.51,3.40,3.40,1055
8-Feb-12,3.65,3.66,3.37,3.37,3266
7-Feb-12,3.64,3.66,3.64,3.66,1775
6-Feb-12,3.61,3.67,3.36,3.64,877
3-Feb-12,3.55,3.67,3.35,3.67,2925
2-Feb-12,3.49,3.57,3.35,3.57,3708
1-Feb-12,3.48,3.49,3.36,3.48,2939
31-Jan-12,3.59,3.59,3.35,3.51,12620
30-Jan-12,3.65,3.65,3.37,3.51,914
27-Jan-12,3.52,3.67,3.50,3.67,2267
26-Jan-12,3.67,3.67,3.35,3.67,5041
25-Jan-12,3.37,3.60,3.35,3.60,1156
24-Jan-12,3.47,3.47,3.35,3.35,4271
23-Jan-12,3.42,3.49,3.42,3.42,1300
20-Jan-12,3.67,3.67,3.49,3.57,1000
19-Jan-12,3.43,3.65,3.43,3.65,2976
18-Jan-12,3.45,3.48,3.42,3.43,1161
17-Jan-12,3.67,3.67,3.67,3.67,142
13-Jan-12,3.51,3.51,3.51,3.51,0
12-Jan-12,3.49,3.49,3.40,3.43,7485
11-Jan-12,3.35,3.49,3.35,3.40,2580
10-Jan-12,3.35,3.49,3.26,3.38,13208
9-Jan-12,3.41,3.50,3.18,3.30,5211
6-Jan-12,3.16,3.16,3.15,3.15,265
5-Jan-12,3.18,3.45,3.00,3.17,17723
4-Jan-12,3.00,3.15,2.68,3.00,17317
3-Jan-12,2.68,3.00,2.35,2.72,22702
30-Dec-11,2.35,2.35,2.35,2.35,0
29-Dec-11,1.77,2.00,1.76,1.92,10092
28-Dec-11,1.75,1.87,1.75,1.78,3087
27-Dec-11,2.07,2.07,1.60,1.72,13536
23-Dec-11,2.00,2.00,2.00,2.00,0
22-Dec-11,2.22,2.22,2.22,2.22,0
21-Dec-11,2.30,2.31,2.20,2.20,10726
20-Dec-11,2.61,2.67,2.30,2.38,30293
19-Dec-11,2.42,2.62,2.38,2.40,3457
16-Dec-11,2.47,2.57,2.40,2.46,10884
15-Dec-11,2.41,2.47,2.39,2.43,3620
14-Dec-11,2.39,2.50,2.39,2.39,7149
13-Dec-11,2.69,2.80,2.45,2.50,19997
12-Dec-11,2.80,2.80,2.60,2.72,29728
9-Dec-11,2.88,3.30,2.62,2.86,33301
8-Dec-11,3.09,3.09,2.70,2.88,15695
7-Dec-11,3.33,3.33,2.77,3.04,39253
6-Dec-11,3.85,3.85,2.90,3.10,145359
5-Dec-11,2.90,4.48,2.90,3.66,383899
2-Dec-11,1.13,2.22,1.13,2.15,189146
1-Dec-11,1.40,1.40,1.10,1.13,8118
30-Nov-11,1.55,1.55,1.38,1.38,8454
29-Nov-11,1.45,1.52,1.42,1.45,3838
28-Nov-11,1.54,1.92,1.51,1.54,4323
25-Nov-11,1.54,1.54,1.54,1.54,144
23-Nov-11,1.70,1.70,1.70,1.70,0
22-Nov-11,1.77,1.77,1.69,1.69,2250
21-Nov-11,2.03,2.03,1.71,1.86,23969
18-Nov-11,2.18,2.20,2.09,2.10,8403
17-Nov-11,2.10,2.10,2.01,2.01,847
16-Nov-11,2.25,2.25,2.06,2.10,2494
15-Nov-11,2.24,2.30,2.24,2.29,4100
14-Nov-11,2.34,2.35,2.20,2.24,1200
11-Nov-11,2.36,2.36,2.35,2.36,829
9-Nov-11,2.35,2.35,2.35,2.35,0
8-Nov-11,2.76,2.77,2.02,2.49,10656
7-Nov-11,2.81,2.82,2.51,2.80,11307
4-Nov-11,2.79,2.90,2.79,2.85,576
3-Nov-11,2.78,2.86,2.78,2.86,410
2-Nov-11,3.04,3.04,3.04,3.04,100
31-Oct-11,2.98,2.98,2.98,2.98,0
28-Oct-11,3.09,3.12,2.50,3.00,4336
27-Oct-11,2.69,2.80,2.40,2.65,2930
26-Oct-11,3.12,3.12,2.40,2.69,12246
25-Oct-11,3.48,3.48,3.47,3.47,412
24-Oct-11,3.73,3.73,3.73,3.73,0
21-Oct-11,3.47,3.47,3.47,3.47,0
20-Oct-11,3.50,3.70,3.50,3.61,1000
19-Oct-11,3.47,3.68,3.47,3.47,2777
18-Oct-11,3.75,3.75,3.10,3.46,6391
17-Oct-11,2.50,3.84,2.25,3.84,8177
13-Oct-11,2.14,2.14,2.14,2.14,0
12-Oct-11,2.30,2.36,2.10,2.16,4000
11-Oct-11,1.76,2.36,1.76,2.20,2194
10-Oct-11,2.20,2.58,2.05,2.11,11040
7-Oct-11,2.05,2.33,2.05,2.20,700
6-Oct-11,2.00,2.00,2.00,2.00,100
4-Oct-11,2.00,2.00,2.00,2.00,0
3-Oct-11,2.06,2.06,2.02,2.02,310
30-Sep-11,2.12,2.24,2.01,2.10,4476
29-Sep-11,2.30,2.42,2.10,2.10,1755
