Date,Open,High,Low,Close,Volume
26-Sep-12,10.26,10.45,10.26,10.45,264
25-Sep-12,10.27,10.27,10.27,10.27,100
24-Sep-12,10.25,10.26,10.25,10.26,1300
21-Sep-12,10.25,10.25,10.21,10.21,4109
20-Sep-12,10.27,10.27,10.27,10.27,0
19-Sep-12,10.27,10.27,10.27,10.27,251
18-Sep-12,10.28,10.28,10.28,10.28,0
17-Sep-12,10.28,10.28,10.28,10.28,392
14-Sep-12,10.33,10.33,10.33,10.33,0
13-Sep-12,10.33,10.33,10.33,10.33,1160
12-Sep-12,10.37,10.45,10.45,10.45,3782
11-Sep-12,10.35,10.35,10.34,10.35,6500
10-Sep-12,10.25,10.35,10.25,10.35,4189
7-Sep-12,10.30,10.30,10.30,10.30,0
6-Sep-12,10.13,10.30,10.13,10.25,20800
5-Sep-12,10.25,10.25,10.25,10.25,200
4-Sep-12,10.05,10.28,10.05,10.28,400
31-Aug-12,10.27,10.27,10.27,10.27,0
30-Aug-12,10.27,10.27,10.27,10.27,0
29-Aug-12,10.14,10.27,10.13,10.27,1734
28-Aug-12,10.15,10.28,10.15,10.24,1768
27-Aug-12,10.25,10.25,10.25,10.25,0
24-Aug-12,10.25,10.25,10.25,10.25,0
23-Aug-12,10.10,10.10,10.10,10.10,196
22-Aug-12,10.10,10.20,10.08,10.15,500
21-Aug-12,10.25,10.25,10.25,10.25,100
20-Aug-12,10.27,10.28,10.25,10.28,8298
17-Aug-12,10.05,10.05,10.05,10.05,0
16-Aug-12,10.01,10.05,10.01,10.05,725
15-Aug-12,10.02,10.02,10.02,10.02,0
14-Aug-12,10.02,10.02,10.02,10.02,100
13-Aug-12,10.11,10.11,10.11,10.11,0
10-Aug-12,10.11,10.11,10.02,10.02,300
9-Aug-12,10.14,10.14,10.14,10.14,200
8-Aug-12,10.01,10.05,10.01,10.05,700
7-Aug-12,10.18,10.18,10.06,10.16,1363
6-Aug-12,10.00,10.00,10.00,10.00,0
3-Aug-12,10.00,10.27,10.00,10.27,3581
2-Aug-12,10.17,10.17,10.17,10.17,0
1-Aug-12,10.17,10.17,10.17,10.17,0
31-Jul-12,10.17,10.17,10.17,10.17,109
30-Jul-12,10.02,10.02,10.02,10.02,0
27-Jul-12,10.02,10.02,10.00,10.00,850
26-Jul-12,10.07,10.19,10.07,10.19,1000
25-Jul-12,10.27,10.27,10.02,10.05,1898
24-Jul-12,10.24,10.24,10.19,10.24,349
23-Jul-12,10.20,10.20,10.20,10.20,200
20-Jul-12,10.25,10.26,10.25,10.26,650
19-Jul-12,10.26,10.26,10.26,10.26,0
18-Jul-12,10.26,10.26,10.09,10.09,1450
17-Jul-12,10.30,10.30,10.30,10.30,500
16-Jul-12,10.27,10.27,10.27,10.27,0
13-Jul-12,10.27,10.27,10.27,10.27,100
12-Jul-12,10.29,10.29,10.29,10.29,400
11-Jul-12,10.15,10.15,10.10,10.10,740
10-Jul-12,10.15,10.15,10.15,10.15,5500
9-Jul-12,10.30,10.30,10.10,10.12,1260
6-Jul-12,10.21,10.35,10.21,10.35,245
5-Jul-12,10.24,10.28,10.16,10.25,12175
3-Jul-12,10.19,10.19,10.10,10.10,413
2-Jul-12,10.09,10.09,10.09,10.09,100
29-Jun-12,10.14,10.14,10.00,10.00,1700
28-Jun-12,10.00,10.00,10.00,10.00,100
27-Jun-12,10.10,10.10,10.10,10.10,0
26-Jun-12,10.10,10.10,10.10,10.10,0
25-Jun-12,10.02,10.05,10.02,10.05,300
22-Jun-12,10.00,10.10,10.00,10.10,700
21-Jun-12,10.05,10.05,10.05,10.05,0
20-Jun-12,9.96,10.05,9.96,10.05,2124
19-Jun-12,10.08,10.10,10.05,10.05,1554
18-Jun-12,9.99,9.99,9.99,9.99,200
15-Jun-12,10.05,10.05,9.99,10.00,38971
14-Jun-12,10.10,10.10,10.10,10.10,10000
13-Jun-12,10.00,10.00,10.00,10.00,0
12-Jun-12,10.03,10.05,10.00,10.05,967
11-Jun-12,10.15,10.15,10.15,10.15,0
8-Jun-12,10.19,10.19,10.19,10.19,100
7-Jun-12,10.22,10.22,10.22,10.22,169
6-Jun-12,10.17,10.17,10.17,10.17,138
5-Jun-12,10.15,10.15,10.15,10.15,3100
4-Jun-12,10.00,10.00,10.00,10.00,200
1-Jun-12,10.03,10.03,10.03,10.03,0
31-May-12,10.03,10.03,10.03,10.03,0
30-May-12,10.03,10.03,10.03,10.03,0
29-May-12,10.10,10.10,10.03,10.05,2650
25-May-12,10.25,10.25,10.25,10.25,0
24-May-12,10.20,10.20,10.20,10.20,371
23-May-12,10.20,10.25,10.20,10.25,2701
22-May-12,10.15,10.15,10.15,10.15,500
21-May-12,10.15,10.20,10.15,10.20,1898
18-May-12,10.16,10.23,10.00,10.10,34231
17-May-12,10.16,10.16,10.16,10.16,1000
16-May-12,9.92,10.16,9.92,10.16,399
15-May-12,9.90,9.90,9.90,9.90,983
14-May-12,9.92,9.92,9.92,9.92,0
11-May-12,9.92,9.92,9.92,9.92,0
10-May-12,9.92,9.92,9.92,9.92,0
9-May-12,9.92,9.92,9.92,9.92,0
8-May-12,9.87,10.00,9.87,9.90,4250
7-May-12,10.08,10.08,10.08,10.08,0
4-May-12,10.15,10.15,10.15,10.15,0
3-May-12,9.87,10.06,9.87,10.06,700
2-May-12,10.18,10.25,10.15,10.15,16594
1-May-12,10.25,10.25,10.25,10.25,200
30-Apr-12,10.25,10.25,10.25,10.25,1100
27-Apr-12,10.24,10.25,10.19,10.19,500
26-Apr-12,10.15,10.15,10.15,10.15,0
25-Apr-12,10.15,10.15,10.15,10.15,0
24-Apr-12,10.03,10.15,9.76,10.14,3551
23-Apr-12,10.11,10.11,10.11,10.11,0
20-Apr-12,10.11,10.11,10.09,10.11,1400
19-Apr-12,9.89,9.89,9.89,9.89,0
18-Apr-12,10.02,10.02,9.77,9.99,18700
17-Apr-12,10.00,10.00,10.00,10.00,1150
16-Apr-12,10.04,10.04,10.00,10.00,700
13-Apr-12,10.05,10.05,10.05,10.05,0
12-Apr-12,10.05,10.05,10.03,10.03,1000
11-Apr-12,10.01,10.01,10.01,10.01,0
10-Apr-12,10.01,10.01,10.01,10.01,0
9-Apr-12,10.01,10.01,10.01,10.01,0
5-Apr-12,10.00,10.03,10.00,10.03,380
4-Apr-12,10.01,10.01,10.01,10.01,150
3-Apr-12,10.20,10.20,10.05,10.05,2820
2-Apr-12,10.18,10.18,10.18,10.18,0
30-Mar-12,10.18,10.18,10.18,10.18,0
29-Mar-12,10.00,10.20,10.00,10.18,2200
28-Mar-12,9.92,9.94,9.92,9.92,984
27-Mar-12,9.90,9.97,9.90,9.97,2600
26-Mar-12,10.00,10.02,9.99,10.00,4036
23-Mar-12,10.04,10.07,10.00,10.05,5935
22-Mar-12,9.98,10.03,9.98,10.03,800
21-Mar-12,9.92,10.00,9.91,10.00,2901
20-Mar-12,9.92,9.92,9.85,9.85,800
19-Mar-12,9.90,9.95,9.89,9.92,2461
16-Mar-12,9.88,9.90,9.76,9.90,2149
15-Mar-12,9.95,9.95,9.95,9.95,0
14-Mar-12,10.01,10.05,9.95,9.95,400
13-Mar-12,10.05,10.05,10.00,10.05,3120
12-Mar-12,10.00,10.00,10.00,10.00,1000
9-Mar-12,9.92,9.92,9.92,9.92,0
8-Mar-12,9.92,9.92,9.92,9.92,0
7-Mar-12,9.92,9.92,9.92,9.92,0
6-Mar-12,9.95,9.95,9.95,9.95,100
5-Mar-12,9.92,9.92,9.92,9.92,0
2-Mar-12,9.95,9.95,9.95,9.95,2000
1-Mar-12,9.97,9.97,9.90,9.90,1850
29-Feb-12,9.77,10.01,9.76,10.00,865
28-Feb-12,10.00,10.00,10.00,10.00,2400
27-Feb-12,10.00,10.05,10.00,10.05,1200
24-Feb-12,9.99,10.10,9.98,10.01,13435
23-Feb-12,9.85,10.05,9.85,10.00,3049
22-Feb-12,9.99,10.10,9.91,9.91,3744
21-Feb-12,10.00,10.10,9.97,10.10,11414
17-Feb-12,9.97,10.01,9.90,9.90,5822
16-Feb-12,9.75,9.80,9.75,9.80,200
15-Feb-12,9.75,9.75,9.75,9.75,100
14-Feb-12,9.76,9.76,9.76,9.76,100
13-Feb-12,9.75,9.77,9.75,9.75,2200
8-Feb-12,9.77,9.77,9.77,9.77,0
7-Feb-12,9.78,9.78,9.75,9.75,1500
6-Feb-12,9.88,9.88,9.88,9.88,0
3-Feb-12,9.75,9.75,9.75,9.75,290
2-Feb-12,9.88,9.88,9.88,9.88,1000
1-Feb-12,9.75,9.75,9.75,9.75,0
31-Jan-12,9.77,9.84,9.77,9.84,544
27-Jan-12,9.80,9.80,9.80,9.80,0
26-Jan-12,9.81,9.81,9.81,9.81,0
25-Jan-12,9.98,9.99,9.93,9.93,450
24-Jan-12,9.89,9.90,9.89,9.90,3500
23-Jan-12,9.90,9.90,9.90,9.90,0
20-Jan-12,9.86,9.90,9.86,9.90,900
19-Jan-12,9.80,9.80,9.80,9.80,0
18-Jan-12,9.90,9.90,9.85,9.86,1377
17-Jan-12,9.80,9.80,9.80,9.80,0
12-Jan-12,9.90,9.90,9.90,9.90,0
11-Jan-12,9.85,9.85,9.85,9.85,700
10-Jan-12,9.85,9.85,9.85,9.85,0
9-Jan-12,9.86,9.86,9.86,9.86,725
3-Jan-12,9.75,9.75,9.75,9.75,0
30-Dec-11,9.85,9.85,9.85,9.85,0
29-Dec-11,9.84,9.84,9.84,9.84,200
28-Dec-11,9.84,9.85,9.78,9.85,5766
27-Dec-11,9.84,9.87,9.84,9.84,1423
23-Dec-11,9.70,9.70,9.70,9.70,0
22-Dec-11,9.83,9.83,9.83,9.83,100
21-Dec-11,9.85,9.85,9.75,9.75,5243
20-Dec-11,9.85,9.85,9.85,9.85,0
19-Dec-11,9.70,9.70,9.70,9.70,30000
16-Dec-11,9.88,9.88,9.88,9.88,0
14-Dec-11,9.75,9.75,9.75,9.75,0
12-Dec-11,9.75,9.75,9.75,9.75,0
9-Dec-11,9.83,9.84,9.79,9.79,1917
8-Dec-11,9.81,9.81,9.81,9.81,1000
7-Dec-11,9.85,9.85,9.85,9.85,350
6-Dec-11,9.84,9.84,9.84,9.84,0
5-Dec-11,9.88,9.88,9.88,9.88,0
2-Dec-11,9.89,9.89,9.89,9.89,160
1-Dec-11,9.74,9.77,9.74,9.74,4600
30-Nov-11,9.75,9.90,9.75,9.90,3402
29-Nov-11,9.88,9.88,9.74,9.74,300
28-Nov-11,9.90,9.90,9.87,9.87,400
25-Nov-11,9.75,9.75,9.75,9.75,998
23-Nov-11,9.70,9.70,9.70,9.70,0
15-Nov-11,9.71,9.71,9.71,9.71,0
14-Nov-11,9.70,9.70,9.70,9.70,400
11-Nov-11,9.61,9.61,9.61,9.61,0
10-Nov-11,9.56,9.56,9.56,9.56,760
9-Nov-11,9.48,9.50,9.48,9.50,500
8-Nov-11,9.90,9.90,9.90,9.90,1500
7-Nov-11,9.95,9.95,9.89,9.90,1388
4-Nov-11,9.96,10.25,9.95,10.08,2530
3-Nov-11,10.15,10.15,10.00,10.00,400
1-Nov-11,9.98,9.98,9.98,9.98,0
31-Oct-11,10.00,10.27,10.00,10.27,2050
25-Oct-11,10.00,10.00,10.00,10.00,0
18-Oct-11,10.34,10.34,10.34,10.34,0
17-Oct-11,10.02,10.02,10.02,10.02,100
14-Oct-11,10.25,10.27,10.23,10.25,1700
13-Oct-11,10.27,10.27,10.04,10.26,1200
11-Oct-11,10.45,10.45,10.45,10.45,0
10-Oct-11,10.50,10.50,10.44,10.44,600
7-Oct-11,10.50,10.50,10.41,10.41,3689
6-Oct-11,10.45,10.45,10.45,10.45,100
5-Oct-11,10.45,10.45,10.45,10.45,0
3-Oct-11,10.49,10.49,10.49,10.49,0
30-Sep-11,10.65,10.65,10.52,10.52,1410
29-Sep-11,10.65,10.65,10.54,10.54,5200
