Date,Open,High,Low,Close,Volume
26-Sep-12,25.88,26.01,25.80,25.96,23872
25-Sep-12,25.89,26.05,25.84,25.87,25379
24-Sep-12,25.80,26.04,25.58,26.03,19331
21-Sep-12,26.94,26.94,25.71,25.71,68521
20-Sep-12,26.22,26.69,26.12,26.55,9447
19-Sep-12,26.50,26.57,26.40,26.40,2280
18-Sep-12,26.58,26.71,26.39,26.52,14598
17-Sep-12,26.08,26.98,26.08,26.58,12088
14-Sep-12,26.29,26.29,25.98,26.08,8906
13-Sep-12,26.08,26.15,25.89,26.15,5028
12-Sep-12,26.00,26.08,26.00,26.08,11672
11-Sep-12,25.93,26.07,25.79,26.00,9082
10-Sep-12,26.01,26.01,25.88,25.94,5358
7-Sep-12,26.09,26.18,25.92,26.00,17464
6-Sep-12,26.00,26.15,25.98,26.07,22956
5-Sep-12,25.00,25.99,24.96,25.80,40880
4-Sep-12,24.71,25.05,24.53,24.95,11548
31-Aug-12,24.42,25.09,23.74,24.85,18001
30-Aug-12,25.33,25.33,24.06,24.22,2991
29-Aug-12,25.08,25.52,25.08,25.44,2999
28-Aug-12,25.06,25.22,24.86,25.14,5135
27-Aug-12,24.42,25.32,24.23,25.01,8978
24-Aug-12,23.41,24.13,23.41,24.11,4963
23-Aug-12,23.83,23.89,23.26,23.43,28993
22-Aug-12,23.95,24.14,23.62,23.80,1909
21-Aug-12,24.52,25.35,23.82,23.86,31556
20-Aug-12,24.32,24.80,23.93,24.63,7270
17-Aug-12,24.34,24.81,24.02,24.48,21323
16-Aug-12,23.54,24.55,23.45,24.48,21195
15-Aug-12,23.25,23.83,23.25,23.65,8832
14-Aug-12,23.85,23.85,23.15,23.35,14858
13-Aug-12,23.80,24.02,23.37,23.60,17083
10-Aug-12,23.94,23.94,23.60,23.80,3464
9-Aug-12,24.01,24.07,23.82,23.96,6889
8-Aug-12,24.19,24.19,23.87,24.06,5810
7-Aug-12,24.44,24.85,24.01,24.24,39735
6-Aug-12,25.05,25.61,24.05,24.23,18547
3-Aug-12,25.12,25.53,24.50,24.72,13084
2-Aug-12,24.23,24.84,23.76,24.51,20778
1-Aug-12,26.06,26.16,24.24,24.31,38160
31-Jul-12,26.45,26.51,25.84,26.19,10767
30-Jul-12,26.71,26.83,26.56,26.56,2627
27-Jul-12,26.66,26.86,26.11,26.70,31815
26-Jul-12,26.26,26.59,25.73,26.50,11658
25-Jul-12,25.92,26.05,25.20,25.99,42412
24-Jul-12,25.93,26.26,25.63,25.72,4255
23-Jul-12,25.43,26.49,24.88,25.92,36142
20-Jul-12,26.33,26.48,25.55,25.63,25063
19-Jul-12,27.13,27.13,26.43,26.43,10654
18-Jul-12,26.68,27.17,26.68,27.17,17265
17-Jul-12,27.02,27.26,26.53,26.70,44898
16-Jul-12,26.50,27.36,26.50,26.81,8119
13-Jul-12,26.62,27.63,26.16,26.68,48166
12-Jul-12,26.52,26.74,26.21,26.66,16004
11-Jul-12,26.46,26.97,26.21,26.69,36039
10-Jul-12,26.50,26.58,26.16,26.56,9897
9-Jul-12,26.18,26.49,26.14,26.49,9900
6-Jul-12,26.54,26.86,25.97,26.47,45428
5-Jul-12,27.04,27.42,26.66,26.78,10138
3-Jul-12,26.94,27.42,26.73,27.15,10324
2-Jul-12,26.51,26.87,26.20,26.80,28725
29-Jun-12,26.17,26.66,25.78,26.59,22027
28-Jun-12,25.68,26.01,25.37,25.69,24764
27-Jun-12,25.27,26.00,25.27,25.91,22231
26-Jun-12,24.84,25.62,24.78,25.45,34431
25-Jun-12,25.05,25.60,24.65,24.79,26949
22-Jun-12,24.05,25.62,23.74,25.51,94861
21-Jun-12,23.98,24.09,23.45,23.87,14704
20-Jun-12,23.75,24.00,23.41,23.99,28936
19-Jun-12,23.70,23.93,23.50,23.83,25424
18-Jun-12,24.01,24.12,23.61,23.62,21262
15-Jun-12,23.58,24.19,23.53,24.00,47032
14-Jun-12,23.64,23.74,23.38,23.65,18207
13-Jun-12,23.83,23.85,23.29,23.50,22569
12-Jun-12,23.42,24.00,23.42,23.92,10753
11-Jun-12,24.42,24.42,23.35,23.40,19290
8-Jun-12,24.34,24.48,24.02,24.27,38213
7-Jun-12,24.51,24.88,24.29,24.50,19997
6-Jun-12,23.89,24.37,23.75,24.11,35418
5-Jun-12,24.13,24.66,23.91,24.00,38249
4-Jun-12,24.39,24.53,23.90,24.11,18693
1-Jun-12,24.53,24.84,24.20,24.20,14314
31-May-12,25.47,25.92,24.86,24.94,49597
30-May-12,24.90,25.77,24.90,25.47,21874
29-May-12,24.63,25.37,24.63,25.20,14215
25-May-12,24.83,25.22,24.71,24.83,12147
24-May-12,24.55,24.77,24.37,24.76,12466
23-May-12,24.48,24.75,24.18,24.51,12006
22-May-12,25.11,25.34,24.25,24.69,18822
21-May-12,24.77,25.27,24.60,25.21,18960
18-May-12,25.32,25.76,24.46,24.60,23567
17-May-12,25.31,25.89,25.23,25.48,24826
16-May-12,24.39,26.08,24.39,25.39,45969
15-May-12,24.26,24.55,24.12,24.18,46193
14-May-12,23.85,24.57,23.85,24.44,19454
11-May-12,23.88,24.48,23.88,24.10,14624
10-May-12,24.17,24.26,23.70,24.18,11183
9-May-12,23.89,24.21,23.80,24.00,10165
8-May-12,23.88,24.30,23.88,24.22,7313
7-May-12,23.93,24.58,23.87,24.03,8349
4-May-12,23.99,24.12,23.81,23.95,19562
3-May-12,24.24,24.35,23.63,24.03,8793
2-May-12,24.00,24.65,23.76,24.38,8907
1-May-12,24.15,24.22,23.93,24.00,16356
30-Apr-12,24.35,24.50,24.00,24.00,10078
27-Apr-12,23.86,24.67,23.86,24.35,20708
26-Apr-12,24.05,24.25,24.00,24.22,8227
25-Apr-12,24.54,24.85,23.95,24.22,18937
24-Apr-12,23.80,24.44,23.80,24.43,10834
23-Apr-12,23.81,23.92,23.75,23.75,14447
20-Apr-12,24.43,24.50,24.00,24.21,16392
19-Apr-12,24.01,24.22,23.85,23.89,7605
18-Apr-12,24.05,24.16,23.89,23.89,7250
17-Apr-12,23.67,24.46,23.67,24.09,5385
16-Apr-12,23.66,24.31,23.48,23.54,12250
13-Apr-12,24.34,24.34,23.55,23.58,17764
12-Apr-12,23.53,24.52,23.53,24.25,12363
11-Apr-12,23.54,23.66,23.30,23.64,9285
10-Apr-12,23.32,23.69,23.09,23.27,13619
9-Apr-12,23.53,23.91,23.06,23.33,20258
5-Apr-12,23.63,24.26,23.63,23.86,4742
4-Apr-12,23.91,24.43,23.47,23.91,13265
3-Apr-12,24.94,25.90,24.35,24.57,33157
2-Apr-12,25.59,26.44,25.59,26.33,11429
30-Mar-12,26.24,26.24,25.31,25.58,9817
29-Mar-12,25.75,26.37,25.72,25.99,8489
28-Mar-12,25.30,26.21,25.29,25.95,18781
27-Mar-12,26.34,26.41,25.56,26.14,18270
26-Mar-12,25.96,26.70,25.48,26.41,10929
23-Mar-12,24.40,26.25,24.38,25.76,28527
22-Mar-12,24.06,24.63,23.84,24.40,21628
21-Mar-12,24.23,24.54,24.23,24.34,2812
20-Mar-12,24.68,24.98,24.44,24.45,5779
19-Mar-12,24.36,25.22,24.15,24.88,18378
16-Mar-12,24.04,24.19,23.86,23.89,25223
15-Mar-12,23.81,24.09,23.81,24.04,6375
14-Mar-12,23.93,24.31,23.86,23.96,7228
13-Mar-12,23.13,24.17,22.98,23.93,17669
12-Mar-12,22.90,23.12,22.77,22.87,13080
9-Mar-12,22.59,23.16,22.59,23.15,18809
8-Mar-12,22.57,22.74,22.03,22.68,5725
7-Mar-12,22.42,22.42,22.26,22.40,5381
6-Mar-12,22.83,23.03,21.86,22.42,43939
5-Mar-12,22.54,22.94,22.31,22.94,7049
2-Mar-12,23.99,24.05,22.35,22.58,13253
1-Mar-12,24.35,24.62,23.89,23.95,27140
29-Feb-12,25.12,25.52,24.06,24.15,18917
28-Feb-12,25.49,25.77,24.90,25.15,3179
27-Feb-12,25.82,25.82,25.22,25.33,3759
24-Feb-12,27.56,27.56,25.35,25.92,13647
23-Feb-12,27.82,27.82,27.42,27.51,21269
22-Feb-12,27.81,27.83,27.50,27.55,13373
21-Feb-12,27.91,27.91,27.66,27.67,16313
17-Feb-12,27.80,28.15,27.56,27.75,17568
16-Feb-12,27.46,27.82,27.36,27.69,9580
15-Feb-12,27.28,27.75,27.04,27.46,14769
14-Feb-12,26.93,27.25,26.93,27.09,2305
13-Feb-12,26.93,27.16,26.77,27.16,3917
10-Feb-12,26.25,26.94,26.22,26.66,12951
9-Feb-12,26.41,26.95,26.41,26.51,5698
8-Feb-12,27.02,27.02,26.91,26.97,3694
7-Feb-12,27.05,27.14,26.70,26.86,18427
6-Feb-12,26.80,27.11,26.66,26.98,19387
3-Feb-12,27.23,27.24,26.97,27.09,23756
2-Feb-12,26.57,27.00,26.57,26.80,7471
1-Feb-12,26.35,26.67,26.30,26.56,16079
31-Jan-12,26.47,26.47,25.85,26.11,13047
30-Jan-12,25.88,26.33,25.88,26.24,4528
27-Jan-12,25.42,26.17,25.42,26.17,6435
26-Jan-12,24.86,25.72,24.85,25.72,12648
25-Jan-12,23.87,24.96,23.87,24.81,30307
24-Jan-12,23.71,23.91,23.62,23.86,16870
23-Jan-12,23.57,24.06,23.57,23.93,20398
20-Jan-12,23.67,23.97,23.62,23.97,2651
19-Jan-12,23.55,23.78,23.47,23.62,4250
18-Jan-12,23.48,23.60,23.25,23.60,4472
17-Jan-12,23.47,23.55,23.27,23.45,11073
13-Jan-12,23.35,23.35,23.35,23.35,0
12-Jan-12,24.11,24.15,23.55,24.03,12682
11-Jan-12,23.86,24.37,23.86,24.12,14759
10-Jan-12,24.36,24.67,23.18,24.08,16451
9-Jan-12,23.83,24.12,23.74,24.07,6131
6-Jan-12,23.88,24.19,23.88,24.15,700
5-Jan-12,24.04,24.07,23.67,24.06,4095
4-Jan-12,24.39,24.42,24.11,24.29,7214
3-Jan-12,24.97,24.97,24.20,24.61,12238
30-Dec-11,24.67,24.67,24.67,24.67,0
29-Dec-11,24.47,24.82,24.47,24.66,7712
28-Dec-11,24.88,25.10,24.43,24.47,13142
27-Dec-11,25.27,25.49,25.21,25.38,3600
23-Dec-11,25.68,25.68,25.68,25.68,0
22-Dec-11,25.35,25.96,25.35,25.60,15879
21-Dec-11,25.75,25.75,25.01,25.34,4622
20-Dec-11,26.09,26.47,25.41,25.94,29271
19-Dec-11,25.45,26.07,25.16,25.50,13980
16-Dec-11,25.66,26.37,25.20,26.24,32497
15-Dec-11,25.04,25.81,24.96,25.52,8733
14-Dec-11,23.78,24.16,23.43,23.93,5256
13-Dec-11,24.59,24.59,23.61,23.86,5570
12-Dec-11,24.84,24.85,23.91,24.59,8644
9-Dec-11,24.49,25.60,24.49,25.59,8900
8-Dec-11,25.36,25.36,24.15,24.29,8965
7-Dec-11,24.94,25.60,24.80,25.60,9176
6-Dec-11,24.33,25.05,23.98,24.92,7699
5-Dec-11,24.13,24.45,23.81,24.40,18011
2-Dec-11,23.31,23.32,22.87,23.08,4612
1-Dec-11,23.14,23.39,22.86,22.97,12152
30-Nov-11,22.88,23.65,21.76,23.33,33169
29-Nov-11,22.30,22.51,22.10,22.17,2384
28-Nov-11,21.77,22.28,21.47,22.25,18311
25-Nov-11,21.67,21.86,21.19,21.19,9764
23-Nov-11,21.77,21.77,21.77,21.77,0
22-Nov-11,22.56,22.88,22.20,22.22,12163
21-Nov-11,23.18,23.50,22.58,22.61,7308
18-Nov-11,23.65,23.93,23.18,23.50,11709
17-Nov-11,23.80,24.21,23.15,23.67,31670
16-Nov-11,25.16,25.32,23.95,23.95,14937
15-Nov-11,24.29,25.14,24.29,25.00,9216
14-Nov-11,24.39,24.91,24.27,24.48,10830
11-Nov-11,24.16,24.86,24.08,24.61,8465
10-Nov-11,24.49,24.49,23.61,24.07,6958
9-Nov-11,25.04,25.52,24.08,24.19,12360
8-Nov-11,25.50,26.29,25.05,25.51,11792
7-Nov-11,23.76,24.32,23.59,24.16,11445
4-Nov-11,24.64,24.64,23.32,23.72,14177
3-Nov-11,24.94,25.05,23.43,24.98,11417
2-Nov-11,25.89,25.89,24.02,24.63,14977
1-Nov-11,26.12,26.96,25.74,26.05,23279
31-Oct-11,26.55,27.15,26.37,26.60,14062
28-Oct-11,26.65,27.57,26.51,26.95,27500
27-Oct-11,25.02,27.67,24.82,27.37,39440
26-Oct-11,24.36,24.78,24.32,24.72,14859
25-Oct-11,23.49,24.49,23.49,23.95,19964
24-Oct-11,23.03,23.59,23.02,23.59,9026
21-Oct-11,22.61,23.05,22.49,23.05,12451
20-Oct-11,22.58,22.58,22.16,22.19,14735
19-Oct-11,22.59,22.87,22.50,22.64,19914
18-Oct-11,22.01,22.99,22.01,22.64,24404
17-Oct-11,22.56,22.56,21.90,22.00,11688
14-Oct-11,22.65,22.72,22.05,22.63,13659
13-Oct-11,22.67,22.88,22.44,22.55,21853
12-Oct-11,22.84,22.95,22.79,22.85,18498
11-Oct-11,22.47,22.89,22.42,22.80,15241
10-Oct-11,22.01,22.73,21.75,22.72,13118
7-Oct-11,22.24,22.24,21.88,22.01,22396
6-Oct-11,21.21,22.53,21.21,22.40,12346
5-Oct-11,22.40,22.51,22.02,22.40,11434
4-Oct-11,21.94,22.67,21.94,22.61,29516
3-Oct-11,21.76,22.34,21.76,22.00,20227
30-Sep-11,22.15,22.50,21.98,21.98,21278
29-Sep-11,22.20,22.66,21.89,22.49,18291
