Date,Open,High,Low,Close,Volume
27-Sep-12,1.96,2.00,1.93,1.96,16996
26-Sep-12,2.00,2.00,1.92,1.92,61965
25-Sep-12,2.06,2.06,1.95,1.95,40187
24-Sep-12,2.04,2.13,1.96,2.02,60108
21-Sep-12,1.98,2.02,1.94,2.02,65725
20-Sep-12,2.00,2.03,1.93,1.95,13336
19-Sep-12,2.07,2.08,2.01,2.01,7912
18-Sep-12,2.11,2.11,2.02,2.03,6935
17-Sep-12,2.11,2.14,2.05,2.09,14596
14-Sep-12,2.09,2.12,2.07,2.09,8836
13-Sep-12,2.01,2.20,2.01,2.06,16005
12-Sep-12,1.93,2.04,1.93,2.02,30138
11-Sep-12,1.87,1.97,1.90,1.93,14900
10-Sep-12,1.88,1.94,1.87,1.87,10297
7-Sep-12,1.86,1.95,1.86,1.88,77824
6-Sep-12,1.89,1.89,1.85,1.88,48486
5-Sep-12,1.81,1.91,1.81,1.85,106333
4-Sep-12,1.90,1.91,1.80,1.84,73278
31-Aug-12,1.93,1.96,1.83,1.90,54506
30-Aug-12,1.88,1.90,1.87,1.90,14616
29-Aug-12,1.96,1.96,1.90,1.91,15644
28-Aug-12,1.85,1.95,1.85,1.95,51220
27-Aug-12,1.83,1.90,1.83,1.87,100263
24-Aug-12,1.75,1.85,1.74,1.83,416656
23-Aug-12,1.79,1.79,1.72,1.74,817046
22-Aug-12,1.78,1.86,1.72,1.79,195061
21-Aug-12,1.80,1.85,1.75,1.81,1145125
20-Aug-12,1.88,1.91,1.80,1.82,41397
17-Aug-12,1.91,1.94,1.80,1.88,128605
16-Aug-12,1.88,1.93,1.85,1.90,37590
15-Aug-12,1.88,1.92,1.86,1.86,43581
14-Aug-12,2.00,2.01,1.85,1.87,67659
13-Aug-12,2.00,2.00,1.93,1.98,73841
10-Aug-12,2.05,2.05,1.96,1.98,57205
9-Aug-12,2.08,2.11,2.00,2.05,80358
8-Aug-12,2.21,2.25,2.06,2.11,34937
7-Aug-12,2.20,2.30,2.17,2.25,71653
6-Aug-12,2.04,2.17,2.03,2.16,83884
3-Aug-12,2.10,2.11,2.04,2.05,34349
2-Aug-12,2.03,2.09,2.01,2.02,24231
1-Aug-12,2.05,2.09,2.01,2.02,39485
31-Jul-12,2.06,2.12,2.02,2.06,28561
30-Jul-12,2.11,2.16,2.02,2.05,18438
27-Jul-12,2.11,2.20,2.06,2.09,48052
26-Jul-12,2.13,2.21,2.10,2.10,17097
25-Jul-12,2.04,2.16,2.02,2.10,35473
24-Jul-12,2.11,2.12,2.01,2.02,103450
23-Jul-12,2.30,2.34,2.14,2.14,77805
20-Jul-12,2.24,2.32,2.21,2.29,30807
19-Jul-12,2.39,2.39,2.23,2.26,22878
18-Jul-12,2.18,2.27,2.18,2.27,42284
17-Jul-12,2.32,2.33,2.16,2.18,68666
16-Jul-12,2.39,2.41,2.32,2.35,25200
13-Jul-12,2.40,2.45,2.37,2.40,11927
12-Jul-12,2.37,2.45,2.29,2.38,131122
11-Jul-12,2.39,2.39,2.32,2.34,19122
10-Jul-12,2.45,2.45,2.34,2.36,61965
9-Jul-12,2.53,2.53,2.42,2.45,82736
6-Jul-12,2.56,2.59,2.48,2.50,55703
5-Jul-12,2.47,2.65,2.45,2.59,156027
3-Jul-12,2.41,2.47,2.40,2.46,45507
2-Jul-12,2.36,2.45,2.32,2.41,90995
29-Jun-12,2.39,2.39,2.29,2.35,58885
28-Jun-12,2.26,2.34,2.19,2.32,75736
27-Jun-12,2.21,2.36,2.16,2.27,88552
26-Jun-12,2.23,2.27,2.19,2.21,69423
25-Jun-12,2.15,2.36,2.03,2.21,236781
22-Jun-12,2.10,2.24,2.07,2.10,5446456
21-Jun-12,2.16,2.25,2.07,2.07,207388
20-Jun-12,2.21,2.25,2.10,2.17,127809
19-Jun-12,2.13,2.28,2.08,2.19,254517
18-Jun-12,2.07,2.11,1.99,2.11,201596
15-Jun-12,2.07,2.21,1.96,2.10,224780
14-Jun-12,2.04,2.19,2.00,2.05,163382
13-Jun-12,2.20,2.39,2.05,2.05,114257
12-Jun-12,2.25,2.27,2.16,2.20,81780
11-Jun-12,2.35,2.35,2.17,2.25,119667
8-Jun-12,2.29,2.47,2.25,2.28,135459
7-Jun-12,2.43,2.47,2.26,2.29,141000
6-Jun-12,2.32,2.40,2.27,2.37,124058
5-Jun-12,2.25,2.41,2.25,2.29,111863
4-Jun-12,2.13,2.27,2.13,2.25,97598
1-Jun-12,2.23,2.34,2.06,2.10,131148
31-May-12,2.31,2.43,2.22,2.33,92976
30-May-12,2.40,2.43,2.31,2.31,44980
29-May-12,2.37,2.45,2.33,2.44,104091
25-May-12,2.36,2.42,2.32,2.33,51226
24-May-12,2.39,2.58,2.23,2.37,347144
23-May-12,2.49,2.49,2.38,2.43,66849
22-May-12,2.66,2.68,2.47,2.51,121827
21-May-12,2.49,2.69,2.46,2.63,119231
18-May-12,2.40,2.50,2.37,2.50,126125
17-May-12,2.41,2.47,2.38,2.40,138634
16-May-12,2.38,2.51,2.36,2.41,82503
15-May-12,2.37,2.48,2.30,2.36,94677
14-May-12,2.33,2.36,2.28,2.35,108759
11-May-12,2.42,2.44,2.20,2.37,227673
10-May-12,2.38,2.50,2.35,2.46,64601
9-May-12,2.26,2.38,2.26,2.35,87683
8-May-12,2.22,2.33,2.16,2.29,128319
7-May-12,2.24,2.33,2.20,2.25,145702
4-May-12,2.25,2.30,2.21,2.25,246723
3-May-12,2.40,2.40,2.17,2.25,199496
2-May-12,2.17,2.41,2.17,2.39,302202
1-May-12,2.19,2.24,2.12,2.20,277378
30-Apr-12,2.18,2.28,2.16,2.19,248111
27-Apr-12,2.08,2.19,2.06,2.19,81956
26-Apr-12,2.12,2.15,2.06,2.07,59904
25-Apr-12,2.24,2.24,2.10,2.14,96699
24-Apr-12,2.05,2.21,2.04,2.19,76766
23-Apr-12,2.07,2.13,2.03,2.04,121912
20-Apr-12,2.10,2.23,2.03,2.15,187147
19-Apr-12,2.05,2.09,2.01,2.04,180366
18-Apr-12,2.10,2.17,2.01,2.03,214904
17-Apr-12,2.13,2.20,2.10,2.14,129045
16-Apr-12,2.16,2.16,2.01,2.10,106070
13-Apr-12,2.17,2.22,2.12,2.14,85077
12-Apr-12,2.18,2.25,2.18,2.22,97445
11-Apr-12,2.20,2.31,2.17,2.18,185958
10-Apr-12,2.46,2.48,2.06,2.19,345320
9-Apr-12,2.51,2.56,2.42,2.45,105947
5-Apr-12,2.56,2.69,2.56,2.59,107829
4-Apr-12,2.60,2.62,2.51,2.58,108456
3-Apr-12,2.68,2.75,2.62,2.63,120740
2-Apr-12,2.72,2.79,2.66,2.72,100261
30-Mar-12,2.78,2.86,2.69,2.74,125290
29-Mar-12,2.81,2.81,2.70,2.74,85955
28-Mar-12,2.97,3.10,2.74,2.83,104747
27-Mar-12,3.06,3.06,2.94,2.97,86570
26-Mar-12,2.88,3.06,2.81,3.05,102835
23-Mar-12,2.70,2.84,2.68,2.84,99760
22-Mar-12,2.81,2.89,2.65,2.73,108384
21-Mar-12,2.95,2.97,2.85,2.87,62754
20-Mar-12,2.96,3.01,2.91,2.95,54966
19-Mar-12,2.95,3.05,2.91,2.98,90083
16-Mar-12,3.07,3.07,2.94,2.94,193960
15-Mar-12,2.98,3.06,2.95,3.06,108906
14-Mar-12,2.92,3.03,2.92,2.97,92335
13-Mar-12,2.93,2.95,2.82,2.93,137706
12-Mar-12,2.95,2.98,2.84,2.89,86554
9-Mar-12,2.81,2.98,2.81,2.94,192623
8-Mar-12,2.71,2.83,2.66,2.80,132966
7-Mar-12,2.73,2.81,2.60,2.68,295528
6-Mar-12,2.78,2.85,2.62,2.68,181047
5-Mar-12,3.11,3.11,2.79,2.81,160641
2-Mar-12,2.99,3.05,2.93,2.94,326285
1-Mar-12,3.31,3.41,2.71,2.95,556541
29-Feb-12,3.58,3.60,3.25,3.47,256256
28-Feb-12,3.65,3.69,3.55,3.56,76304
27-Feb-12,3.73,3.76,3.57,3.65,66174
24-Feb-12,3.37,3.89,3.36,3.76,423329
23-Feb-12,3.27,3.35,3.20,3.34,81586
22-Feb-12,3.26,3.32,3.20,3.24,92272
21-Feb-12,3.24,3.32,3.23,3.25,127475
17-Feb-12,3.33,3.36,3.25,3.25,70766
16-Feb-12,3.12,3.32,3.03,3.31,76790
15-Feb-12,3.34,3.36,3.10,3.12,125267
14-Feb-12,3.35,3.35,3.27,3.30,43256
13-Feb-12,3.35,3.41,3.31,3.38,60470
10-Feb-12,3.34,3.37,3.24,3.29,115008
9-Feb-12,3.42,3.44,3.35,3.40,72977
8-Feb-12,3.39,3.42,3.25,3.41,127249
7-Feb-12,3.45,3.45,3.29,3.37,154218
6-Feb-12,3.28,3.47,3.28,3.42,95815
3-Feb-12,3.27,3.35,3.23,3.30,199620
2-Feb-12,3.19,3.27,3.12,3.18,136295
1-Feb-12,3.22,3.22,3.22,3.22,0
31-Jan-12,3.12,3.12,2.82,2.93,536854
30-Jan-12,3.25,3.30,3.11,3.12,282286
27-Jan-12,3.46,3.46,3.13,3.26,369489
26-Jan-12,3.60,3.62,3.25,3.49,209431
25-Jan-12,3.56,3.64,3.51,3.56,211750
24-Jan-12,3.52,3.61,3.50,3.56,95812
23-Jan-12,3.62,3.70,3.54,3.55,79576
20-Jan-12,3.63,3.75,3.60,3.65,79352
19-Jan-12,3.66,3.76,3.60,3.64,129170
18-Jan-12,3.63,3.71,3.60,3.66,137589
17-Jan-12,3.73,3.78,3.57,3.64,161729
13-Jan-12,3.72,3.72,3.72,3.72,0
12-Jan-12,3.85,3.88,3.70,3.79,228947
11-Jan-12,3.79,3.94,3.75,3.82,79653
10-Jan-12,3.69,3.90,3.61,3.81,123914
9-Jan-12,3.56,3.71,3.52,3.61,68975
6-Jan-12,3.59,3.64,3.57,3.58,10303
5-Jan-12,3.67,3.74,3.55,3.62,53690
4-Jan-12,3.78,3.81,3.66,3.72,42840
3-Jan-12,3.76,3.76,3.76,3.76,0
30-Dec-11,3.48,3.48,3.48,3.48,0
29-Dec-11,3.46,3.60,3.43,3.57,112227
28-Dec-11,3.70,3.72,3.40,3.46,233048
27-Dec-11,3.66,3.79,3.63,3.70,105521
23-Dec-11,3.70,3.70,3.70,3.70,0
22-Dec-11,3.77,3.77,3.77,3.77,0
21-Dec-11,3.95,3.99,3.73,3.87,104871
20-Dec-11,3.78,3.98,3.73,3.93,169333
19-Dec-11,3.95,3.95,3.63,3.65,85823
16-Dec-11,3.83,3.83,3.83,3.83,0
15-Dec-11,3.86,3.86,3.67,3.77,88490
14-Dec-11,3.61,3.80,3.58,3.76,121990
13-Dec-11,3.81,3.87,3.63,3.64,92408
12-Dec-11,3.85,3.92,3.69,3.77,96491
9-Dec-11,3.90,3.90,3.90,3.90,0
8-Dec-11,3.96,3.96,3.60,3.62,90086
7-Dec-11,3.90,4.07,3.88,4.01,120571
6-Dec-11,4.04,4.16,3.70,3.93,107976
5-Dec-11,4.10,4.10,4.10,4.10,0
2-Dec-11,3.97,4.00,3.86,3.96,82730
1-Dec-11,3.82,3.99,3.76,3.86,105071
30-Nov-11,3.76,3.94,3.54,3.86,201667
29-Nov-11,3.60,3.65,3.46,3.53,109127
28-Nov-11,3.51,3.66,3.42,3.60,131999
25-Nov-11,3.37,3.64,3.32,3.35,59918
23-Nov-11,3.40,3.40,3.40,3.40,0
22-Nov-11,3.70,3.79,3.54,3.55,122542
21-Nov-11,3.70,3.70,3.70,3.70,0
18-Nov-11,4.06,4.18,3.96,3.98,115701
17-Nov-11,4.11,4.24,4.01,4.06,63535
16-Nov-11,4.21,4.38,4.09,4.12,101258
15-Nov-11,4.05,4.33,4.00,4.30,78380
14-Nov-11,4.24,4.24,4.01,4.09,99637
11-Nov-11,4.29,4.29,4.29,4.29,0
10-Nov-11,4.23,4.40,4.07,4.28,105234
9-Nov-11,4.10,4.23,4.07,4.12,199855
8-Nov-11,4.23,4.38,3.97,4.26,146301
7-Nov-11,4.34,4.40,4.02,4.19,86812
4-Nov-11,4.52,4.69,4.22,4.34,83382
3-Nov-11,4.52,4.62,4.33,4.54,119203
2-Nov-11,4.32,4.59,4.18,4.43,165400
1-Nov-11,4.28,4.48,4.20,4.22,172014
31-Oct-11,4.76,4.84,4.53,4.56,154839
28-Oct-11,5.05,5.25,4.87,4.90,196512
27-Oct-11,4.97,4.97,4.97,4.97,0
26-Oct-11,4.48,4.76,4.23,4.67,285271
25-Oct-11,4.40,4.45,4.02,4.39,190791
24-Oct-11,4.47,4.64,4.33,4.43,137473
21-Oct-11,4.32,4.50,4.21,4.47,192440
20-Oct-11,3.96,4.20,3.73,4.17,162528
19-Oct-11,3.84,4.04,3.77,3.95,161983
18-Oct-11,3.89,3.89,3.89,3.89,0
17-Oct-11,3.78,3.84,3.39,3.41,198795
14-Oct-11,3.48,3.86,3.45,3.85,170160
13-Oct-11,3.41,3.61,3.40,3.43,124913
12-Oct-11,3.42,3.50,3.38,3.47,331268
11-Oct-11,3.42,3.49,3.30,3.39,124352
10-Oct-11,3.45,3.51,3.37,3.47,121170
7-Oct-11,3.47,3.47,3.47,3.47,0
6-Oct-11,3.39,3.50,3.33,3.47,124140
5-Oct-11,3.50,3.71,3.38,3.39,121767
4-Oct-11,3.30,3.51,3.10,3.50,310026
3-Oct-11,3.44,3.56,3.37,3.37,407830
30-Sep-11,3.55,3.68,3.45,3.51,170311
29-Sep-11,3.65,3.65,3.35,3.63,90831
