Date,Open,High,Low,Close,Volume
27-Sep-12,9.54,9.61,9.51,9.58,405383
26-Sep-12,9.50,9.52,9.46,9.50,498882
25-Sep-12,9.59,9.62,9.48,9.49,631440
24-Sep-12,9.53,9.56,9.50,9.53,427049
21-Sep-12,9.57,9.62,9.56,9.58,368839
20-Sep-12,9.52,9.56,9.48,9.56,297276
19-Sep-12,9.57,9.57,9.53,9.55,435068
18-Sep-12,9.51,9.56,9.50,9.56,360412
17-Sep-12,9.55,9.55,9.50,9.51,338887
14-Sep-12,9.58,9.62,9.53,9.55,814693
13-Sep-12,9.47,9.58,9.44,9.54,787957
12-Sep-12,9.47,9.49,9.42,9.46,437791
11-Sep-12,9.41,9.47,9.41,9.43,338224
10-Sep-12,9.41,9.47,9.40,9.40,506352
7-Sep-12,9.41,9.47,9.40,9.45,366102
6-Sep-12,9.31,9.47,9.31,9.42,524742
5-Sep-12,9.26,9.32,9.25,9.28,509236
4-Sep-12,9.33,9.36,9.28,9.30,447823
31-Aug-12,9.39,9.42,9.33,9.34,656132
30-Aug-12,9.30,9.33,9.25,9.31,661224
29-Aug-12,9.38,9.40,9.35,9.35,300821
28-Aug-12,9.34,9.40,9.32,9.39,502109
27-Aug-12,9.38,9.40,9.33,9.35,379716
24-Aug-12,9.31,9.37,9.28,9.36,381873
23-Aug-12,9.42,9.42,9.28,9.30,658602
22-Aug-12,9.40,9.40,9.30,9.40,457203
21-Aug-12,9.67,9.69,9.60,9.62,1010095
20-Aug-12,9.65,9.67,9.60,9.64,814740
17-Aug-12,9.66,9.66,9.62,9.65,99621
16-Aug-12,9.57,9.66,9.57,9.66,66041
15-Aug-12,9.58,9.60,9.54,9.57,80328
14-Aug-12,9.56,9.58,9.53,9.58,84319
13-Aug-12,9.52,9.55,9.49,9.55,106552
10-Aug-12,9.48,9.54,9.46,9.52,125375
9-Aug-12,9.46,9.54,9.46,9.49,135412
8-Aug-12,9.41,9.47,9.40,9.45,83333
7-Aug-12,9.40,9.44,9.39,9.44,66682
6-Aug-12,9.37,9.39,9.35,9.35,99267
3-Aug-12,9.34,9.39,9.31,9.33,152885
2-Aug-12,9.23,9.28,9.15,9.20,418454
1-Aug-12,9.30,9.35,9.26,9.30,497712
31-Jul-12,9.28,9.30,9.22,9.26,382104
30-Jul-12,9.27,9.32,9.23,9.28,302053
27-Jul-12,9.21,9.30,9.18,9.29,540483
26-Jul-12,9.14,9.17,9.08,9.16,328333
25-Jul-12,9.00,9.04,8.98,9.02,378795
24-Jul-12,9.08,9.09,8.94,8.99,456006
23-Jul-12,9.03,9.07,8.98,9.04,486706
20-Jul-12,9.20,9.20,9.12,9.13,300180
19-Jul-12,9.24,9.25,9.20,9.22,268021
18-Jul-12,9.14,9.25,9.13,9.23,610648
17-Jul-12,9.10,9.17,9.05,9.16,514431
16-Jul-12,9.07,9.10,9.05,9.08,307315
13-Jul-12,8.98,9.09,8.98,9.09,265795
12-Jul-12,8.93,8.98,8.91,8.95,254686
11-Jul-12,9.01,9.01,8.94,8.98,396531
10-Jul-12,9.09,9.10,8.95,8.97,481724
9-Jul-12,9.04,9.05,9.01,9.03,290456
6-Jul-12,9.09,9.09,9.01,9.07,325685
5-Jul-12,9.18,9.18,9.09,9.17,498031
3-Jul-12,9.06,9.15,9.05,9.15,222795
2-Jul-12,9.01,9.05,8.97,9.05,631025
29-Jun-12,9.01,9.07,8.99,9.07,537959
28-Jun-12,8.81,8.89,8.77,8.89,337252
27-Jun-12,8.86,8.90,8.85,8.86,326310
26-Jun-12,8.79,8.84,8.78,8.82,288281
25-Jun-12,8.82,8.82,8.74,8.77,285493
22-Jun-12,8.88,8.90,8.84,8.89,244308
21-Jun-12,9.01,9.02,8.81,8.81,434165
20-Jun-12,9.04,9.05,8.98,9.00,269930
19-Jun-12,8.96,9.03,8.93,9.02,352204
18-Jun-12,8.86,8.91,8.85,8.90,398356
15-Jun-12,8.91,8.92,8.86,8.90,460107
14-Jun-12,8.84,8.90,8.81,8.89,456543
13-Jun-12,8.83,8.89,8.76,8.79,386135
12-Jun-12,8.81,8.86,8.77,8.86,578332
11-Jun-12,8.95,8.95,8.75,8.78,497856
8-Jun-12,8.83,8.90,8.81,8.90,210154
7-Jun-12,8.90,8.93,8.85,8.87,326369
6-Jun-12,8.66,8.85,8.66,8.85,495834
5-Jun-12,8.53,8.64,8.53,8.64,401063
4-Jun-12,8.62,8.68,8.51,8.56,634815
1-Jun-12,8.69,8.72,8.59,8.63,664104
31-May-12,8.82,8.85,8.75,8.81,571506
30-May-12,8.81,8.83,8.75,8.83,339174
29-May-12,8.85,8.92,8.83,8.87,398625
25-May-12,8.80,8.84,8.78,8.80,294442
24-May-12,8.85,8.86,8.75,8.79,382423
23-May-12,8.77,8.82,8.72,8.80,526172
22-May-12,8.84,8.92,8.80,8.82,678800
21-May-12,8.90,9.06,8.90,9.06,700918
18-May-12,9.00,9.04,8.89,8.89,616803
17-May-12,9.12,9.13,8.99,8.99,551684
16-May-12,9.24,9.27,9.11,9.12,564603
15-May-12,9.24,9.29,9.19,9.19,405873
14-May-12,9.28,9.30,9.22,9.23,383518
11-May-12,9.36,9.44,9.34,9.34,349530
10-May-12,9.47,9.48,9.38,9.40,232075
9-May-12,9.34,9.41,9.31,9.39,426425
8-May-12,9.43,9.46,9.34,9.45,297554
7-May-12,9.43,9.50,9.41,9.49,199694
4-May-12,9.53,9.53,9.43,9.46,335077
3-May-12,9.63,9.63,9.53,9.55,312061
2-May-12,9.64,9.66,9.60,9.64,372530
1-May-12,9.59,9.70,9.59,9.65,398202
30-Apr-12,9.62,9.62,9.54,9.59,262011
27-Apr-12,9.64,9.65,9.58,9.62,330562
26-Apr-12,9.54,9.62,9.54,9.62,414289
25-Apr-12,9.55,9.59,9.54,9.58,404145
24-Apr-12,9.41,9.49,9.41,9.47,621284
23-Apr-12,9.40,9.44,9.37,9.42,596548
20-Apr-12,9.48,9.50,9.44,9.48,283634
19-Apr-12,9.46,9.50,9.38,9.44,332996
18-Apr-12,9.46,9.49,9.42,9.45,354102
17-Apr-12,9.43,9.51,9.42,9.50,484475
16-Apr-12,9.45,9.45,9.35,9.38,298708
13-Apr-12,9.43,9.45,9.36,9.39,577206
12-Apr-12,9.41,9.52,9.40,9.43,545388
11-Apr-12,9.40,9.43,9.35,9.39,454676
10-Apr-12,9.45,9.46,9.29,9.31,467585
9-Apr-12,9.44,9.46,9.41,9.44,427009
5-Apr-12,9.53,9.58,9.53,9.53,377704
4-Apr-12,9.56,9.59,9.51,9.58,443943
3-Apr-12,9.62,9.66,9.57,9.63,401084
2-Apr-12,9.50,9.64,9.50,9.63,431189
30-Mar-12,9.55,9.58,9.52,9.53,552443
29-Mar-12,9.51,9.53,9.48,9.51,508602
28-Mar-12,9.60,9.61,9.53,9.55,322347
27-Mar-12,9.62,9.67,9.60,9.62,484921
26-Mar-12,9.66,9.66,9.59,9.65,575544
23-Mar-12,9.58,9.60,9.55,9.59,458212
22-Mar-12,9.65,9.66,9.56,9.58,419031
21-Mar-12,9.64,9.72,9.64,9.69,542338
20-Mar-12,9.63,9.67,9.61,9.65,347694
19-Mar-12,9.68,9.74,9.63,9.72,518001
16-Mar-12,9.74,9.76,9.67,9.72,595452
15-Mar-12,9.64,9.76,9.62,9.76,642096
14-Mar-12,9.65,9.68,9.59,9.65,764543
13-Mar-12,9.59,9.72,9.57,9.72,429846
12-Mar-12,9.57,9.62,9.53,9.56,724038
9-Mar-12,9.62,9.66,9.60,9.60,475591
8-Mar-12,9.58,9.66,9.56,9.63,492491
7-Mar-12,9.50,9.58,9.48,9.58,536837
6-Mar-12,9.50,9.51,9.45,9.49,496110
5-Mar-12,9.66,9.67,9.60,9.61,683663
2-Mar-12,9.74,9.75,9.68,9.70,399129
1-Mar-12,9.75,9.78,9.72,9.78,576391
29-Feb-12,9.72,9.75,9.66,9.71,874744
28-Feb-12,9.64,9.70,9.61,9.70,524951
27-Feb-12,9.57,9.65,9.57,9.64,450180
24-Feb-12,9.61,9.67,9.57,9.63,475383
23-Feb-12,9.45,9.61,9.35,9.56,593660
22-Feb-12,9.57,9.58,9.50,9.52,603018
21-Feb-12,9.58,9.64,9.54,9.55,444609
17-Feb-12,9.55,9.58,9.48,9.57,664497
16-Feb-12,9.73,9.80,9.71,9.77,701184
15-Feb-12,9.79,9.85,9.71,9.73,679497
14-Feb-12,9.71,9.76,9.67,9.74,607601
13-Feb-12,9.80,9.81,9.74,9.74,559932
10-Feb-12,9.80,9.83,9.69,9.72,812757
9-Feb-12,9.86,9.89,9.81,9.88,672319
8-Feb-12,9.80,9.86,9.77,9.86,643328
7-Feb-12,9.69,9.81,9.69,9.79,696658
6-Feb-12,9.68,9.78,9.59,9.72,480931
3-Feb-12,9.77,9.79,9.72,9.75,800480
2-Feb-12,9.65,9.71,9.63,9.71,788625
1-Feb-12,9.57,9.69,9.57,9.65,800044
31-Jan-12,9.58,9.60,9.50,9.53,559504
30-Jan-12,9.44,9.51,9.40,9.51,622446
27-Jan-12,9.42,9.54,9.42,9.51,574754
26-Jan-12,9.48,9.57,9.44,9.50,735655
25-Jan-12,9.30,9.49,9.30,9.49,504339
24-Jan-12,9.34,9.38,9.32,9.37,517247
23-Jan-12,9.30,9.42,9.30,9.38,511431
20-Jan-12,9.25,9.37,9.24,9.34,567541
19-Jan-12,9.21,9.30,9.20,9.26,590045
18-Jan-12,9.12,9.21,9.10,9.20,703633
17-Jan-12,9.28,9.28,9.14,9.17,547861
13-Jan-12,9.15,9.15,9.15,9.15,0
12-Jan-12,9.20,9.23,9.15,9.19,485183
11-Jan-12,9.23,9.24,9.15,9.19,414644
10-Jan-12,9.24,9.29,9.21,9.27,522701
9-Jan-12,9.13,9.18,9.08,9.17,485167
6-Jan-12,9.08,9.14,9.04,9.10,732164
5-Jan-12,8.99,9.05,8.92,9.05,519071
4-Jan-12,8.80,9.03,8.73,9.02,1273026
3-Jan-12,9.00,9.06,8.99,9.01,484119
30-Dec-11,8.87,8.87,8.87,8.87,0
29-Dec-11,8.66,8.77,8.66,8.76,1291111
28-Dec-11,8.81,8.84,8.63,8.66,1327098
27-Dec-11,8.79,8.89,8.78,8.82,944239
23-Dec-11,8.85,8.85,8.85,8.85,0
22-Dec-11,8.76,8.83,8.75,8.82,1159322
21-Dec-11,8.76,8.80,8.66,8.75,1084047
20-Dec-11,8.62,8.81,8.62,8.80,1026514
19-Dec-11,8.62,8.66,8.53,8.55,671565
16-Dec-11,8.62,8.70,8.57,8.62,775565
15-Dec-11,8.62,8.70,8.58,8.62,737091
14-Dec-11,8.61,8.69,8.55,8.58,914985
13-Dec-11,8.80,8.90,8.70,8.71,704073
12-Dec-11,8.84,8.84,8.70,8.78,601976
9-Dec-11,8.78,8.94,8.77,8.92,702603
8-Dec-11,8.91,8.94,8.75,8.78,1603383
7-Dec-11,8.91,9.00,8.88,9.00,1030966
6-Dec-11,8.95,9.02,8.88,8.98,706341
5-Dec-11,9.02,9.03,8.92,8.98,983149
2-Dec-11,8.97,9.03,8.90,8.92,677991
1-Dec-11,8.81,8.93,8.81,8.93,555493
30-Nov-11,8.95,9.08,8.75,8.84,1066892
29-Nov-11,8.54,8.66,8.54,8.61,556103
28-Nov-11,8.62,8.63,8.48,8.54,513617
25-Nov-11,8.41,8.51,8.38,8.43,364966
23-Nov-11,8.39,8.39,8.39,8.39,0
22-Nov-11,8.50,8.55,8.37,8.52,755468
21-Nov-11,8.51,8.53,8.43,8.51,673677
18-Nov-11,9.01,9.07,8.93,8.93,480901
17-Nov-11,9.07,9.12,8.94,8.97,553283
16-Nov-11,9.08,9.20,9.08,9.10,600629
15-Nov-11,9.04,9.19,9.04,9.18,439724
14-Nov-11,9.14,9.20,9.09,9.11,663225
11-Nov-11,9.25,9.30,9.20,9.25,417118
10-Nov-11,9.11,9.16,9.06,9.14,520500
9-Nov-11,9.10,9.15,8.98,9.01,512541
8-Nov-11,9.21,9.30,9.16,9.27,425179
7-Nov-11,9.15,9.20,9.08,9.19,397226
4-Nov-11,9.16,9.20,9.12,9.17,378122
3-Nov-11,9.22,9.23,9.10,9.21,462411
2-Nov-11,9.13,9.17,9.02,9.12,469132
1-Nov-11,9.00,9.08,8.94,9.02,448746
31-Oct-11,9.37,9.37,9.20,9.21,353722
28-Oct-11,9.41,9.46,9.30,9.46,618889
27-Oct-11,9.39,9.51,9.34,9.37,926468
26-Oct-11,9.11,9.19,9.04,9.16,606670
25-Oct-11,9.19,9.19,9.02,9.05,507587
24-Oct-11,9.17,9.28,9.17,9.26,452098
21-Oct-11,9.14,9.25,9.10,9.19,405326
20-Oct-11,9.10,9.11,8.96,9.06,321715
19-Oct-11,9.16,9.23,9.07,9.10,763087
18-Oct-11,8.98,9.22,8.92,9.17,585363
17-Oct-11,9.10,9.13,8.92,8.97,494565
14-Oct-11,9.20,9.20,9.10,9.16,279521
13-Oct-11,8.98,9.09,8.91,9.04,446173
12-Oct-11,8.98,9.09,8.96,9.05,461936
11-Oct-11,8.88,8.99,8.85,8.92,349896
10-Oct-11,8.81,8.93,8.78,8.93,465996
7-Oct-11,8.65,8.72,8.55,8.67,510179
6-Oct-11,8.48,8.63,8.46,8.62,696037
5-Oct-11,8.30,8.49,8.30,8.45,597817
4-Oct-11,8.15,8.29,7.87,8.28,1105955
3-Oct-11,8.47,8.52,8.24,8.25,835525
30-Sep-11,8.74,8.79,8.53,8.53,728273
