Date,Open,High,Low,Close,Volume
27-Sep-12,20.20,20.61,20.04,20.40,148443
26-Sep-12,20.07,20.16,19.49,19.99,293524
25-Sep-12,21.67,21.98,19.96,20.06,337722
24-Sep-12,21.37,21.83,21.35,21.49,212259
21-Sep-12,21.96,22.68,21.43,21.47,200511
20-Sep-12,21.78,22.09,21.55,21.68,193337
19-Sep-12,21.21,22.15,21.21,22.03,393901
18-Sep-12,21.00,21.80,21.00,21.26,916811
17-Sep-12,21.44,21.44,20.35,21.00,531586
14-Sep-12,22.77,22.77,21.56,21.65,555148
13-Sep-12,23.10,23.43,22.46,22.56,1668951
12-Sep-12,20.38,21.40,20.20,21.38,378698
11-Sep-12,23.51,23.72,19.70,20.31,2088738
10-Sep-12,23.72,23.94,23.27,23.46,373410
7-Sep-12,23.42,23.91,23.21,23.71,177814
6-Sep-12,22.54,23.69,22.44,23.46,205297
5-Sep-12,21.67,22.52,21.62,22.30,297595
4-Sep-12,21.11,21.95,20.95,21.84,141448
31-Aug-12,20.86,21.18,20.54,21.05,75031
30-Aug-12,20.61,20.70,20.28,20.56,70007
29-Aug-12,21.02,21.25,20.54,20.70,100334
28-Aug-12,20.68,21.39,20.40,21.01,157986
27-Aug-12,21.55,21.59,20.61,20.77,127815
24-Aug-12,21.78,21.86,21.14,21.44,147882
23-Aug-12,22.25,22.25,21.71,21.92,148214
22-Aug-12,22.01,22.37,21.86,22.29,135909
21-Aug-12,21.95,22.26,21.74,21.99,187567
20-Aug-12,21.98,22.04,21.65,21.76,183045
17-Aug-12,21.78,22.26,21.78,22.04,9915
16-Aug-12,20.91,22.10,20.91,21.93,17200
15-Aug-12,20.57,20.85,20.19,20.76,12991
14-Aug-12,20.10,20.53,20.05,20.40,15130
13-Aug-12,19.81,19.95,19.52,19.94,7421
10-Aug-12,19.70,20.07,19.57,19.91,22447
9-Aug-12,19.40,20.01,19.34,20.01,13970
8-Aug-12,19.55,19.80,19.37,19.41,37549
7-Aug-12,19.23,19.91,19.17,19.68,46361
6-Aug-12,18.77,19.13,18.76,19.04,30904
3-Aug-12,18.15,19.04,18.09,18.63,44609
2-Aug-12,17.53,18.01,17.47,17.89,250551
1-Aug-12,18.12,18.51,17.60,17.69,403010
31-Jul-12,18.22,18.27,17.90,18.08,263047
30-Jul-12,17.65,18.12,17.56,18.06,286309
27-Jul-12,17.63,17.95,17.39,17.56,296735
26-Jul-12,18.50,18.50,17.19,17.47,985598
25-Jul-12,18.35,18.42,18.02,18.32,301737
24-Jul-12,19.70,19.85,18.07,18.35,679085
23-Jul-12,20.12,20.12,19.71,19.87,408495
20-Jul-12,20.09,20.45,20.00,20.36,295239
19-Jul-12,20.90,21.08,20.20,20.35,347763
18-Jul-12,21.25,21.27,20.21,20.82,422847
17-Jul-12,21.28,21.73,20.81,21.38,315461
16-Jul-12,21.84,22.08,21.15,21.35,377357
13-Jul-12,22.87,23.29,21.36,21.98,368010
12-Jul-12,23.06,23.19,22.45,22.83,174893
11-Jul-12,23.52,23.80,23.08,23.33,172024
10-Jul-12,24.62,24.62,23.22,23.45,234365
9-Jul-12,24.44,24.66,24.13,24.53,185898
6-Jul-12,24.47,24.88,24.21,24.53,206134
5-Jul-12,24.48,25.39,24.27,24.77,207576
3-Jul-12,23.80,24.60,23.57,24.58,192287
2-Jul-12,23.63,24.03,23.23,23.79,299129
29-Jun-12,23.63,24.01,23.21,23.30,375390
28-Jun-12,22.36,23.34,22.35,23.24,170575
27-Jun-12,21.99,22.80,21.71,22.58,429862
26-Jun-12,21.66,22.30,21.66,21.90,244665
25-Jun-12,21.72,21.82,21.34,21.54,124703
22-Jun-12,22.00,22.27,21.75,22.15,240232
21-Jun-12,22.20,22.28,21.48,21.80,254098
20-Jun-12,22.98,23.07,21.75,22.28,369488
19-Jun-12,22.03,23.00,21.87,22.89,387493
18-Jun-12,21.53,21.92,21.33,21.80,137061
15-Jun-12,22.19,22.19,21.40,21.70,216441
14-Jun-12,21.26,22.36,21.04,22.11,210306
13-Jun-12,21.94,21.94,21.04,21.16,274103
12-Jun-12,22.26,22.50,21.33,21.94,234473
11-Jun-12,23.50,23.55,21.92,21.98,158156
8-Jun-12,22.40,23.64,21.94,23.19,235398
7-Jun-12,23.15,23.23,22.50,22.52,142242
6-Jun-12,22.28,23.01,22.16,22.73,243023
5-Jun-12,21.52,22.50,21.29,22.02,164986
4-Jun-12,21.70,21.84,21.30,21.62,282872
1-Jun-12,21.40,21.87,21.01,21.53,455954
31-May-12,20.68,21.99,20.68,21.92,456552
30-May-12,20.91,21.00,20.46,20.70,341180
29-May-12,21.43,21.74,21.10,21.17,230169
25-May-12,20.63,21.61,20.53,21.14,306246
24-May-12,20.95,21.61,20.18,20.68,442019
23-May-12,20.10,20.83,19.76,20.78,189381
22-May-12,20.38,20.85,20.09,20.32,275013
21-May-12,19.42,20.62,19.06,20.43,274873
18-May-12,19.07,19.65,19.07,19.46,270378
17-May-12,19.40,19.50,19.05,19.15,381798
16-May-12,19.45,19.75,19.29,19.39,259702
15-May-12,19.61,19.75,19.16,19.38,301275
14-May-12,19.95,20.11,19.53,19.62,427063
11-May-12,20.14,20.47,20.12,20.22,490393
10-May-12,19.95,20.78,19.85,20.36,721135
9-May-12,19.66,19.95,19.30,19.80,761651
8-May-12,23.00,23.00,19.85,19.97,1575996
7-May-12,23.02,23.52,22.62,23.25,524578
4-May-12,23.09,23.58,23.01,23.21,293813
3-May-12,24.30,24.55,23.06,23.22,342872
2-May-12,24.89,25.04,24.09,24.36,246855
1-May-12,25.43,25.77,25.01,25.12,388050
30-Apr-12,25.51,25.97,25.11,25.50,377692
27-Apr-12,26.40,26.40,24.75,25.47,390067
26-Apr-12,24.03,26.38,23.92,26.31,400834
25-Apr-12,24.24,24.63,23.84,24.13,278135
24-Apr-12,23.17,23.94,22.75,23.89,241820
23-Apr-12,23.26,23.53,22.99,23.17,441816
20-Apr-12,24.28,24.37,23.42,23.55,183637
19-Apr-12,23.98,24.53,23.61,24.02,143447
18-Apr-12,24.30,24.60,23.61,23.98,181772
17-Apr-12,24.03,24.94,23.91,24.52,135061
16-Apr-12,23.73,24.27,23.45,23.79,119129
13-Apr-12,24.53,24.63,23.49,23.54,195545
12-Apr-12,23.56,24.81,23.56,24.62,237015
11-Apr-12,23.04,23.82,22.98,23.56,151142
10-Apr-12,23.08,23.27,22.66,22.76,177568
9-Apr-12,23.13,23.39,22.85,23.08,192679
5-Apr-12,23.66,23.98,23.51,23.65,168439
4-Apr-12,23.47,23.86,23.15,23.80,240229
3-Apr-12,24.42,24.67,23.69,23.75,173042
2-Apr-12,23.60,24.59,23.51,24.46,239064
30-Mar-12,24.35,24.35,23.63,23.63,229208
29-Mar-12,23.60,24.27,23.51,24.13,156231
28-Mar-12,24.92,24.95,23.70,23.80,297033
27-Mar-12,25.40,25.55,24.26,24.95,234883
26-Mar-12,24.79,25.76,24.72,25.61,351107
23-Mar-12,24.68,24.81,24.23,24.51,225679
22-Mar-12,25.09,25.10,24.42,24.67,218061
21-Mar-12,25.73,25.98,25.32,25.45,203000
20-Mar-12,25.58,25.64,25.06,25.60,408733
19-Mar-12,25.07,26.11,25.07,25.80,422481
16-Mar-12,24.07,25.29,23.93,25.21,495839
15-Mar-12,23.08,24.11,23.03,23.99,353683
14-Mar-12,22.29,23.09,22.29,23.03,286049
13-Mar-12,21.87,22.26,21.62,22.25,407766
12-Mar-12,23.23,23.50,21.68,21.74,300512
9-Mar-12,21.86,23.32,21.86,23.22,374370
8-Mar-12,21.24,21.91,21.17,21.83,166150
7-Mar-12,21.00,21.27,20.76,21.00,371319
6-Mar-12,21.12,21.20,20.75,20.85,454693
5-Mar-12,21.02,21.40,20.90,21.35,465205
2-Mar-12,21.45,21.63,21.03,21.15,472520
1-Mar-12,21.39,21.80,21.38,21.52,406287
29-Feb-12,22.18,22.32,21.48,21.56,340324
28-Feb-12,22.51,22.51,21.93,22.19,372782
27-Feb-12,22.52,23.01,21.99,22.75,516130
24-Feb-12,22.30,22.82,21.87,22.76,326277
23-Feb-12,21.62,22.32,21.52,22.21,291422
22-Feb-12,21.50,22.26,21.41,21.60,442696
21-Feb-12,21.71,22.00,21.40,21.52,194012
17-Feb-12,21.96,22.17,21.63,21.67,423239
16-Feb-12,21.67,22.05,21.50,21.89,460772
15-Feb-12,22.09,22.14,21.52,21.66,369140
14-Feb-12,21.97,22.25,21.90,22.05,403786
13-Feb-12,21.77,22.10,21.58,22.00,323745
10-Feb-12,22.11,22.30,20.90,21.54,1129980
9-Feb-12,22.95,23.00,22.41,22.47,256486
8-Feb-12,24.17,24.19,22.59,22.87,777764
7-Feb-12,24.13,24.28,20.79,24.20,2604866
6-Feb-12,23.09,25.74,23.09,25.08,894359
3-Feb-12,22.96,23.25,22.81,23.23,460267
2-Feb-12,23.06,23.67,22.49,22.57,486570
1-Feb-12,22.65,23.16,22.24,23.09,363043
31-Jan-12,22.44,22.75,22.11,22.39,437566
30-Jan-12,22.60,22.77,21.98,22.26,608879
27-Jan-12,22.20,22.99,22.20,22.86,451510
26-Jan-12,22.20,22.66,22.15,22.47,388593
25-Jan-12,21.64,22.29,21.35,22.14,306391
24-Jan-12,21.10,21.70,20.87,21.60,504136
23-Jan-12,21.13,21.61,21.09,21.23,381245
20-Jan-12,21.15,21.44,20.97,21.16,338189
19-Jan-12,20.67,21.63,20.67,21.19,998227
18-Jan-12,20.68,20.79,20.42,20.65,593466
17-Jan-12,20.41,21.32,20.14,20.67,511830
13-Jan-12,20.18,20.18,20.18,20.18,0
12-Jan-12,19.62,19.72,19.00,19.23,186441
11-Jan-12,19.14,19.69,19.10,19.48,335938
10-Jan-12,18.92,19.42,18.76,19.30,238289
9-Jan-12,19.02,19.02,18.32,18.64,230089
6-Jan-12,18.67,19.31,18.19,18.98,502756
5-Jan-12,17.12,18.67,17.07,18.53,730090
4-Jan-12,17.99,18.05,17.22,17.25,463126
3-Jan-12,18.39,18.89,17.88,18.02,407285
30-Dec-11,17.94,17.94,17.94,17.94,0
29-Dec-11,17.74,17.95,17.55,17.87,207830
28-Dec-11,18.17,18.17,17.67,17.71,297983
27-Dec-11,17.51,18.31,17.40,18.21,376380
23-Dec-11,17.52,17.52,17.52,17.52,0
22-Dec-11,17.78,18.14,17.31,17.76,733007
21-Dec-11,19.11,19.11,17.47,17.65,1211907
20-Dec-11,19.64,19.76,19.11,19.26,547457
19-Dec-11,19.11,19.59,18.98,19.18,959669
16-Dec-11,20.84,21.23,18.46,18.90,1641875
15-Dec-11,21.46,21.78,20.58,20.73,929127
14-Dec-11,21.79,22.13,20.29,21.09,1976953
13-Dec-11,28.61,28.61,21.78,22.00,4812130
12-Dec-11,28.28,28.83,27.71,28.79,662606
9-Dec-11,27.74,28.79,27.57,28.65,914287
8-Dec-11,27.43,28.16,27.30,27.79,578828
7-Dec-11,27.21,27.83,27.01,27.71,322233
6-Dec-11,27.88,28.12,27.25,27.66,765982
5-Dec-11,27.06,27.70,26.84,27.42,369222
2-Dec-11,25.55,26.69,25.37,26.55,951314
1-Dec-11,24.58,25.76,24.58,25.18,352591
30-Nov-11,24.73,25.28,24.41,24.97,441520
29-Nov-11,24.32,24.37,23.55,23.75,250076
28-Nov-11,24.19,25.02,24.11,24.40,351558
25-Nov-11,23.91,24.34,23.22,23.54,301032
23-Nov-11,23.94,23.94,23.94,23.94,0
22-Nov-11,24.93,25.37,23.74,24.75,884988
21-Nov-11,25.76,25.96,24.88,24.93,626140
18-Nov-11,28.70,28.78,26.00,26.44,760499
17-Nov-11,30.63,30.63,28.26,28.66,619008
16-Nov-11,30.72,31.57,30.17,30.45,481836
15-Nov-11,33.47,33.52,28.55,31.12,1328874
14-Nov-11,33.89,34.75,33.66,33.67,280744
11-Nov-11,34.30,34.41,33.69,34.05,410961
10-Nov-11,35.22,35.22,33.74,33.99,213694
9-Nov-11,35.75,35.96,34.41,34.53,142796
8-Nov-11,36.53,36.91,35.28,36.79,99335
7-Nov-11,36.12,36.87,35.53,36.30,86167
4-Nov-11,35.78,36.38,35.27,36.37,121583
3-Nov-11,35.66,36.27,34.62,36.10,121588
2-Nov-11,34.66,35.10,33.66,35.02,138255
1-Nov-11,33.77,34.63,33.67,34.01,204913
31-Oct-11,35.83,36.08,35.03,35.05,173211
28-Oct-11,36.50,36.99,36.20,36.52,154192
27-Oct-11,35.78,37.00,35.40,36.85,299075
26-Oct-11,34.59,35.10,33.46,34.84,268577
25-Oct-11,34.73,34.76,33.82,33.99,279639
24-Oct-11,32.78,34.81,32.53,34.78,323883
21-Oct-11,32.25,32.50,31.75,32.50,158007
20-Oct-11,31.83,32.05,30.95,31.67,106721
19-Oct-11,32.07,32.60,31.46,31.80,163478
18-Oct-11,30.91,32.18,30.00,31.98,173737
17-Oct-11,31.99,32.54,30.70,30.77,172900
14-Oct-11,32.11,32.73,31.88,32.38,164865
13-Oct-11,31.64,32.25,31.39,31.77,137449
12-Oct-11,32.28,32.58,31.11,31.97,330538
11-Oct-11,30.90,32.00,30.66,31.84,251864
10-Oct-11,28.01,31.06,27.21,31.04,473994
7-Oct-11,28.84,29.37,27.02,27.20,154218
6-Oct-11,27.82,28.88,27.70,28.79,220056
5-Oct-11,26.66,28.22,26.49,28.01,270260
4-Oct-11,25.13,26.67,25.04,26.48,422555
3-Oct-11,25.23,26.16,25.23,25.46,530568
30-Sep-11,26.03,26.14,25.21,25.46,314076
