Date,Open,High,Low,Close,Volume
26-Sep-12,15.82,15.91,15.51,15.70,62469
25-Sep-12,16.35,16.59,15.82,15.86,62899
24-Sep-12,16.09,16.44,16.08,16.25,28699
21-Sep-12,16.50,16.51,16.02,16.17,43573
20-Sep-12,16.12,16.25,16.05,16.20,5313
19-Sep-12,16.33,16.45,16.17,16.23,10977
18-Sep-12,16.58,16.72,16.01,16.33,25128
17-Sep-12,16.33,16.63,16.11,16.59,13282
14-Sep-12,16.20,16.55,16.00,16.50,31440
13-Sep-12,16.11,16.13,15.83,16.11,40652
12-Sep-12,16.30,16.30,15.98,16.09,20536
11-Sep-12,16.45,16.45,15.81,16.30,32312
10-Sep-12,16.73,16.81,16.19,16.38,34192
7-Sep-12,16.66,16.90,16.61,16.78,32480
6-Sep-12,16.34,16.85,16.02,16.54,58892
5-Sep-12,16.29,16.38,15.98,16.30,44357
4-Sep-12,16.11,16.33,15.71,16.29,38182
31-Aug-12,16.37,16.39,15.90,16.16,41111
30-Aug-12,16.41,16.41,16.00,16.19,33633
29-Aug-12,16.29,16.68,16.25,16.58,21629
28-Aug-12,16.18,16.44,16.17,16.29,27222
27-Aug-12,16.69,16.82,16.16,16.17,28684
24-Aug-12,16.55,16.95,16.08,16.64,54293
23-Aug-12,16.70,16.73,16.44,16.63,23611
22-Aug-12,16.64,16.97,16.48,16.69,16269
21-Aug-12,16.96,17.40,16.60,16.72,44198
20-Aug-12,16.98,17.10,16.70,16.95,28276
17-Aug-12,16.07,17.08,16.07,17.08,58429
16-Aug-12,16.00,16.18,15.59,16.15,68780
15-Aug-12,15.78,16.07,15.69,16.07,31255
14-Aug-12,15.83,15.99,15.50,15.78,53111
13-Aug-12,16.23,16.33,15.54,15.64,56924
10-Aug-12,15.73,16.38,15.70,16.34,145325
9-Aug-12,15.78,15.93,15.72,15.77,23205
8-Aug-12,15.75,15.97,15.75,15.85,148786
7-Aug-12,15.93,16.03,15.76,15.82,50885
6-Aug-12,15.54,16.18,15.54,15.83,90409
3-Aug-12,15.68,15.92,15.55,15.58,67674
2-Aug-12,15.52,15.77,15.25,15.30,377710
1-Aug-12,15.82,16.72,15.50,15.72,126066
31-Jul-12,17.02,17.24,16.67,16.71,43656
30-Jul-12,17.41,17.41,16.88,17.14,19602
27-Jul-12,16.42,17.47,16.42,17.46,47511
26-Jul-12,16.34,16.46,16.21,16.39,24590
25-Jul-12,15.94,16.32,15.80,16.04,34350
24-Jul-12,16.41,16.60,15.67,15.75,43522
23-Jul-12,16.80,16.80,16.29,16.30,44157
20-Jul-12,16.73,17.06,16.54,16.88,32851
19-Jul-12,17.27,17.27,16.74,16.96,33130
18-Jul-12,17.38,17.55,17.14,17.24,29671
17-Jul-12,17.39,17.62,17.08,17.35,28930
16-Jul-12,17.82,17.82,17.24,17.30,45867
13-Jul-12,17.33,18.07,17.33,17.94,34232
12-Jul-12,17.03,17.36,16.80,17.28,24625
11-Jul-12,17.38,17.59,16.99,17.26,31436
10-Jul-12,18.04,18.21,17.08,17.37,18115
9-Jul-12,18.24,18.28,17.62,17.91,42750
6-Jul-12,18.08,18.49,17.89,18.32,32032
5-Jul-12,18.17,18.65,17.82,18.37,65315
3-Jul-12,17.74,18.29,17.74,18.29,61252
2-Jul-12,17.35,17.77,17.07,17.77,71150
29-Jun-12,17.01,17.33,16.78,17.33,73585
28-Jun-12,16.77,17.01,16.22,16.51,36618
27-Jun-12,17.00,17.29,16.80,16.91,38541
26-Jun-12,17.02,17.35,16.86,16.92,34699
25-Jun-12,16.48,17.05,16.46,16.93,48030
22-Jun-12,16.53,16.90,16.31,16.87,380529
21-Jun-12,17.24,17.30,16.07,16.47,64301
20-Jun-12,17.33,17.72,17.04,17.36,32667
19-Jun-12,16.54,17.47,16.30,17.42,54805
18-Jun-12,16.72,17.16,16.32,16.45,48561
15-Jun-12,15.46,16.98,15.46,16.97,76023
14-Jun-12,15.53,15.84,15.35,15.50,63113
13-Jun-12,16.00,16.10,15.50,15.58,44582
12-Jun-12,16.26,16.47,15.97,16.08,59534
11-Jun-12,17.01,17.12,16.06,16.09,37357
8-Jun-12,16.76,16.96,16.56,16.76,33209
7-Jun-12,17.37,17.58,16.84,16.88,24414
6-Jun-12,16.80,17.00,16.68,17.00,32553
5-Jun-12,17.04,17.06,16.51,16.59,38031
4-Jun-12,16.17,17.29,16.00,17.15,72245
1-Jun-12,16.51,16.51,16.03,16.09,49430
31-May-12,17.38,17.38,16.66,16.88,53164
30-May-12,17.30,17.68,17.22,17.42,33590
29-May-12,17.66,17.83,17.26,17.53,39170
25-May-12,17.58,17.63,17.34,17.41,18836
24-May-12,18.13,18.13,17.40,17.63,29628
23-May-12,17.80,18.19,17.27,18.16,35234
22-May-12,18.47,18.49,17.82,18.01,41036
21-May-12,18.15,18.44,17.90,18.40,27844
18-May-12,18.40,18.53,17.83,18.01,102525
17-May-12,18.48,18.69,18.40,18.45,44258
16-May-12,18.84,19.06,18.47,18.49,60829
15-May-12,18.41,18.80,18.10,18.58,46453
14-May-12,18.95,18.95,18.45,18.45,50640
11-May-12,19.41,19.77,19.00,19.27,57262
10-May-12,19.64,19.84,19.31,19.67,40334
9-May-12,19.21,19.84,19.18,19.45,34819
8-May-12,18.90,19.60,18.90,19.54,78942
7-May-12,19.14,19.36,18.91,19.11,77701
4-May-12,19.71,19.71,19.06,19.31,79656
3-May-12,20.00,20.35,19.26,19.72,136097
2-May-12,19.60,19.75,18.16,19.19,228334
1-May-12,18.28,18.50,18.21,18.30,139735
30-Apr-12,18.43,18.44,18.21,18.28,48540
27-Apr-12,18.33,18.50,18.15,18.43,48244
26-Apr-12,18.25,18.47,18.13,18.30,45027
25-Apr-12,18.52,18.63,18.14,18.27,72305
24-Apr-12,17.92,18.44,17.92,18.09,44659
23-Apr-12,18.00,18.20,17.85,17.96,91387
20-Apr-12,18.66,18.69,18.25,18.41,51632
19-Apr-12,18.68,18.81,18.06,18.35,62313
18-Apr-12,18.74,18.87,18.53,18.67,36324
17-Apr-12,19.02,19.08,18.77,18.83,56102
16-Apr-12,19.03,19.15,18.67,18.82,40376
13-Apr-12,19.20,19.42,18.76,18.94,41786
12-Apr-12,19.13,19.50,19.13,19.34,56727
11-Apr-12,19.05,19.29,18.92,19.10,62850
10-Apr-12,19.33,19.71,18.72,18.78,43574
9-Apr-12,19.47,19.57,19.05,19.38,44205
5-Apr-12,20.04,20.17,19.85,20.03,36052
4-Apr-12,20.59,20.88,19.96,20.22,51864
3-Apr-12,21.39,21.45,20.53,21.04,72544
2-Apr-12,20.97,21.50,20.82,21.50,39304
30-Mar-12,21.44,21.44,21.07,21.11,43168
29-Mar-12,21.17,21.39,20.82,21.23,39047
28-Mar-12,21.88,21.94,21.12,21.45,38876
27-Mar-12,22.72,22.89,21.85,21.86,52524
26-Mar-12,22.51,22.82,22.40,22.68,128941
23-Mar-12,21.16,22.14,21.08,22.09,77405
22-Mar-12,21.47,21.47,20.94,21.25,32265
21-Mar-12,21.92,21.97,21.56,21.80,62829
20-Mar-12,22.35,22.46,21.67,21.87,34974
19-Mar-12,22.02,23.20,22.02,22.69,61001
16-Mar-12,22.13,22.13,21.60,22.02,75597
15-Mar-12,22.09,22.14,21.61,22.08,42451
14-Mar-12,22.43,22.45,21.80,22.02,27977
13-Mar-12,22.09,22.47,21.91,22.44,43712
12-Mar-12,22.02,22.36,21.72,21.84,31988
9-Mar-12,20.99,22.05,20.73,22.05,55721
8-Mar-12,20.66,20.93,20.37,20.93,43845
7-Mar-12,20.76,21.03,20.25,20.67,57465
6-Mar-12,20.87,21.04,20.39,20.69,57372
5-Mar-12,21.21,21.38,20.78,21.25,28621
2-Mar-12,22.35,22.54,21.25,21.40,81513
1-Mar-12,22.51,22.97,22.28,22.29,58779
29-Feb-12,23.13,23.38,22.28,22.31,56046
28-Feb-12,23.35,23.57,22.87,23.09,26090
27-Feb-12,23.16,23.46,23.01,23.35,44905
24-Feb-12,24.50,24.51,23.50,23.57,113190
23-Feb-12,23.81,24.53,23.44,24.51,116532
22-Feb-12,23.69,24.23,23.53,23.80,33943
21-Feb-12,24.44,24.53,23.42,23.85,34989
17-Feb-12,24.50,24.50,24.00,24.34,36753
16-Feb-12,23.42,24.35,23.32,24.35,40809
15-Feb-12,24.05,24.09,23.31,23.49,52779
14-Feb-12,23.93,24.24,23.50,23.90,64505
13-Feb-12,22.66,24.24,22.59,24.18,84582
10-Feb-12,22.60,23.00,22.25,22.38,62656
9-Feb-12,23.24,23.43,22.96,23.05,29475
8-Feb-12,23.00,23.81,22.76,23.23,69411
7-Feb-12,23.25,23.42,22.82,23.00,78528
6-Feb-12,23.91,23.91,23.05,23.44,38558
3-Feb-12,23.84,24.35,23.48,24.13,59131
2-Feb-12,23.19,23.19,23.19,23.19,0
1-Feb-12,22.37,22.92,22.26,22.78,55019
31-Jan-12,22.04,22.26,21.25,22.10,38245
30-Jan-12,22.04,22.04,21.60,21.97,31509
27-Jan-12,22.33,22.33,22.33,22.33,0
26-Jan-12,22.23,22.44,21.84,22.12,64504
25-Jan-12,22.04,22.32,21.68,22.05,41893
24-Jan-12,21.46,22.22,21.31,22.16,34811
23-Jan-12,21.68,21.92,21.28,21.64,44549
20-Jan-12,21.57,21.90,21.45,21.64,37393
19-Jan-12,21.06,21.76,20.91,21.67,68027
18-Jan-12,20.31,21.04,20.28,21.00,46367
17-Jan-12,21.04,21.41,20.29,20.34,63533
13-Jan-12,20.90,20.90,20.90,20.90,0
12-Jan-12,20.79,21.50,20.57,21.47,47643
11-Jan-12,20.57,20.79,20.43,20.78,43461
10-Jan-12,20.51,20.51,20.51,20.51,0
9-Jan-12,20.18,20.46,19.95,20.09,61964
6-Jan-12,20.65,20.65,19.90,20.13,43256
5-Jan-12,19.95,20.73,19.37,20.60,61028
4-Jan-12,20.24,20.43,19.90,20.13,41085
3-Jan-12,20.33,20.68,19.95,20.43,61497
30-Dec-11,19.78,19.78,19.78,19.78,0
29-Dec-11,19.76,20.19,19.19,20.08,100163
28-Dec-11,20.41,20.41,19.54,19.74,63500
27-Dec-11,20.46,20.77,19.74,20.43,47671
23-Dec-11,20.38,20.38,20.38,20.38,0
22-Dec-11,20.41,20.76,20.25,20.48,18007
21-Dec-11,20.39,20.39,20.39,20.39,0
20-Dec-11,19.29,20.24,19.29,20.18,55470
19-Dec-11,19.70,19.90,18.70,18.78,41761
16-Dec-11,19.82,20.06,19.15,19.46,62972
15-Dec-11,19.69,20.05,19.30,19.62,44347
14-Dec-11,19.23,19.23,19.23,19.23,0
13-Dec-11,21.36,21.57,19.81,20.14,69848
12-Dec-11,21.24,21.25,20.62,21.20,34764
9-Dec-11,20.53,21.89,20.53,21.67,77319
8-Dec-11,21.27,21.56,20.28,20.42,54689
7-Dec-11,22.11,22.11,21.16,21.65,86744
6-Dec-11,21.85,22.64,21.73,22.35,52636
5-Dec-11,21.71,21.71,21.71,21.71,0
2-Dec-11,21.43,21.84,21.19,21.68,68222
1-Dec-11,21.21,21.69,20.62,20.94,51244
30-Nov-11,19.71,21.45,19.70,21.36,124134
29-Nov-11,18.70,18.70,18.70,18.70,0
28-Nov-11,18.92,19.75,18.51,18.81,75959
25-Nov-11,18.52,18.97,17.91,17.99,51280
23-Nov-11,18.72,18.72,18.72,18.72,0
22-Nov-11,20.19,20.19,20.19,20.19,0
21-Nov-11,21.00,21.00,20.00,20.36,63099
18-Nov-11,21.84,22.24,21.43,21.72,24390
17-Nov-11,22.25,23.50,21.51,21.66,76690
16-Nov-11,22.87,23.32,22.25,22.37,40850
15-Nov-11,22.49,23.52,22.43,23.27,45326
14-Nov-11,22.89,23.16,22.47,22.75,47937
11-Nov-11,22.76,23.30,22.71,23.16,38218
10-Nov-11,23.01,23.01,23.01,23.01,0
9-Nov-11,23.03,23.52,22.91,23.15,96571
8-Nov-11,23.94,24.10,23.31,23.93,127384
7-Nov-11,23.05,23.97,22.66,23.68,53491
4-Nov-11,23.24,23.35,22.63,23.28,43695
3-Nov-11,23.06,23.86,22.49,23.54,84893
2-Nov-11,22.21,22.21,22.21,22.21,0
1-Nov-11,20.53,21.56,20.26,20.80,95343
31-Oct-11,22.07,22.59,21.62,21.70,55711
28-Oct-11,23.12,23.37,22.64,22.66,62450
27-Oct-11,23.44,23.44,23.44,23.44,0
26-Oct-11,21.50,21.98,20.59,21.85,50449
25-Oct-11,21.71,21.85,20.86,20.96,44388
24-Oct-11,21.29,22.00,21.07,21.99,51011
21-Oct-11,20.85,20.85,20.85,20.85,0
20-Oct-11,20.33,20.77,19.64,20.44,35193
19-Oct-11,21.36,21.49,20.11,20.20,38768
18-Oct-11,20.41,21.65,19.85,21.37,47167
17-Oct-11,21.61,21.66,20.01,20.18,66631
14-Oct-11,21.15,21.88,20.99,21.82,84480
13-Oct-11,20.47,20.87,20.15,20.87,38793
12-Oct-11,19.64,20.94,19.57,20.74,101080
11-Oct-11,19.54,19.54,19.54,19.54,0
10-Oct-11,18.36,19.57,18.34,19.56,76431
7-Oct-11,18.40,18.49,17.72,17.90,60685
6-Oct-11,17.85,18.52,17.70,18.29,87276
5-Oct-11,16.97,17.99,16.50,17.88,79062
4-Oct-11,15.00,16.94,15.00,16.92,107146
3-Oct-11,15.29,15.29,15.29,15.29,0
30-Sep-11,15.91,16.37,15.71,15.75,75328
29-Sep-11,15.59,15.59,15.59,15.59,0
