Date,Open,High,Low,Close,Volume
27-Sep-12,98.02,101.78,98.02,101.04,171295
26-Sep-12,98.16,99.20,97.36,97.76,123525
25-Sep-12,98.70,100.50,97.50,98.14,167088
24-Sep-12,98.51,99.23,96.71,98.40,105741
21-Sep-12,101.05,101.28,98.97,99.00,111749
20-Sep-12,99.37,100.43,99.30,100.06,41368
19-Sep-12,100.29,100.73,99.62,100.25,22525
18-Sep-12,100.68,100.68,99.82,100.43,28665
17-Sep-12,100.17,101.70,99.61,100.88,58081
14-Sep-12,98.73,100.49,98.23,100.41,64479
13-Sep-12,99.31,99.31,97.63,98.08,87716
12-Sep-12,99.65,99.95,98.45,98.91,38060
11-Sep-12,100.90,101.44,98.90,98.98,48535
10-Sep-12,101.96,103.64,100.65,100.74,58681
7-Sep-12,104.87,104.87,100.55,101.02,179084
6-Sep-12,101.34,106.40,99.51,104.15,350789
5-Sep-12,99.13,101.82,99.13,101.09,209530
4-Sep-12,99.34,100.00,97.14,99.95,119446
31-Aug-12,98.49,99.60,97.66,99.19,159566
30-Aug-12,97.25,98.55,96.01,98.07,98647
29-Aug-12,97.98,98.30,96.92,98.04,106682
28-Aug-12,98.99,100.83,97.11,97.61,286680
27-Aug-12,99.47,99.74,97.56,98.94,256802
24-Aug-12,96.22,96.75,94.80,96.02,117263
23-Aug-12,95.74,97.04,95.43,96.72,87480
22-Aug-12,94.83,96.64,94.60,95.91,93781
21-Aug-12,95.72,96.98,94.63,95.26,65897
20-Aug-12,97.88,98.23,95.43,95.74,153721
17-Aug-12,95.78,98.20,95.72,97.83,137804
16-Aug-12,94.05,96.59,90.00,96.10,118861
15-Aug-12,93.05,94.66,91.94,94.33,55815
14-Aug-12,94.23,94.25,92.19,93.76,106038
13-Aug-12,94.90,94.94,92.78,93.96,67182
10-Aug-12,94.52,95.26,93.71,94.99,113802
9-Aug-12,94.45,94.96,93.38,94.70,72046
8-Aug-12,94.78,96.24,94.09,94.81,163555
7-Aug-12,94.12,95.91,93.31,95.44,243606
6-Aug-12,92.20,94.16,91.77,93.84,151091
3-Aug-12,89.70,93.46,89.70,92.41,178764
2-Aug-12,89.01,91.32,88.80,89.60,322336
1-Aug-12,95.89,99.09,90.63,92.31,679306
31-Jul-12,92.24,92.80,89.43,89.47,235248
30-Jul-12,93.72,94.15,91.00,92.37,203452
27-Jul-12,92.00,94.00,91.66,93.41,127273
26-Jul-12,92.07,92.63,90.33,91.79,137501
25-Jul-12,89.75,91.53,88.83,90.98,115473
24-Jul-12,88.92,90.69,87.98,89.34,142490
23-Jul-12,87.66,89.61,86.62,88.52,124997
20-Jul-12,88.60,89.88,87.97,89.33,128356
19-Jul-12,88.67,89.72,88.24,89.17,93843
18-Jul-12,88.34,90.31,87.79,88.61,112705
17-Jul-12,88.29,88.90,87.00,88.38,83730
16-Jul-12,88.30,88.52,87.00,87.51,69206
13-Jul-12,87.46,88.82,87.46,88.20,186976
12-Jul-12,87.00,87.59,85.97,87.16,118189
11-Jul-12,87.13,87.95,86.66,87.35,209955
10-Jul-12,89.49,89.59,86.82,86.96,249546
9-Jul-12,89.27,89.57,88.03,88.86,124322
6-Jul-12,90.50,90.72,88.44,89.49,156179
5-Jul-12,91.55,92.06,90.60,91.66,91343
3-Jul-12,90.93,92.16,89.65,92.13,68262
2-Jul-12,89.13,90.81,88.81,90.79,170269
29-Jun-12,88.57,89.28,87.45,88.93,176788
28-Jun-12,86.78,87.10,85.71,86.60,137641
27-Jun-12,87.00,87.95,86.30,87.35,130309
26-Jun-12,86.17,87.89,85.48,87.05,133724
25-Jun-12,85.23,87.10,84.49,86.30,118597
22-Jun-12,86.41,86.58,85.69,86.41,427751
21-Jun-12,89.75,89.86,85.82,86.04,252570
20-Jun-12,90.35,90.89,89.46,89.81,188465
19-Jun-12,89.77,91.41,89.56,90.99,346220
18-Jun-12,86.77,89.93,86.27,89.10,238078
15-Jun-12,84.83,87.60,84.69,87.40,271728
14-Jun-12,81.90,85.12,81.70,85.11,195972
13-Jun-12,82.25,82.91,81.50,82.03,136203
12-Jun-12,82.78,82.94,81.99,82.60,87020
11-Jun-12,84.64,85.20,82.57,82.68,104716
8-Jun-12,82.41,84.26,82.30,83.94,192052
7-Jun-12,83.27,83.92,82.26,82.36,191671
6-Jun-12,82.02,82.65,81.72,82.31,129306
5-Jun-12,79.02,81.88,79.02,81.73,280934
4-Jun-12,77.08,79.69,76.22,79.41,197675
1-Jun-12,78.50,78.98,76.82,77.02,205438
31-May-12,80.21,81.06,79.20,80.33,211757
30-May-12,81.19,81.76,80.32,80.47,169570
29-May-12,82.94,84.18,81.91,82.25,155546
25-May-12,81.23,82.53,80.94,82.44,180291
24-May-12,81.41,81.74,79.77,81.49,356407
23-May-12,77.53,81.25,77.26,81.16,376231
22-May-12,76.31,77.80,76.04,77.80,162960
21-May-12,75.18,76.49,73.58,76.49,125289
18-May-12,74.63,75.62,73.84,74.28,162385
17-May-12,76.23,76.78,74.75,74.81,133597
16-May-12,77.07,77.50,75.94,76.49,120569
15-May-12,78.10,79.20,76.73,76.93,200080
14-May-12,77.55,83.02,77.05,78.18,405712
11-May-12,73.76,75.93,73.76,75.51,79850
10-May-12,76.16,76.25,73.89,74.57,167904
9-May-12,74.94,76.45,74.71,75.67,98090
8-May-12,76.87,77.22,74.68,76.42,142295
7-May-12,75.95,77.53,75.95,77.29,171724
4-May-12,76.48,77.55,75.39,76.43,248135
3-May-12,77.51,77.56,76.24,76.43,133784
2-May-12,76.01,77.90,75.70,77.77,135373
1-May-12,77.15,78.14,76.05,76.73,155168
30-Apr-12,76.70,77.79,75.92,77.16,215948
27-Apr-12,75.65,77.46,75.16,76.70,176289
26-Apr-12,75.35,76.07,74.59,75.31,263067
25-Apr-12,72.81,76.84,72.81,75.78,492934
24-Apr-12,70.11,72.09,69.68,70.17,276829
23-Apr-12,69.94,69.94,67.54,69.38,272409
20-Apr-12,73.04,73.04,70.84,71.10,140872
19-Apr-12,72.83,73.75,71.07,71.40,277555
18-Apr-12,73.49,74.37,72.81,72.86,114652
17-Apr-12,72.66,74.50,72.26,73.89,118443
16-Apr-12,71.88,72.83,71.25,71.97,58413
13-Apr-12,71.77,72.50,71.61,71.75,48028
12-Apr-12,70.90,72.36,70.88,72.14,101286
11-Apr-12,71.20,72.98,70.00,70.82,153207
10-Apr-12,71.09,71.96,70.54,70.68,156527
9-Apr-12,71.50,72.83,70.92,71.33,108759
5-Apr-12,72.00,73.01,71.65,72.44,92340
4-Apr-12,72.88,73.03,71.61,72.15,121622
3-Apr-12,73.43,73.84,72.94,73.47,108838
2-Apr-12,73.18,73.52,71.94,73.48,162159
30-Mar-12,74.03,74.76,72.76,73.28,228156
29-Mar-12,72.14,74.27,71.90,73.32,170718
28-Mar-12,74.40,74.40,72.16,72.79,154115
27-Mar-12,74.40,75.00,74.04,74.27,115824
26-Mar-12,73.48,74.99,73.46,74.54,98969
23-Mar-12,72.30,73.21,71.86,72.86,111423
22-Mar-12,72.74,74.53,71.34,72.12,145859
21-Mar-12,72.96,74.46,72.80,73.42,111910
20-Mar-12,73.04,73.50,71.84,72.83,90084
19-Mar-12,72.45,74.60,72.41,73.67,123503
16-Mar-12,72.87,73.17,71.69,73.17,288600
15-Mar-12,72.26,72.85,71.96,72.63,59389
14-Mar-12,73.62,73.62,72.03,72.25,90525
13-Mar-12,72.81,73.59,72.12,73.48,90539
12-Mar-12,72.84,73.64,72.00,72.20,64066
9-Mar-12,71.89,73.74,71.23,73.12,229638
8-Mar-12,70.70,71.99,70.18,71.96,89317
7-Mar-12,69.47,70.76,69.41,70.18,94393
6-Mar-12,68.95,69.61,68.87,69.35,156019
5-Mar-12,69.64,70.30,69.32,69.93,111289
2-Mar-12,70.88,70.88,69.24,69.96,191654
1-Mar-12,69.79,71.81,69.79,70.67,152571
29-Feb-12,70.71,72.42,69.61,69.82,136083
28-Feb-12,71.57,71.86,70.24,70.71,96930
27-Feb-12,69.77,72.25,69.40,71.33,174419
24-Feb-12,70.27,70.97,70.19,70.54,92845
23-Feb-12,69.17,70.43,68.75,70.23,117593
22-Feb-12,68.47,69.80,68.03,69.27,112976
21-Feb-12,69.11,69.46,68.64,68.94,294546
17-Feb-12,69.32,69.40,68.71,69.00,174776
16-Feb-12,68.20,69.29,68.07,69.10,207039
15-Feb-12,68.37,68.91,67.72,68.17,289940
14-Feb-12,67.22,68.30,67.22,68.22,164986
13-Feb-12,67.06,68.00,65.82,67.45,207724
10-Feb-12,66.14,67.78,65.34,66.24,183741
9-Feb-12,68.00,68.00,65.86,66.54,335570
8-Feb-12,65.00,67.24,64.26,66.01,482398
7-Feb-12,67.85,68.21,67.51,67.98,307506
6-Feb-12,67.81,67.81,67.81,67.81,0
3-Feb-12,67.52,70.12,67.26,69.35,241176
2-Feb-12,66.08,66.76,65.69,66.20,351062
1-Feb-12,66.77,67.20,65.97,66.14,296168
31-Jan-12,66.00,67.20,64.50,66.69,169620
30-Jan-12,68.97,68.97,67.60,67.74,174658
27-Jan-12,69.51,70.00,66.28,69.69,73459
26-Jan-12,69.58,69.58,69.58,69.58,0
25-Jan-12,68.89,70.20,68.51,69.56,112899
24-Jan-12,67.24,69.50,65.37,68.67,146161
23-Jan-12,68.88,69.25,67.36,67.37,121499
20-Jan-12,68.27,69.44,67.78,68.88,169435
19-Jan-12,67.19,68.72,66.93,68.61,139351
18-Jan-12,65.83,67.18,65.50,67.14,115005
17-Jan-12,67.00,68.23,65.46,65.92,102071
13-Jan-12,66.35,66.35,66.35,66.35,0
12-Jan-12,66.25,66.76,66.02,66.52,107156
11-Jan-12,65.53,66.10,65.36,65.98,83305
10-Jan-12,65.45,66.85,65.31,65.90,152490
9-Jan-12,64.88,65.77,64.53,64.90,118200
6-Jan-12,64.33,65.15,63.62,64.49,208300
5-Jan-12,63.92,65.01,63.86,64.20,239072
4-Jan-12,64.72,65.22,63.91,64.43,187441
3-Jan-12,66.19,66.76,64.51,65.20,179238
30-Dec-11,65.27,65.27,65.27,65.27,0
29-Dec-11,64.76,65.63,64.76,65.25,80900
28-Dec-11,64.80,64.80,64.80,64.80,0
27-Dec-11,65.37,66.90,64.87,66.29,104641
23-Dec-11,64.93,64.93,64.93,64.93,0
22-Dec-11,65.06,66.76,64.85,65.19,175422
21-Dec-11,69.85,69.85,63.75,65.10,489736
20-Dec-11,67.41,70.23,67.41,69.99,301981
19-Dec-11,67.61,67.68,65.77,65.93,213279
16-Dec-11,67.26,68.10,66.61,67.28,308916
15-Dec-11,67.73,68.24,65.82,66.59,232805
14-Dec-11,67.72,68.41,66.37,66.84,253679
13-Dec-11,69.96,70.51,68.01,68.46,204834
12-Dec-11,69.33,69.33,69.33,69.33,0
9-Dec-11,67.98,70.75,67.84,70.16,224260
8-Dec-11,68.49,68.49,68.49,68.49,0
7-Dec-11,67.82,69.30,67.11,68.53,198984
6-Dec-11,68.43,68.65,66.58,67.94,242288
5-Dec-11,68.30,68.30,68.30,68.30,0
2-Dec-11,65.47,65.80,63.92,64.65,205531
1-Dec-11,66.05,67.05,65.81,66.03,145063
30-Nov-11,65.80,66.51,64.91,66.32,328572
29-Nov-11,63.69,64.24,63.07,63.28,216284
28-Nov-11,62.11,64.05,61.64,63.75,220442
25-Nov-11,60.38,60.38,60.38,60.38,0
23-Nov-11,60.84,60.84,60.84,60.84,0
22-Nov-11,63.34,65.00,62.70,62.91,169046
21-Nov-11,63.25,64.59,63.17,63.97,180379
18-Nov-11,64.97,65.37,64.06,64.68,146832
17-Nov-11,65.86,66.40,64.27,65.06,224542
16-Nov-11,65.57,67.54,64.41,66.20,278743
15-Nov-11,63.46,66.42,63.46,66.26,270476
14-Nov-11,64.58,65.54,63.65,64.12,269180
11-Nov-11,64.33,65.77,64.33,65.17,211402
10-Nov-11,64.85,65.48,63.51,63.64,279273
9-Nov-11,63.86,64.71,63.34,63.96,335399
8-Nov-11,62.65,66.00,62.58,65.76,358329
7-Nov-11,63.17,64.05,62.38,63.15,217258
4-Nov-11,63.59,63.59,63.59,63.59,0
3-Nov-11,60.97,63.03,59.89,62.86,320132
2-Nov-11,58.79,60.67,58.00,60.46,221316
1-Nov-11,57.93,59.36,57.42,57.84,258701
31-Oct-11,59.59,61.00,59.59,60.18,167851
28-Oct-11,60.21,61.40,60.05,60.62,243479
27-Oct-11,59.56,59.56,59.56,59.56,0
26-Oct-11,54.26,61.39,53.45,60.25,1031393
25-Oct-11,55.08,55.65,51.54,51.76,534741
24-Oct-11,54.13,56.50,53.94,55.59,423615
21-Oct-11,53.21,53.72,51.54,53.65,179540
20-Oct-11,52.37,52.56,50.79,52.23,63803
19-Oct-11,53.41,53.87,52.17,52.51,148004
18-Oct-11,53.71,53.71,53.71,53.71,0
17-Oct-11,53.78,53.78,51.76,52.09,131036
14-Oct-11,53.02,54.00,52.62,53.81,137507
13-Oct-11,52.42,52.42,52.42,52.42,0
12-Oct-11,52.08,53.12,51.68,52.63,170803
11-Oct-11,49.98,51.94,49.98,51.81,139230
10-Oct-11,49.76,50.34,49.08,50.26,138618
7-Oct-11,49.88,50.25,48.32,48.79,310941
6-Oct-11,48.78,49.84,48.56,49.74,186250
5-Oct-11,48.28,49.22,47.30,48.73,228523
4-Oct-11,44.96,48.48,44.96,48.18,329194
3-Oct-11,46.18,47.57,45.53,45.55,273023
30-Sep-11,48.07,49.21,46.70,46.72,222972
29-Sep-11,48.51,48.51,48.51,48.51,0
