Date,Open,High,Low,Close,Volume
26-Sep-12,8.37,8.47,8.37,8.47,1743
25-Sep-12,8.46,8.60,8.46,8.60,786
24-Sep-12,8.60,8.60,8.50,8.50,2885
21-Sep-12,8.57,8.57,8.48,8.48,6202
20-Sep-12,8.39,8.45,8.39,8.45,725
19-Sep-12,8.40,8.49,8.40,8.49,200
18-Sep-12,8.40,8.50,8.40,8.50,212
17-Sep-12,8.38,8.48,8.25,8.48,750
14-Sep-12,8.45,8.45,8.45,8.45,1004
13-Sep-12,8.33,8.37,8.33,8.37,300
12-Sep-12,8.44,8.44,8.37,8.40,3092
11-Sep-12,8.45,8.45,8.30,8.30,3001
10-Sep-12,8.31,8.41,8.31,8.41,1400
7-Sep-12,8.20,8.29,8.02,8.29,3900
6-Sep-12,8.21,8.31,8.21,8.22,700
5-Sep-12,8.25,8.25,8.15,8.25,520
4-Sep-12,8.10,8.16,8.10,8.16,510
31-Aug-12,8.30,8.30,8.20,8.20,200
30-Aug-12,8.21,8.21,8.21,8.21,500
29-Aug-12,8.30,8.30,8.30,8.30,175
28-Aug-12,8.30,8.30,8.20,8.20,1999
27-Aug-12,8.28,8.28,8.28,8.28,1308
24-Aug-12,8.28,8.28,8.15,8.15,6166
23-Aug-12,8.15,8.15,8.05,8.05,200
22-Aug-12,8.18,8.18,8.18,8.18,504
21-Aug-12,8.21,8.21,8.01,8.16,1050
20-Aug-12,8.19,8.19,8.19,8.19,2063
17-Aug-12,8.30,8.30,8.30,8.30,6799
16-Aug-12,8.30,8.30,8.20,8.20,2843
15-Aug-12,8.14,8.30,8.14,8.30,2100
14-Aug-12,8.20,8.20,8.20,8.20,4370
13-Aug-12,8.19,8.20,8.01,8.20,43760
10-Aug-12,8.08,8.08,8.08,8.08,600
9-Aug-12,8.00,8.00,7.94,8.00,2462
8-Aug-12,8.15,8.15,7.98,8.05,2350
7-Aug-12,8.12,8.12,8.12,8.12,150
6-Aug-12,8.20,8.20,8.03,8.10,1051
3-Aug-12,8.00,8.05,7.85,8.05,1116
2-Aug-12,7.88,7.88,7.88,7.88,300
1-Aug-12,7.75,7.88,7.75,7.88,2509
31-Jul-12,7.75,7.75,7.75,7.75,975
30-Jul-12,7.56,7.71,7.56,7.67,874
27-Jul-12,7.73,7.73,7.53,7.53,1700
26-Jul-12,7.66,7.66,7.66,7.66,300
25-Jul-12,7.82,8.00,7.70,7.70,2066
24-Jul-12,7.75,7.90,7.75,7.90,200
23-Jul-12,7.78,7.89,7.72,7.86,1559
20-Jul-12,7.74,7.89,7.74,7.89,2049
19-Jul-12,7.45,7.75,7.45,7.60,1347
18-Jul-12,7.31,7.70,7.31,7.40,2000
17-Jul-12,7.20,7.22,7.20,7.22,3700
16-Jul-12,7.39,7.39,7.20,7.20,4719
13-Jul-12,7.16,7.16,7.16,7.16,1200
12-Jul-12,7.18,7.18,7.00,7.00,900
11-Jul-12,7.11,7.15,7.11,7.15,840
10-Jul-12,7.28,7.28,7.14,7.14,600
9-Jul-12,7.30,7.45,7.20,7.20,1700
6-Jul-12,7.15,7.17,7.15,7.15,1570
5-Jul-12,7.08,7.09,7.08,7.09,400
3-Jul-12,7.24,7.24,7.00,7.00,2799
2-Jul-12,7.01,7.16,7.01,7.16,750
29-Jun-12,6.91,7.05,6.91,7.05,1724
28-Jun-12,6.75,6.90,6.75,6.85,3103
27-Jun-12,7.05,7.07,6.94,6.95,3589
26-Jun-12,7.20,7.20,7.20,7.20,480
25-Jun-12,7.30,7.30,7.10,7.10,805
22-Jun-12,7.20,7.37,7.17,7.30,2456
21-Jun-12,7.16,7.16,7.16,7.16,963
20-Jun-12,7.10,7.10,7.10,7.10,500
19-Jun-12,7.00,7.15,7.00,7.03,500
18-Jun-12,7.00,7.15,6.99,7.15,2723
15-Jun-12,7.14,7.20,7.14,7.20,2256
14-Jun-12,7.16,7.31,7.14,7.14,1321
13-Jun-12,7.05,7.16,7.05,7.16,1510
12-Jun-12,7.07,7.07,7.07,7.07,220
11-Jun-12,7.01,7.06,7.01,7.06,595
8-Jun-12,6.95,6.95,6.95,6.95,1100
7-Jun-12,6.95,6.95,6.95,6.95,300
6-Jun-12,7.19,7.19,6.89,6.90,2213
5-Jun-12,7.00,7.14,7.00,7.04,3396
4-Jun-12,7.15,7.15,7.00,7.00,691
1-Jun-12,7.33,7.33,6.88,7.03,1321
31-May-12,7.01,7.39,7.01,7.39,1714
30-May-12,7.13,7.13,7.13,7.13,1500
29-May-12,7.32,7.32,7.17,7.17,218
25-May-12,7.34,7.43,7.28,7.43,1160
24-May-12,7.34,7.35,7.28,7.35,2671
23-May-12,7.30,7.30,7.26,7.26,582
22-May-12,7.07,7.27,7.07,7.25,690
21-May-12,7.27,7.47,7.03,7.03,3215
18-May-12,7.80,7.80,7.15,7.17,9000
17-May-12,8.13,8.13,7.93,7.93,720
16-May-12,7.95,8.05,7.92,8.04,637
15-May-12,7.94,7.94,7.94,7.94,300
14-May-12,7.76,7.91,7.76,7.91,862
11-May-12,7.76,7.76,7.76,7.76,112
10-May-12,7.83,7.83,7.83,7.83,0
9-May-12,7.90,7.90,7.83,7.83,300
8-May-12,7.61,7.96,7.61,7.96,1000
7-May-12,7.76,7.91,7.76,7.76,1489
4-May-12,7.91,7.91,7.91,7.91,100
3-May-12,8.00,8.00,8.00,8.00,145
2-May-12,8.03,8.03,7.83,7.98,3100
1-May-12,8.17,8.17,7.99,7.99,1400
30-Apr-12,8.26,8.26,8.08,8.08,310
27-Apr-12,8.00,8.35,8.00,8.35,8111
26-Apr-12,8.27,8.35,8.27,8.35,300
25-Apr-12,8.21,8.21,8.21,8.21,300
24-Apr-12,8.20,8.35,8.19,8.22,5038
23-Apr-12,8.01,8.16,8.01,8.16,1200
20-Apr-12,7.85,8.00,7.85,8.00,200
19-Apr-12,8.14,8.14,8.00,8.00,500
18-Apr-12,8.05,8.20,8.05,8.20,400
17-Apr-12,8.05,8.20,8.05,8.20,817
16-Apr-12,8.20,8.20,8.05,8.05,3385
13-Apr-12,7.87,8.02,7.87,8.02,900
12-Apr-12,7.73,7.80,7.50,7.80,2100
11-Apr-12,7.85,7.85,7.75,7.75,300
10-Apr-12,8.10,8.10,7.85,7.85,610
9-Apr-12,8.26,8.26,8.26,8.26,100
5-Apr-12,8.40,8.40,8.22,8.32,8200
4-Apr-12,8.10,8.10,8.10,8.10,2200
3-Apr-12,8.00,8.28,8.00,8.18,900
2-Apr-12,7.90,8.01,7.90,7.91,2401
30-Mar-12,8.02,8.02,8.02,8.02,100
29-Mar-12,8.09,8.09,8.09,8.09,100
28-Mar-12,8.09,8.09,8.09,8.09,100
27-Mar-12,8.40,8.40,8.22,8.22,778
26-Mar-12,8.16,8.36,8.16,8.36,639
23-Mar-12,8.08,8.20,7.94,8.18,2762
22-Mar-12,7.90,8.08,7.90,8.08,930
21-Mar-12,7.70,8.00,7.70,8.00,2300
20-Mar-12,8.11,8.21,7.70,7.78,3200
19-Mar-12,8.27,8.48,8.27,8.32,3000
16-Mar-12,8.01,8.10,8.01,8.10,1446
15-Mar-12,7.94,7.94,7.93,7.93,400
14-Mar-12,8.06,8.15,7.96,8.03,1500
13-Mar-12,8.00,8.36,7.90,8.16,5136
12-Mar-12,7.75,8.02,7.75,7.90,800
9-Mar-12,7.60,7.61,7.52,7.61,1200
8-Mar-12,7.88,7.88,7.48,7.70,2050
7-Mar-12,7.70,7.89,7.70,7.80,3400
6-Mar-12,7.61,7.61,7.43,7.53,700
5-Mar-12,7.75,7.75,7.65,7.65,901
2-Mar-12,7.89,7.89,7.89,7.89,200
1-Mar-12,7.62,7.85,7.59,7.80,2096
29-Feb-12,7.61,7.90,7.60,7.74,4600
28-Feb-12,7.11,7.41,7.11,7.41,1920
27-Feb-12,7.53,7.60,7.08,7.20,3933
24-Feb-12,7.74,7.74,7.51,7.51,500
23-Feb-12,7.68,7.68,7.68,7.68,200
22-Feb-12,7.58,7.78,7.58,7.78,1300
21-Feb-12,7.78,7.78,7.63,7.63,1809
17-Feb-12,7.01,7.72,7.01,7.72,5741
16-Feb-12,6.89,6.94,6.89,6.94,675
15-Feb-12,6.86,6.86,6.86,6.86,900
14-Feb-12,6.84,6.84,6.84,6.84,294
13-Feb-12,6.72,6.72,6.72,6.72,100
10-Feb-12,6.72,6.75,6.60,6.70,1200
9-Feb-12,6.65,6.95,6.65,6.75,3936
8-Feb-12,6.25,6.55,6.25,6.55,900
7-Feb-12,6.28,6.30,6.28,6.30,800
6-Feb-12,6.25,6.25,6.25,6.25,116
3-Feb-12,6.15,6.35,6.15,6.25,1900
2-Feb-12,6.19,6.19,6.09,6.09,1200
1-Feb-12,6.15,6.15,6.15,6.15,100
31-Jan-12,6.05,6.05,6.05,6.05,500
30-Jan-12,6.00,6.00,6.00,6.00,1336
27-Jan-12,6.05,6.05,6.05,6.05,1275
26-Jan-12,6.01,6.01,6.00,6.00,715
25-Jan-12,6.07,6.10,6.07,6.10,1200
24-Jan-12,6.03,6.03,6.00,6.00,9535
23-Jan-12,6.00,6.00,6.00,6.00,2700
20-Jan-12,6.00,6.00,6.00,6.00,454
19-Jan-12,6.00,6.00,6.00,6.00,4291
18-Jan-12,6.00,6.00,6.00,6.00,6064
17-Jan-12,6.10,6.10,6.00,6.00,6190
13-Jan-12,6.00,6.00,6.00,6.00,0
12-Jan-12,5.98,6.10,5.90,6.10,15489
11-Jan-12,5.85,5.95,5.82,5.90,3200
10-Jan-12,6.19,6.19,5.63,5.82,7137
9-Jan-12,6.20,6.20,6.20,6.20,100
6-Jan-12,6.36,6.36,6.20,6.20,600
5-Jan-12,6.10,6.26,6.10,6.26,410
4-Jan-12,6.00,6.10,6.00,6.05,2337
3-Jan-12,6.25,6.25,6.08,6.08,3050
30-Dec-11,6.05,6.05,6.00,6.05,3100
29-Dec-11,6.03,6.03,5.98,5.98,504
28-Dec-11,5.82,5.95,5.82,5.95,900
27-Dec-11,5.85,5.85,5.85,5.85,200
23-Dec-11,5.89,5.89,5.89,5.89,0
22-Dec-11,6.02,6.05,5.95,5.95,700
21-Dec-11,6.15,6.15,5.85,5.95,3097
20-Dec-11,6.08,6.10,6.08,6.10,300
19-Dec-11,6.34,6.34,6.00,6.10,3600
16-Dec-11,6.09,6.47,6.09,6.47,4347
15-Dec-11,6.15,6.15,6.05,6.05,600
14-Dec-11,6.12,6.20,6.02,6.20,1100
13-Dec-11,6.12,6.12,6.08,6.08,450
12-Dec-11,6.10,6.20,6.10,6.12,579
9-Dec-11,6.19,6.19,6.09,6.09,200
8-Dec-11,6.29,6.29,6.29,6.29,1000
7-Dec-11,6.19,6.39,6.19,6.39,300
6-Dec-11,6.10,6.15,6.10,6.15,1800
5-Dec-11,6.21,6.21,6.16,6.16,300
2-Dec-11,6.20,6.30,6.11,6.11,2700
1-Dec-11,6.23,6.35,6.12,6.12,1300
30-Nov-11,6.05,6.35,6.05,6.14,2709
29-Nov-11,6.02,6.02,6.02,6.02,200
28-Nov-11,6.01,6.01,6.00,6.00,1601
25-Nov-11,6.03,6.03,6.03,6.03,500
23-Nov-11,5.99,5.99,5.99,5.99,0
22-Nov-11,6.26,6.26,5.76,5.94,1800
21-Nov-11,6.20,6.30,6.20,6.20,1950
18-Nov-11,6.50,6.50,6.22,6.22,578
17-Nov-11,6.00,6.40,5.99,6.40,3264
16-Nov-11,6.00,6.09,6.00,6.09,200
15-Nov-11,6.10,6.10,5.90,5.90,2800
14-Nov-11,6.13,6.13,5.98,6.00,5850
11-Nov-11,6.10,6.10,6.10,6.10,100
10-Nov-11,6.20,6.20,6.05,6.10,3142
9-Nov-11,6.10,6.10,6.10,6.10,0
8-Nov-11,6.20,6.20,6.20,6.20,700
7-Nov-11,6.22,6.22,6.17,6.17,882
4-Nov-11,6.30,6.30,6.27,6.27,3400
3-Nov-11,6.42,6.42,6.28,6.28,677
2-Nov-11,6.34,6.44,6.34,6.44,200
1-Nov-11,6.40,6.40,6.24,6.24,600
31-Oct-11,6.40,6.50,6.40,6.50,1800
28-Oct-11,6.50,6.50,6.40,6.40,400
27-Oct-11,6.46,6.46,6.46,6.46,169
26-Oct-11,6.44,6.44,6.44,6.44,474
25-Oct-11,6.40,6.50,6.40,6.50,300
24-Oct-11,6.39,6.39,6.30,6.30,400
21-Oct-11,6.21,6.40,6.10,6.32,1500
20-Oct-11,6.32,6.32,6.20,6.20,300
19-Oct-11,6.32,6.32,6.32,6.32,400
18-Oct-11,6.41,6.41,6.41,6.41,150
17-Oct-11,6.50,6.60,6.31,6.31,4830
14-Oct-11,6.19,6.19,6.19,6.19,1000
13-Oct-11,6.10,6.10,5.95,6.10,3479
12-Oct-11,6.17,6.40,6.03,6.12,3000
11-Oct-11,6.00,6.05,6.00,6.05,20379
10-Oct-11,6.07,6.07,6.07,6.07,0
7-Oct-11,6.00,6.00,6.00,6.00,100
6-Oct-11,5.85,5.94,5.85,5.89,1200
5-Oct-11,5.85,5.85,5.75,5.75,357
4-Oct-11,5.70,5.78,5.70,5.78,5100
3-Oct-11,5.66,5.76,5.66,5.76,200
30-Sep-11,5.71,5.71,5.71,5.71,300
29-Sep-11,5.69,5.77,5.68,5.75,4200
