Date,Open,High,Low,Close,Volume
27-Sep-12,37.78,39.25,37.67,39.23,456357
26-Sep-12,38.71,38.76,37.56,37.69,526855
25-Sep-12,39.32,39.50,38.64,38.64,281530
24-Sep-12,39.35,39.54,39.14,39.21,386174
21-Sep-12,39.91,40.18,39.40,39.47,443104
20-Sep-12,39.94,39.97,39.49,39.65,269922
19-Sep-12,39.08,40.76,39.04,40.11,610427
18-Sep-12,38.97,39.15,38.57,39.08,222492
17-Sep-12,39.58,39.65,38.81,38.97,235711
14-Sep-12,39.35,39.99,39.35,39.61,313433
13-Sep-12,39.11,39.50,38.58,39.34,198884
12-Sep-12,38.90,39.25,38.76,38.99,216535
11-Sep-12,38.77,39.07,38.53,38.88,232778
10-Sep-12,38.65,38.86,38.48,38.64,154447
7-Sep-12,39.08,39.14,38.69,38.71,181562
6-Sep-12,38.00,39.10,37.87,38.94,382322
5-Sep-12,37.80,38.16,37.76,37.99,425494
4-Sep-12,37.19,38.00,36.82,37.93,385031
31-Aug-12,37.49,37.58,36.97,37.20,266200
30-Aug-12,37.12,37.37,36.88,37.28,210725
29-Aug-12,37.45,37.54,37.25,37.37,265629
28-Aug-12,37.55,37.97,37.29,37.37,361238
27-Aug-12,37.98,38.30,37.26,37.52,394923
24-Aug-12,37.56,38.30,37.26,38.02,456516
23-Aug-12,35.69,38.18,35.64,37.47,1119203
22-Aug-12,36.97,37.81,36.92,37.57,494281
21-Aug-12,37.23,37.75,36.97,37.06,404599
20-Aug-12,38.40,38.72,37.00,37.22,666400
17-Aug-12,38.47,39.20,38.11,39.09,102885
16-Aug-12,36.92,38.69,36.65,38.32,346502
15-Aug-12,36.66,37.09,36.60,37.05,96974
14-Aug-12,37.02,37.31,36.70,36.79,152851
13-Aug-12,37.23,37.34,36.78,36.94,90533
10-Aug-12,37.18,37.65,37.17,37.41,79660
9-Aug-12,38.26,38.29,37.23,37.48,151283
8-Aug-12,37.73,38.46,37.73,38.43,101647
7-Aug-12,37.82,38.39,37.66,38.01,69531
6-Aug-12,37.96,38.17,37.59,37.74,53928
3-Aug-12,37.44,38.51,37.44,37.91,92825
2-Aug-12,36.80,37.48,36.52,37.03,264740
1-Aug-12,37.86,38.25,37.01,37.04,210804
31-Jul-12,37.76,38.07,37.59,37.60,248873
30-Jul-12,37.89,38.11,37.49,37.70,242525
27-Jul-12,37.70,38.17,37.51,37.84,331222
26-Jul-12,37.62,37.92,37.00,37.53,353604
25-Jul-12,37.47,37.96,37.12,37.24,470363
24-Jul-12,38.38,38.48,36.99,37.47,503367
23-Jul-12,38.87,39.05,38.21,38.31,462346
20-Jul-12,39.72,39.80,39.19,39.55,443641
19-Jul-12,39.00,40.34,38.84,39.86,869529
18-Jul-12,38.38,38.94,38.38,38.83,322262
17-Jul-12,38.80,38.93,38.15,38.41,480833
16-Jul-12,38.64,38.97,38.32,38.56,362155
13-Jul-12,37.83,38.73,37.83,38.67,298339
12-Jul-12,37.53,38.04,36.25,37.81,562028
11-Jul-12,38.19,38.26,37.75,37.85,297393
10-Jul-12,38.24,39.22,37.97,38.12,559917
9-Jul-12,37.93,38.13,37.52,38.07,483002
6-Jul-12,37.97,38.23,37.82,37.86,423890
5-Jul-12,37.50,38.30,37.47,38.21,456857
3-Jul-12,36.68,37.49,36.68,37.49,266264
2-Jul-12,36.68,36.92,36.15,36.76,484730
29-Jun-12,36.68,36.74,36.28,36.64,847364
28-Jun-12,35.94,36.42,35.75,36.19,352424
27-Jun-12,36.00,36.26,35.70,36.10,412856
26-Jun-12,36.25,36.27,35.45,35.87,497000
25-Jun-12,36.36,36.64,36.11,36.13,652678
22-Jun-12,36.26,36.82,36.02,36.75,528388
21-Jun-12,37.06,37.06,36.13,36.20,467388
20-Jun-12,37.50,37.68,36.56,37.18,671982
19-Jun-12,37.29,38.07,37.26,37.70,252690
18-Jun-12,36.54,37.36,36.51,37.30,333550
15-Jun-12,36.38,36.80,36.22,36.78,600002
14-Jun-12,36.60,36.94,36.29,36.38,485332
13-Jun-12,36.20,36.58,35.80,36.39,992918
12-Jun-12,35.90,36.30,35.48,36.16,998524
11-Jun-12,36.52,36.52,35.62,35.66,238550
8-Jun-12,35.96,36.23,35.52,36.18,389694
7-Jun-12,36.34,36.79,35.92,36.10,1012472
6-Jun-12,35.92,36.33,35.58,35.96,1023898
5-Jun-12,35.46,35.63,35.08,35.56,346850
4-Jun-12,35.89,36.00,35.09,35.46,535610
1-Jun-12,36.57,36.64,35.75,35.84,589566
31-May-12,37.10,37.44,36.36,37.26,805738
30-May-12,37.31,37.50,37.10,37.36,451638
29-May-12,37.57,38.44,37.57,37.72,458474
25-May-12,37.25,38.14,37.06,37.43,887052
24-May-12,34.86,37.42,34.26,37.34,1242806
23-May-12,33.70,34.24,33.50,34.06,466822
22-May-12,33.92,34.46,33.69,33.86,288950
21-May-12,33.18,33.99,33.18,33.94,226696
18-May-12,32.94,33.51,32.91,33.20,241810
17-May-12,34.20,34.34,32.75,32.88,374862
16-May-12,34.79,34.88,34.14,34.24,396110
15-May-12,34.44,35.08,34.41,34.64,648530
14-May-12,34.88,35.10,34.38,34.56,446118
11-May-12,34.33,35.27,34.30,35.12,496630
10-May-12,34.96,35.15,34.33,34.58,644928
9-May-12,34.30,35.04,34.30,34.71,437160
8-May-12,34.95,35.08,34.40,34.80,454250
7-May-12,35.20,35.65,34.96,35.24,222250
4-May-12,35.75,35.75,35.16,35.30,243628
3-May-12,35.91,36.06,35.56,35.86,332348
2-May-12,35.62,36.03,35.60,35.86,359296
1-May-12,35.70,36.52,35.70,35.75,444090
30-Apr-12,35.66,35.94,35.46,35.73,354984
27-Apr-12,35.54,36.00,34.98,35.83,392698
26-Apr-12,35.52,35.84,35.27,35.40,459410
25-Apr-12,35.62,36.00,35.42,35.59,443056
24-Apr-12,35.12,35.86,34.98,35.28,374600
23-Apr-12,34.70,35.43,34.47,35.26,365896
20-Apr-12,35.60,35.74,35.16,35.60,370714
19-Apr-12,35.92,36.04,35.13,35.45,281952
18-Apr-12,35.74,36.12,35.72,35.90,274360
17-Apr-12,36.00,36.37,35.87,35.93,550218
16-Apr-12,35.41,36.00,35.23,35.77,366576
13-Apr-12,35.44,35.66,35.17,35.18,347998
12-Apr-12,34.58,35.88,34.58,35.46,394456
11-Apr-12,34.12,34.78,34.09,34.54,314350
10-Apr-12,35.11,35.11,33.74,33.81,415376
9-Apr-12,35.06,35.30,34.88,35.17,195148
5-Apr-12,35.60,36.00,35.44,35.53,392580
4-Apr-12,35.52,35.88,35.10,35.88,352434
3-Apr-12,35.59,35.84,35.52,35.75,268248
2-Apr-12,35.50,35.80,35.32,35.72,310282
30-Mar-12,35.82,35.82,35.54,35.56,262058
29-Mar-12,35.40,35.80,35.20,35.67,329250
28-Mar-12,35.63,35.78,35.21,35.74,276834
27-Mar-12,35.70,35.85,35.64,35.67,327588
26-Mar-12,35.36,35.90,35.31,35.74,183494
23-Mar-12,35.50,35.50,34.75,35.13,354736
22-Mar-12,35.44,35.61,35.06,35.52,248002
21-Mar-12,35.36,35.70,35.28,35.61,226702
20-Mar-12,35.24,35.56,35.04,35.56,341386
19-Mar-12,35.44,35.75,35.16,35.47,207138
16-Mar-12,35.95,35.95,35.36,35.46,434278
15-Mar-12,35.76,36.00,35.62,35.98,358484
14-Mar-12,35.41,35.86,35.22,35.83,478468
13-Mar-12,34.66,35.36,34.50,35.36,471482
12-Mar-12,34.24,34.60,34.24,34.54,317632
9-Mar-12,34.10,34.58,34.10,34.40,407372
8-Mar-12,33.72,34.38,33.72,34.27,245502
7-Mar-12,33.68,33.88,33.50,33.62,294116
6-Mar-12,33.30,33.82,33.28,33.54,498900
5-Mar-12,33.51,33.81,33.48,33.76,305714
2-Mar-12,33.98,34.08,33.50,33.58,414096
1-Mar-12,33.86,34.31,33.80,33.95,614358
29-Feb-12,33.34,34.03,33.34,33.87,2036718
28-Feb-12,33.19,33.70,32.82,33.36,853376
27-Feb-12,32.14,33.19,31.95,32.98,462180
24-Feb-12,32.62,32.62,31.78,32.22,664986
23-Feb-12,33.00,33.68,31.96,32.56,1250070
22-Feb-12,31.62,32.42,31.48,31.90,859482
21-Feb-12,30.39,31.78,30.33,31.76,932150
17-Feb-12,30.94,30.94,30.00,30.28,730628
16-Feb-12,31.00,31.35,30.88,31.04,766676
15-Feb-12,31.76,31.76,30.60,30.98,687538
14-Feb-12,31.88,31.95,31.45,31.68,396532
13-Feb-12,32.00,32.08,31.71,31.92,221278
10-Feb-12,31.99,32.05,31.64,31.80,291728
9-Feb-12,32.14,32.22,31.81,32.15,246752
8-Feb-12,32.16,32.36,31.83,32.14,243762
7-Feb-12,32.39,32.39,32.02,32.18,226988
6-Feb-12,32.51,32.70,32.43,32.52,176650
3-Feb-12,32.48,32.88,32.43,32.65,302704
2-Feb-12,32.26,32.52,32.10,32.16,133254
1-Feb-12,31.92,32.32,31.86,32.27,252542
31-Jan-12,32.30,32.36,31.25,31.70,505542
30-Jan-12,32.16,32.19,31.64,32.12,144986
27-Jan-12,32.10,32.59,32.08,32.44,199846
26-Jan-12,32.50,32.62,32.18,32.26,267798
25-Jan-12,31.75,32.49,31.72,32.46,257248
24-Jan-12,31.66,31.84,31.52,31.81,215904
23-Jan-12,32.10,32.20,31.64,31.90,245434
20-Jan-12,31.99,32.12,31.88,32.06,331780
19-Jan-12,32.20,32.32,32.08,32.08,338446
18-Jan-12,31.52,32.21,31.08,32.18,330394
17-Jan-12,33.14,33.14,31.52,31.52,483386
13-Jan-12,32.26,32.26,32.26,32.26,0
12-Jan-12,32.18,32.34,31.83,32.26,230208
11-Jan-12,32.03,32.36,31.94,32.17,256890
10-Jan-12,32.00,32.44,31.72,32.20,244996
9-Jan-12,31.60,31.75,31.48,31.68,196756
6-Jan-12,31.60,31.80,31.36,31.56,186506
5-Jan-12,31.02,31.72,30.77,31.60,266576
4-Jan-12,30.70,31.34,30.59,31.26,388838
3-Jan-12,30.88,31.11,30.51,30.80,504340
30-Dec-11,30.33,30.33,30.33,30.33,0
29-Dec-11,30.34,30.97,30.34,30.88,216422
28-Dec-11,30.80,31.00,30.28,30.32,117644
27-Dec-11,30.72,31.18,30.58,30.90,148934
23-Dec-11,30.79,30.79,30.79,30.79,0
22-Dec-11,30.80,31.02,30.50,30.70,193626
21-Dec-11,30.00,30.82,29.80,30.76,258904
20-Dec-11,30.00,30.26,29.82,30.20,349150
19-Dec-11,29.51,30.05,29.07,29.40,444454
16-Dec-11,29.02,29.68,28.94,29.63,731284
15-Dec-11,29.00,29.14,28.78,28.90,275550
14-Dec-11,28.71,28.78,28.33,28.65,513486
13-Dec-11,29.03,29.20,28.76,28.96,486332
12-Dec-11,28.58,28.92,28.42,28.90,196442
9-Dec-11,28.64,29.08,28.45,28.98,214798
8-Dec-11,28.04,28.88,28.04,28.52,288056
7-Dec-11,28.25,28.46,27.46,28.22,297230
6-Dec-11,29.19,29.32,27.73,28.44,362762
5-Dec-11,28.54,28.92,28.28,28.86,186186
2-Dec-11,28.52,28.82,28.12,28.16,183110
1-Dec-11,28.10,28.70,28.10,28.32,188330
30-Nov-11,28.12,28.24,27.74,28.24,280178
29-Nov-11,26.78,27.23,26.60,27.07,166804
28-Nov-11,26.80,27.07,26.64,26.85,226068
25-Nov-11,26.02,26.38,25.99,26.00,122908
23-Nov-11,26.19,26.19,26.19,26.19,0
22-Nov-11,27.00,27.13,26.72,26.88,149108
21-Nov-11,27.34,27.48,26.92,27.02,171670
18-Nov-11,27.80,28.04,27.60,27.82,116026
17-Nov-11,28.31,28.40,27.54,27.73,177724
16-Nov-11,28.60,29.10,28.29,28.34,163946
15-Nov-11,28.74,29.24,28.62,28.92,135840
14-Nov-11,29.26,29.40,28.58,28.95,179338
11-Nov-11,28.55,29.32,28.38,29.20,190072
10-Nov-11,28.62,28.72,0.00,28.14,215538
9-Nov-11,28.50,28.82,28.20,28.38,333070
8-Nov-11,28.32,29.17,28.28,29.07,336816
7-Nov-11,28.11,28.20,27.62,28.13,160504
4-Nov-11,27.93,28.22,27.46,28.14,193142
3-Nov-11,27.64,28.32,27.13,28.21,238790
2-Nov-11,26.87,27.42,26.82,27.30,233196
1-Nov-11,26.12,26.76,25.89,26.48,250600
31-Oct-11,26.99,27.47,26.78,27.02,268222
28-Oct-11,27.50,27.76,27.15,27.40,256684
27-Oct-11,27.78,28.28,27.09,27.74,318464
26-Oct-11,26.98,26.98,26.34,26.79,224670
25-Oct-11,26.78,26.93,26.24,26.60,232132
24-Oct-11,26.39,27.16,26.39,27.00,146808
21-Oct-11,26.32,26.44,26.02,26.38,305956
20-Oct-11,26.16,26.18,25.58,26.07,235794
19-Oct-11,26.45,26.62,25.86,26.04,182498
18-Oct-11,25.76,26.84,25.52,26.54,191630
17-Oct-11,26.30,26.30,25.68,25.76,308738
14-Oct-11,26.16,26.52,26.01,26.40,177612
13-Oct-11,25.78,25.93,25.50,25.84,123814
12-Oct-11,26.10,26.21,25.78,25.87,244248
11-Oct-11,25.60,26.08,25.56,25.91,292488
10-Oct-11,25.20,25.70,25.06,25.70,192564
7-Oct-11,25.43,25.43,24.62,24.82,323728
6-Oct-11,24.72,25.32,24.42,25.29,242438
5-Oct-11,24.25,24.78,24.00,24.72,190956
4-Oct-11,22.64,24.24,22.52,24.22,674106
3-Oct-11,24.50,24.60,22.78,22.82,583804
30-Sep-11,24.70,25.15,24.54,24.64,469982
