Date,Open,High,Low,Close,Volume
27-Sep-12,14.40,14.55,14.00,14.18,150788
26-Sep-12,14.64,14.70,14.33,14.40,67287
25-Sep-12,15.05,15.11,14.64,14.65,106147
24-Sep-12,14.89,15.01,14.68,14.94,56062
21-Sep-12,14.61,14.94,14.43,14.94,101943
20-Sep-12,14.34,14.44,14.21,14.41,43543
19-Sep-12,14.92,14.99,14.41,14.41,97680
18-Sep-12,14.81,14.92,14.64,14.90,51145
17-Sep-12,14.24,14.75,14.24,14.75,51072
14-Sep-12,14.19,14.29,13.97,14.28,212437
13-Sep-12,14.08,14.48,13.94,14.20,141262
12-Sep-12,14.11,14.35,13.97,14.11,97331
11-Sep-12,14.18,14.34,13.97,14.04,55783
10-Sep-12,14.42,14.43,14.04,14.16,47807
7-Sep-12,14.38,14.45,14.22,14.38,50754
6-Sep-12,14.11,14.33,14.10,14.31,79678
5-Sep-12,14.11,14.13,14.00,14.00,49171
4-Sep-12,13.95,14.17,13.75,14.05,246113
31-Aug-12,14.15,14.15,13.87,13.94,53487
30-Aug-12,14.19,14.19,14.01,14.03,40998
29-Aug-12,14.45,14.58,14.20,14.25,49542
28-Aug-12,14.44,14.60,14.43,14.47,34883
27-Aug-12,14.68,14.73,14.38,14.44,72619
24-Aug-12,14.82,14.89,14.63,14.65,140207
23-Aug-12,14.99,14.99,14.70,14.83,150886
22-Aug-12,15.13,15.20,14.95,15.01,145670
21-Aug-12,15.12,15.35,14.95,15.18,291021
20-Aug-12,14.92,15.18,14.79,15.12,166191
17-Aug-12,14.81,15.00,14.81,15.00,38625
16-Aug-12,14.75,14.94,14.72,14.82,35656
15-Aug-12,14.47,14.86,14.45,14.78,44444
14-Aug-12,14.52,14.57,14.25,14.52,51079
13-Aug-12,14.22,14.56,14.14,14.44,63322
10-Aug-12,14.03,14.22,13.99,14.22,26688
9-Aug-12,13.89,14.18,13.84,14.04,32041
8-Aug-12,13.39,13.94,13.39,13.86,27006
7-Aug-12,13.31,13.52,13.26,13.47,33732
6-Aug-12,12.80,13.24,12.80,13.22,49848
3-Aug-12,12.73,13.10,12.59,12.84,54912
2-Aug-12,12.68,12.81,12.50,12.60,262771
1-Aug-12,13.38,13.38,12.74,12.84,337054
31-Jul-12,13.74,13.83,13.31,13.35,103024
30-Jul-12,13.63,13.77,13.57,13.75,46035
27-Jul-12,13.22,13.66,13.16,13.59,50742
26-Jul-12,13.11,13.21,12.94,13.13,100032
25-Jul-12,13.03,13.18,12.91,12.98,92591
24-Jul-12,13.07,13.08,12.86,12.95,229205
23-Jul-12,13.31,13.31,12.94,13.01,152830
20-Jul-12,13.75,13.79,13.44,13.49,58656
19-Jul-12,14.08,14.10,13.83,13.83,50278
18-Jul-12,13.93,14.12,13.82,14.00,108591
17-Jul-12,13.85,13.92,13.61,13.84,459360
16-Jul-12,13.69,13.86,13.68,13.76,123844
13-Jul-12,13.46,13.83,13.39,13.69,427020
12-Jul-12,13.36,13.48,13.09,13.41,639795
11-Jul-12,13.06,13.50,12.87,13.40,263747
10-Jul-12,13.01,13.13,12.84,13.01,116274
9-Jul-12,12.88,13.14,12.70,12.92,206238
6-Jul-12,12.85,12.96,12.81,12.82,101948
5-Jul-12,12.88,13.02,12.76,12.89,171058
3-Jul-12,12.95,13.10,12.79,12.87,90694
2-Jul-12,12.80,13.03,12.70,13.02,110927
29-Jun-12,12.93,13.00,12.61,12.73,127311
28-Jun-12,12.96,12.97,12.58,12.71,53556
27-Jun-12,12.98,13.33,12.98,13.08,124687
26-Jun-12,12.77,13.00,12.69,13.00,204709
25-Jun-12,12.72,12.98,12.61,12.77,78826
22-Jun-12,12.78,12.98,12.67,12.91,489753
21-Jun-12,12.47,12.77,12.40,12.75,426576
20-Jun-12,12.69,12.69,12.45,12.53,115962
19-Jun-12,12.68,12.77,12.63,12.63,123640
18-Jun-12,12.50,12.76,12.22,12.65,406937
15-Jun-12,12.94,12.94,12.49,12.55,288807
14-Jun-12,12.81,13.08,12.74,12.95,78745
13-Jun-12,13.20,13.20,12.87,12.90,115673
12-Jun-12,13.47,13.47,13.15,13.24,75528
11-Jun-12,14.04,14.04,13.38,13.40,423623
8-Jun-12,13.75,14.00,13.68,13.91,117569
7-Jun-12,14.05,14.05,13.78,13.79,139124
6-Jun-12,13.57,14.00,13.48,13.86,124610
5-Jun-12,13.70,14.02,13.51,13.51,241731
4-Jun-12,13.86,13.87,13.48,13.80,120091
1-Jun-12,13.51,13.95,13.33,13.85,182617
31-May-12,13.63,14.03,13.47,13.87,935539
30-May-12,13.84,13.95,13.66,13.71,362825
29-May-12,14.12,14.48,13.91,14.11,203472
25-May-12,14.01,14.20,13.89,14.01,63057
24-May-12,14.32,14.40,13.74,14.05,200366
23-May-12,14.14,14.34,13.79,14.30,631667
22-May-12,14.24,14.40,14.15,14.26,142066
21-May-12,13.52,14.27,13.51,14.26,258344
18-May-12,13.35,13.82,13.10,13.45,297108
17-May-12,14.58,14.58,13.28,13.35,902667
16-May-12,15.51,15.51,14.51,14.53,395450
15-May-12,14.60,15.11,14.42,14.76,527811
14-May-12,14.39,14.52,14.16,14.45,196647
11-May-12,13.98,14.70,13.87,14.51,186255
10-May-12,14.09,14.25,13.78,14.03,179425
9-May-12,14.11,14.11,13.47,14.04,207693
8-May-12,13.22,14.63,13.00,14.29,1856177
7-May-12,16.11,16.63,15.99,16.27,67123
4-May-12,16.65,16.70,16.14,16.19,77205
3-May-12,16.68,16.93,16.50,16.70,193115
2-May-12,15.75,16.76,15.66,16.73,164544
1-May-12,15.77,16.20,15.62,15.84,83323
30-Apr-12,15.56,16.15,15.46,15.79,102091
27-Apr-12,15.42,15.63,15.22,15.62,41902
26-Apr-12,15.02,15.61,14.88,15.38,57750
25-Apr-12,15.14,15.27,14.81,15.06,52259
24-Apr-12,14.97,15.05,14.90,14.99,52886
23-Apr-12,15.11,15.11,14.64,14.97,64806
20-Apr-12,15.33,15.65,15.18,15.29,96343
19-Apr-12,15.23,15.31,14.98,15.18,45061
18-Apr-12,15.73,15.79,15.17,15.21,54589
17-Apr-12,15.39,15.90,15.39,15.78,51461
16-Apr-12,15.54,15.64,14.96,15.30,92647
13-Apr-12,15.36,15.74,15.15,15.49,87134
12-Apr-12,15.35,15.53,15.31,15.36,59989
11-Apr-12,14.91,15.61,14.91,15.38,148930
10-Apr-12,14.86,14.88,14.60,14.81,1196290
9-Apr-12,14.72,14.97,14.43,14.85,80009
5-Apr-12,15.32,15.32,14.99,15.06,147574
4-Apr-12,15.57,15.59,15.37,15.41,106184
3-Apr-12,16.00,16.00,15.69,15.74,85167
2-Apr-12,16.15,16.15,15.92,16.05,109125
30-Mar-12,15.68,16.37,15.67,16.20,234474
29-Mar-12,15.96,15.96,15.13,15.56,150856
28-Mar-12,15.77,16.34,15.64,16.30,111016
27-Mar-12,15.80,15.89,15.73,15.79,152970
26-Mar-12,15.74,15.88,15.68,15.77,81041
23-Mar-12,15.59,15.61,15.23,15.61,56425
22-Mar-12,15.52,15.69,15.45,15.62,64726
21-Mar-12,15.79,15.81,15.61,15.64,375894
20-Mar-12,15.91,15.91,15.61,15.77,164311
19-Mar-12,15.88,16.08,15.78,16.03,116927
16-Mar-12,16.14,16.14,15.70,15.81,112702
15-Mar-12,16.05,16.34,15.89,16.06,185212
14-Mar-12,15.85,16.15,15.85,16.05,76309
13-Mar-12,15.25,15.88,15.18,15.87,328776
12-Mar-12,15.11,15.24,15.01,15.19,212106
9-Mar-12,15.05,15.15,15.05,15.12,179430
8-Mar-12,14.85,15.13,14.69,15.05,109477
7-Mar-12,14.65,14.87,14.56,14.82,87301
6-Mar-12,14.42,14.65,14.39,14.56,78720
5-Mar-12,14.28,14.58,14.20,14.55,33499
2-Mar-12,14.73,14.84,14.21,14.32,116668
1-Mar-12,14.74,15.18,14.70,14.71,123929
29-Feb-12,14.87,15.11,14.31,14.71,334193
28-Feb-12,15.14,15.15,14.82,14.85,85022
27-Feb-12,14.89,15.24,14.77,15.15,172111
24-Feb-12,15.09,15.14,14.83,14.99,492936
23-Feb-12,14.98,15.12,14.73,15.12,517423
22-Feb-12,15.37,15.37,14.61,14.98,482193
21-Feb-12,14.65,14.74,14.56,14.69,248441
17-Feb-12,14.67,14.74,14.55,14.65,121219
16-Feb-12,14.59,14.66,14.53,14.61,106143
15-Feb-12,14.60,14.75,14.53,14.57,258300
14-Feb-12,14.55,14.79,14.48,14.50,389579
13-Feb-12,14.45,14.55,13.94,14.54,559990
10-Feb-12,14.51,14.64,14.30,14.41,156079
9-Feb-12,14.50,15.15,14.49,14.62,263956
8-Feb-12,14.57,14.93,14.44,14.49,344465
7-Feb-12,14.55,14.59,14.44,14.50,180566
6-Feb-12,14.54,14.80,14.44,14.53,65081
3-Feb-12,14.65,14.65,14.46,14.59,129042
2-Feb-12,14.36,14.73,14.34,14.47,113164
1-Feb-12,14.05,14.55,14.05,14.39,125680
31-Jan-12,14.06,14.14,13.54,13.99,94493
30-Jan-12,14.19,14.26,13.97,14.05,144160
27-Jan-12,12.91,14.42,12.77,14.35,156488
26-Jan-12,13.77,14.12,13.63,13.67,372330
25-Jan-12,13.66,13.82,13.62,13.75,137758
24-Jan-12,13.42,13.67,13.30,13.60,74033
23-Jan-12,13.10,13.60,13.06,13.44,107603
20-Jan-12,12.63,13.14,12.49,13.13,150928
19-Jan-12,12.54,12.94,12.32,12.68,77914
18-Jan-12,12.41,12.55,12.26,12.54,155376
17-Jan-12,12.91,12.96,12.30,12.42,104939
13-Jan-12,12.83,12.83,12.83,12.83,0
12-Jan-12,13.18,13.18,12.55,13.01,149979
11-Jan-12,13.10,13.22,12.76,13.18,89746
10-Jan-12,12.81,13.18,12.61,13.16,243717
9-Jan-12,13.00,13.00,12.57,12.67,196388
6-Jan-12,13.46,13.50,12.98,12.99,131691
5-Jan-12,13.29,13.50,12.94,13.43,180729
4-Jan-12,14.01,14.08,13.34,13.39,89742
3-Jan-12,14.21,14.27,13.96,14.05,207906
30-Dec-11,13.99,13.99,13.99,13.99,0
29-Dec-11,13.26,13.60,13.26,13.54,40148
28-Dec-11,13.33,13.33,13.10,13.19,62573
27-Dec-11,13.53,13.53,12.98,13.38,50272
23-Dec-11,13.58,13.58,13.58,13.58,0
22-Dec-11,13.65,13.89,13.50,13.72,52923
21-Dec-11,13.04,13.64,12.87,13.62,70499
20-Dec-11,12.96,13.11,12.70,13.09,171379
19-Dec-11,13.14,13.40,12.75,12.82,112028
16-Dec-11,13.05,13.21,12.64,13.11,421538
15-Dec-11,13.10,13.12,12.80,12.94,69605
14-Dec-11,12.88,13.01,12.84,12.95,309123
13-Dec-11,13.24,13.33,12.92,12.98,374960
12-Dec-11,13.09,13.20,12.97,13.15,61176
9-Dec-11,13.15,13.33,13.12,13.24,99078
8-Dec-11,13.11,13.22,13.03,13.15,171159
7-Dec-11,13.45,13.45,12.97,13.24,33464
6-Dec-11,13.59,13.72,13.36,13.55,104293
5-Dec-11,13.50,13.58,13.30,13.57,245734
2-Dec-11,13.25,13.35,13.19,13.32,91243
1-Dec-11,13.19,13.20,12.78,13.12,227114
30-Nov-11,13.01,13.32,13.00,13.26,660609
29-Nov-11,12.71,12.93,12.55,12.84,147353
28-Nov-11,12.32,12.74,12.23,12.70,635785
25-Nov-11,12.02,12.10,11.99,12.05,38558
23-Nov-11,12.06,12.06,12.06,12.06,0
22-Nov-11,11.73,12.28,11.68,12.12,543575
21-Nov-11,11.56,11.89,11.56,11.75,123209
18-Nov-11,11.74,11.86,11.42,11.71,288364
17-Nov-11,11.29,11.54,11.10,11.44,228433
16-Nov-11,10.66,11.64,10.40,11.32,347607
15-Nov-11,10.27,10.87,10.20,10.74,91568
14-Nov-11,11.56,11.56,10.19,10.29,110760
11-Nov-11,10.45,10.70,10.45,10.55,56213
10-Nov-11,10.52,10.52,10.30,10.35,56223
9-Nov-11,10.62,10.83,10.36,10.37,111565
8-Nov-11,10.79,10.99,10.52,10.93,162185
7-Nov-11,11.18,11.22,10.71,10.72,208200
4-Nov-11,11.13,11.41,11.09,11.15,101484
3-Nov-11,11.24,11.81,11.01,11.25,214433
2-Nov-11,11.23,11.46,11.05,11.10,120780
1-Nov-11,10.89,11.25,10.89,11.03,127802
31-Oct-11,11.20,11.46,11.14,11.29,185457
28-Oct-11,11.43,11.55,11.33,11.37,80812
27-Oct-11,11.70,11.70,11.40,11.45,264886
26-Oct-11,11.46,11.49,11.10,11.33,215497
25-Oct-11,11.38,11.42,11.18,11.30,141797
24-Oct-11,10.98,11.51,10.92,11.46,246843
21-Oct-11,10.53,10.99,10.53,10.97,402512
20-Oct-11,10.59,10.65,10.07,10.37,308173
19-Oct-11,10.46,10.46,10.00,10.12,68066
18-Oct-11,10.38,10.57,10.38,10.47,315531
17-Oct-11,10.38,10.54,10.22,10.34,207486
14-Oct-11,10.12,10.74,9.97,10.47,466220
13-Oct-11,9.30,10.17,9.30,9.91,785120
12-Oct-11,9.06,9.39,8.85,9.38,1226830
11-Oct-11,9.06,9.15,8.90,9.04,285304
10-Oct-11,9.23,9.25,9.02,9.10,484706
7-Oct-11,9.38,9.38,8.77,8.95,562936
6-Oct-11,9.47,9.55,9.25,9.37,194042
5-Oct-11,9.78,9.79,9.29,9.52,422971
4-Oct-11,10.23,10.29,9.33,9.79,410755
3-Oct-11,10.85,10.91,10.26,10.34,217700
30-Sep-11,10.77,11.09,10.67,10.93,1975234
