Date,Open,High,Low,Close,Volume
26-Sep-12,16.83,16.88,16.30,16.37,141795
25-Sep-12,16.82,17.09,16.70,16.85,180283
24-Sep-12,16.64,16.99,16.59,16.75,93261
21-Sep-12,16.66,16.74,16.16,16.68,54085
20-Sep-12,16.51,16.51,16.06,16.42,25310
19-Sep-12,16.98,16.98,16.66,16.69,18940
18-Sep-12,17.25,17.43,16.79,16.98,32567
17-Sep-12,17.81,17.81,17.21,17.35,35130
14-Sep-12,18.55,18.55,17.75,17.86,40854
13-Sep-12,17.89,18.58,17.81,18.44,24522
12-Sep-12,18.05,18.29,17.87,17.91,24853
11-Sep-12,17.14,18.03,17.14,18.00,44557
10-Sep-12,16.59,17.45,16.59,17.18,39952
7-Sep-12,16.41,16.72,16.21,16.58,159801
6-Sep-12,16.55,16.80,15.60,16.52,414818
5-Sep-12,14.63,15.67,14.42,15.60,272456
4-Sep-12,15.26,15.50,14.28,14.63,228640
31-Aug-12,14.82,15.42,14.80,15.30,107056
30-Aug-12,15.32,15.37,14.61,14.66,130118
29-Aug-12,16.16,16.20,15.35,15.48,86604
28-Aug-12,16.44,16.51,16.10,16.13,54732
27-Aug-12,16.53,16.62,16.29,16.42,109028
24-Aug-12,16.50,16.60,16.26,16.47,66562
23-Aug-12,17.17,17.17,16.53,16.57,71502
22-Aug-12,17.37,17.44,17.07,17.19,37090
21-Aug-12,17.49,17.74,17.14,17.38,61062
20-Aug-12,17.30,17.47,16.93,17.45,75525
17-Aug-12,16.98,17.43,16.76,17.34,73248
16-Aug-12,16.74,17.05,16.53,17.03,47903
15-Aug-12,16.36,16.76,16.31,16.73,63859
14-Aug-12,16.37,16.58,16.18,16.33,60459
13-Aug-12,16.39,16.57,16.19,16.29,68132
10-Aug-12,16.83,16.85,16.24,16.51,83297
9-Aug-12,16.65,17.10,16.62,17.04,54352
8-Aug-12,16.68,17.05,16.62,16.81,79326
7-Aug-12,16.55,16.93,16.41,16.85,90503
6-Aug-12,17.04,17.36,16.16,16.51,166259
3-Aug-12,17.44,17.83,17.44,17.66,78165
2-Aug-12,17.09,17.52,17.01,17.09,119700
1-Aug-12,17.88,17.88,17.04,17.28,145925
31-Jul-12,17.32,17.98,16.96,17.67,148599
30-Jul-12,17.77,17.94,17.33,17.35,68263
27-Jul-12,17.55,17.95,17.21,17.83,83331
26-Jul-12,17.44,17.44,17.03,17.41,92758
25-Jul-12,16.94,17.54,16.94,17.07,170983
24-Jul-12,17.00,17.03,16.52,16.83,166502
23-Jul-12,16.41,17.16,16.31,16.95,164614
20-Jul-12,16.31,16.87,16.31,16.82,89883
19-Jul-12,16.59,16.84,16.48,16.49,99613
18-Jul-12,16.33,16.66,16.33,16.44,61969
17-Jul-12,16.41,16.50,15.93,16.34,51285
16-Jul-12,16.39,16.50,16.15,16.28,133251
13-Jul-12,16.21,16.62,16.12,16.36,165488
12-Jul-12,16.35,16.35,15.50,16.18,234629
11-Jul-12,17.18,17.18,16.35,16.58,115654
10-Jul-12,17.51,17.72,17.07,17.14,87987
9-Jul-12,17.04,17.40,17.00,17.35,116256
6-Jul-12,17.09,17.49,17.01,17.15,112665
5-Jul-12,17.67,17.77,17.22,17.34,144707
3-Jul-12,17.38,17.85,17.34,17.73,86707
2-Jul-12,17.02,17.34,16.90,17.34,133579
29-Jun-12,17.04,17.21,16.76,16.97,173296
28-Jun-12,16.50,16.93,16.04,16.59,100747
27-Jun-12,16.64,16.88,16.45,16.73,96217
26-Jun-12,16.96,16.96,16.51,16.53,106960
25-Jun-12,16.98,17.22,16.79,16.93,257581
22-Jun-12,17.10,17.41,16.91,17.35,261392
21-Jun-12,17.89,17.89,16.81,16.95,281299
20-Jun-12,17.79,17.96,17.58,17.85,183841
19-Jun-12,17.51,17.99,17.45,17.74,161518
18-Jun-12,17.33,17.54,17.17,17.42,235852
15-Jun-12,16.97,17.63,16.95,17.60,194473
14-Jun-12,16.36,17.17,16.12,16.83,194959
13-Jun-12,16.35,16.49,16.20,16.39,349535
12-Jun-12,16.06,16.41,15.90,16.40,239252
11-Jun-12,16.50,16.53,16.00,16.02,277392
8-Jun-12,16.13,16.47,16.00,16.29,391763
7-Jun-12,16.88,17.22,15.85,16.30,494339
6-Jun-12,16.61,17.54,16.29,16.76,1227250
5-Jun-12,17.02,18.32,17.02,18.31,351752
4-Jun-12,17.59,17.83,16.81,17.14,302060
1-Jun-12,18.15,18.30,17.45,17.54,212576
31-May-12,18.69,19.16,18.15,18.90,277579
30-May-12,19.31,19.31,18.53,18.75,125122
29-May-12,19.03,19.83,19.02,19.66,188483
25-May-12,18.68,18.90,18.21,18.77,81990
24-May-12,19.01,19.15,18.34,18.64,79643
23-May-12,17.77,18.92,17.40,18.84,112616
22-May-12,18.55,18.74,17.84,18.04,188280
21-May-12,18.23,18.56,17.72,18.47,193629
18-May-12,18.59,18.98,18.10,18.22,200057
17-May-12,19.19,19.30,18.57,18.57,180541
16-May-12,19.45,19.74,19.02,19.06,159220
15-May-12,19.97,20.11,19.18,19.36,214332
14-May-12,20.95,21.04,19.86,20.01,250674
11-May-12,21.66,22.11,21.14,21.35,89932
10-May-12,21.94,22.30,21.68,21.87,109335
9-May-12,20.64,21.97,20.56,21.65,272225
8-May-12,21.77,21.78,20.75,21.11,296322
7-May-12,22.14,22.41,21.35,22.02,186648
4-May-12,23.01,23.09,22.01,22.36,201547
3-May-12,23.94,24.00,22.88,23.10,216928
2-May-12,24.23,24.41,23.77,24.12,187904
1-May-12,23.83,24.68,23.52,24.52,316857
30-Apr-12,23.92,23.95,23.30,23.76,188472
27-Apr-12,23.74,23.95,23.47,23.86,167873
26-Apr-12,23.17,23.69,22.95,23.65,113296
25-Apr-12,23.12,23.41,22.87,23.33,168999
24-Apr-12,22.78,23.30,22.45,22.80,152491
23-Apr-12,22.00,22.93,21.54,22.74,193235
20-Apr-12,23.09,23.10,22.07,22.32,188041
19-Apr-12,23.13,23.37,22.35,22.64,204302
18-Apr-12,23.59,23.98,23.00,23.17,158049
17-Apr-12,22.90,23.86,22.82,23.64,194076
16-Apr-12,23.26,23.61,22.42,22.70,149517
13-Apr-12,23.39,23.69,23.07,23.14,153266
12-Apr-12,22.96,23.88,22.76,23.45,227047
11-Apr-12,22.40,23.20,22.36,22.98,329888
10-Apr-12,23.40,23.50,21.65,21.94,352903
9-Apr-12,23.51,23.83,23.11,23.40,210029
5-Apr-12,23.80,24.40,23.53,24.09,683053
4-Apr-12,26.12,26.44,22.81,23.44,1741642
3-Apr-12,23.59,24.80,23.59,24.32,667921
2-Apr-12,22.41,23.51,22.20,23.49,268913
30-Mar-12,22.15,22.62,21.95,22.46,138503
29-Mar-12,21.80,22.09,21.38,21.95,67251
28-Mar-12,22.33,22.50,21.74,22.08,127259
27-Mar-12,23.12,23.23,22.13,22.33,121643
26-Mar-12,22.57,23.08,22.35,23.02,176449
23-Mar-12,21.11,22.35,21.05,22.21,138999
22-Mar-12,21.41,21.53,20.94,21.27,168790
21-Mar-12,21.91,22.21,21.25,21.76,163968
20-Mar-12,22.20,22.33,21.73,21.90,95662
19-Mar-12,21.01,22.43,20.59,22.35,292592
16-Mar-12,21.75,21.79,20.42,21.25,481402
15-Mar-12,22.01,22.34,21.46,21.71,153399
14-Mar-12,22.33,22.44,21.85,22.00,91306
13-Mar-12,21.99,22.40,21.67,22.35,170286
12-Mar-12,22.34,22.34,21.50,21.80,141977
9-Mar-12,22.21,23.16,21.95,22.39,260931
8-Mar-12,21.52,22.00,21.50,21.78,127310
7-Mar-12,20.67,21.31,20.35,21.28,153009
6-Mar-12,21.50,21.71,20.30,20.68,301149
5-Mar-12,21.85,22.12,21.24,21.91,295476
2-Mar-12,23.68,23.68,21.54,21.89,558384
1-Mar-12,23.47,24.58,23.30,23.75,261608
29-Feb-12,24.70,24.96,23.26,23.37,387782
28-Feb-12,25.88,26.02,24.54,24.77,215654
27-Feb-12,26.19,26.19,24.67,25.75,252933
24-Feb-12,25.89,26.76,25.89,26.09,415061
23-Feb-12,24.60,25.92,24.00,25.67,309298
22-Feb-12,24.83,25.74,24.05,24.37,465365
21-Feb-12,22.98,24.62,22.98,24.61,599869
17-Feb-12,22.67,23.16,22.64,22.74,103403
16-Feb-12,22.36,22.90,22.23,22.77,98156
15-Feb-12,23.51,23.51,22.20,22.37,177221
14-Feb-12,23.69,23.69,22.94,23.26,130158
13-Feb-12,23.10,23.83,23.10,23.69,171112
10-Feb-12,22.97,23.32,22.70,22.88,100367
9-Feb-12,23.62,23.75,23.04,23.19,153590
8-Feb-12,23.06,23.62,22.64,23.49,191154
7-Feb-12,23.32,23.48,22.74,22.93,187683
6-Feb-12,22.98,23.54,22.75,23.52,173612
3-Feb-12,21.94,22.99,21.79,22.99,214629
2-Feb-12,21.82,22.31,21.65,21.70,193981
1-Feb-12,22.15,22.35,21.77,21.91,185163
31-Jan-12,22.39,22.66,21.75,21.97,152444
30-Jan-12,21.96,22.35,21.70,22.24,148813
27-Jan-12,22.49,22.50,20.98,22.35,396635
26-Jan-12,23.53,23.63,22.55,22.62,223852
25-Jan-12,23.38,23.50,23.11,23.25,215490
24-Jan-12,23.89,23.92,23.16,23.40,239071
23-Jan-12,24.47,24.50,23.90,23.98,185809
20-Jan-12,24.15,24.79,23.87,24.30,348023
19-Jan-12,23.80,24.25,22.51,23.99,370614
18-Jan-12,23.77,23.95,23.34,23.76,210067
17-Jan-12,24.25,24.25,23.28,23.68,184964
13-Jan-12,23.72,23.72,23.72,23.72,0
12-Jan-12,24.24,24.24,23.75,23.96,151757
11-Jan-12,24.78,24.86,23.40,24.25,212846
10-Jan-12,24.24,24.76,24.20,24.58,321768
9-Jan-12,23.54,23.95,23.11,23.84,292051
6-Jan-12,23.02,23.31,22.30,22.99,178575
5-Jan-12,23.41,23.48,22.62,22.78,253918
4-Jan-12,22.31,23.60,22.13,23.17,376111
3-Jan-12,22.50,22.54,22.06,22.30,351130
30-Dec-11,21.84,21.84,21.84,21.84,0
29-Dec-11,22.48,23.00,22.26,22.70,174543
28-Dec-11,22.31,22.31,22.31,22.31,0
27-Dec-11,22.29,23.53,22.11,23.20,283633
23-Dec-11,22.21,22.21,22.21,22.21,0
22-Dec-11,22.07,22.86,21.30,21.61,358764
21-Dec-11,20.08,22.39,19.81,22.01,433767
20-Dec-11,20.35,20.35,19.79,19.99,205281
19-Dec-11,19.87,19.87,19.87,19.87,0
16-Dec-11,19.85,20.30,19.29,20.00,209558
15-Dec-11,20.46,20.46,19.57,19.71,201609
14-Dec-11,20.17,20.64,19.76,20.02,177391
13-Dec-11,20.83,20.99,20.22,20.30,273253
12-Dec-11,20.49,21.16,20.00,20.62,346771
9-Dec-11,19.55,20.69,19.44,20.54,347336
8-Dec-11,18.93,19.75,18.21,19.50,450408
7-Dec-11,18.88,20.57,18.73,19.20,1616802
6-Dec-11,15.56,16.37,15.56,16.34,165264
5-Dec-11,15.94,16.05,15.40,15.72,100973
2-Dec-11,14.71,15.38,14.41,15.36,75808
1-Dec-11,14.62,14.64,14.34,14.42,65827
30-Nov-11,14.63,14.63,14.63,14.63,0
29-Nov-11,14.11,14.47,13.97,14.17,53077
28-Nov-11,14.41,14.62,13.91,14.16,78613
25-Nov-11,13.54,13.79,13.52,13.76,56902
23-Nov-11,13.62,13.62,13.62,13.62,0
22-Nov-11,14.71,14.71,13.98,14.28,58555
21-Nov-11,14.70,15.12,14.07,14.68,76147
18-Nov-11,14.48,15.42,14.48,15.12,95139
17-Nov-11,15.33,15.47,14.27,14.37,74340
16-Nov-11,15.39,15.84,15.28,15.28,68365
15-Nov-11,15.34,15.59,15.03,15.46,55153
14-Nov-11,15.47,15.74,15.27,15.46,68228
11-Nov-11,15.19,15.62,15.19,15.53,104990
10-Nov-11,15.46,15.50,14.87,15.03,74124
9-Nov-11,15.02,15.02,15.02,15.02,0
8-Nov-11,15.55,16.00,15.22,15.97,65140
7-Nov-11,14.97,14.97,14.97,14.97,0
4-Nov-11,15.24,15.39,14.58,14.87,82991
3-Nov-11,14.57,15.40,14.27,15.33,80190
2-Nov-11,14.14,14.14,14.14,14.14,0
1-Nov-11,13.94,14.57,13.50,13.57,168207
31-Oct-11,14.96,15.24,14.58,14.58,107460
28-Oct-11,14.74,15.32,14.40,15.15,148200
27-Oct-11,13.69,15.00,13.48,14.64,188705
26-Oct-11,13.13,13.37,12.45,13.16,152159
25-Oct-11,13.00,13.00,13.00,13.00,0
24-Oct-11,11.90,12.91,11.87,12.89,100674
21-Oct-11,11.77,11.88,11.56,11.83,89118
20-Oct-11,11.66,11.74,11.20,11.58,99678
19-Oct-11,12.05,12.18,11.59,11.62,83579
18-Oct-11,12.01,12.15,11.42,12.06,86706
17-Oct-11,12.32,12.32,12.32,12.32,0
14-Oct-11,12.49,12.71,11.51,12.65,90023
13-Oct-11,12.30,12.47,11.78,12.28,60873
12-Oct-11,12.27,12.27,12.27,12.27,0
11-Oct-11,11.34,11.93,11.01,11.74,87773
10-Oct-11,11.16,11.81,10.96,11.41,111806
7-Oct-11,11.46,11.46,10.69,10.92,78762
6-Oct-11,11.26,11.26,11.26,11.26,0
5-Oct-11,10.53,11.00,10.35,10.61,127900
4-Oct-11,9.89,10.61,9.52,10.52,159594
3-Oct-11,11.03,11.20,10.00,10.00,211337
30-Sep-11,11.21,11.21,11.21,11.21,0
29-Sep-11,12.02,12.02,10.96,11.38,163425
