Date,Open,High,Low,Close,Volume
27-Sep-12,9.83,10.08,9.83,10.03,5500
26-Sep-12,10.00,10.00,9.92,9.98,11278
25-Sep-12,10.00,10.07,9.92,9.96,4317
24-Sep-12,10.16,10.16,10.00,10.00,16874
21-Sep-12,10.29,10.29,10.29,10.29,1047
20-Sep-12,9.99,10.12,9.99,10.12,294
19-Sep-12,9.83,10.13,9.83,10.00,1622
18-Sep-12,10.07,10.07,10.07,10.07,700
17-Sep-12,10.07,10.18,10.03,10.18,700
14-Sep-12,10.11,10.25,9.96,10.12,7650
13-Sep-12,10.01,10.20,10.01,10.10,6764
12-Sep-12,9.94,10.07,9.88,10.07,4598
11-Sep-12,9.96,9.96,9.96,9.96,1100
10-Sep-12,10.00,10.00,9.84,9.84,1100
7-Sep-12,9.96,9.97,9.96,9.97,1375
6-Sep-12,10.00,10.05,9.89,9.89,15347
5-Sep-12,9.86,9.97,9.86,9.87,10318
4-Sep-12,9.66,10.09,9.66,9.85,14623
31-Aug-12,9.85,10.03,9.83,9.88,21206
30-Aug-12,9.73,9.79,9.65,9.74,18354
29-Aug-12,9.60,9.79,9.57,9.79,31334
28-Aug-12,9.57,9.65,9.53,9.65,15168
27-Aug-12,9.42,9.60,9.42,9.54,3045
24-Aug-12,9.49,9.63,9.49,9.54,10880
23-Aug-12,9.45,9.51,9.34,9.51,4181
22-Aug-12,9.50,9.50,9.44,9.50,4198
21-Aug-12,9.39,9.71,9.39,9.53,29130
20-Aug-12,9.16,9.54,9.16,9.49,30738
17-Aug-12,9.38,9.52,9.38,9.52,16468
16-Aug-12,9.06,9.49,9.06,9.43,50823
15-Aug-12,9.40,9.52,9.29,9.39,17876
14-Aug-12,9.27,9.52,9.27,9.32,42576
13-Aug-12,9.49,9.49,9.15,9.34,31873
10-Aug-12,9.32,9.46,9.10,9.39,80486
9-Aug-12,9.09,9.56,8.95,9.50,156823
8-Aug-12,8.29,9.55,8.26,9.03,386176
7-Aug-12,5.69,5.69,5.55,5.55,1586
6-Aug-12,5.50,5.50,5.50,5.50,0
3-Aug-12,5.50,5.50,5.50,5.50,0
2-Aug-12,5.50,5.50,5.48,5.50,6000
1-Aug-12,5.75,5.75,5.75,5.75,0
31-Jul-12,5.75,5.92,5.75,5.75,2824
30-Jul-12,5.42,5.46,5.39,5.46,5010
27-Jul-12,5.14,5.14,5.14,5.14,300
26-Jul-12,5.04,5.29,5.01,5.20,2500
25-Jul-12,5.13,5.26,5.04,5.07,1700
24-Jul-12,5.04,5.20,5.01,5.18,1500
23-Jul-12,5.05,5.05,5.05,5.05,300
20-Jul-12,5.10,5.10,5.05,5.05,3139
19-Jul-12,5.25,5.25,5.10,5.13,8175
18-Jul-12,5.11,5.29,5.03,5.29,10636
17-Jul-12,5.14,5.14,5.14,5.14,0
16-Jul-12,5.21,5.30,5.10,5.14,4400
13-Jul-12,5.30,5.30,5.15,5.30,8000
12-Jul-12,5.25,5.25,5.25,5.25,0
11-Jul-12,5.25,5.43,5.25,5.43,200
10-Jul-12,5.32,5.47,5.12,5.20,9045
9-Jul-12,5.17,5.32,5.15,5.32,1400
6-Jul-12,5.22,5.35,5.11,5.30,11302
5-Jul-12,5.11,5.12,5.10,5.10,3500
3-Jul-12,4.96,5.22,4.96,5.22,6200
2-Jul-12,4.85,4.86,4.80,4.85,1600
29-Jun-12,4.76,5.06,4.72,4.85,11770
28-Jun-12,4.50,4.88,3.61,4.82,4659
27-Jun-12,4.53,5.09,4.38,5.09,7848
26-Jun-12,4.69,4.98,4.69,4.72,2399
25-Jun-12,4.90,4.90,4.80,4.89,3741
22-Jun-12,5.03,5.03,5.00,5.00,7163
21-Jun-12,5.04,5.05,5.03,5.03,8095
20-Jun-12,5.05,5.05,5.05,5.05,2000
19-Jun-12,5.10,5.10,5.03,5.03,5194
18-Jun-12,5.05,5.05,5.04,5.04,1801
15-Jun-12,5.03,5.11,5.03,5.11,3789
14-Jun-12,5.06,5.25,5.05,5.09,12557
13-Jun-12,5.10,5.19,5.10,5.19,2094
12-Jun-12,5.06,5.08,5.06,5.08,557
11-Jun-12,5.10,5.10,5.10,5.10,283
8-Jun-12,5.10,5.10,5.10,5.10,885
7-Jun-12,5.13,5.13,5.10,5.10,982
6-Jun-12,5.10,5.10,5.10,5.10,600
5-Jun-12,5.07,5.10,5.07,5.10,2656
4-Jun-12,5.08,5.08,5.05,5.06,1153
1-Jun-12,5.08,5.08,5.08,5.08,300
31-May-12,5.04,5.10,5.04,5.10,891
30-May-12,5.03,5.03,5.03,5.03,835
29-May-12,5.09,5.09,5.05,5.05,400
25-May-12,5.08,5.09,5.08,5.09,1091
24-May-12,5.10,5.10,5.06,5.07,500
23-May-12,5.03,5.03,5.03,5.03,0
22-May-12,5.04,5.04,5.03,5.04,4167
21-May-12,5.06,5.06,5.04,5.04,900
18-May-12,5.04,5.06,5.04,5.04,2833
17-May-12,5.04,5.17,5.04,5.17,623
16-May-12,5.10,5.10,5.10,5.10,0
15-May-12,5.08,5.11,5.04,5.04,8595
14-May-12,5.10,5.23,5.07,5.23,4300
11-May-12,5.10,5.10,5.10,5.10,3606
10-May-12,5.21,5.21,5.12,5.12,245
9-May-12,5.05,5.07,5.05,5.07,2605
8-May-12,5.15,5.17,5.11,5.14,1600
7-May-12,5.04,5.23,5.04,5.23,1300
4-May-12,5.17,5.17,5.03,5.03,3300
3-May-12,5.05,5.20,5.05,5.20,2312
2-May-12,5.04,5.09,5.04,5.07,500
1-May-12,5.10,5.10,5.05,5.05,1226
30-Apr-12,5.04,5.10,5.04,5.10,400
27-Apr-12,5.03,5.07,5.03,5.07,1188
26-Apr-12,5.07,5.15,5.03,5.03,17274
25-Apr-12,5.13,5.14,5.00,5.00,8800
24-Apr-12,5.03,5.29,5.03,5.29,2219
23-Apr-12,5.20,5.22,4.93,5.06,5750
20-Apr-12,5.17,5.18,5.05,5.15,6699
19-Apr-12,5.26,5.26,5.10,5.10,12300
18-Apr-12,5.19,5.19,5.18,5.19,3900
17-Apr-12,5.18,5.20,5.18,5.19,5000
16-Apr-12,5.11,5.20,5.10,5.20,7184
13-Apr-12,5.15,5.15,5.05,5.05,1504
12-Apr-12,5.06,5.06,5.06,5.06,100
11-Apr-12,5.16,5.16,5.05,5.05,5067
10-Apr-12,5.05,5.11,5.05,5.10,11394
9-Apr-12,5.05,5.07,5.00,5.00,1331
5-Apr-12,5.06,5.06,5.06,5.06,0
4-Apr-12,5.05,5.10,5.05,5.10,2650
3-Apr-12,5.14,5.14,5.14,5.14,100
2-Apr-12,5.17,5.17,5.08,5.08,1871
30-Mar-12,5.17,5.17,5.17,5.17,3510
29-Mar-12,5.20,5.20,5.12,5.17,1300
28-Mar-12,5.17,5.17,5.15,5.17,300
27-Mar-12,5.17,5.17,5.15,5.15,2700
26-Mar-12,5.05,5.29,5.03,5.20,5500
23-Mar-12,5.12,5.39,5.02,5.03,5135
22-Mar-12,5.10,5.10,5.10,5.10,2300
21-Mar-12,5.10,5.23,5.09,5.09,2500
20-Mar-12,5.11,5.11,5.02,5.02,1300
19-Mar-12,5.23,5.23,5.20,5.21,1600
16-Mar-12,5.30,5.40,5.21,5.21,3375
15-Mar-12,5.22,5.25,5.11,5.25,7056
14-Mar-12,5.23,5.23,5.20,5.20,1100
13-Mar-12,5.13,5.26,5.05,5.26,4100
12-Mar-12,5.06,5.15,5.06,5.15,1300
9-Mar-12,5.28,5.28,5.06,5.06,900
8-Mar-12,5.20,5.24,5.20,5.24,1500
7-Mar-12,5.39,5.39,5.15,5.20,2628
6-Mar-12,5.37,5.37,5.17,5.17,825
5-Mar-12,5.35,5.48,5.32,5.40,3836
2-Mar-12,5.25,5.27,5.16,5.27,1488
1-Mar-12,5.23,5.30,5.23,5.23,2246
29-Feb-12,5.38,5.38,5.17,5.17,3500
28-Feb-12,5.37,5.37,5.10,5.31,5100
27-Feb-12,5.33,5.33,5.09,5.28,1175
24-Feb-12,5.47,5.47,5.17,5.35,3451
23-Feb-12,5.39,5.43,5.35,5.43,2200
22-Feb-12,5.32,5.38,5.25,5.38,300
21-Feb-12,5.49,5.49,5.25,5.35,14486
17-Feb-12,5.19,5.39,5.19,5.26,13950
16-Feb-12,5.00,5.21,5.00,5.16,1768
15-Feb-12,4.88,5.49,4.88,5.10,11717
14-Feb-12,4.72,4.72,4.72,4.72,0
13-Feb-12,4.96,4.98,4.72,4.72,7683
10-Feb-12,4.92,4.92,4.92,4.92,300
9-Feb-12,4.87,4.88,4.71,4.88,10499
8-Feb-12,4.86,4.91,4.80,4.89,9000
7-Feb-12,5.14,5.14,4.80,4.84,9061
6-Feb-12,4.71,5.15,4.71,4.82,3390
3-Feb-12,5.00,5.00,4.71,4.80,11550
2-Feb-12,5.05,5.10,4.95,4.95,12528
1-Feb-12,5.15,5.25,4.95,4.95,33950
31-Jan-12,5.04,5.06,4.80,4.99,5106
30-Jan-12,4.92,5.09,4.90,5.08,2502
27-Jan-12,4.85,5.08,4.77,4.78,2145
26-Jan-12,5.03,5.17,4.84,4.84,5064
25-Jan-12,5.07,5.25,5.00,5.20,10120
24-Jan-12,5.11,5.23,5.03,5.20,1860
23-Jan-12,5.27,5.27,5.04,5.20,1950
20-Jan-12,5.09,5.15,4.93,5.07,7879
19-Jan-12,5.13,5.37,5.11,5.19,4717
18-Jan-12,5.35,5.41,5.20,5.31,1569
17-Jan-12,5.60,5.60,5.20,5.21,900
12-Jan-12,5.38,5.38,5.38,5.38,0
11-Jan-12,5.58,5.60,5.38,5.50,10256
10-Jan-12,5.26,5.75,5.26,5.37,6445
9-Jan-12,5.30,5.45,5.04,5.04,2806
6-Jan-12,5.00,5.88,5.00,5.79,5940
5-Jan-12,5.07,5.45,4.88,5.41,27246
4-Jan-12,5.19,5.33,4.86,5.06,13866
3-Jan-12,5.24,5.39,4.71,5.39,13662
30-Dec-11,4.95,4.95,4.95,4.95,0
29-Dec-11,5.52,5.61,5.30,5.34,9107
28-Dec-11,5.40,6.00,5.25,5.25,6079
27-Dec-11,6.00,6.00,5.84,5.84,3400
23-Dec-11,5.78,5.78,5.78,5.78,0
22-Dec-11,5.25,6.29,5.25,6.29,20769
21-Dec-11,5.26,5.73,4.99,5.21,8372
20-Dec-11,4.65,5.28,4.65,5.26,22719
19-Dec-11,4.95,4.95,4.86,4.86,200
16-Dec-11,4.90,4.90,4.85,4.86,1650
15-Dec-11,4.81,4.85,4.65,4.85,4806
14-Dec-11,4.84,4.87,4.60,4.77,4088
13-Dec-11,4.76,4.86,4.76,4.86,1576
12-Dec-11,4.76,4.85,4.60,4.85,2060
9-Dec-11,4.85,4.85,4.69,4.82,6625
8-Dec-11,4.91,4.95,4.80,4.80,1284
7-Dec-11,5.03,5.10,4.90,4.92,750
6-Dec-11,5.08,5.10,4.90,4.90,7300
5-Dec-11,5.27,5.27,5.00,5.05,7163
2-Dec-11,5.43,5.43,5.00,5.26,7998
1-Dec-11,5.52,5.52,5.31,5.31,3700
30-Nov-11,5.35,5.35,5.35,5.35,200
29-Nov-11,5.43,5.53,5.39,5.41,6418
28-Nov-11,5.45,5.82,5.31,5.33,9101
25-Nov-11,5.56,5.56,5.56,5.56,500
23-Nov-11,5.42,5.42,5.42,5.42,0
22-Nov-11,5.29,5.37,5.29,5.31,1514
21-Nov-11,5.78,5.78,5.27,5.46,1490
18-Nov-11,6.00,6.00,5.37,5.53,900
16-Nov-11,6.07,6.07,6.07,6.07,0
15-Nov-11,6.00,6.00,5.84,5.94,826
14-Nov-11,5.80,5.80,5.80,5.80,0
11-Nov-11,5.73,6.15,5.73,5.98,4824
10-Nov-11,5.55,6.14,5.55,5.70,750
9-Nov-11,5.96,5.96,5.70,5.81,4500
8-Nov-11,5.40,5.99,5.37,5.98,3425
7-Nov-11,5.54,5.75,5.35,5.50,5007
4-Nov-11,5.57,5.64,5.54,5.56,2122
3-Nov-11,6.10,6.10,5.50,5.55,5800
2-Nov-11,5.69,5.82,5.59,5.73,4882
1-Nov-11,5.68,5.81,5.68,5.75,1002
31-Oct-11,5.63,6.04,5.41,6.04,5236
28-Oct-11,5.69,5.70,5.46,5.67,900
27-Oct-11,5.30,6.09,5.30,5.83,8322
26-Oct-11,5.23,5.23,5.00,5.00,1200
25-Oct-11,5.43,5.44,5.31,5.34,2500
24-Oct-11,5.24,5.52,5.24,5.38,5591
21-Oct-11,5.51,5.58,5.24,5.31,11917
20-Oct-11,5.48,5.90,5.34,5.34,4988
19-Oct-11,4.99,5.57,4.75,5.55,7909
18-Oct-11,4.58,5.08,4.58,5.00,7000
17-Oct-11,4.71,4.93,4.65,4.73,13822
14-Oct-11,4.75,4.85,4.65,4.65,22675
13-Oct-11,5.36,5.36,4.22,4.75,25522
12-Oct-11,5.80,5.80,5.61,5.61,5099
11-Oct-11,5.90,6.10,5.84,5.89,2159
10-Oct-11,5.90,5.94,5.65,5.91,5542
7-Oct-11,5.74,6.00,5.65,5.81,12151
6-Oct-11,5.75,5.97,5.75,5.90,1016
5-Oct-11,5.76,6.20,5.76,5.95,8374
4-Oct-11,5.81,6.04,5.71,5.86,4543
3-Oct-11,5.83,6.06,5.50,5.73,7000
30-Sep-11,6.04,6.11,5.81,6.00,3283
29-Sep-11,5.92,6.30,5.84,6.00,3517
