Date,Open,High,Low,Close,Volume
27-Sep-12,8.09,8.09,8.02,8.05,68168
26-Sep-12,8.04,8.06,7.99,8.06,55184
25-Sep-12,8.04,8.07,8.02,8.02,60667
24-Sep-12,8.01,8.08,7.99,8.06,83530
21-Sep-12,8.00,8.03,7.96,8.03,64270
20-Sep-12,8.03,8.05,7.92,7.96,126222
19-Sep-12,8.01,8.12,8.00,8.01,91192
18-Sep-12,8.01,8.05,8.00,8.02,64286
17-Sep-12,8.07,8.08,8.00,8.02,67725
14-Sep-12,8.01,8.15,8.00,8.04,60290
13-Sep-12,7.92,8.29,7.92,7.99,144092
12-Sep-12,7.86,8.02,7.85,7.97,170622
11-Sep-12,7.84,7.90,7.80,7.90,110496
10-Sep-12,7.80,7.85,7.80,7.85,42945
7-Sep-12,7.84,7.86,7.80,7.80,73699
6-Sep-12,7.84,7.88,7.83,7.88,63523
5-Sep-12,7.82,7.86,7.76,7.86,84789
4-Sep-12,7.88,7.90,7.82,7.82,68817
31-Aug-12,7.83,7.89,7.83,7.89,36319
30-Aug-12,7.82,7.86,7.82,7.86,39982
29-Aug-12,7.80,7.84,7.79,7.81,102353
28-Aug-12,7.78,7.82,7.78,7.78,158827
27-Aug-12,7.87,7.89,7.78,7.79,62657
24-Aug-12,7.84,7.86,7.78,7.85,71465
23-Aug-12,7.91,7.91,7.79,7.82,125597
22-Aug-12,7.89,7.91,7.85,7.89,49429
21-Aug-12,7.97,8.00,7.88,7.88,79337
20-Aug-12,7.92,7.98,7.90,7.95,51996
17-Aug-12,7.87,7.92,7.87,7.89,10777
16-Aug-12,7.93,7.93,7.86,7.88,25177
15-Aug-12,7.93,7.98,7.91,7.92,20874
14-Aug-12,7.93,7.93,7.86,7.91,11486
13-Aug-12,7.92,7.97,7.86,7.93,15970
10-Aug-12,8.02,8.05,7.98,8.00,15050
9-Aug-12,8.00,8.08,7.87,7.98,28321
8-Aug-12,7.88,8.15,7.88,7.97,17753
7-Aug-12,7.89,7.92,7.85,7.90,13633
6-Aug-12,7.80,7.87,7.80,7.87,11596
3-Aug-12,7.72,7.84,7.72,7.83,46439
2-Aug-12,7.71,7.81,7.71,7.72,143685
1-Aug-12,7.71,7.79,7.71,7.72,82685
31-Jul-12,7.74,7.81,7.70,7.71,92125
30-Jul-12,7.77,7.80,7.71,7.76,112350
27-Jul-12,7.77,7.83,7.76,7.82,93124
26-Jul-12,7.78,7.79,7.72,7.72,78967
25-Jul-12,7.75,7.78,7.67,7.67,109889
24-Jul-12,7.80,7.86,7.72,7.74,83995
23-Jul-12,7.76,7.84,7.75,7.81,57302
20-Jul-12,7.70,7.78,7.69,7.75,107323
19-Jul-12,7.67,7.71,7.63,7.70,66885
18-Jul-12,7.64,7.71,7.64,7.67,69082
17-Jul-12,7.70,7.70,7.65,7.66,59383
16-Jul-12,7.66,7.74,7.65,7.70,88665
13-Jul-12,7.68,7.75,7.65,7.69,91348
12-Jul-12,7.65,7.67,7.51,7.63,234079
11-Jul-12,7.90,7.90,7.74,7.77,79130
10-Jul-12,7.92,7.92,7.86,7.88,50924
9-Jul-12,7.82,7.89,7.80,7.89,70018
6-Jul-12,7.76,7.83,7.73,7.82,90182
5-Jul-12,7.78,7.78,7.71,7.74,52621
3-Jul-12,7.71,7.82,7.71,7.76,30291
2-Jul-12,7.77,7.78,7.62,7.75,77751
29-Jun-12,7.65,7.76,7.57,7.76,92318
28-Jun-12,7.60,7.60,7.53,7.56,64603
27-Jun-12,7.68,7.71,7.55,7.55,66702
26-Jun-12,7.60,7.62,7.55,7.58,62254
25-Jun-12,7.63,7.63,7.54,7.56,48084
22-Jun-12,7.53,7.64,7.53,7.64,64935
21-Jun-12,7.55,7.59,7.52,7.59,60487
20-Jun-12,7.51,7.52,7.50,7.51,46073
19-Jun-12,7.51,7.56,7.48,7.51,58613
18-Jun-12,7.51,7.54,7.44,7.47,100444
15-Jun-12,7.46,7.57,7.42,7.49,101868
14-Jun-12,7.45,7.49,7.42,7.42,59622
13-Jun-12,7.52,7.52,7.43,7.47,69976
12-Jun-12,7.46,7.54,7.46,7.52,59552
11-Jun-12,7.55,7.55,7.49,7.49,77256
8-Jun-12,7.44,7.51,7.43,7.50,28748
7-Jun-12,7.36,7.49,7.36,7.44,69114
6-Jun-12,7.50,7.50,7.33,7.35,58174
5-Jun-12,7.35,7.36,7.27,7.31,74691
4-Jun-12,7.38,7.38,7.28,7.33,98022
1-Jun-12,7.34,7.37,7.29,7.35,151064
31-May-12,7.42,7.43,7.35,7.40,99086
30-May-12,7.44,7.44,7.37,7.37,72335
29-May-12,7.45,7.46,7.42,7.46,50868
25-May-12,7.44,7.48,7.37,7.40,117104
24-May-12,7.30,7.45,7.28,7.44,155084
23-May-12,7.24,7.35,7.24,7.35,52109
22-May-12,7.31,7.33,7.25,7.29,45810
21-May-12,7.16,7.29,7.16,7.27,71582
18-May-12,7.16,7.27,7.09,7.16,98843
17-May-12,7.32,7.32,7.15,7.15,92571
16-May-12,7.34,7.36,7.33,7.36,88363
15-May-12,7.32,7.35,7.25,7.31,90939
14-May-12,7.41,7.44,7.34,7.34,102738
11-May-12,7.34,7.45,7.34,7.43,99792
10-May-12,7.46,7.49,7.40,7.40,103716
9-May-12,7.50,7.52,7.42,7.43,97531
8-May-12,7.47,7.55,7.44,7.55,79631
7-May-12,7.48,7.55,7.48,7.48,84931
4-May-12,7.57,7.60,7.50,7.52,92147
3-May-12,7.57,7.59,7.56,7.57,59802
2-May-12,7.55,7.60,7.52,7.60,50943
1-May-12,7.44,7.59,7.43,7.58,140998
30-Apr-12,7.45,7.48,7.41,7.41,70487
27-Apr-12,7.53,7.53,7.43,7.43,79241
26-Apr-12,7.51,7.55,7.47,7.48,52659
25-Apr-12,7.44,7.52,7.44,7.50,106096
24-Apr-12,7.44,7.47,7.38,7.44,144134
23-Apr-12,7.34,7.45,7.33,7.45,108900
20-Apr-12,7.34,7.35,7.33,7.35,141939
19-Apr-12,7.33,7.35,7.30,7.34,73553
18-Apr-12,7.32,7.33,7.31,7.31,87144
17-Apr-12,7.36,7.36,7.31,7.35,140919
16-Apr-12,7.29,7.33,7.27,7.33,104986
13-Apr-12,7.28,7.28,7.22,7.24,79890
12-Apr-12,7.24,7.28,7.21,7.25,105738
11-Apr-12,7.26,7.33,7.26,7.31,84321
10-Apr-12,7.31,7.32,7.22,7.24,124511
9-Apr-12,7.36,7.36,7.26,7.36,150568
5-Apr-12,7.30,7.35,7.30,7.33,84030
4-Apr-12,7.32,7.38,7.30,7.30,153092
3-Apr-12,7.38,7.40,7.37,7.37,116844
2-Apr-12,7.37,7.44,7.37,7.41,155299
30-Mar-12,7.41,7.43,7.35,7.35,174398
29-Mar-12,7.41,7.42,7.37,7.40,91437
28-Mar-12,7.42,7.50,7.42,7.45,191555
27-Mar-12,7.50,7.52,7.43,7.48,146135
26-Mar-12,7.48,7.50,7.38,7.49,56974
23-Mar-12,7.41,7.50,7.41,7.50,70871
22-Mar-12,7.41,7.48,7.38,7.39,73068
21-Mar-12,7.45,7.48,7.40,7.47,92676
20-Mar-12,7.35,7.49,7.35,7.49,63325
19-Mar-12,7.55,7.56,7.40,7.42,132464
16-Mar-12,7.64,7.64,7.50,7.50,120516
15-Mar-12,7.79,7.79,7.65,7.69,70474
14-Mar-12,7.72,7.84,7.62,7.84,85474
13-Mar-12,7.70,7.73,7.65,7.66,74423
12-Mar-12,7.66,7.76,7.66,7.75,66380
9-Mar-12,7.69,7.73,7.63,7.65,75448
8-Mar-12,7.62,7.70,7.60,7.68,48987
7-Mar-12,7.59,7.63,7.53,7.63,85158
6-Mar-12,7.57,7.62,7.49,7.51,92774
5-Mar-12,7.73,7.74,7.61,7.65,104155
2-Mar-12,7.73,7.82,7.73,7.75,116203
1-Mar-12,7.75,7.80,7.73,7.78,69980
29-Feb-12,7.76,7.83,7.72,7.76,96105
28-Feb-12,7.68,7.76,7.68,7.70,84891
27-Feb-12,7.75,7.81,7.69,7.69,117610
24-Feb-12,7.70,7.82,7.69,7.75,123115
23-Feb-12,7.62,7.70,7.59,7.70,154071
22-Feb-12,7.58,7.63,7.54,7.59,125836
21-Feb-12,7.56,7.62,7.54,7.55,95849
17-Feb-12,7.52,7.57,7.52,7.53,127012
16-Feb-12,7.47,7.53,7.46,7.50,61074
15-Feb-12,7.53,7.63,7.47,7.48,63983
14-Feb-12,7.59,7.62,7.52,7.53,63580
13-Feb-12,7.61,7.64,7.52,7.61,67138
10-Feb-12,7.61,7.66,7.60,7.63,46702
9-Feb-12,7.69,7.77,7.59,7.68,103663
8-Feb-12,7.73,7.75,7.63,7.74,128409
7-Feb-12,7.56,7.77,7.56,7.75,137738
6-Feb-12,7.52,7.65,7.52,7.59,66848
3-Feb-12,7.58,7.58,7.53,7.58,57804
2-Feb-12,7.53,7.59,7.49,7.54,31632
1-Feb-12,7.46,7.60,7.44,7.55,74464
31-Jan-12,7.52,7.55,7.46,7.46,81069
30-Jan-12,7.55,7.57,7.47,7.52,59589
27-Jan-12,7.46,7.60,7.46,7.57,80461
26-Jan-12,7.51,7.64,7.49,7.51,110942
25-Jan-12,7.36,7.51,7.35,7.51,71923
24-Jan-12,7.37,7.41,7.34,7.41,78247
23-Jan-12,7.30,7.38,7.26,7.37,75881
20-Jan-12,7.22,7.30,7.22,7.30,65167
19-Jan-12,7.21,7.26,7.20,7.21,83057
18-Jan-12,7.23,7.25,7.19,7.22,57974
17-Jan-12,7.17,7.21,7.13,7.21,89832
13-Jan-12,7.17,7.17,7.17,7.17,0
12-Jan-12,7.11,7.15,7.10,7.11,50203
11-Jan-12,7.10,7.15,7.08,7.10,149645
10-Jan-12,7.25,7.27,7.13,7.13,194989
9-Jan-12,7.29,7.33,7.21,7.21,138069
6-Jan-12,7.31,7.36,7.22,7.24,104946
5-Jan-12,7.33,7.37,7.30,7.33,108601
4-Jan-12,7.31,7.39,7.23,7.39,94492
3-Jan-12,7.24,7.30,7.20,7.27,60264
30-Dec-11,7.21,7.21,7.21,7.21,0
29-Dec-11,7.26,7.29,7.17,7.20,102095
28-Dec-11,7.33,7.33,7.23,7.27,81924
27-Dec-11,7.23,7.40,7.23,7.38,108024
23-Dec-11,7.24,7.24,7.24,7.24,0
22-Dec-11,7.25,7.27,7.16,7.22,108236
21-Dec-11,7.17,7.24,7.15,7.24,53850
20-Dec-11,7.18,7.20,7.17,7.18,65129
19-Dec-11,7.24,7.29,7.15,7.15,72765
16-Dec-11,7.17,7.24,7.17,7.24,48719
15-Dec-11,7.19,7.20,7.14,7.14,88117
14-Dec-11,7.37,7.37,7.19,7.19,76001
13-Dec-11,7.33,7.42,7.32,7.42,152579
12-Dec-11,7.27,7.34,7.24,7.33,140698
9-Dec-11,7.29,7.32,7.26,7.32,96435
8-Dec-11,7.28,7.33,7.27,7.29,104495
7-Dec-11,7.28,7.35,7.23,7.35,80851
6-Dec-11,7.24,7.33,7.23,7.33,80682
5-Dec-11,7.22,7.27,7.20,7.26,89860
2-Dec-11,7.28,7.28,7.19,7.19,66782
1-Dec-11,7.24,7.27,7.17,7.24,82629
30-Nov-11,7.26,7.30,7.17,7.28,157476
29-Nov-11,7.19,7.22,7.11,7.19,95098
28-Nov-11,7.16,7.24,7.12,7.15,124173
25-Nov-11,7.02,7.12,7.02,7.09,74832
23-Nov-11,7.04,7.04,7.04,7.04,0
22-Nov-11,7.11,7.11,7.05,7.07,94824
21-Nov-11,7.12,7.12,7.02,7.11,119179
18-Nov-11,7.05,7.16,7.05,7.12,167263
17-Nov-11,7.04,7.05,7.00,7.04,107081
16-Nov-11,6.97,7.04,6.97,7.00,113748
15-Nov-11,6.99,6.99,6.91,6.97,137056
14-Nov-11,6.95,6.96,6.89,6.90,70779
11-Nov-11,7.00,7.05,6.98,6.98,79716
10-Nov-11,7.00,7.03,6.95,7.00,81526
9-Nov-11,7.02,7.05,6.95,7.00,96380
8-Nov-11,7.00,7.05,6.98,7.05,89120
7-Nov-11,6.92,6.97,6.90,6.97,82747
4-Nov-11,6.96,6.96,6.89,6.92,143792
3-Nov-11,6.93,6.97,6.90,6.97,92260
2-Nov-11,6.90,6.94,6.86,6.91,121812
1-Nov-11,6.83,6.93,6.74,6.93,256367
31-Oct-11,6.90,6.91,6.83,6.87,151429
28-Oct-11,6.91,6.93,6.85,6.90,99060
27-Oct-11,6.94,6.95,6.87,6.87,142460
26-Oct-11,6.78,6.90,6.76,6.84,125777
25-Oct-11,6.74,6.79,6.72,6.78,116418
24-Oct-11,6.68,6.82,6.68,6.82,112352
21-Oct-11,6.65,6.70,6.55,6.70,76109
20-Oct-11,6.51,6.65,6.51,6.65,97913
19-Oct-11,6.59,6.60,6.50,6.50,85185
18-Oct-11,6.56,6.65,6.50,6.56,163546
17-Oct-11,6.55,6.59,6.51,6.54,56197
14-Oct-11,6.52,6.63,6.52,6.62,98221
13-Oct-11,6.50,6.52,6.42,6.50,109145
12-Oct-11,6.50,6.60,6.47,6.51,118808
11-Oct-11,6.48,6.55,6.45,6.52,133269
10-Oct-11,6.39,6.53,6.37,6.53,103614
7-Oct-11,6.36,6.45,6.30,6.35,68130
6-Oct-11,6.36,6.39,6.30,6.36,104576
5-Oct-11,6.14,6.32,6.11,6.32,100177
4-Oct-11,6.45,6.45,5.99,6.18,266085
3-Oct-11,6.55,6.64,6.51,6.51,71635
30-Sep-11,6.71,6.71,6.57,6.58,96174
