Date,Open,High,Low,Close,Volume
26-Sep-12,10.72,10.77,10.50,10.60,83354
25-Sep-12,10.98,11.11,10.66,10.70,74910
24-Sep-12,10.85,11.09,10.76,10.89,97001
21-Sep-12,11.08,11.38,10.88,10.93,102400
20-Sep-12,10.92,10.96,10.66,10.93,21189
19-Sep-12,10.93,11.06,10.91,11.06,25856
18-Sep-12,11.25,11.25,10.70,10.89,51634
17-Sep-12,11.68,11.68,11.20,11.30,41807
14-Sep-12,11.57,11.88,11.57,11.74,47945
13-Sep-12,11.16,11.68,11.08,11.53,47847
12-Sep-12,11.16,11.28,11.02,11.10,26642
11-Sep-12,11.05,11.15,11.05,11.10,36652
10-Sep-12,10.72,11.20,10.70,10.98,56191
7-Sep-12,10.48,10.67,10.21,10.50,289096
6-Sep-12,10.51,11.44,10.34,10.40,516274
5-Sep-12,11.72,11.79,10.50,11.51,209638
4-Sep-12,11.62,11.86,11.27,11.69,153027
31-Aug-12,11.69,11.77,11.54,11.66,108297
30-Aug-12,11.76,11.76,11.43,11.51,45779
29-Aug-12,11.73,11.96,11.46,11.88,101669
28-Aug-12,11.28,11.91,11.08,11.67,230289
27-Aug-12,11.10,11.40,11.04,11.31,53275
24-Aug-12,11.18,11.29,10.94,11.05,48387
23-Aug-12,11.32,11.44,11.06,11.25,68605
22-Aug-12,11.37,11.49,11.21,11.37,43423
21-Aug-12,11.48,11.59,11.38,11.43,55101
20-Aug-12,11.19,11.44,11.07,11.38,92244
17-Aug-12,11.08,11.27,11.08,11.23,145193
16-Aug-12,10.88,11.25,10.88,11.10,198780
15-Aug-12,10.48,11.00,10.48,10.92,99943
14-Aug-12,10.58,10.66,10.39,10.46,96909
13-Aug-12,10.57,10.74,10.30,10.55,35729
10-Aug-12,10.35,10.68,10.34,10.63,33559
9-Aug-12,10.55,10.55,10.25,10.38,73222
8-Aug-12,10.48,10.74,10.46,10.58,57026
7-Aug-12,10.74,10.74,10.49,10.52,83894
6-Aug-12,10.86,10.86,10.58,10.61,81802
3-Aug-12,10.83,10.94,10.75,10.78,65681
2-Aug-12,9.98,10.61,9.92,10.53,86832
1-Aug-12,10.42,10.46,10.08,10.10,92083
31-Jul-12,10.54,10.62,10.33,10.36,75545
30-Jul-12,10.68,10.99,10.57,10.59,45333
27-Jul-12,10.20,10.78,10.04,10.70,80317
26-Jul-12,10.61,10.61,10.12,10.21,119320
25-Jul-12,10.68,10.71,10.25,10.40,44033
24-Jul-12,10.74,10.82,10.50,10.58,66954
23-Jul-12,10.80,10.80,10.59,10.67,43590
20-Jul-12,11.49,11.49,11.10,11.12,79036
19-Jul-12,11.75,11.83,11.49,11.61,39488
18-Jul-12,11.35,11.71,11.35,11.70,83393
17-Jul-12,11.29,11.50,11.12,11.43,51398
16-Jul-12,11.59,11.63,11.19,11.22,44313
13-Jul-12,11.32,11.73,11.30,11.68,58964
12-Jul-12,11.39,11.39,10.98,11.20,55016
11-Jul-12,11.65,11.72,11.45,11.52,49011
10-Jul-12,11.97,12.00,11.44,11.59,92087
9-Jul-12,11.72,11.93,11.61,11.81,128344
6-Jul-12,11.49,11.91,11.39,11.79,135839
5-Jul-12,11.56,11.76,11.37,11.70,62728
3-Jul-12,11.51,11.72,11.35,11.60,67978
2-Jul-12,11.39,11.50,11.08,11.50,67784
29-Jun-12,10.87,11.45,10.87,11.33,102546
28-Jun-12,10.45,10.62,10.20,10.53,62325
27-Jun-12,10.29,10.69,10.29,10.58,61383
26-Jun-12,10.17,10.42,10.08,10.26,39186
25-Jun-12,10.26,10.53,10.10,10.21,44571
22-Jun-12,10.41,10.59,10.23,10.51,94728
21-Jun-12,10.88,10.98,10.28,10.34,65349
20-Jun-12,10.95,11.15,10.74,10.89,59627
19-Jun-12,10.51,11.13,10.47,10.98,95621
18-Jun-12,10.53,10.58,10.33,10.44,55845
15-Jun-12,10.58,10.77,10.45,10.67,113260
14-Jun-12,10.34,10.62,10.27,10.55,56014
13-Jun-12,10.32,10.48,10.00,10.29,74562
12-Jun-12,10.27,10.51,10.04,10.35,84218
11-Jun-12,10.62,10.62,10.01,10.19,111675
8-Jun-12,10.24,10.64,10.05,10.46,63503
7-Jun-12,10.65,10.76,10.25,10.30,117218
6-Jun-12,9.88,10.54,9.88,10.47,104736
5-Jun-12,9.70,10.06,9.62,9.78,151857
4-Jun-12,9.97,10.18,9.66,9.77,104661
1-Jun-12,10.09,10.36,9.88,9.92,79684
31-May-12,10.66,11.01,10.15,10.39,130526
30-May-12,10.71,10.71,10.44,10.65,181401
29-May-12,10.53,11.01,10.53,10.82,73667
25-May-12,10.35,10.51,10.20,10.39,56005
24-May-12,10.55,10.55,10.00,10.34,115264
23-May-12,10.25,10.59,10.07,10.52,123375
22-May-12,10.84,10.97,10.24,10.39,126234
21-May-12,10.88,11.04,10.72,10.90,97938
18-May-12,10.65,10.95,10.59,10.85,214971
17-May-12,11.18,11.23,10.60,10.63,245925
16-May-12,11.28,11.46,11.09,11.14,103932
15-May-12,11.41,11.59,11.17,11.19,113253
14-May-12,11.56,11.71,11.36,11.46,113537
11-May-12,11.69,12.10,11.62,11.76,151759
10-May-12,11.73,11.96,11.60,11.76,184201
9-May-12,10.90,11.73,10.87,11.61,192022
8-May-12,11.75,11.75,10.23,11.11,510608
7-May-12,12.35,12.79,12.28,12.74,125800
4-May-12,13.17,13.17,12.45,12.47,136953
3-May-12,13.71,13.94,13.24,13.31,118130
2-May-12,13.59,13.84,13.47,13.70,117918
1-May-12,13.71,14.05,13.52,13.66,159279
30-Apr-12,13.70,13.87,13.60,13.64,83810
27-Apr-12,13.55,13.86,13.46,13.78,104312
26-Apr-12,13.14,13.53,13.08,13.48,99746
25-Apr-12,13.26,13.35,12.97,13.13,75771
24-Apr-12,12.61,13.12,12.46,13.08,82408
23-Apr-12,12.50,12.82,12.30,12.62,90806
20-Apr-12,13.60,13.60,12.72,12.76,124908
19-Apr-12,13.62,13.65,12.96,13.09,137390
18-Apr-12,13.73,13.78,13.42,13.65,69395
17-Apr-12,13.20,14.02,13.20,13.85,335325
16-Apr-12,12.93,13.35,12.82,13.02,174308
13-Apr-12,13.25,13.31,12.62,12.85,126985
12-Apr-12,13.06,13.44,13.06,13.34,130632
11-Apr-12,13.04,13.11,12.91,13.03,150201
10-Apr-12,13.03,13.18,12.66,12.88,156435
9-Apr-12,13.20,13.37,12.95,13.02,183945
5-Apr-12,13.63,13.64,13.44,13.50,122920
4-Apr-12,13.56,14.19,13.56,13.64,165563
3-Apr-12,13.97,14.12,13.71,13.76,104272
2-Apr-12,13.98,14.05,13.82,14.00,135144
30-Mar-12,14.33,14.36,13.98,14.01,130744
29-Mar-12,14.06,14.23,13.94,14.17,89759
28-Mar-12,14.39,14.50,13.92,14.23,105922
27-Mar-12,15.06,15.06,14.40,14.41,156899
26-Mar-12,14.41,14.95,14.29,14.91,155663
23-Mar-12,13.56,14.27,13.48,14.23,114120
22-Mar-12,13.44,13.52,13.24,13.50,121562
21-Mar-12,13.89,14.07,13.56,13.60,81950
20-Mar-12,14.02,14.17,13.83,13.86,140945
19-Mar-12,13.81,14.24,13.76,14.22,237001
16-Mar-12,13.90,13.97,13.69,13.80,248829
15-Mar-12,13.86,14.03,13.57,13.82,89987
14-Mar-12,13.99,14.15,13.75,13.80,108904
13-Mar-12,13.97,14.04,13.67,14.01,123464
12-Mar-12,13.49,13.84,13.42,13.82,151469
9-Mar-12,13.16,13.50,13.13,13.48,113638
8-Mar-12,12.97,13.23,12.83,13.15,145852
7-Mar-12,12.74,12.93,12.52,12.87,91242
6-Mar-12,12.70,12.82,12.58,12.65,159783
5-Mar-12,12.86,13.00,12.57,12.92,111640
2-Mar-12,13.16,13.38,12.78,12.95,164264
1-Mar-12,13.31,13.61,13.15,13.15,156402
29-Feb-12,13.64,13.74,13.13,13.24,249086
28-Feb-12,13.52,13.74,13.31,13.65,142199
27-Feb-12,13.68,13.68,13.19,13.47,115655
24-Feb-12,13.68,13.87,13.66,13.81,175156
23-Feb-12,13.64,13.88,13.58,13.70,233791
22-Feb-12,13.32,13.71,13.27,13.59,136224
21-Feb-12,13.25,13.41,13.16,13.37,112623
17-Feb-12,13.07,13.31,12.96,13.19,167822
16-Feb-12,12.81,13.35,12.81,13.04,202461
15-Feb-12,12.92,13.24,12.70,12.81,121204
14-Feb-12,12.35,12.88,12.32,12.87,127967
13-Feb-12,12.60,12.87,12.38,12.41,177731
10-Feb-12,12.37,12.80,12.09,12.39,97332
9-Feb-12,12.50,12.50,12.50,12.50,0
8-Feb-12,12.49,12.58,12.18,12.36,72146
7-Feb-12,12.31,12.46,12.02,12.41,77131
6-Feb-12,12.26,12.26,12.26,12.26,0
3-Feb-12,12.33,12.64,12.14,12.53,132080
2-Feb-12,12.15,12.44,11.98,12.07,142340
1-Feb-12,11.79,12.26,11.53,12.13,160388
31-Jan-12,11.52,11.72,11.30,11.64,142913
30-Jan-12,11.43,11.60,11.18,11.42,83212
27-Jan-12,11.11,11.59,11.11,11.57,92930
26-Jan-12,11.09,11.35,10.97,11.14,122397
25-Jan-12,10.84,10.99,10.58,10.99,101563
24-Jan-12,10.80,10.80,10.80,10.80,0
23-Jan-12,10.87,10.88,10.59,10.79,102226
20-Jan-12,10.89,10.89,10.89,10.89,0
19-Jan-12,10.74,10.80,10.61,10.67,132718
18-Jan-12,10.60,10.84,10.58,10.68,111603
17-Jan-12,10.60,10.80,10.49,10.66,123471
13-Jan-12,10.47,10.47,10.47,10.47,0
12-Jan-12,10.60,10.60,10.60,10.60,0
11-Jan-12,9.99,10.38,9.99,10.29,125827
10-Jan-12,9.90,9.90,9.90,9.90,0
9-Jan-12,9.92,9.94,9.51,9.69,112740
6-Jan-12,9.59,9.91,9.54,9.89,96672
5-Jan-12,9.47,9.71,9.35,9.60,116644
4-Jan-12,9.83,9.85,9.48,9.57,131321
3-Jan-12,10.01,10.01,10.01,10.01,0
30-Dec-11,9.44,9.44,9.44,9.44,0
29-Dec-11,9.40,9.53,9.37,9.44,74534
28-Dec-11,9.71,9.83,9.29,9.32,83216
27-Dec-11,9.64,9.64,9.64,9.64,0
23-Dec-11,9.57,9.57,9.57,9.57,0
22-Dec-11,9.60,9.85,9.53,9.66,63952
21-Dec-11,9.47,9.65,9.11,9.57,111772
20-Dec-11,9.43,9.43,9.43,9.43,0
19-Dec-11,8.99,9.31,8.62,8.64,148635
16-Dec-11,8.91,8.91,8.91,8.91,0
15-Dec-11,8.60,8.69,8.38,8.54,120860
14-Dec-11,8.36,8.36,8.36,8.36,0
13-Dec-11,8.69,8.83,8.43,8.54,130729
12-Dec-11,8.71,8.74,8.45,8.55,177490
9-Dec-11,8.59,9.16,8.59,8.90,170087
8-Dec-11,8.83,8.96,8.44,8.55,175382
7-Dec-11,9.11,9.11,8.72,8.93,157100
6-Dec-11,9.05,9.28,8.96,9.21,136598
5-Dec-11,9.24,9.33,9.05,9.10,149974
2-Dec-11,9.00,9.00,9.00,9.00,0
1-Dec-11,9.32,9.39,9.02,9.12,189081
30-Nov-11,9.31,9.36,9.02,9.36,323156
29-Nov-11,9.05,9.13,8.81,8.86,241518
28-Nov-11,8.97,9.10,8.64,9.02,177956
25-Nov-11,8.60,8.95,8.53,8.53,68113
23-Nov-11,8.65,8.65,8.65,8.65,0
22-Nov-11,9.03,9.03,9.03,9.03,0
21-Nov-11,9.37,9.61,9.01,9.22,128276
18-Nov-11,9.94,10.11,9.57,9.68,163934
17-Nov-11,10.53,10.60,9.77,9.87,86733
16-Nov-11,10.56,10.56,10.56,10.56,0
15-Nov-11,10.33,10.88,10.23,10.80,42596
14-Nov-11,10.67,10.86,10.26,10.44,72201
11-Nov-11,10.73,10.73,10.73,10.73,0
10-Nov-11,10.29,10.30,9.98,10.13,73055
9-Nov-11,10.68,10.90,10.09,10.11,149705
8-Nov-11,10.89,11.17,10.52,11.14,68619
7-Nov-11,10.61,10.92,10.30,10.76,85116
4-Nov-11,10.62,10.62,10.62,10.62,0
3-Nov-11,10.40,11.08,9.77,10.98,140891
2-Nov-11,10.38,10.50,10.12,10.49,127966
1-Nov-11,10.25,10.25,10.25,10.25,0
31-Oct-11,10.89,11.01,10.61,10.62,118446
28-Oct-11,11.21,11.21,11.21,11.21,0
27-Oct-11,11.31,11.59,10.90,11.40,212967
26-Oct-11,10.59,10.98,10.36,10.90,116414
25-Oct-11,10.82,10.90,10.30,10.38,125860
24-Oct-11,10.43,10.95,10.43,10.92,122618
21-Oct-11,10.18,10.18,10.18,10.18,0
20-Oct-11,10.38,10.56,9.82,10.22,179871
19-Oct-11,10.75,10.84,10.12,10.38,131072
18-Oct-11,10.34,10.34,10.34,10.34,0
17-Oct-11,10.59,10.74,10.07,10.15,121497
14-Oct-11,10.63,10.80,10.50,10.71,132331
13-Oct-11,10.22,10.47,10.11,10.41,72234
12-Oct-11,10.21,10.21,10.21,10.21,0
11-Oct-11,9.78,10.11,9.76,10.00,140967
10-Oct-11,9.59,9.93,9.49,9.91,121250
7-Oct-11,9.47,9.47,9.47,9.47,0
6-Oct-11,8.68,9.45,8.68,9.41,174541
5-Oct-11,8.14,8.14,8.14,8.14,0
4-Oct-11,7.57,8.20,7.34,8.19,396056
3-Oct-11,8.42,8.65,7.65,7.66,221459
30-Sep-11,8.62,8.94,8.49,8.51,204309
29-Sep-11,8.62,8.62,8.62,8.62,0
