Date,Open,High,Low,Close,Volume
27-Sep-12,6.34,6.41,6.33,6.41,191229
26-Sep-12,6.22,6.32,6.15,6.31,120560
25-Sep-12,6.51,6.62,6.21,6.23,206474
24-Sep-12,6.46,6.56,6.38,6.45,149071
21-Sep-12,6.57,6.69,6.50,6.51,411900
20-Sep-12,6.43,6.51,6.37,6.47,100270
19-Sep-12,6.54,6.55,6.42,6.49,195413
18-Sep-12,6.57,6.59,6.43,6.52,171511
17-Sep-12,6.47,6.64,6.44,6.57,186335
14-Sep-12,6.50,6.62,6.47,6.52,333501
13-Sep-12,6.28,6.59,6.24,6.50,292355
12-Sep-12,6.44,6.53,6.18,6.25,236666
11-Sep-12,6.41,6.53,6.30,6.44,146762
10-Sep-12,6.34,6.48,6.28,6.40,189717
7-Sep-12,6.25,6.41,6.16,6.37,173794
6-Sep-12,6.24,6.27,6.20,6.25,441008
5-Sep-12,6.14,6.26,6.13,6.20,242596
4-Sep-12,6.00,6.18,5.93,6.11,293104
31-Aug-12,6.02,6.07,5.95,5.97,184394
30-Aug-12,5.95,5.97,5.89,5.94,200920
29-Aug-12,6.01,6.06,5.95,5.97,165170
28-Aug-12,5.97,6.01,5.95,5.97,118082
27-Aug-12,6.02,6.03,5.91,5.96,82096
24-Aug-12,5.91,6.01,5.87,5.97,149379
23-Aug-12,6.05,6.12,5.91,5.94,139521
22-Aug-12,6.10,6.22,6.04,6.05,210657
21-Aug-12,6.21,6.41,6.11,6.13,152902
20-Aug-12,6.00,6.24,6.00,6.20,151849
17-Aug-12,5.95,6.06,5.95,6.00,114434
16-Aug-12,5.98,6.01,5.92,5.99,54304
15-Aug-12,5.87,6.02,5.87,6.00,60738
14-Aug-12,6.00,6.00,5.85,5.89,122891
13-Aug-12,5.85,5.97,5.81,5.97,40667
10-Aug-12,5.90,5.92,5.86,5.89,42862
9-Aug-12,5.87,6.00,5.87,5.91,83418
8-Aug-12,5.93,5.98,5.87,5.88,68634
7-Aug-12,5.91,6.00,5.85,5.96,104350
6-Aug-12,5.61,6.09,5.61,5.88,108684
3-Aug-12,4.90,5.59,4.86,5.59,360175
2-Aug-12,5.41,5.45,5.31,5.35,168097
1-Aug-12,5.73,5.76,5.41,5.41,201166
31-Jul-12,5.88,5.88,5.66,5.67,116210
30-Jul-12,6.00,6.00,5.82,5.90,94812
27-Jul-12,5.68,6.00,5.64,5.99,161625
26-Jul-12,5.65,5.69,5.54,5.66,82512
25-Jul-12,5.48,5.60,5.36,5.52,78167
24-Jul-12,5.64,5.66,5.39,5.45,161170
23-Jul-12,5.62,5.76,5.58,5.59,141961
20-Jul-12,5.88,5.88,5.70,5.77,164264
19-Jul-12,5.96,6.01,5.85,5.93,82764
18-Jul-12,5.97,6.01,5.88,5.94,143023
17-Jul-12,5.83,6.03,5.79,6.00,141238
16-Jul-12,5.92,5.93,5.75,5.75,117205
13-Jul-12,5.75,6.01,5.75,5.96,171865
12-Jul-12,5.69,5.77,5.52,5.75,138580
11-Jul-12,5.75,5.90,5.67,5.74,174747
10-Jul-12,5.89,5.92,5.66,5.75,171016
9-Jul-12,5.84,5.95,5.75,5.82,259559
6-Jul-12,5.90,6.02,5.79,5.86,182671
5-Jul-12,6.03,6.13,5.97,6.00,270209
3-Jul-12,6.06,6.09,5.93,6.02,368014
2-Jul-12,5.84,6.04,5.74,6.04,299755
29-Jun-12,5.63,5.90,5.54,5.84,253746
28-Jun-12,5.50,5.56,5.34,5.50,130213
27-Jun-12,5.46,5.60,5.38,5.58,160328
26-Jun-12,5.54,5.56,5.38,5.43,155956
25-Jun-12,5.68,5.78,5.51,5.55,168013
22-Jun-12,5.66,5.87,5.51,5.84,587304
21-Jun-12,5.15,6.00,5.01,5.63,1299139
20-Jun-12,4.81,4.83,4.70,4.74,75348
19-Jun-12,4.58,4.86,4.55,4.83,156294
18-Jun-12,4.77,4.79,4.55,4.57,177341
15-Jun-12,4.67,4.85,4.60,4.79,298758
14-Jun-12,4.51,4.71,4.47,4.68,155083
13-Jun-12,4.64,4.71,4.49,4.52,122352
12-Jun-12,4.59,4.66,4.50,4.65,129492
11-Jun-12,4.84,4.84,4.54,4.54,210547
8-Jun-12,4.60,4.77,4.55,4.76,111757
7-Jun-12,4.72,4.73,4.55,4.60,180829
6-Jun-12,4.59,4.64,4.49,4.63,343164
5-Jun-12,4.61,4.69,4.52,4.53,175855
4-Jun-12,4.79,4.82,4.60,4.66,116695
1-Jun-12,4.81,4.83,4.72,4.75,233381
31-May-12,4.85,5.00,4.68,4.98,327608
30-May-12,4.84,4.92,4.80,4.85,158031
29-May-12,4.93,5.01,4.82,4.93,244432
25-May-12,4.81,4.93,4.80,4.88,208769
24-May-12,4.82,4.88,4.61,4.84,165950
23-May-12,4.59,4.80,4.48,4.80,189334
22-May-12,4.85,4.90,4.62,4.66,192512
21-May-12,4.59,4.86,4.56,4.85,241519
18-May-12,4.67,4.69,4.53,4.56,219280
17-May-12,4.92,4.94,4.65,4.67,334386
16-May-12,5.24,5.26,4.92,4.93,464580
15-May-12,5.16,5.21,5.04,5.21,168532
14-May-12,5.12,5.21,5.04,5.15,230483
11-May-12,5.37,5.57,5.16,5.19,223890
10-May-12,5.59,5.67,5.42,5.44,195038
9-May-12,5.39,5.51,5.30,5.50,238964
8-May-12,5.20,5.50,5.16,5.49,395229
7-May-12,5.00,5.30,4.98,5.25,292009
4-May-12,4.99,5.02,4.85,5.01,327855
3-May-12,5.17,5.21,4.98,5.02,246912
2-May-12,5.06,5.20,5.02,5.19,183003
1-May-12,5.14,5.27,5.10,5.10,207921
30-Apr-12,5.37,5.39,5.15,5.16,154026
27-Apr-12,5.33,5.40,5.22,5.40,92200
26-Apr-12,5.29,5.31,5.20,5.29,94050
25-Apr-12,5.34,5.42,5.29,5.32,142750
24-Apr-12,5.16,5.30,5.15,5.24,256957
23-Apr-12,5.24,5.29,5.07,5.15,355690
20-Apr-12,5.51,5.66,5.35,5.35,285690
19-Apr-12,5.53,5.63,5.33,5.40,306815
18-Apr-12,5.52,5.55,5.46,5.51,251163
17-Apr-12,5.51,5.65,5.43,5.58,129109
16-Apr-12,5.47,5.55,5.36,5.43,106369
13-Apr-12,5.56,5.59,5.40,5.42,174672
12-Apr-12,5.31,5.66,5.31,5.61,203855
11-Apr-12,5.25,5.43,5.22,5.31,210850
10-Apr-12,5.32,5.51,5.14,5.17,381744
9-Apr-12,5.49,5.56,5.29,5.31,303423
5-Apr-12,5.53,5.67,5.53,5.64,270839
4-Apr-12,5.59,5.63,5.51,5.55,208853
3-Apr-12,5.86,5.90,5.57,5.67,377700
2-Apr-12,5.54,5.93,5.49,5.90,556017
30-Mar-12,5.57,5.74,5.50,5.56,297827
29-Mar-12,5.44,5.64,5.40,5.55,288479
28-Mar-12,5.45,5.54,5.35,5.49,243136
27-Mar-12,5.51,5.63,5.44,5.45,239483
26-Mar-12,5.43,5.53,5.37,5.50,248436
23-Mar-12,5.38,5.38,5.26,5.34,214160
22-Mar-12,5.41,5.51,5.34,5.38,210466
21-Mar-12,5.60,5.67,5.39,5.49,383473
20-Mar-12,5.66,5.72,5.54,5.55,275066
19-Mar-12,5.90,5.94,5.72,5.73,470811
16-Mar-12,5.50,5.93,5.41,5.89,845192
15-Mar-12,5.72,5.77,5.37,5.53,704953
14-Mar-12,4.55,5.80,4.55,5.78,1631529
13-Mar-12,4.43,4.60,4.41,4.58,262651
12-Mar-12,4.42,4.44,4.34,4.37,75667
9-Mar-12,4.32,4.46,4.29,4.43,135886
8-Mar-12,4.33,4.34,4.25,4.33,120810
7-Mar-12,4.28,4.35,4.25,4.30,153533
6-Mar-12,4.38,4.43,4.27,4.27,248844
5-Mar-12,4.34,4.43,4.33,4.42,197661
2-Mar-12,4.66,4.67,4.33,4.33,303433
1-Mar-12,4.71,4.75,4.63,4.65,324215
29-Feb-12,4.80,4.84,4.70,4.70,314266
28-Feb-12,4.82,4.84,4.73,4.79,204124
27-Feb-12,4.73,4.85,4.70,4.78,258800
24-Feb-12,4.57,4.86,4.57,4.77,375506
23-Feb-12,4.44,4.58,4.40,4.58,154277
22-Feb-12,4.53,4.56,4.44,4.44,145283
21-Feb-12,4.57,4.60,4.47,4.53,107763
17-Feb-12,4.62,4.63,4.52,4.58,114854
16-Feb-12,4.42,4.61,4.42,4.58,170335
15-Feb-12,4.47,4.51,4.39,4.42,167377
14-Feb-12,4.49,4.54,4.40,4.44,109320
13-Feb-12,4.53,4.56,4.45,4.51,189020
10-Feb-12,4.60,4.62,4.46,4.46,115787
9-Feb-12,4.71,4.72,4.64,4.68,103603
8-Feb-12,4.64,4.79,4.61,4.69,153078
7-Feb-12,4.65,4.72,4.61,4.61,186053
6-Feb-12,4.60,4.71,4.57,4.66,131381
3-Feb-12,4.48,4.67,4.47,4.63,286865
2-Feb-12,4.40,4.49,4.34,4.46,281013
1-Feb-12,4.26,4.39,4.24,4.38,787215
31-Jan-12,4.20,4.25,4.12,4.23,231061
30-Jan-12,4.14,4.22,4.13,4.15,164953
27-Jan-12,4.19,4.26,4.12,4.18,169435
26-Jan-12,4.27,4.30,4.15,4.23,230878
25-Jan-12,4.24,4.31,4.20,4.25,326209
24-Jan-12,4.18,4.27,4.10,4.26,216698
23-Jan-12,4.20,4.24,4.12,4.22,96423
20-Jan-12,4.12,4.27,4.11,4.22,307835
19-Jan-12,4.03,4.13,3.96,4.11,483346
18-Jan-12,3.98,4.04,3.95,4.00,598041
17-Jan-12,4.04,4.08,3.95,3.97,481571
13-Jan-12,4.00,4.00,4.00,4.00,0
12-Jan-12,4.13,4.16,4.02,4.12,442451
11-Jan-12,3.78,4.16,3.78,4.13,916400
10-Jan-12,3.93,3.95,3.73,3.75,525857
9-Jan-12,4.05,4.10,3.85,3.88,566699
6-Jan-12,4.14,4.19,4.00,4.02,386896
5-Jan-12,4.08,4.16,4.00,4.16,388348
4-Jan-12,4.21,4.23,4.08,4.09,491572
3-Jan-12,4.34,4.34,4.15,4.26,363568
30-Dec-11,4.15,4.15,4.15,4.15,0
29-Dec-11,4.05,4.19,4.05,4.19,323017
28-Dec-11,4.18,4.19,4.03,4.04,498804
27-Dec-11,4.26,4.26,4.14,4.19,230618
23-Dec-11,4.29,4.29,4.29,4.29,0
22-Dec-11,4.18,4.31,4.11,4.24,325550
21-Dec-11,4.26,4.26,4.10,4.17,423676
20-Dec-11,4.38,4.42,4.17,4.28,569148
19-Dec-11,4.37,4.47,4.23,4.23,589600
16-Dec-11,4.24,4.38,4.20,4.32,1240113
15-Dec-11,4.20,4.26,4.15,4.18,549844
14-Dec-11,4.04,4.13,3.96,4.12,690086
13-Dec-11,4.17,4.23,4.03,4.09,762234
12-Dec-11,4.16,4.19,4.05,4.09,687928
9-Dec-11,4.05,4.20,4.04,4.16,553129
8-Dec-11,4.06,4.12,4.00,4.03,546252
7-Dec-11,4.09,4.15,4.03,4.12,538699
6-Dec-11,4.02,4.14,3.98,4.14,560767
5-Dec-11,3.78,4.00,3.67,4.00,1009944
2-Dec-11,3.73,3.84,3.70,3.81,334398
1-Dec-11,3.72,3.73,3.62,3.66,531742
30-Nov-11,3.93,3.93,3.64,3.69,973758
29-Nov-11,3.69,3.81,3.68,3.74,298235
28-Nov-11,3.67,3.69,3.59,3.68,567303
25-Nov-11,3.59,3.66,3.50,3.50,306477
23-Nov-11,3.62,3.62,3.62,3.62,0
22-Nov-11,3.77,3.81,3.74,3.77,388313
21-Nov-11,3.90,3.90,3.75,3.76,269664
18-Nov-11,3.91,4.00,3.90,3.95,395578
17-Nov-11,3.93,4.00,3.85,3.89,301257
16-Nov-11,3.92,4.12,3.91,3.94,526799
15-Nov-11,3.97,4.05,3.94,3.99,375937
14-Nov-11,4.04,4.07,3.90,4.01,638614
11-Nov-11,4.09,4.10,3.94,4.07,513692
10-Nov-11,4.12,4.12,3.94,4.03,325311
9-Nov-11,4.21,4.25,4.00,4.01,375895
8-Nov-11,4.34,4.42,4.15,4.39,377264
7-Nov-11,4.04,4.35,4.04,4.30,362892
4-Nov-11,4.06,4.15,4.01,4.04,541890
3-Nov-11,4.30,4.30,3.99,4.11,596765
2-Nov-11,4.41,4.49,4.13,4.23,560847
1-Nov-11,4.27,4.63,4.26,4.27,585485
31-Oct-11,4.79,4.95,4.72,4.72,353984
28-Oct-11,5.12,5.21,4.88,4.90,556493
27-Oct-11,4.84,5.18,4.79,4.97,669956
26-Oct-11,4.58,4.66,4.43,4.62,330663
25-Oct-11,4.67,4.75,4.46,4.47,356885
24-Oct-11,4.56,4.74,4.53,4.73,299305
21-Oct-11,4.49,4.60,4.46,4.56,345563
20-Oct-11,4.40,4.45,4.15,4.38,349958
19-Oct-11,4.48,4.59,4.34,4.37,312755
18-Oct-11,4.28,4.55,4.18,4.52,491899
17-Oct-11,4.43,4.46,4.24,4.26,537439
14-Oct-11,4.38,4.53,4.34,4.50,717205
13-Oct-11,4.46,4.50,4.28,4.30,603123
12-Oct-11,4.55,4.62,4.49,4.50,885173
11-Oct-11,4.55,4.62,4.46,4.49,714060
10-Oct-11,4.59,4.66,4.48,4.62,351813
7-Oct-11,4.70,4.73,4.42,4.45,490370
6-Oct-11,4.56,4.76,4.54,4.68,345118
5-Oct-11,4.54,4.68,4.46,4.60,350002
4-Oct-11,3.98,4.58,3.98,4.57,671133
3-Oct-11,4.37,4.54,4.07,4.07,499088
30-Sep-11,4.50,4.63,4.41,4.42,347747
