Date,Open,High,Low,Close,Volume
26-Sep-12,4.08,4.09,3.76,3.85,54051
25-Sep-12,4.13,4.17,4.06,4.08,18742
24-Sep-12,4.05,4.13,4.05,4.10,22063
21-Sep-12,4.19,4.40,4.05,4.05,56979
20-Sep-12,4.30,4.39,4.19,4.20,6226
19-Sep-12,4.29,4.49,4.30,4.40,35521
18-Sep-12,4.00,4.25,4.00,4.21,15642
17-Sep-12,3.75,3.97,3.75,3.94,28454
14-Sep-12,3.86,3.91,3.75,3.78,8914
13-Sep-12,3.90,3.93,3.88,3.89,5200
12-Sep-12,3.87,3.91,3.89,3.91,600
11-Sep-12,3.75,3.91,3.75,3.88,7732
10-Sep-12,3.84,3.87,3.75,3.75,14229
7-Sep-12,3.85,3.90,3.80,3.81,39150
6-Sep-12,3.81,3.83,3.76,3.81,26606
5-Sep-12,3.84,3.86,3.74,3.80,18189
4-Sep-12,3.75,3.85,3.75,3.81,26970
31-Aug-12,3.83,3.86,3.72,3.80,8015
30-Aug-12,3.82,3.84,3.75,3.83,22780
29-Aug-12,3.80,3.88,3.75,3.84,6230
28-Aug-12,3.82,3.88,3.76,3.81,16287
27-Aug-12,3.81,3.84,3.76,3.83,10527
24-Aug-12,3.82,3.82,3.76,3.82,6489
23-Aug-12,3.87,3.90,3.78,3.84,5768
22-Aug-12,3.92,3.92,3.82,3.92,6328
21-Aug-12,3.78,3.96,3.76,3.90,22120
20-Aug-12,3.77,3.98,3.75,3.78,24194
17-Aug-12,3.76,3.84,3.72,3.80,13711
16-Aug-12,3.77,3.82,3.73,3.76,17242
15-Aug-12,3.75,3.75,3.71,3.75,7972
14-Aug-12,3.81,3.82,3.70,3.71,21000
13-Aug-12,3.92,3.92,3.71,3.83,14377
10-Aug-12,3.93,4.00,3.71,3.88,28349
9-Aug-12,4.00,4.10,3.81,3.98,63815
8-Aug-12,3.67,3.99,3.58,3.91,96196
7-Aug-12,3.57,3.94,3.57,3.67,51975
6-Aug-12,3.56,3.66,3.51,3.60,28128
3-Aug-12,3.70,3.82,3.53,3.59,44777
2-Aug-12,3.80,3.96,3.70,3.71,21533
1-Aug-12,3.68,3.98,3.68,3.85,10086
31-Jul-12,3.92,3.94,3.60,3.68,53254
30-Jul-12,3.85,4.00,3.80,3.95,28512
27-Jul-12,3.86,3.95,3.80,3.83,25046
26-Jul-12,3.94,3.99,3.82,3.87,17931
25-Jul-12,4.00,4.00,3.88,3.94,13907
24-Jul-12,3.98,4.00,3.88,3.96,9979
23-Jul-12,3.85,4.00,3.85,3.98,12345
20-Jul-12,3.91,4.00,3.80,3.93,11670
19-Jul-12,3.88,4.00,3.80,3.95,8107
18-Jul-12,3.90,3.95,3.81,3.89,25510
17-Jul-12,3.98,4.09,3.90,3.94,15583
16-Jul-12,4.05,4.06,3.90,4.02,56995
13-Jul-12,4.00,4.12,4.00,4.06,9932
12-Jul-12,4.00,4.12,4.00,4.00,38392
11-Jul-12,4.14,4.14,4.01,4.03,43109
10-Jul-12,4.12,4.19,4.10,4.12,40607
9-Jul-12,4.12,4.25,4.11,4.12,16579
6-Jul-12,4.23,4.28,4.13,4.13,42353
5-Jul-12,4.13,4.25,4.10,4.25,38103
3-Jul-12,4.15,4.24,4.05,4.14,43261
2-Jul-12,4.07,4.17,4.06,4.15,24768
29-Jun-12,4.15,4.18,4.03,4.10,30784
28-Jun-12,4.01,4.15,4.01,4.09,27698
27-Jun-12,4.14,4.17,4.08,4.09,33524
26-Jun-12,4.13,4.18,4.03,4.07,14926
25-Jun-12,4.15,4.17,4.08,4.15,15853
22-Jun-12,4.14,4.18,4.08,4.14,11850
21-Jun-12,4.15,4.20,4.08,4.15,29593
20-Jun-12,4.18,4.23,4.05,4.14,81117
19-Jun-12,4.24,4.32,4.17,4.22,20667
18-Jun-12,4.25,4.28,4.18,4.22,32732
15-Jun-12,4.18,4.27,4.15,4.27,113132
14-Jun-12,4.25,4.25,4.10,4.16,18469
13-Jun-12,4.22,4.28,4.20,4.22,14708
12-Jun-12,4.26,4.29,4.16,4.28,80867
11-Jun-12,4.16,4.30,4.15,4.22,37325
8-Jun-12,4.12,4.18,3.90,4.18,32592
7-Jun-12,4.19,4.19,4.04,4.11,34604
6-Jun-12,4.08,4.12,3.99,4.10,29368
5-Jun-12,3.98,4.17,3.92,4.00,26940
4-Jun-12,4.05,4.22,3.84,4.09,142857
1-Jun-12,3.86,4.18,3.86,4.03,77472
31-May-12,4.05,4.11,3.95,4.01,36676
30-May-12,4.19,4.19,4.00,4.04,24384
29-May-12,3.90,4.35,3.89,4.26,104992
25-May-12,3.86,3.90,3.76,3.82,64840
24-May-12,3.84,3.95,3.75,3.85,71738
23-May-12,3.84,3.92,3.71,3.84,35249
22-May-12,3.85,4.11,3.82,3.90,51514
21-May-12,3.89,4.07,3.80,3.82,112118
18-May-12,3.89,3.97,3.80,3.80,80454
17-May-12,4.13,4.13,3.83,3.92,97920
16-May-12,4.32,4.32,4.02,4.12,27324
15-May-12,4.15,4.44,4.15,4.27,59977
14-May-12,4.29,4.30,4.03,4.14,51272
11-May-12,4.31,4.42,4.23,4.33,45861
10-May-12,4.27,4.42,4.24,4.32,59243
9-May-12,5.20,5.20,4.28,4.29,341950
8-May-12,4.93,5.53,4.93,5.38,149963
7-May-12,5.00,5.21,4.84,4.94,68812
4-May-12,5.01,5.14,5.01,5.06,37205
3-May-12,5.24,5.24,5.02,5.07,52257
2-May-12,5.08,5.38,5.02,5.19,44261
1-May-12,5.39,5.46,5.05,5.13,97802
30-Apr-12,5.65,5.67,5.28,5.35,121746
27-Apr-12,5.70,5.78,5.66,5.71,55564
26-Apr-12,5.57,5.73,5.50,5.66,73016
25-Apr-12,5.79,5.79,5.48,5.54,71466
24-Apr-12,5.83,5.88,5.50,5.66,147845
23-Apr-12,5.90,5.98,5.80,5.87,79065
20-Apr-12,6.22,6.22,5.99,6.01,31044
19-Apr-12,6.17,6.26,5.98,6.10,29409
18-Apr-12,6.14,6.30,5.95,6.14,82044
17-Apr-12,5.95,6.21,5.80,6.15,33602
16-Apr-12,6.26,6.47,5.94,5.94,47375
13-Apr-12,6.56,6.69,6.17,6.27,36701
12-Apr-12,6.08,6.59,6.08,6.55,92306
11-Apr-12,6.16,6.32,5.88,6.04,100472
10-Apr-12,6.55,6.58,6.07,6.16,93046
9-Apr-12,6.72,6.81,6.52,6.59,62280
5-Apr-12,6.75,6.98,6.74,6.85,48258
4-Apr-12,7.08,7.08,6.59,6.81,88116
3-Apr-12,7.00,7.29,6.98,7.18,113975
2-Apr-12,6.92,7.00,6.85,6.99,69102
30-Mar-12,6.91,7.10,6.69,6.84,57901
29-Mar-12,6.47,6.82,6.36,6.77,143744
28-Mar-12,6.64,6.70,6.37,6.44,105219
27-Mar-12,6.93,6.97,6.56,6.60,163593
26-Mar-12,7.31,7.57,6.69,6.87,224629
23-Mar-12,7.57,7.57,6.89,7.27,116491
22-Mar-12,7.10,7.58,7.05,7.41,302221
21-Mar-12,6.56,7.17,6.51,7.00,259846
20-Mar-12,6.60,6.60,6.29,6.47,58166
19-Mar-12,6.54,6.68,6.44,6.57,68472
16-Mar-12,6.58,6.58,6.26,6.49,40686
15-Mar-12,6.75,6.75,6.25,6.44,87928
14-Mar-12,6.48,6.72,6.44,6.62,144883
13-Mar-12,6.31,6.50,6.26,6.50,80748
12-Mar-12,6.22,6.36,6.22,6.28,67906
9-Mar-12,6.23,6.46,6.09,6.31,188685
8-Mar-12,5.89,6.39,5.81,6.31,224580
7-Mar-12,5.60,5.75,5.55,5.75,81183
6-Mar-12,5.83,5.89,5.31,5.57,122805
5-Mar-12,6.00,6.00,5.75,5.83,77890
2-Mar-12,6.20,6.26,6.00,6.03,52624
1-Mar-12,6.53,6.54,5.62,6.03,220163
29-Feb-12,6.46,6.55,6.36,6.45,117336
28-Feb-12,6.35,6.65,6.22,6.46,186394
27-Feb-12,5.33,6.49,5.22,6.21,401573
24-Feb-12,5.28,5.36,5.25,5.33,21844
23-Feb-12,5.35,5.38,5.25,5.26,36572
22-Feb-12,5.07,5.30,5.07,5.24,29027
21-Feb-12,5.02,5.20,5.01,5.08,106589
17-Feb-12,5.07,5.08,5.00,5.02,22428
16-Feb-12,5.09,5.18,5.00,5.04,25452
15-Feb-12,5.03,5.13,4.92,5.04,50900
14-Feb-12,5.14,5.18,4.92,4.98,36811
13-Feb-12,5.27,5.30,5.10,5.18,33431
10-Feb-12,5.08,5.24,5.08,5.20,23835
9-Feb-12,5.32,5.37,5.11,5.12,81402
8-Feb-12,5.21,5.34,5.17,5.30,50037
7-Feb-12,5.10,5.23,5.08,5.17,30961
6-Feb-12,5.15,5.15,5.05,5.09,34791
3-Feb-12,5.08,5.29,5.04,5.15,40173
2-Feb-12,5.01,5.10,5.01,5.03,31193
1-Feb-12,5.02,5.02,5.02,5.02,0
31-Jan-12,5.04,5.12,4.97,4.97,103345
30-Jan-12,5.00,5.08,5.00,5.00,67017
27-Jan-12,5.18,5.19,5.00,5.11,63351
26-Jan-12,5.25,5.29,5.15,5.18,41718
25-Jan-12,5.28,5.32,5.24,5.27,50620
24-Jan-12,5.39,5.39,5.14,5.25,83166
23-Jan-12,5.31,5.47,5.00,5.37,80723
20-Jan-12,5.15,5.23,5.00,5.19,63584
19-Jan-12,5.40,5.41,5.08,5.10,101233
18-Jan-12,5.10,5.35,5.03,5.35,81753
17-Jan-12,5.02,5.14,4.96,5.02,38991
13-Jan-12,5.02,5.02,5.02,5.02,0
12-Jan-12,5.09,5.19,5.01,5.15,34414
11-Jan-12,5.00,5.16,4.90,5.11,53624
10-Jan-12,5.15,5.45,4.91,4.99,277637
9-Jan-12,4.75,5.20,4.55,5.09,247047
6-Jan-12,3.98,4.50,3.92,4.40,124324
5-Jan-12,3.65,3.98,3.65,3.98,123935
4-Jan-12,3.47,3.69,3.47,3.66,67548
3-Jan-12,3.37,3.55,3.32,3.52,40763
30-Dec-11,3.30,3.30,3.30,3.30,0
29-Dec-11,3.39,3.45,3.38,3.42,58112
28-Dec-11,3.44,3.44,3.38,3.42,30339
27-Dec-11,3.56,3.60,3.45,3.45,68697
23-Dec-11,3.58,3.58,3.58,3.58,0
22-Dec-11,3.36,3.62,3.36,3.59,56285
21-Dec-11,3.35,3.39,3.23,3.38,31518
20-Dec-11,3.37,3.44,3.34,3.35,45148
19-Dec-11,3.54,3.54,3.26,3.32,101850
16-Dec-11,3.80,3.80,3.36,3.52,76637
15-Dec-11,3.83,3.98,3.71,3.82,28528
14-Dec-11,4.00,4.03,3.82,3.82,58619
13-Dec-11,4.20,4.23,4.00,4.00,25795
12-Dec-11,4.25,4.29,4.06,4.15,29503
9-Dec-11,4.10,4.30,4.10,4.21,49764
8-Dec-11,4.19,4.59,4.08,4.08,123862
7-Dec-11,3.95,4.32,3.88,4.27,233721
6-Dec-11,3.83,3.92,3.82,3.91,43716
5-Dec-11,3.90,3.92,3.83,3.89,30737
2-Dec-11,3.91,3.92,3.76,3.89,63127
1-Dec-11,3.83,3.92,3.62,3.90,23232
30-Nov-11,3.85,3.85,3.80,3.84,25110
29-Nov-11,3.79,3.87,3.72,3.76,31082
28-Nov-11,3.84,4.03,3.81,3.88,19740
25-Nov-11,3.94,3.95,3.75,3.78,24427
23-Nov-11,3.85,3.85,3.85,3.85,0
22-Nov-11,4.04,4.04,3.92,4.01,27737
21-Nov-11,4.28,4.28,3.92,4.05,73006
18-Nov-11,4.50,4.52,4.33,4.33,61127
17-Nov-11,4.67,4.77,4.50,4.52,65619
16-Nov-11,4.55,4.66,4.51,4.61,24335
15-Nov-11,4.54,4.77,4.50,4.59,44900
14-Nov-11,4.66,4.73,4.56,4.62,46766
11-Nov-11,4.86,4.86,4.67,4.71,49337
10-Nov-11,4.86,4.88,4.73,4.80,30229
9-Nov-11,4.70,4.88,4.70,4.81,82708
8-Nov-11,4.80,5.08,4.75,4.90,234590
7-Nov-11,5.25,5.45,5.25,5.28,59384
4-Nov-11,5.15,5.32,5.12,5.24,25889
3-Nov-11,5.18,5.28,5.14,5.19,9868
2-Nov-11,5.06,5.25,5.06,5.14,26618
1-Nov-11,5.11,5.13,5.00,5.00,77820
31-Oct-11,5.21,5.36,5.15,5.25,33816
28-Oct-11,5.42,5.42,5.42,5.42,0
27-Oct-11,5.38,5.65,5.38,5.51,64206
26-Oct-11,5.50,5.62,5.28,5.35,32063
25-Oct-11,5.06,5.50,5.06,5.44,91688
24-Oct-11,5.12,5.18,5.03,5.15,92574
21-Oct-11,4.99,5.05,4.95,5.03,12259
20-Oct-11,4.99,5.02,4.90,4.94,8781
19-Oct-11,5.09,5.10,4.95,4.98,14544
18-Oct-11,4.93,5.10,4.86,5.09,50280
17-Oct-11,5.03,5.10,4.86,4.87,27222
14-Oct-11,4.99,5.09,4.99,5.04,59185
13-Oct-11,4.86,4.99,4.86,4.92,44858
12-Oct-11,4.85,4.99,4.75,4.86,33847
11-Oct-11,4.93,4.94,4.72,4.84,28014
10-Oct-11,5.00,5.00,4.84,4.90,31386
7-Oct-11,4.97,5.09,4.82,4.84,38023
6-Oct-11,4.74,4.99,4.74,4.99,48115
5-Oct-11,4.76,4.87,4.64,4.76,53336
4-Oct-11,4.50,5.10,4.44,4.78,237424
3-Oct-11,4.68,4.79,4.55,4.55,56601
30-Sep-11,4.74,4.84,4.62,4.72,58606
29-Sep-11,5.11,5.20,4.65,4.86,88467
