Date,Open,High,Low,Close,Volume
27-Sep-12,66.69,67.32,66.37,67.20,182971
26-Sep-12,66.41,66.93,66.00,66.50,262518
25-Sep-12,67.33,67.44,66.48,66.50,291108
24-Sep-12,65.70,67.01,65.52,66.98,320907
21-Sep-12,66.30,67.16,65.49,65.87,307805
20-Sep-12,66.17,67.21,65.22,66.36,89532
19-Sep-12,67.26,67.26,66.58,66.78,55260
18-Sep-12,67.40,67.40,66.76,67.12,107790
17-Sep-12,68.84,68.91,67.35,67.45,78733
14-Sep-12,66.78,69.28,65.87,69.01,114430
13-Sep-12,66.17,66.95,65.72,66.75,118799
12-Sep-12,65.82,66.30,65.45,66.16,59646
11-Sep-12,65.31,65.81,65.25,65.67,43623
10-Sep-12,65.22,65.55,65.22,65.42,70173
7-Sep-12,64.70,65.46,64.64,65.40,186748
6-Sep-12,65.04,65.32,64.38,64.62,281592
5-Sep-12,65.63,65.66,64.25,64.54,312068
4-Sep-12,64.52,65.63,63.94,65.39,271298
31-Aug-12,64.70,64.76,64.02,64.63,139036
30-Aug-12,64.15,64.56,63.95,64.36,115371
29-Aug-12,64.40,64.82,64.26,64.45,240915
28-Aug-12,63.60,64.40,63.46,64.34,160690
27-Aug-12,63.66,64.90,63.24,63.49,146821
24-Aug-12,63.39,63.89,63.30,63.41,104758
23-Aug-12,63.65,64.24,63.44,63.53,242070
22-Aug-12,63.67,64.00,63.14,63.62,295562
21-Aug-12,64.47,64.81,63.50,63.66,309566
20-Aug-12,64.44,64.57,64.19,64.47,150119
17-Aug-12,64.18,64.59,64.00,64.56,147782
16-Aug-12,64.23,64.44,63.89,64.33,139689
15-Aug-12,63.72,64.45,63.66,64.32,221143
14-Aug-12,63.72,64.21,63.38,63.90,206051
13-Aug-12,63.16,63.57,62.80,63.48,283045
10-Aug-12,63.38,63.73,63.17,63.47,145212
9-Aug-12,64.21,64.63,63.61,63.76,151466
8-Aug-12,64.18,64.58,64.06,64.35,163539
7-Aug-12,64.47,64.94,63.39,64.36,293406
6-Aug-12,64.68,64.99,64.15,64.15,187296
3-Aug-12,64.79,64.97,64.20,64.48,260663
2-Aug-12,63.03,64.11,62.91,63.84,338886
1-Aug-12,64.99,65.06,63.79,63.91,310153
31-Jul-12,64.92,64.92,63.95,64.50,399672
30-Jul-12,64.84,65.47,64.65,64.74,448214
27-Jul-12,63.91,65.68,63.34,64.88,497089
26-Jul-12,62.11,63.68,61.97,63.56,385746
25-Jul-12,60.63,61.36,60.14,61.25,326579
24-Jul-12,58.99,61.40,58.99,60.12,651956
23-Jul-12,58.10,58.53,57.79,58.08,307249
20-Jul-12,59.80,59.92,59.22,59.26,158444
19-Jul-12,60.93,61.12,59.91,59.99,195893
18-Jul-12,60.78,61.22,60.58,60.75,185664
17-Jul-12,60.94,61.22,60.06,60.85,228602
16-Jul-12,61.96,62.21,60.62,60.74,215087
13-Jul-12,60.40,62.27,60.25,62.19,276658
12-Jul-12,60.21,60.64,59.85,60.32,161864
11-Jul-12,60.47,60.78,60.25,60.55,393556
10-Jul-12,60.95,61.26,60.11,60.58,260696
9-Jul-12,61.05,61.05,59.91,60.71,147927
6-Jul-12,60.68,61.07,60.43,60.93,134455
5-Jul-12,61.68,61.93,60.96,61.13,348265
3-Jul-12,60.58,61.83,60.55,61.83,107438
2-Jul-12,60.97,61.57,60.24,60.85,289290
29-Jun-12,60.41,61.04,59.90,60.97,395621
28-Jun-12,58.02,59.37,57.40,59.25,303948
27-Jun-12,58.54,58.87,58.10,58.60,400577
26-Jun-12,58.55,58.76,58.06,58.35,461621
25-Jun-12,58.30,59.20,57.74,58.34,624630
22-Jun-12,58.25,59.04,58.24,58.74,5280218
21-Jun-12,60.00,60.19,58.17,58.25,438518
20-Jun-12,59.80,60.08,59.37,59.83,472084
19-Jun-12,59.38,60.53,59.37,59.86,676582
18-Jun-12,60.08,60.40,58.86,59.33,616732
15-Jun-12,59.52,60.59,58.99,60.45,529424
14-Jun-12,59.10,59.78,58.64,59.42,375857
13-Jun-12,60.01,60.84,58.79,59.12,363575
12-Jun-12,60.57,60.74,59.58,59.99,433281
11-Jun-12,60.87,61.05,60.22,60.28,594789
8-Jun-12,59.72,60.64,59.36,60.33,204162
7-Jun-12,59.20,60.87,59.20,59.85,434496
6-Jun-12,58.90,59.30,58.52,58.87,462041
5-Jun-12,58.06,58.88,57.85,58.41,324594
4-Jun-12,58.71,59.26,58.07,58.46,611356
1-Jun-12,59.91,61.17,58.55,58.70,342736
31-May-12,61.64,61.85,60.90,61.41,316102
30-May-12,61.93,62.52,61.73,61.96,271098
29-May-12,62.24,62.80,61.93,62.48,230687
25-May-12,62.37,62.37,61.48,61.89,179839
24-May-12,61.00,62.16,60.34,62.16,267153
23-May-12,60.28,60.96,59.45,60.82,370397
22-May-12,60.75,61.81,60.60,61.01,460317
21-May-12,59.69,60.27,59.08,59.79,258041
18-May-12,60.30,60.84,59.30,59.45,249344
17-May-12,61.40,61.53,60.36,60.44,237443
16-May-12,61.82,62.08,61.25,61.26,181814
15-May-12,62.03,62.76,61.21,61.48,209764
14-May-12,62.83,63.24,62.13,62.18,179817
11-May-12,62.78,63.87,62.09,63.43,176387
10-May-12,63.11,63.74,62.83,63.47,230180
9-May-12,63.06,63.38,62.05,62.63,476543
8-May-12,63.88,64.30,63.46,63.96,271824
7-May-12,63.89,64.77,63.86,64.45,128136
4-May-12,64.39,64.74,63.65,64.19,309769
3-May-12,65.09,65.53,64.31,64.77,282491
2-May-12,65.00,65.40,64.57,65.10,305126
1-May-12,65.42,66.90,65.42,65.62,304948
30-Apr-12,66.59,66.59,65.17,65.69,456584
27-Apr-12,65.74,66.76,65.13,66.56,348587
26-Apr-12,64.31,65.71,64.07,65.71,311461
25-Apr-12,64.54,65.47,64.24,64.52,218181
24-Apr-12,64.85,64.85,62.95,64.03,684848
23-Apr-12,63.18,64.47,63.05,64.38,275896
20-Apr-12,65.27,65.27,64.16,64.21,274525
19-Apr-12,64.25,65.09,63.56,64.01,227565
18-Apr-12,65.00,65.01,63.87,64.18,385432
17-Apr-12,65.03,65.82,64.81,65.21,304496
16-Apr-12,63.96,64.83,63.73,64.32,278094
13-Apr-12,64.13,64.30,63.59,63.84,533676
12-Apr-12,63.95,64.96,63.92,64.61,336103
11-Apr-12,63.37,64.14,63.08,64.11,278279
10-Apr-12,63.09,63.11,62.50,62.72,677119
9-Apr-12,62.19,63.39,62.10,62.90,406108
5-Apr-12,63.21,64.15,63.21,63.65,546316
4-Apr-12,63.51,63.95,63.11,63.55,454050
3-Apr-12,63.78,64.17,62.98,63.86,494249
2-Apr-12,62.79,63.89,62.24,63.62,332876
30-Mar-12,64.23,64.23,62.73,63.04,352333
29-Mar-12,63.58,63.89,62.45,63.64,226205
28-Mar-12,64.16,64.69,63.31,63.99,317525
27-Mar-12,65.10,65.10,64.15,64.19,182589
26-Mar-12,64.10,64.99,63.50,64.97,249849
23-Mar-12,63.51,63.71,62.00,63.34,498423
22-Mar-12,63.36,63.93,62.98,63.55,245442
21-Mar-12,64.79,65.10,63.95,63.95,290255
20-Mar-12,64.64,65.23,64.21,64.62,206107
19-Mar-12,64.51,65.98,63.52,65.21,256411
16-Mar-12,64.61,65.57,63.99,64.43,688814
15-Mar-12,62.97,64.51,62.51,64.28,233792
14-Mar-12,62.88,63.46,61.99,62.72,313406
13-Mar-12,62.19,63.16,61.55,63.16,375177
12-Mar-12,61.72,61.96,61.03,61.59,359743
9-Mar-12,60.32,62.19,60.23,61.51,383728
8-Mar-12,60.10,60.57,59.50,60.37,244876
7-Mar-12,59.14,59.92,58.66,59.43,262987
6-Mar-12,58.56,59.26,58.56,58.88,393237
5-Mar-12,58.90,60.00,58.66,59.56,180851
2-Mar-12,59.73,60.00,58.94,59.14,294988
1-Mar-12,59.69,60.70,59.33,59.85,267366
29-Feb-12,59.62,60.20,59.25,59.36,391596
28-Feb-12,59.97,60.02,59.16,59.57,201648
27-Feb-12,59.18,60.45,58.62,59.83,217079
24-Feb-12,59.33,60.20,58.98,59.88,300481
23-Feb-12,58.58,59.41,57.91,59.35,301654
22-Feb-12,59.78,59.78,58.19,58.41,256459
21-Feb-12,59.54,60.16,58.87,59.72,283972
17-Feb-12,59.79,59.79,59.16,59.46,534713
16-Feb-12,58.62,59.72,58.53,59.48,222718
15-Feb-12,59.01,59.24,58.35,58.55,285721
14-Feb-12,58.44,58.78,58.04,58.69,274590
13-Feb-12,58.32,58.79,57.67,58.65,306601
10-Feb-12,57.39,57.94,56.76,57.65,317660
9-Feb-12,58.71,59.03,57.69,57.94,344301
8-Feb-12,59.19,59.35,58.12,58.61,276405
7-Feb-12,58.12,59.70,58.12,59.09,293387
6-Feb-12,59.24,59.26,58.26,58.46,240806
3-Feb-12,59.26,59.99,59.20,59.54,387781
2-Feb-12,59.00,59.12,58.51,58.67,392748
1-Feb-12,58.49,59.28,58.29,59.09,473491
31-Jan-12,58.67,58.79,57.75,58.15,259511
30-Jan-12,58.00,58.70,58.00,58.17,307402
27-Jan-12,57.75,58.93,57.75,58.39,367030
26-Jan-12,60.09,60.13,57.89,58.18,709866
25-Jan-12,60.04,60.62,59.70,59.91,463759
24-Jan-12,60.90,62.14,58.40,60.04,1150211
23-Jan-12,61.99,62.35,61.45,61.90,695395
20-Jan-12,62.33,62.72,61.94,62.28,367941
19-Jan-12,62.26,62.72,61.75,62.49,184945
18-Jan-12,61.84,62.25,61.60,62.23,206435
17-Jan-12,62.98,63.85,61.62,61.98,278646
13-Jan-12,62.57,62.57,62.57,62.57,0
12-Jan-12,62.53,62.88,61.31,62.42,290204
11-Jan-12,62.77,62.83,62.00,62.37,211358
10-Jan-12,63.55,64.28,62.57,62.82,374965
9-Jan-12,61.64,62.90,61.24,62.75,687997
6-Jan-12,61.20,61.76,60.24,61.35,165657
5-Jan-12,60.44,61.69,59.02,61.09,552404
4-Jan-12,60.27,60.96,59.81,60.24,284862
3-Jan-12,61.58,62.05,60.74,60.87,340186
30-Dec-11,59.99,59.99,59.99,59.99,0
29-Dec-11,60.99,61.41,60.56,60.76,272055
28-Dec-11,60.86,60.86,60.86,60.86,0
27-Dec-11,60.69,61.98,60.46,61.60,238341
23-Dec-11,60.68,60.68,60.68,60.68,0
22-Dec-11,60.20,61.30,59.55,61.21,476843
21-Dec-11,59.28,60.20,58.59,60.04,285984
20-Dec-11,58.71,59.81,57.85,59.61,403443
19-Dec-11,58.45,58.94,57.33,57.52,326774
16-Dec-11,58.16,59.33,57.52,58.06,776257
15-Dec-11,57.82,58.10,57.24,57.74,292339
14-Dec-11,56.33,57.56,56.25,56.81,412448
13-Dec-11,58.43,58.93,56.51,56.92,309989
12-Dec-11,58.05,58.82,57.04,57.86,311448
9-Dec-11,57.29,59.30,57.12,59.10,239239
8-Dec-11,58.11,58.18,56.92,56.95,315579
7-Dec-11,59.04,59.04,57.12,58.46,268396
6-Dec-11,58.95,59.87,58.41,59.36,545798
5-Dec-11,59.55,59.89,58.66,59.05,499543
2-Dec-11,58.30,59.48,57.91,58.64,380406
1-Dec-11,58.38,58.44,57.33,57.45,546800
30-Nov-11,55.94,58.46,55.67,58.43,575050
29-Nov-11,54.42,54.55,53.32,53.57,272749
28-Nov-11,53.30,54.47,53.10,54.41,433986
25-Nov-11,51.66,52.56,51.41,51.54,124409
23-Nov-11,51.88,51.88,51.88,51.88,0
22-Nov-11,53.88,54.14,53.04,53.29,298598
21-Nov-11,54.51,54.59,53.38,53.90,359044
18-Nov-11,55.30,55.87,54.91,55.55,254091
17-Nov-11,56.10,56.75,55.16,55.49,328403
16-Nov-11,56.87,57.27,55.85,56.03,328078
15-Nov-11,55.27,57.62,54.96,57.39,425746
14-Nov-11,57.19,57.78,54.75,55.39,376206
11-Nov-11,56.51,58.08,56.07,57.64,263478
10-Nov-11,56.25,57.13,55.49,55.76,326987
9-Nov-11,56.37,57.11,55.19,55.30,451342
8-Nov-11,58.00,58.31,56.79,58.04,454124
7-Nov-11,57.10,58.00,56.63,57.70,416734
4-Nov-11,57.34,57.62,56.41,57.25,6486761
3-Nov-11,57.56,58.74,55.93,58.07,497856
2-Nov-11,55.22,57.20,55.13,56.90,666543
1-Nov-11,53.74,56.99,53.26,54.85,963717
31-Oct-11,55.66,56.82,55.29,55.71,408373
28-Oct-11,56.91,57.62,56.11,56.54,480424
27-Oct-11,55.20,58.25,54.94,57.46,748011
26-Oct-11,53.37,54.16,52.50,53.72,419441
25-Oct-11,52.98,53.11,50.63,52.28,600135
24-Oct-11,52.35,53.90,52.31,53.45,433234
21-Oct-11,52.28,52.28,52.28,52.28,0
20-Oct-11,49.77,50.74,49.15,50.71,465594
19-Oct-11,49.77,50.48,49.34,49.91,458840
18-Oct-11,48.59,50.00,48.30,49.73,686763
17-Oct-11,50.51,51.15,48.20,48.31,640556
14-Oct-11,51.02,51.02,51.02,51.02,0
13-Oct-11,51.86,52.45,50.31,51.48,200611
12-Oct-11,52.33,53.23,51.75,52.40,300228
11-Oct-11,50.84,51.99,50.57,51.44,330259
10-Oct-11,50.65,51.80,50.12,51.48,440122
7-Oct-11,51.98,51.98,49.40,49.55,257590
6-Oct-11,50.31,52.05,49.48,52.02,323993
5-Oct-11,50.93,50.93,50.93,50.93,0
4-Oct-11,44.07,49.35,44.07,49.31,679681
3-Oct-11,47.59,47.83,44.50,44.73,694701
30-Sep-11,48.41,49.08,47.60,47.72,372308
29-Sep-11,49.27,49.75,47.80,49.27,242555
