Date,Open,High,Low,Close,Volume
26-Sep-12,33.09,33.09,31.83,32.68,34004
25-Sep-12,31.98,33.30,31.84,32.85,153328
24-Sep-12,33.31,33.51,31.09,31.65,111719
21-Sep-12,32.60,33.87,32.60,33.69,19730
20-Sep-12,31.57,33.32,31.57,32.77,20182
19-Sep-12,32.30,32.30,31.75,31.88,10765
18-Sep-12,32.15,32.42,31.85,32.18,11837
17-Sep-12,32.72,32.92,32.28,32.52,19214
14-Sep-12,30.65,32.98,30.65,32.92,32792
13-Sep-12,29.31,30.04,29.31,29.95,24697
12-Sep-12,31.19,31.51,30.41,30.85,6680
11-Sep-12,29.57,32.49,29.57,31.20,109171
10-Sep-12,28.74,30.47,28.71,30.03,28850
7-Sep-12,28.50,29.57,27.21,28.97,51677
6-Sep-12,27.69,28.59,27.28,28.56,102809
5-Sep-12,27.30,27.70,27.15,27.22,31363
4-Sep-12,27.43,27.43,26.51,27.18,60404
31-Aug-12,28.40,28.40,27.21,27.29,45926
30-Aug-12,28.43,28.60,27.50,28.23,34895
29-Aug-12,28.03,28.47,27.72,28.00,27723
28-Aug-12,28.08,28.47,27.66,27.91,123535
27-Aug-12,29.27,29.27,27.16,27.60,170379
24-Aug-12,29.06,29.99,28.68,28.79,354317
23-Aug-12,29.35,31.00,28.59,29.94,789061
22-Aug-12,29.17,31.22,28.75,30.80,588103
21-Aug-12,27.00,27.74,26.83,27.73,204944
20-Aug-12,26.85,27.34,26.55,26.90,146982
17-Aug-12,27.00,27.30,26.72,26.73,287941
16-Aug-12,26.28,27.34,26.25,27.04,375994
15-Aug-12,26.98,27.25,26.02,26.17,108302
14-Aug-12,29.63,29.98,26.12,26.83,421999
13-Aug-12,28.90,30.15,28.90,29.37,92733
10-Aug-12,31.10,31.20,29.50,29.80,142198
9-Aug-12,30.21,31.45,30.20,31.08,57645
8-Aug-12,31.45,31.45,30.08,30.49,92176
7-Aug-12,32.70,32.70,31.78,32.19,55298
6-Aug-12,31.50,33.11,31.50,32.68,85869
3-Aug-12,31.96,32.97,31.32,31.38,63618
2-Aug-12,33.79,33.79,31.04,31.56,109882
1-Aug-12,33.23,34.00,33.23,33.91,63631
31-Jul-12,34.49,34.50,33.27,33.56,59887
30-Jul-12,33.50,35.35,32.52,33.56,164092
27-Jul-12,32.94,34.00,32.55,33.05,275008
26-Jul-12,33.20,33.27,32.20,32.51,150274
25-Jul-12,32.00,32.99,30.74,32.16,250108
24-Jul-12,32.35,33.79,30.18,32.65,641904
23-Jul-12,33.06,33.06,31.50,31.55,779344
