Date,Open,High,Low,Close,Volume
27-Sep-12,24.48,24.62,24.29,24.45,64147
26-Sep-12,24.46,24.48,24.26,24.40,36373
25-Sep-12,24.44,24.51,24.21,24.43,49755
24-Sep-12,24.58,24.59,24.38,24.38,62224
21-Sep-12,24.65,24.67,24.40,24.63,35082
20-Sep-12,24.49,24.68,24.41,24.68,46535
19-Sep-12,24.61,24.61,24.35,24.49,28648
18-Sep-12,24.26,24.73,24.23,24.54,29571
17-Sep-12,24.39,24.39,24.18,24.22,28412
14-Sep-12,24.54,24.55,24.11,24.40,30034
13-Sep-12,24.50,24.60,24.15,24.45,57866
12-Sep-12,24.63,24.97,24.55,24.80,63157
11-Sep-12,24.60,24.62,24.40,24.58,38536
10-Sep-12,24.33,24.50,24.28,24.33,20598
7-Sep-12,24.46,24.62,24.10,24.39,28606
6-Sep-12,24.50,24.50,24.32,24.47,18573
5-Sep-12,24.44,24.44,24.08,24.40,18515
4-Sep-12,24.38,24.49,23.95,24.41,39070
31-Aug-12,24.14,24.46,24.14,24.46,101221
30-Aug-12,23.89,24.40,23.80,24.26,116218
29-Aug-12,23.70,23.89,23.60,23.89,33401
28-Aug-12,23.70,23.79,23.54,23.75,43202
27-Aug-12,23.74,23.74,23.52,23.58,25506
24-Aug-12,23.76,23.88,23.35,23.65,79678
23-Aug-12,23.89,23.90,23.79,23.90,27643
22-Aug-12,23.82,23.90,23.50,23.88,41298
21-Aug-12,24.02,24.15,23.83,23.90,40889
20-Aug-12,24.18,24.30,24.06,24.09,36153
17-Aug-12,24.17,24.17,23.93,24.05,7295
16-Aug-12,24.19,24.19,24.08,24.15,7186
15-Aug-12,24.23,24.26,24.15,24.26,22425
14-Aug-12,24.25,24.25,24.06,24.25,11445
13-Aug-12,24.36,24.36,24.10,24.15,3180
10-Aug-12,24.16,24.22,24.09,24.22,2863
9-Aug-12,24.19,24.23,24.05,24.15,3366
8-Aug-12,24.12,24.14,24.09,24.14,3839
7-Aug-12,24.40,24.40,24.06,24.11,6397
6-Aug-12,24.40,24.44,24.30,24.43,5606
3-Aug-12,24.20,24.40,24.13,24.40,11282
2-Aug-12,23.94,24.20,23.83,24.20,35575
1-Aug-12,24.10,24.10,24.10,24.10,0
31-Jul-12,24.00,24.20,23.80,24.10,39533
30-Jul-12,23.66,24.00,23.55,24.00,32049
27-Jul-12,23.43,23.83,23.36,23.68,23044
26-Jul-12,23.49,23.99,23.26,23.45,62776
25-Jul-12,23.55,23.55,23.31,23.50,24944
24-Jul-12,23.59,23.59,23.20,23.40,21561
23-Jul-12,23.58,23.59,23.32,23.49,51097
20-Jul-12,23.94,23.95,23.53,23.80,24573
19-Jul-12,23.89,24.00,23.63,23.85,26234
18-Jul-12,23.81,23.96,23.60,23.96,21866
17-Jul-12,23.96,23.96,23.36,23.70,53137
16-Jul-12,23.70,23.84,23.51,23.69,23113
13-Jul-12,23.84,24.03,23.54,23.69,37794
12-Jul-12,23.69,23.88,23.50,23.80,28182
11-Jul-12,23.97,24.05,23.56,23.81,31359
10-Jul-12,23.83,24.19,23.57,23.91,24257
9-Jul-12,23.48,24.46,23.47,23.89,51943
6-Jul-12,23.40,23.67,23.36,23.59,13491
5-Jul-12,23.50,23.57,23.42,23.49,22480
3-Jul-12,23.44,23.50,23.34,23.38,15953
2-Jul-12,23.17,23.35,23.15,23.28,23001
29-Jun-12,23.10,23.31,22.98,23.14,34704
28-Jun-12,22.79,22.98,22.56,22.87,43925
27-Jun-12,22.46,22.93,22.46,22.88,43992
26-Jun-12,22.68,22.83,22.30,22.54,51924
25-Jun-12,22.93,23.00,22.41,22.51,46583
22-Jun-12,23.15,23.33,22.89,22.94,75132
21-Jun-12,23.08,23.20,22.80,23.01,52248
20-Jun-12,23.04,23.04,22.77,23.04,40482
19-Jun-12,22.82,23.08,22.69,22.96,34785
18-Jun-12,22.50,22.67,22.43,22.66,29164
15-Jun-12,22.62,22.69,22.33,22.50,66714
14-Jun-12,23.02,23.02,22.36,22.65,66606
13-Jun-12,23.58,23.59,22.96,23.14,42637
12-Jun-12,23.61,23.65,23.35,23.56,40993
11-Jun-12,23.35,23.51,23.30,23.42,12470
8-Jun-12,23.40,23.45,22.96,23.20,21923
7-Jun-12,22.97,23.27,22.87,22.96,27485
6-Jun-12,22.74,23.00,22.63,22.90,38425
5-Jun-12,22.42,22.58,22.31,22.47,23037
4-Jun-12,22.47,22.63,22.20,22.38,36564
1-Jun-12,22.33,22.57,22.32,22.46,49520
31-May-12,22.51,22.60,22.32,22.60,36873
30-May-12,22.51,22.73,22.34,22.64,36774
29-May-12,22.50,22.70,22.47,22.51,19426
25-May-12,22.51,22.62,22.20,22.29,38762
24-May-12,22.39,22.80,22.31,22.46,53196
23-May-12,22.51,22.51,22.28,22.29,65822
22-May-12,22.46,22.62,22.10,22.46,60331
21-May-12,22.41,22.79,22.03,22.32,39113
18-May-12,22.50,22.79,22.00,22.25,58614
17-May-12,23.40,23.40,22.18,22.27,68827
16-May-12,23.37,23.44,23.28,23.35,34071
15-May-12,23.62,23.66,23.23,23.37,43392
14-May-12,23.93,23.93,23.60,23.68,41470
11-May-12,24.30,24.48,23.85,24.07,65547
10-May-12,24.46,24.70,23.99,24.14,34035
9-May-12,24.48,24.56,24.21,24.46,38321
8-May-12,24.51,24.61,24.10,24.59,43271
7-May-12,24.10,24.58,24.10,24.56,31631
4-May-12,24.46,24.55,24.22,24.28,53116
3-May-12,24.35,24.48,24.29,24.42,39278
2-May-12,24.40,24.45,24.28,24.33,32490
1-May-12,24.48,24.62,24.33,24.39,32299
30-Apr-12,24.54,24.71,24.35,24.36,57176
27-Apr-12,24.14,24.40,23.94,24.40,34709
26-Apr-12,23.74,24.16,23.72,24.05,46524
25-Apr-12,23.79,23.88,23.68,23.75,60951
24-Apr-12,24.13,24.13,23.67,23.74,73998
23-Apr-12,23.90,24.05,23.79,23.97,40879
20-Apr-12,23.99,24.19,23.79,23.81,70471
19-Apr-12,23.82,23.98,23.80,23.83,45209
18-Apr-12,23.80,23.87,23.65,23.74,49291
17-Apr-12,24.15,24.15,23.86,23.97,43383
16-Apr-12,24.23,24.29,23.90,24.10,54428
13-Apr-12,24.28,24.34,24.00,24.12,36245
12-Apr-12,24.10,24.37,23.95,24.28,28248
11-Apr-12,24.19,24.33,23.97,23.97,39731
10-Apr-12,24.35,24.35,23.85,24.15,40666
9-Apr-12,24.50,24.50,23.99,24.15,29514
5-Apr-12,24.25,24.39,23.87,23.98,37191
4-Apr-12,24.07,24.18,23.87,23.98,44250
3-Apr-12,24.46,24.46,24.05,24.20,53525
2-Apr-12,24.60,24.60,24.35,24.50,42991
30-Mar-12,24.89,24.89,24.43,24.59,26672
29-Mar-12,24.60,24.79,24.49,24.70,64857
28-Mar-12,24.40,24.70,24.32,24.55,61019
27-Mar-12,24.55,24.58,24.02,24.34,70513
26-Mar-12,24.60,24.85,24.08,24.55,36719
23-Mar-12,24.00,24.53,23.87,24.48,47413
22-Mar-12,23.86,23.97,23.60,23.96,58006
21-Mar-12,23.90,24.05,23.60,23.83,106240
20-Mar-12,23.90,23.90,23.56,23.76,54367
19-Mar-12,23.90,23.90,23.67,23.84,30307
16-Mar-12,24.21,24.21,23.77,23.85,58531
15-Mar-12,24.06,24.08,23.78,24.06,33440
14-Mar-12,24.32,24.32,23.85,23.99,47966
13-Mar-12,23.75,24.20,23.75,24.20,75196
12-Mar-12,24.17,24.17,23.55,23.79,122958
9-Mar-12,24.28,24.32,23.95,24.08,56313
8-Mar-12,24.20,24.33,24.04,24.09,68203
7-Mar-12,23.69,24.09,23.69,24.04,112972
6-Mar-12,24.41,24.43,23.80,24.05,69041
5-Mar-12,24.50,24.62,24.10,24.35,93913
2-Mar-12,24.77,24.79,24.33,24.48,60671
1-Mar-12,24.90,25.00,24.60,24.77,75671
29-Feb-12,24.70,24.92,24.69,24.80,57533
28-Feb-12,24.56,24.88,24.46,24.82,52598
27-Feb-12,24.63,24.64,24.35,24.53,94815
24-Feb-12,24.88,24.88,24.42,24.63,97441
23-Feb-12,24.39,24.89,24.39,24.78,145903
22-Feb-12,24.35,24.59,24.26,24.32,142486
21-Feb-12,24.94,24.98,24.21,24.47,82757
17-Feb-12,24.94,24.98,24.70,24.90,52803
16-Feb-12,24.66,24.87,24.45,24.87,114053
15-Feb-12,24.72,24.80,24.46,24.66,69393
14-Feb-12,24.50,24.69,24.32,24.55,55258
13-Feb-12,24.65,24.73,24.28,24.62,49361
10-Feb-12,24.39,24.74,24.39,24.61,61132
9-Feb-12,24.30,24.55,24.01,24.52,68519
8-Feb-12,24.54,24.57,24.30,24.32,35221
7-Feb-12,24.17,24.62,24.10,24.49,30553
6-Feb-12,24.40,24.43,24.22,24.31,35249
3-Feb-12,24.64,24.64,23.87,24.37,51855
2-Feb-12,24.30,24.71,24.10,24.33,55895
1-Feb-12,24.15,24.48,24.10,24.39,59795
31-Jan-12,24.15,24.27,23.91,24.11,64054
30-Jan-12,24.16,24.25,23.62,23.92,71731
27-Jan-12,24.00,24.35,23.94,24.10,40347
26-Jan-12,23.64,24.00,23.56,24.00,71830
25-Jan-12,23.12,23.71,22.59,23.37,45735
24-Jan-12,23.31,23.70,23.23,23.28,63391
23-Jan-12,22.84,23.32,22.84,23.29,45264
20-Jan-12,22.99,23.48,22.76,23.04,58398
19-Jan-12,23.07,23.60,22.66,22.90,74122
18-Jan-12,22.72,23.07,22.50,23.07,30684
17-Jan-12,22.92,22.92,22.41,22.76,31687
13-Jan-12,22.78,22.78,22.78,22.78,0
12-Jan-12,22.45,22.74,22.27,22.74,39025
11-Jan-12,22.74,22.82,22.27,22.51,44358
10-Jan-12,22.28,22.91,22.03,22.91,55651
9-Jan-12,22.34,22.53,22.21,22.39,27948
6-Jan-12,22.17,22.32,22.07,22.22,46599
5-Jan-12,21.89,22.33,21.73,21.97,44487
4-Jan-12,21.70,22.09,21.50,21.91,31400
3-Jan-12,21.28,21.63,21.21,21.63,68903
30-Dec-11,20.88,20.88,20.88,20.88,0
29-Dec-11,20.65,21.00,20.62,20.74,100755
28-Dec-11,21.20,21.20,20.60,20.70,93893
27-Dec-11,21.23,21.32,21.08,21.08,63147
23-Dec-11,21.12,21.12,21.12,21.12,0
22-Dec-11,21.30,21.46,20.70,21.12,120834
21-Dec-11,21.82,22.04,21.20,21.30,97803
20-Dec-11,22.22,22.22,21.81,21.88,104442
19-Dec-11,22.21,22.36,22.20,22.21,60822
16-Dec-11,22.37,22.40,22.20,22.21,78672
15-Dec-11,22.76,22.76,22.24,22.28,47250
14-Dec-11,22.64,22.95,22.60,22.70,31665
13-Dec-11,22.92,23.14,22.38,22.61,51862
12-Dec-11,22.67,23.03,22.64,22.98,52925
9-Dec-11,23.07,23.15,23.00,23.00,34822
8-Dec-11,22.62,23.10,22.52,23.00,36092
7-Dec-11,22.77,22.79,22.54,22.61,59843
6-Dec-11,22.73,22.79,22.57,22.66,45924
5-Dec-11,22.46,22.80,22.46,22.60,61725
2-Dec-11,22.44,22.80,22.44,22.65,28598
1-Dec-11,22.50,22.53,22.23,22.47,270767
30-Nov-11,22.80,22.80,22.30,22.38,85630
29-Nov-11,22.54,22.74,22.38,22.50,51823
28-Nov-11,22.80,22.80,22.02,22.39,26674
25-Nov-11,22.62,22.80,22.25,22.33,18681
23-Nov-11,22.49,22.49,22.49,22.49,0
22-Nov-11,23.13,23.18,22.77,22.80,50842
21-Nov-11,23.48,23.49,22.89,23.18,50287
18-Nov-11,23.80,23.91,23.38,23.61,26646
17-Nov-11,23.56,23.60,23.34,23.36,39673
16-Nov-11,23.63,23.63,23.50,23.63,22133
15-Nov-11,23.27,23.63,23.02,23.57,36035
14-Nov-11,23.10,23.60,23.10,23.48,32917
11-Nov-11,23.11,23.25,22.56,23.07,28255
10-Nov-11,22.80,23.19,22.60,23.05,34233
9-Nov-11,23.09,23.09,22.40,22.40,46203
8-Nov-11,23.70,23.70,23.02,23.09,66690
7-Nov-11,24.35,24.35,23.45,23.59,41289
4-Nov-11,24.00,24.25,23.78,24.25,21204
3-Nov-11,23.80,24.19,23.51,24.00,17773
2-Nov-11,24.01,24.34,23.46,23.51,24221
1-Nov-11,23.95,24.10,23.56,23.82,41447
31-Oct-11,24.13,24.31,23.76,23.95,37808
28-Oct-11,23.74,23.97,23.51,23.89,24058
27-Oct-11,24.46,24.46,23.47,23.51,51286
26-Oct-11,23.40,24.06,22.80,24.06,44905
25-Oct-11,23.10,23.37,22.88,23.18,49984
24-Oct-11,22.86,23.10,22.65,22.94,30847
21-Oct-11,22.87,22.87,22.49,22.73,23126
20-Oct-11,22.50,22.75,22.21,22.75,28573
19-Oct-11,23.01,23.10,22.10,22.25,39541
18-Oct-11,22.82,23.39,22.52,23.01,52426
17-Oct-11,22.86,23.22,22.57,22.60,22110
14-Oct-11,23.48,23.59,22.95,23.21,32516
13-Oct-11,22.84,23.29,22.61,22.97,42225
12-Oct-11,23.60,23.90,23.00,23.04,35493
11-Oct-11,22.86,23.28,22.86,23.02,24890
10-Oct-11,22.57,23.42,21.69,23.20,36362
7-Oct-11,22.59,22.59,21.98,22.20,18558
6-Oct-11,22.01,22.40,21.85,22.23,46587
5-Oct-11,21.85,22.42,21.46,22.24,35230
4-Oct-11,22.25,22.25,20.54,21.66,52794
3-Oct-11,22.46,22.46,21.72,21.98,36245
30-Sep-11,22.88,22.88,22.02,22.38,35735
