Date,Open,High,Low,Close,Volume
26-Sep-12,2.52,2.58,2.31,2.53,2081255
25-Sep-12,2.73,2.75,2.51,2.53,1716128
24-Sep-12,2.65,2.79,2.58,2.68,1391054
21-Sep-12,2.81,2.84,2.52,2.62,517453
20-Sep-12,2.53,2.80,2.47,2.76,566066
19-Sep-12,2.25,2.51,2.21,2.44,291594
18-Sep-12,2.25,2.26,2.18,2.21,127658
17-Sep-12,2.15,2.28,2.15,2.22,203131
14-Sep-12,2.09,2.15,2.08,2.12,85391
13-Sep-12,2.10,2.10,2.02,2.09,73103
12-Sep-12,2.10,2.13,2.00,2.10,169099
11-Sep-12,2.08,2.20,2.04,2.05,319768
10-Sep-12,1.94,2.09,1.94,2.05,328896
7-Sep-12,1.73,1.92,1.73,1.92,1505937
6-Sep-12,1.85,1.85,1.74,1.75,644825
5-Sep-12,1.80,1.86,1.73,1.82,1669010
4-Sep-12,1.79,1.84,1.71,1.75,571483
31-Aug-12,1.79,1.81,1.76,1.78,364922
30-Aug-12,1.75,1.79,1.75,1.79,222651
29-Aug-12,1.79,1.80,1.76,1.78,294753
28-Aug-12,1.82,1.82,1.77,1.80,479939
27-Aug-12,1.80,1.83,1.78,1.81,549126
24-Aug-12,1.85,1.85,1.79,1.80,542935
23-Aug-12,1.79,1.84,1.77,1.79,400877
22-Aug-12,1.76,1.85,1.75,1.77,757988
21-Aug-12,1.77,1.81,1.75,1.77,687108
20-Aug-12,1.70,1.80,1.70,1.74,633092
17-Aug-12,1.62,1.70,1.57,1.69,236818
16-Aug-12,1.61,1.66,1.60,1.66,215932
15-Aug-12,1.67,1.70,1.54,1.63,304297
14-Aug-12,1.71,1.75,1.69,1.70,287596
13-Aug-12,1.60,1.73,1.60,1.71,716490
10-Aug-12,1.51,1.60,1.51,1.59,258054
9-Aug-12,1.52,1.55,1.50,1.51,210083
8-Aug-12,1.51,1.56,1.50,1.50,228674
7-Aug-12,1.56,1.57,1.52,1.52,123543
6-Aug-12,1.52,1.58,1.52,1.57,78702
3-Aug-12,1.56,1.60,1.51,1.51,288622
2-Aug-12,1.54,1.62,1.51,1.57,227911
1-Aug-12,1.61,1.61,1.51,1.53,310999
31-Jul-12,1.67,1.67,1.58,1.61,258479
30-Jul-12,1.62,1.67,1.62,1.65,399804
27-Jul-12,1.57,1.63,1.56,1.60,192279
26-Jul-12,1.58,1.58,1.54,1.55,114886
25-Jul-12,1.59,1.59,1.54,1.55,178923
24-Jul-12,1.53,1.69,1.52,1.57,1304375
23-Jul-12,1.50,1.58,1.42,1.53,334695
20-Jul-12,1.58,1.58,1.50,1.56,326743
19-Jul-12,1.59,1.61,1.52,1.59,298157
18-Jul-12,1.62,1.63,1.58,1.58,265005
17-Jul-12,1.57,1.63,1.55,1.61,309701
16-Jul-12,1.55,1.62,1.52,1.57,348809
13-Jul-12,1.68,1.74,1.50,1.62,1526311
12-Jul-12,1.76,1.77,1.71,1.77,238058
11-Jul-12,1.86,1.86,1.74,1.75,466714
10-Jul-12,1.89,1.94,1.83,1.84,246722
9-Jul-12,1.94,1.96,1.84,1.88,767888
6-Jul-12,1.87,1.89,1.77,1.83,466824
5-Jul-12,1.87,1.92,1.85,1.87,454157
3-Jul-12,1.85,1.93,1.82,1.86,650963
2-Jul-12,1.75,1.85,1.71,1.81,539176
29-Jun-12,1.85,1.87,1.75,1.76,750051
28-Jun-12,1.65,1.81,1.62,1.78,1575046
27-Jun-12,1.54,1.65,1.53,1.62,422074
26-Jun-12,1.53,1.58,1.51,1.55,326821
25-Jun-12,1.50,1.53,1.48,1.51,193475
22-Jun-12,1.53,1.57,1.48,1.50,394726
21-Jun-12,1.59,1.59,1.44,1.46,621218
20-Jun-12,1.58,1.60,1.53,1.60,281766
19-Jun-12,1.53,1.60,1.50,1.53,350028
18-Jun-12,1.48,1.54,1.48,1.53,224239
15-Jun-12,1.42,1.56,1.42,1.49,636877
14-Jun-12,1.36,1.41,1.36,1.39,146520
13-Jun-12,1.35,1.42,1.34,1.38,165140
12-Jun-12,1.34,1.38,1.34,1.35,111273
11-Jun-12,1.36,1.40,1.34,1.38,192995
8-Jun-12,1.33,1.38,1.32,1.36,75600
7-Jun-12,1.34,1.34,1.32,1.33,131361
6-Jun-12,1.30,1.35,1.30,1.34,145408
5-Jun-12,1.33,1.39,1.30,1.30,269371
4-Jun-12,1.33,1.34,1.30,1.33,106340
1-Jun-12,1.35,1.37,1.30,1.31,395102
31-May-12,1.42,1.42,1.37,1.38,146178
30-May-12,1.40,1.42,1.39,1.41,117862
29-May-12,1.46,1.46,1.39,1.41,238810
25-May-12,1.40,1.46,1.38,1.46,179158
24-May-12,1.48,1.50,1.37,1.37,216915
23-May-12,1.39,1.47,1.36,1.45,315838
22-May-12,1.39,1.46,1.36,1.39,382928
21-May-12,1.42,1.47,1.39,1.39,295205
18-May-12,1.51,1.51,1.36,1.42,554358
17-May-12,1.55,1.55,1.48,1.50,385206
16-May-12,1.58,1.64,1.52,1.56,282108
15-May-12,1.60,1.67,1.56,1.58,392544
14-May-12,1.52,1.63,1.50,1.59,356000
11-May-12,1.49,1.55,1.49,1.52,134960
10-May-12,1.48,1.54,1.47,1.50,91538
9-May-12,1.50,1.54,1.45,1.50,172255
8-May-12,1.49,1.54,1.45,1.54,209077
7-May-12,1.50,1.51,1.47,1.50,246687
4-May-12,1.54,1.54,1.49,1.50,874095
3-May-12,1.59,1.59,1.55,1.55,125814
2-May-12,1.53,1.59,1.52,1.57,157521
1-May-12,1.51,1.58,1.50,1.56,190559
30-Apr-12,1.55,1.59,1.50,1.50,298056
27-Apr-12,1.44,1.54,1.43,1.51,159437
26-Apr-12,1.29,1.48,1.29,1.45,670059
25-Apr-12,1.50,1.57,1.47,1.49,380358
24-Apr-12,1.45,1.59,1.40,1.46,508980
23-Apr-12,1.45,1.48,1.44,1.46,189410
20-Apr-12,1.48,1.51,1.48,1.48,196923
19-Apr-12,1.50,1.54,1.47,1.48,245153
18-Apr-12,1.50,1.54,1.49,1.50,189565
17-Apr-12,1.55,1.62,1.50,1.50,259384
16-Apr-12,1.58,1.62,1.52,1.55,160202
13-Apr-12,1.60,1.65,1.54,1.54,331408
12-Apr-12,1.62,1.67,1.57,1.64,193679
11-Apr-12,1.59,1.66,1.50,1.64,576125
10-Apr-12,1.72,1.78,1.55,1.58,602421
9-Apr-12,1.75,1.76,1.64,1.72,499160
5-Apr-12,1.89,1.90,1.76,1.82,835872
4-Apr-12,1.93,2.00,1.88,1.89,1008740
3-Apr-12,2.09,2.09,1.91,2.03,836834
2-Apr-12,2.08,2.19,2.08,2.11,529607
30-Mar-12,2.16,2.23,2.12,2.15,979104
29-Mar-12,2.15,2.19,2.10,2.13,362058
28-Mar-12,2.21,2.23,2.13,2.18,355078
27-Mar-12,2.18,2.23,2.15,2.20,483409
26-Mar-12,2.23,2.25,2.08,2.14,794214
23-Mar-12,2.27,2.27,2.16,2.18,625416
22-Mar-12,2.26,2.30,2.21,2.27,1168664
21-Mar-12,2.10,2.27,2.10,2.25,1521142
20-Mar-12,1.86,2.22,1.86,2.07,2840118
19-Mar-12,1.86,1.92,1.85,1.87,403336
16-Mar-12,1.92,1.95,1.83,1.87,538722
15-Mar-12,2.00,2.00,1.88,1.92,479553
14-Mar-12,2.01,2.03,1.87,1.99,1317873
13-Mar-12,1.75,2.06,1.71,2.04,3357847
12-Mar-12,1.60,1.72,1.60,1.71,708503
9-Mar-12,1.59,1.65,1.59,1.60,169733
8-Mar-12,1.58,1.61,1.52,1.60,257307
7-Mar-12,1.48,1.58,1.48,1.57,191985
6-Mar-12,1.52,1.57,1.44,1.48,395541
5-Mar-12,1.60,1.60,1.52,1.56,236212
2-Mar-12,1.65,1.67,1.58,1.59,189383
1-Mar-12,1.68,1.69,1.65,1.65,90902
29-Feb-12,1.74,1.74,1.67,1.67,157046
28-Feb-12,1.78,1.79,1.70,1.70,145026
27-Feb-12,1.78,1.79,1.74,1.76,98688
24-Feb-12,1.75,1.85,1.70,1.76,151880
23-Feb-12,1.69,1.75,1.66,1.73,206907
22-Feb-12,1.72,1.75,1.60,1.65,1198064
21-Feb-12,1.78,1.79,1.72,1.72,216259
17-Feb-12,1.86,1.86,1.78,1.79,122490
16-Feb-12,1.87,1.87,1.79,1.83,212293
15-Feb-12,1.85,1.87,1.80,1.85,237995
14-Feb-12,1.87,1.88,1.82,1.85,326223
13-Feb-12,1.80,1.88,1.78,1.87,373988
10-Feb-12,1.78,1.81,1.77,1.80,429219
9-Feb-12,1.80,1.80,1.80,1.80,0
8-Feb-12,1.80,1.81,1.67,1.77,553625
7-Feb-12,1.85,1.87,1.72,1.78,338490
6-Feb-12,1.79,1.84,1.76,1.83,546398
3-Feb-12,1.76,1.76,1.76,1.76,0
2-Feb-12,1.60,1.75,1.59,1.74,807560
1-Feb-12,1.54,1.63,1.46,1.60,520675
31-Jan-12,1.55,1.62,1.50,1.51,228075
30-Jan-12,1.62,1.63,1.51,1.53,406881
27-Jan-12,1.57,1.63,1.53,1.60,258767
26-Jan-12,1.60,1.63,1.51,1.53,559483
25-Jan-12,1.58,1.58,1.58,1.58,0
24-Jan-12,1.43,1.45,1.40,1.44,133733
23-Jan-12,1.43,1.43,1.43,1.43,0
20-Jan-12,1.42,1.56,1.41,1.48,442955
19-Jan-12,1.56,1.62,1.40,1.40,973285
18-Jan-12,1.27,1.56,1.27,1.54,1353021
17-Jan-12,1.28,1.32,1.24,1.27,267252
13-Jan-12,1.26,1.26,1.26,1.26,0
12-Jan-12,1.32,1.35,1.30,1.32,240726
11-Jan-12,1.29,1.34,1.26,1.31,209804
10-Jan-12,1.21,1.32,1.20,1.28,462526
9-Jan-12,1.15,1.25,1.15,1.19,284579
6-Jan-12,1.11,1.18,1.11,1.15,83760
5-Jan-12,1.09,1.10,1.07,1.10,105398
4-Jan-12,1.12,1.12,1.08,1.09,58436
3-Jan-12,1.10,1.15,1.06,1.11,301816
30-Dec-11,1.08,1.08,1.08,1.08,0
29-Dec-11,1.09,1.15,1.09,1.12,116998
28-Dec-11,1.15,1.15,1.05,1.10,265679
27-Dec-11,1.23,1.23,1.15,1.15,215837
23-Dec-11,1.24,1.24,1.24,1.24,0
22-Dec-11,1.25,1.35,1.15,1.32,320629
21-Dec-11,1.32,1.32,1.25,1.26,139407
20-Dec-11,1.13,1.32,1.12,1.32,763838
19-Dec-11,1.05,1.14,1.05,1.11,271568
16-Dec-11,1.03,1.07,1.01,1.05,145841
15-Dec-11,1.01,1.04,0.99,1.04,187755
14-Dec-11,1.00,1.02,0.98,1.01,389032
13-Dec-11,1.05,1.06,1.00,1.01,101463
12-Dec-11,1.03,1.05,1.02,1.03,47811
9-Dec-11,1.01,1.07,1.01,1.05,123489
8-Dec-11,1.00,1.08,1.00,1.01,50529
7-Dec-11,1.05,1.11,1.03,1.05,98585
6-Dec-11,1.02,1.07,1.02,1.04,87346
5-Dec-11,1.00,1.05,0.96,1.01,77682
2-Dec-11,0.94,0.99,0.94,0.98,162076
1-Dec-11,0.98,1.00,0.93,0.95,108536
30-Nov-11,0.99,1.03,0.97,0.98,184219
29-Nov-11,0.97,0.98,0.97,0.97,53962
28-Nov-11,1.01,1.03,0.96,0.97,93959
25-Nov-11,1.00,1.01,0.99,0.99,43831
23-Nov-11,1.00,1.00,1.00,1.00,0
22-Nov-11,1.04,1.04,1.01,1.02,70989
21-Nov-11,1.03,1.03,1.03,1.03,0
18-Nov-11,1.05,1.08,1.02,1.06,59847
17-Nov-11,1.08,1.10,1.01,1.03,226897
16-Nov-11,1.07,1.10,1.07,1.07,76314
15-Nov-11,1.07,1.07,1.07,1.07,0
14-Nov-11,1.12,1.12,1.08,1.10,64016
11-Nov-11,1.18,1.18,1.11,1.11,73401
10-Nov-11,1.20,1.20,1.11,1.13,193419
9-Nov-11,1.18,1.22,1.15,1.20,159764
8-Nov-11,1.20,1.23,1.18,1.19,140828
7-Nov-11,1.18,1.29,1.18,1.19,488104
4-Nov-11,1.17,1.17,1.17,1.17,0
3-Nov-11,1.18,1.18,1.15,1.15,49000
2-Nov-11,1.20,1.20,1.15,1.18,44938
1-Nov-11,1.12,1.12,1.12,1.12,0
31-Oct-11,1.19,1.24,1.12,1.23,223276
28-Oct-11,1.17,1.17,1.17,1.17,0
27-Oct-11,1.13,1.20,1.12,1.20,377096
26-Oct-11,1.13,1.14,1.10,1.11,179150
25-Oct-11,1.14,1.17,1.13,1.13,145438
24-Oct-11,1.14,1.17,1.12,1.15,330907
21-Oct-11,1.13,1.15,1.12,1.13,138488
20-Oct-11,1.11,1.14,1.10,1.13,63912
19-Oct-11,1.14,1.14,1.14,1.14,0
18-Oct-11,1.08,1.10,1.06,1.09,102662
17-Oct-11,1.08,1.08,1.08,1.08,0
14-Oct-11,1.10,1.14,1.08,1.14,219114
13-Oct-11,1.05,1.10,1.05,1.10,179715
12-Oct-11,1.00,1.06,0.99,1.05,1027788
11-Oct-11,1.00,1.00,1.00,1.00,0
10-Oct-11,0.98,1.01,0.98,1.00,240279
7-Oct-11,1.02,1.02,0.97,0.99,542363
6-Oct-11,1.10,1.10,1.00,1.02,1176584
5-Oct-11,1.00,1.07,0.99,1.03,143524
4-Oct-11,0.91,0.91,0.91,0.91,0
3-Oct-11,1.07,1.08,0.91,0.92,390050
30-Sep-11,1.13,1.16,0.98,1.08,331525
29-Sep-11,1.15,1.15,1.15,1.15,0
