Date,Open,High,Low,Close,Volume
27-Sep-12,26.78,27.16,26.67,27.14,85815
26-Sep-12,27.26,27.26,26.50,26.70,146503
25-Sep-12,27.91,27.91,27.20,27.25,153080
24-Sep-12,27.63,27.86,27.43,27.80,268919
21-Sep-12,27.57,27.71,27.46,27.54,93243
20-Sep-12,27.44,27.53,27.26,27.30,12239
19-Sep-12,27.71,27.77,27.43,27.63,34482
18-Sep-12,27.70,27.81,27.62,27.77,23383
17-Sep-12,28.09,28.14,27.58,27.83,40202
14-Sep-12,28.24,28.40,28.22,28.31,72263
13-Sep-12,28.00,28.17,27.65,28.16,76506
12-Sep-12,27.80,27.89,27.70,27.89,52900
11-Sep-12,27.81,28.05,27.46,27.62,75814
10-Sep-12,28.35,28.55,27.71,27.78,38129
7-Sep-12,28.42,28.84,28.24,28.53,645925
6-Sep-12,28.00,29.17,27.83,28.28,412718
5-Sep-12,28.40,28.70,27.76,27.77,228025
4-Sep-12,28.55,28.94,28.09,28.72,94909
31-Aug-12,28.88,28.99,28.50,28.63,106237
30-Aug-12,28.59,28.73,28.20,28.61,96959
29-Aug-12,28.41,29.00,28.21,28.86,102747
28-Aug-12,28.56,28.69,28.29,28.44,88099
27-Aug-12,29.19,29.34,28.35,28.52,131907
24-Aug-12,29.01,29.45,28.84,29.01,101164
23-Aug-12,29.00,29.30,28.79,29.17,120622
22-Aug-12,28.98,29.42,28.80,29.00,158064
21-Aug-12,29.20,29.60,28.92,29.08,178074
20-Aug-12,29.00,29.49,29.00,29.15,265577
17-Aug-12,28.66,29.14,28.46,28.98,274577
16-Aug-12,27.80,28.88,27.80,28.72,262241
15-Aug-12,27.39,27.81,27.39,27.78,154089
14-Aug-12,27.91,28.02,27.32,27.40,219076
13-Aug-12,28.39,29.10,27.77,27.87,662293
10-Aug-12,28.02,28.45,28.02,28.39,43041
9-Aug-12,27.83,28.32,27.83,28.04,47747
8-Aug-12,28.08,28.16,27.83,27.89,64639
7-Aug-12,27.99,28.41,27.95,28.15,154225
6-Aug-12,27.03,28.14,27.03,27.76,168815
3-Aug-12,26.60,27.14,26.37,27.02,119399
2-Aug-12,26.18,26.47,25.87,26.26,140937
1-Aug-12,27.74,27.85,26.39,26.39,282622
31-Jul-12,28.14,28.38,27.84,27.91,137540
30-Jul-12,28.64,28.79,28.00,28.16,83549
27-Jul-12,28.19,28.80,28.03,28.69,110018
26-Jul-12,28.67,28.70,28.06,28.13,56545
25-Jul-12,28.69,28.79,28.12,28.26,90958
24-Jul-12,28.73,28.78,28.20,28.49,228595
23-Jul-12,28.28,28.63,27.90,28.60,113071
20-Jul-12,28.44,29.05,28.15,28.78,156060
19-Jul-12,28.88,29.00,28.48,28.53,154609
18-Jul-12,28.50,28.86,28.50,28.70,148808
17-Jul-12,28.70,28.80,28.35,28.60,157041
16-Jul-12,28.92,28.99,28.58,28.75,161832
13-Jul-12,28.80,29.15,28.80,29.03,54878
12-Jul-12,28.52,29.02,28.32,28.79,132140
11-Jul-12,28.87,28.87,28.19,28.80,88284
10-Jul-12,29.40,29.46,28.56,28.74,178029
9-Jul-12,29.61,29.61,29.15,29.25,236376
6-Jul-12,29.69,29.93,29.45,29.72,115875
5-Jul-12,30.05,30.36,29.63,30.08,58064
3-Jul-12,29.84,30.28,29.65,30.27,40096
2-Jul-12,29.41,30.12,29.41,30.11,142847
29-Jun-12,29.00,29.77,29.00,29.51,177969
28-Jun-12,28.42,28.75,28.11,28.75,106924
27-Jun-12,28.59,28.90,28.54,28.86,80478
26-Jun-12,28.32,28.73,28.17,28.65,95847
25-Jun-12,28.35,28.53,27.97,28.45,118150
22-Jun-12,28.52,29.00,28.33,28.82,264484
21-Jun-12,28.65,28.87,28.12,28.34,215298
20-Jun-12,28.77,28.83,28.40,28.74,128615
19-Jun-12,28.00,29.07,28.00,28.87,184830
18-Jun-12,28.00,28.20,27.73,27.90,177368
15-Jun-12,27.70,28.32,27.59,28.15,177794
14-Jun-12,27.65,27.96,27.38,27.82,133001
13-Jun-12,28.15,28.30,27.62,27.75,144783
12-Jun-12,28.48,28.50,27.96,28.31,143230
11-Jun-12,29.63,29.63,28.39,28.41,189129
8-Jun-12,28.80,29.78,28.28,29.44,191142
7-Jun-12,29.49,31.60,28.77,28.87,417096
6-Jun-12,28.68,29.12,28.33,29.10,82537
5-Jun-12,27.54,28.39,27.54,28.39,155012
4-Jun-12,27.73,28.11,27.10,27.72,267435
1-Jun-12,28.28,28.36,27.67,27.71,187430
31-May-12,29.13,29.52,28.55,28.72,292779
30-May-12,29.30,29.34,28.74,29.04,109512
29-May-12,29.60,30.04,29.27,29.67,91562
25-May-12,29.00,29.48,28.99,29.30,94881
24-May-12,29.54,29.72,28.76,29.06,86896
23-May-12,29.92,29.95,28.92,29.43,99574
22-May-12,29.54,30.33,29.52,30.15,197700
21-May-12,28.27,29.63,28.12,29.58,174592
18-May-12,29.73,29.76,28.06,28.28,202769
17-May-12,30.30,30.52,29.83,29.83,213008
16-May-12,30.07,30.52,30.00,30.25,197502
15-May-12,29.73,30.17,29.66,29.91,115437
14-May-12,29.44,29.99,29.36,29.84,230246
11-May-12,29.35,29.94,29.35,29.82,161650
10-May-12,29.83,29.95,29.50,29.74,197918
9-May-12,29.18,29.92,29.01,29.69,134366
8-May-12,29.46,29.71,29.12,29.52,130837
7-May-12,29.70,29.94,29.54,29.70,141559
4-May-12,30.37,30.45,29.75,29.85,132742
3-May-12,31.03,31.05,30.42,30.52,160559
2-May-12,30.88,31.20,30.52,31.20,137714
1-May-12,30.76,31.69,30.56,31.07,228734
30-Apr-12,30.44,30.62,30.03,30.24,172211
27-Apr-12,30.62,30.78,30.33,30.51,83405
26-Apr-12,30.74,30.94,30.45,30.60,68231
25-Apr-12,30.50,30.98,30.25,30.75,98226
24-Apr-12,30.16,30.20,29.88,30.14,105982
23-Apr-12,30.13,30.28,29.95,30.26,140660
20-Apr-12,31.31,31.69,30.62,30.66,161512
19-Apr-12,31.03,31.20,30.70,30.94,165698
18-Apr-12,30.25,31.04,30.20,31.01,210625
17-Apr-12,30.34,30.55,30.12,30.31,211879
16-Apr-12,30.57,30.65,29.87,30.11,166367
13-Apr-12,30.84,30.84,30.37,30.55,172255
12-Apr-12,31.15,31.28,30.94,31.01,265892
11-Apr-12,30.64,31.13,30.42,31.12,255083
10-Apr-12,30.46,30.64,30.18,30.41,274136
9-Apr-12,30.28,30.63,30.01,30.46,153271
5-Apr-12,30.68,30.89,30.50,30.75,182016
4-Apr-12,30.84,31.08,30.50,30.72,264152
3-Apr-12,32.13,32.24,31.06,31.33,373738
2-Apr-12,32.17,32.50,31.97,32.30,278031
30-Mar-12,32.00,32.76,31.79,32.39,342096
29-Mar-12,31.19,31.94,30.55,31.71,521678
28-Mar-12,30.40,30.65,30.19,30.64,304527
27-Mar-12,30.15,30.54,30.00,30.40,223295
26-Mar-12,30.04,30.37,29.98,30.17,305359
23-Mar-12,29.45,29.99,29.03,29.93,285745
22-Mar-12,29.17,29.50,29.09,29.39,228059
21-Mar-12,28.99,29.51,28.85,29.50,279146
20-Mar-12,28.86,29.29,28.75,29.02,151190
19-Mar-12,28.45,29.19,28.32,29.07,172356
16-Mar-12,28.29,28.65,28.02,28.55,277031
15-Mar-12,27.95,28.20,27.79,28.20,62311
14-Mar-12,28.26,28.35,27.85,27.94,104878
13-Mar-12,28.01,28.49,27.74,28.34,229058
12-Mar-12,27.95,28.10,27.65,27.84,75462
9-Mar-12,27.36,28.22,27.36,27.98,74918
8-Mar-12,27.20,27.73,27.04,27.54,98051
7-Mar-12,26.85,27.15,26.56,26.96,250598
6-Mar-12,27.39,27.63,26.60,26.68,252593
5-Mar-12,27.69,27.84,27.51,27.59,182880
2-Mar-12,27.98,28.29,27.52,27.73,273263
1-Mar-12,27.65,28.15,27.55,27.84,254468
29-Feb-12,28.54,28.54,27.49,27.49,313761
28-Feb-12,28.73,28.91,28.22,28.46,152061
27-Feb-12,28.55,28.87,28.20,28.62,203782
24-Feb-12,29.28,29.34,28.74,28.90,166815
23-Feb-12,28.96,29.26,28.71,29.22,64995
22-Feb-12,28.84,29.25,28.66,28.95,111735
21-Feb-12,29.05,29.26,28.58,29.01,145696
17-Feb-12,29.36,29.44,28.88,29.00,196630
16-Feb-12,28.89,29.33,28.80,29.25,592115
15-Feb-12,29.42,29.58,28.70,28.85,165049
14-Feb-12,29.30,29.38,28.89,29.19,93423
13-Feb-12,29.23,29.73,28.66,29.34,212769
10-Feb-12,29.78,29.98,28.89,29.02,325393
9-Feb-12,29.39,30.15,29.03,30.11,172571
8-Feb-12,28.46,29.48,28.27,29.32,312751
7-Feb-12,28.23,28.39,28.03,28.27,172014
6-Feb-12,28.18,28.33,28.16,28.19,130649
3-Feb-12,28.21,28.21,28.21,28.21,0
2-Feb-12,28.38,28.50,28.08,28.20,264205
1-Feb-12,28.45,29.01,28.16,28.26,253578
31-Jan-12,28.47,28.58,27.99,28.28,64498
30-Jan-12,28.60,28.75,28.17,28.21,112849
27-Jan-12,28.37,28.85,28.37,28.74,112026
26-Jan-12,28.90,29.35,28.45,28.55,166088
25-Jan-12,28.71,28.86,28.26,28.79,187346
24-Jan-12,28.31,28.76,28.18,28.67,172508
23-Jan-12,28.09,28.60,27.95,28.39,114393
20-Jan-12,28.02,28.25,27.91,28.19,156193
19-Jan-12,28.00,28.08,27.92,27.97,272490
18-Jan-12,27.70,27.70,27.70,27.70,0
17-Jan-12,27.00,27.60,26.92,27.42,391177
13-Jan-12,26.52,26.52,26.52,26.52,0
12-Jan-12,27.03,27.40,26.77,26.84,260596
11-Jan-12,27.45,27.74,26.90,26.90,146046
10-Jan-12,27.84,27.84,27.84,27.84,0
9-Jan-12,27.48,27.50,27.01,27.10,64712
6-Jan-12,27.40,27.52,27.02,27.26,34678
5-Jan-12,27.43,27.45,27.01,27.36,54646
4-Jan-12,28.05,28.29,27.57,27.60,57386
3-Jan-12,28.25,28.36,27.87,28.18,103513
30-Dec-11,27.54,27.54,27.54,27.54,0
29-Dec-11,27.16,27.16,27.16,27.16,0
28-Dec-11,27.48,27.48,27.48,27.48,0
27-Dec-11,27.76,28.01,27.63,27.89,61374
23-Dec-11,27.73,27.73,27.73,27.73,0
22-Dec-11,27.85,28.28,27.78,28.05,116638
21-Dec-11,27.80,27.80,27.80,27.80,0
20-Dec-11,28.00,28.00,28.00,28.00,0
19-Dec-11,27.74,27.95,26.89,26.99,135413
16-Dec-11,27.59,27.59,27.59,27.59,0
15-Dec-11,27.60,27.72,26.66,27.06,149084
14-Dec-11,27.33,27.46,26.67,27.32,141565
13-Dec-11,28.38,28.79,27.38,27.57,125739
12-Dec-11,27.71,28.22,27.50,28.08,202714
9-Dec-11,27.15,28.34,27.04,28.10,329866
8-Dec-11,28.22,28.22,28.22,28.22,0
7-Dec-11,27.83,28.00,27.56,27.78,226903
6-Dec-11,28.11,28.30,27.63,28.03,200760
5-Dec-11,28.39,28.65,27.80,27.99,183823
2-Dec-11,28.37,28.48,27.85,27.96,185335
1-Dec-11,28.31,28.40,27.82,27.96,194333
30-Nov-11,28.23,28.23,28.23,28.23,0
29-Nov-11,28.29,28.35,27.60,27.70,102790
28-Nov-11,27.20,28.24,26.91,28.24,186203
25-Nov-11,26.33,26.70,26.25,26.41,50953
23-Nov-11,26.62,26.62,26.62,26.62,0
22-Nov-11,26.61,27.23,26.61,26.77,56207
21-Nov-11,27.32,27.49,26.51,26.70,105293
18-Nov-11,28.10,28.11,27.56,27.73,35523
17-Nov-11,28.70,28.70,28.70,28.70,0
16-Nov-11,28.65,29.03,28.20,28.22,46072
15-Nov-11,27.97,29.19,27.67,28.99,91243
14-Nov-11,28.43,28.86,27.93,28.18,67363
11-Nov-11,27.64,28.65,27.64,28.55,65583
10-Nov-11,26.99,26.99,26.99,26.99,0
9-Nov-11,27.55,27.84,27.12,27.18,99695
8-Nov-11,28.35,28.39,27.51,28.21,117619
7-Nov-11,28.27,28.36,27.51,28.15,80922
4-Nov-11,28.49,28.71,28.02,28.39,36226
3-Nov-11,28.73,28.73,28.73,28.73,0
2-Nov-11,28.30,28.47,27.88,28.21,128361
1-Nov-11,28.51,28.74,27.37,27.91,319916
31-Oct-11,30.85,31.12,29.77,29.80,86441
28-Oct-11,31.05,31.63,30.97,31.20,156700
27-Oct-11,30.02,30.02,30.02,30.02,0
26-Oct-11,29.20,29.47,28.80,29.26,208239
25-Oct-11,29.13,29.29,28.62,28.88,111795
24-Oct-11,28.65,29.49,28.31,29.42,147632
21-Oct-11,28.08,28.63,27.59,28.62,108682
20-Oct-11,27.73,27.73,27.73,27.73,0
19-Oct-11,27.81,28.27,27.58,27.72,97834
18-Oct-11,27.83,27.83,27.83,27.83,0
17-Oct-11,27.73,27.73,27.04,27.17,111908
14-Oct-11,27.98,28.01,26.99,28.00,116286
13-Oct-11,27.36,27.74,26.91,27.63,62299
12-Oct-11,27.47,27.47,27.47,27.47,0
11-Oct-11,26.50,27.21,26.25,26.88,140481
10-Oct-11,26.57,26.57,26.57,26.57,0
7-Oct-11,25.89,26.16,25.16,25.54,107957
6-Oct-11,25.27,25.85,25.24,25.79,87022
5-Oct-11,25.28,25.28,25.28,25.28,0
4-Oct-11,23.25,24.54,22.50,24.50,217000
3-Oct-11,25.99,26.15,23.37,23.42,169733
30-Sep-11,27.18,27.18,27.18,27.18,0
29-Sep-11,28.30,28.76,27.00,27.23,139958
