Date,Open,High,Low,Close,Volume
27-Sep-12,23.19,23.19,22.74,22.82,17876
26-Sep-12,23.26,23.26,22.77,23.10,33859
25-Sep-12,23.59,23.70,23.03,23.12,31956
24-Sep-12,23.40,23.70,23.18,23.44,34004
21-Sep-12,23.62,23.77,23.06,23.51,48234
20-Sep-12,23.32,23.63,22.58,23.18,8913
19-Sep-12,24.30,24.25,23.43,23.52,7090
18-Sep-12,23.64,24.29,23.64,24.21,18658
17-Sep-12,24.04,24.04,23.71,23.74,16363
14-Sep-12,24.24,24.48,24.02,24.19,10296
13-Sep-12,23.96,24.34,23.92,24.08,20459
12-Sep-12,24.20,24.25,23.89,23.98,10212
11-Sep-12,24.23,24.53,24.10,24.30,13550
10-Sep-12,24.26,24.37,24.17,24.30,9765
7-Sep-12,23.82,24.67,23.69,24.31,73484
6-Sep-12,23.50,23.81,23.38,23.63,32584
5-Sep-12,23.14,23.75,22.93,23.38,24322
4-Sep-12,23.02,23.33,22.69,23.24,33179
31-Aug-12,22.60,23.23,22.36,23.09,26917
30-Aug-12,23.47,23.47,22.30,22.32,14984
29-Aug-12,23.10,23.47,23.00,23.46,21480
28-Aug-12,22.57,23.29,22.54,23.12,42557
27-Aug-12,22.61,22.96,22.43,22.65,19966
24-Aug-12,22.22,23.13,21.75,22.71,24320
23-Aug-12,22.36,22.40,21.50,22.33,22988
22-Aug-12,22.96,23.03,22.20,22.32,19063
21-Aug-12,23.48,23.80,22.91,23.06,22468
20-Aug-12,23.27,23.47,23.04,23.31,38428
17-Aug-12,22.63,23.37,22.50,23.28,37266
16-Aug-12,21.62,22.73,21.55,22.73,23058
15-Aug-12,21.38,21.74,21.38,21.72,10541
14-Aug-12,21.25,21.58,21.10,21.50,38838
13-Aug-12,21.55,21.93,21.01,21.05,34296
10-Aug-12,21.85,21.85,21.54,21.63,18447
9-Aug-12,21.12,22.33,21.12,21.80,77406
8-Aug-12,20.98,21.11,20.80,21.07,26893
7-Aug-12,21.09,21.41,20.55,21.01,43947
6-Aug-12,21.50,21.66,21.10,21.15,42410
3-Aug-12,21.08,21.59,21.05,21.42,37508
2-Aug-12,20.79,21.26,20.73,20.87,21223
1-Aug-12,21.33,21.48,20.73,21.02,50660
31-Jul-12,21.35,21.61,21.12,21.21,33067
30-Jul-12,21.89,22.16,21.24,21.35,25394
27-Jul-12,21.14,22.01,21.14,21.83,32145
26-Jul-12,21.65,21.65,20.86,21.10,23178
25-Jul-12,21.65,21.65,21.19,21.26,16261
24-Jul-12,21.87,22.09,21.33,21.48,62684
23-Jul-12,21.87,22.07,21.72,21.73,27665
20-Jul-12,22.15,22.79,22.14,22.26,66499
19-Jul-12,22.50,22.73,22.24,22.40,59039
18-Jul-12,22.52,22.68,22.39,22.49,70729
17-Jul-12,22.37,22.66,22.33,22.45,54301
16-Jul-12,22.25,22.43,22.20,22.30,19382
13-Jul-12,22.25,22.42,22.09,22.25,37307
12-Jul-12,21.89,22.45,21.85,22.25,42388
11-Jul-12,22.16,22.40,21.92,22.10,37305
10-Jul-12,22.30,22.55,22.12,22.14,31979
9-Jul-12,22.07,22.42,21.73,22.23,18309
6-Jul-12,22.05,22.26,21.96,22.20,11582
5-Jul-12,22.04,22.44,22.04,22.19,48483
3-Jul-12,21.48,22.04,21.43,22.02,26376
2-Jul-12,21.67,21.68,20.94,21.53,37175
29-Jun-12,21.45,21.75,20.12,21.52,359000
28-Jun-12,20.31,20.98,20.22,20.72,27711
27-Jun-12,19.70,20.59,19.70,20.53,36759
26-Jun-12,19.68,19.80,19.41,19.62,15810
25-Jun-12,19.56,19.85,19.56,19.71,22990
22-Jun-12,19.43,20.02,19.33,19.87,137731
21-Jun-12,19.87,19.90,19.24,19.39,49988
20-Jun-12,20.56,20.56,19.67,19.83,50034
19-Jun-12,19.64,20.75,19.54,20.51,252385
18-Jun-12,19.73,19.73,19.47,19.62,39193
15-Jun-12,19.69,20.02,19.59,19.79,103550
14-Jun-12,19.39,19.73,19.19,19.73,21329
13-Jun-12,19.64,19.70,19.13,19.30,61355
12-Jun-12,19.31,19.65,19.11,19.64,20809
11-Jun-12,19.64,19.69,19.24,19.24,25756
8-Jun-12,19.36,19.50,19.10,19.48,20007
7-Jun-12,19.50,19.66,19.21,19.40,71495
6-Jun-12,19.27,19.52,19.18,19.50,29451
5-Jun-12,18.88,19.21,18.78,19.08,73732
4-Jun-12,18.70,19.24,18.62,18.97,58326
1-Jun-12,18.55,18.85,18.06,18.63,37218
31-May-12,19.50,19.50,18.60,19.01,58807
30-May-12,18.46,19.65,18.34,19.42,571175
29-May-12,18.65,18.69,18.30,18.67,22365
25-May-12,18.38,18.49,18.11,18.42,26570
24-May-12,18.72,18.72,17.99,18.33,23845
23-May-12,18.51,18.81,18.30,18.67,20958
22-May-12,19.35,19.49,18.50,18.80,45748
21-May-12,18.77,19.46,18.77,19.37,25892
18-May-12,19.30,19.32,18.61,18.80,38151
17-May-12,19.07,19.54,19.06,19.08,53188
16-May-12,19.33,19.48,19.06,19.11,35504
15-May-12,19.15,19.52,19.11,19.30,26084
14-May-12,19.11,19.69,19.11,19.18,40502
11-May-12,19.03,19.74,18.95,19.32,54926
10-May-12,19.44,19.44,18.31,19.08,86733
9-May-12,19.04,19.74,19.04,19.27,53127
8-May-12,18.69,19.46,18.69,19.32,22882
7-May-12,18.52,19.03,18.52,18.90,15924
4-May-12,18.52,18.71,18.46,18.56,35544
3-May-12,18.65,18.74,18.49,18.65,47448
2-May-12,18.71,18.83,18.45,18.72,22085
1-May-12,19.01,19.47,18.70,18.80,70340
30-Apr-12,19.24,19.24,18.88,19.06,38264
27-Apr-12,18.93,19.28,18.61,19.22,22400
26-Apr-12,18.75,19.11,18.75,18.94,15522
25-Apr-12,19.25,19.71,18.75,18.85,82284
24-Apr-12,18.71,19.05,18.61,19.04,27914
23-Apr-12,19.09,19.49,18.63,18.64,45636
20-Apr-12,19.95,19.95,19.38,19.42,71460
19-Apr-12,19.30,19.70,19.26,19.40,41821
18-Apr-12,19.51,19.63,19.20,19.35,25086
17-Apr-12,19.62,19.98,19.57,19.63,22442
16-Apr-12,19.50,19.78,19.29,19.49,76655
13-Apr-12,19.77,19.77,19.14,19.42,51910
12-Apr-12,19.37,20.02,19.37,19.78,62495
11-Apr-12,18.93,19.43,18.78,19.43,32216
10-Apr-12,19.51,19.57,18.62,18.70,62583
9-Apr-12,20.02,20.22,19.40,19.48,27100
5-Apr-12,20.41,20.66,20.29,20.33,90226
4-Apr-12,20.34,20.83,20.34,20.48,31050
3-Apr-12,20.46,20.96,20.42,20.60,60876
2-Apr-12,20.50,20.62,20.38,20.56,117581
30-Mar-12,20.62,20.93,20.48,20.50,31086
29-Mar-12,20.48,20.75,20.41,20.42,42204
28-Mar-12,20.79,20.79,20.36,20.59,39871
27-Mar-12,20.90,21.02,20.70,20.71,29805
26-Mar-12,20.25,20.86,20.25,20.81,96919
23-Mar-12,19.87,20.16,19.87,19.96,68198
22-Mar-12,20.04,20.17,19.75,19.88,22783
21-Mar-12,20.14,20.44,20.02,20.26,28966
20-Mar-12,20.20,20.27,20.04,20.10,28856
19-Mar-12,20.04,20.67,19.79,20.37,76000
16-Mar-12,19.83,20.15,19.58,20.13,57916
15-Mar-12,20.01,20.06,19.60,19.75,31949
14-Mar-12,20.04,21.48,19.89,19.94,65417
13-Mar-12,19.81,20.16,19.60,20.14,22115
12-Mar-12,19.68,19.83,19.49,19.59,15434
9-Mar-12,19.44,20.25,19.44,19.74,29080
8-Mar-12,19.33,19.91,19.33,19.49,24929
7-Mar-12,18.90,19.35,18.71,19.25,43757
6-Mar-12,18.74,18.99,18.62,18.79,45185
5-Mar-12,18.73,19.02,18.55,19.00,18593
2-Mar-12,18.89,18.99,18.61,18.73,51096
1-Mar-12,18.06,19.73,18.06,18.86,82974
29-Feb-12,17.64,18.41,17.64,18.05,88220
28-Feb-12,18.09,18.09,17.49,17.54,13736
27-Feb-12,18.02,18.14,17.86,18.03,36841
24-Feb-12,18.01,18.24,17.91,18.05,14121
23-Feb-12,17.27,18.05,17.27,18.00,24874
22-Feb-12,17.56,17.71,17.15,17.23,66596
21-Feb-12,17.95,17.95,17.60,17.68,15726
17-Feb-12,17.94,17.97,17.72,17.97,44018
16-Feb-12,17.26,17.86,17.17,17.84,30747
15-Feb-12,17.95,17.96,17.13,17.26,41198
14-Feb-12,18.21,18.35,17.64,17.85,19277
13-Feb-12,18.27,18.40,17.98,18.38,19813
10-Feb-12,18.48,18.48,17.90,18.10,23615
9-Feb-12,18.46,18.46,18.46,18.46,0
8-Feb-12,18.35,18.43,17.97,18.39,18313
7-Feb-12,18.27,18.63,18.12,18.40,24138
6-Feb-12,18.88,18.88,18.29,18.34,35960
3-Feb-12,18.82,19.13,18.64,18.94,46886
2-Feb-12,18.26,18.72,18.13,18.43,26722
1-Feb-12,17.80,18.42,17.61,18.30,36200
31-Jan-12,17.62,17.62,17.62,17.62,0
30-Jan-12,17.48,17.63,17.36,17.49,18382
27-Jan-12,17.33,17.68,17.33,17.62,20911
26-Jan-12,17.31,17.45,17.25,17.40,21294
25-Jan-12,17.30,17.30,17.30,17.30,0
24-Jan-12,16.94,17.45,16.75,17.42,30032
23-Jan-12,17.38,17.38,16.93,17.03,44851
20-Jan-12,17.30,17.30,17.30,17.30,0
19-Jan-12,17.31,17.40,17.09,17.30,27764
18-Jan-12,17.12,17.31,16.83,17.31,34002
17-Jan-12,17.18,17.18,17.18,17.18,0
13-Jan-12,17.21,17.21,17.21,17.21,0
12-Jan-12,17.20,17.28,16.93,17.00,31373
11-Jan-12,17.18,17.24,17.07,17.20,19103
10-Jan-12,17.42,17.42,17.09,17.28,40031
9-Jan-12,17.79,17.79,17.07,17.17,62107
6-Jan-12,17.67,17.67,17.67,17.67,0
5-Jan-12,18.18,18.24,17.57,17.76,34368
4-Jan-12,18.40,18.49,18.26,18.35,13655
3-Jan-12,18.33,18.78,17.91,18.56,51426
30-Dec-11,17.87,17.87,17.87,17.87,0
29-Dec-11,18.51,18.51,18.51,18.51,0
28-Dec-11,18.89,18.89,18.10,18.20,33683
27-Dec-11,18.57,19.00,18.53,18.97,19983
23-Dec-11,18.46,18.46,18.46,18.46,0
22-Dec-11,18.58,18.71,18.41,18.50,41470
21-Dec-11,18.25,18.59,17.95,18.55,22827
20-Dec-11,18.17,18.43,17.98,18.39,63641
19-Dec-11,17.75,17.75,17.75,17.75,0
16-Dec-11,17.81,18.02,17.70,17.98,95688
15-Dec-11,17.94,18.08,17.54,17.65,28098
14-Dec-11,16.56,17.88,16.56,17.72,73569
13-Dec-11,17.22,17.22,17.22,17.22,0
12-Dec-11,17.40,17.40,16.79,17.08,28170
9-Dec-11,17.47,17.47,17.47,17.47,0
8-Dec-11,17.77,17.77,16.73,16.74,35033
7-Dec-11,17.99,18.11,17.52,17.92,24026
6-Dec-11,18.15,18.15,18.15,18.15,0
5-Dec-11,17.68,17.68,17.06,17.55,54809
2-Dec-11,17.95,17.95,17.19,17.27,22982
1-Dec-11,18.09,18.30,17.53,17.62,45978
30-Nov-11,17.28,18.12,16.95,18.10,128525
29-Nov-11,16.59,16.59,16.33,16.55,21590
28-Nov-11,16.78,17.09,16.32,16.64,46908
25-Nov-11,16.21,16.68,16.15,16.21,28604
23-Nov-11,16.23,16.23,16.23,16.23,0
22-Nov-11,17.48,17.65,17.31,17.50,38663
21-Nov-11,17.19,17.57,17.19,17.44,41114
18-Nov-11,17.52,17.79,17.32,17.65,30272
17-Nov-11,17.31,17.84,17.06,17.52,29325
16-Nov-11,17.59,18.00,17.26,17.43,18644
15-Nov-11,17.15,18.10,16.89,17.76,38707
14-Nov-11,17.46,17.66,17.08,17.15,35014
11-Nov-11,17.30,17.85,17.17,17.81,29402
10-Nov-11,17.26,17.32,16.90,17.09,20329
9-Nov-11,17.49,17.61,17.00,17.00,33907
8-Nov-11,17.64,18.04,17.55,17.99,32889
7-Nov-11,17.62,17.69,17.23,17.54,30101
4-Nov-11,17.89,17.89,17.34,17.60,21432
3-Nov-11,18.17,18.44,17.55,18.05,58552
2-Nov-11,17.42,17.42,17.42,17.42,0
1-Nov-11,16.94,17.42,16.65,16.96,56833
31-Oct-11,17.52,18.11,17.33,17.59,43498
28-Oct-11,17.68,18.12,17.52,17.75,46662
27-Oct-11,16.81,18.06,16.47,17.65,105520
26-Oct-11,16.89,16.89,16.10,16.38,84609
25-Oct-11,17.30,17.30,16.56,16.65,40088
24-Oct-11,17.40,17.54,17.34,17.42,49007
21-Oct-11,17.43,17.45,17.02,17.39,59196
20-Oct-11,16.84,17.17,16.37,17.09,29190
19-Oct-11,17.49,17.50,16.76,16.78,30647
18-Oct-11,17.67,17.67,17.67,17.67,0
17-Oct-11,17.22,17.30,16.81,16.96,37893
14-Oct-11,17.37,17.67,16.86,17.41,47044
13-Oct-11,16.98,17.42,16.68,17.18,41133
12-Oct-11,16.89,17.22,16.65,17.11,47705
11-Oct-11,16.64,16.64,16.64,16.64,0
10-Oct-11,16.45,16.65,16.15,16.64,47433
7-Oct-11,16.54,16.56,15.73,16.11,50095
6-Oct-11,16.20,16.64,16.02,16.56,50301
5-Oct-11,16.46,16.46,16.46,16.46,0
4-Oct-11,14.78,16.25,14.53,16.24,101828
3-Oct-11,15.57,15.98,14.83,14.83,72514
30-Sep-11,15.64,16.14,15.61,15.64,40723
29-Sep-11,15.61,15.61,15.61,15.61,0
