Date,Open,High,Low,Close,Volume
26-Sep-12,1.66,1.68,1.64,1.64,119396
25-Sep-12,1.70,1.70,1.65,1.66,218145
24-Sep-12,1.75,1.75,1.69,1.70,154117
21-Sep-12,1.72,1.77,1.72,1.75,21239
20-Sep-12,1.74,1.75,1.72,1.73,21472
19-Sep-12,1.74,1.79,1.74,1.74,69988
18-Sep-12,1.66,1.75,1.66,1.73,15341
17-Sep-12,1.66,1.70,1.66,1.69,12189
14-Sep-12,1.70,1.74,1.67,1.68,56135
13-Sep-12,1.70,1.75,1.60,1.71,67983
12-Sep-12,1.67,1.70,1.66,1.67,11879
11-Sep-12,1.67,1.72,1.66,1.68,7911
10-Sep-12,1.72,1.73,1.66,1.68,14008
7-Sep-12,1.78,1.79,1.71,1.73,224573
6-Sep-12,1.73,1.79,1.72,1.78,373497
5-Sep-12,1.71,1.73,1.67,1.72,199849
4-Sep-12,1.69,1.73,1.65,1.68,174355
31-Aug-12,1.68,1.71,1.66,1.67,228964
30-Aug-12,1.69,1.69,1.65,1.65,129096
29-Aug-12,1.61,1.69,1.58,1.67,218192
28-Aug-12,1.60,1.62,1.58,1.61,134388
27-Aug-12,1.61,1.63,1.58,1.59,137831
24-Aug-12,1.64,1.64,1.58,1.60,288543
23-Aug-12,1.58,1.64,1.54,1.63,409638
22-Aug-12,1.57,1.62,1.52,1.57,557020
21-Aug-12,1.66,1.66,1.58,1.58,516283
20-Aug-12,1.78,1.78,1.56,1.66,984812
17-Aug-12,1.82,1.85,1.79,1.82,160870
16-Aug-12,1.85,1.85,1.80,1.81,145065
15-Aug-12,1.80,1.84,1.79,1.82,172677
14-Aug-12,1.78,1.82,1.78,1.80,135493
13-Aug-12,1.79,1.81,1.76,1.79,186543
10-Aug-12,1.77,1.81,1.76,1.77,186727
9-Aug-12,1.75,1.84,1.75,1.75,333830
8-Aug-12,1.85,1.87,1.74,1.74,670952
7-Aug-12,1.89,1.94,1.86,1.88,293750
6-Aug-12,1.88,1.90,1.86,1.86,261664
3-Aug-12,1.87,2.00,1.86,1.86,370890
2-Aug-12,1.95,1.95,1.86,1.86,527469
1-Aug-12,1.95,1.96,1.92,1.92,161916
31-Jul-12,2.00,2.00,1.94,1.94,270459
30-Jul-12,2.00,2.02,1.96,1.96,210180
27-Jul-12,2.02,2.02,1.96,2.00,170649
26-Jul-12,2.05,2.05,1.96,1.99,253797
25-Jul-12,2.03,2.08,2.00,2.04,311744
24-Jul-12,2.05,2.09,1.99,2.00,638127
23-Jul-12,1.99,2.08,1.94,1.96,876611
20-Jul-12,1.97,2.00,1.95,1.99,228789
19-Jul-12,1.98,2.00,1.94,1.97,175412
18-Jul-12,1.99,2.00,1.97,1.97,549148
17-Jul-12,2.03,2.10,1.95,1.98,789457
16-Jul-12,2.06,2.08,2.00,2.00,204317
13-Jul-12,2.04,2.13,2.03,2.08,140413
12-Jul-12,2.02,2.06,2.01,2.06,116676
11-Jul-12,2.10,2.12,2.06,2.06,55773
10-Jul-12,2.14,2.15,2.07,2.10,217797
9-Jul-12,2.14,2.19,2.06,2.10,306401
6-Jul-12,2.12,2.18,2.12,2.18,94669
5-Jul-12,2.12,2.18,2.11,2.13,116650
3-Jul-12,2.14,2.17,2.12,2.14,140087
2-Jul-12,2.12,2.15,2.09,2.14,121331
29-Jun-12,2.19,2.20,2.10,2.15,320857
28-Jun-12,2.17,2.19,2.14,2.18,92265
27-Jun-12,2.16,2.20,2.12,2.18,149260
26-Jun-12,2.18,2.19,2.15,2.17,54741
25-Jun-12,2.17,2.20,2.12,2.17,104284
22-Jun-12,2.20,2.21,2.16,2.20,58056
21-Jun-12,2.19,2.22,2.13,2.18,202040
20-Jun-12,2.26,2.26,2.19,2.22,154868
19-Jun-12,2.27,2.33,2.24,2.28,187361
18-Jun-12,2.19,2.30,2.18,2.27,216241
15-Jun-12,2.17,2.25,2.17,2.19,110674
14-Jun-12,2.16,2.25,2.16,2.23,77735
13-Jun-12,2.20,2.25,2.16,2.20,98878
12-Jun-12,2.23,2.24,2.16,2.22,95554
11-Jun-12,2.28,2.29,2.17,2.22,117892
8-Jun-12,2.25,2.30,2.17,2.26,145720
7-Jun-12,2.20,2.35,2.20,2.23,436826
6-Jun-12,2.07,2.22,2.02,2.18,328560
5-Jun-12,2.00,2.05,1.98,2.00,190277
4-Jun-12,2.00,2.04,1.92,1.94,325823
1-Jun-12,2.00,2.03,1.93,1.96,202972
31-May-12,2.11,2.15,1.95,1.99,231156
30-May-12,1.97,2.05,1.96,1.97,128408
29-May-12,2.05,2.05,1.94,1.97,457727
25-May-12,2.03,2.10,2.02,2.05,141082
24-May-12,2.12,2.17,2.02,2.06,198421
23-May-12,2.12,2.16,2.06,2.12,181734
22-May-12,2.20,2.32,2.11,2.11,306780
21-May-12,2.05,2.20,2.01,2.16,238665
18-May-12,2.12,2.15,2.00,2.01,420060
17-May-12,2.27,2.35,2.13,2.16,310787
16-May-12,2.37,2.43,2.21,2.25,298949
15-May-12,2.40,2.48,2.30,2.32,203284
14-May-12,2.40,2.48,2.32,2.39,389824
11-May-12,2.50,2.58,2.47,2.52,118724
10-May-12,2.56,2.59,2.46,2.51,115537
9-May-12,2.56,2.60,2.53,2.54,179221
8-May-12,2.46,2.58,2.46,2.56,165296
7-May-12,2.34,2.48,2.31,2.47,159656
4-May-12,2.45,2.46,2.32,2.37,345450
3-May-12,2.50,2.54,2.45,2.49,150001
2-May-12,2.51,2.53,2.50,2.50,148319
1-May-12,2.59,2.61,2.52,2.53,215356
30-Apr-12,2.50,2.58,2.47,2.56,178344
27-Apr-12,2.46,2.52,2.45,2.49,172152
26-Apr-12,2.46,2.52,2.44,2.47,238568
25-Apr-12,2.55,2.55,2.46,2.49,213795
24-Apr-12,2.69,2.72,2.37,2.55,928595
23-Apr-12,2.58,2.69,2.51,2.64,526127
20-Apr-12,2.41,2.64,2.35,2.56,986853
19-Apr-12,2.29,2.38,2.25,2.37,222313
18-Apr-12,2.32,2.34,2.20,2.30,216683
17-Apr-12,2.23,2.32,2.20,2.30,348809
16-Apr-12,2.25,2.29,2.18,2.24,367686
13-Apr-12,2.22,2.23,2.15,2.18,323792
12-Apr-12,2.06,2.21,2.06,2.19,441467
11-Apr-12,2.05,2.10,2.03,2.08,159347
10-Apr-12,2.12,2.12,2.00,2.05,271176
9-Apr-12,2.09,2.17,2.03,2.07,409817
5-Apr-12,2.00,2.07,1.99,2.03,263195
4-Apr-12,1.98,2.00,1.91,2.00,202061
3-Apr-12,2.02,2.02,1.97,2.01,133115
2-Apr-12,2.02,2.02,1.95,2.01,219541
30-Mar-12,2.04,2.06,2.00,2.02,320127
29-Mar-12,1.96,2.04,1.94,2.02,257493
28-Mar-12,1.97,1.99,1.95,1.97,155404
27-Mar-12,1.93,1.98,1.93,1.95,215518
26-Mar-12,1.91,1.95,1.87,1.91,214692
23-Mar-12,1.92,1.95,1.87,1.91,310281
22-Mar-12,1.92,1.94,1.85,1.92,317826
21-Mar-12,1.96,1.98,1.87,1.91,285805
20-Mar-12,1.98,2.01,1.90,1.94,452527
19-Mar-12,2.04,2.09,1.99,1.99,452752
16-Mar-12,2.10,2.12,2.04,2.06,232258
15-Mar-12,2.03,2.11,2.03,2.10,192113
14-Mar-12,2.08,2.11,2.00,2.04,415496
13-Mar-12,2.12,2.17,2.06,2.09,356761
12-Mar-12,2.20,2.29,2.03,2.04,869133
9-Mar-12,1.83,2.72,1.79,2.20,3883482
8-Mar-12,1.85,1.85,1.82,1.82,70883
7-Mar-12,1.82,1.91,1.79,1.85,129706
6-Mar-12,1.85,1.87,1.79,1.80,121559
5-Mar-12,1.86,1.88,1.80,1.84,207662
2-Mar-12,1.83,1.88,1.82,1.85,195631
1-Mar-12,1.86,1.86,1.80,1.82,156938
29-Feb-12,1.81,1.82,1.78,1.79,161170
28-Feb-12,1.85,1.85,1.78,1.82,93187
27-Feb-12,1.78,1.86,1.75,1.85,296514
24-Feb-12,1.77,1.82,1.76,1.78,209151
23-Feb-12,1.86,1.86,1.75,1.79,405470
22-Feb-12,1.79,1.90,1.79,1.84,99600
21-Feb-12,1.84,1.84,1.79,1.81,125622
17-Feb-12,1.84,1.90,1.79,1.84,269955
16-Feb-12,1.80,1.85,1.80,1.85,101472
15-Feb-12,1.88,1.88,1.80,1.80,240072
14-Feb-12,1.85,1.87,1.81,1.85,128813
13-Feb-12,1.85,1.91,1.83,1.84,130575
10-Feb-12,1.83,1.90,1.83,1.83,155793
9-Feb-12,1.94,1.94,1.83,1.84,407063
8-Feb-12,1.97,2.00,1.89,1.95,208174
7-Feb-12,1.98,1.98,1.95,1.98,133337
6-Feb-12,2.00,2.02,1.96,1.98,238020
3-Feb-12,2.02,2.02,1.97,2.00,207454
2-Feb-12,1.97,1.97,1.97,1.97,0
1-Feb-12,1.99,2.02,1.97,2.00,84318
31-Jan-12,2.00,2.01,1.97,1.97,99273
30-Jan-12,2.03,2.06,1.95,2.01,105656
27-Jan-12,2.03,2.11,2.02,2.03,278523
26-Jan-12,1.96,2.05,1.95,2.00,420846
25-Jan-12,1.95,1.99,1.95,1.96,133381
24-Jan-12,2.01,2.01,1.94,1.97,132058
23-Jan-12,1.96,2.05,1.94,1.96,155911
20-Jan-12,2.15,2.15,1.95,1.97,299726
19-Jan-12,2.00,2.00,2.00,2.00,0
18-Jan-12,1.90,1.97,1.86,1.97,211304
17-Jan-12,1.87,1.99,1.80,1.92,429108
13-Jan-12,1.87,1.87,1.87,1.87,0
12-Jan-12,1.82,1.82,1.82,1.82,0
11-Jan-12,1.84,1.88,1.82,1.86,164196
10-Jan-12,1.86,1.88,1.82,1.87,135280
9-Jan-12,1.84,1.89,1.80,1.86,404728
6-Jan-12,1.87,1.94,1.87,1.88,106642
5-Jan-12,1.85,1.85,1.85,1.85,0
4-Jan-12,1.80,1.87,1.78,1.80,238676
3-Jan-12,1.84,1.87,1.80,1.81,151838
30-Dec-11,1.82,1.82,1.82,1.82,0
29-Dec-11,1.82,1.86,1.81,1.82,136703
28-Dec-11,1.83,1.85,1.81,1.83,99051
27-Dec-11,1.80,1.87,1.78,1.85,137977
23-Dec-11,1.82,1.82,1.82,1.82,0
22-Dec-11,1.89,1.89,1.76,1.80,238673
21-Dec-11,1.84,1.90,1.80,1.89,82801
20-Dec-11,1.79,1.90,1.78,1.86,167257
19-Dec-11,1.88,1.93,1.76,1.79,226706
16-Dec-11,1.90,1.91,1.78,1.90,377881
15-Dec-11,1.91,1.91,1.91,1.91,0
14-Dec-11,2.03,2.05,1.93,1.99,286882
13-Dec-11,2.06,2.09,2.03,2.06,242980
12-Dec-11,2.08,2.10,2.05,2.07,143797
9-Dec-11,2.10,2.12,2.07,2.09,241789
8-Dec-11,2.10,2.14,2.08,2.08,168182
7-Dec-11,2.17,2.18,2.10,2.12,422563
6-Dec-11,2.17,2.25,2.12,2.15,242266
5-Dec-11,2.18,2.20,2.15,2.16,164424
2-Dec-11,2.11,2.18,2.11,2.12,162695
1-Dec-11,2.14,2.17,2.08,2.08,228157
30-Nov-11,2.21,2.25,2.12,2.12,307145
29-Nov-11,2.26,2.28,2.13,2.18,156284
28-Nov-11,2.16,2.29,2.12,2.26,542673
25-Nov-11,2.16,2.19,2.12,2.14,76892
23-Nov-11,2.17,2.17,2.17,2.17,0
22-Nov-11,2.20,2.24,2.13,2.21,203659
21-Nov-11,2.19,2.23,2.10,2.22,607624
18-Nov-11,2.39,2.40,2.17,2.23,618378
17-Nov-11,2.37,2.37,2.37,2.37,0
16-Nov-11,2.58,2.58,2.47,2.53,322620
15-Nov-11,2.53,2.53,2.53,2.53,0
14-Nov-11,2.80,2.91,2.43,2.58,1021448
11-Nov-11,2.60,2.84,2.57,2.75,1229938
10-Nov-11,2.69,2.69,2.53,2.56,239124
9-Nov-11,2.71,2.71,2.60,2.69,373730
8-Nov-11,2.69,2.69,2.56,2.64,128999
7-Nov-11,2.63,2.67,2.53,2.61,188210
4-Nov-11,2.68,2.69,2.58,2.64,150383
3-Nov-11,2.58,2.69,2.58,2.66,219033
2-Nov-11,2.52,2.63,2.52,2.58,279573
1-Nov-11,2.44,2.51,2.40,2.45,151468
31-Oct-11,2.53,2.60,2.51,2.56,64267
28-Oct-11,2.57,2.67,2.55,2.60,113811
27-Oct-11,2.61,2.61,2.50,2.60,295907
26-Oct-11,2.62,2.65,2.50,2.53,108536
25-Oct-11,2.60,2.69,2.47,2.59,465470
24-Oct-11,2.42,2.57,2.41,2.57,261143
21-Oct-11,2.33,2.42,2.33,2.40,208752
20-Oct-11,2.37,2.38,2.30,2.31,119225
19-Oct-11,2.36,2.41,2.35,2.39,95400
18-Oct-11,2.33,2.40,2.26,2.40,100336
17-Oct-11,2.37,2.40,2.25,2.34,211387
14-Oct-11,2.33,2.42,2.33,2.41,142997
13-Oct-11,2.38,2.44,2.36,2.39,54197
12-Oct-11,2.38,2.44,2.35,2.41,217986
11-Oct-11,2.25,2.37,2.25,2.36,190957
10-Oct-11,2.36,2.37,2.25,2.29,150885
7-Oct-11,2.21,2.32,2.20,2.31,124963
6-Oct-11,2.20,2.22,2.18,2.22,99741
5-Oct-11,2.18,2.24,2.10,2.17,141030
4-Oct-11,2.20,2.25,2.10,2.18,326149
3-Oct-11,2.21,2.26,2.15,2.16,271807
30-Sep-11,2.22,2.29,2.19,2.24,158226
29-Sep-11,2.34,2.37,2.25,2.32,217541
