Date,Open,High,Low,Close,Volume
27-Sep-12,28.71,28.95,28.59,28.91,6008261
26-Sep-12,28.80,28.87,28.53,28.73,5965067
25-Sep-12,29.09,29.20,28.84,28.85,6172331
24-Sep-12,28.77,28.96,28.74,28.92,4535409
21-Sep-12,28.84,29.03,28.80,28.89,3491110
20-Sep-12,28.39,28.54,28.25,28.52,1436559
19-Sep-12,28.34,28.48,28.26,28.40,1513565
18-Sep-12,28.70,28.72,28.54,28.59,2118427
17-Sep-12,28.27,28.37,28.18,28.25,945462
14-Sep-12,28.58,28.65,28.40,28.47,1344040
13-Sep-12,28.54,28.88,28.48,28.76,3109175
12-Sep-12,28.19,28.20,27.84,28.18,2235554
11-Sep-12,28.35,28.46,28.30,28.37,1440694
10-Sep-12,28.31,28.38,28.14,28.15,1284339
7-Sep-12,28.59,28.59,28.28,28.29,5682301
6-Sep-12,28.00,28.55,28.00,28.50,9076695
5-Sep-12,28.21,28.28,28.11,28.26,7835898
4-Sep-12,28.47,28.52,28.26,28.44,9786163
31-Aug-12,29.02,29.16,28.86,28.92,6023554
30-Aug-12,29.25,29.28,28.98,29.05,4915635
29-Aug-12,29.25,29.39,29.21,29.24,4042186
28-Aug-12,29.24,29.38,29.22,29.28,4198708
27-Aug-12,29.34,29.40,29.25,29.29,4049911
24-Aug-12,29.19,29.40,29.13,29.27,7172036
23-Aug-12,29.13,29.28,29.08,29.18,4866651
22-Aug-12,29.18,29.28,29.03,29.15,7102129
21-Aug-12,29.34,29.54,29.28,29.38,6640672
20-Aug-12,29.37,29.50,29.29,29.44,4644512
17-Aug-12,29.29,29.31,29.10,29.26,6481496
16-Aug-12,29.35,29.38,29.21,29.27,8533326
15-Aug-12,29.51,29.70,29.47,29.63,7680347
14-Aug-12,29.97,30.00,29.87,29.97,3789866
13-Aug-12,29.88,29.95,29.80,29.90,3661604
10-Aug-12,29.71,30.00,29.67,29.98,5195382
9-Aug-12,29.72,29.76,29.61,29.73,6766980
8-Aug-12,29.77,30.07,29.77,30.07,6429303
7-Aug-12,29.75,29.85,29.60,29.80,6097281
6-Aug-12,29.54,29.84,29.47,29.73,3996290
3-Aug-12,29.45,29.82,29.42,29.71,11287771
2-Aug-12,29.17,29.36,29.10,29.24,10205290
1-Aug-12,29.36,29.57,29.31,29.44,14805912
31-Jul-12,28.88,28.88,28.64,28.75,11905290
30-Jul-12,28.55,28.84,28.53,28.83,9167286
27-Jul-12,28.43,28.77,28.40,28.71,6537247
26-Jul-12,28.35,28.39,28.18,28.36,6123092
25-Jul-12,27.83,27.89,27.54,27.56,9787812
24-Jul-12,27.65,27.69,27.47,27.60,11884468
23-Jul-12,27.76,28.04,27.67,27.97,6985191
20-Jul-12,27.94,28.31,27.91,28.20,12562621
19-Jul-12,28.56,28.94,28.50,28.84,8189050
18-Jul-12,28.81,29.07,28.76,29.04,6760866
17-Jul-12,28.49,28.82,28.48,28.80,7828855
16-Jul-12,28.74,28.87,28.65,28.84,7753375
13-Jul-12,28.39,28.64,28.35,28.59,9583904
12-Jul-12,28.11,28.26,27.95,28.19,8123237
11-Jul-12,28.59,28.78,28.50,28.59,10188778
10-Jul-12,28.23,28.28,28.10,28.15,6826949
9-Jul-12,28.37,28.39,28.11,28.28,5961010
6-Jul-12,28.10,28.15,28.01,28.11,5710461
5-Jul-12,28.32,28.38,28.20,28.31,4719530
3-Jul-12,28.08,28.25,28.07,28.24,5307280
2-Jul-12,27.87,28.29,27.85,28.28,8380322
29-Jun-12,28.15,28.29,28.07,28.18,7945832
28-Jun-12,27.91,28.24,27.82,28.21,7661424
27-Jun-12,28.01,28.27,27.95,28.21,6228656
26-Jun-12,27.92,28.02,27.81,27.98,6588928
25-Jun-12,27.70,27.93,27.54,27.86,7034688
22-Jun-12,27.88,27.89,27.62,27.68,7523798
21-Jun-12,27.85,27.97,27.63,27.63,7770068
20-Jun-12,27.91,28.03,27.79,27.99,9457819
19-Jun-12,27.87,28.18,27.81,28.04,8609933
18-Jun-12,27.27,27.53,27.25,27.41,5617238
15-Jun-12,27.38,27.55,27.20,27.54,10374794
14-Jun-12,27.35,27.46,27.25,27.44,8530312
13-Jun-12,27.27,27.40,27.13,27.20,7664793
12-Jun-12,26.86,27.24,26.82,27.24,12892898
11-Jun-12,26.73,26.75,26.44,26.46,8176334
8-Jun-12,26.31,26.63,26.25,26.58,9302497
7-Jun-12,26.55,26.55,26.24,26.26,10256279
6-Jun-12,26.15,26.33,26.06,26.26,13015802
5-Jun-12,26.75,26.89,26.74,26.84,10051676
4-Jun-12,26.92,26.99,26.72,26.81,9695004
1-Jun-12,26.81,26.90,26.61,26.78,12033984
31-May-12,26.82,26.89,26.47,26.79,8733348
30-May-12,26.74,26.94,26.70,26.75,13377688
29-May-12,26.96,27.19,26.92,27.13,8757414
25-May-12,26.83,27.27,26.80,27.18,8455520
24-May-12,26.98,27.15,26.86,27.10,8551288
23-May-12,26.98,27.00,26.59,26.88,10184740
22-May-12,26.94,27.25,26.87,27.11,10288567
21-May-12,26.15,26.30,26.10,26.29,6852302
18-May-12,26.19,26.27,26.00,26.10,10365265
17-May-12,26.21,26.42,26.10,26.18,13317561
16-May-12,26.95,27.05,26.77,26.78,10551610
15-May-12,27.34,27.49,27.20,27.32,6633436
14-May-12,27.34,27.48,27.20,27.38,6752386
11-May-12,27.41,27.80,27.40,27.60,6809202
10-May-12,27.79,27.88,27.70,27.82,6150384
9-May-12,27.55,27.78,27.38,27.57,9800679
8-May-12,28.02,28.03,27.76,27.96,9140184
7-May-12,27.68,28.08,27.67,27.99,5939674
4-May-12,27.93,27.95,27.71,27.79,5705777
3-May-12,28.20,28.26,27.97,28.04,5800642
2-May-12,27.73,28.06,27.68,28.06,6619648
1-May-12,27.95,28.20,27.94,28.02,6013990
30-Apr-12,27.68,27.84,27.65,27.82,7783286
27-Apr-12,27.90,28.00,27.75,27.93,6294704
26-Apr-12,27.74,28.09,27.68,28.04,5645754
25-Apr-12,27.68,27.79,27.62,27.78,6169970
24-Apr-12,27.70,27.85,27.62,27.76,5386442
23-Apr-12,27.86,27.87,27.58,27.70,7344497
20-Apr-12,27.88,27.93,27.68,27.69,6783640
19-Apr-12,27.79,27.87,27.56,27.70,8213355
18-Apr-12,27.35,27.44,27.25,27.35,4444377
17-Apr-12,27.51,27.66,27.46,27.57,5727693
16-Apr-12,27.34,27.36,27.06,27.24,5578046
13-Apr-12,26.97,27.04,26.83,26.95,6422525
12-Apr-12,27.00,27.36,26.97,27.20,6229754
11-Apr-12,27.14,27.26,27.06,27.13,8553793
10-Apr-12,27.26,27.37,26.87,26.95,8646112
9-Apr-12,27.19,27.39,27.10,27.29,3795967
5-Apr-12,27.21,27.40,27.20,27.36,5883224
4-Apr-12,27.56,27.72,27.32,27.55,7956821
3-Apr-12,28.21,28.21,28.00,28.11,6527247
2-Apr-12,27.73,28.39,27.73,28.31,7870338
30-Mar-12,27.79,27.83,27.58,27.67,7296088
29-Mar-12,27.61,28.03,27.61,28.01,9685492
28-Mar-12,27.91,27.93,27.56,27.78,9788724
27-Mar-12,27.89,27.97,27.78,27.85,6120735
26-Mar-12,27.87,27.96,27.77,27.96,4982790
23-Mar-12,27.71,27.73,27.51,27.65,5645537
22-Mar-12,27.35,27.76,27.33,27.74,11889766
21-Mar-12,27.44,27.48,27.22,27.34,9295937
20-Mar-12,26.97,27.39,26.90,27.36,14484135
19-Mar-12,26.60,26.79,26.42,26.65,6855443
16-Mar-12,26.38,26.48,26.26,26.41,8267661
15-Mar-12,26.11,26.31,26.00,26.29,8670357
14-Mar-12,26.69,26.72,26.13,26.26,12628372
13-Mar-12,26.76,27.06,26.73,27.06,6288651
12-Mar-12,26.71,26.82,26.55,26.79,4669759
9-Mar-12,26.65,26.68,26.51,26.58,13537167
8-Mar-12,26.97,27.08,26.89,27.00,5750141
7-Mar-12,26.77,26.90,26.72,26.85,4404654
6-Mar-12,26.90,26.94,26.76,26.82,7036518
5-Mar-12,27.15,27.25,27.10,27.15,5577867
2-Mar-12,27.19,27.22,27.10,27.18,6005134
1-Mar-12,27.36,27.51,27.34,27.45,9209357
29-Feb-12,27.24,27.32,27.04,27.09,9968033
28-Feb-12,27.54,27.58,27.41,27.53,6020234
27-Feb-12,27.32,27.40,27.25,27.32,4882846
24-Feb-12,27.29,27.42,27.26,27.31,8835150
23-Feb-12,27.27,27.42,27.20,27.38,6991486
22-Feb-12,27.28,27.45,27.28,27.42,7837349
21-Feb-12,27.91,27.95,27.76,27.84,4722029
17-Feb-12,27.59,27.86,27.56,27.79,6484766
16-Feb-12,27.41,27.60,27.28,27.56,9223020
15-Feb-12,27.52,27.54,27.22,27.30,6490050
14-Feb-12,27.33,27.44,27.20,27.44,10334632
13-Feb-12,27.55,27.64,27.44,27.53,5729362
10-Feb-12,27.41,27.43,27.31,27.40,8133674
9-Feb-12,27.74,27.83,27.54,27.77,6607768
8-Feb-12,27.60,27.71,27.51,27.64,7350898
7-Feb-12,27.87,28.01,27.76,27.94,10675052
6-Feb-12,28.04,28.28,28.00,28.24,9319076
3-Feb-12,27.66,27.92,27.62,27.87,8727684
2-Feb-12,27.29,27.30,27.12,27.23,7311699
1-Feb-12,27.08,27.20,27.05,27.08,9155593
31-Jan-12,27.25,27.30,27.00,27.08,7792211
30-Jan-12,27.20,27.20,27.01,27.20,5822192
27-Jan-12,27.16,27.24,27.04,27.14,7424395
26-Jan-12,27.32,27.55,27.26,27.34,9897125
25-Jan-12,27.29,27.66,27.18,27.60,13022626
24-Jan-12,27.40,27.66,27.37,27.66,7715802
23-Jan-12,27.87,28.08,27.83,27.86,7295007
20-Jan-12,27.72,27.78,27.55,27.76,9407256
19-Jan-12,26.88,27.21,26.83,27.19,8609374
18-Jan-12,27.03,27.26,26.98,27.23,7068359
17-Jan-12,26.99,27.12,26.88,26.93,8061787
13-Jan-12,26.88,26.88,26.88,26.88,0
12-Jan-12,27.66,27.84,27.56,27.81,6049036
11-Jan-12,27.62,27.74,27.51,27.72,7381255
10-Jan-12,27.81,27.81,27.81,27.81,0
9-Jan-12,27.55,27.70,27.37,27.66,11211401
6-Jan-12,28.02,28.04,27.61,27.82,5349983
5-Jan-12,27.30,27.76,27.29,27.76,12950591
4-Jan-12,28.29,28.32,28.11,28.14,6801749
3-Jan-12,28.15,28.37,28.11,28.24,9644239
30-Dec-11,28.03,28.03,28.03,28.03,0
29-Dec-11,27.59,27.77,27.50,27.74,4329254
28-Dec-11,27.42,27.42,27.42,27.42,0
27-Dec-11,27.78,27.97,27.77,27.85,3013440
23-Dec-11,27.71,27.71,27.71,27.71,0
22-Dec-11,27.16,27.41,27.11,27.36,8583397
21-Dec-11,27.27,27.36,27.10,27.26,7429924
20-Dec-11,27.39,27.39,27.39,27.39,0
19-Dec-11,27.12,27.23,26.93,26.98,6109745
16-Dec-11,27.57,27.61,27.01,27.17,8729505
15-Dec-11,27.29,27.37,27.11,27.24,6932464
14-Dec-11,27.32,27.42,26.96,27.04,7600542
13-Dec-11,27.53,27.82,27.26,27.37,8745526
12-Dec-11,27.16,27.16,27.16,27.16,0
9-Dec-11,27.13,27.39,27.11,27.28,6749284
8-Dec-11,27.30,27.34,26.89,26.93,7251954
7-Dec-11,27.13,27.28,26.82,27.20,8906100
6-Dec-11,27.16,27.50,27.16,27.36,7157287
5-Dec-11,27.33,27.36,27.02,27.11,7272302
2-Dec-11,27.07,27.12,26.78,26.80,6859160
1-Dec-11,27.43,27.53,27.15,27.20,7968184
30-Nov-11,26.96,27.23,26.86,27.15,7557534
29-Nov-11,26.50,26.67,26.39,26.44,6850326
28-Nov-11,26.43,26.45,26.01,26.14,7495760
25-Nov-11,25.67,26.07,25.63,25.63,4657646
23-Nov-11,25.87,25.87,25.87,25.87,0
22-Nov-11,26.46,26.63,26.31,26.41,9231703
21-Nov-11,26.50,26.68,26.39,26.59,8236142
18-Nov-11,27.19,27.23,26.89,26.96,8369470
17-Nov-11,27.50,27.59,27.18,27.31,10977203
16-Nov-11,27.48,27.61,27.27,27.29,10150570
15-Nov-11,28.80,28.96,28.64,28.72,12851743
14-Nov-11,29.01,29.28,28.90,29.07,10401771
11-Nov-11,28.69,29.05,28.63,28.89,7105369
10-Nov-11,28.55,28.60,28.19,28.39,9446119
9-Nov-11,28.18,28.30,27.83,27.94,9000909
8-Nov-11,28.64,28.70,28.30,28.63,9522443
7-Nov-11,27.77,28.25,27.67,28.21,8216838
4-Nov-11,27.84,28.00,27.64,27.92,5611348
3-Nov-11,27.88,28.13,27.67,28.06,10574829
2-Nov-11,27.47,27.88,27.44,27.80,8005671
1-Nov-11,27.15,27.63,27.09,27.40,10495655
31-Oct-11,28.36,28.41,27.84,27.84,7219081
28-Oct-11,28.15,28.29,28.01,28.19,7667983
27-Oct-11,28.52,28.79,28.25,28.66,7625511
26-Oct-11,28.36,28.40,27.92,28.32,9329431
25-Oct-11,27.96,28.08,27.75,27.87,7310975
24-Oct-11,27.89,28.23,27.85,28.21,6244618
21-Oct-11,27.95,28.11,27.88,28.01,7817240
20-Oct-11,27.69,27.73,27.31,27.64,9943055
19-Oct-11,27.39,27.56,27.14,27.26,6674687
18-Oct-11,27.07,27.54,26.91,27.42,8500566
17-Oct-11,27.34,27.49,27.24,27.30,6274855
14-Oct-11,27.65,27.65,27.36,27.60,5090449
13-Oct-11,27.11,27.48,27.00,27.48,6194209
12-Oct-11,26.97,27.28,26.95,27.06,6585077
11-Oct-11,26.71,26.98,26.62,26.90,6501906
10-Oct-11,26.86,27.22,26.78,27.22,7638824
7-Oct-11,26.70,26.74,26.22,26.25,9757820
6-Oct-11,26.03,26.59,25.82,26.57,11130071
5-Oct-11,26.10,26.33,25.88,26.32,12476714
4-Oct-11,25.86,26.01,25.42,26.00,18105359
3-Oct-11,25.90,26.22,25.70,25.70,13364634
30-Sep-11,25.89,25.99,25.64,25.66,11574517
29-Sep-11,26.35,26.49,25.78,26.13,9085362
