Date,Open,High,Low,Close,Volume
26-Sep-12,1.48,1.48,1.43,1.45,7822
25-Sep-12,1.61,1.61,1.47,1.52,7550
24-Sep-12,1.68,1.68,1.59,1.63,10853
21-Sep-12,1.60,1.68,1.56,1.68,20504
20-Sep-12,1.58,1.59,1.56,1.58,4650
19-Sep-12,1.50,1.57,1.50,1.57,9175
18-Sep-12,1.54,1.55,1.49,1.50,6400
17-Sep-12,1.59,1.59,1.38,1.53,19450
14-Sep-12,1.65,1.65,1.55,1.59,17370
13-Sep-12,1.43,1.59,1.42,1.57,19432
12-Sep-12,1.48,1.53,1.43,1.48,8930
11-Sep-12,1.45,1.54,1.41,1.49,15425
10-Sep-12,1.47,1.47,1.37,1.42,23150
7-Sep-12,1.41,1.50,1.38,1.47,42591
6-Sep-12,1.46,1.49,1.41,1.48,7600
5-Sep-12,1.47,1.47,1.41,1.45,8003
4-Sep-12,1.37,1.46,1.37,1.46,21707
31-Aug-12,1.30,1.37,1.30,1.37,6909
30-Aug-12,1.34,1.35,1.30,1.30,4500
29-Aug-12,1.34,1.35,1.30,1.35,15360
28-Aug-12,1.34,1.36,1.30,1.36,4660
27-Aug-12,1.33,1.37,1.33,1.35,1663
24-Aug-12,1.37,1.42,1.35,1.37,5310
23-Aug-12,1.36,1.43,1.35,1.36,9000
22-Aug-12,1.38,1.38,1.32,1.36,4382
21-Aug-12,1.33,1.40,1.33,1.37,7410
20-Aug-12,1.31,1.36,1.31,1.32,25140
17-Aug-12,1.34,1.34,1.31,1.34,3570
16-Aug-12,1.35,1.38,1.31,1.33,4960
15-Aug-12,1.30,1.31,1.30,1.30,2000
14-Aug-12,1.35,1.35,1.30,1.30,2909
13-Aug-12,1.30,1.37,1.30,1.34,6029
10-Aug-12,1.38,1.38,1.30,1.31,7200
9-Aug-12,1.29,1.36,1.29,1.34,2400
8-Aug-12,1.32,1.33,1.30,1.31,3100
7-Aug-12,1.32,1.33,1.31,1.32,8983
6-Aug-12,1.27,1.31,1.27,1.29,10017
3-Aug-12,1.24,1.26,1.20,1.26,5947
2-Aug-12,1.25,1.25,1.25,1.25,4770
1-Aug-12,1.25,1.27,1.25,1.25,6486
31-Jul-12,1.29,1.30,1.25,1.25,3800
30-Jul-12,1.29,1.33,1.27,1.29,5671
27-Jul-12,1.28,1.28,1.24,1.28,2790
26-Jul-12,1.24,1.27,1.23,1.26,2000
25-Jul-12,1.22,1.28,1.22,1.27,4840
24-Jul-12,1.22,1.22,1.20,1.20,1800
23-Jul-12,1.21,1.25,1.10,1.20,7257
20-Jul-12,1.20,1.23,1.19,1.23,2000
19-Jul-12,1.20,1.24,1.18,1.21,15926
18-Jul-12,1.22,1.22,1.15,1.19,10750
17-Jul-12,1.22,1.25,1.19,1.23,4210
16-Jul-12,1.22,1.24,1.15,1.24,4892
13-Jul-12,1.20,1.24,1.20,1.22,3900
12-Jul-12,1.22,1.23,1.15,1.21,3700
11-Jul-12,1.28,1.33,1.10,1.25,17476
10-Jul-12,1.28,1.34,1.20,1.29,10707
9-Jul-12,1.30,1.32,1.27,1.29,2800
6-Jul-12,1.35,1.35,1.32,1.35,10930
5-Jul-12,1.31,1.38,1.25,1.36,6550
3-Jul-12,1.37,1.42,1.30,1.32,12900
2-Jul-12,1.35,1.35,1.30,1.34,3500
29-Jun-12,1.31,1.35,1.25,1.35,4300
28-Jun-12,1.34,1.39,1.24,1.26,22400
27-Jun-12,1.37,1.40,1.36,1.38,2000
26-Jun-12,1.38,1.38,1.37,1.37,1505
25-Jun-12,1.40,1.40,1.37,1.40,6400
22-Jun-12,1.42,1.47,1.40,1.47,7505
21-Jun-12,1.49,1.50,1.44,1.45,8950
20-Jun-12,1.49,1.50,1.49,1.50,3284
19-Jun-12,1.49,1.51,1.49,1.51,2400
18-Jun-12,1.51,1.51,1.44,1.51,5754
15-Jun-12,1.51,1.51,1.46,1.50,10232
14-Jun-12,1.50,1.50,1.45,1.50,353
13-Jun-12,1.45,1.50,1.44,1.50,5100
12-Jun-12,1.45,1.50,1.42,1.47,12300
11-Jun-12,1.52,1.55,1.51,1.51,1958
8-Jun-12,1.53,1.54,1.50,1.51,1100
7-Jun-12,1.57,1.57,1.52,1.55,5900
6-Jun-12,1.50,1.62,1.50,1.53,20988
5-Jun-12,1.40,1.45,1.38,1.45,2915
4-Jun-12,1.45,1.47,1.37,1.43,9734
1-Jun-12,1.35,1.46,1.35,1.43,2300
31-May-12,1.39,1.39,1.35,1.35,7200
30-May-12,1.40,1.40,1.37,1.40,15820
29-May-12,1.50,1.50,1.40,1.40,6300
25-May-12,1.44,1.48,1.41,1.46,3600
24-May-12,1.46,1.46,1.40,1.44,700
23-May-12,1.37,1.42,1.37,1.41,1700
22-May-12,1.48,1.50,1.40,1.41,12858
21-May-12,1.47,1.47,1.43,1.46,4189
18-May-12,1.40,1.50,1.40,1.47,18050
17-May-12,1.17,1.39,1.17,1.39,15955
16-May-12,1.25,1.25,1.12,1.16,13800
15-May-12,1.34,1.34,1.25,1.25,13450
14-May-12,1.43,1.43,1.33,1.35,8720
11-May-12,1.42,1.48,1.42,1.45,6600
10-May-12,1.54,1.54,1.43,1.46,9014
9-May-12,1.57,1.59,1.43,1.52,10527
8-May-12,1.60,1.63,1.59,1.59,706
7-May-12,1.65,1.65,1.54,1.62,6253
4-May-12,1.68,1.71,1.61,1.63,4488
3-May-12,1.73,1.73,1.65,1.71,5600
2-May-12,1.72,1.78,1.72,1.75,2600
1-May-12,1.79,1.79,1.69,1.75,9400
30-Apr-12,1.58,1.79,1.58,1.77,34998
27-Apr-12,1.63,1.68,1.53,1.57,6852
26-Apr-12,1.62,1.67,1.61,1.62,11700
25-Apr-12,1.55,1.63,1.55,1.63,4000
24-Apr-12,1.51,1.62,1.51,1.58,8591
23-Apr-12,1.51,1.51,1.46,1.47,18725
20-Apr-12,1.57,1.57,1.53,1.56,7500
19-Apr-12,1.52,1.60,1.52,1.56,5143
18-Apr-12,1.59,1.59,1.50,1.50,2055
17-Apr-12,1.58,1.61,1.56,1.60,6525
16-Apr-12,1.60,1.60,1.51,1.55,5082
13-Apr-12,1.60,1.60,1.55,1.60,4113
12-Apr-12,1.51,1.60,1.50,1.60,7829
11-Apr-12,1.60,1.65,1.50,1.50,6800
10-Apr-12,1.54,1.60,1.53,1.59,10631
9-Apr-12,1.55,1.56,1.50,1.53,16146
5-Apr-12,1.67,1.67,1.55,1.58,23570
4-Apr-12,1.67,1.67,1.64,1.67,5200
3-Apr-12,1.70,1.72,1.69,1.69,6400
2-Apr-12,1.68,1.70,1.65,1.68,3840
30-Mar-12,1.73,1.73,1.66,1.70,7500
29-Mar-12,1.66,1.68,1.66,1.68,5610
28-Mar-12,1.76,1.76,1.66,1.67,13500
27-Mar-12,1.80,1.80,1.74,1.76,1625
26-Mar-12,1.86,1.86,1.81,1.81,8460
23-Mar-12,1.74,1.86,1.70,1.86,25877
22-Mar-12,1.81,1.81,1.71,1.73,9486
21-Mar-12,1.83,1.83,1.78,1.82,2800
20-Mar-12,1.81,1.84,1.75,1.84,13800
19-Mar-12,1.83,1.84,1.82,1.84,5873
16-Mar-12,1.86,1.88,1.81,1.88,9516
15-Mar-12,1.84,2.03,1.81,1.86,7942
14-Mar-12,1.89,1.89,1.83,1.85,4200
13-Mar-12,1.97,2.00,1.94,1.94,9900
12-Mar-12,1.81,1.95,1.81,1.92,7200
9-Mar-12,1.82,1.87,1.82,1.83,6400
8-Mar-12,1.83,1.86,1.80,1.84,5400
7-Mar-12,1.90,1.90,1.81,1.84,18200
6-Mar-12,1.90,1.90,1.79,1.84,17980
5-Mar-12,2.01,2.01,1.88,1.93,6775
2-Mar-12,1.99,2.01,1.99,2.00,7700
1-Mar-12,2.00,2.04,1.98,2.03,2250
29-Feb-12,2.10,2.15,2.00,2.01,17345
28-Feb-12,2.05,2.10,2.02,2.10,9313
27-Feb-12,2.05,2.05,2.01,2.01,4703
24-Feb-12,2.03,2.08,2.03,2.06,6455
23-Feb-12,2.00,2.11,2.00,2.03,24484
22-Feb-12,1.99,2.06,1.99,2.02,8231
21-Feb-12,2.00,2.08,2.00,2.03,16219
17-Feb-12,2.04,2.04,1.99,2.01,4800
16-Feb-12,1.98,2.09,1.98,2.05,10620
15-Feb-12,1.98,2.00,1.98,1.99,8224
14-Feb-12,1.99,2.00,1.97,1.99,17300
13-Feb-12,2.00,2.02,1.99,1.99,35950
10-Feb-12,2.01,2.04,2.00,2.04,21395
9-Feb-12,2.08,2.14,2.02,2.02,30191
8-Feb-12,2.13,2.14,2.09,2.10,4224
7-Feb-12,2.11,2.21,2.10,2.10,14056
6-Feb-12,2.09,2.16,2.09,2.12,17351
3-Feb-12,2.16,2.20,2.10,2.12,19180
2-Feb-12,2.12,2.18,2.09,2.12,17481
1-Feb-12,2.20,2.25,2.15,2.15,21827
31-Jan-12,2.23,2.28,2.13,2.17,38585
30-Jan-12,2.15,2.21,2.06,2.18,20077
27-Jan-12,2.19,2.21,2.17,2.19,12858
26-Jan-12,2.10,2.24,2.10,2.18,55692
25-Jan-12,1.89,2.04,1.89,2.00,18355
24-Jan-12,1.90,1.93,1.89,1.91,16181
23-Jan-12,1.91,2.02,1.91,1.91,17901
20-Jan-12,1.90,1.97,1.89,1.94,14638
19-Jan-12,2.03,2.03,1.93,1.93,8700
18-Jan-12,1.95,2.03,1.95,2.03,4399
17-Jan-12,1.99,2.03,1.95,1.96,8680
13-Jan-12,2.00,2.00,2.00,2.00,0
12-Jan-12,1.99,2.02,1.96,1.98,9346
11-Jan-12,2.00,2.00,1.98,1.98,6887
10-Jan-12,2.03,2.04,1.99,2.01,10484
9-Jan-12,2.03,2.03,1.95,1.95,18914
6-Jan-12,2.05,2.09,2.02,2.03,4520
5-Jan-12,2.10,2.10,2.03,2.05,2199
4-Jan-12,2.07,2.13,1.95,2.09,12760
3-Jan-12,2.07,2.18,2.05,2.14,11400
30-Dec-11,2.01,2.08,1.99,2.00,8990
29-Dec-11,1.83,2.00,1.83,2.00,19131
28-Dec-11,2.00,2.00,1.86,1.91,29830
27-Dec-11,2.14,2.17,2.00,2.00,10930
23-Dec-11,2.12,2.12,2.12,2.12,0
22-Dec-11,2.05,2.06,1.99,2.04,11232
21-Dec-11,2.00,2.06,2.00,2.03,21111
20-Dec-11,1.97,2.07,1.97,2.01,16550
19-Dec-11,2.22,2.22,1.95,1.97,36317
16-Dec-11,2.11,2.24,2.10,2.19,21015
15-Dec-11,1.97,2.11,1.97,2.08,22918
14-Dec-11,2.05,2.07,1.85,2.05,46685
13-Dec-11,2.28,2.32,2.05,2.08,18021
12-Dec-11,2.40,2.40,2.20,2.27,63217
9-Dec-11,2.54,2.65,2.42,2.47,27101
8-Dec-11,2.75,2.75,2.47,2.48,69017
7-Dec-11,2.85,2.86,2.62,2.74,134068
6-Dec-11,2.65,3.14,2.59,2.82,210956
5-Dec-11,2.51,2.64,2.50,2.60,109266
2-Dec-11,2.48,2.48,2.32,2.33,23992
1-Dec-11,2.47,2.47,2.33,2.40,23239
30-Nov-11,2.28,2.44,2.27,2.41,65080
29-Nov-11,2.25,2.25,2.10,2.10,25148
28-Nov-11,2.00,2.35,1.96,2.21,47949
25-Nov-11,1.78,1.84,1.77,1.82,13234
23-Nov-11,1.86,1.86,1.86,1.86,0
22-Nov-11,1.98,1.99,1.91,1.94,10625
21-Nov-11,2.20,2.20,1.96,2.01,25886
18-Nov-11,2.20,2.25,2.16,2.17,4400
17-Nov-11,2.34,2.41,2.11,2.21,103618
16-Nov-11,1.92,2.18,1.87,2.14,29922
15-Nov-11,2.03,2.03,1.93,1.93,38511
14-Nov-11,2.07,2.07,1.95,2.02,12509
11-Nov-11,2.00,2.10,2.00,2.07,22400
10-Nov-11,2.17,2.17,2.02,2.03,12600
9-Nov-11,2.32,2.34,2.15,2.15,29266
8-Nov-11,2.50,2.50,2.27,2.36,9108
7-Nov-11,2.56,2.57,2.47,2.48,18577
4-Nov-11,2.54,2.60,2.43,2.56,23340
3-Nov-11,2.50,2.67,2.49,2.49,55570
2-Nov-11,2.39,2.57,2.30,2.54,33875
1-Nov-11,2.39,2.46,2.22,2.35,67689
31-Oct-11,2.78,2.78,2.47,2.50,356271
28-Oct-11,1.98,2.49,1.90,2.49,100477
27-Oct-11,1.92,2.01,1.89,1.90,8200
26-Oct-11,1.97,2.04,1.82,1.88,32615
25-Oct-11,1.82,1.97,1.78,1.90,20240
24-Oct-11,1.77,1.82,1.75,1.81,3200
21-Oct-11,1.77,1.80,1.66,1.73,4600
20-Oct-11,1.65,1.71,1.65,1.71,7900
19-Oct-11,1.71,1.71,1.69,1.69,1300
18-Oct-11,1.68,1.77,1.56,1.76,2759
17-Oct-11,1.74,1.74,1.71,1.73,4648
14-Oct-11,1.68,1.74,1.68,1.74,3850
13-Oct-11,1.71,1.71,1.63,1.63,9200
12-Oct-11,1.69,1.80,1.69,1.72,15100
11-Oct-11,1.59,1.68,1.59,1.66,2400
10-Oct-11,1.50,1.65,1.50,1.65,7700
7-Oct-11,1.52,1.55,1.47,1.49,3790
6-Oct-11,1.55,1.55,1.46,1.53,6500
5-Oct-11,1.42,1.55,1.42,1.54,2475
4-Oct-11,1.50,1.50,1.35,1.42,27210
3-Oct-11,1.61,1.76,1.56,1.57,15157
30-Sep-11,1.60,1.80,1.60,1.63,7100
29-Sep-11,1.70,1.70,1.59,1.65,8626
