Date,Open,High,Low,Close,Volume
26-Sep-12,3.70,3.70,3.70,3.70,100
25-Sep-12,3.68,3.68,3.68,3.68,100
24-Sep-12,3.85,3.90,3.66,3.66,2344
21-Sep-12,3.80,3.93,3.79,3.93,718
20-Sep-12,3.86,3.86,3.86,3.86,500
19-Sep-12,3.68,3.68,3.67,3.67,400
18-Sep-12,3.66,3.68,3.56,3.56,4122
17-Sep-12,3.50,3.60,3.50,3.60,1800
14-Sep-12,4.06,4.06,3.22,3.47,38399
13-Sep-12,4.04,4.05,3.50,3.72,4952
12-Sep-12,4.17,4.18,3.89,4.09,5115
11-Sep-12,4.59,4.59,4.04,4.09,1193
10-Sep-12,4.42,4.60,4.23,4.25,1965
7-Sep-12,3.82,4.40,3.75,4.37,7325
6-Sep-12,4.00,4.00,3.80,4.00,5463
5-Sep-12,3.97,3.97,3.97,3.97,300
4-Sep-12,4.02,4.02,4.02,4.02,0
31-Aug-12,4.20,4.20,3.98,3.98,1000
30-Aug-12,4.12,4.20,4.12,4.20,400
29-Aug-12,4.13,4.13,4.13,4.13,0
28-Aug-12,4.13,4.13,4.13,4.13,0
27-Aug-12,4.13,4.13,4.13,4.13,200
24-Aug-12,4.06,4.19,4.06,4.19,3792
23-Aug-12,4.10,4.18,4.10,4.15,700
22-Aug-12,4.15,4.18,4.10,4.10,2700
21-Aug-12,4.19,4.19,4.19,4.19,800
20-Aug-12,4.22,4.22,3.99,3.99,1400
17-Aug-12,4.00,4.30,4.00,4.19,2722
16-Aug-12,4.11,4.11,4.00,4.00,2886
15-Aug-12,4.06,4.06,4.05,4.05,400
14-Aug-12,4.16,4.16,4.16,4.16,0
13-Aug-12,4.16,4.16,4.16,4.16,0
10-Aug-12,4.16,4.16,4.16,4.16,100
9-Aug-12,4.00,4.00,4.00,4.00,0
8-Aug-12,4.00,4.00,4.00,4.00,100
7-Aug-12,4.02,4.02,4.02,4.02,117
6-Aug-12,4.31,4.31,4.03,4.15,2799
3-Aug-12,4.12,4.66,4.12,4.26,4943
2-Aug-12,4.19,4.20,4.18,4.18,2000
1-Aug-12,4.00,4.00,4.00,4.00,0
31-Jul-12,4.00,4.71,4.00,4.00,5612
30-Jul-12,4.00,4.00,4.00,4.00,1434
27-Jul-12,4.50,4.50,3.90,3.95,8727
26-Jul-12,4.16,4.91,4.16,4.25,13006
25-Jul-12,4.91,4.91,4.91,4.91,300
24-Jul-12,4.89,4.97,4.75,4.75,1924
23-Jul-12,4.85,4.93,4.60,4.65,3593
20-Jul-12,4.90,4.90,4.90,4.90,100
19-Jul-12,4.91,5.48,4.91,5.10,1700
18-Jul-12,5.08,5.22,4.90,4.90,3800
17-Jul-12,4.82,5.48,4.82,5.07,1400
16-Jul-12,4.63,5.25,4.63,5.00,14260
13-Jul-12,4.90,5.02,4.62,4.62,2000
12-Jul-12,4.96,5.02,4.91,4.98,2200
11-Jul-12,5.08,5.18,4.62,5.18,5649
10-Jul-12,4.74,5.00,4.74,4.80,2318
9-Jul-12,4.70,4.90,4.64,4.65,2912
6-Jul-12,4.55,4.73,4.55,4.59,2457
5-Jul-12,4.79,4.79,4.79,4.79,0
3-Jul-12,4.88,4.98,4.35,4.79,5692
2-Jul-12,4.36,5.21,4.36,5.21,4795
29-Jun-12,4.98,5.09,4.73,4.73,2490
28-Jun-12,5.25,5.40,4.70,5.00,9506
27-Jun-12,4.78,5.38,4.64,5.35,2000
26-Jun-12,5.35,5.80,4.34,5.02,4023
25-Jun-12,5.29,5.52,5.11,5.52,2050
22-Jun-12,5.53,5.56,5.11,5.11,3623
21-Jun-12,5.70,5.90,5.51,5.57,1633
20-Jun-12,5.71,6.00,5.52,5.90,12554
19-Jun-12,5.94,5.94,5.94,5.94,100
18-Jun-12,5.75,6.00,5.69,5.99,3012
15-Jun-12,5.79,5.84,5.26,5.84,3570
14-Jun-12,5.85,6.18,5.71,5.80,1627
13-Jun-12,6.38,6.38,5.25,5.46,4600
12-Jun-12,5.70,6.50,5.16,6.50,1807
11-Jun-12,6.92,6.92,5.02,5.70,6915
8-Jun-12,7.03,7.03,6.01,6.90,3400
7-Jun-12,7.70,7.70,6.56,7.25,13244
6-Jun-12,6.06,8.06,5.93,7.57,10265
5-Jun-12,5.03,6.20,5.03,6.05,17599
4-Jun-12,5.21,5.25,5.19,5.19,2800
1-Jun-12,4.94,5.33,4.94,5.18,2700
31-May-12,5.00,5.00,5.00,5.00,300
30-May-12,5.00,5.28,4.53,4.98,3672
29-May-12,5.40,5.40,4.25,5.24,2972
25-May-12,4.47,5.74,4.45,5.16,7229
24-May-12,4.31,4.50,4.31,4.50,1750
23-May-12,4.10,4.38,4.10,4.20,1525
22-May-12,4.38,4.50,4.31,4.31,1546
21-May-12,4.45,4.50,4.38,4.38,1738
18-May-12,4.21,4.45,4.17,4.45,1800
17-May-12,4.20,4.40,4.13,4.40,2949
16-May-12,4.10,4.50,4.10,4.49,3566
15-May-12,4.06,4.16,4.06,4.16,2400
14-May-12,4.28,4.50,4.10,4.50,2000
11-May-12,4.20,4.50,4.18,4.27,17869
10-May-12,4.16,4.16,4.09,4.10,2499
9-May-12,4.03,4.18,4.03,4.18,200
8-May-12,4.03,4.06,4.03,4.06,300
7-May-12,4.01,4.17,4.00,4.17,11000
4-May-12,4.21,4.21,4.19,4.20,700
3-May-12,4.01,4.21,4.01,4.02,3200
2-May-12,4.21,4.21,4.21,4.21,0
1-May-12,4.21,4.21,4.11,4.21,1040
30-Apr-12,4.13,4.13,4.13,4.13,0
27-Apr-12,4.13,4.13,4.13,4.13,0
26-Apr-12,4.11,4.21,4.11,4.21,656
25-Apr-12,4.03,4.22,4.03,4.22,400
24-Apr-12,4.21,4.22,4.11,4.22,5053
23-Apr-12,4.05,4.20,4.05,4.17,947
20-Apr-12,4.17,4.21,4.00,4.20,3832
19-Apr-12,4.02,4.02,4.02,4.02,0
18-Apr-12,3.95,4.18,3.95,4.00,3117
17-Apr-12,4.03,4.04,3.90,3.95,7085
16-Apr-12,4.20,4.24,4.00,4.24,2717
13-Apr-12,4.23,4.23,4.23,4.23,0
12-Apr-12,4.23,4.23,4.23,4.23,0
11-Apr-12,4.24,4.24,4.04,4.23,2758
10-Apr-12,3.76,4.24,3.76,4.10,1180
9-Apr-12,3.84,4.14,3.83,3.95,9847
5-Apr-12,3.78,3.99,3.70,3.99,13910
4-Apr-12,3.76,3.84,3.76,3.84,1300
3-Apr-12,3.80,3.92,3.80,3.80,4000
2-Apr-12,3.87,3.88,3.77,3.80,1000
30-Mar-12,3.79,3.88,3.75,3.75,7931
29-Mar-12,3.77,3.82,3.76,3.82,865
28-Mar-12,3.88,3.88,3.76,3.76,2333
27-Mar-12,3.89,3.89,3.89,3.89,0
26-Mar-12,3.89,3.89,3.89,3.89,500
23-Mar-12,3.81,3.95,3.81,3.95,5800
22-Mar-12,3.82,3.82,3.82,3.82,800
21-Mar-12,3.79,3.79,3.79,3.79,200
20-Mar-12,3.75,3.75,3.75,3.75,300
19-Mar-12,3.75,3.75,3.75,3.75,200
16-Mar-12,3.94,3.94,3.80,3.80,2020
15-Mar-12,3.95,3.95,3.89,3.89,3100
14-Mar-12,3.93,3.93,3.87,3.87,400
13-Mar-12,3.73,3.73,3.73,3.73,0
12-Mar-12,3.73,3.73,3.73,3.73,0
9-Mar-12,3.73,3.73,3.73,3.73,300
8-Mar-12,3.75,3.79,3.71,3.76,897
7-Mar-12,3.80,3.80,3.80,3.80,0
6-Mar-12,3.82,3.82,3.80,3.80,1297
5-Mar-12,3.83,3.99,3.80,3.80,12904
2-Mar-12,3.98,3.98,3.85,3.85,300
1-Mar-12,3.94,4.00,3.89,4.00,502
29-Feb-12,3.95,4.12,3.92,3.94,4104
28-Feb-12,3.94,4.01,3.82,3.98,8079
27-Feb-12,3.90,4.01,3.82,3.95,2293
24-Feb-12,3.92,4.01,3.84,3.90,8779
23-Feb-12,3.96,4.05,3.89,3.94,6260
22-Feb-12,3.85,4.17,3.82,3.87,3650
21-Feb-12,4.19,4.19,3.85,3.85,2300
17-Feb-12,3.92,4.07,3.82,4.06,850
16-Feb-12,3.89,3.96,3.84,3.87,4200
15-Feb-12,4.15,4.15,3.82,3.82,5252
14-Feb-12,4.53,4.53,4.12,4.12,4107
13-Feb-12,4.71,4.71,4.44,4.53,19497
10-Feb-12,5.10,5.25,4.43,4.87,17341
9-Feb-12,4.86,5.83,4.86,5.05,36488
8-Feb-12,3.88,4.97,3.88,4.94,26822
7-Feb-12,3.28,4.35,3.28,3.84,33492
6-Feb-12,2.97,3.42,2.97,3.22,13779
3-Feb-12,2.99,3.00,2.99,3.00,1600
2-Feb-12,3.00,3.00,2.77,3.00,2888
1-Feb-12,2.76,3.00,2.63,3.00,28001
31-Jan-12,2.74,2.81,2.73,2.77,4890
30-Jan-12,2.60,2.62,2.50,2.61,3982
27-Jan-12,2.75,2.85,2.70,2.75,7735
26-Jan-12,2.57,2.68,2.57,2.68,6208
25-Jan-12,2.59,2.59,2.58,2.58,900
24-Jan-12,2.50,2.50,2.50,2.50,0
23-Jan-12,2.49,2.50,2.02,2.49,4750
20-Jan-12,2.08,2.08,2.08,2.08,500
19-Jan-12,1.99,1.99,1.99,1.99,0
18-Jan-12,1.91,1.91,1.91,1.91,1381
17-Jan-12,1.90,1.90,1.90,1.90,1066
13-Jan-12,1.94,1.94,1.94,1.94,0
12-Jan-12,2.05,2.05,1.95,1.95,12300
11-Jan-12,1.94,1.97,1.94,1.95,5980
10-Jan-12,2.20,2.20,1.94,1.95,11128
9-Jan-12,1.95,1.95,1.95,1.95,400
6-Jan-12,1.99,1.99,1.99,1.99,0
5-Jan-12,2.00,2.00,1.91,1.98,8593
4-Jan-12,2.12,2.12,2.00,2.05,25635
3-Jan-12,2.22,2.22,2.10,2.10,3457
30-Dec-11,2.24,2.24,2.24,2.24,0
29-Dec-11,2.18,2.18,2.12,2.12,1200
28-Dec-11,2.19,2.19,2.12,2.12,1500
27-Dec-11,2.23,2.23,2.17,2.17,3500
23-Dec-11,2.19,2.19,2.19,2.19,0
22-Dec-11,2.23,2.23,2.20,2.20,3090
21-Dec-11,2.14,2.30,2.12,2.22,3130
20-Dec-11,2.25,2.30,2.15,2.15,6747
19-Dec-11,2.29,2.38,2.29,2.32,624
16-Dec-11,2.32,2.34,2.31,2.34,600
15-Dec-11,2.25,2.40,2.25,2.40,1240
14-Dec-11,2.23,2.25,2.23,2.25,656
13-Dec-11,2.16,2.75,2.14,2.22,2560
12-Dec-11,2.63,2.64,2.30,2.55,3477
9-Dec-11,2.33,2.63,2.33,2.63,2896
8-Dec-11,2.15,2.15,2.15,2.15,0
6-Dec-11,2.26,2.26,2.26,2.26,0
5-Dec-11,2.16,2.16,2.11,2.15,2382
2-Dec-11,2.17,2.37,2.15,2.37,700
30-Nov-11,2.10,2.10,2.10,2.10,0
29-Nov-11,2.04,2.04,2.02,2.02,200
28-Nov-11,2.17,2.17,2.17,2.17,0
25-Nov-11,2.01,2.15,2.00,2.01,6224
23-Nov-11,2.16,2.16,2.16,2.16,0
22-Nov-11,2.28,2.71,2.28,2.47,1324
21-Nov-11,2.27,2.72,2.27,2.64,600
18-Nov-11,2.26,2.42,2.26,2.42,1458
17-Nov-11,2.25,2.25,2.25,2.25,887
14-Nov-11,2.33,2.33,2.33,2.33,0
10-Nov-11,2.34,2.34,2.34,2.34,0
9-Nov-11,2.38,2.79,2.30,2.30,12961
7-Nov-11,2.25,2.25,2.25,2.25,0
4-Nov-11,2.32,2.38,2.30,2.38,1577
3-Nov-11,2.40,2.40,2.30,2.30,1060
2-Nov-11,2.35,2.40,2.33,2.38,2654
28-Oct-11,2.38,2.38,2.38,2.38,0
27-Oct-11,2.31,2.31,2.25,2.25,2420
26-Oct-11,2.28,2.38,2.25,2.25,1729
25-Oct-11,2.28,2.28,2.25,2.25,9884
24-Oct-11,2.32,2.33,2.29,2.29,12400
21-Oct-11,2.32,2.35,2.32,2.32,2200
20-Oct-11,2.35,2.35,2.35,2.35,300
19-Oct-11,2.40,2.40,2.35,2.35,5299
18-Oct-11,2.40,2.40,2.32,2.32,4276
17-Oct-11,2.55,2.55,2.31,2.32,5400
14-Oct-11,2.33,2.71,2.33,2.35,700
13-Oct-11,2.37,2.56,2.28,2.28,15410
12-Oct-11,2.45,2.60,2.35,2.35,6300
10-Oct-11,2.32,2.32,2.32,2.32,0
7-Oct-11,2.57,2.57,2.56,2.56,629
6-Oct-11,2.75,2.75,2.55,2.55,2120
5-Oct-11,2.56,2.57,2.56,2.56,1000
4-Oct-11,2.57,2.57,2.56,2.56,1520
30-Sep-11,2.63,2.63,2.63,2.63,0
