Date,Open,High,Low,Close,Volume
27-Sep-12,7.22,7.29,7.22,7.27,24772
26-Sep-12,7.16,7.19,7.15,7.19,94002
25-Sep-12,7.21,7.24,7.18,7.20,91596
24-Sep-12,7.17,7.19,7.17,7.18,43369
21-Sep-12,7.20,7.24,7.19,7.22,65122
20-Sep-12,7.18,7.20,7.16,7.17,55213
19-Sep-12,7.27,7.27,7.20,7.20,58358
18-Sep-12,7.26,7.27,7.19,7.23,87455
17-Sep-12,7.28,7.28,7.19,7.21,40086
14-Sep-12,7.31,7.35,7.28,7.33,84550
13-Sep-12,7.22,7.28,7.18,7.28,93955
12-Sep-12,7.18,7.21,7.16,7.18,110120
11-Sep-12,7.13,7.25,7.06,7.13,67539
10-Sep-12,7.10,7.11,7.08,7.08,65961
7-Sep-12,7.15,7.16,7.06,7.12,81670
6-Sep-12,7.00,7.13,7.00,7.11,104805
5-Sep-12,7.08,7.08,6.97,7.00,82260
4-Sep-12,7.08,7.12,7.06,7.10,62173
31-Aug-12,7.12,7.17,7.12,7.14,29277
30-Aug-12,7.13,7.16,7.11,7.14,35311
29-Aug-12,7.21,7.23,7.20,7.21,32426
28-Aug-12,7.23,7.23,7.11,7.19,26336
27-Aug-12,7.28,7.31,7.26,7.27,97383
24-Aug-12,7.23,7.30,7.23,7.26,38425
23-Aug-12,7.29,7.33,7.26,7.28,67434
22-Aug-12,7.29,7.29,7.24,7.28,44577
21-Aug-12,7.37,7.38,7.29,7.31,70927
20-Aug-12,7.32,7.34,7.29,7.34,28576
17-Aug-12,7.36,7.37,7.32,7.37,18084
16-Aug-12,7.32,7.35,7.32,7.35,17667
15-Aug-12,7.33,7.33,7.30,7.30,6367
14-Aug-12,7.31,7.43,7.31,7.35,19704
13-Aug-12,7.34,7.36,7.33,7.35,7463
10-Aug-12,7.32,7.33,7.31,7.33,11792
9-Aug-12,7.31,7.37,7.31,7.37,8374
8-Aug-12,7.32,7.34,7.32,7.34,8939
7-Aug-12,7.38,7.40,7.34,7.40,10783
6-Aug-12,7.28,7.35,7.26,7.32,25841
3-Aug-12,7.21,7.28,7.21,7.25,14510
2-Aug-12,7.20,7.21,7.17,7.19,95526
1-Aug-12,7.20,7.24,7.20,7.24,47098
31-Jul-12,7.23,7.23,7.18,7.21,67776
30-Jul-12,7.20,7.24,7.18,7.23,92526
27-Jul-12,7.14,7.23,7.14,7.23,114106
26-Jul-12,7.06,7.12,7.03,7.12,76971
25-Jul-12,7.03,7.03,6.98,7.00,71648
24-Jul-12,7.03,7.05,7.01,7.04,80284
23-Jul-12,7.02,7.06,6.97,7.04,78716
20-Jul-12,7.12,7.15,7.10,7.15,101288
19-Jul-12,7.27,7.28,7.25,7.25,149254
18-Jul-12,7.22,7.26,7.19,7.24,55302
17-Jul-12,7.24,7.25,7.20,7.25,59934
16-Jul-12,7.26,7.29,7.23,7.28,38979
13-Jul-12,7.21,7.30,7.21,7.28,35787
12-Jul-12,7.21,7.23,7.20,7.23,26290
11-Jul-12,7.31,7.32,7.27,7.29,44984
10-Jul-12,7.36,7.37,7.27,7.27,92194
9-Jul-12,7.31,7.36,7.31,7.34,24135
6-Jul-12,7.37,7.39,7.33,7.35,44592
5-Jul-12,7.33,7.40,7.33,7.40,31388
3-Jul-12,7.41,7.43,7.39,7.43,82348
2-Jul-12,7.39,7.43,7.36,7.41,97006
29-Jun-12,7.38,7.40,7.30,7.39,190325
28-Jun-12,7.26,7.31,7.26,7.28,86995
27-Jun-12,7.28,7.29,7.22,7.26,30656
26-Jun-12,7.22,7.24,7.18,7.24,44215
25-Jun-12,7.20,7.23,7.14,7.22,65018
22-Jun-12,7.24,7.24,7.20,7.23,26556
21-Jun-12,7.28,7.28,7.16,7.20,55586
20-Jun-12,7.29,7.29,7.24,7.29,35605
19-Jun-12,7.26,7.27,7.21,7.27,50074
18-Jun-12,7.18,7.21,7.18,7.21,44754
15-Jun-12,7.18,7.24,7.15,7.21,55394
14-Jun-12,7.11,7.17,7.08,7.15,59241
13-Jun-12,7.10,7.12,7.08,7.12,64936
12-Jun-12,7.08,7.11,7.07,7.10,18840
11-Jun-12,7.11,7.11,7.05,7.05,63875
8-Jun-12,7.06,7.08,7.03,7.08,40469
7-Jun-12,7.17,7.21,7.12,7.15,172233
6-Jun-12,7.13,7.17,7.10,7.15,72661
5-Jun-12,7.04,7.09,7.04,7.06,45375
4-Jun-12,7.05,7.12,6.97,7.02,90385
1-Jun-12,7.14,7.14,7.08,7.08,75676
31-May-12,7.19,7.21,7.14,7.21,251223
30-May-12,6.90,7.19,6.90,7.17,44766
29-May-12,7.22,7.24,7.20,7.24,33716
25-May-12,7.23,7.23,7.17,7.18,15550
24-May-12,7.19,7.24,7.19,7.20,43151
23-May-12,7.25,7.25,7.16,7.23,83571
22-May-12,7.32,7.36,7.30,7.30,53929
21-May-12,7.31,7.36,7.30,7.36,34770
18-May-12,7.35,7.36,7.30,7.32,51942
17-May-12,7.44,7.44,7.35,7.35,67488
16-May-12,7.57,7.57,7.37,7.43,85971
15-May-12,7.51,7.52,7.44,7.46,82984
14-May-12,7.56,7.61,7.53,7.55,30711
11-May-12,7.67,7.70,7.65,7.65,80723
10-May-12,7.72,7.75,7.70,7.72,67226
9-May-12,7.67,7.72,7.65,7.70,39256
8-May-12,7.79,7.79,7.64,7.73,100612
7-May-12,7.74,7.83,7.74,7.82,24498
4-May-12,7.80,7.81,7.76,7.78,43616
3-May-12,7.85,7.85,7.78,7.83,65284
2-May-12,7.78,7.87,7.77,7.87,65446
1-May-12,7.86,7.89,7.80,7.88,103387
30-Apr-12,7.80,7.84,7.79,7.83,70513
27-Apr-12,7.82,7.86,7.81,7.85,13070
26-Apr-12,7.84,7.86,7.80,7.86,30605
25-Apr-12,7.80,7.82,7.78,7.80,76119
24-Apr-12,7.71,7.79,7.70,7.78,22750
23-Apr-12,7.68,7.71,7.66,7.68,71564
20-Apr-12,7.70,7.75,7.68,7.74,64008
19-Apr-12,7.66,7.71,7.62,7.68,119505
18-Apr-12,7.67,7.72,7.62,7.70,157886
17-Apr-12,7.67,7.75,7.66,7.67,163927
16-Apr-12,7.66,7.69,7.64,7.65,103445
13-Apr-12,7.67,7.69,7.62,7.65,93926
12-Apr-12,7.63,7.75,7.63,7.72,58940
11-Apr-12,7.64,7.65,7.60,7.63,104208
10-Apr-12,7.61,7.64,7.55,7.58,121553
9-Apr-12,7.62,7.64,7.52,7.63,105236
5-Apr-12,7.73,7.79,7.66,7.70,55229
4-Apr-12,7.75,7.75,7.65,7.69,100071
3-Apr-12,7.99,7.99,7.76,7.87,101627
2-Apr-12,7.84,7.92,7.77,7.89,211775
30-Mar-12,7.84,7.88,7.82,7.83,148673
29-Mar-12,7.78,7.81,7.78,7.81,30995
28-Mar-12,7.81,7.81,7.76,7.77,40736
27-Mar-12,7.78,7.85,7.77,7.80,46795
26-Mar-12,7.73,7.81,7.73,7.81,35605
23-Mar-12,7.66,7.78,7.66,7.70,49076
22-Mar-12,7.69,7.72,7.59,7.69,33627
21-Mar-12,7.73,7.73,7.68,7.70,32963
20-Mar-12,7.72,7.77,7.71,7.76,33373
19-Mar-12,7.76,7.84,7.75,7.82,30178
16-Mar-12,7.85,7.85,7.76,7.81,49667
15-Mar-12,7.83,7.87,7.78,7.83,90979
14-Mar-12,7.80,7.80,7.71,7.75,26048
13-Mar-12,7.73,7.86,7.73,7.83,133263
12-Mar-12,7.73,7.77,7.73,7.74,27525
9-Mar-12,7.82,7.88,7.79,7.80,65233
8-Mar-12,7.79,7.81,7.75,7.78,98528
7-Mar-12,7.70,7.76,7.70,7.73,43776
6-Mar-12,7.68,7.72,7.53,7.69,123449
5-Mar-12,7.84,7.87,7.77,7.77,63905
2-Mar-12,7.77,7.86,7.77,7.81,95195
1-Mar-12,7.84,7.89,7.83,7.84,51567
29-Feb-12,7.90,7.92,7.83,7.83,51149
28-Feb-12,7.94,7.95,7.91,7.92,128680
27-Feb-12,7.93,7.94,7.82,7.90,99160
24-Feb-12,7.90,7.93,7.87,7.93,126190
23-Feb-12,7.90,7.90,7.88,7.90,58268
22-Feb-12,7.82,7.91,7.82,7.87,76087
21-Feb-12,7.85,7.87,7.82,7.85,83416
17-Feb-12,7.95,7.95,7.84,7.85,62560
16-Feb-12,7.93,7.94,7.87,7.90,89478
15-Feb-12,7.92,7.94,7.86,7.92,75214
14-Feb-12,7.72,7.81,7.72,7.80,59383
13-Feb-12,7.79,7.83,7.76,7.78,57335
10-Feb-12,7.74,7.74,7.69,7.72,42206
9-Feb-12,7.87,7.87,7.78,7.83,98746
8-Feb-12,7.80,7.91,7.77,7.82,96404
7-Feb-12,7.74,7.80,7.68,7.76,124986
6-Feb-12,7.78,7.78,7.73,7.78,86936
3-Feb-12,7.75,7.80,7.74,7.78,75520
2-Feb-12,7.73,7.77,7.70,7.76,103828
1-Feb-12,7.60,7.69,7.58,7.68,116671
31-Jan-12,7.61,7.62,7.58,7.60,72353
30-Jan-12,7.49,7.52,7.47,7.52,61247
27-Jan-12,7.48,7.52,7.48,7.49,103551
26-Jan-12,7.58,7.60,7.46,7.47,116047
25-Jan-12,7.57,7.60,7.51,7.57,63509
24-Jan-12,7.58,7.58,7.47,7.57,75028
23-Jan-12,7.60,7.64,7.55,7.59,215568
20-Jan-12,7.55,7.58,7.52,7.58,58511
19-Jan-12,7.48,7.54,7.48,7.50,60627
18-Jan-12,7.48,7.50,7.44,7.49,38725
17-Jan-12,7.52,7.52,7.41,7.47,81121
13-Jan-12,7.45,7.45,7.45,7.45,0
12-Jan-12,7.46,7.50,7.42,7.48,142816
11-Jan-12,7.41,7.48,7.41,7.43,105057
10-Jan-12,7.43,7.49,7.43,7.48,100439
9-Jan-12,7.33,7.40,7.29,7.39,149747
6-Jan-12,7.27,7.33,7.24,7.32,105019
5-Jan-12,7.23,7.30,7.20,7.26,97079
4-Jan-12,7.27,7.33,7.25,7.30,77396
3-Jan-12,7.23,7.30,7.23,7.27,86077
30-Dec-11,7.18,7.18,7.18,7.18,0
29-Dec-11,7.08,7.13,7.03,7.12,127818
28-Dec-11,7.03,7.13,6.99,7.13,139131
27-Dec-11,7.04,7.10,7.02,7.07,171416
23-Dec-11,7.13,7.13,7.13,7.13,0
22-Dec-11,7.25,7.25,7.10,7.13,112630
21-Dec-11,7.10,7.14,7.06,7.08,126206
20-Dec-11,7.06,7.23,7.06,7.12,93663
19-Dec-11,7.18,7.18,7.05,7.05,52172
16-Dec-11,7.25,7.25,7.12,7.18,118808
15-Dec-11,7.26,7.26,7.22,7.22,57272
14-Dec-11,7.31,7.33,7.23,7.25,53597
13-Dec-11,7.29,7.38,7.28,7.31,26454
12-Dec-11,7.44,7.44,7.27,7.28,75506
9-Dec-11,7.31,7.43,7.31,7.43,79021
8-Dec-11,7.44,7.44,7.24,7.28,188735
7-Dec-11,7.28,7.30,7.23,7.25,230470
6-Dec-11,7.37,7.37,7.29,7.30,128178
5-Dec-11,7.38,7.43,7.37,7.42,82376
2-Dec-11,7.44,7.45,7.33,7.35,70882
1-Dec-11,7.28,7.38,7.28,7.34,138534
30-Nov-11,7.30,7.39,7.26,7.34,72140
29-Nov-11,7.21,7.23,7.18,7.18,49891
28-Nov-11,7.13,7.19,7.11,7.14,91038
25-Nov-11,6.99,7.08,6.99,7.04,12873
23-Nov-11,7.01,7.01,7.01,7.01,0
22-Nov-11,7.15,7.23,7.14,7.15,18452
21-Nov-11,7.19,7.19,7.06,7.15,73530
18-Nov-11,7.26,7.27,7.18,7.27,69307
17-Nov-11,7.21,7.26,7.15,7.25,155754
16-Nov-11,7.21,7.29,7.17,7.17,137735
15-Nov-11,7.23,7.31,7.19,7.29,111527
14-Nov-11,7.23,7.28,7.21,7.25,82662
11-Nov-11,7.19,7.25,7.18,7.21,231310
10-Nov-11,7.25,7.25,7.15,7.20,195959
9-Nov-11,7.25,7.28,7.18,7.19,93674
8-Nov-11,7.34,7.37,7.29,7.36,81034
7-Nov-11,7.40,7.40,7.27,7.35,75954
4-Nov-11,7.35,7.41,7.27,7.41,69691
3-Nov-11,7.35,7.39,7.26,7.33,60129
2-Nov-11,7.36,7.40,7.25,7.30,45658
1-Nov-11,7.25,7.45,7.15,7.30,153190
31-Oct-11,7.35,7.43,7.31,7.35,110010
28-Oct-11,7.75,7.75,7.65,7.66,78570
27-Oct-11,7.78,7.81,7.66,7.75,99768
26-Oct-11,7.49,7.52,7.48,7.51,40006
25-Oct-11,7.51,7.53,7.45,7.45,55871
24-Oct-11,7.53,7.60,7.53,7.59,83681
21-Oct-11,7.49,7.53,7.45,7.45,46971
20-Oct-11,7.47,7.47,7.40,7.44,82921
19-Oct-11,7.53,7.55,7.44,7.47,54530
18-Oct-11,7.46,7.57,7.46,7.54,49551
17-Oct-11,7.44,7.51,7.44,7.46,39426
14-Oct-11,7.51,7.56,7.47,7.51,37207
13-Oct-11,7.52,7.54,7.49,7.53,53042
12-Oct-11,7.60,7.62,7.50,7.54,94028
11-Oct-11,7.51,7.56,7.51,7.55,74775
10-Oct-11,7.46,7.57,7.36,7.57,100093
7-Oct-11,7.44,7.45,7.38,7.41,45315
6-Oct-11,7.35,7.44,7.31,7.43,94229
5-Oct-11,7.32,7.40,7.32,7.37,69635
4-Oct-11,7.10,7.33,7.09,7.32,135400
3-Oct-11,7.38,7.48,7.31,7.35,115530
30-Sep-11,7.47,7.52,7.43,7.45,91280
