Date,Open,High,Low,Close,Volume
27-Sep-12,20.38,20.51,19.97,20.45,84838
26-Sep-12,20.30,20.33,20.00,20.20,71923
25-Sep-12,20.60,20.94,20.28,20.31,136173
24-Sep-12,20.07,20.87,20.00,20.84,111498
21-Sep-12,20.11,20.66,20.11,20.26,73300
20-Sep-12,20.50,20.60,19.53,20.10,54663
19-Sep-12,21.02,21.14,20.53,20.67,37826
18-Sep-12,20.93,21.09,20.67,20.94,51107
17-Sep-12,20.73,21.17,20.56,21.03,52743
14-Sep-12,21.65,21.82,20.82,20.86,73823
13-Sep-12,21.59,22.29,21.38,22.09,29607
12-Sep-12,22.04,22.22,21.42,21.64,26293
11-Sep-12,21.62,22.15,21.62,21.95,21319
10-Sep-12,21.49,21.83,21.35,21.68,19463
7-Sep-12,21.58,21.79,21.29,21.45,87634
6-Sep-12,21.82,22.57,21.40,21.54,137647
5-Sep-12,21.88,22.03,21.53,21.58,97082
4-Sep-12,21.52,22.07,20.88,21.79,151493
31-Aug-12,21.82,21.82,21.28,21.70,103707
30-Aug-12,22.12,22.20,21.53,21.55,63770
29-Aug-12,22.38,22.60,22.15,22.22,108504
28-Aug-12,22.42,22.58,22.14,22.22,138997
27-Aug-12,22.70,23.25,22.35,22.48,81674
24-Aug-12,22.65,22.80,22.31,22.57,80906
23-Aug-12,23.17,23.41,22.35,22.77,151201
22-Aug-12,23.63,23.99,23.17,23.17,159225
21-Aug-12,23.65,24.07,22.29,23.37,343129
20-Aug-12,23.82,23.82,23.12,23.59,63572
17-Aug-12,23.59,23.83,23.22,23.83,58372
16-Aug-12,23.15,23.75,22.80,23.55,55483
15-Aug-12,23.13,23.25,22.84,23.20,37607
14-Aug-12,22.77,23.25,22.59,23.17,77402
13-Aug-12,22.25,22.55,21.70,22.53,54168
10-Aug-12,22.98,22.99,22.22,22.33,42121
9-Aug-12,22.89,23.23,22.78,22.96,88741
8-Aug-12,23.43,23.43,22.74,22.98,97058
7-Aug-12,23.92,24.23,23.54,23.58,125910
6-Aug-12,23.20,24.35,23.20,23.64,195899
3-Aug-12,22.54,23.16,22.05,23.06,107836
2-Aug-12,21.41,22.30,21.13,22.25,156150
1-Aug-12,22.76,23.23,21.54,21.60,161444
31-Jul-12,22.60,23.21,22.16,22.60,218781
30-Jul-12,22.63,23.79,22.42,22.80,249652
27-Jul-12,21.90,23.17,21.36,22.51,366145
26-Jul-12,18.66,18.94,18.50,18.80,88597
25-Jul-12,18.36,18.50,18.15,18.35,62964
24-Jul-12,18.63,18.63,18.05,18.27,94108
23-Jul-12,18.85,18.85,18.49,18.58,70786
20-Jul-12,19.84,19.87,19.27,19.32,61144
19-Jul-12,20.12,20.12,19.72,19.95,61066
18-Jul-12,19.58,20.11,19.58,20.11,93255
17-Jul-12,19.99,20.15,19.47,19.58,111285
16-Jul-12,20.02,20.02,19.57,19.93,96114
13-Jul-12,19.91,20.07,19.81,20.02,158828
12-Jul-12,20.51,20.51,19.58,19.84,144570
11-Jul-12,20.76,21.00,20.45,20.69,143740
10-Jul-12,21.35,21.35,20.54,20.64,151382
9-Jul-12,21.24,21.29,21.05,21.25,73227
6-Jul-12,21.29,21.44,21.24,21.33,151280
5-Jul-12,21.38,21.51,21.34,21.50,203765
3-Jul-12,21.45,21.50,21.27,21.45,68970
2-Jul-12,21.91,22.00,20.99,21.45,207422
29-Jun-12,21.30,22.22,20.92,21.89,168009
28-Jun-12,20.88,21.09,20.11,20.79,97585
27-Jun-12,21.18,21.60,21.00,21.14,57383
26-Jun-12,21.32,21.45,20.87,21.17,50557
25-Jun-12,21.38,21.60,21.10,21.22,85112
22-Jun-12,21.62,22.00,21.56,21.70,214453
21-Jun-12,22.33,22.65,21.09,21.54,99285
20-Jun-12,22.82,23.03,22.10,22.38,79911
19-Jun-12,21.73,23.17,21.73,22.77,221944
18-Jun-12,21.38,21.83,21.12,21.60,99396
15-Jun-12,22.01,22.01,21.28,21.71,146209
14-Jun-12,21.22,22.33,21.22,21.84,141508
13-Jun-12,21.37,21.68,20.95,21.17,94133
12-Jun-12,21.45,21.98,20.92,21.38,101873
11-Jun-12,21.27,21.51,20.86,21.45,146400
8-Jun-12,20.40,21.14,20.40,20.94,141559
7-Jun-12,21.44,21.44,20.15,20.41,152022
6-Jun-12,19.89,21.11,19.89,21.02,135159
5-Jun-12,19.32,19.86,19.32,19.71,108700
4-Jun-12,20.37,20.63,19.16,19.51,203016
1-Jun-12,21.07,21.07,19.96,20.32,117587
31-May-12,21.03,21.67,20.67,21.63,177987
30-May-12,21.45,21.45,20.70,21.07,81410
29-May-12,21.91,22.05,21.38,21.66,110096
25-May-12,21.86,21.92,21.13,21.67,93655
24-May-12,21.13,21.95,20.79,21.92,261094
23-May-12,19.55,20.95,19.08,20.87,219452
22-May-12,19.44,20.14,19.34,19.73,161959
21-May-12,18.76,19.51,18.65,19.36,235650
18-May-12,19.34,19.54,18.63,18.76,174113
17-May-12,20.10,20.40,19.29,19.32,126109
16-May-12,21.02,21.09,19.95,20.00,219546
15-May-12,20.85,21.28,20.69,20.86,219208
14-May-12,20.56,20.83,20.48,20.76,164860
11-May-12,20.39,20.80,20.39,20.71,90783
10-May-12,20.81,20.84,20.46,20.63,178108
9-May-12,20.17,20.81,20.07,20.65,232959
8-May-12,19.86,20.45,19.84,20.37,131288
7-May-12,19.60,20.48,19.60,20.10,333201
4-May-12,19.83,20.00,19.19,19.86,160308
3-May-12,20.19,20.19,19.60,19.87,134084
2-May-12,19.14,20.56,19.04,20.11,426747
1-May-12,18.84,19.48,18.65,19.23,518461
30-Apr-12,18.59,18.90,18.47,18.78,282656
27-Apr-12,17.50,18.45,17.50,17.97,622205
26-Apr-12,16.78,16.98,16.37,16.75,135724
25-Apr-12,17.10,17.10,16.72,16.79,185797
24-Apr-12,16.86,17.00,16.52,16.78,83698
23-Apr-12,17.25,17.53,16.58,16.77,146482
20-Apr-12,18.10,18.10,17.42,17.47,153842
19-Apr-12,18.05,18.37,17.77,17.78,132114
18-Apr-12,17.89,18.22,17.67,18.08,102813
17-Apr-12,17.83,18.22,17.74,17.93,242484
16-Apr-12,17.25,17.68,16.85,17.56,139667
13-Apr-12,17.30,17.41,17.06,17.09,60313
12-Apr-12,17.29,17.57,17.21,17.43,124054
11-Apr-12,16.40,17.19,16.35,17.19,89795
10-Apr-12,16.96,17.11,16.20,16.22,174989
9-Apr-12,17.09,17.09,16.80,16.99,184225
5-Apr-12,16.97,17.32,16.97,17.20,66428
4-Apr-12,17.19,17.28,17.03,17.10,80281
3-Apr-12,17.30,17.70,17.30,17.48,145033
2-Apr-12,17.01,17.43,16.92,17.26,143461
30-Mar-12,17.25,17.26,16.81,17.01,89007
29-Mar-12,17.05,17.20,16.84,17.06,83417
28-Mar-12,17.13,17.34,17.13,17.24,102438
27-Mar-12,17.26,17.36,17.05,17.09,154615
26-Mar-12,17.31,17.42,17.04,17.16,163960
23-Mar-12,17.12,17.27,16.92,16.98,164971
22-Mar-12,17.01,17.27,16.99,17.08,119037
21-Mar-12,17.13,17.42,16.97,17.24,148015
20-Mar-12,17.66,17.66,17.10,17.19,261694
19-Mar-12,17.00,18.00,16.94,17.72,362620
16-Mar-12,16.95,16.98,16.69,16.82,116736
15-Mar-12,16.74,16.99,16.64,16.86,132317
14-Mar-12,16.65,16.75,16.47,16.69,78643
13-Mar-12,16.69,16.69,16.41,16.63,67383
12-Mar-12,16.47,16.60,16.30,16.48,35039
9-Mar-12,16.24,16.57,16.18,16.35,104211
8-Mar-12,16.00,16.34,15.93,16.22,55028
7-Mar-12,15.73,15.95,15.58,15.80,33203
6-Mar-12,15.89,16.08,15.41,15.61,36269
5-Mar-12,16.20,16.21,15.71,16.15,68499
2-Mar-12,16.49,16.58,15.88,15.89,80488
1-Mar-12,16.47,16.84,16.34,16.45,108095
29-Feb-12,16.67,16.76,16.10,16.31,93719
28-Feb-12,16.26,16.79,16.19,16.56,130770
27-Feb-12,16.41,16.46,16.24,16.25,43571
24-Feb-12,16.75,16.87,16.55,16.55,33172
23-Feb-12,16.26,16.81,16.04,16.75,59970
22-Feb-12,16.28,16.41,16.02,16.19,61206
21-Feb-12,16.79,16.90,16.25,16.39,52491
17-Feb-12,16.92,16.92,16.75,16.78,53286
16-Feb-12,16.53,16.96,16.45,16.80,98085
15-Feb-12,16.87,16.87,16.40,16.47,45103
14-Feb-12,16.74,16.86,16.46,16.78,30157
13-Feb-12,16.86,17.00,16.66,16.84,85434
10-Feb-12,16.55,16.74,16.36,16.60,43889
9-Feb-12,16.90,16.90,16.66,16.74,23374
8-Feb-12,16.73,16.99,16.61,16.80,71031
7-Feb-12,16.70,16.70,16.70,16.70,0
6-Feb-12,16.70,16.97,16.44,16.67,78800
3-Feb-12,16.75,16.76,16.50,16.76,71956
2-Feb-12,16.14,16.85,16.12,16.50,49428
1-Feb-12,16.19,16.19,16.19,16.19,0
31-Jan-12,14.95,15.10,14.35,15.04,77521
30-Jan-12,14.59,14.95,14.48,14.90,46456
27-Jan-12,14.72,14.72,14.72,14.72,0
26-Jan-12,14.66,14.80,14.50,14.67,68961
25-Jan-12,14.35,14.75,14.17,14.48,50862
24-Jan-12,14.15,14.47,13.73,14.41,89806
23-Jan-12,14.40,14.45,14.01,14.25,64609
20-Jan-12,14.54,14.64,14.30,14.42,58234
19-Jan-12,14.17,14.65,13.97,14.60,44487
18-Jan-12,13.92,14.10,13.92,14.05,32592
17-Jan-12,14.14,14.38,13.90,13.95,62105
13-Jan-12,14.01,14.01,14.01,14.01,0
12-Jan-12,14.10,14.49,14.05,14.44,32458
11-Jan-12,13.70,14.12,13.70,14.03,40805
10-Jan-12,13.81,13.88,13.71,13.80,32838
9-Jan-12,13.57,13.57,13.57,13.57,0
6-Jan-12,13.44,13.65,13.30,13.55,20882
5-Jan-12,13.05,13.49,12.70,13.43,50393
4-Jan-12,12.99,13.30,12.86,13.15,40628
3-Jan-12,12.93,13.51,12.93,13.13,86056
30-Dec-11,12.48,12.48,12.48,12.48,0
29-Dec-11,12.70,12.91,12.50,12.71,46752
28-Dec-11,12.63,12.63,12.63,12.63,0
27-Dec-11,12.98,12.99,12.73,12.85,39868
23-Dec-11,13.09,13.09,13.09,13.09,0
22-Dec-11,13.39,13.39,13.39,13.39,0
21-Dec-11,13.26,13.34,12.88,13.21,23283
20-Dec-11,12.71,13.34,12.71,13.31,117710
19-Dec-11,12.77,12.92,12.29,12.34,110394
16-Dec-11,12.98,13.02,12.56,12.65,96472
15-Dec-11,12.65,13.06,12.52,12.82,49243
14-Dec-11,12.46,12.46,12.46,12.46,0
13-Dec-11,12.71,12.83,12.25,12.33,59256
12-Dec-11,12.39,12.39,12.39,12.39,0
9-Dec-11,12.19,12.59,12.17,12.49,85755
8-Dec-11,12.87,12.87,12.87,12.87,0
7-Dec-11,12.36,13.19,12.32,13.05,96138
6-Dec-11,12.21,12.55,11.99,12.50,101553
5-Dec-11,12.19,12.47,11.97,12.15,142735
2-Dec-11,11.79,11.79,11.79,11.79,0
1-Dec-11,11.42,11.80,11.25,11.56,68537
30-Nov-11,11.82,11.88,11.50,11.63,192690
29-Nov-11,10.91,11.43,10.87,11.24,61015
28-Nov-11,10.93,11.03,10.59,10.96,88112
25-Nov-11,10.92,10.92,10.37,10.38,42501
23-Nov-11,10.95,10.95,10.95,10.95,0
22-Nov-11,12.00,12.17,11.53,11.53,89784
21-Nov-11,12.05,12.30,11.95,12.03,60415
18-Nov-11,12.21,12.43,12.12,12.33,47411
17-Nov-11,12.16,12.42,12.05,12.19,44535
16-Nov-11,12.35,12.35,12.35,12.35,0
15-Nov-11,12.43,13.00,12.38,12.90,38956
14-Nov-11,12.90,13.07,12.45,12.52,52502
11-Nov-11,12.60,13.05,12.47,12.96,63295
10-Nov-11,12.88,12.88,12.28,12.46,55353
9-Nov-11,12.72,12.72,12.72,12.72,0
8-Nov-11,13.29,13.46,12.85,13.38,98165
7-Nov-11,13.30,13.31,12.72,13.23,58456
4-Nov-11,13.12,13.12,13.12,13.12,0
3-Nov-11,13.63,13.75,13.12,13.60,68369
2-Nov-11,13.10,13.68,12.41,13.46,81189
1-Nov-11,12.77,13.53,12.44,12.79,85841
31-Oct-11,14.38,14.65,13.35,13.35,92424
28-Oct-11,14.68,15.18,14.53,14.68,76878
27-Oct-11,14.54,14.54,14.54,14.54,0
26-Oct-11,13.55,15.00,13.55,13.93,208746
25-Oct-11,13.16,13.16,12.33,12.37,55346
24-Oct-11,13.63,13.63,13.63,13.63,0
21-Oct-11,13.03,13.03,12.19,12.54,87184
20-Oct-11,12.53,12.88,12.24,12.77,47027
19-Oct-11,13.09,13.10,12.45,12.47,47629
18-Oct-11,12.61,13.25,12.29,13.10,56853
17-Oct-11,13.12,13.29,12.37,12.56,47314
14-Oct-11,12.73,12.73,12.73,12.73,0
13-Oct-11,12.63,12.87,11.98,12.82,75707
12-Oct-11,12.63,12.63,12.63,12.63,0
11-Oct-11,11.65,11.90,11.47,11.72,98360
10-Oct-11,10.98,11.87,10.86,11.79,132292
7-Oct-11,11.07,11.24,10.50,10.74,77166
6-Oct-11,11.06,11.30,10.85,11.07,70515
5-Oct-11,10.82,11.32,10.79,11.06,41959
4-Oct-11,10.58,10.58,10.58,10.58,0
3-Oct-11,10.39,10.57,9.49,9.50,71687
30-Sep-11,10.60,10.72,10.46,10.52,92198
29-Sep-11,10.19,10.87,10.15,10.87,48722
