Date,Open,High,Low,Close,Volume
27-Sep-12,19.01,19.08,18.88,19.02,775671
26-Sep-12,18.89,19.18,18.89,18.98,746893
25-Sep-12,19.34,19.45,18.98,19.01,1634058
24-Sep-12,19.28,19.31,19.13,19.26,1081403
21-Sep-12,19.07,19.28,18.99,19.28,2324320
20-Sep-12,18.80,18.92,18.72,18.87,488862
19-Sep-12,19.13,19.13,18.83,18.83,551725
18-Sep-12,19.03,19.08,18.95,19.05,485469
17-Sep-12,18.97,19.06,18.86,19.01,475746
14-Sep-12,19.11,19.15,18.92,19.00,497254
13-Sep-12,18.67,19.01,18.58,18.98,659541
12-Sep-12,18.60,18.79,18.49,18.58,632086
11-Sep-12,18.40,18.55,18.29,18.55,507148
10-Sep-12,18.55,18.55,18.33,18.33,492939
7-Sep-12,18.34,18.50,18.16,18.48,1097420
6-Sep-12,18.05,18.23,18.05,18.17,460075
5-Sep-12,18.13,18.15,17.92,18.00,662626
4-Sep-12,17.98,18.09,17.65,18.01,253628
31-Aug-12,18.05,18.05,17.68,17.84,159972
30-Aug-12,17.85,18.00,17.81,17.92,128756
29-Aug-12,17.95,18.02,17.87,18.01,138963
28-Aug-12,17.78,17.99,17.69,17.89,284877
27-Aug-12,18.00,18.00,17.64,17.75,182717
24-Aug-12,17.72,18.00,17.49,17.89,215480
23-Aug-12,18.01,18.01,17.69,17.81,134465
22-Aug-12,17.93,18.09,17.75,17.98,340809
21-Aug-12,17.90,18.13,17.87,18.02,249391
20-Aug-12,17.84,17.94,17.56,17.89,404992
17-Aug-12,17.79,17.90,17.68,17.89,116585
16-Aug-12,17.61,17.86,17.48,17.85,122187
15-Aug-12,17.52,17.61,17.36,17.60,81054
14-Aug-12,17.54,17.61,17.40,17.54,81550
13-Aug-12,17.38,17.46,17.05,17.41,90363
10-Aug-12,17.51,17.51,17.10,17.37,68141
9-Aug-12,17.41,17.62,17.35,17.51,115681
8-Aug-12,17.58,17.65,17.19,17.40,86015
7-Aug-12,17.67,17.72,17.38,17.57,137039
6-Aug-12,17.57,17.75,17.48,17.61,129662
3-Aug-12,17.21,17.66,17.17,17.50,128466
2-Aug-12,17.03,17.08,16.88,17.05,171866
1-Aug-12,17.64,17.64,16.97,17.07,538640
31-Jul-12,17.41,17.63,17.36,17.60,429635
30-Jul-12,17.43,17.51,17.33,17.45,178863
27-Jul-12,17.02,17.46,16.98,17.38,351327
26-Jul-12,16.87,16.97,16.65,16.92,306822
25-Jul-12,16.76,16.87,16.61,16.66,211250
24-Jul-12,17.03,17.03,16.63,16.67,264708
23-Jul-12,16.91,17.10,16.80,16.94,242571
20-Jul-12,17.34,17.45,17.04,17.19,309281
19-Jul-12,17.78,17.80,17.34,17.49,323498
18-Jul-12,17.79,17.86,17.54,17.73,303806
17-Jul-12,17.83,17.99,17.56,17.78,252516
16-Jul-12,17.81,17.84,17.62,17.71,245069
13-Jul-12,17.68,17.91,17.68,17.84,359492
12-Jul-12,17.81,17.85,17.55,17.68,326461
11-Jul-12,17.77,18.14,17.73,17.90,413131
10-Jul-12,18.05,18.13,17.73,17.79,437987
9-Jul-12,18.01,18.05,17.83,18.00,412509
6-Jul-12,17.97,18.06,17.94,17.99,318856
5-Jul-12,18.21,18.26,18.07,18.18,370256
3-Jul-12,18.19,18.28,18.08,18.20,352488
2-Jul-12,18.20,18.31,18.10,18.14,843869
29-Jun-12,17.89,18.24,17.79,18.13,881243
28-Jun-12,17.67,17.67,17.32,17.61,625583
27-Jun-12,17.38,17.72,17.17,17.69,697144
26-Jun-12,17.47,17.55,17.04,17.43,557619
25-Jun-12,17.04,17.62,16.91,17.45,793398
22-Jun-12,17.92,18.05,17.00,17.23,11881712
21-Jun-12,18.13,18.17,17.79,17.85,954765
20-Jun-12,18.33,18.33,17.97,18.08,796898
19-Jun-12,18.09,18.40,17.97,18.29,1080668
18-Jun-12,17.74,18.20,17.70,18.09,965424
15-Jun-12,17.85,17.95,17.70,17.93,620155
14-Jun-12,18.27,18.76,17.70,17.79,2246297
13-Jun-12,18.28,18.78,18.14,18.15,585142
12-Jun-12,17.86,18.41,17.78,18.31,733164
11-Jun-12,18.16,18.44,17.67,17.73,729559
8-Jun-12,17.79,18.01,17.44,18.01,211452
7-Jun-12,18.20,18.24,17.63,17.64,266256
6-Jun-12,17.69,18.24,17.54,17.92,242866
5-Jun-12,17.11,17.65,17.11,17.61,178202
4-Jun-12,17.40,17.54,16.74,17.14,127955
1-Jun-12,17.31,17.55,17.16,17.25,158258
31-May-12,17.88,17.96,17.50,17.63,360276
30-May-12,18.15,18.15,17.75,17.76,104821
29-May-12,17.94,18.28,17.84,18.25,128124
25-May-12,17.85,17.98,17.75,17.88,93232
24-May-12,17.62,17.84,17.50,17.83,113050
23-May-12,17.46,17.64,17.19,17.62,100412
22-May-12,17.58,17.69,17.43,17.53,121308
21-May-12,17.39,17.55,17.14,17.52,268714
18-May-12,17.58,17.82,17.25,17.32,176390
17-May-12,18.33,18.33,17.57,17.60,183173
16-May-12,18.57,18.59,18.10,18.26,91484
15-May-12,18.42,18.49,18.12,18.44,172234
14-May-12,18.49,18.68,18.33,18.44,140837
11-May-12,19.75,19.75,18.40,18.60,158310
10-May-12,18.54,18.54,18.23,18.42,170199
9-May-12,18.63,18.73,18.20,18.35,142225
8-May-12,18.62,18.87,18.44,18.83,131802
7-May-12,18.87,18.88,18.59,18.69,93296
4-May-12,18.94,18.99,18.81,18.90,144232
3-May-12,18.92,19.10,18.80,18.96,110098
2-May-12,18.86,18.95,18.60,18.90,97220
1-May-12,18.82,19.44,18.71,18.95,252353
30-Apr-12,18.84,18.97,18.69,18.78,133492
27-Apr-12,18.85,19.00,18.66,18.92,88538
26-Apr-12,18.80,18.88,18.70,18.77,99584
25-Apr-12,18.92,18.93,18.68,18.81,92089
24-Apr-12,18.37,18.75,18.37,18.74,112755
23-Apr-12,18.50,18.50,18.22,18.32,156114
20-Apr-12,18.76,18.92,18.66,18.84,203072
19-Apr-12,18.45,18.82,18.36,18.55,330328
18-Apr-12,18.41,18.46,18.16,18.40,285841
17-Apr-12,18.30,18.61,18.15,18.44,370081
16-Apr-12,18.15,18.36,17.88,18.19,248335
13-Apr-12,18.38,18.38,17.97,18.01,70939
12-Apr-12,18.06,18.44,17.96,18.39,90987
11-Apr-12,17.85,18.09,17.71,18.09,129386
10-Apr-12,18.33,18.34,17.58,17.65,159500
9-Apr-12,18.30,18.42,17.95,18.26,113485
5-Apr-12,18.46,18.67,18.45,18.50,66770
4-Apr-12,18.72,18.76,18.42,18.48,143390
3-Apr-12,19.16,19.19,18.69,18.84,165243
2-Apr-12,18.56,19.27,18.56,19.15,222544
30-Mar-12,18.58,18.67,18.28,18.63,186808
29-Mar-12,18.38,18.55,18.19,18.48,129303
28-Mar-12,18.50,18.54,18.35,18.54,224134
27-Mar-12,18.50,18.62,18.39,18.60,194578
26-Mar-12,18.37,18.56,18.27,18.54,162392
23-Mar-12,18.07,18.30,17.97,18.13,191148
22-Mar-12,18.12,18.24,17.91,18.00,276217
21-Mar-12,18.20,18.30,18.01,18.22,283947
20-Mar-12,17.48,18.24,17.41,18.14,438147
19-Mar-12,17.44,17.54,17.32,17.54,660150
16-Mar-12,17.40,17.45,17.31,17.44,872396
15-Mar-12,17.49,17.50,17.30,17.36,382254
14-Mar-12,17.50,17.54,17.32,17.45,233806
13-Mar-12,17.59,17.59,17.28,17.53,650896
12-Mar-12,17.45,17.45,17.34,17.43,393695
9-Mar-12,17.36,17.46,17.05,17.34,372028
8-Mar-12,17.65,17.65,16.81,17.40,586032
7-Mar-12,16.83,17.07,16.58,16.92,294428
6-Mar-12,17.16,17.17,16.71,16.82,265017
5-Mar-12,17.38,17.38,16.80,17.32,173312
2-Mar-12,17.64,17.64,17.14,17.41,290078
1-Mar-12,17.56,17.92,17.40,17.66,290775
29-Feb-12,17.90,18.00,17.43,17.52,367208
28-Feb-12,18.07,18.13,17.87,17.90,322232
27-Feb-12,18.14,18.30,17.90,18.09,453715
24-Feb-12,18.44,18.45,18.12,18.24,294671
23-Feb-12,18.10,18.48,18.10,18.40,137554
22-Feb-12,18.20,18.23,18.05,18.15,123839
21-Feb-12,18.20,18.23,17.94,18.20,298208
17-Feb-12,18.18,18.29,18.12,18.19,283936
16-Feb-12,17.82,18.30,17.82,18.15,649512
15-Feb-12,18.22,18.22,17.67,17.79,215325
14-Feb-12,18.54,18.57,18.13,18.16,216870
13-Feb-12,18.77,18.77,18.52,18.61,288408
10-Feb-12,18.70,18.84,18.48,18.58,244253
9-Feb-12,19.06,19.11,18.58,18.90,150269
8-Feb-12,18.91,19.08,18.87,19.08,181689
7-Feb-12,18.77,18.97,18.76,18.95,316458
6-Feb-12,18.53,18.82,18.45,18.82,94122
3-Feb-12,18.36,18.77,18.19,18.62,325947
2-Feb-12,18.20,18.33,17.78,18.15,284375
1-Feb-12,17.88,18.27,17.88,18.20,449585
31-Jan-12,17.98,18.00,17.75,17.84,266812
30-Jan-12,17.66,18.00,17.54,17.94,185749
27-Jan-12,17.82,17.89,17.75,17.77,190081
26-Jan-12,18.18,18.27,17.80,17.92,183863
25-Jan-12,17.80,18.14,17.69,18.08,197718
24-Jan-12,17.29,17.86,17.24,17.80,151205
23-Jan-12,16.96,17.43,16.96,17.38,96173
20-Jan-12,17.05,17.05,16.82,16.94,500449
19-Jan-12,17.30,17.33,17.04,17.04,631060
18-Jan-12,17.11,17.25,16.98,17.19,411128
17-Jan-12,17.26,17.31,16.99,17.16,273531
13-Jan-12,17.11,17.11,17.11,17.11,0
12-Jan-12,17.40,17.40,17.05,17.13,653218
11-Jan-12,17.36,17.46,17.06,17.36,420830
10-Jan-12,17.09,17.48,17.08,17.40,264534
9-Jan-12,16.99,17.21,16.83,16.91,219820
6-Jan-12,16.96,17.08,16.85,16.99,164584
5-Jan-12,16.69,17.06,16.68,16.92,198503
4-Jan-12,16.90,16.91,16.73,16.76,414747
3-Jan-12,17.11,17.28,16.92,17.03,298504
30-Dec-11,16.83,16.83,16.83,16.83,0
29-Dec-11,16.69,17.18,16.69,16.94,276361
28-Dec-11,16.82,16.97,16.61,16.68,336040
27-Dec-11,16.55,17.14,16.55,16.98,429934
23-Dec-11,16.53,16.53,16.53,16.53,0
22-Dec-11,16.81,16.98,16.77,16.77,493146
21-Dec-11,17.03,17.07,16.68,16.69,759740
20-Dec-11,17.30,17.30,16.98,17.00,816624
19-Dec-11,17.20,17.35,16.93,16.98,816415
16-Dec-11,16.71,17.32,16.45,17.21,3147971
15-Dec-11,16.43,16.61,16.28,16.49,610657
14-Dec-11,15.55,16.44,15.44,16.24,674870
13-Dec-11,15.92,16.15,15.53,15.63,235086
12-Dec-11,15.75,15.90,15.51,15.83,291180
9-Dec-11,15.40,15.98,15.35,15.85,292619
8-Dec-11,16.03,16.03,15.28,15.31,382123
7-Dec-11,16.24,16.34,16.01,16.09,337995
6-Dec-11,16.33,16.46,16.20,16.35,444210
5-Dec-11,15.98,16.42,15.80,16.27,502865
2-Dec-11,16.21,16.21,15.62,15.71,433929
1-Dec-11,16.01,16.26,15.71,16.07,833532
30-Nov-11,16.41,16.63,15.91,16.00,12388837
29-Nov-11,16.24,16.32,16.14,16.22,1271334
28-Nov-11,16.23,16.35,15.99,16.15,619641
25-Nov-11,15.30,16.19,15.30,15.72,194793
23-Nov-11,15.34,15.34,15.34,15.34,0
22-Nov-11,15.80,16.08,15.63,15.99,1040616
21-Nov-11,16.14,16.16,15.75,15.87,1051235
18-Nov-11,16.25,16.61,16.24,16.40,2460226
17-Nov-11,16.31,16.47,16.21,16.24,1430925
16-Nov-11,15.58,17.17,15.56,16.39,2498450
15-Nov-11,15.29,15.62,15.23,15.51,214642
14-Nov-11,15.45,15.69,15.34,15.39,224154
11-Nov-11,15.25,15.71,15.18,15.64,391924
10-Nov-11,15.25,15.40,14.82,15.18,350264
9-Nov-11,14.86,15.13,14.52,14.67,283791
8-Nov-11,15.38,15.46,14.92,15.22,341819
7-Nov-11,14.82,15.04,14.62,15.00,107527
4-Nov-11,14.75,14.92,14.47,14.90,105524
3-Nov-11,15.09,15.12,14.59,14.87,138400
2-Nov-11,14.29,15.06,14.29,14.97,201407
1-Nov-11,14.26,14.63,13.97,14.09,213196
31-Oct-11,14.89,14.95,14.78,14.82,99891
28-Oct-11,14.85,15.19,14.75,15.14,179591
27-Oct-11,14.26,14.95,14.12,14.86,282215
26-Oct-11,14.03,14.03,13.52,13.98,79248
25-Oct-11,13.93,14.05,13.81,13.89,112289
24-Oct-11,13.90,14.31,13.82,14.11,152257
21-Oct-11,13.84,14.00,13.69,13.90,407347
20-Oct-11,13.53,13.62,13.08,13.60,71565
19-Oct-11,13.51,13.88,13.44,13.52,93923
18-Oct-11,12.98,13.73,12.98,13.48,211320
17-Oct-11,13.52,13.52,12.92,12.98,128640
14-Oct-11,13.36,13.74,13.25,13.66,120682
13-Oct-11,13.20,13.37,13.03,13.20,87207
12-Oct-11,12.89,13.39,12.79,13.26,402810
11-Oct-11,12.67,13.00,12.44,12.87,113542
10-Oct-11,12.36,12.82,12.30,12.82,114362
7-Oct-11,13.06,13.11,11.99,12.07,97782
6-Oct-11,12.30,13.16,12.30,13.07,119871
5-Oct-11,13.16,13.31,11.97,12.36,162064
4-Oct-11,11.70,13.49,11.66,13.35,254687
3-Oct-11,12.65,13.04,11.78,11.78,130223
30-Sep-11,12.74,13.01,12.68,12.77,122334
