Date,Open,High,Low,Close,Volume
27-Sep-12,18.22,18.30,18.00,18.20,98342
26-Sep-12,17.82,18.24,17.00,18.03,138241
25-Sep-12,18.25,18.25,17.66,17.70,80429
24-Sep-12,18.30,18.71,18.00,18.16,148777
21-Sep-12,17.88,18.54,17.76,18.32,215101
20-Sep-12,16.99,17.66,16.99,17.61,27183
19-Sep-12,16.88,17.19,16.85,17.15,17048
18-Sep-12,16.80,16.99,16.69,16.79,26543
17-Sep-12,16.43,16.93,16.33,16.91,34475
14-Sep-12,17.02,17.30,16.80,16.80,33572
13-Sep-12,16.78,17.25,16.61,17.00,27242
12-Sep-12,16.59,16.79,16.40,16.79,19389
11-Sep-12,16.60,16.73,16.39,16.49,27584
10-Sep-12,16.38,16.86,16.29,16.50,20345
7-Sep-12,16.37,16.44,16.23,16.30,113032
6-Sep-12,15.86,16.24,15.79,16.21,70079
5-Sep-12,15.92,16.09,15.55,15.68,75577
4-Sep-12,15.34,15.94,15.14,15.78,57932
31-Aug-12,15.48,15.60,15.12,15.38,53274
30-Aug-12,15.57,15.61,15.22,15.29,37850
29-Aug-12,15.77,15.81,15.53,15.75,85650
28-Aug-12,15.50,15.97,15.36,15.68,56496
27-Aug-12,15.51,15.88,15.35,15.45,44486
24-Aug-12,15.05,15.43,15.00,15.37,17534
23-Aug-12,15.56,15.61,14.91,15.13,42444
22-Aug-12,16.16,16.56,15.09,15.56,60665
21-Aug-12,16.90,17.15,16.17,16.17,84574
20-Aug-12,16.92,16.99,16.50,16.87,50303
17-Aug-12,16.14,16.95,15.92,16.92,144436
16-Aug-12,16.16,16.25,15.87,16.21,50387
15-Aug-12,15.66,16.22,15.66,16.20,47777
14-Aug-12,15.67,15.85,15.67,15.76,26387
13-Aug-12,15.58,15.74,15.25,15.52,46980
10-Aug-12,15.67,15.75,15.57,15.58,16920
9-Aug-12,15.78,15.85,15.69,15.70,20732
8-Aug-12,15.70,16.00,15.69,15.87,35068
7-Aug-12,16.04,16.04,15.58,15.74,47971
6-Aug-12,16.15,16.17,15.81,15.86,59395
3-Aug-12,16.00,16.30,15.63,15.97,83526
2-Aug-12,15.38,15.66,15.25,15.56,45674
1-Aug-12,15.83,16.00,15.39,15.40,69242
31-Jul-12,15.71,15.99,15.70,15.75,45475
30-Jul-12,15.92,15.93,15.58,15.81,56364
27-Jul-12,15.32,15.97,15.26,15.85,69812
26-Jul-12,14.92,15.30,14.81,15.29,45375
25-Jul-12,14.90,15.06,14.55,14.62,20460
24-Jul-12,15.47,15.47,14.60,14.73,38520
23-Jul-12,14.87,15.58,14.64,15.38,45287
20-Jul-12,15.45,15.47,15.07,15.21,42737
19-Jul-12,15.81,15.81,15.50,15.54,27589
18-Jul-12,15.79,15.99,15.61,15.75,49581
17-Jul-12,15.39,15.93,15.33,15.87,56981
16-Jul-12,15.31,15.57,14.83,15.26,79833
13-Jul-12,15.45,16.00,15.24,15.35,80631
12-Jul-12,15.38,15.69,14.81,15.62,46400
11-Jul-12,15.14,15.65,14.89,15.52,70913
10-Jul-12,15.18,15.28,14.93,15.15,65104
9-Jul-12,14.90,15.30,14.46,15.19,101213
6-Jul-12,14.61,15.00,14.61,14.97,60761
5-Jul-12,14.81,14.98,14.67,14.84,53050
3-Jul-12,14.31,14.84,14.08,14.83,39511
2-Jul-12,13.41,14.31,13.18,14.30,88819
29-Jun-12,13.56,13.83,13.39,13.61,95303
28-Jun-12,13.07,13.34,12.98,13.20,42064
27-Jun-12,12.67,13.22,12.65,13.19,60035
26-Jun-12,12.45,12.69,12.20,12.58,31776
25-Jun-12,12.07,12.56,12.07,12.40,31788
22-Jun-12,11.76,12.34,11.76,12.34,938861
21-Jun-12,11.96,12.05,11.52,11.70,53589
20-Jun-12,12.29,12.32,11.83,11.97,51278
19-Jun-12,12.18,12.72,12.04,12.29,94411
18-Jun-12,12.50,12.69,11.98,12.07,63836
15-Jun-12,11.99,12.62,11.99,12.59,137190
14-Jun-12,11.48,12.11,11.47,12.08,48305
13-Jun-12,11.49,11.73,11.28,11.42,53287
12-Jun-12,11.09,11.50,10.99,11.50,54416
11-Jun-12,11.23,11.35,10.97,10.98,48315
8-Jun-12,11.36,11.37,10.99,11.02,37521
7-Jun-12,11.30,11.52,10.66,11.44,71319
6-Jun-12,10.89,11.15,10.77,11.15,36723
5-Jun-12,10.84,10.91,10.67,10.78,41595
4-Jun-12,10.53,10.99,10.53,10.96,50424
1-Jun-12,10.37,10.78,10.37,10.42,48728
31-May-12,10.40,10.75,10.34,10.66,66800
30-May-12,10.35,10.54,10.35,10.41,26383
29-May-12,10.44,10.59,10.28,10.49,28926
25-May-12,10.10,10.47,10.01,10.34,31829
24-May-12,10.17,10.26,9.87,10.07,62444
23-May-12,10.10,10.36,10.04,10.12,57223
22-May-12,10.60,10.71,10.13,10.21,50405
21-May-12,10.53,10.68,10.40,10.60,26753
18-May-12,10.60,10.68,10.36,10.52,49250
17-May-12,10.65,10.83,10.60,10.62,49444
16-May-12,10.68,10.84,10.58,10.65,21711
15-May-12,10.48,10.75,10.48,10.64,20087
14-May-12,10.36,10.54,10.36,10.51,42803
11-May-12,10.67,10.78,10.45,10.53,83603
10-May-12,10.82,10.92,10.68,10.75,21756
9-May-12,11.15,11.20,10.68,10.71,45325
8-May-12,10.66,11.39,10.66,11.34,74479
7-May-12,10.52,10.91,10.52,10.76,31552
4-May-12,10.75,10.85,10.52,10.53,54785
3-May-12,10.94,11.04,10.80,10.88,36197
2-May-12,10.77,11.00,10.75,10.97,22686
1-May-12,11.15,11.50,10.88,10.91,77528
30-Apr-12,11.19,11.46,11.05,11.15,52947
27-Apr-12,11.00,11.23,10.82,11.19,40956
26-Apr-12,11.02,11.02,10.84,10.96,14587
25-Apr-12,10.81,11.08,10.81,11.05,29844
24-Apr-12,10.36,10.69,10.29,10.62,35875
23-Apr-12,10.42,10.53,10.28,10.32,58867
20-Apr-12,10.68,10.89,10.54,10.66,58956
19-Apr-12,10.59,10.68,10.04,10.46,119364
18-Apr-12,10.57,10.77,10.39,10.59,78354
17-Apr-12,10.73,10.81,10.57,10.61,55790
16-Apr-12,10.67,10.79,10.57,10.59,50343
13-Apr-12,10.68,10.76,10.52,10.60,60551
12-Apr-12,10.70,10.96,10.65,10.78,38634
11-Apr-12,10.82,10.82,10.52,10.71,63021
10-Apr-12,10.87,10.92,10.65,10.67,66390
9-Apr-12,10.95,11.03,10.75,10.83,57830
5-Apr-12,10.94,11.30,10.91,11.19,40702
4-Apr-12,11.01,11.09,10.82,11.04,89884
3-Apr-12,11.15,11.34,11.03,11.13,54602
2-Apr-12,11.11,11.31,11.00,11.16,80685
30-Mar-12,11.25,11.25,11.03,11.15,53638
29-Mar-12,10.84,11.16,10.73,11.11,35042
28-Mar-12,11.07,11.30,10.77,10.87,35396
27-Mar-12,11.48,11.56,10.98,11.01,52194
26-Mar-12,11.19,11.62,10.94,11.42,77267
23-Mar-12,10.45,10.93,10.42,10.90,46647
22-Mar-12,10.65,10.82,10.27,10.42,64780
21-Mar-12,10.96,11.10,10.78,10.81,36569
20-Mar-12,10.99,11.16,10.87,10.89,41137
19-Mar-12,10.65,11.27,10.64,11.07,67208
16-Mar-12,10.72,10.74,10.44,10.65,131668
15-Mar-12,10.28,10.67,10.22,10.67,60044
14-Mar-12,10.67,10.67,10.04,10.09,63348
13-Mar-12,10.49,10.66,10.32,10.66,84948
12-Mar-12,10.32,10.37,10.11,10.34,30174
9-Mar-12,10.07,10.49,10.07,10.35,44058
8-Mar-12,10.09,10.14,9.86,10.10,28444
7-Mar-12,9.99,10.12,9.84,10.03,34177
6-Mar-12,10.04,10.20,9.91,9.95,49556
5-Mar-12,10.04,10.26,9.85,10.23,30347
2-Mar-12,9.83,10.36,9.83,10.10,99514
1-Mar-12,9.97,10.34,9.75,9.80,92922
29-Feb-12,10.14,10.22,9.75,9.99,129277
28-Feb-12,10.15,10.23,10.00,10.11,36638
27-Feb-12,10.21,10.24,10.10,10.12,35830
24-Feb-12,10.47,10.54,10.34,10.36,40459
23-Feb-12,10.48,10.52,10.39,10.44,63145
22-Feb-12,10.70,10.96,10.46,10.49,24422
21-Feb-12,10.82,10.99,10.66,10.72,31032
17-Feb-12,10.79,10.84,10.51,10.82,37829
16-Feb-12,10.12,10.74,10.10,10.71,51196
15-Feb-12,10.40,10.56,10.14,10.17,46668
14-Feb-12,10.54,10.54,10.13,10.30,53973
13-Feb-12,10.51,10.67,10.39,10.64,31435
10-Feb-12,10.47,10.47,10.47,10.47,0
9-Feb-12,10.80,10.80,10.55,10.57,36061
8-Feb-12,10.71,10.71,10.71,10.71,0
7-Feb-12,10.35,10.96,10.34,10.70,62524
6-Feb-12,10.39,10.44,10.15,10.34,42358
3-Feb-12,10.19,10.65,10.00,10.44,84058
2-Feb-12,9.99,9.99,9.99,9.99,0
1-Feb-12,9.98,10.19,9.76,10.01,103283
31-Jan-12,9.56,9.91,9.14,9.87,369179
30-Jan-12,9.47,9.57,9.01,9.51,158163
27-Jan-12,9.61,9.84,9.46,9.55,61470
26-Jan-12,9.78,9.82,9.54,9.68,68265
25-Jan-12,10.06,10.20,9.54,9.69,121428
24-Jan-12,10.44,10.56,10.02,10.06,69923
23-Jan-12,10.51,10.60,10.41,10.55,20591
20-Jan-12,10.72,10.94,10.46,10.52,71960
19-Jan-12,10.59,10.59,10.59,10.59,0
18-Jan-12,10.37,10.72,10.33,10.67,50870
17-Jan-12,10.93,10.93,10.35,10.43,64983
13-Jan-12,10.80,10.80,10.80,10.80,0
12-Jan-12,10.58,11.10,10.41,11.06,74287
11-Jan-12,10.64,10.67,10.53,10.59,43086
10-Jan-12,10.50,10.50,10.50,10.50,0
9-Jan-12,10.75,10.75,10.50,10.53,49479
6-Jan-12,10.74,10.74,10.74,10.74,0
5-Jan-12,10.46,10.78,10.24,10.63,45180
4-Jan-12,10.79,10.97,10.56,10.57,30577
3-Jan-12,10.93,10.99,10.71,10.93,89879
30-Dec-11,10.48,10.48,10.48,10.48,0
29-Dec-11,10.70,10.70,10.70,10.70,0
28-Dec-11,10.45,10.71,10.17,10.20,45786
27-Dec-11,10.46,10.60,10.42,10.57,32866
23-Dec-11,10.44,10.44,10.44,10.44,0
22-Dec-11,10.89,11.07,10.64,10.70,46612
21-Dec-11,10.83,10.83,10.83,10.83,0
20-Dec-11,11.25,11.27,10.84,11.04,94977
19-Dec-11,11.16,11.16,11.16,11.16,0
16-Dec-11,11.12,11.27,10.74,11.17,451225
15-Dec-11,11.12,11.12,10.80,10.98,64520
14-Dec-11,10.82,10.82,10.82,10.82,0
13-Dec-11,11.08,11.24,10.60,10.66,64672
12-Dec-11,10.93,10.93,10.93,10.93,0
9-Dec-11,10.06,11.19,10.06,11.08,60428
8-Dec-11,10.90,10.91,10.00,10.03,60017
7-Dec-11,11.06,11.06,11.06,11.06,0
6-Dec-11,10.89,11.36,10.65,11.17,107521
5-Dec-11,10.91,11.00,10.57,10.88,49242
2-Dec-11,11.03,11.15,10.55,10.62,28127
1-Dec-11,11.07,11.14,10.76,10.77,74977
30-Nov-11,10.27,11.19,10.06,11.04,226224
29-Nov-11,9.76,9.94,9.53,9.62,38504
28-Nov-11,9.58,10.10,9.54,9.71,103634
25-Nov-11,9.45,9.66,9.09,9.11,28246
23-Nov-11,9.51,9.51,9.51,9.51,0
22-Nov-11,10.39,10.50,10.05,10.06,64923
21-Nov-11,10.51,10.51,10.51,10.51,0
18-Nov-11,10.88,11.00,10.68,10.74,49175
17-Nov-11,10.91,11.15,10.81,10.85,47429
16-Nov-11,11.16,11.16,11.16,11.16,0
15-Nov-11,11.54,11.67,11.25,11.59,55045
14-Nov-11,11.97,12.02,11.52,11.67,39635
11-Nov-11,11.68,12.04,11.68,11.99,70941
10-Nov-11,11.66,11.80,11.37,11.53,57588
9-Nov-11,11.79,11.79,11.79,11.79,0
8-Nov-11,12.86,12.86,12.17,12.43,50934
7-Nov-11,11.78,12.94,11.78,12.66,54707
4-Nov-11,13.09,13.36,12.81,13.09,23311
3-Nov-11,12.92,13.39,12.48,13.33,48044
2-Nov-11,12.32,12.78,12.10,12.71,65607
1-Nov-11,12.56,12.56,12.56,12.56,0
31-Oct-11,13.73,13.89,13.29,13.56,58888
28-Oct-11,14.29,14.53,13.99,14.04,60533
27-Oct-11,13.13,14.50,12.76,14.37,127904
26-Oct-11,11.84,12.69,11.48,12.52,63278
25-Oct-11,12.49,12.49,11.47,11.53,70014
24-Oct-11,12.45,12.45,12.45,12.45,0
21-Oct-11,12.09,12.42,11.84,12.42,60551
20-Oct-11,11.24,11.24,11.24,11.24,0
19-Oct-11,12.26,12.55,11.78,11.87,39200
18-Oct-11,11.80,12.39,11.42,12.26,63118
17-Oct-11,12.47,12.55,11.58,11.66,82519
14-Oct-11,12.65,12.79,12.28,12.67,53456
13-Oct-11,12.47,12.62,11.90,12.56,50758
12-Oct-11,11.66,12.71,11.53,12.56,58225
11-Oct-11,11.05,11.56,11.00,11.49,58090
10-Oct-11,10.80,10.80,10.80,10.80,0
7-Oct-11,11.28,11.28,10.34,10.46,71436
6-Oct-11,11.48,11.86,10.96,11.29,85159
5-Oct-11,12.06,12.06,12.06,12.06,0
4-Oct-11,10.40,12.47,10.35,11.84,109715
3-Oct-11,11.03,11.67,10.45,10.46,98114
30-Sep-11,10.88,11.50,10.77,11.14,63628
29-Sep-11,10.95,11.20,10.77,11.15,38203
