Date,Open,High,Low,Close,Volume
27-Sep-12,47.97,48.76,47.85,48.60,1903754
26-Sep-12,47.65,47.87,47.26,47.80,1967319
25-Sep-12,47.57,48.05,47.27,47.82,2133940
24-Sep-12,47.38,47.69,47.22,47.38,1039674
21-Sep-12,47.37,48.01,47.37,47.60,848398
20-Sep-12,47.20,47.37,46.97,47.30,374972
19-Sep-12,47.02,47.39,46.82,47.25,498146
18-Sep-12,47.04,47.11,46.74,46.84,651731
17-Sep-12,47.66,47.71,46.84,47.00,550306
14-Sep-12,48.09,48.23,47.48,47.80,573315
13-Sep-12,47.55,48.54,47.30,48.06,676097
12-Sep-12,47.49,47.77,47.10,47.42,496108
11-Sep-12,47.87,48.31,47.13,47.26,765308
10-Sep-12,48.74,48.87,47.84,47.90,625079
7-Sep-12,49.13,49.32,48.85,48.93,1269884
6-Sep-12,48.55,49.40,48.55,49.01,1796737
5-Sep-12,47.95,48.29,47.69,48.29,1872281
4-Sep-12,47.70,48.25,47.69,48.10,1444893
31-Aug-12,47.50,47.89,46.92,47.68,983446
30-Aug-12,47.22,47.50,46.90,47.20,795918
29-Aug-12,47.35,47.49,46.95,47.43,1198410
28-Aug-12,47.40,47.51,46.57,47.26,3408408
27-Aug-12,47.71,47.82,47.04,47.22,1889005
24-Aug-12,47.40,47.61,47.06,47.50,2242016
23-Aug-12,47.78,48.04,47.41,47.54,1199991
22-Aug-12,47.48,48.00,47.39,47.85,1580672
21-Aug-12,47.75,48.08,47.42,47.49,1912581
20-Aug-12,48.16,48.34,47.53,47.73,1648142
17-Aug-12,47.91,48.48,47.59,48.16,2051157
16-Aug-12,47.79,48.03,47.56,47.76,2310932
15-Aug-12,46.73,47.76,46.52,47.69,2134311
14-Aug-12,47.56,47.67,46.86,46.97,1792467
13-Aug-12,46.65,47.78,46.60,47.49,3418807
10-Aug-12,45.54,46.82,45.32,46.76,1726490
9-Aug-12,46.35,46.77,46.29,46.60,1207523
8-Aug-12,45.83,46.58,45.79,46.50,1456985
7-Aug-12,45.98,46.16,45.75,45.84,1330102
6-Aug-12,45.83,46.15,45.73,45.87,1109104
3-Aug-12,45.74,46.04,45.49,45.65,1590511
2-Aug-12,44.62,45.20,44.30,45.11,2259329
1-Aug-12,44.69,45.55,44.29,45.00,2412363
31-Jul-12,45.18,45.29,44.25,44.42,2909600
30-Jul-12,45.52,46.13,45.30,45.51,2269136
27-Jul-12,42.94,45.91,42.34,45.42,4439481
26-Jul-12,42.15,43.07,42.01,42.63,3847005
25-Jul-12,41.83,42.16,41.34,41.44,3334861
24-Jul-12,42.07,42.10,41.28,41.78,3631271
23-Jul-12,42.08,42.28,40.99,42.14,3479925
20-Jul-12,43.99,43.99,43.14,43.19,2976398
19-Jul-12,43.92,44.20,43.83,44.00,1669836
18-Jul-12,43.36,44.13,43.36,43.81,1786104
17-Jul-12,43.37,43.64,42.89,43.56,1261524
16-Jul-12,42.95,43.65,42.82,43.25,1332776
13-Jul-12,42.54,43.26,42.54,43.17,784737
12-Jul-12,42.60,42.80,41.85,42.53,3170884
11-Jul-12,43.23,43.39,42.75,42.94,1970203
10-Jul-12,43.86,44.04,42.87,43.08,3998073
9-Jul-12,43.82,43.95,43.14,43.43,3679559
6-Jul-12,44.66,44.81,43.47,43.81,2656366
5-Jul-12,44.22,45.10,44.12,44.99,2062403
3-Jul-12,43.44,44.35,43.34,44.29,874232
2-Jul-12,43.29,43.87,43.09,43.38,1811701
29-Jun-12,43.13,43.65,42.74,43.57,2408992
28-Jun-12,43.48,43.53,42.13,42.52,3664180
27-Jun-12,43.90,43.98,43.22,43.62,3154024
26-Jun-12,42.84,43.91,42.84,43.76,2823263
25-Jun-12,42.91,43.08,42.21,42.62,1204622
22-Jun-12,42.83,43.43,42.74,43.21,1730969
21-Jun-12,43.67,43.84,42.69,42.82,1423484
20-Jun-12,43.43,43.81,43.23,43.55,1235985
19-Jun-12,43.75,44.00,43.23,43.44,1513324
18-Jun-12,42.22,43.91,42.12,43.58,2526946
15-Jun-12,42.18,42.62,42.04,42.33,1973806
14-Jun-12,41.22,42.27,40.95,42.01,2562993
13-Jun-12,40.16,41.48,40.02,41.16,2879524
12-Jun-12,39.60,40.36,39.32,40.30,2180327
11-Jun-12,39.98,40.15,39.49,39.60,1297618
8-Jun-12,39.38,39.91,39.14,39.81,1664491
7-Jun-12,39.45,39.71,39.32,39.40,1802712
6-Jun-12,38.66,39.19,38.52,38.99,1324836
5-Jun-12,37.58,38.38,37.43,38.33,1401844
4-Jun-12,37.79,38.13,37.57,37.77,1544597
1-Jun-12,37.77,37.89,37.48,37.73,1606906
31-May-12,38.63,38.71,37.61,38.23,3212611
30-May-12,39.67,39.70,38.44,38.62,2599088
29-May-12,40.01,40.07,39.55,39.92,1079070
25-May-12,39.45,39.84,39.25,39.80,1221733
24-May-12,39.93,39.95,38.89,39.24,1465363
23-May-12,39.22,39.94,38.95,39.93,1223164
22-May-12,39.63,39.73,39.16,39.42,1319226
21-May-12,38.62,39.67,38.54,39.58,1747772
18-May-12,39.60,39.68,38.48,38.62,2599410
17-May-12,40.12,40.63,39.57,39.60,2026903
16-May-12,40.02,40.45,39.93,40.14,2410749
15-May-12,39.85,40.15,39.64,39.79,1476416
14-May-12,40.00,40.20,39.68,39.76,1596301
11-May-12,40.15,40.60,40.09,40.31,1280297
10-May-12,40.64,40.94,40.08,40.16,1408240
9-May-12,40.44,40.73,39.95,40.50,1546138
8-May-12,40.54,40.96,40.20,40.69,1699059
7-May-12,40.51,41.08,40.49,40.84,1204186
4-May-12,41.01,41.16,40.57,40.72,1179010
3-May-12,41.47,41.55,41.07,41.33,1512702
2-May-12,0.00,0.00,0.00,41.40,3000
1-May-12,41.10,41.98,41.00,41.37,2355551
30-Apr-12,41.66,41.69,41.02,41.11,2188364
27-Apr-12,40.35,42.24,40.35,41.70,4482416
26-Apr-12,41.77,42.33,41.56,42.03,3253202
25-Apr-12,41.44,41.86,41.31,41.75,1517201
24-Apr-12,42.26,42.35,41.24,41.26,3081393
23-Apr-12,41.68,42.44,41.18,42.32,1982301
20-Apr-12,41.86,42.26,41.69,41.97,2203496
19-Apr-12,42.68,43.05,41.80,41.95,2702871
18-Apr-12,41.68,42.88,41.51,42.70,3407091
17-Apr-12,40.81,42.07,40.67,41.89,2855315
16-Apr-12,40.93,40.99,40.00,40.58,2355187
13-Apr-12,39.50,40.75,39.41,40.67,5390802
12-Apr-12,39.65,39.81,39.35,39.69,2673655
11-Apr-12,39.29,39.57,39.26,39.44,3415650
10-Apr-12,38.93,39.07,38.75,39.00,3428546
9-Apr-12,38.53,39.07,38.39,39.00,2542671
5-Apr-12,38.51,38.98,38.39,38.94,1744174
4-Apr-12,38.84,38.99,38.28,38.54,1368047
3-Apr-12,38.83,39.17,38.70,39.00,2437843
2-Apr-12,38.33,38.84,38.27,38.75,2010677
30-Mar-12,38.73,38.86,38.30,38.35,1670755
29-Mar-12,38.08,38.57,37.98,38.54,1872562
28-Mar-12,38.40,38.45,38.05,38.22,2101393
27-Mar-12,38.58,38.64,38.26,38.33,1527232
26-Mar-12,38.43,38.69,38.38,38.45,1497264
23-Mar-12,38.50,38.51,37.95,38.14,1517672
22-Mar-12,37.88,38.60,37.85,38.47,1390252
21-Mar-12,38.23,38.36,37.88,38.02,2481611
20-Mar-12,38.33,38.42,38.12,38.19,1453769
19-Mar-12,38.31,39.01,38.13,38.56,1174774
16-Mar-12,37.87,38.49,37.87,38.47,1813193
15-Mar-12,37.94,38.14,37.80,37.98,1226057
14-Mar-12,38.14,38.31,37.83,37.96,1456113
13-Mar-12,37.65,38.18,37.58,38.14,2068301
12-Mar-12,36.97,37.58,36.89,37.41,2600502
9-Mar-12,36.38,37.04,36.38,36.95,1702919
8-Mar-12,36.24,36.61,36.05,36.48,1962102
7-Mar-12,36.20,36.34,35.75,35.98,4176069
6-Mar-12,36.56,36.73,35.99,36.20,2474161
5-Mar-12,36.93,37.17,36.59,36.74,1132437
2-Mar-12,36.91,37.08,36.80,37.00,1292463
1-Mar-12,37.15,37.24,36.76,37.00,2346557
29-Feb-12,37.39,37.39,36.84,36.95,2225157
28-Feb-12,37.73,37.88,37.25,37.33,2270846
27-Feb-12,37.39,37.80,37.28,37.58,2075216
24-Feb-12,38.00,38.50,37.46,37.64,1658657
23-Feb-12,37.29,38.00,37.20,37.97,1461152
22-Feb-12,37.22,37.66,36.99,37.45,1067584
21-Feb-12,37.14,37.50,36.99,37.32,960344
17-Feb-12,37.26,37.33,36.89,37.18,1149893
16-Feb-12,36.96,37.29,36.88,37.20,1050247
15-Feb-12,37.23,37.33,36.72,36.87,1617643
14-Feb-12,36.86,37.28,36.83,37.20,1149433
13-Feb-12,36.85,37.07,36.75,36.96,1263676
10-Feb-12,36.53,36.84,36.38,36.61,984246
9-Feb-12,36.75,36.96,36.41,36.87,1087538
8-Feb-12,36.48,36.63,36.08,36.52,1066173
7-Feb-12,36.49,36.67,36.19,36.53,910479
6-Feb-12,36.85,36.92,36.30,36.60,1235709
3-Feb-12,37.12,37.35,36.87,37.04,1115208
2-Feb-12,37.42,37.43,36.60,36.83,1756377
1-Feb-12,37.08,37.58,37.03,37.46,1351324
31-Jan-12,37.06,37.20,36.92,37.04,1467833
30-Jan-12,35.94,37.17,35.67,37.11,2702614
27-Jan-12,36.87,37.10,35.38,36.32,4227942
26-Jan-12,36.50,36.50,35.69,35.92,2135027
25-Jan-12,36.46,36.58,35.80,36.41,1824360
24-Jan-12,35.99,36.57,35.88,36.52,1142706
23-Jan-12,35.98,36.24,35.81,36.10,980680
20-Jan-12,35.69,36.15,35.59,36.01,1655311
19-Jan-12,35.96,36.16,35.73,35.75,1950184
18-Jan-12,35.87,36.13,35.70,35.91,1961741
17-Jan-12,35.92,36.22,35.72,35.80,931567
13-Jan-12,35.54,35.54,35.54,35.54,0
12-Jan-12,35.63,35.90,35.57,35.81,1020446
11-Jan-12,35.78,36.09,35.58,35.58,1323293
10-Jan-12,35.71,35.71,35.71,35.71,0
9-Jan-12,34.94,35.24,34.75,35.02,2610940
6-Jan-12,35.57,35.75,35.30,35.40,2014499
5-Jan-12,35.70,35.82,35.24,35.74,1773978
4-Jan-12,35.74,35.87,35.43,35.82,1606338
3-Jan-12,36.40,36.45,35.67,35.82,1932980
30-Dec-11,35.72,35.72,35.72,35.72,0
29-Dec-11,35.75,35.84,35.57,35.67,858056
28-Dec-11,35.64,35.64,35.64,35.64,0
27-Dec-11,35.87,36.35,35.71,36.24,1205313
23-Dec-11,35.84,35.84,35.84,35.84,0
22-Dec-11,35.82,36.15,35.77,35.97,1738175
21-Dec-11,35.68,36.17,35.32,35.68,2550741
20-Dec-11,35.58,35.58,35.58,35.58,0
19-Dec-11,34.85,35.17,34.60,34.80,2312413
16-Dec-11,34.36,34.99,34.19,34.72,4489398
15-Dec-11,33.58,34.19,33.20,34.10,3856310
14-Dec-11,33.31,33.40,32.56,33.24,1376675
13-Dec-11,33.95,34.24,33.26,33.37,1279915
12-Dec-11,33.72,33.72,33.72,33.72,0
9-Dec-11,33.46,34.20,33.21,33.94,1363537
8-Dec-11,33.37,33.63,33.20,33.26,1442366
7-Dec-11,33.58,33.67,33.09,33.36,968393
6-Dec-11,33.84,33.99,33.40,33.56,982581
5-Dec-11,34.16,34.32,33.62,33.70,1547545
2-Dec-11,34.00,34.22,33.35,33.42,1235373
1-Dec-11,33.50,34.00,33.46,33.87,1895618
30-Nov-11,33.10,33.75,32.73,33.58,2295431
29-Nov-11,32.47,32.66,32.02,32.36,1170883
28-Nov-11,32.38,32.54,32.06,32.29,1131371
25-Nov-11,31.35,31.82,31.35,31.48,487870
23-Nov-11,31.50,31.50,31.50,31.50,0
22-Nov-11,31.78,32.28,31.48,31.94,1155012
21-Nov-11,31.78,32.02,31.40,31.85,1511023
18-Nov-11,32.31,32.36,31.71,32.31,1301728
17-Nov-11,33.15,33.27,31.94,32.24,1765512
16-Nov-11,33.18,33.49,32.92,33.20,1574229
15-Nov-11,33.14,33.66,33.04,33.54,1374028
14-Nov-11,33.20,33.57,32.97,33.11,943800
11-Nov-11,32.84,33.40,32.76,33.23,979362
10-Nov-11,32.49,32.73,31.94,32.46,1311504
9-Nov-11,33.11,33.33,32.02,32.10,2755430
8-Nov-11,33.73,34.00,33.43,33.78,2191570
7-Nov-11,32.99,33.37,32.52,33.34,1502594
4-Nov-11,32.71,33.05,32.26,32.99,1034591
3-Nov-11,32.07,33.16,31.88,33.02,2005209
2-Nov-11,31.92,32.46,31.63,32.08,1792894
1-Nov-11,31.32,32.12,31.23,31.62,2111756
31-Oct-11,32.68,32.98,32.09,32.09,2395009
28-Oct-11,32.58,34.92,32.27,32.85,5848664
27-Oct-11,31.30,32.40,30.79,32.38,2356442
26-Oct-11,31.12,31.22,29.96,30.44,1762764
25-Oct-11,30.82,31.16,30.45,30.76,1019297
24-Oct-11,31.01,31.36,30.85,30.91,1627478
21-Oct-11,30.39,31.00,30.25,30.88,1307073
20-Oct-11,30.00,30.13,29.44,30.04,995600
19-Oct-11,30.35,30.58,29.80,29.94,848841
18-Oct-11,30.10,30.55,29.37,30.43,1755618
17-Oct-11,30.31,30.45,29.95,30.11,1151588
14-Oct-11,30.56,30.78,29.88,30.48,1710778
13-Oct-11,30.46,30.61,29.74,30.04,2844586
12-Oct-11,31.14,31.32,30.47,30.51,1822755
11-Oct-11,30.70,31.16,30.21,30.66,1587885
10-Oct-11,30.21,30.73,30.11,30.71,1146459
7-Oct-11,29.90,30.34,29.54,29.69,2328489
6-Oct-11,29.72,29.92,29.39,29.81,2417281
5-Oct-11,28.32,29.72,27.86,29.57,2565189
4-Oct-11,27.15,28.25,27.00,28.22,3146508
3-Oct-11,28.37,28.57,27.50,27.52,3615405
30-Sep-11,28.57,29.21,28.33,28.61,2129248
29-Sep-11,29.07,29.20,28.31,28.95,2665065
