Date,Open,High,Low,Close,Volume
27-Sep-12,14.20,14.69,13.92,14.61,8144292
26-Sep-12,14.41,14.66,13.51,13.90,12250485
25-Sep-12,14.78,15.33,14.37,14.41,13508385
24-Sep-12,15.07,15.28,14.50,14.63,12636838
21-Sep-12,13.35,15.65,13.25,15.26,33219163
20-Sep-12,13.01,13.20,12.89,13.11,6106897
19-Sep-12,12.81,13.25,12.73,13.16,6997698
18-Sep-12,12.88,13.16,12.55,12.70,5398243
17-Sep-12,13.55,13.60,12.83,12.90,6975640
14-Sep-12,13.08,13.65,13.02,13.65,7486263
13-Sep-12,12.67,13.05,12.43,12.91,6597421
12-Sep-12,12.26,12.85,12.22,12.77,5033350
11-Sep-12,12.05,12.34,12.01,12.24,3268205
10-Sep-12,11.97,12.31,11.96,12.02,2876906
7-Sep-12,11.83,12.23,11.66,12.07,5653578
6-Sep-12,11.43,11.88,11.41,11.86,6643652
5-Sep-12,11.30,11.45,11.18,11.30,3424190
4-Sep-12,11.04,11.45,10.89,11.35,3140589
31-Aug-12,11.01,11.25,10.89,11.04,3772611
30-Aug-12,10.73,10.93,10.60,10.87,3184371
29-Aug-12,10.76,10.91,10.72,10.84,2597937
28-Aug-12,10.76,10.98,10.70,10.72,3660113
27-Aug-12,11.03,11.08,10.70,10.76,3947945
24-Aug-12,10.64,11.02,10.61,11.01,4000002
23-Aug-12,10.74,10.98,10.63,10.70,3602802
22-Aug-12,10.59,10.94,10.50,10.74,6064764
21-Aug-12,10.67,10.83,10.34,10.45,3693054
20-Aug-12,11.00,11.00,10.55,10.59,4014245
17-Aug-12,10.96,11.18,10.77,11.04,625641
16-Aug-12,10.34,10.97,10.30,10.89,912615
15-Aug-12,10.41,10.62,10.05,10.32,755183
14-Aug-12,10.53,10.75,10.38,10.44,487586
13-Aug-12,10.34,10.46,10.20,10.43,368408
10-Aug-12,10.68,10.69,10.30,10.34,519604
9-Aug-12,10.45,10.90,10.39,10.74,1051110
8-Aug-12,9.76,10.16,9.65,10.10,608589
7-Aug-12,9.54,9.86,9.36,9.78,608501
6-Aug-12,9.31,9.58,9.29,9.52,625637
3-Aug-12,9.56,9.60,9.19,9.23,699883
2-Aug-12,9.20,9.45,9.11,9.38,4692776
1-Aug-12,9.36,9.42,9.04,9.20,4423548
31-Jul-12,9.58,9.66,9.20,9.24,4005015
30-Jul-12,9.79,9.96,9.41,9.50,2615033
27-Jul-12,9.77,9.99,9.44,9.81,3635408
26-Jul-12,9.54,9.77,9.48,9.68,4920784
25-Jul-12,9.76,9.88,9.21,9.31,5263930
24-Jul-12,10.22,10.28,9.50,9.63,6232840
23-Jul-12,9.73,10.19,9.61,10.16,6360624
20-Jul-12,9.54,10.06,9.54,9.81,4333725
19-Jul-12,9.91,9.96,9.39,9.64,5260704
18-Jul-12,9.99,10.20,9.79,9.89,5374780
17-Jul-12,10.12,10.23,9.93,9.95,5102120
16-Jul-12,10.15,10.33,10.01,10.23,2919722
13-Jul-12,10.15,10.47,10.11,10.20,5972065
12-Jul-12,9.52,10.20,9.19,10.01,11446982
11-Jul-12,10.07,10.15,9.61,9.65,6552843
10-Jul-12,10.61,10.76,9.89,10.03,8444874
9-Jul-12,10.32,10.66,10.21,10.55,6017526
6-Jul-12,10.08,10.49,10.00,10.38,4472036
5-Jul-12,9.80,10.46,9.70,10.24,10601008
3-Jul-12,9.67,9.95,9.52,9.81,4928415
2-Jul-12,9.66,9.82,9.49,9.67,8262133
29-Jun-12,9.12,10.07,8.95,9.80,27032483
28-Jun-12,8.68,8.89,8.41,8.70,9384640
27-Jun-12,8.53,8.85,8.46,8.61,7865489
26-Jun-12,8.27,8.51,8.18,8.36,7622028
25-Jun-12,8.06,8.25,7.87,8.14,4353823
22-Jun-12,7.97,8.21,7.85,8.19,3629343
21-Jun-12,8.41,8.45,7.80,7.89,6208828
20-Jun-12,8.50,8.55,8.22,8.39,5203744
19-Jun-12,8.39,8.81,8.38,8.53,5129026
18-Jun-12,7.96,8.36,7.89,8.32,5488563
15-Jun-12,7.73,8.01,7.65,8.00,5147675
14-Jun-12,7.26,7.83,7.19,7.69,5852880
13-Jun-12,7.22,7.48,7.10,7.25,3996556
12-Jun-12,7.06,7.30,7.03,7.27,2927779
11-Jun-12,7.58,7.67,7.00,7.05,7342666
8-Jun-12,7.42,7.74,7.33,7.68,3736351
7-Jun-12,7.39,7.67,7.26,7.48,6044906
6-Jun-12,6.92,7.29,6.88,7.27,6731026
5-Jun-12,6.51,6.82,6.51,6.77,3269087
4-Jun-12,6.84,6.91,6.46,6.53,6254868
1-Jun-12,7.01,7.08,6.71,6.94,6801184
31-May-12,7.24,7.39,6.92,7.25,5689622
30-May-12,7.64,7.69,7.19,7.24,4547366
29-May-12,7.86,7.90,7.61,7.80,3609076
25-May-12,7.83,7.93,7.68,7.74,2911768
24-May-12,7.60,7.84,7.52,7.83,3960009
23-May-12,7.47,7.76,7.35,7.58,5506167
22-May-12,7.31,7.77,7.20,7.52,7199545
21-May-12,7.10,7.30,6.81,7.29,4728407
18-May-12,7.11,7.18,6.77,7.08,7131986
17-May-12,7.69,7.71,7.00,7.07,7451296
16-May-12,8.14,8.26,7.65,7.69,5417097
15-May-12,7.89,8.31,7.74,7.98,5537320
14-May-12,8.00,8.23,7.81,7.89,4826208
11-May-12,7.95,8.24,7.90,8.13,4802072
10-May-12,8.30,8.43,8.05,8.09,4080010
9-May-12,7.89,8.30,7.71,8.23,7087854
8-May-12,8.03,8.14,7.76,8.03,4794608
7-May-12,8.05,8.23,8.01,8.18,4581922
4-May-12,8.45,8.57,8.11,8.19,4835960
3-May-12,8.73,8.82,8.47,8.49,5792164
2-May-12,8.75,9.15,8.60,8.73,9175134
1-May-12,8.66,9.07,8.43,8.81,7039032
30-Apr-12,8.88,8.92,8.55,8.68,4356277
27-Apr-12,8.52,8.96,8.20,8.87,8358062
26-Apr-12,8.23,8.59,8.23,8.45,7227448
25-Apr-12,8.00,8.29,8.00,8.22,4835509
24-Apr-12,7.58,8.04,7.57,7.91,6114454
23-Apr-12,7.70,7.72,7.50,7.57,4044479
20-Apr-12,7.68,7.91,7.66,7.85,4954963
19-Apr-12,7.69,7.79,7.45,7.62,6381697
18-Apr-12,7.76,7.82,7.55,7.72,4411557
17-Apr-12,7.95,8.10,7.76,7.79,4739615
16-Apr-12,8.21,8.30,7.82,7.87,7195070
13-Apr-12,8.22,8.39,8.05,8.05,5242686
12-Apr-12,8.29,8.48,8.20,8.46,5273394
11-Apr-12,8.10,8.42,8.09,8.19,5957501
10-Apr-12,8.44,8.52,7.85,7.92,7758210
9-Apr-12,8.08,8.38,7.93,8.35,9324542
5-Apr-12,8.56,8.63,8.22,8.28,7421775
4-Apr-12,8.63,8.67,8.39,8.60,9016456
3-Apr-12,8.79,8.92,8.73,8.75,5480031
2-Apr-12,8.85,8.95,8.66,8.77,6687902
30-Mar-12,9.24,9.29,8.83,8.90,5887978
29-Mar-12,9.22,9.22,8.76,9.04,8873924
28-Mar-12,9.65,9.69,9.11,9.29,11873260
27-Mar-12,9.80,10.08,9.53,9.59,11890880
26-Mar-12,10.47,10.53,9.50,9.62,14192710
23-Mar-12,9.67,11.10,9.55,10.29,33252610
22-Mar-12,11.19,11.33,10.87,11.24,8377303
21-Mar-12,11.70,11.97,11.28,11.31,7726724
20-Mar-12,11.86,11.90,11.50,11.55,6707339
19-Mar-12,12.70,13.02,11.76,11.89,14837554
16-Mar-12,13.10,13.12,12.55,12.76,6960897
15-Mar-12,12.49,13.06,12.29,13.06,4995925
14-Mar-12,12.30,12.63,12.22,12.41,4663010
13-Mar-12,11.98,12.39,11.83,12.30,7857877
12-Mar-12,12.19,12.20,11.74,11.82,4295729
9-Mar-12,11.81,12.27,11.76,11.82,6773292
8-Mar-12,11.33,11.87,11.24,11.66,5995741
7-Mar-12,10.76,11.20,10.72,11.13,3960032
6-Mar-12,11.02,11.04,10.56,10.66,4979914
5-Mar-12,11.12,11.42,11.03,11.22,2592992
2-Mar-12,11.21,11.49,11.13,11.20,2806821
1-Mar-12,11.57,11.67,11.11,11.27,5650473
29-Feb-12,11.26,11.83,11.26,11.42,6140963
28-Feb-12,11.43,11.60,11.05,11.22,5860879
27-Feb-12,11.21,11.70,11.13,11.57,3488070
24-Feb-12,11.80,12.03,11.44,11.44,3668391
23-Feb-12,11.24,11.84,11.19,11.75,4891747
22-Feb-12,11.62,11.85,11.08,11.26,6801640
21-Feb-12,12.23,12.39,11.53,11.75,5198759
17-Feb-12,12.20,12.47,12.04,12.16,4258881
16-Feb-12,12.42,12.66,12.11,12.27,7371468
15-Feb-12,12.57,12.91,12.30,12.39,7497942
14-Feb-12,12.24,12.57,12.02,12.42,8068199
13-Feb-12,11.91,12.58,11.82,12.39,7197107
10-Feb-12,11.65,12.06,11.50,11.71,7732840
9-Feb-12,10.91,12.15,10.91,11.98,14491660
8-Feb-12,10.81,11.00,10.52,10.92,5961074
7-Feb-12,10.40,10.87,10.20,10.76,6729280
6-Feb-12,10.54,10.83,10.30,10.43,6108035
3-Feb-12,9.88,11.06,9.88,10.81,12549681
2-Feb-12,9.70,9.87,9.54,9.65,4647162
1-Feb-12,9.17,9.70,9.05,9.70,6845210
31-Jan-12,9.50,9.65,9.00,9.02,5405544
30-Jan-12,9.64,9.65,9.35,9.44,3406952
27-Jan-12,9.52,10.00,9.50,9.85,5103348
26-Jan-12,9.84,10.23,9.35,9.70,7897102
25-Jan-12,9.24,9.96,9.21,9.78,6068072
24-Jan-12,8.89,9.39,8.77,9.24,5222651
23-Jan-12,9.30,9.50,8.82,9.01,5465061
20-Jan-12,9.54,9.63,9.03,9.31,9075912
19-Jan-12,9.40,9.98,9.40,9.61,10138425
18-Jan-12,9.00,9.78,8.91,9.69,8170914
17-Jan-12,9.02,9.15,8.68,9.01,8292237
13-Jan-12,8.83,8.83,8.83,8.83,0
12-Jan-12,8.96,8.99,8.35,8.60,6950439
11-Jan-12,7.66,9.24,7.65,8.62,22746922
10-Jan-12,7.55,7.83,7.52,7.70,5044797
9-Jan-12,7.26,7.50,7.22,7.40,3738243
6-Jan-12,7.16,7.43,7.12,7.20,5438073
5-Jan-12,6.72,7.20,6.65,7.14,5329682
4-Jan-12,6.87,6.93,6.72,6.77,3597404
3-Jan-12,6.95,7.10,6.90,6.92,3184290
30-Dec-11,6.72,6.72,6.72,6.72,0
29-Dec-11,6.35,6.77,6.33,6.73,5080106
28-Dec-11,6.48,6.53,6.17,6.34,3748860
27-Dec-11,6.60,6.69,6.44,6.45,2847584
23-Dec-11,6.62,6.62,6.62,6.62,0
22-Dec-11,7.09,7.24,6.83,6.89,8379033
21-Dec-11,7.97,8.00,7.08,7.22,9614233
20-Dec-11,7.36,7.79,7.35,7.74,6632862
19-Dec-11,7.25,7.39,6.98,7.03,3540627
16-Dec-11,7.32,7.55,7.16,7.22,3913071
15-Dec-11,7.05,7.34,6.96,7.27,4593357
14-Dec-11,7.12,7.15,6.87,6.92,5819503
13-Dec-11,7.63,7.73,7.12,7.22,6210825
12-Dec-11,7.94,7.96,7.45,7.60,6118633
9-Dec-11,7.97,8.20,7.86,8.10,3024791
8-Dec-11,8.07,8.20,7.74,7.89,4070119
7-Dec-11,8.17,8.28,8.05,8.17,3357140
6-Dec-11,7.90,8.30,7.90,8.23,5797307
5-Dec-11,7.98,8.39,7.77,7.89,7678400
2-Dec-11,7.70,8.04,7.57,7.94,6947497
1-Dec-11,7.30,7.70,7.21,7.58,4541600
30-Nov-11,7.15,7.54,7.04,7.35,6113312
29-Nov-11,6.83,6.93,6.63,6.83,2318296
28-Nov-11,7.04,7.14,6.68,6.77,4186277
25-Nov-11,6.67,6.88,6.63,6.71,1414906
23-Nov-11,6.69,6.69,6.69,6.69,0
22-Nov-11,6.98,7.16,6.73,7.08,3570112
21-Nov-11,7.05,7.20,6.72,6.98,5593957
18-Nov-11,7.46,7.49,7.17,7.22,2881204
17-Nov-11,7.62,7.78,7.36,7.42,4013236
16-Nov-11,7.43,7.93,7.36,7.51,5998936
15-Nov-11,7.26,7.60,7.13,7.53,3447985
14-Nov-11,7.54,7.60,7.22,7.30,3200286
11-Nov-11,7.41,7.65,7.40,7.60,3690112
10-Nov-11,7.01,7.42,6.98,7.33,5047268
9-Nov-11,7.25,7.29,6.76,6.90,6067581
8-Nov-11,7.27,7.60,7.20,7.54,5128018
7-Nov-11,7.00,7.25,6.90,7.18,3469426
4-Nov-11,6.85,7.17,6.81,7.07,5015509
3-Nov-11,6.65,7.04,6.51,6.97,6980549
2-Nov-11,6.70,6.98,6.40,6.52,16453931
1-Nov-11,6.68,6.77,6.40,6.56,5746488
31-Oct-11,7.32,7.37,6.95,6.97,3844085
28-Oct-11,7.42,7.70,7.15,7.47,3660851
27-Oct-11,7.86,7.93,7.48,7.65,5511626
26-Oct-11,7.33,7.55,7.12,7.43,4101825
25-Oct-11,7.73,7.78,7.15,7.20,5200937
24-Oct-11,7.51,8.00,7.45,7.78,5228408
21-Oct-11,7.38,7.61,7.26,7.53,5675051
20-Oct-11,6.90,7.21,6.64,7.20,5128290
19-Oct-11,7.17,7.60,6.82,6.90,10111317
18-Oct-11,6.30,7.12,6.19,7.02,10144481
17-Oct-11,6.62,6.67,6.24,6.29,3162670
14-Oct-11,6.91,6.98,6.56,6.68,2803550
13-Oct-11,6.72,6.86,6.30,6.82,4463666
12-Oct-11,6.58,6.90,6.49,6.79,3827421
11-Oct-11,6.39,6.58,6.36,6.52,2217692
10-Oct-11,6.35,6.50,6.27,6.47,2464617
7-Oct-11,6.39,6.44,5.93,6.15,3330210
6-Oct-11,6.05,6.37,6.03,6.32,3581146
5-Oct-11,5.52,6.16,5.46,6.08,4868550
4-Oct-11,5.22,5.62,5.02,5.58,4580746
3-Oct-11,5.77,5.85,5.25,5.27,4073288
30-Sep-11,5.95,6.02,5.78,5.86,2710577
