Date,Open,High,Low,Close,Volume
26-Sep-12,4.14,4.19,3.85,4.01,49326
25-Sep-12,4.10,4.16,4.08,4.12,44558
24-Sep-12,4.08,4.16,3.96,4.09,54283
21-Sep-12,4.12,4.12,3.98,4.03,3606
20-Sep-12,4.13,4.13,4.00,4.06,5120
19-Sep-12,4.46,4.47,4.17,4.18,14886
18-Sep-12,4.18,4.42,4.18,4.42,9423
17-Sep-12,4.20,4.29,4.13,4.13,900
14-Sep-12,4.36,4.45,4.20,4.24,26899
13-Sep-12,4.22,4.33,4.14,4.30,14719
12-Sep-12,4.27,4.29,4.19,4.25,6090
11-Sep-12,3.93,4.25,3.93,4.19,30623
10-Sep-12,3.63,3.90,3.63,3.90,8234
7-Sep-12,3.67,3.71,3.45,3.66,24179
6-Sep-12,3.55,3.71,3.55,3.68,36007
5-Sep-12,3.55,3.59,3.45,3.58,31843
4-Sep-12,3.59,3.60,3.50,3.57,37057
31-Aug-12,3.57,3.71,3.57,3.63,13255
30-Aug-12,3.63,3.64,3.50,3.56,29191
29-Aug-12,3.64,3.66,3.54,3.63,28719
28-Aug-12,3.71,3.76,3.62,3.67,44183
27-Aug-12,3.79,3.79,3.60,3.70,36859
24-Aug-12,3.58,3.82,3.58,3.78,53425
23-Aug-12,3.54,3.72,3.47,3.69,75756
22-Aug-12,3.47,3.58,3.41,3.51,68136
21-Aug-12,3.37,3.48,3.29,3.43,78808
20-Aug-12,3.22,3.35,3.20,3.31,48565
17-Aug-12,3.20,3.33,3.20,3.24,47492
16-Aug-12,3.12,3.31,3.11,3.24,50708
15-Aug-12,2.99,3.14,2.96,3.10,44320
14-Aug-12,3.10,3.10,3.00,3.05,99261
13-Aug-12,3.14,3.14,3.05,3.08,72876
10-Aug-12,3.35,3.36,3.16,3.18,129154
9-Aug-12,3.49,3.49,3.33,3.34,35730
8-Aug-12,3.64,3.64,3.42,3.50,61899
7-Aug-12,3.65,3.72,3.48,3.63,87151
6-Aug-12,3.46,3.65,3.45,3.65,72144
3-Aug-12,3.20,3.49,3.20,3.43,69132
2-Aug-12,3.30,3.36,3.13,3.15,40925
1-Aug-12,3.40,3.40,3.25,3.32,20508
31-Jul-12,3.23,3.46,3.23,3.41,46982
30-Jul-12,3.20,3.25,3.11,3.23,58646
27-Jul-12,3.29,3.52,3.08,3.24,225204
26-Jul-12,3.39,3.47,3.34,3.34,51965
25-Jul-12,3.42,3.46,3.35,3.38,28350
24-Jul-12,3.47,3.47,3.37,3.44,30154
23-Jul-12,3.47,3.52,3.47,3.49,40476
20-Jul-12,3.58,3.58,3.48,3.55,49304
19-Jul-12,3.50,3.65,3.46,3.57,19128
18-Jul-12,3.50,3.58,3.46,3.52,38074
17-Jul-12,3.59,3.61,3.51,3.53,36329
16-Jul-12,3.53,3.72,3.52,3.59,44657
13-Jul-12,3.56,3.62,3.51,3.57,32133
12-Jul-12,3.50,3.62,3.48,3.58,40348
11-Jul-12,3.58,3.66,3.43,3.52,91894
10-Jul-12,3.68,3.83,3.60,3.62,47139
9-Jul-12,3.76,3.77,3.67,3.68,20137
6-Jul-12,3.82,3.85,3.70,3.78,71541
5-Jul-12,3.94,3.94,3.82,3.90,77136
3-Jul-12,3.90,3.95,3.79,3.91,21122
2-Jul-12,3.94,3.99,3.79,3.90,58502
29-Jun-12,3.80,3.89,3.79,3.86,49612
28-Jun-12,3.78,3.90,3.68,3.77,47517
27-Jun-12,3.74,3.87,3.66,3.75,141777
26-Jun-12,3.75,3.77,3.45,3.67,98196
25-Jun-12,3.69,3.83,3.60,3.74,141090
22-Jun-12,3.55,3.61,3.46,3.53,34512
21-Jun-12,3.44,3.55,3.42,3.49,62444
20-Jun-12,3.38,3.59,3.35,3.41,106678
19-Jun-12,3.44,3.54,3.43,3.46,93692
18-Jun-12,3.49,3.55,3.47,3.49,121129
15-Jun-12,3.67,3.67,3.53,3.62,34769
14-Jun-12,3.44,3.69,3.39,3.62,108391
13-Jun-12,3.46,3.46,3.33,3.44,113757
12-Jun-12,3.51,3.54,3.38,3.41,122703
11-Jun-12,3.65,3.69,3.50,3.51,37006
8-Jun-12,3.61,3.71,3.58,3.58,34278
7-Jun-12,3.78,3.78,3.58,3.62,95296
6-Jun-12,3.71,3.88,3.59,3.71,101207
5-Jun-12,3.51,3.77,3.49,3.67,163346
4-Jun-12,3.43,3.55,3.35,3.40,164280
1-Jun-12,3.43,3.57,3.39,3.41,116625
31-May-12,3.53,3.60,3.45,3.53,80996
30-May-12,3.70,3.72,3.43,3.50,96781
29-May-12,3.79,3.87,3.66,3.75,232070
25-May-12,4.10,4.13,3.79,3.80,199261
24-May-12,3.48,4.15,3.43,4.05,310566
23-May-12,3.49,3.57,3.35,3.54,127698
22-May-12,3.65,3.65,3.48,3.52,43801
21-May-12,3.58,3.65,3.51,3.65,134738
18-May-12,3.63,3.64,3.55,3.60,132347
17-May-12,3.76,3.77,3.56,3.63,177155
16-May-12,3.76,3.91,3.75,3.75,70323
15-May-12,3.91,3.91,3.71,3.77,151036
14-May-12,4.01,4.02,3.87,3.94,225858
11-May-12,4.06,4.06,4.00,4.04,36667
10-May-12,4.12,4.14,4.02,4.05,89837
9-May-12,4.09,4.17,4.02,4.11,79216
8-May-12,4.27,4.27,4.02,4.15,151730
7-May-12,4.56,4.56,4.24,4.28,174266
4-May-12,4.55,4.58,4.37,4.57,117568
3-May-12,4.80,4.95,4.57,4.58,182134
2-May-12,4.99,5.05,4.85,4.89,60944
1-May-12,5.64,5.64,4.73,4.95,225794
30-Apr-12,5.17,5.28,5.10,5.28,137778
27-Apr-12,5.27,5.27,5.16,5.21,60570
26-Apr-12,5.32,5.32,5.16,5.19,32692
25-Apr-12,5.37,5.37,5.25,5.27,50784
24-Apr-12,5.26,5.35,5.12,5.26,120587
23-Apr-12,5.24,5.29,5.17,5.23,65511
20-Apr-12,5.31,5.40,5.26,5.34,109240
19-Apr-12,5.36,5.38,5.28,5.32,57147
18-Apr-12,5.23,5.34,5.17,5.24,71043
17-Apr-12,5.25,5.27,5.09,5.22,100372
16-Apr-12,5.38,5.38,4.96,5.16,393738
13-Apr-12,5.72,5.72,5.38,5.43,152410
12-Apr-12,5.70,5.86,5.66,5.69,48319
11-Apr-12,5.78,5.91,5.69,5.69,85004
10-Apr-12,6.03,6.03,5.66,5.75,159876
9-Apr-12,6.16,6.17,6.02,6.07,95696
5-Apr-12,6.14,6.19,6.10,6.18,74741
4-Apr-12,6.13,6.13,6.01,6.12,142259
3-Apr-12,5.91,6.13,5.91,6.10,138632
2-Apr-12,5.98,6.00,5.90,5.93,51563
30-Mar-12,6.00,6.00,5.92,5.99,57814
29-Mar-12,5.93,6.03,5.92,5.99,55313
28-Mar-12,5.92,6.04,5.92,6.00,125178
27-Mar-12,5.90,6.02,5.90,5.91,77402
26-Mar-12,5.82,5.98,5.80,5.89,89590
23-Mar-12,5.93,5.93,5.83,5.89,23865
22-Mar-12,5.82,5.89,5.79,5.81,25756
21-Mar-12,5.85,5.97,5.75,5.87,132087
20-Mar-12,5.79,5.93,5.75,5.87,42602
19-Mar-12,5.77,5.93,5.75,5.81,81794
16-Mar-12,5.67,5.89,5.64,5.83,103252
15-Mar-12,5.69,5.74,5.64,5.66,154610
14-Mar-12,5.86,5.90,5.69,5.76,165585
13-Mar-12,5.89,5.92,5.81,5.90,99465
12-Mar-12,5.95,5.99,5.80,5.95,116275
9-Mar-12,5.96,6.10,5.95,6.02,107583
8-Mar-12,5.77,6.02,5.62,5.99,85004
7-Mar-12,5.76,5.84,5.70,5.81,243453
6-Mar-12,5.92,5.93,5.78,5.78,181408
5-Mar-12,6.00,6.08,5.90,5.98,108515
2-Mar-12,5.93,6.13,5.91,6.09,111809
1-Mar-12,6.11,6.15,5.88,5.94,218537
29-Feb-12,6.08,6.20,6.05,6.13,131461
28-Feb-12,5.99,6.10,5.98,6.04,273950
27-Feb-12,5.99,6.21,5.97,6.05,339835
24-Feb-12,6.12,6.20,6.03,6.14,128451
23-Feb-12,6.10,6.23,6.05,6.14,167784
22-Feb-12,6.02,6.10,5.99,6.07,117792
21-Feb-12,6.15,6.18,6.00,6.03,183272
17-Feb-12,6.11,6.30,6.09,6.25,120424
16-Feb-12,6.05,6.29,5.95,6.15,186800
15-Feb-12,5.92,6.16,5.85,6.03,174020
14-Feb-12,6.06,6.09,5.93,5.97,100134
13-Feb-12,6.05,6.19,5.96,6.16,191234
10-Feb-12,5.91,6.16,5.91,6.12,134814
9-Feb-12,5.97,6.01,5.82,5.95,90036
8-Feb-12,6.11,6.18,5.88,5.99,189126
7-Feb-12,6.25,6.47,5.91,6.05,345708
6-Feb-12,5.89,6.22,5.89,6.04,345735
3-Feb-12,6.17,6.37,5.84,5.89,589558
2-Feb-12,5.30,6.47,5.14,6.12,1103467
1-Feb-12,5.30,5.45,5.28,5.30,95949
31-Jan-12,5.27,5.37,5.25,5.35,23482
30-Jan-12,5.25,5.42,5.21,5.28,58377
27-Jan-12,5.45,5.52,5.28,5.47,87537
26-Jan-12,5.50,5.50,5.27,5.42,62303
25-Jan-12,5.39,5.50,5.23,5.50,107314
24-Jan-12,5.34,5.45,5.25,5.40,42767
23-Jan-12,5.32,5.48,5.32,5.45,87734
20-Jan-12,5.21,5.36,5.21,5.32,43389
19-Jan-12,5.41,5.48,5.14,5.27,118754
18-Jan-12,5.49,5.58,5.32,5.46,105322
17-Jan-12,5.53,5.55,5.36,5.49,159076
13-Jan-12,5.46,5.46,5.46,5.46,0
12-Jan-12,5.45,5.55,5.32,5.54,113001
11-Jan-12,5.59,5.64,5.43,5.47,112813
10-Jan-12,5.55,5.71,5.29,5.59,159152
9-Jan-12,5.03,5.54,5.03,5.49,263003
6-Jan-12,5.10,5.10,5.00,5.07,38298
5-Jan-12,5.00,5.19,4.96,5.04,51030
4-Jan-12,5.15,5.15,5.01,5.05,56973
3-Jan-12,5.02,5.21,5.00,5.13,96240
30-Dec-11,4.95,4.95,4.95,4.95,0
29-Dec-11,5.06,5.12,4.95,4.97,71610
28-Dec-11,5.03,5.24,4.91,5.10,58002
27-Dec-11,5.11,5.22,4.99,5.09,43199
23-Dec-11,5.23,5.23,5.23,5.23,0
22-Dec-11,4.86,5.35,4.86,5.10,157470
21-Dec-11,4.65,5.10,4.65,5.04,243528
20-Dec-11,4.62,4.75,4.53,4.65,111487
19-Dec-11,4.75,4.81,4.50,4.58,107130
16-Dec-11,4.46,4.76,4.36,4.71,222413
15-Dec-11,4.60,4.60,4.46,4.47,52111
14-Dec-11,4.52,4.61,4.46,4.53,169825
13-Dec-11,4.46,4.60,4.45,4.48,207069
12-Dec-11,4.29,4.55,4.29,4.45,138188
9-Dec-11,4.27,4.38,4.26,4.33,35165
8-Dec-11,4.27,4.37,4.25,4.25,48098
7-Dec-11,4.30,4.38,4.26,4.35,28636
6-Dec-11,4.42,4.46,4.25,4.42,79626
5-Dec-11,4.45,4.47,4.38,4.45,47085
2-Dec-11,4.52,4.58,4.30,4.43,73206
1-Dec-11,4.44,4.64,4.40,4.52,96600
30-Nov-11,4.31,4.54,4.31,4.45,157715
29-Nov-11,4.20,4.37,4.20,4.25,49263
28-Nov-11,4.28,4.28,4.13,4.14,27223
25-Nov-11,4.34,4.36,4.10,4.18,37935
23-Nov-11,4.38,4.38,4.38,4.38,0
22-Nov-11,4.23,4.40,4.23,4.36,89100
21-Nov-11,4.14,4.30,4.08,4.22,100227
18-Nov-11,4.22,4.24,4.15,4.16,24408
17-Nov-11,4.15,4.26,4.14,4.14,32842
16-Nov-11,4.20,4.28,4.11,4.13,33047
15-Nov-11,4.23,4.30,4.21,4.23,29370
14-Nov-11,4.18,4.28,4.12,4.24,69401
11-Nov-11,4.22,4.36,4.22,4.27,41937
10-Nov-11,4.24,4.31,4.07,4.15,40889
9-Nov-11,4.06,4.39,4.06,4.19,59866
8-Nov-11,4.20,4.45,4.20,4.44,126144
7-Nov-11,4.01,4.25,3.94,4.21,167698
4-Nov-11,4.06,4.20,4.06,4.10,32985
3-Nov-11,4.13,4.20,4.13,4.20,25188
2-Nov-11,3.95,4.18,3.95,4.18,32161
1-Nov-11,4.09,4.16,4.09,4.10,19820
31-Oct-11,4.32,4.33,4.16,4.18,17555
28-Oct-11,4.34,4.34,4.34,4.34,0
27-Oct-11,4.38,4.45,4.26,4.38,59762
26-Oct-11,4.26,4.30,4.07,4.24,59694
25-Oct-11,4.13,4.30,4.13,4.20,62086
24-Oct-11,4.13,4.23,4.11,4.19,29917
21-Oct-11,4.18,4.30,4.18,4.25,39673
20-Oct-11,4.16,4.17,4.01,4.10,8300
19-Oct-11,4.15,4.27,4.00,4.14,73823
18-Oct-11,3.96,4.25,3.95,4.13,71965
17-Oct-11,4.25,4.28,4.19,4.23,25377
14-Oct-11,4.26,4.36,4.23,4.32,34985
13-Oct-11,4.23,4.25,4.16,4.23,15640
12-Oct-11,4.20,4.34,4.19,4.28,21145
11-Oct-11,4.16,4.25,4.10,4.16,22803
10-Oct-11,4.24,4.32,4.17,4.22,21290
7-Oct-11,4.38,4.38,4.20,4.22,16510
6-Oct-11,4.22,4.38,4.18,4.38,45782
5-Oct-11,4.04,4.18,4.04,4.18,27364
4-Oct-11,3.89,4.10,3.78,4.00,89663
3-Oct-11,3.95,3.96,3.80,3.87,56254
30-Sep-11,3.98,4.07,3.93,4.00,31957
29-Sep-11,4.18,4.22,3.96,4.00,33530
