Date,Open,High,Low,Close,Volume
26-Sep-12,8.21,8.21,8.21,8.21,0
25-Sep-12,8.21,8.21,8.21,8.21,0
24-Sep-12,8.21,8.21,8.21,8.21,117
21-Sep-12,8.24,8.25,8.24,8.25,3826
20-Sep-12,8.20,8.20,8.20,8.20,614
19-Sep-12,8.30,8.30,8.30,8.30,100
18-Sep-12,8.26,8.26,8.26,8.26,100
17-Sep-12,8.33,8.33,8.33,8.33,0
14-Sep-12,8.33,8.33,8.33,8.33,0
13-Sep-12,8.33,8.33,8.33,8.33,0
12-Sep-12,8.33,8.33,8.33,8.33,100
11-Sep-12,8.24,8.24,8.24,8.24,300
10-Sep-12,8.16,8.16,8.13,8.13,200
7-Sep-12,8.09,8.09,8.08,8.09,1255
6-Sep-12,8.08,8.08,8.08,8.08,250
5-Sep-12,8.08,8.08,8.05,8.05,700
4-Sep-12,8.19,8.20,8.10,8.10,3500
31-Aug-12,8.01,8.01,8.01,8.01,0
30-Aug-12,8.01,8.01,8.00,8.00,5385
29-Aug-12,8.42,8.42,8.20,8.25,4149
28-Aug-12,8.40,8.60,8.40,8.60,1106
27-Aug-12,8.42,8.42,8.42,8.42,0
24-Aug-12,8.42,8.42,8.42,8.42,100
23-Aug-12,8.40,8.40,8.40,8.40,0
22-Aug-12,8.40,8.40,8.40,8.40,400
21-Aug-12,8.55,8.55,8.50,8.50,6354
20-Aug-12,8.53,8.53,8.53,8.53,0
17-Aug-12,8.53,8.53,8.53,8.53,2000
16-Aug-12,8.65,8.65,8.53,8.60,1800
15-Aug-12,8.70,8.70,8.70,8.70,0
14-Aug-12,8.70,8.70,8.70,8.70,5780
13-Aug-12,8.65,8.65,8.65,8.65,0
10-Aug-12,8.65,8.65,8.65,8.65,0
9-Aug-12,8.65,8.65,8.65,8.65,0
8-Aug-12,8.65,8.65,8.65,8.65,2800
7-Aug-12,8.65,8.65,8.60,8.65,2200
6-Aug-12,8.65,8.65,8.65,8.65,0
3-Aug-12,8.65,8.65,8.65,8.65,0
2-Aug-12,8.65,8.66,8.65,8.66,600
1-Aug-12,8.45,8.68,8.45,8.65,900
31-Jul-12,8.43,8.43,8.43,8.43,117
30-Jul-12,8.58,8.58,8.58,8.58,0
27-Jul-12,8.45,8.45,8.45,8.45,200
26-Jul-12,8.60,8.60,8.60,8.60,1044
25-Jul-12,8.61,8.61,8.50,8.58,3200
24-Jul-12,8.78,8.78,8.67,8.67,2050
23-Jul-12,8.79,8.79,8.79,8.79,0
20-Jul-12,8.79,8.79,8.79,8.79,0
19-Jul-12,8.90,8.90,8.79,8.79,3664
18-Jul-12,8.91,9.14,8.91,9.00,3999
17-Jul-12,8.98,9.00,8.94,8.94,2699
16-Jul-12,8.78,9.00,8.78,8.79,1100
13-Jul-12,8.77,8.77,8.67,8.67,1500
12-Jul-12,9.00,9.00,8.75,8.75,2070
11-Jul-12,8.77,8.85,8.62,8.85,1707
10-Jul-12,8.98,8.98,8.98,8.98,0
9-Jul-12,8.98,8.98,8.98,8.98,100
6-Jul-12,8.72,9.00,8.72,9.00,3093
5-Jul-12,8.54,8.72,8.54,8.72,791
3-Jul-12,8.75,8.75,8.65,8.65,2100
2-Jul-12,8.60,8.65,8.60,8.65,2500
29-Jun-12,8.40,8.46,8.40,8.45,1690
28-Jun-12,8.36,8.40,8.36,8.40,1236
27-Jun-12,8.45,8.45,8.45,8.45,0
26-Jun-12,8.45,8.45,8.45,8.45,100
25-Jun-12,8.41,8.41,8.41,8.41,100
22-Jun-12,8.50,8.74,8.50,8.70,2738
21-Jun-12,8.12,8.50,8.12,8.50,9673
20-Jun-12,8.10,8.10,8.10,8.10,0
19-Jun-12,8.10,8.10,8.10,8.10,0
18-Jun-12,8.10,8.10,8.10,8.10,300
15-Jun-12,8.11,8.25,8.09,8.25,1402
14-Jun-12,8.35,8.35,8.35,8.35,1000
13-Jun-12,8.05,8.05,8.05,8.05,0
12-Jun-12,8.05,8.05,8.05,8.05,398
11-Jun-12,8.05,8.05,8.05,8.05,200
8-Jun-12,8.19,8.19,8.19,8.19,100
7-Jun-12,8.15,8.20,8.15,8.20,1103
6-Jun-12,8.30,8.30,8.25,8.25,900
5-Jun-12,8.35,8.35,8.25,8.25,348
4-Jun-12,8.34,8.35,8.34,8.35,1733
1-Jun-12,8.25,8.25,8.25,8.25,0
31-May-12,8.25,8.25,8.25,8.25,300
30-May-12,8.07,8.26,8.07,8.25,800
29-May-12,8.00,8.00,8.00,8.00,0
25-May-12,8.00,8.00,8.00,8.00,0
24-May-12,8.00,8.00,8.00,8.00,838
23-May-12,8.03,8.03,8.03,8.03,0
22-May-12,8.03,8.03,8.03,8.03,234
21-May-12,8.03,8.03,8.03,8.03,300
18-May-12,8.12,8.15,8.09,8.10,2499
17-May-12,8.15,8.30,8.15,8.18,2900
16-May-12,8.11,8.11,8.11,8.11,136
15-May-12,8.38,8.38,8.02,8.02,430
14-May-12,8.52,8.52,8.00,8.46,927
11-May-12,8.67,8.67,8.26,8.26,1302
10-May-12,8.10,8.72,8.10,8.72,800
9-May-12,8.25,8.25,8.25,8.25,100
8-May-12,7.98,7.98,7.98,7.98,300
7-May-12,8.05,8.05,8.00,8.00,500
4-May-12,8.05,8.69,8.05,8.69,200
3-May-12,7.57,8.25,7.57,8.00,3400
2-May-12,8.44,8.44,8.25,8.25,600
1-May-12,7.95,8.50,7.95,8.27,1941
30-Apr-12,8.00,8.00,8.00,8.00,0
27-Apr-12,8.00,8.00,8.00,8.00,0
26-Apr-12,8.00,8.00,8.00,8.00,0
25-Apr-12,8.00,8.00,8.00,8.00,0
24-Apr-12,8.00,8.00,8.00,8.00,0
23-Apr-12,8.00,8.00,8.00,8.00,0
20-Apr-12,8.00,8.00,8.00,8.00,0
19-Apr-12,7.90,8.00,7.90,8.00,3249
18-Apr-12,7.28,7.28,7.28,7.28,0
17-Apr-12,7.28,7.28,7.28,7.28,0
16-Apr-12,7.30,7.30,7.28,7.28,2180
13-Apr-12,7.60,7.60,7.60,7.60,0
12-Apr-12,7.60,7.60,7.60,7.60,0
11-Apr-12,7.60,7.60,7.60,7.60,0
10-Apr-12,7.60,7.60,7.60,7.60,0
9-Apr-12,7.60,7.60,7.60,7.60,0
5-Apr-12,7.60,7.60,7.60,7.60,0
4-Apr-12,7.60,7.60,7.60,7.60,0
3-Apr-12,7.63,7.63,7.30,7.30,1000
2-Apr-12,7.60,7.60,7.60,7.60,101
30-Mar-12,7.60,7.60,7.60,7.60,0
29-Mar-12,7.60,7.60,7.60,7.60,0
28-Mar-12,7.31,7.80,7.31,7.60,404
27-Mar-12,7.37,7.37,7.37,7.37,0
26-Mar-12,7.37,7.37,7.37,7.37,0
23-Mar-12,7.37,7.37,7.37,7.37,0
22-Mar-12,7.37,7.37,7.37,7.37,0
21-Mar-12,7.37,7.37,7.37,7.37,0
20-Mar-12,7.37,7.37,7.37,7.37,0
19-Mar-12,7.37,7.37,7.37,7.37,0
16-Mar-12,7.93,7.93,7.93,7.93,0
15-Mar-12,7.48,7.93,7.48,7.93,1240
14-Mar-12,7.20,7.20,7.20,7.20,0
13-Mar-12,7.20,7.20,7.20,7.20,0
12-Mar-12,7.20,7.20,7.20,7.20,0
9-Mar-12,7.20,7.20,7.20,7.20,0
8-Mar-12,7.25,7.25,7.25,7.25,1800
7-Mar-12,7.20,7.20,7.20,7.20,0
6-Mar-12,7.20,7.20,7.20,7.20,0
5-Mar-12,7.20,7.20,7.20,7.20,0
2-Mar-12,7.20,7.20,7.20,7.20,0
1-Mar-12,7.20,7.20,7.20,7.20,500
29-Feb-12,7.14,7.14,7.14,7.14,0
28-Feb-12,7.14,7.14,7.14,7.14,100
27-Feb-12,7.50,7.50,7.50,7.50,0
24-Feb-12,7.50,7.50,7.50,7.50,300
23-Feb-12,7.20,7.20,7.20,7.20,900
22-Feb-12,7.15,7.15,7.15,7.15,0
21-Feb-12,7.02,7.15,7.02,7.15,1800
17-Feb-12,6.76,7.25,6.75,7.02,5449
16-Feb-12,6.87,6.87,6.87,6.87,100
15-Feb-12,6.85,6.85,6.85,6.85,0
14-Feb-12,6.85,6.85,6.85,6.85,400
13-Feb-12,7.17,7.17,7.17,7.17,0
10-Feb-12,7.25,7.25,7.25,7.25,0
8-Feb-12,7.02,7.02,7.02,7.02,0
7-Feb-12,7.01,7.01,6.72,6.73,1393
3-Feb-12,7.25,7.25,7.25,7.25,0
2-Feb-12,7.46,7.46,7.46,7.46,200
1-Feb-12,7.24,7.24,7.24,7.24,0
31-Jan-12,7.20,7.20,7.18,7.18,502
27-Jan-12,7.19,7.19,7.19,7.19,0
26-Jan-12,6.86,6.86,6.86,6.86,600
25-Jan-12,6.83,6.84,6.83,6.84,1600
24-Jan-12,7.25,7.50,6.50,6.77,3020
23-Jan-12,7.09,7.50,7.05,7.50,500
20-Jan-12,7.07,7.07,7.07,7.07,100
10-Jan-12,7.08,7.08,7.08,7.08,0
9-Jan-12,7.00,7.00,6.66,6.66,780
6-Jan-12,7.00,7.00,7.00,7.00,600
3-Jan-12,7.00,7.00,7.00,7.00,0
30-Dec-11,6.99,6.99,6.99,6.99,0
29-Dec-11,6.18,6.30,6.00,6.30,7405
22-Dec-11,6.20,6.20,6.20,6.20,0
21-Dec-11,6.70,6.70,6.30,6.30,500
20-Dec-11,6.99,6.99,6.32,6.35,2910
19-Dec-11,7.00,7.00,7.00,7.00,276
14-Dec-11,6.47,6.47,6.47,6.47,0
13-Dec-11,6.51,6.52,6.25,6.52,4095
7-Dec-11,6.50,6.50,6.50,6.50,0
2-Dec-11,6.57,6.57,6.57,6.57,0
1-Dec-11,6.10,6.10,6.10,6.10,0
30-Nov-11,6.30,6.30,6.06,6.19,4650
25-Nov-11,6.20,6.20,6.20,6.20,0
23-Nov-11,6.14,6.14,6.14,6.14,0
22-Nov-11,6.15,6.15,5.79,6.09,3181
18-Nov-11,6.18,6.18,6.18,6.18,0
17-Nov-11,6.45,6.45,6.45,6.45,1000
15-Nov-11,6.70,6.70,6.70,6.70,0
14-Nov-11,6.94,6.94,6.94,6.94,0
11-Nov-11,6.65,6.70,6.35,6.56,2690
10-Nov-11,6.67,6.82,6.65,6.65,3300
8-Nov-11,6.73,6.73,6.73,6.73,0
3-Nov-11,6.20,6.20,6.20,6.20,0
2-Nov-11,6.37,6.37,6.37,6.37,100
28-Oct-11,6.34,6.34,6.34,6.34,0
26-Oct-11,6.43,6.43,6.43,6.43,0
25-Oct-11,6.72,6.72,6.46,6.46,240
14-Oct-11,6.71,6.71,6.71,6.71,0
12-Oct-11,6.34,6.34,6.34,6.34,0
11-Oct-11,6.46,6.56,6.34,6.34,400
7-Oct-11,6.49,6.49,6.49,6.49,0
5-Oct-11,6.55,6.55,6.55,6.55,0
3-Oct-11,6.50,6.50,6.50,6.50,0
29-Sep-11,6.59,6.59,6.59,6.59,0
