Date,Open,High,Low,Close,Volume
27-Sep-12,26.50,26.92,26.41,26.75,1026661
26-Sep-12,26.38,26.60,26.12,26.31,1059415
25-Sep-12,26.99,27.12,26.39,26.39,1296958
24-Sep-12,27.03,27.26,26.56,26.94,1983471
21-Sep-12,26.56,26.98,26.56,26.76,1635792
20-Sep-12,26.65,26.86,26.46,26.51,1330071
19-Sep-12,27.10,27.18,26.85,26.92,1328856
18-Sep-12,27.04,27.23,26.99,27.10,957945
17-Sep-12,27.42,27.44,26.91,27.04,1199074
14-Sep-12,27.05,27.68,27.05,27.45,2132562
13-Sep-12,26.93,27.08,26.76,26.93,2936668
12-Sep-12,27.26,27.49,26.82,26.87,1788894
11-Sep-12,27.11,27.33,27.09,27.21,1361846
10-Sep-12,27.07,27.51,26.92,27.15,808202
7-Sep-12,27.03,27.43,26.99,27.11,1050627
6-Sep-12,26.06,27.18,26.03,27.06,1545021
5-Sep-12,26.09,26.38,25.70,25.74,2051349
4-Sep-12,26.20,26.39,25.72,25.97,2550491
31-Aug-12,26.73,26.83,26.20,26.30,1368861
30-Aug-12,26.84,26.98,26.34,26.51,1221369
29-Aug-12,26.57,27.18,26.50,27.06,1284104
28-Aug-12,26.71,26.76,25.83,26.48,3585110
27-Aug-12,26.96,27.38,26.48,26.82,2867983
24-Aug-12,28.07,28.17,27.88,28.05,759161
23-Aug-12,27.99,28.25,27.92,28.20,747001
22-Aug-12,28.60,28.60,27.98,28.01,827163
21-Aug-12,28.99,29.20,28.67,28.74,447528
20-Aug-12,29.06,29.18,28.80,28.99,689121
17-Aug-12,28.99,29.08,28.65,29.05,232329
16-Aug-12,28.45,29.08,28.42,29.00,214578
15-Aug-12,28.09,28.50,28.01,28.47,121702
14-Aug-12,28.48,28.48,28.12,28.18,222032
13-Aug-12,28.27,28.54,28.23,28.41,190984
10-Aug-12,28.09,28.45,27.98,28.26,276411
9-Aug-12,27.68,28.23,27.54,28.16,242386
8-Aug-12,27.57,27.76,27.53,27.66,221376
7-Aug-12,27.48,27.98,27.39,27.76,295930
6-Aug-12,27.56,27.77,27.29,27.34,318144
3-Aug-12,27.43,27.62,27.22,27.53,237341
2-Aug-12,26.56,26.98,26.35,26.76,1185919
1-Aug-12,27.22,27.34,26.70,26.82,1095914
31-Jul-12,27.06,27.31,26.93,27.01,910252
30-Jul-12,26.99,27.47,26.98,27.18,741977
27-Jul-12,26.58,27.30,26.45,27.06,1068102
26-Jul-12,26.61,26.67,26.10,26.35,1222396
25-Jul-12,27.50,27.50,25.90,26.11,2653512
24-Jul-12,27.86,28.30,27.14,27.32,1285474
23-Jul-12,27.43,27.97,26.98,27.86,827340
20-Jul-12,28.55,28.62,28.06,28.14,909285
19-Jul-12,28.61,29.07,28.58,28.95,1139488
18-Jul-12,28.15,28.65,28.10,28.62,1400062
17-Jul-12,28.32,28.34,27.69,28.30,964002
16-Jul-12,27.98,28.21,27.80,28.16,1073776
13-Jul-12,27.67,28.24,27.63,28.16,1303756
12-Jul-12,27.96,28.08,27.57,27.68,1696024
11-Jul-12,28.18,28.34,27.89,28.27,1060489
10-Jul-12,28.56,28.68,28.07,28.20,958467
9-Jul-12,28.42,28.47,28.05,28.28,698350
6-Jul-12,28.85,28.96,28.43,28.50,1116517
5-Jul-12,28.89,29.39,28.89,29.21,1332619
3-Jul-12,28.42,29.41,28.42,29.06,754521
2-Jul-12,28.62,28.69,28.26,28.48,966363
29-Jun-12,28.13,28.57,27.91,28.57,796088
28-Jun-12,27.23,27.46,26.88,27.34,953530
27-Jun-12,27.29,27.65,27.16,27.54,718623
26-Jun-12,27.39,27.45,26.66,27.16,868005
25-Jun-12,27.65,27.66,27.12,27.29,1100903
22-Jun-12,28.28,28.28,27.90,28.13,858576
21-Jun-12,29.18,29.24,28.08,28.12,1291602
20-Jun-12,29.36,29.45,28.90,29.06,1148345
19-Jun-12,29.18,29.60,29.18,29.41,1096437
18-Jun-12,28.75,29.07,28.47,29.02,1206108
15-Jun-12,28.50,28.93,28.49,28.86,1140015
14-Jun-12,28.08,28.53,27.92,28.38,1181863
13-Jun-12,28.21,28.54,27.89,28.01,842643
12-Jun-12,27.87,28.42,27.61,28.42,1059084
11-Jun-12,28.57,28.66,27.75,27.77,1178868
8-Jun-12,27.42,28.30,27.30,28.28,1389819
7-Jun-12,28.00,28.39,27.42,27.48,1197630
6-Jun-12,27.12,27.59,27.06,27.59,1089660
5-Jun-12,26.12,26.84,26.04,26.82,1762236
4-Jun-12,26.61,26.72,26.00,26.30,1754908
1-Jun-12,27.69,27.73,26.55,26.60,2576848
31-May-12,28.32,28.68,27.80,28.42,1272457
30-May-12,28.83,28.88,28.30,28.37,1108371
29-May-12,28.83,29.20,28.67,29.20,914779
25-May-12,28.76,28.96,28.44,28.55,667330
24-May-12,28.86,29.00,28.29,28.73,884749
23-May-12,28.34,28.86,27.82,28.73,1284379
22-May-12,28.88,29.15,28.66,28.82,924647
21-May-12,28.22,28.84,27.93,28.80,778113
18-May-12,28.20,28.36,27.94,28.10,1921253
17-May-12,28.77,28.87,28.16,28.21,1410327
16-May-12,29.06,29.27,28.74,28.75,1209459
15-May-12,29.15,29.32,28.66,28.98,1564625
14-May-12,28.99,29.42,28.71,29.17,1069710
11-May-12,28.66,29.58,28.63,29.43,1577790
10-May-12,28.99,29.14,28.54,28.89,2074641
9-May-12,28.92,29.17,28.48,28.71,2298982
8-May-12,29.34,29.55,29.05,29.37,1491006
7-May-12,29.53,29.77,29.36,29.59,1844423
4-May-12,29.78,29.93,29.18,29.57,2312591
3-May-12,30.36,30.42,29.95,30.04,2062397
2-May-12,29.71,30.37,29.60,30.35,1953758
1-May-12,29.80,30.25,29.53,29.99,1639829
30-Apr-12,30.50,30.54,29.61,29.80,1447075
27-Apr-12,30.53,30.68,30.07,30.61,1156082
26-Apr-12,30.53,30.75,30.07,30.32,1700800
25-Apr-12,31.31,32.32,30.44,30.49,4320806
24-Apr-12,28.59,28.90,28.17,28.84,2035825
23-Apr-12,28.53,28.59,28.00,28.48,1738483
20-Apr-12,29.02,29.55,28.50,28.96,2574875
19-Apr-12,29.69,29.69,28.74,28.85,2208355
18-Apr-12,29.78,29.85,29.62,29.65,666185
17-Apr-12,29.40,30.10,29.33,29.98,702819
16-Apr-12,29.25,29.28,28.79,29.10,667034
13-Apr-12,29.34,29.50,29.02,29.09,779503
12-Apr-12,28.81,29.56,28.70,29.53,854115
11-Apr-12,28.83,29.07,28.66,28.81,806103
10-Apr-12,28.90,28.90,28.10,28.38,1752233
9-Apr-12,29.16,29.22,28.62,29.04,1543775
5-Apr-12,29.78,29.98,29.65,29.74,1263782
4-Apr-12,30.26,30.32,29.75,29.98,880629
3-Apr-12,30.76,30.84,30.40,30.61,952440
2-Apr-12,30.23,30.83,30.11,30.79,1227503
30-Mar-12,30.36,30.44,29.98,30.30,846041
29-Mar-12,29.64,30.22,29.61,30.15,1251039
28-Mar-12,30.73,30.79,30.03,30.50,715069
27-Mar-12,31.00,31.00,30.55,30.75,699965
26-Mar-12,30.70,30.99,30.70,30.98,699991
23-Mar-12,30.26,30.45,29.83,30.44,741928
22-Mar-12,30.22,30.27,29.89,30.18,837116
21-Mar-12,30.65,30.81,30.42,30.46,816998
20-Mar-12,30.65,30.76,30.35,30.57,747360
19-Mar-12,30.55,31.00,30.40,30.91,529305
16-Mar-12,30.79,30.79,30.27,30.68,789683
15-Mar-12,30.30,30.79,30.15,30.79,894179
14-Mar-12,30.11,30.49,30.04,30.31,651154
13-Mar-12,29.76,30.25,29.65,30.21,1070820
12-Mar-12,29.45,29.66,29.40,29.50,1141645
9-Mar-12,29.09,29.56,28.88,29.38,686469
8-Mar-12,28.72,29.07,28.57,29.02,844687
7-Mar-12,28.21,28.48,28.04,28.39,895206
6-Mar-12,27.91,27.97,27.64,27.78,847301
5-Mar-12,28.04,28.35,27.80,28.27,854641
2-Mar-12,28.74,28.78,28.02,28.15,1279407
1-Mar-12,28.58,29.06,28.50,28.79,1261621
29-Feb-12,28.75,29.06,28.37,28.43,1579260
28-Feb-12,29.04,29.10,28.37,28.65,977795
27-Feb-12,28.67,29.11,28.50,28.97,870007
24-Feb-12,29.13,29.19,28.83,28.87,768098
23-Feb-12,29.04,29.18,28.96,29.06,833440
22-Feb-12,28.85,29.25,28.85,29.14,1030965
21-Feb-12,29.22,29.58,29.16,29.26,775330
17-Feb-12,29.50,29.63,29.14,29.17,756765
16-Feb-12,29.15,29.46,29.03,29.29,915850
15-Feb-12,29.48,29.62,28.96,29.10,701216
14-Feb-12,29.21,29.47,29.00,29.39,1083434
13-Feb-12,29.34,29.60,29.07,29.33,870108
10-Feb-12,29.43,29.52,28.98,29.11,1237022
9-Feb-12,29.44,29.77,29.18,29.74,974595
8-Feb-12,29.51,29.83,29.36,29.55,1168212
7-Feb-12,29.50,29.73,29.27,29.51,1409185
6-Feb-12,29.49,29.73,29.04,29.48,1364326
3-Feb-12,28.74,30.00,28.72,29.60,2891300
2-Feb-12,28.49,28.71,28.09,28.11,1240312
1-Feb-12,28.01,28.96,28.01,28.39,1894908
31-Jan-12,27.91,28.23,27.47,27.69,1667443
30-Jan-12,27.39,27.87,26.97,27.75,1963327
27-Jan-12,28.81,28.81,26.92,27.75,4461085
26-Jan-12,30.06,30.51,29.60,29.76,1861797
25-Jan-12,29.59,30.35,29.46,30.26,1060414
24-Jan-12,29.55,29.73,29.39,29.71,1271153
23-Jan-12,30.06,30.31,29.59,29.74,750752
20-Jan-12,29.97,30.30,29.91,30.08,891302
19-Jan-12,29.39,30.14,29.35,29.99,992622
18-Jan-12,28.75,29.32,28.53,29.32,975017
17-Jan-12,28.70,28.98,28.64,28.71,936175
13-Jan-12,28.43,28.43,28.43,28.43,0
12-Jan-12,28.89,28.93,28.48,28.87,1261183
11-Jan-12,28.76,28.80,28.52,28.75,918729
10-Jan-12,28.92,29.02,28.75,28.90,1044709
9-Jan-12,28.65,28.68,28.40,28.62,1037808
6-Jan-12,28.54,28.58,28.18,28.46,1037040
5-Jan-12,28.25,28.72,28.04,28.55,1365474
4-Jan-12,28.56,28.56,28.14,28.49,1104619
3-Jan-12,29.13,29.37,28.65,28.66,1519324
30-Dec-11,28.46,28.46,28.46,28.46,0
29-Dec-11,27.91,28.38,27.90,28.34,658728
28-Dec-11,28.49,28.49,27.72,27.76,682900
27-Dec-11,28.48,28.56,28.17,28.48,743460
23-Dec-11,28.55,28.55,28.55,28.55,0
22-Dec-11,27.70,28.50,27.67,28.34,1670431
21-Dec-11,27.40,27.70,26.84,27.67,1011883
20-Dec-11,26.71,27.59,26.69,27.53,1820197
19-Dec-11,27.28,27.34,26.60,26.65,949405
16-Dec-11,26.97,27.50,26.91,27.11,1168454
15-Dec-11,26.87,27.03,26.53,26.71,1426260
14-Dec-11,26.84,27.10,26.20,26.44,1827507
13-Dec-11,28.16,28.74,27.10,27.20,2029866
12-Dec-11,27.78,27.83,27.24,27.62,1518417
9-Dec-11,27.52,28.43,27.39,28.15,1771829
8-Dec-11,27.25,27.55,27.02,27.41,2841121
7-Dec-11,27.35,27.57,26.77,27.38,1781466
6-Dec-11,27.93,27.95,27.27,27.48,1049573
5-Dec-11,27.58,28.10,27.28,27.84,1866764
2-Dec-11,26.78,27.41,26.73,27.01,2879384
1-Dec-11,26.33,26.72,26.27,26.39,1859968
30-Nov-11,25.69,26.60,25.58,26.49,3056926
29-Nov-11,25.04,25.08,24.62,24.71,1114874
28-Nov-11,24.60,24.94,24.42,24.88,999360
25-Nov-11,23.97,24.27,23.81,23.83,633244
23-Nov-11,24.02,24.02,24.02,24.02,0
22-Nov-11,24.89,25.07,24.65,24.96,1127204
21-Nov-11,24.98,25.11,24.64,24.92,958669
18-Nov-11,26.18,26.24,25.56,25.56,1388921
17-Nov-11,26.45,26.56,25.80,25.92,1323206
16-Nov-11,26.57,27.07,26.31,26.53,2007545
15-Nov-11,26.38,26.90,26.16,26.83,1732946
14-Nov-11,26.68,26.82,26.21,26.45,1225361
11-Nov-11,26.75,27.02,26.72,26.91,1111730
10-Nov-11,26.06,26.40,25.88,26.36,1560710
9-Nov-11,26.01,26.04,25.43,25.57,1258070
8-Nov-11,26.65,26.90,26.19,26.86,1514721
7-Nov-11,26.74,26.87,26.21,26.54,1566737
4-Nov-11,26.74,27.09,26.44,26.89,1159690
3-Nov-11,26.79,27.27,26.21,27.16,2316356
2-Nov-11,26.35,26.67,25.94,26.35,1416778
1-Nov-11,25.41,26.45,25.14,25.73,2035281
31-Oct-11,26.86,26.98,26.41,26.43,1489041
28-Oct-11,27.10,27.50,27.00,27.24,1675230
27-Oct-11,27.11,27.65,26.94,27.27,3128580
26-Oct-11,27.35,27.96,25.35,26.58,3635970
25-Oct-11,26.05,26.29,25.16,25.27,2978070
24-Oct-11,25.49,26.29,25.32,26.07,1428429
21-Oct-11,24.85,25.77,24.85,25.37,1615888
20-Oct-11,24.62,24.71,23.91,24.47,1583495
19-Oct-11,24.95,25.05,24.42,24.53,1442384
18-Oct-11,24.30,25.14,23.89,25.00,2138559
17-Oct-11,25.48,25.55,24.32,24.38,1572212
14-Oct-11,24.66,25.78,24.66,25.74,2107595
13-Oct-11,23.99,24.52,23.59,24.28,1846271
12-Oct-11,23.74,24.48,23.74,24.17,1383494
11-Oct-11,23.69,24.00,23.44,23.69,1640194
10-Oct-11,23.65,23.93,23.46,23.92,1662930
7-Oct-11,23.24,23.54,22.64,23.15,2858613
6-Oct-11,22.46,23.00,22.10,22.95,1698551
5-Oct-11,21.98,22.64,21.66,22.52,2595541
4-Oct-11,20.26,21.92,20.15,21.88,2952690
3-Oct-11,20.98,21.41,20.44,20.61,2128286
30-Sep-11,21.56,21.58,21.01,21.22,2423282
