Date,Open,High,Low,Close,Volume
26-Sep-12,1.90,1.91,1.88,1.89,1600
25-Sep-12,1.92,1.93,1.89,1.89,1900
24-Sep-12,1.85,1.91,1.85,1.89,2300
21-Sep-12,1.87,1.92,1.85,1.89,17341
20-Sep-12,1.96,2.00,1.95,2.00,3887
19-Sep-12,2.05,2.05,1.97,2.00,4577
18-Sep-12,2.06,2.06,2.00,2.02,9701
17-Sep-12,1.96,1.97,1.96,1.96,1200
14-Sep-12,1.98,1.98,1.91,1.92,2300
13-Sep-12,1.93,1.94,1.92,1.93,2581
12-Sep-12,1.91,1.91,1.91,1.91,100
11-Sep-12,1.89,1.93,1.89,1.92,1500
10-Sep-12,1.85,1.91,1.85,1.91,3079
7-Sep-12,1.91,1.91,1.90,1.90,1000
6-Sep-12,1.93,1.93,1.93,1.93,400
5-Sep-12,1.90,1.92,1.90,1.92,1200
4-Sep-12,1.90,1.93,1.90,1.93,1700
31-Aug-12,1.95,1.95,1.89,1.89,700
30-Aug-12,1.93,1.93,1.90,1.92,7300
29-Aug-12,1.89,1.89,1.88,1.88,900
28-Aug-12,1.97,2.00,1.85,1.88,2500
27-Aug-12,1.91,1.95,1.90,1.95,1450
24-Aug-12,1.91,1.94,1.90,1.90,2040
23-Aug-12,2.00,2.00,1.94,1.94,3792
22-Aug-12,1.95,2.00,1.92,2.00,4400
21-Aug-12,1.92,2.00,1.80,1.95,9708
20-Aug-12,2.01,2.02,1.97,1.99,900
17-Aug-12,2.07,2.07,1.96,2.00,11320
16-Aug-12,1.90,2.01,1.85,2.00,3529
15-Aug-12,2.05,2.05,1.92,1.95,16189
14-Aug-12,2.21,2.30,2.07,2.10,14070
13-Aug-12,2.30,2.47,2.28,2.33,2100
10-Aug-12,2.31,2.35,2.31,2.31,700
9-Aug-12,2.26,2.34,2.26,2.29,755
8-Aug-12,2.28,2.28,2.23,2.25,946
7-Aug-12,2.33,2.37,2.28,2.30,1500
6-Aug-12,2.32,2.39,2.30,2.30,6594
3-Aug-12,2.31,2.37,2.27,2.37,800
2-Aug-12,2.30,2.35,2.27,2.35,1800
1-Aug-12,2.33,2.33,2.28,2.28,1300
31-Jul-12,2.26,2.35,2.26,2.35,300
30-Jul-12,2.37,2.37,2.25,2.30,4900
27-Jul-12,2.40,2.40,2.40,2.40,600
26-Jul-12,2.35,2.37,2.32,2.32,3400
25-Jul-12,2.34,2.36,2.32,2.32,1100
24-Jul-12,2.26,2.31,2.26,2.28,2515
23-Jul-12,2.34,2.34,2.26,2.26,600
20-Jul-12,2.30,2.38,2.30,2.38,1600
19-Jul-12,2.37,2.37,2.33,2.33,2700
18-Jul-12,2.34,2.34,2.30,2.33,648
17-Jul-12,2.35,2.35,2.32,2.33,4800
16-Jul-12,2.34,2.37,2.33,2.36,924
13-Jul-12,2.32,2.44,2.32,2.38,983
12-Jul-12,2.28,2.33,2.28,2.33,2734
11-Jul-12,2.35,2.35,2.32,2.32,900
10-Jul-12,2.29,2.33,2.29,2.32,1500
9-Jul-12,2.31,2.35,2.29,2.30,5236
6-Jul-12,2.26,2.36,2.26,2.36,2500
5-Jul-12,2.30,2.31,2.18,2.26,6294
3-Jul-12,2.20,2.35,2.20,2.35,1793
2-Jul-12,2.30,2.33,2.22,2.25,4800
29-Jun-12,2.30,2.35,2.29,2.30,2700
28-Jun-12,2.22,2.30,2.20,2.30,1300
27-Jun-12,2.11,2.30,2.11,2.25,1500
26-Jun-12,2.17,2.19,2.13,2.13,3813
25-Jun-12,2.12,2.20,2.11,2.20,1500
22-Jun-12,2.19,2.19,2.13,2.18,1472
21-Jun-12,2.15,2.18,2.11,2.18,1900
20-Jun-12,2.05,2.19,2.05,2.19,4400
19-Jun-12,2.20,2.21,2.02,2.02,7600
18-Jun-12,2.20,2.22,2.18,2.18,2700
15-Jun-12,2.20,2.27,2.20,2.27,4829
14-Jun-12,2.23,2.36,2.09,2.19,7800
13-Jun-12,2.20,2.20,2.20,2.20,100
12-Jun-12,2.20,2.22,2.18,2.20,2200
11-Jun-12,2.16,2.20,2.13,2.19,7680
8-Jun-12,2.20,2.21,2.20,2.21,1300
7-Jun-12,2.17,2.21,2.17,2.21,2000
6-Jun-12,2.23,2.25,2.20,2.20,1500
5-Jun-12,2.12,2.23,2.12,2.23,1369
4-Jun-12,2.11,2.15,2.07,2.14,5900
1-Jun-12,2.20,2.20,2.08,2.08,7300
31-May-12,2.25,2.30,2.18,2.24,10358
30-May-12,2.25,2.28,2.25,2.28,4993
29-May-12,2.38,2.50,2.28,2.28,3730
25-May-12,2.42,2.42,2.36,2.36,2841
24-May-12,2.39,2.43,2.39,2.41,900
23-May-12,2.40,2.46,2.25,2.40,19276
22-May-12,2.36,2.39,2.36,2.39,900
21-May-12,2.34,2.39,2.31,2.39,7349
18-May-12,2.42,2.44,2.36,2.36,11684
17-May-12,2.50,2.52,2.44,2.45,6700
16-May-12,2.33,2.53,2.33,2.50,14557
15-May-12,2.62,2.69,2.45,2.45,4538
14-May-12,2.49,2.59,2.49,2.58,6433
11-May-12,2.48,2.57,2.48,2.55,14266
10-May-12,2.57,2.58,2.50,2.53,4293
9-May-12,2.61,2.61,2.53,2.58,8701
8-May-12,2.75,2.75,2.60,2.66,5413
7-May-12,2.65,2.72,2.65,2.72,11606
4-May-12,2.68,2.71,2.60,2.67,12819
3-May-12,2.81,2.81,2.73,2.80,4700
2-May-12,2.88,2.90,2.71,2.77,13391
1-May-12,2.91,2.93,2.90,2.90,2400
30-Apr-12,2.87,3.02,2.75,2.88,168629
27-Apr-12,2.88,2.88,2.80,2.87,41550
26-Apr-12,2.90,2.90,2.75,2.83,30300
25-Apr-12,2.85,2.89,2.77,2.85,9650
24-Apr-12,2.82,2.92,2.79,2.79,10840
23-Apr-12,2.82,2.82,2.65,2.79,10262
20-Apr-12,2.47,2.85,2.47,2.79,14391
19-Apr-12,2.37,2.47,2.37,2.47,6296
18-Apr-12,2.30,2.36,2.30,2.35,61000
17-Apr-12,2.29,2.35,2.26,2.35,7396
16-Apr-12,2.27,2.30,2.22,2.25,57883
13-Apr-12,2.24,2.24,2.24,2.24,500
12-Apr-12,2.18,2.21,2.18,2.21,606
11-Apr-12,2.28,2.32,2.20,2.21,4600
10-Apr-12,2.38,2.38,2.25,2.25,46177
9-Apr-12,2.40,2.40,2.37,2.40,6119
5-Apr-12,2.44,2.45,2.38,2.38,9905
4-Apr-12,2.42,2.42,2.35,2.36,4100
3-Apr-12,2.40,2.40,2.40,2.40,5375
2-Apr-12,2.38,2.44,2.38,2.40,30995
30-Mar-12,2.40,2.41,2.35,2.39,30290
29-Mar-12,2.36,2.40,2.36,2.38,23817
28-Mar-12,2.30,2.40,2.20,2.40,4962
27-Mar-12,2.30,2.37,2.30,2.34,3300
26-Mar-12,2.33,2.38,2.24,2.25,7265
23-Mar-12,2.35,2.35,2.26,2.28,2966
22-Mar-12,2.46,2.46,2.37,2.37,1450
21-Mar-12,2.49,2.50,2.42,2.45,4196
20-Mar-12,2.45,2.45,2.40,2.40,3983
19-Mar-12,2.45,2.45,2.40,2.42,3400
16-Mar-12,2.33,2.51,2.31,2.40,20952
15-Mar-12,2.27,2.36,2.25,2.30,48397
14-Mar-12,2.23,2.29,2.17,2.23,3100
13-Mar-12,2.20,2.40,2.20,2.25,24471
12-Mar-12,2.20,2.40,2.16,2.16,17685
9-Mar-12,2.03,2.60,2.03,2.24,42893
8-Mar-12,1.73,1.89,1.73,1.89,1800
7-Mar-12,1.78,1.80,1.78,1.79,4394
6-Mar-12,1.80,1.80,1.76,1.76,400
5-Mar-12,1.74,1.80,1.74,1.80,6700
2-Mar-12,1.87,1.88,1.64,1.73,8320
1-Mar-12,1.89,1.92,1.89,1.89,8964
29-Feb-12,1.75,1.91,1.75,1.88,6562
28-Feb-12,1.84,1.84,1.74,1.74,3065
27-Feb-12,2.02,2.11,1.73,1.83,50830
24-Feb-12,1.93,2.02,1.93,2.00,300
23-Feb-12,1.85,1.85,1.85,1.85,0
22-Feb-12,1.85,1.85,1.85,1.85,0
21-Feb-12,1.97,1.97,1.85,1.85,500
17-Feb-12,2.03,2.04,1.96,1.96,1500
16-Feb-12,1.99,2.03,1.99,2.00,2400
15-Feb-12,1.97,2.02,1.97,2.00,4300
14-Feb-12,1.95,1.95,1.95,1.95,100
13-Feb-12,1.97,1.97,1.94,1.95,3020
10-Feb-12,1.96,1.98,1.96,1.98,4516
9-Feb-12,1.87,1.97,1.87,1.91,10700
8-Feb-12,1.83,1.86,1.82,1.86,7828
7-Feb-12,1.79,1.83,1.79,1.83,3100
6-Feb-12,1.81,1.83,1.77,1.77,2800
3-Feb-12,1.80,1.82,1.76,1.82,2700
2-Feb-12,1.85,1.85,1.75,1.75,3651
1-Feb-12,1.80,1.91,1.80,1.80,1775
31-Jan-12,1.85,1.94,1.75,1.75,9500
30-Jan-12,1.82,1.83,1.82,1.82,600
27-Jan-12,1.76,1.79,1.70,1.79,300
26-Jan-12,1.79,1.79,1.73,1.77,2615
25-Jan-12,1.80,1.86,1.75,1.82,1000
24-Jan-12,1.84,1.84,1.79,1.80,600
23-Jan-12,1.83,1.84,1.81,1.81,600
20-Jan-12,1.86,1.86,1.81,1.81,5400
19-Jan-12,1.91,1.94,1.86,1.87,4840
18-Jan-12,1.78,1.84,1.77,1.84,1400
17-Jan-12,1.86,1.87,1.78,1.78,2400
13-Jan-12,1.84,1.84,1.84,1.84,0
12-Jan-12,1.95,1.95,1.95,1.95,1000
10-Jan-12,1.84,1.84,1.84,1.84,0
9-Jan-12,1.87,1.87,1.83,1.85,2615
6-Jan-12,1.81,1.84,1.77,1.83,3970
5-Jan-12,1.88,1.89,1.77,1.80,1710
4-Jan-12,1.94,1.94,1.75,1.85,5261
3-Jan-12,1.96,1.98,1.95,1.95,1100
30-Dec-11,1.94,1.95,1.87,1.95,936
29-Dec-11,1.84,1.98,1.83,1.92,1750
28-Dec-11,1.82,1.89,1.82,1.85,1800
27-Dec-11,1.93,1.93,1.80,1.84,3400
23-Dec-11,1.96,1.96,1.96,1.96,0
22-Dec-11,1.98,1.99,1.95,1.99,2900
21-Dec-11,1.91,1.99,1.91,1.99,600
20-Dec-11,2.00,2.05,1.90,1.92,1700
19-Dec-11,2.06,2.06,1.95,1.95,1600
16-Dec-11,2.05,2.23,2.00,2.08,2709
15-Dec-11,2.04,2.04,2.00,2.00,200
14-Dec-11,2.09,2.10,1.98,2.04,1500
13-Dec-11,2.08,2.11,2.08,2.08,300
12-Dec-11,2.08,2.14,2.08,2.09,700
9-Dec-11,2.16,2.16,2.10,2.10,1600
8-Dec-11,2.10,2.14,2.10,2.10,2126
7-Dec-11,2.09,2.09,2.06,2.06,1400
6-Dec-11,2.08,2.08,2.08,2.08,0
5-Dec-11,2.10,2.12,2.07,2.10,1300
2-Dec-11,2.05,2.10,2.03,2.07,2200
1-Dec-11,1.99,2.10,1.99,2.05,2700
30-Nov-11,2.03,2.03,1.95,1.98,4187
29-Nov-11,2.09,2.09,1.98,2.05,3300
28-Nov-11,2.10,2.16,2.10,2.10,14400
25-Nov-11,2.01,2.10,2.01,2.08,1200
23-Nov-11,2.00,2.00,2.00,2.00,0
22-Nov-11,1.95,2.00,1.94,1.94,12264
21-Nov-11,1.86,1.95,1.86,1.93,4300
18-Nov-11,1.79,1.88,1.79,1.86,500
17-Nov-11,1.91,1.91,1.75,1.79,1400
16-Nov-11,1.81,1.99,1.81,1.90,9050
15-Nov-11,1.90,1.90,1.84,1.86,1780
14-Nov-11,1.80,1.86,1.80,1.86,1450
11-Nov-11,1.81,1.87,1.81,1.86,5998
10-Nov-11,1.83,1.85,1.74,1.78,14000
9-Nov-11,1.79,1.85,1.70,1.70,1700
8-Nov-11,1.80,1.87,1.80,1.82,10626
7-Nov-11,1.72,1.81,1.70,1.78,1715
4-Nov-11,1.76,1.78,1.73,1.73,3225
3-Nov-11,1.72,1.79,1.72,1.75,7455
1-Nov-11,1.73,1.73,1.73,1.73,0
31-Oct-11,1.62,1.75,1.57,1.72,4860
28-Oct-11,1.62,1.65,1.62,1.62,1730
27-Oct-11,1.60,1.70,1.57,1.63,7700
26-Oct-11,1.61,1.63,1.50,1.55,5366
25-Oct-11,1.69,1.69,1.60,1.62,9225
24-Oct-11,1.66,1.73,1.66,1.69,3100
21-Oct-11,1.64,1.67,1.63,1.65,4000
20-Oct-11,1.59,1.65,1.59,1.64,2400
19-Oct-11,1.63,1.65,1.59,1.62,4300
18-Oct-11,1.64,1.65,1.61,1.63,6696
17-Oct-11,1.61,1.64,1.61,1.63,2000
14-Oct-11,1.58,1.60,1.58,1.60,900
13-Oct-11,1.64,1.64,1.55,1.60,59400
12-Oct-11,1.55,1.60,1.55,1.60,7955
11-Oct-11,1.55,1.55,1.51,1.54,3800
10-Oct-11,1.55,1.55,1.54,1.55,5825
7-Oct-11,1.55,1.58,1.55,1.55,2500
6-Oct-11,1.59,1.65,1.55,1.58,4600
5-Oct-11,1.65,1.67,1.60,1.60,2300
4-Oct-11,1.65,1.65,1.58,1.62,13400
3-Oct-11,1.72,1.72,1.66,1.66,6275
30-Sep-11,1.75,1.76,1.73,1.76,500
29-Sep-11,1.74,1.77,1.60,1.77,4100
