Date,Open,High,Low,Close,Volume
27-Sep-12,33.24,33.92,33.24,33.69,44074
26-Sep-12,33.52,33.77,33.00,33.28,32434
25-Sep-12,33.97,34.16,33.37,33.41,45952
24-Sep-12,33.81,34.15,33.51,33.78,73010
21-Sep-12,34.50,34.50,33.84,33.84,88902
20-Sep-12,33.91,34.37,33.67,34.26,26134
19-Sep-12,34.50,34.50,34.05,34.18,23271
18-Sep-12,34.39,34.50,34.22,34.43,18538
17-Sep-12,34.54,34.66,34.01,34.51,32378
14-Sep-12,34.85,35.05,34.67,34.74,62576
13-Sep-12,34.28,34.93,34.13,34.73,45527
12-Sep-12,34.40,34.46,34.13,34.45,34444
11-Sep-12,33.88,34.50,33.88,34.41,25067
10-Sep-12,34.13,34.50,34.12,34.33,25864
7-Sep-12,34.13,34.42,33.89,34.19,28212
6-Sep-12,33.63,34.49,33.59,34.02,66714
5-Sep-12,34.21,34.34,33.91,33.94,35660
4-Sep-12,33.22,34.19,33.21,34.08,60304
31-Aug-12,33.39,33.48,32.91,33.12,79903
30-Aug-12,32.95,33.28,32.85,33.10,22711
29-Aug-12,33.45,33.51,32.89,33.28,28558
28-Aug-12,33.64,33.81,33.39,33.52,31466
27-Aug-12,34.10,34.10,33.55,33.65,26163
24-Aug-12,33.70,34.30,33.67,34.07,25772
23-Aug-12,33.48,33.93,33.25,33.83,32213
22-Aug-12,33.72,33.83,33.25,33.58,41724
21-Aug-12,34.17,34.48,33.69,33.73,138555
20-Aug-12,34.05,34.20,33.86,34.12,30859
17-Aug-12,33.69,34.37,33.69,34.02,26520
16-Aug-12,33.10,33.77,32.85,33.76,12610
15-Aug-12,32.43,33.21,32.37,33.20,25352
14-Aug-12,32.88,33.00,32.46,32.56,26767
13-Aug-12,32.10,32.72,31.74,32.65,10682
10-Aug-12,31.78,32.34,31.46,32.19,16689
9-Aug-12,32.24,32.45,31.50,31.97,23874
8-Aug-12,32.38,32.47,32.14,32.23,14510
7-Aug-12,32.44,32.59,32.19,32.47,28023
6-Aug-12,31.70,32.50,31.70,32.32,25848
3-Aug-12,29.14,31.99,29.14,31.73,27050
2-Aug-12,29.76,30.53,29.76,30.24,62716
1-Aug-12,31.02,31.19,29.86,29.95,77757
31-Jul-12,31.10,31.30,30.76,30.95,48550
30-Jul-12,30.91,31.40,30.91,31.16,40641
27-Jul-12,30.08,31.07,29.82,30.88,66146
26-Jul-12,29.53,30.03,29.51,29.91,55439
25-Jul-12,29.48,29.57,29.05,29.13,58855
24-Jul-12,29.32,29.37,28.92,29.29,58266
23-Jul-12,29.03,29.55,28.69,29.30,51453
20-Jul-12,29.70,29.78,29.38,29.46,52773
19-Jul-12,30.27,30.48,29.70,29.92,54224
18-Jul-12,29.87,30.43,29.87,30.20,55378
17-Jul-12,29.82,30.15,29.55,29.94,72789
16-Jul-12,29.75,29.99,29.58,29.76,50327
13-Jul-12,29.64,29.88,29.29,29.75,87871
12-Jul-12,29.47,29.70,29.04,29.45,82069
11-Jul-12,29.53,29.96,29.36,29.75,104929
10-Jul-12,29.35,29.88,29.33,29.71,75311
9-Jul-12,28.60,29.30,28.60,29.23,62294
6-Jul-12,28.61,28.79,28.40,28.71,63444
5-Jul-12,29.03,29.13,28.70,28.94,72109
3-Jul-12,28.08,29.18,28.08,29.17,107574
2-Jul-12,27.98,28.20,27.60,28.17,81834
29-Jun-12,27.55,28.11,27.55,28.01,121256
28-Jun-12,26.64,27.22,26.61,27.15,96944
27-Jun-12,26.51,27.05,26.42,26.94,121226
26-Jun-12,26.42,26.93,26.23,26.69,93979
25-Jun-12,26.27,26.48,26.16,26.29,113604
22-Jun-12,25.90,26.74,25.88,26.51,232118
21-Jun-12,26.26,26.26,25.59,25.82,88539
20-Jun-12,26.37,26.55,26.08,26.21,76848
19-Jun-12,25.88,26.43,25.74,26.31,83999
18-Jun-12,25.76,25.91,25.42,25.76,74588
15-Jun-12,25.85,25.96,25.56,25.89,94014
14-Jun-12,26.08,26.16,25.47,25.77,89569
13-Jun-12,26.31,26.64,26.03,26.12,102824
12-Jun-12,26.36,26.57,26.09,26.38,82248
11-Jun-12,27.18,27.32,26.19,26.22,110491
8-Jun-12,26.37,26.98,26.10,26.90,62957
7-Jun-12,26.98,27.21,26.44,26.47,98592
6-Jun-12,26.10,26.79,25.89,26.79,79997
5-Jun-12,25.27,25.93,25.04,25.77,70723
4-Jun-12,25.09,25.46,24.88,25.32,97345
1-Jun-12,25.03,25.30,24.83,24.92,86612
31-May-12,25.07,25.65,24.70,25.53,175175
30-May-12,25.38,25.38,24.96,25.00,125495
29-May-12,26.01,26.10,25.44,25.69,101788
25-May-12,25.99,26.30,25.67,25.83,71573
24-May-12,25.52,26.10,25.50,26.00,127748
23-May-12,25.33,25.54,24.87,25.45,92223
22-May-12,25.87,26.15,25.34,25.52,74289
21-May-12,25.59,26.05,25.45,25.83,71886
18-May-12,25.75,25.94,25.52,25.54,77438
17-May-12,25.91,26.18,25.69,25.78,100853
16-May-12,26.52,26.59,25.97,25.97,63244
15-May-12,26.47,26.86,26.21,26.46,109671
14-May-12,26.02,26.50,25.89,26.38,107005
11-May-12,25.78,26.40,25.71,26.35,108796
10-May-12,26.13,26.43,26.02,26.12,100425
9-May-12,26.24,26.57,25.84,25.84,177420
8-May-12,26.26,26.74,26.26,26.45,181708
7-May-12,26.33,26.64,25.80,26.51,139700
4-May-12,27.86,27.93,26.17,26.42,106139
3-May-12,28.57,28.59,28.02,28.09,87275
2-May-12,28.78,28.78,28.38,28.58,121546
1-May-12,29.11,29.65,28.90,28.90,86384
30-Apr-12,29.28,29.35,29.00,29.12,72956
27-Apr-12,29.29,29.33,28.93,29.28,62591
26-Apr-12,29.18,29.39,28.91,29.27,61111
25-Apr-12,29.50,29.66,29.12,29.21,48128
24-Apr-12,29.03,29.41,29.03,29.25,31685
23-Apr-12,29.25,29.27,28.81,29.08,131476
20-Apr-12,29.56,29.84,29.28,29.37,59097
19-Apr-12,29.91,30.05,29.09,29.30,85906
18-Apr-12,30.24,30.24,29.75,29.87,115947
17-Apr-12,30.49,30.80,30.28,30.34,75660
16-Apr-12,30.50,30.69,30.30,30.32,66647
13-Apr-12,30.90,30.93,30.22,30.35,65637
12-Apr-12,30.83,31.17,30.76,31.01,79072
11-Apr-12,30.52,30.90,30.34,30.87,129099
10-Apr-12,31.30,31.49,30.13,30.22,101312
9-Apr-12,31.59,31.68,30.94,31.49,142140
5-Apr-12,32.19,32.66,32.07,32.47,66946
4-Apr-12,32.70,32.70,32.27,32.35,79237
3-Apr-12,33.61,33.62,32.53,33.09,77719
2-Apr-12,33.51,33.93,33.28,33.68,110618
30-Mar-12,34.84,34.84,33.70,33.70,161352
29-Mar-12,35.04,35.15,34.23,34.71,50915
28-Mar-12,34.90,35.26,34.75,35.18,142825
27-Mar-12,34.85,34.89,34.70,34.76,75905
26-Mar-12,34.55,34.85,34.50,34.85,103786
23-Mar-12,33.95,34.43,33.95,34.43,65556
22-Mar-12,33.86,34.08,33.86,33.93,116153
21-Mar-12,34.18,34.18,33.75,34.01,39855
20-Mar-12,33.89,34.25,33.69,34.00,77372
19-Mar-12,33.97,34.25,33.94,34.01,61389
16-Mar-12,34.20,34.21,33.94,34.07,96680
15-Mar-12,34.25,34.30,33.81,34.22,98474
14-Mar-12,34.23,34.37,34.00,34.21,70493
13-Mar-12,34.13,34.25,33.80,34.25,96259
12-Mar-12,34.02,34.16,33.85,33.91,44225
9-Mar-12,34.00,34.21,33.81,34.11,78830
8-Mar-12,34.00,34.02,33.60,33.86,93751
7-Mar-12,33.90,33.94,33.49,33.94,129095
6-Mar-12,33.82,34.11,33.68,33.72,103375
5-Mar-12,33.63,34.17,33.60,34.08,75527
2-Mar-12,34.01,34.17,33.58,33.63,141816
1-Mar-12,34.01,34.44,33.90,33.97,127041
29-Feb-12,34.21,34.36,33.86,33.97,140608
28-Feb-12,33.99,34.29,33.95,34.05,134610
27-Feb-12,34.25,34.36,33.19,34.01,183151
24-Feb-12,33.43,33.43,32.88,32.97,24167
23-Feb-12,32.99,33.42,32.83,33.32,42150
22-Feb-12,33.44,33.44,32.84,32.87,44486
21-Feb-12,33.65,34.03,33.25,33.52,39749
17-Feb-12,33.97,33.97,33.21,33.56,53444
16-Feb-12,32.57,33.87,32.57,33.84,62323
15-Feb-12,33.00,33.10,32.23,32.65,58288
14-Feb-12,33.12,33.12,32.24,32.89,62742
13-Feb-12,34.64,34.68,33.25,33.38,79291
10-Feb-12,35.00,35.17,33.73,34.18,109667
9-Feb-12,35.10,35.20,34.03,34.32,74821
8-Feb-12,34.96,35.50,34.81,35.11,54497
7-Feb-12,35.21,35.49,34.82,34.98,47517
6-Feb-12,36.16,36.17,34.96,35.20,94190
3-Feb-12,36.14,36.65,36.03,36.45,77094
2-Feb-12,35.34,35.99,35.34,35.66,45016
1-Feb-12,34.92,35.61,34.59,35.42,73923
31-Jan-12,35.00,35.12,34.59,34.74,44108
30-Jan-12,34.08,35.02,33.96,34.70,73285
27-Jan-12,33.99,34.45,33.80,34.33,64268
26-Jan-12,35.20,35.20,33.85,34.18,74068
25-Jan-12,35.01,35.20,34.80,35.12,53324
24-Jan-12,34.59,35.12,34.42,35.05,41357
23-Jan-12,34.96,35.15,34.32,34.96,79094
20-Jan-12,34.55,34.96,34.48,34.92,42300
19-Jan-12,34.55,34.97,34.39,34.57,63451
18-Jan-12,33.56,34.46,33.54,34.42,53257
17-Jan-12,34.12,34.40,33.50,33.66,76835
13-Jan-12,34.11,34.11,34.11,34.11,0
12-Jan-12,33.89,34.25,33.60,33.94,83267
11-Jan-12,33.39,34.20,33.35,33.91,81657
10-Jan-12,33.62,33.80,33.30,33.66,116514
9-Jan-12,33.36,33.45,32.74,33.23,86240
6-Jan-12,33.69,33.81,33.26,33.31,38706
5-Jan-12,33.61,34.24,33.10,33.83,41037
4-Jan-12,34.04,34.09,33.50,33.91,60491
3-Jan-12,34.96,35.19,34.27,34.37,112416
30-Dec-11,34.02,34.02,34.02,34.02,0
29-Dec-11,34.04,34.84,34.04,34.30,58655
28-Dec-11,34.80,34.80,33.90,34.00,116800
27-Dec-11,34.73,35.17,34.73,34.91,39277
23-Dec-11,34.98,34.98,34.98,34.98,0
22-Dec-11,34.90,35.48,34.67,35.28,43924
21-Dec-11,34.23,34.90,34.23,34.84,46156
20-Dec-11,34.28,34.62,34.19,34.40,89382
19-Dec-11,34.29,34.58,33.33,33.46,65359
16-Dec-11,34.12,34.46,33.72,34.00,137076
15-Dec-11,33.85,34.33,33.52,33.86,86952
14-Dec-11,36.40,36.93,32.81,33.29,89322
13-Dec-11,34.21,34.37,32.80,33.04,95661
12-Dec-11,33.50,33.97,33.05,33.89,63616
9-Dec-11,33.78,34.47,33.71,34.19,101738
8-Dec-11,34.60,34.60,33.48,33.63,82379
7-Dec-11,34.18,35.26,33.48,35.02,47865
6-Dec-11,34.08,34.86,33.59,34.43,50845
5-Dec-11,34.15,34.52,33.66,34.13,86303
2-Dec-11,34.09,34.17,33.51,33.69,69865
1-Dec-11,33.74,34.00,32.87,33.49,63105
30-Nov-11,33.29,34.00,32.75,33.98,155432
29-Nov-11,32.18,32.26,31.36,31.91,99885
28-Nov-11,31.70,32.41,31.47,32.14,110078
25-Nov-11,30.51,31.12,30.45,30.45,52552
23-Nov-11,30.60,30.60,30.60,30.60,0
22-Nov-11,31.08,32.12,30.80,31.32,59354
21-Nov-11,30.94,31.63,30.70,31.11,71709
18-Nov-11,31.43,31.79,31.14,31.66,60222
17-Nov-11,31.06,31.87,30.91,31.33,83470
16-Nov-11,31.53,32.09,31.02,31.07,73020
15-Nov-11,30.96,32.22,30.96,32.01,56321
14-Nov-11,31.46,31.60,30.93,31.16,40188
11-Nov-11,31.61,32.29,31.34,31.76,73269
10-Nov-11,31.43,31.85,30.79,31.24,57267
9-Nov-11,31.49,31.96,30.69,30.73,96220
8-Nov-11,32.83,32.83,31.17,32.20,100582
7-Nov-11,32.11,33.15,31.30,32.77,87226
4-Nov-11,33.21,33.40,31.86,32.29,76375
3-Nov-11,33.10,33.83,32.32,33.70,54661
2-Nov-11,31.76,32.72,31.49,32.61,60544
1-Nov-11,30.66,31.94,30.66,30.87,70904
31-Oct-11,33.45,33.70,32.47,32.65,89450
28-Oct-11,34.31,35.00,33.78,34.25,45252
27-Oct-11,32.45,34.93,32.42,34.49,107821
26-Oct-11,32.85,33.13,30.99,32.47,64636
25-Oct-11,32.20,32.49,31.32,31.42,71599
24-Oct-11,31.68,32.62,31.49,32.50,49764
21-Oct-11,31.52,31.64,30.86,31.60,66586
20-Oct-11,30.25,30.96,29.68,30.84,36460
19-Oct-11,31.00,31.43,29.89,30.24,33956
18-Oct-11,29.73,31.49,29.35,31.16,62789
17-Oct-11,30.35,30.69,29.24,29.58,93087
14-Oct-11,30.45,30.89,30.00,30.74,44612
13-Oct-11,30.45,30.45,29.22,30.00,30996
12-Oct-11,30.13,30.99,30.13,30.70,63102
11-Oct-11,29.33,30.30,29.17,29.91,52077
10-Oct-11,29.60,29.71,28.85,29.70,67643
7-Oct-11,28.63,29.55,27.86,28.79,210977
6-Oct-11,27.56,28.60,27.34,28.44,39320
5-Oct-11,27.34,28.00,26.89,27.69,45873
4-Oct-11,24.58,27.54,24.50,27.44,91454
3-Oct-11,26.34,27.30,24.89,24.92,74640
30-Sep-11,27.02,27.48,26.48,26.62,62778
