Date,Open,High,Low,Close,Volume
26-Sep-12,7.01,7.10,7.00,7.10,2208
25-Sep-12,7.10,7.10,7.01,7.01,423
24-Sep-12,7.19,7.19,7.19,7.19,256
21-Sep-12,7.01,7.01,7.01,7.01,282
20-Sep-12,7.01,7.01,7.01,7.01,0
19-Sep-12,7.01,7.01,7.01,7.01,0
18-Sep-12,7.20,7.20,7.01,7.01,300
17-Sep-12,7.25,7.25,7.25,7.25,1000
14-Sep-12,7.37,7.37,7.37,7.37,912
13-Sep-12,7.42,7.42,7.42,7.42,0
12-Sep-12,7.42,7.42,7.42,7.42,0
11-Sep-12,7.42,7.42,7.42,7.42,912
10-Sep-12,7.32,7.36,7.29,7.29,912
7-Sep-12,7.37,7.37,7.37,7.37,0
6-Sep-12,7.37,7.37,7.37,7.37,0
5-Sep-12,7.37,7.37,7.37,7.37,100
4-Sep-12,7.35,7.35,7.29,7.29,202
31-Aug-12,7.35,7.35,7.35,7.35,0
30-Aug-12,7.35,7.35,7.35,7.35,0
29-Aug-12,7.30,7.35,7.25,7.35,1800
28-Aug-12,7.25,7.25,7.25,7.25,363
27-Aug-12,7.96,7.96,7.75,7.75,300
24-Aug-12,7.60,7.60,7.60,7.60,0
23-Aug-12,7.60,7.60,7.60,7.60,0
22-Aug-12,7.60,7.60,7.60,7.60,0
21-Aug-12,7.91,7.95,7.60,7.60,1423
20-Aug-12,7.60,7.60,7.59,7.60,2775
17-Aug-12,7.30,7.75,7.30,7.75,1350
16-Aug-12,7.29,7.29,7.29,7.29,0
15-Aug-12,5.95,7.30,5.95,7.30,2533
7-Aug-12,3.96,3.96,3.96,3.96,335
6-Aug-12,3.90,3.94,3.90,3.92,743
3-Aug-12,3.88,3.88,3.82,3.88,2177
2-Aug-12,3.86,3.86,3.86,3.86,0
1-Aug-12,3.80,3.80,3.80,3.80,190
31-Jul-12,3.81,3.81,3.81,3.81,119
30-Jul-12,3.84,3.84,3.80,3.80,251
27-Jul-12,3.76,3.80,3.76,3.80,7364
26-Jul-12,3.76,3.76,3.58,3.62,1247
25-Jul-12,3.60,3.60,3.58,3.58,251
24-Jul-12,3.76,3.76,3.76,3.76,174
23-Jul-12,3.69,3.69,3.69,3.69,251
20-Jul-12,3.55,3.76,3.55,3.76,2521
19-Jul-12,3.51,3.51,3.51,3.51,0
18-Jul-12,3.51,3.51,3.50,3.50,192
17-Jul-12,3.58,3.58,3.58,3.58,418
16-Jul-12,3.48,3.48,3.48,3.48,0
13-Jul-12,3.18,3.58,3.18,3.58,167
12-Jul-12,3.58,3.58,3.48,3.48,427
11-Jul-12,3.56,3.56,3.18,3.18,502
10-Jul-12,3.58,3.58,3.58,3.58,0
9-Jul-12,3.58,3.58,3.58,3.58,0
6-Jul-12,3.54,3.58,3.51,3.58,9791
5-Jul-12,3.54,3.54,3.54,3.54,156
3-Jul-12,3.54,3.54,3.54,3.54,0
2-Jul-12,3.58,3.58,3.54,3.54,469
29-Jun-12,3.06,3.56,3.05,3.56,4202
28-Jun-12,3.41,3.45,2.64,3.45,3331
27-Jun-12,3.53,3.53,3.53,3.53,0
26-Jun-12,3.61,3.63,3.53,3.53,11800
25-Jun-12,3.64,3.64,3.64,3.64,0
22-Jun-12,3.64,3.64,3.64,3.64,0
21-Jun-12,3.64,3.64,3.64,3.64,1487
20-Jun-12,3.64,3.64,3.64,3.64,0
19-Jun-12,3.64,3.64,3.64,3.64,0
18-Jun-12,3.76,3.76,3.70,3.70,1757
15-Jun-12,3.64,3.64,3.64,3.64,0
14-Jun-12,3.64,3.70,3.64,3.70,2259
13-Jun-12,3.84,3.84,3.84,3.84,0
12-Jun-12,3.84,3.84,3.84,3.84,0
11-Jun-12,3.76,3.76,3.76,3.76,124
8-Jun-12,3.84,3.84,3.84,3.84,0
7-Jun-12,3.84,3.84,3.84,3.84,251
6-Jun-12,3.81,3.88,3.81,3.88,502
5-Jun-12,3.64,3.87,3.64,3.87,1013
4-Jun-12,3.66,3.66,3.66,3.66,1674
1-Jun-12,3.67,3.68,3.66,3.68,2343
31-May-12,3.70,3.80,3.70,3.70,335
30-May-12,3.66,3.66,3.66,3.66,0
29-May-12,3.66,3.66,3.66,3.66,167
25-May-12,3.66,3.66,3.66,3.66,0
24-May-12,3.66,3.66,3.66,3.66,201
23-May-12,3.67,3.67,3.67,3.67,0
22-May-12,3.67,3.67,3.67,3.67,84
21-May-12,3.66,3.66,3.66,3.66,837
18-May-12,3.66,3.66,3.66,3.66,285
17-May-12,3.67,3.67,3.67,3.67,109
16-May-12,3.67,3.67,3.67,3.67,167
15-May-12,3.85,3.85,3.73,3.73,192
14-May-12,3.64,3.64,3.64,3.64,0
11-May-12,3.66,3.66,3.64,3.64,599
10-May-12,3.66,3.88,3.66,3.88,2484
9-May-12,3.66,3.72,3.66,3.72,686
8-May-12,3.88,3.88,3.88,3.88,84
7-May-12,3.64,3.66,3.64,3.64,317
4-May-12,3.64,3.64,3.64,3.64,0
3-May-12,4.00,4.00,4.00,4.00,4206
2-May-12,3.84,3.84,3.84,3.84,0
1-May-12,3.81,3.85,3.73,3.82,2181
30-Apr-12,3.70,3.87,3.70,3.84,1255
27-Apr-12,3.70,3.79,3.70,3.79,2098
26-Apr-12,3.66,3.72,3.66,3.70,8377
25-Apr-12,3.79,3.79,3.66,3.66,14381
24-Apr-12,4.16,4.16,3.95,3.95,5539
23-Apr-12,4.04,4.06,4.04,4.06,2762
20-Apr-12,4.23,4.23,4.23,4.23,167
19-Apr-12,4.15,4.15,4.15,4.15,167
18-Apr-12,4.10,4.12,4.10,4.12,251
17-Apr-12,4.21,4.21,3.97,3.99,1088
16-Apr-12,4.54,4.54,3.98,3.99,8674
13-Apr-12,3.94,4.36,3.92,4.06,16259
12-Apr-12,3.82,3.82,3.82,3.82,0
11-Apr-12,3.53,3.53,3.53,3.53,89
10-Apr-12,3.82,3.82,3.82,3.82,0
9-Apr-12,3.51,3.88,3.51,3.88,2589
5-Apr-12,3.41,4.05,3.41,4.05,3013
4-Apr-12,3.54,3.78,3.39,3.58,4045
3-Apr-12,3.73,3.76,3.48,3.70,7515
2-Apr-12,3.70,3.70,3.70,3.70,0
30-Mar-12,3.70,3.70,3.70,3.70,0
29-Mar-12,3.72,3.82,3.70,3.70,4251
28-Mar-12,4.03,4.03,4.03,4.03,0
27-Mar-12,4.27,4.27,4.03,4.04,650
26-Mar-12,4.28,4.28,3.70,3.70,2325
23-Mar-12,4.24,4.24,4.04,4.04,400
22-Mar-12,3.70,3.70,3.70,3.70,167
21-Mar-12,3.58,3.84,3.58,3.84,564
20-Mar-12,3.56,4.26,3.56,3.67,3212
19-Mar-12,3.82,3.87,3.61,3.63,1506
16-Mar-12,3.30,3.30,3.30,3.30,0
15-Mar-12,3.30,3.30,3.30,3.30,84
14-Mar-12,4.12,4.12,4.12,4.12,0
13-Mar-12,4.12,4.12,4.12,4.12,0
12-Mar-12,4.12,4.12,3.74,3.74,3201
9-Mar-12,4.12,4.12,4.12,4.12,586
8-Mar-12,3.81,4.13,3.81,4.13,1208
7-Mar-12,3.99,3.99,3.99,3.99,0
6-Mar-12,4.06,4.12,3.80,3.80,1711
5-Mar-12,4.05,4.13,3.90,4.05,2895
2-Mar-12,4.05,4.05,4.05,4.05,0
1-Mar-12,4.06,4.06,4.05,4.05,2042
29-Feb-12,4.28,4.28,4.06,4.06,1015
28-Feb-12,4.08,4.08,4.05,4.07,840
27-Feb-12,4.06,4.06,4.05,4.05,669
24-Feb-12,4.23,4.23,4.23,4.23,84
23-Feb-12,4.05,4.05,4.05,4.05,1202
22-Feb-12,4.23,4.24,4.23,4.23,251
21-Feb-12,4.06,4.22,4.06,4.22,705
17-Feb-12,4.29,4.29,4.29,4.29,102
16-Feb-12,4.28,4.28,4.28,4.28,84
15-Feb-12,4.30,4.30,4.30,4.30,418
14-Feb-12,4.09,4.09,4.09,4.09,84
13-Feb-12,4.05,4.36,4.05,4.18,2833
10-Feb-12,4.05,4.07,4.05,4.07,433
9-Feb-12,4.07,4.07,4.05,4.05,184
7-Feb-12,4.19,4.19,4.19,4.19,0
6-Feb-12,4.19,4.19,4.19,4.19,0
3-Feb-12,4.36,4.36,4.31,4.31,1464
2-Feb-12,4.19,4.21,4.19,4.19,1028
1-Feb-12,4.29,4.29,4.19,4.19,184
30-Jan-12,4.16,4.16,4.16,4.16,0
26-Jan-12,4.01,4.01,4.01,4.01,0
25-Jan-12,3.57,3.82,3.57,3.80,5025
24-Jan-12,3.56,3.64,3.53,3.64,8776
20-Jan-12,3.38,3.38,3.38,3.38,0
19-Jan-12,3.30,3.30,3.30,3.30,84
18-Jan-12,3.38,3.38,3.38,3.38,0
13-Jan-12,3.38,3.38,3.38,3.38,0
11-Jan-12,3.44,3.44,3.44,3.44,0
10-Jan-12,3.56,3.56,3.53,3.53,1255
9-Jan-12,3.56,3.56,3.53,3.53,3347
6-Jan-12,3.58,3.66,3.58,3.66,251
5-Jan-12,4.00,4.00,4.00,4.00,84
4-Jan-12,3.75,3.75,3.75,3.75,177
3-Jan-12,3.60,3.60,3.60,3.60,0
30-Dec-11,3.62,3.62,3.62,3.62,0
29-Dec-11,3.54,3.54,3.52,3.52,6120
28-Dec-11,3.57,3.72,3.57,3.58,1757
27-Dec-11,3.54,3.64,3.54,3.54,512
23-Dec-11,3.56,3.56,3.56,3.56,0
22-Dec-11,3.58,3.58,3.54,3.54,625
20-Dec-11,3.55,3.55,3.55,3.55,0
19-Dec-11,3.55,3.56,3.55,3.56,469
16-Dec-11,3.55,3.55,3.55,3.55,691
15-Dec-11,3.60,3.60,3.60,3.60,0
13-Dec-11,4.00,4.00,4.00,4.00,0
12-Dec-11,4.00,4.00,4.00,4.00,138
9-Dec-11,3.76,3.76,3.76,3.76,84
8-Dec-11,3.72,3.72,3.72,3.72,84
7-Dec-11,4.00,4.00,4.00,4.00,191
2-Dec-11,4.00,4.00,4.00,4.00,0
30-Nov-11,4.00,4.00,4.00,4.00,0
29-Nov-11,4.00,4.00,4.00,4.00,1255
28-Nov-11,4.00,4.00,4.00,4.00,837
23-Nov-11,4.00,4.00,4.00,4.00,0
21-Nov-11,4.00,4.00,4.00,4.00,0
17-Nov-11,3.61,3.61,3.61,3.61,0
14-Nov-11,3.55,3.55,3.55,3.55,0
11-Nov-11,3.70,3.70,3.70,3.70,167
10-Nov-11,4.00,4.00,4.00,4.00,0
9-Nov-11,3.58,3.66,3.57,3.57,4184
8-Nov-11,3.81,3.81,3.64,3.64,11406
7-Nov-11,3.69,3.69,3.69,3.69,0
4-Nov-11,3.66,3.66,3.66,3.66,0
3-Nov-11,3.66,3.66,3.64,3.64,402
2-Nov-11,3.64,3.64,3.64,3.64,679
1-Nov-11,3.64,3.64,3.64,3.64,0
28-Oct-11,3.66,3.66,3.66,3.66,0
27-Oct-11,3.64,3.64,3.64,3.64,0
26-Oct-11,3.75,3.75,3.75,3.75,0
25-Oct-11,3.76,3.76,3.75,3.75,1324
24-Oct-11,3.84,3.84,3.84,3.84,0
21-Oct-11,3.66,3.66,3.66,3.66,0
20-Oct-11,3.64,3.64,3.64,3.64,0
19-Oct-11,3.64,3.64,3.64,3.64,4184
18-Oct-11,3.56,3.62,3.56,3.62,7162
14-Oct-11,3.56,3.56,3.56,3.56,0
13-Oct-11,3.56,3.56,3.56,3.56,0
11-Oct-11,3.56,3.56,3.56,3.56,0
10-Oct-11,3.57,3.57,3.57,3.57,0
7-Oct-11,3.56,3.56,3.56,3.56,109
6-Oct-11,3.56,3.56,3.55,3.55,508
4-Oct-11,3.55,3.55,3.55,3.55,0
3-Oct-11,3.57,3.57,3.57,3.57,100
30-Sep-11,4.00,4.00,4.00,4.00,0
29-Sep-11,3.58,3.60,3.58,3.60,167
