Date,Open,High,Low,Close,Volume
27-Sep-12,2.09,2.16,2.06,2.12,10437
26-Sep-12,2.05,2.08,2.03,2.07,21464
25-Sep-12,2.00,2.03,2.00,2.02,7595
24-Sep-12,2.04,2.04,1.90,1.93,9098
21-Sep-12,2.17,2.17,2.04,2.06,12555
20-Sep-12,2.05,2.21,2.05,2.07,36890
19-Sep-12,2.17,2.17,2.04,2.05,49895
18-Sep-12,1.74,2.26,1.74,2.10,107319
17-Sep-12,1.82,1.82,1.76,1.81,3300
14-Sep-12,1.80,1.82,1.80,1.82,30090
13-Sep-12,1.78,1.80,1.75,1.80,7736
12-Sep-12,1.87,1.91,1.74,1.75,35868
11-Sep-12,1.82,1.87,1.82,1.87,9900
10-Sep-12,1.82,1.84,1.81,1.81,16104
7-Sep-12,1.83,1.85,1.82,1.85,600
6-Sep-12,1.82,1.85,1.82,1.85,4500
5-Sep-12,1.82,1.85,1.82,1.83,25169
4-Sep-12,1.97,1.97,1.85,1.86,31200
31-Aug-12,1.92,1.97,1.92,1.97,20645
30-Aug-12,1.97,1.97,1.97,1.97,1400
29-Aug-12,1.97,1.97,1.97,1.97,0
28-Aug-12,1.97,1.99,1.96,1.97,16100
27-Aug-12,1.99,1.99,1.97,1.97,5100
24-Aug-12,1.99,2.00,1.99,1.99,2562
23-Aug-12,2.02,2.02,2.00,2.00,450
22-Aug-12,1.96,2.00,1.96,1.98,2910
21-Aug-12,1.99,2.00,1.96,1.96,3700
20-Aug-12,1.99,1.99,1.97,1.98,2950
17-Aug-12,2.07,2.07,1.96,2.01,2975
16-Aug-12,2.12,2.12,2.07,2.07,300
15-Aug-12,2.01,2.14,2.01,2.14,1600
14-Aug-12,1.96,1.96,1.96,1.96,100
13-Aug-12,1.96,1.96,1.96,1.96,900
10-Aug-12,1.98,1.98,1.96,1.96,1000
9-Aug-12,2.02,2.02,1.97,2.00,1800
8-Aug-12,1.89,2.04,1.89,2.03,2737
7-Aug-12,2.00,2.00,1.90,1.90,2750
6-Aug-12,1.97,2.00,1.97,1.98,1341
3-Aug-12,2.05,2.05,2.04,2.04,300
2-Aug-12,2.13,2.13,2.09,2.12,2600
1-Aug-12,2.26,2.26,2.13,2.15,3215
31-Jul-12,2.34,2.34,2.30,2.30,2000
30-Jul-12,2.35,2.35,2.35,2.35,500
27-Jul-12,2.40,2.40,2.34,2.39,1690
26-Jul-12,2.43,2.43,2.39,2.43,1400
25-Jul-12,2.50,2.50,2.45,2.45,4699
24-Jul-12,2.69,2.69,2.50,2.50,4883
23-Jul-12,2.63,2.68,2.63,2.64,2475
20-Jul-12,2.67,2.72,2.67,2.71,2100
19-Jul-12,2.72,2.72,2.69,2.70,2650
18-Jul-12,2.50,2.70,2.50,2.70,6099
17-Jul-12,2.43,2.51,2.43,2.50,8950
16-Jul-12,2.42,2.43,2.42,2.42,3100
13-Jul-12,2.44,2.44,2.42,2.42,5644
12-Jul-12,2.42,2.43,2.42,2.42,7600
11-Jul-12,2.42,2.53,2.42,2.42,19950
10-Jul-12,2.35,2.47,2.35,2.42,21775
9-Jul-12,2.42,2.49,2.42,2.44,16339
6-Jul-12,2.25,2.42,2.25,2.40,6015
5-Jul-12,2.44,2.96,2.17,2.21,19550
3-Jul-12,0.63,0.63,0.60,0.60,2669
2-Jul-12,2.38,2.38,2.38,2.38,0
29-Jun-12,2.24,2.48,2.24,2.38,5975
28-Jun-12,2.12,2.24,2.08,2.23,3275
27-Jun-12,1.92,2.16,1.88,2.04,2625
26-Jun-12,2.12,2.12,1.96,1.96,2038
25-Jun-12,2.00,2.00,2.00,2.00,2650
22-Jun-12,2.20,2.48,2.04,2.04,1475
21-Jun-12,2.40,2.44,2.00,2.08,7005
20-Jun-12,2.10,2.48,2.00,2.32,5175
19-Jun-12,1.84,2.08,1.84,2.08,3545
18-Jun-12,1.84,1.88,1.81,1.81,4725
15-Jun-12,2.08,2.12,1.80,1.92,2425
14-Jun-12,2.12,2.12,1.92,1.95,2240
13-Jun-12,2.20,2.20,2.12,2.16,125
12-Jun-12,2.16,2.32,2.16,2.28,3475
11-Jun-12,2.16,2.16,2.16,2.16,25
8-Jun-12,2.20,2.28,2.08,2.19,1525
7-Jun-12,2.08,2.12,2.08,2.12,755
6-Jun-12,2.32,2.32,2.00,2.12,3106
5-Jun-12,2.40,2.40,2.32,2.32,875
4-Jun-12,2.36,2.36,2.36,2.36,375
1-Jun-12,2.48,2.60,2.44,2.44,2875
31-May-12,2.56,2.60,2.42,2.44,2225
30-May-12,2.40,2.52,2.40,2.52,1300
29-May-12,2.36,2.44,2.32,2.32,2446
25-May-12,2.40,2.52,2.40,2.44,1900
24-May-12,2.32,2.32,2.32,2.32,0
23-May-12,2.48,2.48,2.32,2.32,5225
22-May-12,2.44,2.44,2.36,2.36,1525
21-May-12,2.44,2.44,2.36,2.36,69
18-May-12,2.48,2.56,2.33,2.36,1694
17-May-12,2.40,2.40,2.40,2.40,75
16-May-12,2.40,2.40,2.36,2.36,262
15-May-12,2.40,2.40,2.40,2.40,0
14-May-12,2.39,2.48,2.37,2.40,1325
11-May-12,2.60,2.64,2.52,2.52,2225
10-May-12,2.47,2.56,2.44,2.48,1175
9-May-12,2.40,2.40,2.40,2.40,4500
8-May-12,2.48,2.50,2.40,2.40,10400
7-May-12,2.56,2.56,2.48,2.56,250
4-May-12,2.60,2.60,2.60,2.60,1275
3-May-12,2.48,2.68,2.48,2.68,1025
2-May-12,2.64,2.64,2.44,2.48,2294
1-May-12,2.76,2.76,2.60,2.68,470
30-Apr-12,2.84,2.84,2.80,2.84,2000
27-Apr-12,2.80,2.88,2.80,2.84,6540
26-Apr-12,2.72,2.80,2.72,2.80,125
25-Apr-12,2.80,2.80,2.64,2.65,900
24-Apr-12,2.64,2.80,2.64,2.72,1950
23-Apr-12,2.76,2.80,2.68,2.70,1800
20-Apr-12,2.84,2.84,2.68,2.84,4545
19-Apr-12,2.84,2.84,2.80,2.80,378
18-Apr-12,3.00,3.00,2.84,2.84,670
17-Apr-12,3.00,3.00,3.00,3.00,25
16-Apr-12,2.95,3.12,2.95,3.04,1650
13-Apr-12,3.00,3.00,2.84,2.88,1855
12-Apr-12,3.08,3.12,3.02,3.08,1662
11-Apr-12,3.08,3.08,2.96,2.96,2762
10-Apr-12,3.24,3.24,3.04,3.04,1899
9-Apr-12,3.16,3.24,3.16,3.24,1593
5-Apr-12,3.12,3.20,3.08,3.20,1450
4-Apr-12,3.04,3.20,3.04,3.12,2838
3-Apr-12,3.12,3.12,3.08,3.08,1725
2-Apr-12,3.12,3.20,3.12,3.20,1550
30-Mar-12,3.12,3.52,2.82,3.20,8807
29-Mar-12,3.40,3.40,3.08,3.08,4477
28-Mar-12,3.25,3.36,3.24,3.28,2047
27-Mar-12,3.40,3.42,3.28,3.28,1325
26-Mar-12,3.40,3.40,3.24,3.24,3028
23-Mar-12,3.44,3.44,3.40,3.40,1105
22-Mar-12,3.40,3.48,3.40,3.48,4375
21-Mar-12,3.24,3.48,3.24,3.48,4513
20-Mar-12,3.32,3.36,3.16,3.24,8693
19-Mar-12,3.36,3.37,3.32,3.32,4526
16-Mar-12,3.40,3.40,3.36,3.36,1350
15-Mar-12,3.44,3.44,3.44,3.44,0
14-Mar-12,3.56,3.56,3.40,3.44,775
13-Mar-12,3.32,3.76,3.28,3.52,31904
12-Mar-12,3.32,3.36,3.28,3.28,575
9-Mar-12,3.28,3.42,3.20,3.36,8490
8-Mar-12,3.28,3.32,3.28,3.28,2873
7-Mar-12,3.30,3.34,3.28,3.28,3012
6-Mar-12,3.24,3.36,3.24,3.32,11538
5-Mar-12,3.08,3.28,3.08,3.24,11759
2-Mar-12,3.84,3.84,3.21,3.36,27164
1-Mar-12,3.52,4.00,3.51,3.80,23920
29-Feb-12,3.76,3.76,3.50,3.52,3900
28-Feb-12,3.60,3.84,3.32,3.52,23306
27-Feb-12,3.40,3.60,3.39,3.60,6136
24-Feb-12,3.32,3.42,3.28,3.40,19134
23-Feb-12,3.27,3.28,3.20,3.28,9896
22-Feb-12,3.02,3.28,2.96,3.24,19352
21-Feb-12,2.52,3.16,2.52,2.96,21258
17-Feb-12,2.56,2.56,2.52,2.52,1175
16-Feb-12,2.56,2.60,2.52,2.52,716
15-Feb-12,2.52,2.56,2.52,2.56,322
14-Feb-12,2.52,2.56,2.52,2.56,300
13-Feb-12,2.52,2.52,2.48,2.48,2035
10-Feb-12,2.60,2.60,2.44,2.48,1132
9-Feb-12,2.44,2.72,2.44,2.72,10499
8-Feb-12,2.52,2.52,2.48,2.48,1475
7-Feb-12,2.56,2.56,2.52,2.52,200
6-Feb-12,2.52,2.60,2.48,2.56,4523
3-Feb-12,2.48,2.56,2.48,2.51,2638
2-Feb-12,2.48,2.60,2.45,2.57,1314
1-Feb-12,2.52,2.52,2.52,2.52,75
31-Jan-12,2.60,2.60,2.40,2.52,8759
30-Jan-12,2.56,2.60,2.40,2.52,7248
27-Jan-12,2.48,2.60,2.44,2.48,3825
26-Jan-12,2.44,2.44,2.44,2.44,125
25-Jan-12,2.40,2.46,2.40,2.40,1078
24-Jan-12,2.36,2.40,2.36,2.40,275
23-Jan-12,2.32,2.56,2.32,2.32,2812
20-Jan-12,2.34,2.36,2.32,2.36,1350
19-Jan-12,2.32,2.34,2.24,2.32,1000
18-Jan-12,2.32,2.52,2.28,2.40,6241
17-Jan-12,2.32,2.36,2.32,2.32,2674
13-Jan-12,2.20,2.20,2.20,2.20,0
12-Jan-12,2.25,2.25,2.18,2.20,1650
11-Jan-12,2.28,2.32,2.24,2.32,2882
10-Jan-12,2.28,2.32,2.16,2.30,4425
9-Jan-12,2.28,2.32,2.24,2.32,725
6-Jan-12,2.25,2.25,2.16,2.16,5850
5-Jan-12,2.16,2.32,2.12,2.28,25735
4-Jan-12,2.06,2.16,2.01,2.16,16525
3-Jan-12,2.08,2.08,2.01,2.01,875
30-Dec-11,2.08,2.08,2.08,2.08,0
29-Dec-11,2.00,2.02,1.92,2.02,10943
28-Dec-11,2.04,2.04,1.96,2.00,750
27-Dec-11,2.00,2.06,2.00,2.05,1300
23-Dec-11,2.00,2.00,2.00,2.00,0
22-Dec-11,2.08,2.12,1.94,2.12,3850
21-Dec-11,2.04,2.08,1.92,2.08,19005
20-Dec-11,2.00,2.20,2.00,2.20,57143
19-Dec-11,2.08,2.14,2.00,2.04,6400
16-Dec-11,2.12,2.24,2.00,2.16,25125
15-Dec-11,2.20,2.24,2.12,2.12,13533
14-Dec-11,2.24,2.28,2.20,2.20,11360
13-Dec-11,2.28,2.36,2.24,2.24,4155
12-Dec-11,2.20,2.32,2.04,2.32,14780
9-Dec-11,2.32,2.55,2.10,2.28,56030
8-Dec-11,2.52,2.56,2.04,2.24,18055
7-Dec-11,2.40,2.56,2.24,2.52,114835
6-Dec-11,2.32,2.52,2.32,2.36,13428
5-Dec-11,2.72,2.72,2.36,2.36,65923
2-Dec-11,2.64,2.72,2.56,2.64,9150
1-Dec-11,2.72,2.76,2.60,2.72,74250
30-Nov-11,2.72,2.80,2.60,2.68,21602
29-Nov-11,2.80,2.80,2.36,2.64,28105
28-Nov-11,2.76,2.84,2.76,2.76,350
23-Nov-11,2.72,2.72,2.72,2.72,0
22-Nov-11,2.80,2.88,2.80,2.80,1350
21-Nov-11,2.88,2.88,2.72,2.88,3058
18-Nov-11,3.00,3.00,2.68,2.84,7425
17-Nov-11,2.88,2.96,2.88,2.88,250
16-Nov-11,2.96,3.08,2.96,3.04,600
15-Nov-11,3.04,3.04,2.84,3.00,10635
14-Nov-11,3.00,3.04,2.96,3.00,15279
11-Nov-11,3.00,3.08,3.00,3.08,1825
10-Nov-11,2.96,3.00,2.92,2.96,3750
9-Nov-11,3.00,3.04,2.88,3.00,22058
8-Nov-11,3.00,3.08,3.00,3.00,1700
7-Nov-11,3.00,3.02,3.00,3.00,1866
4-Nov-11,2.84,3.04,2.80,2.88,6494
3-Nov-11,2.96,3.00,2.84,2.99,4872
2-Nov-11,2.92,3.00,2.76,3.00,1500
1-Nov-11,2.80,3.00,2.64,2.96,5988
31-Oct-11,2.88,3.00,2.84,2.84,3050
28-Oct-11,2.96,3.00,2.88,2.88,12025
27-Oct-11,3.04,3.13,2.92,2.92,3000
26-Oct-11,2.92,2.99,2.84,2.88,3550
25-Oct-11,2.92,3.01,2.92,2.97,1150
24-Oct-11,2.96,3.08,2.92,2.92,2150
21-Oct-11,2.92,3.00,2.92,3.00,125
20-Oct-11,3.04,3.13,2.92,2.92,371
19-Oct-11,3.16,3.24,2.96,2.96,5984
18-Oct-11,3.12,3.44,3.10,3.20,23400
17-Oct-11,3.16,3.40,2.85,2.88,9225
14-Oct-11,2.88,2.88,2.88,2.88,25
13-Oct-11,3.08,3.08,2.92,3.08,950
12-Oct-11,3.20,3.20,3.20,3.20,0
11-Oct-11,3.12,3.12,2.96,3.04,6162
10-Oct-11,3.40,4.00,3.20,3.20,3460
7-Oct-11,3.00,3.04,2.92,2.92,7529
6-Oct-11,2.88,3.12,2.88,3.00,18631
5-Oct-11,2.80,3.04,2.68,2.97,22971
4-Oct-11,2.80,2.88,2.64,2.64,4250
3-Oct-11,2.80,2.88,2.80,2.88,4550
30-Sep-11,3.00,3.02,2.88,2.88,4950
