Date,Open,High,Low,Close,Volume
27-Sep-12,0.50,0.52,0.50,0.52,245809
26-Sep-12,0.50,0.52,0.49,0.49,462485
25-Sep-12,0.55,0.55,0.50,0.50,678166
24-Sep-12,0.58,0.58,0.52,0.52,750526
21-Sep-12,0.57,0.58,0.54,0.58,149542
20-Sep-12,0.58,0.58,0.54,0.55,224210
19-Sep-12,0.60,0.62,0.58,0.58,75959
18-Sep-12,0.62,0.62,0.58,0.59,153303
17-Sep-12,0.63,0.63,0.58,0.61,216493
14-Sep-12,0.53,0.63,0.53,0.63,750495
13-Sep-12,0.52,0.52,0.51,0.52,154166
12-Sep-12,0.50,0.52,0.49,0.52,136673
11-Sep-12,0.52,0.52,0.50,0.50,174892
10-Sep-12,0.52,0.52,0.49,0.52,220548
7-Sep-12,0.46,0.51,0.45,0.51,1131679
6-Sep-12,0.43,0.46,0.43,0.45,709535
5-Sep-12,0.45,0.45,0.41,0.43,685999
4-Sep-12,0.47,0.47,0.39,0.43,1510782
31-Aug-12,0.49,0.50,0.45,0.45,1758908
30-Aug-12,0.49,0.50,0.49,0.49,568525
29-Aug-12,0.50,0.50,0.49,0.49,594041
28-Aug-12,0.50,0.50,0.49,0.49,623532
27-Aug-12,0.50,0.50,0.49,0.50,616908
24-Aug-12,0.50,0.50,0.49,0.50,643232
23-Aug-12,0.51,0.52,0.50,0.50,639173
22-Aug-12,0.50,0.51,0.49,0.51,1399327
21-Aug-12,0.50,0.51,0.49,0.49,981454
20-Aug-12,0.53,0.53,0.49,0.49,1623612
17-Aug-12,0.50,0.53,0.49,0.51,6022320
16-Aug-12,0.50,0.51,0.49,0.50,1131359
15-Aug-12,0.51,0.55,0.50,0.51,2267410
14-Aug-12,0.51,0.52,0.49,0.52,1290089
13-Aug-12,0.54,0.55,0.50,0.50,1683028
10-Aug-12,0.56,0.60,0.54,0.55,751050
9-Aug-12,0.00,0.00,0.00,0.57,100
8-Aug-12,0.58,0.58,0.55,0.56,1047196
7-Aug-12,0.63,0.63,0.57,0.60,551998
6-Aug-12,0.59,0.62,0.59,0.61,432919
3-Aug-12,0.57,0.63,0.57,0.59,649372
2-Aug-12,0.58,0.62,0.57,0.57,457919
1-Aug-12,0.64,0.72,0.58,0.60,2259341
31-Jul-12,0.52,0.85,0.52,0.80,7417004
30-Jul-12,0.54,0.54,0.51,0.53,304045
27-Jul-12,0.54,0.54,0.51,0.53,778075
26-Jul-12,0.52,0.54,0.51,0.54,1046433
25-Jul-12,0.49,0.52,0.49,0.51,807710
24-Jul-12,0.54,0.55,0.49,0.49,817695
23-Jul-12,0.54,0.55,0.52,0.54,468854
20-Jul-12,0.53,0.55,0.51,0.55,366971
19-Jul-12,0.54,0.54,0.52,0.53,615482
18-Jul-12,0.55,0.59,0.52,0.54,795997
17-Jul-12,0.58,0.60,0.55,0.56,716729
16-Jul-12,0.60,0.62,0.58,0.59,339484
13-Jul-12,0.60,0.60,0.59,0.60,118239
12-Jul-12,0.62,0.62,0.58,0.58,331607
11-Jul-12,0.61,0.62,0.60,0.60,445222
10-Jul-12,0.62,0.63,0.61,0.62,394762
9-Jul-12,0.64,0.64,0.61,0.61,337676
6-Jul-12,0.64,0.64,0.61,0.62,519800
5-Jul-12,0.61,0.64,0.61,0.61,373942
3-Jul-12,0.62,0.65,0.62,0.62,285762
2-Jul-12,0.64,0.64,0.62,0.62,161588
29-Jun-12,0.64,0.64,0.62,0.62,293855
28-Jun-12,0.60,0.65,0.60,0.60,453309
27-Jun-12,0.64,0.64,0.60,0.60,450470
26-Jun-12,0.61,0.66,0.60,0.60,920816
25-Jun-12,0.67,0.70,0.62,0.62,893321
22-Jun-12,0.71,0.73,0.67,0.67,11789615
21-Jun-12,0.76,0.77,0.69,0.70,836772
20-Jun-12,0.69,0.77,0.69,0.76,953359
19-Jun-12,0.69,0.71,0.68,0.69,669260
18-Jun-12,0.66,0.69,0.65,0.69,413799
15-Jun-12,0.66,0.67,0.65,0.66,410899
14-Jun-12,0.67,0.68,0.64,0.66,424917
13-Jun-12,0.68,0.70,0.66,0.66,408712
12-Jun-12,0.66,0.68,0.66,0.68,308515
11-Jun-12,0.69,0.70,0.66,0.66,355135
8-Jun-12,0.69,0.70,0.67,0.68,242172
7-Jun-12,0.72,0.72,0.68,0.69,331819
6-Jun-12,0.67,0.70,0.67,0.68,499632
5-Jun-12,0.68,0.70,0.66,0.66,274244
4-Jun-12,0.66,0.71,0.66,0.67,346226
1-Jun-12,0.66,0.70,0.65,0.65,461950
31-May-12,0.70,0.73,0.69,0.70,255385
30-May-12,0.72,0.76,0.71,0.71,212222
29-May-12,0.74,0.77,0.72,0.73,308265
25-May-12,0.72,0.77,0.70,0.73,478592
24-May-12,0.73,0.74,0.70,0.72,362613
23-May-12,0.64,0.69,0.63,0.68,376148
22-May-12,0.68,0.71,0.65,0.65,369023
21-May-12,0.64,0.68,0.63,0.68,363227
18-May-12,0.64,0.70,0.62,0.63,1017933
17-May-12,0.72,0.72,0.65,0.66,961356
16-May-12,0.75,0.75,0.70,0.70,854602
15-May-12,0.78,0.78,0.74,0.75,520861
14-May-12,0.80,0.82,0.75,0.75,678317
11-May-12,0.80,0.83,0.80,0.80,499868
10-May-12,0.82,0.83,0.81,0.82,240753
9-May-12,0.80,0.84,0.80,0.81,241522
8-May-12,0.82,0.83,0.80,0.82,977425
7-May-12,0.84,0.84,0.81,0.83,375161
4-May-12,0.85,0.88,0.83,0.84,385234
3-May-12,0.89,0.90,0.86,0.88,295409
2-May-12,0.90,0.92,0.88,0.90,381179
1-May-12,0.87,0.92,0.87,0.91,659112
30-Apr-12,0.84,0.89,0.83,0.88,505478
27-Apr-12,0.82,0.85,0.82,0.84,309211
26-Apr-12,0.83,0.83,0.81,0.82,380104
25-Apr-12,0.84,0.86,0.83,0.83,250316
24-Apr-12,0.82,0.84,0.81,0.83,223865
23-Apr-12,0.82,0.84,0.82,0.82,372519
20-Apr-12,0.89,0.89,0.82,0.83,624475
19-Apr-12,0.86,0.88,0.82,0.84,593097
18-Apr-12,0.85,0.89,0.85,0.86,401685
17-Apr-12,0.84,0.89,0.84,0.86,483547
16-Apr-12,0.87,0.89,0.84,0.85,472788
13-Apr-12,0.89,0.90,0.86,0.87,412028
12-Apr-12,0.89,0.90,0.89,0.90,369820
11-Apr-12,0.89,0.91,0.88,0.89,558148
10-Apr-12,0.90,0.92,0.87,0.87,676595
9-Apr-12,0.90,0.91,0.87,0.87,621336
5-Apr-12,0.92,0.92,0.88,0.88,601080
4-Apr-12,0.89,0.90,0.87,0.87,653614
3-Apr-12,0.94,0.94,0.90,0.90,637481
2-Apr-12,0.91,0.93,0.89,0.93,835733
30-Mar-12,0.93,0.94,0.91,0.91,416002
29-Mar-12,0.92,0.94,0.90,0.92,1332139
28-Mar-12,0.94,0.96,0.93,0.94,755647
27-Mar-12,0.97,0.99,0.95,0.96,618653
26-Mar-12,0.94,0.98,0.94,0.96,541380
23-Mar-12,0.94,0.94,0.93,0.93,436487
22-Mar-12,0.95,0.95,0.93,0.94,539943
21-Mar-12,0.94,0.96,0.93,0.96,498706
20-Mar-12,0.93,0.94,0.92,0.93,641399
19-Mar-12,0.95,0.95,0.93,0.93,577707
16-Mar-12,0.97,0.97,0.92,0.93,1459825
15-Mar-12,0.97,0.97,0.96,0.96,694392
14-Mar-12,1.02,1.03,0.97,0.97,899146
13-Mar-12,0.98,1.02,0.96,1.02,1397994
12-Mar-12,1.00,1.01,0.96,0.96,591222
9-Mar-12,0.99,1.01,0.95,1.00,1131469
8-Mar-12,0.99,0.99,0.94,0.97,615632
7-Mar-12,0.94,0.99,0.92,0.95,1328106
6-Mar-12,0.96,0.96,0.89,0.90,1859227
5-Mar-12,0.99,0.99,0.96,0.96,527092
2-Mar-12,1.01,1.01,0.97,0.98,850932
1-Mar-12,0.97,1.02,0.96,1.00,892858
29-Feb-12,1.04,1.06,0.96,0.96,2101771
28-Feb-12,1.02,1.06,1.01,1.04,1023897
27-Feb-12,1.01,1.04,0.96,1.01,1715995
24-Feb-12,1.09,1.09,1.01,1.03,1450738
23-Feb-12,1.09,1.10,1.06,1.09,1493070
22-Feb-12,1.10,1.12,1.06,1.09,1557666
21-Feb-12,1.13,1.15,1.06,1.07,2322467
17-Feb-12,1.10,1.21,1.10,1.11,4816833
16-Feb-12,1.01,1.11,0.99,1.10,5181384
15-Feb-12,0.98,1.02,0.96,1.02,1883352
14-Feb-12,0.99,0.99,0.95,0.95,842396
13-Feb-12,0.98,1.05,0.97,0.98,1043502
10-Feb-12,1.00,1.02,0.94,0.95,1940487
9-Feb-12,0.98,0.98,0.98,0.98,0
8-Feb-12,0.91,0.94,0.90,0.93,524132
7-Feb-12,0.92,0.92,0.88,0.90,893387
6-Feb-12,0.95,0.95,0.90,0.91,772898
3-Feb-12,0.98,0.98,0.93,0.94,1255064
2-Feb-12,0.90,0.90,0.90,0.90,0
1-Feb-12,0.85,0.95,0.84,0.92,3070176
31-Jan-12,1.00,1.00,0.80,0.82,5247965
30-Jan-12,1.00,1.02,0.93,0.97,1979984
27-Jan-12,1.10,1.10,0.98,1.01,2596897
26-Jan-12,1.10,1.17,1.09,1.10,1848477
25-Jan-12,1.09,1.12,1.05,1.09,1726327
24-Jan-12,1.13,1.15,1.01,1.07,1888154
23-Jan-12,1.12,1.15,1.08,1.13,2064638
20-Jan-12,1.10,1.14,1.01,1.08,2467648
19-Jan-12,1.06,1.06,1.06,1.06,0
18-Jan-12,0.86,0.95,0.85,0.90,2262545
17-Jan-12,0.87,0.95,0.81,0.86,4675070
13-Jan-12,0.80,0.80,0.80,0.80,0
12-Jan-12,0.81,0.85,0.78,0.82,1136807
11-Jan-12,0.81,0.81,0.81,0.81,0
10-Jan-12,0.77,0.80,0.77,0.78,509769
9-Jan-12,0.78,0.78,0.75,0.76,393981
6-Jan-12,0.80,0.80,0.77,0.77,157238
5-Jan-12,0.80,0.83,0.77,0.80,526181
4-Jan-12,0.78,0.82,0.77,0.81,712127
3-Jan-12,0.77,0.77,0.77,0.77,0
30-Dec-11,0.73,0.73,0.73,0.73,0
29-Dec-11,0.80,0.80,0.73,0.74,636762
28-Dec-11,0.76,0.77,0.73,0.77,1120367
27-Dec-11,0.76,0.76,0.76,0.76,0
23-Dec-11,0.78,0.78,0.78,0.78,0
22-Dec-11,0.79,0.79,0.79,0.79,0
21-Dec-11,0.80,0.81,0.77,0.79,574411
20-Dec-11,0.82,0.84,0.78,0.82,871379
19-Dec-11,0.85,0.86,0.78,0.79,393198
16-Dec-11,0.83,0.85,0.78,0.84,756613
15-Dec-11,0.81,0.83,0.76,0.81,933687
14-Dec-11,0.82,0.84,0.80,0.80,640589
13-Dec-11,0.91,0.92,0.83,0.84,616424
12-Dec-11,0.83,0.83,0.83,0.83,0
9-Dec-11,0.86,0.88,0.85,0.86,594327
8-Dec-11,0.92,0.92,0.84,0.85,687475
7-Dec-11,0.89,0.92,0.88,0.90,667694
6-Dec-11,0.92,0.92,0.88,0.91,583289
5-Dec-11,0.97,0.97,0.97,0.97,0
2-Dec-11,0.99,1.00,0.92,0.94,512299
1-Dec-11,1.01,1.01,0.96,0.96,785101
30-Nov-11,0.98,0.98,0.98,0.98,0
29-Nov-11,0.86,1.05,0.86,1.04,2065551
28-Nov-11,0.85,0.85,0.85,0.85,0
25-Nov-11,0.80,0.82,0.80,0.80,224775
23-Nov-11,0.80,0.80,0.80,0.80,0
22-Nov-11,0.87,0.87,0.87,0.87,0
21-Nov-11,0.88,0.88,0.84,0.85,492796
18-Nov-11,0.89,0.92,0.89,0.90,527396
17-Nov-11,0.90,0.90,0.90,0.90,0
16-Nov-11,0.94,0.99,0.90,0.91,1594091
15-Nov-11,1.01,1.04,1.01,1.03,820057
14-Nov-11,1.07,1.09,1.01,1.02,626825
11-Nov-11,1.08,1.10,1.04,1.08,468905
10-Nov-11,1.08,1.11,1.04,1.06,605589
9-Nov-11,1.04,1.04,1.04,1.04,0
8-Nov-11,1.10,1.13,1.07,1.11,665694
7-Nov-11,1.11,1.12,1.02,1.07,964002
4-Nov-11,1.09,1.14,1.08,1.11,895374
3-Nov-11,1.22,1.22,1.13,1.16,754358
2-Nov-11,1.17,1.22,1.16,1.18,599308
1-Nov-11,1.10,1.10,1.10,1.10,0
31-Oct-11,1.28,1.28,1.16,1.20,903898
28-Oct-11,1.33,1.35,1.28,1.30,929731
27-Oct-11,1.35,1.36,1.27,1.32,1545486
26-Oct-11,1.24,1.24,1.24,1.24,0
25-Oct-11,1.28,1.31,1.17,1.21,1360853
24-Oct-11,1.31,1.39,1.26,1.31,1358604
21-Oct-11,1.43,1.44,1.24,1.30,2824137
20-Oct-11,1.25,1.25,1.25,1.25,0
19-Oct-11,0.93,1.10,0.93,1.08,3339234
18-Oct-11,0.90,1.01,0.80,0.92,2636955
17-Oct-11,0.91,0.91,0.77,0.77,691702
14-Oct-11,0.89,0.92,0.87,0.90,691779
13-Oct-11,0.93,0.93,0.83,0.87,665167
12-Oct-11,0.87,0.94,0.87,0.91,903953
11-Oct-11,0.87,0.90,0.82,0.86,979510
10-Oct-11,0.75,0.75,0.75,0.75,0
7-Oct-11,0.78,0.78,0.70,0.71,501014
6-Oct-11,0.73,0.82,0.73,0.78,759424
5-Oct-11,0.70,0.74,0.69,0.72,599612
4-Oct-11,0.61,0.61,0.61,0.61,0
3-Oct-11,0.66,0.67,0.55,0.56,1606574
30-Sep-11,0.77,0.78,0.67,0.68,1163650
29-Sep-11,0.81,0.82,0.73,0.78,704749
