Date,Open,High,Low,Close,Volume
27-Sep-12,54.98,56.64,54.63,56.00,1269481
26-Sep-12,54.53,55.25,53.28,54.66,1617164
25-Sep-12,56.50,56.85,54.49,54.62,1806154
24-Sep-12,56.34,57.08,55.81,56.45,1196946
21-Sep-12,57.64,57.65,56.00,56.54,2130558
20-Sep-12,57.92,58.00,56.90,57.05,1289342
19-Sep-12,58.19,58.93,57.83,58.14,720138
18-Sep-12,58.98,58.98,56.87,57.95,1685933
17-Sep-12,58.86,59.40,58.32,59.05,994182
14-Sep-12,59.30,60.96,59.30,60.03,1137057
13-Sep-12,59.43,60.22,58.26,59.30,1454594
12-Sep-12,59.37,60.11,59.31,59.51,993354
11-Sep-12,59.37,59.37,58.19,59.22,1308821
10-Sep-12,59.63,60.40,59.40,59.60,823002
7-Sep-12,59.35,60.81,58.99,59.64,1616903
6-Sep-12,58.05,59.40,57.65,59.33,1515838
5-Sep-12,58.69,58.90,57.37,57.45,1442381
4-Sep-12,58.02,59.19,57.30,58.70,1090214
31-Aug-12,58.18,58.71,57.50,58.21,1253291
30-Aug-12,57.36,58.24,56.92,57.68,870282
29-Aug-12,57.50,58.31,57.32,57.56,1168761
28-Aug-12,55.59,57.68,55.55,57.39,1624415
27-Aug-12,56.18,56.25,54.72,55.55,1513941
24-Aug-12,57.01,57.17,55.80,55.87,1767570
23-Aug-12,56.81,57.37,56.16,57.19,931992
22-Aug-12,56.50,57.25,56.17,56.83,812992
21-Aug-12,56.79,57.68,56.31,56.59,992942
20-Aug-12,57.73,57.86,56.61,56.75,1071380
17-Aug-12,56.57,58.14,56.26,57.73,360969
16-Aug-12,56.13,57.11,55.80,56.50,286304
15-Aug-12,56.37,56.40,55.84,55.96,241000
14-Aug-12,57.18,57.21,56.25,56.42,222195
13-Aug-12,56.72,56.99,55.82,56.88,190430
10-Aug-12,56.96,57.55,56.21,56.76,246406
9-Aug-12,56.91,57.73,56.72,57.35,272593
8-Aug-12,56.40,57.22,56.29,56.69,271647
7-Aug-12,58.06,58.48,56.57,56.75,390005
6-Aug-12,56.06,57.71,56.00,57.67,436972
3-Aug-12,55.03,56.38,55.03,56.11,280464
2-Aug-12,53.39,54.79,53.02,54.11,1424642
1-Aug-12,54.94,55.10,53.50,53.50,1634333
31-Jul-12,54.99,55.20,53.94,54.44,1551860
30-Jul-12,55.18,55.90,54.75,55.41,1478138
27-Jul-12,55.48,55.99,54.74,55.14,2080511
26-Jul-12,54.88,55.95,54.74,55.31,2366745
25-Jul-12,53.02,54.61,52.83,53.92,3349564
24-Jul-12,51.70,55.00,51.70,52.79,10198327
23-Jul-12,48.59,49.29,47.33,48.38,2908583
20-Jul-12,50.18,50.29,48.76,49.59,2298400
19-Jul-12,49.90,50.92,49.59,50.53,1926846
18-Jul-12,48.50,50.38,48.42,49.44,1912973
17-Jul-12,47.69,49.33,47.67,48.64,3044244
16-Jul-12,47.15,47.35,46.50,47.05,1532201
13-Jul-12,46.79,47.80,46.77,47.40,1520372
12-Jul-12,45.02,46.60,44.07,46.32,2248793
11-Jul-12,46.92,46.93,45.16,45.47,1785293
10-Jul-12,46.33,47.55,46.27,46.93,2045604
9-Jul-12,45.88,46.44,45.54,46.14,1240552
6-Jul-12,46.50,46.77,45.64,45.91,1976578
5-Jul-12,46.22,47.64,45.82,46.94,2006930
3-Jul-12,45.82,46.10,45.04,45.82,1207898
2-Jul-12,46.69,46.69,45.11,45.88,2387522
29-Jun-12,45.52,47.50,45.52,47.24,5363906
28-Jun-12,46.36,46.54,44.50,45.26,3792350
27-Jun-12,48.04,48.45,46.06,46.62,2753510
26-Jun-12,48.82,49.48,48.26,48.30,1827900
25-Jun-12,49.17,49.24,47.83,48.60,1533128
22-Jun-12,49.64,50.00,48.83,49.88,2228276
21-Jun-12,51.06,51.13,49.02,49.24,4835432
20-Jun-12,53.11,53.42,52.38,52.59,1559972
19-Jun-12,53.12,53.93,52.90,53.22,1344558
18-Jun-12,52.54,53.22,52.02,53.04,1170450
15-Jun-12,50.90,53.06,50.84,52.88,2462942
14-Jun-12,50.40,51.48,50.06,50.84,2083892
13-Jun-12,52.75,52.90,50.30,50.46,2270220
12-Jun-12,52.06,53.12,51.32,52.92,2734082
11-Jun-12,52.29,53.58,51.27,51.37,3488660
8-Jun-12,49.84,51.66,49.56,51.66,2352936
7-Jun-12,50.00,50.58,48.92,49.91,1963382
6-Jun-12,49.92,50.79,49.70,50.68,1409668
5-Jun-12,48.54,49.75,48.35,49.53,1045860
4-Jun-12,47.88,48.94,47.40,48.66,1772960
1-Jun-12,48.98,49.38,47.08,47.88,2075136
31-May-12,50.22,50.48,49.27,50.36,1263168
30-May-12,49.72,50.54,49.50,50.35,1183480
29-May-12,49.75,50.45,49.45,50.38,2660048
25-May-12,48.66,49.24,48.62,49.10,1182782
24-May-12,47.42,49.03,47.26,48.64,2263598
23-May-12,46.85,47.86,46.48,47.44,1779548
22-May-12,46.73,47.60,46.56,47.18,1214844
21-May-12,44.50,46.73,44.39,46.60,1441038
18-May-12,45.02,46.14,44.30,44.50,2174462
17-May-12,47.28,47.43,45.01,45.02,2348612
16-May-12,47.32,47.78,46.75,47.36,2027344
15-May-12,47.30,47.96,47.04,47.30,1981194
14-May-12,46.99,47.48,46.42,47.03,1347350
11-May-12,46.75,47.78,46.54,47.41,1562744
10-May-12,47.28,47.62,46.44,46.94,1847528
9-May-12,46.52,47.56,45.70,46.97,3122110
8-May-12,47.93,48.18,44.68,46.34,3264986
7-May-12,48.03,48.69,47.66,48.40,1412084
4-May-12,49.16,49.46,47.80,48.26,1307110
3-May-12,50.34,50.95,49.54,49.68,1508790
2-May-12,48.74,50.88,48.70,50.56,1834494
1-May-12,48.80,49.72,48.10,49.16,1926170
30-Apr-12,49.37,49.71,48.80,48.96,1117156
27-Apr-12,48.98,49.78,48.14,49.44,2164438
26-Apr-12,48.54,48.95,48.00,48.80,1668450
25-Apr-12,48.14,48.68,47.39,48.33,2009958
24-Apr-12,50.28,50.37,47.39,47.67,3303196
23-Apr-12,50.03,50.50,49.03,50.22,3898582
20-Apr-12,47.49,51.43,47.06,50.76,7740540
19-Apr-12,48.44,48.62,47.88,48.25,2129670
18-Apr-12,48.06,48.83,47.58,48.51,1075818
17-Apr-12,47.80,48.72,47.80,48.20,1251742
16-Apr-12,48.50,48.83,47.44,47.54,910608
13-Apr-12,47.62,48.16,47.08,48.13,1183614
12-Apr-12,47.06,47.60,46.84,47.54,688804
11-Apr-12,46.66,47.40,46.55,47.10,1240342
10-Apr-12,47.55,47.72,45.82,46.12,1959078
9-Apr-12,47.53,47.74,47.02,47.64,1325556
5-Apr-12,47.22,48.16,47.22,47.76,1261830
4-Apr-12,47.52,48.01,46.92,47.22,2229866
3-Apr-12,48.15,49.12,47.99,49.04,1578672
2-Apr-12,47.04,48.52,46.94,48.10,1533656
30-Mar-12,47.43,48.03,46.68,47.00,1416080
29-Mar-12,47.21,47.21,45.82,47.02,2537700
28-Mar-12,48.80,48.89,47.24,47.94,1300448
27-Mar-12,49.48,49.61,48.74,48.80,930116
26-Mar-12,49.03,49.67,48.84,49.48,1124544
23-Mar-12,48.83,48.84,47.56,48.55,1194254
22-Mar-12,48.36,49.30,48.30,48.87,1263286
21-Mar-12,48.36,49.20,48.23,48.82,1492788
20-Mar-12,47.60,48.46,47.56,48.29,1035082
19-Mar-12,47.40,48.37,46.94,47.89,1081964
16-Mar-12,48.16,48.16,46.92,47.16,2311494
15-Mar-12,48.78,49.00,47.86,48.02,2020144
14-Mar-12,48.70,49.55,48.60,48.78,2573042
13-Mar-12,47.98,48.92,47.78,48.85,2342856
12-Mar-12,46.64,47.91,46.04,47.68,2588192
9-Mar-12,46.40,47.72,46.25,47.47,1858460
8-Mar-12,46.03,46.68,45.82,46.42,1753818
7-Mar-12,44.63,45.81,44.56,45.51,1763612
6-Mar-12,45.28,45.34,44.00,44.42,2507478
5-Mar-12,46.08,46.56,45.82,45.96,1699992
2-Mar-12,46.04,46.31,45.58,46.11,1959706
1-Mar-12,44.75,46.14,44.62,46.06,2768494
29-Feb-12,44.52,44.94,44.00,44.62,2880278
28-Feb-12,43.79,44.45,43.08,43.86,2427872
27-Feb-12,42.64,43.88,42.12,43.58,2894028
24-Feb-12,42.44,43.15,41.72,42.92,2829832
23-Feb-12,41.50,41.86,41.10,41.20,940084
22-Feb-12,41.10,41.74,41.10,41.40,1081172
21-Feb-12,42.14,42.29,41.06,41.26,1250380
17-Feb-12,42.78,43.24,42.27,42.44,1623832
16-Feb-12,41.82,42.88,41.82,42.82,2387070
15-Feb-12,42.05,43.44,41.81,42.02,4126976
14-Feb-12,41.12,42.38,40.96,42.38,2591538
13-Feb-12,41.35,41.39,40.62,41.24,1252084
10-Feb-12,40.90,41.22,40.62,41.02,2008866
9-Feb-12,40.84,41.42,40.44,41.41,1976436
8-Feb-12,40.79,41.68,40.30,40.80,2796058
7-Feb-12,40.40,40.68,39.88,40.52,1540422
6-Feb-12,39.90,40.70,39.75,40.40,1618216
3-Feb-12,39.24,40.27,39.08,40.23,2319800
2-Feb-12,39.26,39.50,38.56,38.79,2502178
1-Feb-12,39.98,40.07,39.14,39.22,3068812
31-Jan-12,39.26,40.22,39.08,39.81,4743138
30-Jan-12,37.99,38.78,37.52,38.53,2244576
27-Jan-12,36.51,38.74,36.38,38.46,4244832
26-Jan-12,38.00,38.63,36.28,36.70,10495334
25-Jan-12,38.10,38.92,37.90,38.74,4084980
24-Jan-12,37.64,38.37,37.40,38.20,2959808
23-Jan-12,37.23,38.45,37.20,37.88,3032834
20-Jan-12,36.31,36.98,36.20,36.81,1918754
19-Jan-12,36.82,37.16,35.95,36.47,4073530
18-Jan-12,36.86,37.15,35.88,36.62,5467398
17-Jan-12,38.88,39.32,37.96,38.14,2005982
13-Jan-12,38.58,38.58,38.58,38.58,0
12-Jan-12,38.12,38.94,37.82,38.83,3116668
11-Jan-12,37.36,37.92,37.26,37.88,1603170
10-Jan-12,37.76,37.85,37.02,37.58,2020856
9-Jan-12,37.16,37.56,36.48,37.18,2055556
6-Jan-12,36.62,37.46,36.32,37.08,2053492
5-Jan-12,36.16,36.63,35.13,36.62,2689454
4-Jan-12,36.05,36.68,35.72,36.33,2150552
3-Jan-12,36.94,37.50,36.00,36.09,1781822
30-Dec-11,35.90,35.90,35.90,35.90,0
29-Dec-11,36.22,36.46,35.55,35.92,1333986
28-Dec-11,36.74,36.92,35.95,36.28,1208600
27-Dec-11,36.54,37.53,36.14,36.85,1497488
23-Dec-11,36.59,36.59,36.59,36.59,0
22-Dec-11,35.78,35.94,35.00,35.30,1763648
21-Dec-11,36.24,36.37,34.84,35.56,2470016
20-Dec-11,36.80,37.19,36.08,36.17,1938522
19-Dec-11,37.25,37.45,35.90,36.02,1202336
16-Dec-11,37.48,37.64,36.92,37.06,1873380
15-Dec-11,37.73,37.99,36.12,37.06,2742142
14-Dec-11,37.10,37.55,36.25,37.00,2682308
13-Dec-11,40.03,40.09,36.71,37.24,4057468
12-Dec-11,40.72,40.72,38.42,39.56,3269146
9-Dec-11,40.14,41.48,39.72,41.35,1453758
8-Dec-11,40.74,41.32,39.72,39.95,1244554
7-Dec-11,41.00,41.42,40.26,41.11,1268380
6-Dec-11,41.94,41.94,41.06,41.32,1320388
5-Dec-11,41.57,42.07,41.30,42.02,1407486
2-Dec-11,41.22,42.43,40.82,40.92,1789048
1-Dec-11,40.00,41.20,39.50,40.93,1792728
30-Nov-11,40.64,41.50,39.72,40.66,4530340
29-Nov-11,39.78,39.94,38.80,39.16,2666126
28-Nov-11,38.57,39.85,38.57,39.80,2025774
25-Nov-11,38.04,38.34,37.09,37.34,989504
23-Nov-11,38.22,38.22,38.22,38.22,0
22-Nov-11,37.81,38.40,37.41,37.53,1870762
21-Nov-11,37.30,38.38,36.78,37.84,2435828
18-Nov-11,39.54,39.70,37.94,38.44,1753700
17-Nov-11,40.38,40.80,38.50,39.30,2391482
16-Nov-11,41.16,41.71,40.22,40.42,1087632
15-Nov-11,41.16,41.90,40.75,41.64,1592036
14-Nov-11,42.05,42.54,41.38,41.48,1021182
11-Nov-11,40.93,42.00,40.68,41.95,1300766
10-Nov-11,40.90,40.98,39.70,40.52,1320672
9-Nov-11,40.75,41.46,40.12,40.44,1638962
8-Nov-11,42.20,42.40,40.50,41.88,1819320
7-Nov-11,42.13,42.80,41.14,41.75,1268296
4-Nov-11,42.76,42.88,41.70,42.15,1578374
3-Nov-11,41.73,43.00,41.17,42.88,2432832
2-Nov-11,42.17,42.88,41.07,41.90,2669268
1-Nov-11,40.60,41.84,40.33,41.02,2563680
31-Oct-11,42.38,43.70,42.05,42.20,2525790
28-Oct-11,42.51,43.00,41.85,42.92,2349960
27-Oct-11,42.50,43.08,41.56,43.00,4052340
26-Oct-11,40.62,41.84,39.76,41.44,5756218
25-Oct-11,37.12,41.74,37.03,40.08,11851384
24-Oct-11,37.05,38.79,36.56,38.16,4083562
21-Oct-11,36.38,36.99,36.13,36.56,2144756
20-Oct-11,35.71,36.12,35.00,35.84,1070792
19-Oct-11,36.36,36.82,35.54,35.64,1277754
18-Oct-11,36.04,36.95,34.62,36.60,1876978
17-Oct-11,37.51,38.24,35.90,36.24,1533874
14-Oct-11,37.41,37.60,36.64,37.32,1584590
13-Oct-11,36.91,37.68,36.40,36.75,1957474
12-Oct-11,37.93,38.78,36.96,37.12,2712854
11-Oct-11,37.12,38.10,36.64,37.64,1849790
10-Oct-11,35.96,37.44,35.96,37.22,1617126
7-Oct-11,36.16,36.69,34.78,34.98,1983744
6-Oct-11,34.72,36.27,34.50,36.13,1786590
5-Oct-11,34.00,34.80,33.34,34.62,2399658
4-Oct-11,31.77,34.20,31.25,34.03,3409468
3-Oct-11,32.76,33.90,31.56,32.28,2351618
30-Sep-11,34.60,35.20,33.19,33.20,2178294
