Date,Open,High,Low,Close,Volume
27-Sep-12,38.96,38.99,37.55,38.38,576167
26-Sep-12,38.02,38.48,37.60,37.75,291688
25-Sep-12,39.50,39.80,38.10,38.19,475082
24-Sep-12,39.96,40.26,39.29,39.39,371325
21-Sep-12,39.70,40.71,39.54,39.76,121011
20-Sep-12,39.58,39.68,39.16,39.58,34943
19-Sep-12,39.42,39.74,39.36,39.67,57472
18-Sep-12,39.90,39.90,39.05,39.13,79468
17-Sep-12,40.90,40.91,39.08,39.57,177658
14-Sep-12,41.04,41.63,40.68,40.96,141650
13-Sep-12,40.21,41.53,39.97,41.21,184330
12-Sep-12,40.00,40.83,39.41,40.69,148555
11-Sep-12,39.74,40.61,39.64,39.95,170852
10-Sep-12,37.46,40.22,37.46,39.47,300594
7-Sep-12,38.14,38.45,37.45,37.63,608645
6-Sep-12,37.95,39.09,37.48,37.64,822860
5-Sep-12,37.82,38.59,37.48,37.73,716943
4-Sep-12,38.29,38.55,37.64,37.88,493132
31-Aug-12,37.86,38.94,37.27,38.59,574983
30-Aug-12,38.52,39.20,37.54,37.64,573521
29-Aug-12,37.67,39.16,37.46,38.81,726783
28-Aug-12,36.94,37.87,36.94,37.65,624542
27-Aug-12,37.41,37.75,36.88,37.30,417965
24-Aug-12,37.09,38.09,37.06,37.33,556694
23-Aug-12,37.08,37.42,37.00,37.35,471622
22-Aug-12,37.88,38.20,37.11,37.24,635084
21-Aug-12,38.28,38.87,37.90,38.10,532417
20-Aug-12,38.83,38.83,38.01,38.18,542813
17-Aug-12,38.65,39.40,38.21,39.00,827397
16-Aug-12,37.90,38.90,37.32,38.82,973050
15-Aug-12,37.90,38.32,37.30,37.67,737243
14-Aug-12,39.23,39.54,37.91,37.94,822593
13-Aug-12,39.97,40.11,38.88,39.12,1072635
10-Aug-12,40.24,40.90,39.70,40.06,665273
9-Aug-12,41.15,41.41,39.20,40.58,1954834
8-Aug-12,44.29,44.50,39.08,40.97,5813898
7-Aug-12,42.00,43.70,40.92,41.25,1957526
6-Aug-12,40.32,42.00,40.32,41.70,688251
3-Aug-12,42.00,42.26,40.46,40.57,599087
2-Aug-12,41.00,42.39,41.00,41.33,1050479
1-Aug-12,39.50,42.25,39.50,41.31,1362998
31-Jul-12,37.37,39.20,37.25,39.01,751778
30-Jul-12,37.93,38.79,37.25,37.44,512268
27-Jul-12,37.42,38.42,36.75,38.25,636177
26-Jul-12,37.69,38.25,37.02,37.17,349714
25-Jul-12,39.00,39.24,36.54,37.50,777202
24-Jul-12,39.20,39.37,38.76,38.93,466456
23-Jul-12,38.77,39.68,38.25,39.25,520504
20-Jul-12,38.85,39.83,38.59,39.79,577361
19-Jul-12,38.70,39.53,38.61,39.20,781616
18-Jul-12,38.17,39.50,37.80,38.68,1090732
17-Jul-12,37.60,38.35,36.90,37.25,384373
16-Jul-12,37.60,38.00,36.94,37.45,295939
13-Jul-12,37.08,38.07,36.80,37.64,338876
12-Jul-12,36.53,37.16,35.66,37.03,773040
11-Jul-12,38.25,38.77,36.33,36.94,931480
10-Jul-12,41.36,41.46,36.52,38.21,1851839
9-Jul-12,42.23,42.90,41.40,41.47,432679
6-Jul-12,41.80,42.50,41.45,42.40,461610
5-Jul-12,42.46,43.08,41.62,42.28,840006
3-Jul-12,40.01,42.32,40.01,42.12,696894
2-Jul-12,40.70,40.95,39.80,40.41,560883
29-Jun-12,40.84,41.00,40.21,40.97,692714
28-Jun-12,39.13,40.40,39.00,40.12,1203712
27-Jun-12,38.04,40.00,37.20,39.76,981562
26-Jun-12,38.05,38.26,36.42,37.66,659410
25-Jun-12,38.85,39.83,37.86,38.26,704027
22-Jun-12,37.73,39.00,37.36,38.84,847989
21-Jun-12,37.69,38.74,37.07,37.15,1361529
20-Jun-12,35.19,38.19,34.77,37.60,1997617
19-Jun-12,35.00,35.68,35.00,35.43,321150
18-Jun-12,34.24,35.18,34.01,35.09,463815
15-Jun-12,34.18,35.50,34.10,34.55,664310
14-Jun-12,35.03,36.08,33.11,34.62,1513721
13-Jun-12,34.79,36.00,34.27,35.29,722902
12-Jun-12,35.00,35.45,34.06,35.15,741514
11-Jun-12,35.92,36.09,34.18,34.67,665132
8-Jun-12,34.70,35.39,33.69,35.36,733152
7-Jun-12,35.25,35.70,33.82,34.82,622348
6-Jun-12,33.96,35.15,33.37,35.07,914236
5-Jun-12,31.85,34.19,31.80,33.67,862990
4-Jun-12,30.29,32.09,30.26,31.97,911935
1-Jun-12,29.79,30.53,29.44,30.24,823053
31-May-12,31.27,31.52,30.31,31.00,601821
30-May-12,32.79,32.95,31.10,31.17,1091127
29-May-12,33.12,33.82,33.04,33.48,441394
25-May-12,32.49,33.82,32.28,33.03,311498
24-May-12,33.55,34.32,32.27,32.73,737510
23-May-12,31.25,33.45,31.00,33.20,1094237
22-May-12,32.22,32.78,31.66,31.78,399927
21-May-12,31.25,32.45,30.77,32.30,748832
18-May-12,30.12,31.24,29.82,31.02,1192147
17-May-12,31.68,32.00,29.90,30.06,1309621
16-May-12,33.21,33.97,31.58,31.78,1027182
15-May-12,34.66,35.00,32.95,33.19,1257411
14-May-12,35.02,35.40,34.51,34.71,832120
11-May-12,35.51,36.73,35.27,35.44,905384
10-May-12,36.43,37.30,35.08,36.11,2165769
9-May-12,37.24,37.95,33.77,36.90,12821709
8-May-12,29.50,30.08,28.28,29.19,2374288
7-May-12,30.98,31.28,29.60,29.69,1181500
4-May-12,31.21,31.50,30.30,30.58,910694
3-May-12,33.43,33.50,30.26,31.07,2337897
2-May-12,34.58,34.96,34.00,34.43,568267
1-May-12,34.72,35.75,34.27,34.99,562147
30-Apr-12,34.75,34.93,33.32,34.35,649789
27-Apr-12,35.40,35.43,34.63,34.68,775227
26-Apr-12,33.69,35.61,33.50,35.33,620860
25-Apr-12,33.21,33.99,33.10,33.88,485329
24-Apr-12,32.87,32.94,32.25,32.87,395068
23-Apr-12,32.65,32.80,32.03,32.51,455697
20-Apr-12,33.43,33.78,32.77,32.97,624499
19-Apr-12,34.00,34.95,33.11,33.33,681259
18-Apr-12,34.03,34.45,33.71,34.18,477096
17-Apr-12,34.53,35.19,34.18,34.30,534607
16-Apr-12,36.62,36.66,34.33,34.41,1058404
13-Apr-12,34.71,36.21,34.66,35.62,1616575
12-Apr-12,33.86,34.75,33.77,34.59,727190
11-Apr-12,33.46,34.29,33.46,33.68,717344
10-Apr-12,33.85,34.65,32.65,33.28,1222829
9-Apr-12,32.76,35.21,32.26,33.50,1507817
5-Apr-12,32.07,33.38,32.07,33.31,647463
4-Apr-12,32.18,32.45,31.97,32.23,594080
3-Apr-12,32.81,33.11,32.38,32.55,610465
2-Apr-12,33.89,34.12,32.71,32.77,686403
30-Mar-12,33.34,34.11,33.34,33.68,929223
29-Mar-12,32.19,33.36,31.90,33.13,1346334
28-Mar-12,33.81,34.09,32.07,32.20,1726569
27-Mar-12,35.37,35.37,33.83,34.11,725609
26-Mar-12,34.60,35.52,34.26,35.10,1039132
23-Mar-12,34.97,35.00,34.01,34.52,944379
22-Mar-12,35.60,36.15,34.41,34.51,859340
21-Mar-12,36.38,36.60,35.53,35.77,578471
20-Mar-12,36.00,36.62,35.80,36.50,485296
19-Mar-12,36.91,37.52,36.25,36.28,545066
16-Mar-12,36.31,37.42,35.91,37.19,1235291
15-Mar-12,36.21,36.81,35.67,36.46,1035381
14-Mar-12,37.49,37.82,36.18,36.48,918489
13-Mar-12,38.80,38.80,37.34,37.49,1267490
12-Mar-12,35.96,38.25,35.40,37.68,2727823
9-Mar-12,34.11,35.16,33.57,34.56,1176798
8-Mar-12,35.42,35.60,34.00,34.24,1621360
7-Mar-12,35.90,36.10,34.66,34.90,1388382
6-Mar-12,35.46,35.75,34.88,35.05,2421849
5-Mar-12,40.16,40.42,37.12,37.30,2666823
2-Mar-12,40.20,41.35,40.05,40.42,1666951
1-Mar-12,41.40,41.88,40.64,40.77,2823192
29-Feb-12,41.16,42.30,39.36,40.75,13194093
28-Feb-12,45.11,48.13,45.00,47.50,3748065
27-Feb-12,44.63,46.80,43.68,45.06,3563334
24-Feb-12,42.31,44.69,41.90,44.46,1992411
23-Feb-12,39.16,42.38,38.58,41.79,1227034
22-Feb-12,39.64,40.67,38.85,39.03,529712
21-Feb-12,40.49,41.20,39.61,39.81,586805
17-Feb-12,41.02,41.02,40.04,40.18,561552
16-Feb-12,39.65,40.84,39.09,40.66,743385
15-Feb-12,40.82,40.93,39.80,39.90,822494
14-Feb-12,40.95,41.36,40.05,40.49,666443
13-Feb-12,41.40,41.74,40.14,41.24,793754
10-Feb-12,41.29,42.13,40.78,41.19,665653
9-Feb-12,42.19,43.05,41.00,41.88,847562
8-Feb-12,42.37,42.85,40.92,41.65,702203
7-Feb-12,42.63,43.45,41.56,42.42,1521364
6-Feb-12,40.31,42.74,40.08,42.31,1347020
3-Feb-12,39.96,41.95,39.70,40.46,1533291
2-Feb-12,39.84,40.93,39.20,39.42,1880678
1-Feb-12,38.57,39.15,37.88,38.00,889476
31-Jan-12,37.45,38.35,37.00,38.19,627890
30-Jan-12,37.08,38.50,36.80,37.65,647061
27-Jan-12,36.02,38.37,35.20,37.91,1573185
26-Jan-12,38.63,38.72,36.65,36.75,777820
25-Jan-12,38.13,39.14,37.64,38.40,693536
24-Jan-12,37.64,38.21,37.11,38.14,426875
23-Jan-12,38.00,38.78,38.00,38.13,409903
20-Jan-12,39.41,39.97,37.90,38.21,897079
19-Jan-12,39.58,39.58,39.58,39.58,0
18-Jan-12,39.30,40.25,38.84,40.10,951626
17-Jan-12,40.70,41.10,38.84,39.07,1664070
13-Jan-12,39.96,39.96,39.96,39.96,0
12-Jan-12,37.89,38.18,37.06,37.30,1103928
11-Jan-12,37.52,38.70,37.02,38.00,1115528
10-Jan-12,37.86,37.86,37.86,37.86,0
9-Jan-12,38.71,39.42,36.55,36.70,1011607
6-Jan-12,39.51,39.53,37.95,38.84,831198
5-Jan-12,40.47,41.88,39.07,39.54,5115196
4-Jan-12,34.58,38.00,34.17,37.75,2691027
3-Jan-12,33.47,35.01,33.33,34.86,1116969
30-Dec-11,32.69,32.69,32.69,32.69,0
29-Dec-11,32.48,32.98,32.08,32.71,686687
28-Dec-11,32.58,32.58,32.58,32.58,0
27-Dec-11,34.82,35.20,34.03,34.15,781379
23-Dec-11,34.99,34.99,34.99,34.99,0
22-Dec-11,31.73,34.00,31.73,33.64,1306631
21-Dec-11,31.97,32.19,31.26,32.04,649343
20-Dec-11,31.93,31.93,31.93,31.93,0
19-Dec-11,31.02,31.50,30.20,30.42,662063
16-Dec-11,30.92,31.89,30.45,30.92,884077
15-Dec-11,31.88,32.23,29.74,30.90,1267606
14-Dec-11,32.60,32.90,31.40,31.57,1031805
13-Dec-11,35.22,35.59,33.00,33.17,748974
12-Dec-11,34.97,34.97,34.97,34.97,0
9-Dec-11,36.10,36.96,35.28,36.35,1249016
8-Dec-11,35.19,36.59,34.85,35.96,1706863
7-Dec-11,33.71,35.40,32.47,35.13,2936669
6-Dec-11,33.24,34.40,32.62,33.89,1401914
5-Dec-11,30.70,33.24,30.70,33.13,1436221
2-Dec-11,30.37,31.23,30.07,30.41,670054
1-Dec-11,29.74,30.97,29.41,30.15,966415
30-Nov-11,32.11,32.25,29.25,29.85,1841315
29-Nov-11,30.91,31.00,29.88,30.82,702148
28-Nov-11,30.23,31.36,29.87,31.32,993495
25-Nov-11,28.31,28.90,28.26,28.53,452233
23-Nov-11,28.62,28.62,28.62,28.62,0
22-Nov-11,30.08,31.07,28.87,29.54,1234017
21-Nov-11,31.59,31.75,29.50,30.49,1298392
18-Nov-11,33.45,33.93,32.16,32.45,737188
17-Nov-11,34.50,35.19,32.82,33.53,951943
16-Nov-11,34.69,34.69,34.69,34.69,0
15-Nov-11,32.21,34.17,32.00,33.78,1223762
14-Nov-11,32.26,33.45,32.26,32.41,870029
11-Nov-11,33.75,34.39,32.25,32.65,1762036
10-Nov-11,36.79,36.92,31.56,32.90,3359773
9-Nov-11,38.55,39.50,33.50,36.03,9585951
8-Nov-11,36.29,36.30,33.30,34.11,2374156
7-Nov-11,34.96,36.41,34.33,35.35,931059
4-Nov-11,34.38,35.18,33.90,35.07,800794
3-Nov-11,34.25,35.57,33.45,34.32,1370937
2-Nov-11,31.78,33.89,31.78,33.50,923867
1-Nov-11,32.32,33.19,30.99,31.89,1903758
31-Oct-11,32.65,34.88,32.25,34.08,1548636
28-Oct-11,29.40,34.20,29.35,33.84,2560178
27-Oct-11,30.68,31.12,29.21,29.43,1784473
26-Oct-11,32.21,32.96,28.65,29.15,2549326
25-Oct-11,34.18,34.20,31.33,31.77,907094
24-Oct-11,33.70,34.99,32.66,34.86,1099586
21-Oct-11,32.92,33.69,32.26,33.67,549833
20-Oct-11,32.24,32.24,32.24,32.24,0
19-Oct-11,32.43,32.89,31.36,31.54,635011
18-Oct-11,33.34,33.76,31.05,32.84,1335994
17-Oct-11,34.65,35.60,33.33,33.81,559430
14-Oct-11,36.51,36.82,34.57,35.21,918858
13-Oct-11,36.61,36.97,34.84,35.92,1175956
12-Oct-11,38.53,38.53,35.60,36.26,1124812
11-Oct-11,37.47,37.47,37.47,37.47,0
10-Oct-11,36.38,37.15,35.52,36.29,748970
7-Oct-11,36.95,37.00,33.70,35.05,1006834
6-Oct-11,33.19,36.03,32.98,35.78,1672092
5-Oct-11,31.86,33.77,31.00,32.83,1764972
4-Oct-11,30.15,31.81,27.85,31.76,2676123
3-Oct-11,32.20,33.36,29.00,29.12,1543439
30-Sep-11,33.39,34.18,31.00,33.05,1583755
29-Sep-11,37.31,37.59,32.35,34.81,1703161
