Date,Open,High,Low,Close,Volume
27-Sep-12,29.61,30.22,29.61,30.20,1176
26-Sep-12,29.71,29.71,29.71,29.71,0
25-Sep-12,29.00,29.72,29.00,29.70,6169
24-Sep-12,29.00,29.10,28.99,29.10,999
21-Sep-12,29.07,29.08,29.07,29.08,2706
20-Sep-12,28.65,28.62,28.40,28.62,400
19-Sep-12,28.66,28.95,28.66,28.95,400
18-Sep-12,27.95,27.95,27.95,27.95,200
17-Sep-12,28.80,28.80,27.57,27.57,800
14-Sep-12,28.01,28.01,28.01,28.01,0
13-Sep-12,28.01,28.01,28.01,28.01,300
12-Sep-12,28.00,28.00,28.00,28.00,0
11-Sep-12,27.33,28.00,27.33,28.00,964
10-Sep-12,27.20,27.20,27.20,27.20,600
7-Sep-12,28.00,28.00,28.00,28.00,300
6-Sep-12,27.99,28.00,27.94,27.97,3380
5-Sep-12,27.99,27.99,27.94,27.94,400
4-Sep-12,27.95,27.95,27.95,27.95,147
31-Aug-12,27.50,27.60,27.50,27.60,3000
30-Aug-12,27.09,27.80,27.09,27.80,583
29-Aug-12,27.51,27.51,27.21,27.21,519
28-Aug-12,27.20,27.80,27.20,27.80,750
27-Aug-12,26.97,27.01,26.75,27.00,798
24-Aug-12,27.01,27.01,27.01,27.01,0
23-Aug-12,27.00,27.01,27.00,27.01,226
22-Aug-12,27.30,27.30,27.30,27.30,160
21-Aug-12,26.80,27.30,26.80,27.20,2160
20-Aug-12,26.77,27.00,26.75,26.75,3441
17-Aug-12,26.77,26.77,26.77,26.77,0
16-Aug-12,27.00,27.00,26.76,26.77,2546
15-Aug-12,27.82,28.59,26.82,26.82,2347
14-Aug-12,27.92,28.24,27.80,27.80,631
13-Aug-12,27.96,27.96,27.96,27.96,882
10-Aug-12,28.44,28.44,28.44,28.44,0
9-Aug-12,28.58,28.58,28.58,28.58,0
8-Aug-12,28.74,28.74,28.10,28.40,1925
7-Aug-12,28.07,28.39,28.07,28.39,800
6-Aug-12,28.12,28.12,28.12,28.12,0
3-Aug-12,28.00,29.00,28.00,28.16,5652
2-Aug-12,27.83,27.83,27.63,27.63,867
1-Aug-12,28.76,28.76,27.12,27.12,2206
31-Jul-12,27.21,27.21,27.21,27.21,0
30-Jul-12,28.76,28.76,28.76,28.76,100
27-Jul-12,27.21,28.79,27.21,28.79,2918
26-Jul-12,27.52,27.55,27.41,27.41,1500
25-Jul-12,27.09,27.49,27.09,27.49,1274
24-Jul-12,28.02,28.02,26.84,26.84,816
23-Jul-12,28.10,28.10,28.10,28.10,200
20-Jul-12,27.76,28.37,27.76,28.37,600
19-Jul-12,27.80,27.95,27.80,27.95,700
18-Jul-12,28.35,28.35,27.57,27.57,511
17-Jul-12,28.73,28.73,28.25,28.25,2138
16-Jul-12,28.68,28.70,28.68,28.70,400
13-Jul-12,29.09,29.09,28.95,28.97,443
12-Jul-12,28.55,29.20,28.00,29.09,4291
11-Jul-12,28.70,29.39,28.62,29.39,3079
10-Jul-12,29.07,29.85,28.00,28.00,2450
9-Jul-12,28.96,29.06,28.68,28.97,3750
6-Jul-12,28.19,29.06,28.19,28.76,3864
5-Jul-12,29.46,29.46,28.08,28.38,2997
3-Jul-12,28.50,29.59,28.02,29.44,4427
2-Jul-12,28.47,28.50,28.47,28.50,2129
29-Jun-12,27.90,28.50,27.90,28.50,3218
28-Jun-12,27.90,27.90,27.40,27.40,579
27-Jun-12,27.50,27.50,27.50,27.50,182
26-Jun-12,27.06,27.06,27.06,27.06,0
25-Jun-12,27.06,27.06,27.06,27.06,0
22-Jun-12,27.65,27.04,27.04,27.04,0
21-Jun-12,26.76,27.50,26.76,27.50,815
20-Jun-12,27.88,27.88,27.88,27.88,100
19-Jun-12,27.86,27.90,27.86,27.88,3500
18-Jun-12,27.28,27.28,27.28,27.28,136
15-Jun-12,27.85,27.86,27.58,27.86,325
14-Jun-12,27.31,27.31,27.25,27.25,782
13-Jun-12,27.65,27.65,27.65,27.65,150
12-Jun-12,27.95,27.95,27.95,27.95,0
11-Jun-12,27.95,27.95,26.75,26.80,510
8-Jun-12,27.91,27.92,27.91,27.92,246
7-Jun-12,27.93,27.93,27.91,27.91,200
6-Jun-12,27.92,27.92,27.92,27.92,100
5-Jun-12,27.81,27.90,27.81,27.90,1100
4-Jun-12,27.74,27.74,27.74,27.74,100
1-Jun-12,28.00,28.00,27.97,27.97,504
31-May-12,27.89,27.89,27.89,27.89,0
30-May-12,27.43,28.00,27.25,27.63,1663
29-May-12,28.00,28.00,28.00,28.00,0
25-May-12,28.00,28.00,27.50,27.55,639
24-May-12,27.99,27.99,27.99,27.99,220
23-May-12,27.95,27.95,27.95,27.95,0
22-May-12,27.95,27.95,27.95,27.95,660
21-May-12,27.61,27.95,27.50,27.95,1163
18-May-12,27.95,27.95,27.95,27.95,0
17-May-12,27.34,27.34,27.34,27.34,100
16-May-12,27.95,27.95,27.95,27.95,0
15-May-12,27.90,27.90,27.90,27.90,177
14-May-12,27.72,27.80,27.71,27.80,2057
11-May-12,27.69,27.69,27.69,27.69,100
10-May-12,27.75,27.75,27.75,27.75,100
9-May-12,27.25,27.65,27.25,27.65,7826
8-May-12,27.32,27.32,27.32,27.32,100
7-May-12,27.39,27.39,27.39,27.39,0
4-May-12,27.39,27.39,27.39,27.39,200
3-May-12,27.26,27.50,27.06,27.50,2805
2-May-12,27.25,27.25,27.25,27.25,787
1-May-12,27.24,27.25,27.24,27.25,5260
30-Apr-12,27.00,27.00,27.00,27.00,10400
27-Apr-12,26.93,26.93,26.93,26.93,0
26-Apr-12,26.60,26.93,26.09,26.93,3500
25-Apr-12,26.60,26.60,26.59,26.60,1427
24-Apr-12,26.20,26.50,26.18,26.40,1354
23-Apr-12,26.51,26.51,26.51,26.51,0
20-Apr-12,26.10,26.10,26.10,26.10,0
19-Apr-12,26.40,26.40,25.94,25.94,1946
18-Apr-12,26.35,26.40,26.35,26.40,1033
17-Apr-12,26.30,26.40,26.26,26.40,576
16-Apr-12,26.10,26.58,26.10,26.49,608
13-Apr-12,26.40,26.40,26.40,26.40,0
12-Apr-12,26.07,26.07,26.07,26.07,242
11-Apr-12,26.40,26.40,26.40,26.40,400
10-Apr-12,26.50,26.72,26.04,26.50,1358
9-Apr-12,26.00,26.10,26.00,26.08,2656
5-Apr-12,26.20,26.20,26.18,26.18,600
4-Apr-12,26.45,26.45,26.00,26.00,2459
3-Apr-12,26.80,26.80,26.45,26.46,1953
2-Apr-12,26.80,26.80,26.80,26.80,1299
30-Mar-12,26.46,26.50,26.46,26.50,596
29-Mar-12,26.99,26.99,26.99,26.99,170
28-Mar-12,26.50,26.50,26.50,26.50,0
27-Mar-12,26.43,26.55,26.25,26.55,1569
26-Mar-12,25.97,26.25,25.94,26.07,2191
23-Mar-12,26.26,26.26,26.26,26.26,150
22-Mar-12,25.94,26.14,25.94,26.12,1575
21-Mar-12,26.05,26.14,26.05,26.12,800
20-Mar-12,25.94,26.45,25.94,25.94,1155
19-Mar-12,26.25,26.25,26.04,26.07,3810
16-Mar-12,26.33,26.33,25.95,26.06,6749
15-Mar-12,26.00,26.50,26.00,26.50,650
14-Mar-12,26.16,26.16,25.94,25.94,4446
13-Mar-12,26.15,26.15,25.94,26.00,1095
12-Mar-12,26.23,26.23,25.97,26.10,1243
9-Mar-12,26.40,26.40,26.30,26.30,369
8-Mar-12,26.35,26.49,26.24,26.24,1400
7-Mar-12,26.43,26.49,25.64,25.64,440
6-Mar-12,25.86,26.10,25.25,26.04,7578
5-Mar-12,26.02,26.20,26.00,26.02,1125
2-Mar-12,26.41,26.41,25.84,25.84,204
1-Mar-12,26.50,26.50,26.50,26.50,107
29-Feb-12,26.01,26.03,26.00,26.00,977
28-Feb-12,26.43,26.43,26.43,26.43,0
27-Feb-12,26.50,26.50,26.40,26.41,624
24-Feb-12,26.01,26.50,26.01,26.05,941
23-Feb-12,25.26,25.50,25.26,25.50,1274
22-Feb-12,26.05,26.05,26.02,26.02,800
21-Feb-12,26.43,26.43,26.43,26.43,0
17-Feb-12,26.43,26.43,26.43,26.43,0
16-Feb-12,26.10,26.50,26.10,26.50,2336
15-Feb-12,26.05,26.10,25.67,26.09,4675
14-Feb-12,26.99,26.99,26.26,26.26,869
13-Feb-12,26.95,26.95,26.06,26.10,1400
10-Feb-12,26.35,26.36,26.05,26.20,1270
8-Feb-12,26.49,26.49,26.49,26.49,0
7-Feb-12,26.63,26.63,26.63,26.63,0
6-Feb-12,26.11,27.00,26.11,26.50,684
3-Feb-12,26.30,26.50,26.25,26.38,1179
2-Feb-12,26.96,27.00,26.00,26.07,4629
1-Feb-12,27.49,27.49,25.00,26.80,16152
31-Jan-12,27.11,27.11,26.97,26.97,2100
30-Jan-12,27.00,27.25,26.91,26.97,3311
27-Jan-12,27.11,27.50,26.59,26.95,6056
26-Jan-12,27.40,27.40,27.16,27.16,1233
25-Jan-12,26.70,27.40,26.66,27.39,2193
23-Jan-12,27.13,27.13,27.13,27.13,0
20-Jan-12,26.70,26.70,26.70,26.70,0
19-Jan-12,27.02,27.02,27.02,27.02,100
18-Jan-12,27.00,27.00,27.00,27.00,1000
13-Jan-12,27.34,27.34,27.34,27.34,0
12-Jan-12,26.68,26.68,26.68,26.68,0
11-Jan-12,27.33,27.33,26.92,26.93,400
10-Jan-12,27.75,27.75,27.69,27.75,400
9-Jan-12,27.67,27.75,27.53,27.75,2002
6-Jan-12,27.55,27.55,27.55,27.55,400
5-Jan-12,27.86,27.86,27.55,27.55,2700
4-Jan-12,27.69,28.00,27.69,28.00,4312
3-Jan-12,27.69,27.75,26.75,27.60,4153
30-Dec-11,27.47,27.47,27.47,27.47,0
29-Dec-11,27.60,27.60,27.50,27.50,1428
28-Dec-11,27.25,27.52,27.25,27.40,1712
27-Dec-11,27.45,27.52,27.27,27.50,2952
23-Dec-11,27.10,27.10,27.10,27.10,0
22-Dec-11,26.40,26.40,26.40,26.40,470
21-Dec-11,25.75,26.89,25.75,26.89,8699
20-Dec-11,26.06,26.22,25.60,25.60,300
19-Dec-11,25.50,25.58,25.50,25.58,1700
16-Dec-11,25.10,25.91,25.10,25.91,5984
15-Dec-11,25.21,25.50,25.19,25.19,3082
14-Dec-11,25.00,25.20,24.70,25.20,3100
13-Dec-11,24.38,24.58,24.38,24.58,1080
12-Dec-11,24.25,24.33,24.25,24.33,2281
9-Dec-11,24.26,24.45,24.25,24.44,3688
8-Dec-11,24.20,24.44,24.10,24.11,2563
7-Dec-11,24.10,24.40,24.10,24.16,5959
6-Dec-11,24.35,24.35,24.17,24.17,400
5-Dec-11,24.40,24.40,24.23,24.23,700
2-Dec-11,24.40,24.45,24.25,24.35,22119
1-Dec-11,24.40,24.40,24.16,24.40,1358
30-Nov-11,24.22,24.40,24.12,24.20,20091
29-Nov-11,24.43,24.45,24.10,24.10,600
28-Nov-11,24.14,24.50,24.14,24.50,3556
25-Nov-11,24.25,24.25,24.06,24.06,700
23-Nov-11,24.10,24.10,24.10,24.10,0
22-Nov-11,24.39,24.39,24.26,24.26,200
21-Nov-11,24.50,24.50,24.32,24.32,400
18-Nov-11,24.32,24.77,24.05,24.05,3898
17-Nov-11,24.50,24.94,24.50,24.94,800
16-Nov-11,24.25,24.59,24.10,24.59,2498
15-Nov-11,23.88,24.00,23.70,24.00,15982
14-Nov-11,23.88,23.88,23.62,23.62,1101
11-Nov-11,23.84,23.89,23.81,23.85,3250
10-Nov-11,23.75,23.83,23.60,23.82,1402
9-Nov-11,23.70,23.82,23.41,23.60,1729
8-Nov-11,23.80,23.85,23.34,23.34,6564
7-Nov-11,23.83,23.84,23.40,23.40,2150
4-Nov-11,23.78,23.78,23.78,23.78,1200
3-Nov-11,23.73,23.73,23.73,23.73,0
2-Nov-11,23.72,23.77,23.48,23.48,4414
1-Nov-11,23.77,23.77,23.25,23.32,3697
31-Oct-11,23.32,23.32,23.30,23.30,600
28-Oct-11,23.79,23.79,23.23,23.74,2038
27-Oct-11,23.40,23.78,23.40,23.78,2382
26-Oct-11,23.54,23.54,23.40,23.41,2066
25-Oct-11,23.76,23.78,23.57,23.57,1965
24-Oct-11,23.51,23.73,23.51,23.57,2018
21-Oct-11,23.53,23.53,23.53,23.53,200
18-Oct-11,23.51,23.51,23.51,23.51,0
17-Oct-11,24.00,24.00,23.71,23.75,2412
14-Oct-11,23.75,23.85,23.75,23.79,1146
13-Oct-11,23.86,23.86,23.86,23.86,0
12-Oct-11,24.16,24.16,24.16,24.16,0
6-Oct-11,24.40,24.40,24.40,24.40,0
5-Oct-11,24.84,24.84,24.84,24.84,100
3-Oct-11,24.00,24.00,24.00,24.00,0
30-Sep-11,24.49,24.49,24.00,24.02,4474
29-Sep-11,24.49,24.54,24.49,24.50,600
