Date,Open,High,Low,Close,Volume
27-Sep-12,5.76,5.89,5.65,5.70,45055
26-Sep-12,5.85,5.85,5.63,5.74,47306
25-Sep-12,5.77,5.94,5.75,5.83,12578
24-Sep-12,5.89,5.94,5.83,5.88,2500
21-Sep-12,5.70,5.90,5.70,5.89,38378
20-Sep-12,5.90,5.90,5.71,5.89,9464
19-Sep-12,5.85,5.97,5.85,5.94,3700
18-Sep-12,5.90,5.90,5.81,5.85,10306
17-Sep-12,5.90,5.90,5.90,5.90,315
14-Sep-12,5.89,5.91,5.89,5.90,670
13-Sep-12,5.95,5.97,5.90,5.97,1000
12-Sep-12,5.80,6.01,5.80,5.95,5099
11-Sep-12,5.56,5.80,5.49,5.80,1530
10-Sep-12,5.46,5.61,5.41,5.61,16682
7-Sep-12,5.40,5.46,5.30,5.46,4603
6-Sep-12,5.42,5.42,5.18,5.38,47766
5-Sep-12,5.14,5.69,5.12,5.42,63245
4-Sep-12,5.70,5.73,5.59,5.70,25398
31-Aug-12,5.01,5.73,5.01,5.70,18208
30-Aug-12,5.14,5.14,5.01,5.10,2447
29-Aug-12,5.10,5.17,5.10,5.12,3000
28-Aug-12,5.16,5.18,5.08,5.17,3300
27-Aug-12,5.08,5.28,5.08,5.20,870
24-Aug-12,5.08,5.12,5.08,5.09,2846
23-Aug-12,5.12,5.13,4.98,5.12,35934
22-Aug-12,5.12,5.27,5.06,5.08,23261
21-Aug-12,5.07,5.27,5.06,5.12,9100
20-Aug-12,5.17,5.22,5.05,5.09,11835
17-Aug-12,5.12,5.30,5.09,5.20,5799
16-Aug-12,5.10,5.10,5.06,5.08,15896
15-Aug-12,5.05,5.15,5.05,5.05,10640
14-Aug-12,5.13,5.14,5.00,5.02,14492
13-Aug-12,5.25,5.25,5.00,5.11,18179
10-Aug-12,5.26,5.26,5.18,5.18,9017
9-Aug-12,5.23,5.38,5.23,5.37,9273
8-Aug-12,5.36,5.40,5.05,5.11,9303
7-Aug-12,5.48,5.51,5.36,5.39,20795
6-Aug-12,5.44,5.49,5.40,5.40,7146
3-Aug-12,5.49,5.49,5.31,5.34,46747
2-Aug-12,5.37,5.44,5.36,5.44,700
1-Aug-12,5.40,5.40,5.40,5.40,2500
31-Jul-12,5.40,5.41,5.35,5.37,18766
30-Jul-12,5.45,5.59,5.45,5.45,16759
27-Jul-12,5.35,5.47,5.29,5.45,6800
26-Jul-12,5.41,5.46,5.24,5.40,11127
25-Jul-12,5.18,5.39,5.18,5.39,9500
24-Jul-12,5.35,5.35,5.07,5.20,1800
23-Jul-12,5.22,5.38,5.00,5.37,5326
20-Jul-12,5.30,5.30,5.22,5.22,2700
19-Jul-12,5.47,5.47,5.25,5.30,5112
18-Jul-12,5.47,5.47,5.37,5.47,2365
17-Jul-12,5.44,5.48,5.30,5.30,2858
16-Jul-12,5.37,5.48,5.27,5.48,2600
13-Jul-12,5.24,5.38,5.24,5.25,2200
12-Jul-12,5.45,5.45,5.15,5.23,13488
11-Jul-12,5.49,5.49,5.30,5.46,4420
10-Jul-12,5.50,5.50,5.50,5.50,0
9-Jul-12,5.55,5.64,5.42,5.50,3395
6-Jul-12,5.43,5.60,5.43,5.60,1620
5-Jul-12,5.45,5.59,5.30,5.49,19113
3-Jul-12,5.65,5.65,5.25,5.48,7273
2-Jul-12,5.35,5.65,5.30,5.36,6794
29-Jun-12,5.37,5.85,5.30,5.50,5312
28-Jun-12,5.25,5.55,5.22,5.30,6500
27-Jun-12,5.36,5.45,5.18,5.37,18815
26-Jun-12,5.28,5.43,5.10,5.34,7277
25-Jun-12,5.11,5.37,5.11,5.26,5946
22-Jun-12,5.15,5.35,4.96,5.14,6280
21-Jun-12,5.51,5.51,5.20,5.32,5459
20-Jun-12,5.34,5.52,5.21,5.51,12054
19-Jun-12,5.15,5.50,5.15,5.50,27200
18-Jun-12,5.10,5.29,4.99,5.10,3834
15-Jun-12,5.05,5.12,4.91,5.11,4573
14-Jun-12,4.98,5.25,4.98,5.13,8700
13-Jun-12,5.15,5.34,4.89,4.89,8368
12-Jun-12,4.99,5.25,4.92,4.92,14970
11-Jun-12,5.06,5.25,4.92,4.92,29739
8-Jun-12,5.10,5.23,4.98,5.08,15935
7-Jun-12,5.12,5.25,4.86,5.07,9993
6-Jun-12,5.07,5.30,5.00,5.08,6300
5-Jun-12,5.10,5.12,4.86,5.02,30500
4-Jun-12,5.24,5.24,5.10,5.20,19794
1-Jun-12,5.16,5.26,5.16,5.26,5208
31-May-12,5.14,5.25,5.00,5.25,27650
30-May-12,5.22,5.25,5.09,5.14,11848
29-May-12,5.28,5.35,5.20,5.24,5900
25-May-12,5.26,5.30,5.21,5.26,7050
24-May-12,5.47,5.47,5.14,5.23,14100
23-May-12,5.51,5.66,5.34,5.51,7140
22-May-12,5.64,5.73,5.52,5.54,6289
21-May-12,5.69,5.69,5.50,5.59,10249
18-May-12,5.66,5.70,5.50,5.70,29963
17-May-12,5.82,5.82,5.60,5.61,25691
16-May-12,5.85,5.95,5.81,5.85,16451
15-May-12,5.84,5.95,5.83,5.88,8171
14-May-12,5.97,6.07,5.84,5.95,21824
11-May-12,6.13,6.14,5.99,5.99,9286
10-May-12,6.25,6.30,6.08,6.08,121889
9-May-12,6.01,6.25,6.01,6.19,28002
8-May-12,6.08,6.10,5.88,6.10,5800
7-May-12,6.12,6.15,6.12,6.13,6964
4-May-12,5.82,6.12,5.80,6.12,53151
3-May-12,5.86,6.04,5.86,5.98,3400
2-May-12,6.02,6.12,5.96,6.04,8683
1-May-12,5.84,5.84,5.84,5.84,0
30-Apr-12,5.80,5.98,5.80,5.84,4100
27-Apr-12,5.69,5.80,5.69,5.80,1600
26-Apr-12,5.75,5.75,5.75,5.75,0
25-Apr-12,5.85,5.85,5.60,5.79,18870
24-Apr-12,5.75,5.80,5.75,5.79,9901
23-Apr-12,5.69,5.75,5.68,5.75,1703
20-Apr-12,5.74,5.75,5.74,5.74,5930
19-Apr-12,5.67,5.74,5.66,5.74,3117
18-Apr-12,5.74,5.74,5.71,5.72,3711
17-Apr-12,5.74,5.77,5.74,5.77,1200
16-Apr-12,5.79,5.79,5.68,5.74,8192
13-Apr-12,5.81,5.81,5.81,5.81,0
12-Apr-12,5.76,5.83,5.75,5.82,4126
11-Apr-12,5.80,5.84,5.75,5.75,5038
10-Apr-12,5.84,5.94,5.73,5.80,3860
9-Apr-12,5.74,5.95,5.72,5.87,7804
5-Apr-12,5.75,5.83,5.75,5.82,9551
4-Apr-12,5.68,5.77,5.68,5.75,10712
3-Apr-12,5.79,5.80,5.76,5.76,19254
2-Apr-12,5.81,5.85,5.80,5.80,13226
30-Mar-12,5.85,5.92,5.79,5.84,27716
29-Mar-12,5.86,5.90,5.75,5.89,21962
28-Mar-12,5.85,5.90,5.85,5.90,41945
27-Mar-12,5.95,5.95,5.76,5.82,53293
26-Mar-12,6.00,6.00,5.85,5.90,5957
23-Mar-12,5.89,5.98,5.76,5.98,70327
22-Mar-12,5.84,5.95,5.80,5.86,4300
21-Mar-12,5.97,5.97,5.87,5.94,730
20-Mar-12,5.78,5.99,5.78,5.95,5532
19-Mar-12,5.82,6.01,5.76,5.78,8379
16-Mar-12,5.98,6.05,5.79,5.84,10879
15-Mar-12,6.03,6.10,5.99,5.99,3567
14-Mar-12,6.06,6.11,6.01,6.03,2900
13-Mar-12,6.08,6.12,6.08,6.08,1600
12-Mar-12,5.92,6.11,5.92,6.11,6247
9-Mar-12,6.01,6.11,6.01,6.06,2500
8-Mar-12,6.06,6.12,6.06,6.12,29631
7-Mar-12,6.03,6.09,5.96,6.02,7144
6-Mar-12,6.12,6.12,6.12,6.12,100
5-Mar-12,6.16,6.20,6.08,6.15,16162
2-Mar-12,6.20,6.20,5.99,6.13,6650
1-Mar-12,6.08,6.16,6.00,6.16,95739
29-Feb-12,6.10,6.20,6.10,6.10,17615
28-Feb-12,6.00,6.13,5.91,6.13,71134
27-Feb-12,6.06,6.09,5.91,6.01,9529
24-Feb-12,6.00,6.08,5.96,6.00,24705
23-Feb-12,6.07,6.10,5.97,6.01,10300
22-Feb-12,6.08,6.19,6.01,6.02,16629
21-Feb-12,6.17,6.20,6.07,6.10,26201
17-Feb-12,6.10,6.15,6.08,6.14,52168
16-Feb-12,5.90,6.08,5.90,6.08,44076
15-Feb-12,5.82,5.92,5.66,5.88,35110
14-Feb-12,5.70,5.84,5.66,5.82,43169
13-Feb-12,5.89,5.89,5.69,5.85,66322
10-Feb-12,5.82,5.82,5.60,5.80,76766
9-Feb-12,6.26,6.59,5.30,5.80,372699
8-Feb-12,5.71,5.71,5.42,5.44,76175
7-Feb-12,5.40,5.66,5.40,5.65,20200
6-Feb-12,5.41,5.48,5.23,5.46,13750
3-Feb-12,5.48,5.52,5.46,5.46,34205
2-Feb-12,5.27,5.62,5.24,5.42,205221
1-Feb-12,5.20,5.30,5.08,5.30,26565
31-Jan-12,5.07,5.18,4.88,5.17,133872
30-Jan-12,5.17,5.18,4.80,5.11,132270
27-Jan-12,5.22,5.29,5.02,5.15,900
26-Jan-12,5.04,5.20,4.85,5.01,38100
25-Jan-12,5.04,5.09,4.95,5.06,37110
24-Jan-12,5.17,5.20,4.95,5.00,7364
23-Jan-12,4.93,5.19,4.77,4.90,50151
20-Jan-12,4.79,4.98,4.76,4.98,41415
19-Jan-12,4.79,4.95,4.55,4.77,73400
18-Jan-12,4.66,4.76,4.61,4.75,12867
17-Jan-12,4.34,4.64,4.31,4.61,24921
13-Jan-12,4.37,4.37,4.37,4.37,0
12-Jan-12,4.52,4.53,4.26,4.53,173528
11-Jan-12,4.64,4.64,4.40,4.52,42162
10-Jan-12,4.70,4.70,4.65,4.70,6800
9-Jan-12,4.57,4.62,4.51,4.60,21542
6-Jan-12,4.60,4.60,4.51,4.59,2801
5-Jan-12,4.60,4.72,4.54,4.63,30350
4-Jan-12,4.76,4.76,4.67,4.74,5730
3-Jan-12,4.86,4.89,4.75,4.84,11884
30-Dec-11,4.76,4.76,4.76,4.76,0
29-Dec-11,4.70,4.85,4.67,4.72,21998
28-Dec-11,4.68,4.90,4.67,4.72,22709
27-Dec-11,4.87,4.89,4.66,4.70,20937
23-Dec-11,4.82,4.82,4.82,4.82,0
22-Dec-11,4.90,4.90,4.64,4.71,22271
21-Dec-11,4.85,4.89,4.78,4.88,12000
20-Dec-11,4.82,4.90,4.72,4.89,11791
19-Dec-11,4.96,4.96,4.72,4.73,7250
16-Dec-11,5.00,5.00,4.86,4.98,10012
15-Dec-11,5.01,5.10,5.00,5.00,6749
14-Dec-11,5.01,5.08,4.99,5.04,4940
13-Dec-11,5.03,5.10,5.01,5.10,6400
12-Dec-11,5.11,5.15,5.05,5.14,109764
9-Dec-11,5.11,5.17,5.05,5.17,12600
8-Dec-11,5.14,5.20,5.09,5.12,13804
7-Dec-11,5.19,5.25,5.15,5.25,7050
6-Dec-11,5.20,5.25,5.08,5.24,15477
5-Dec-11,5.25,5.25,5.11,5.24,26773
2-Dec-11,5.24,5.29,5.20,5.23,17869
1-Dec-11,5.25,5.26,5.11,5.24,21420
30-Nov-11,5.32,5.36,5.14,5.26,6096
29-Nov-11,5.15,5.36,5.00,5.32,224156
28-Nov-11,5.46,5.49,5.13,5.18,39481
25-Nov-11,5.38,5.51,5.37,5.51,1265
23-Nov-11,5.49,5.49,5.49,5.49,0
22-Nov-11,5.53,5.64,5.50,5.64,5848
21-Nov-11,5.31,5.50,5.20,5.50,7000
18-Nov-11,5.41,5.66,5.34,5.34,7125
16-Nov-11,5.41,5.41,5.41,5.41,0
15-Nov-11,5.47,5.56,5.46,5.56,1550
14-Nov-11,5.40,5.57,5.40,5.57,9650
11-Nov-11,5.34,5.43,5.28,5.38,4450
10-Nov-11,5.30,5.47,5.30,5.35,30363
9-Nov-11,5.70,5.73,5.60,5.66,31020
8-Nov-11,5.76,5.76,5.67,5.75,7252
7-Nov-11,5.74,5.94,5.52,5.85,12522
4-Nov-11,5.57,5.96,5.57,5.83,8700
3-Nov-11,5.58,5.60,5.51,5.59,4300
2-Nov-11,5.32,5.50,5.32,5.48,2000
1-Nov-11,5.61,5.74,5.49,5.51,6032
31-Oct-11,5.74,5.74,5.69,5.69,2400
28-Oct-11,5.81,5.81,5.81,5.81,0
27-Oct-11,5.46,5.70,5.44,5.60,6600
26-Oct-11,5.35,5.58,5.33,5.46,7100
25-Oct-11,5.50,5.50,5.31,5.44,8676
24-Oct-11,5.34,5.58,5.34,5.42,5562
21-Oct-11,5.37,5.39,5.33,5.37,2900
20-Oct-11,5.33,5.35,5.25,5.33,7747
19-Oct-11,5.25,5.54,5.25,5.44,15633
18-Oct-11,5.25,5.40,5.25,5.27,4167
17-Oct-11,5.25,5.44,5.25,5.25,2249
14-Oct-11,5.31,5.37,5.26,5.37,5281
13-Oct-11,5.25,5.44,5.11,5.44,6340
12-Oct-11,5.15,5.32,5.15,5.29,5867
11-Oct-11,4.93,5.17,4.93,5.17,5039
10-Oct-11,5.06,5.09,4.94,5.05,12917
7-Oct-11,5.00,5.09,4.92,5.00,4200
6-Oct-11,5.06,5.06,4.97,5.06,7477
5-Oct-11,5.07,5.17,4.97,5.06,18172
4-Oct-11,5.17,5.17,4.82,5.07,24810
3-Oct-11,5.17,5.50,4.98,5.24,12304
30-Sep-11,5.36,5.43,5.33,5.41,4796
29-Sep-11,5.34,5.43,5.34,5.43,8917
