Date,Open,High,Low,Close,Volume
27-Sep-12,12.84,12.98,12.74,12.87,29584
26-Sep-12,12.73,13.03,12.70,12.86,32808
25-Sep-12,13.21,13.28,12.72,12.74,52230
24-Sep-12,13.27,13.40,13.12,13.19,68883
21-Sep-12,13.20,13.48,13.00,13.37,94009
20-Sep-12,13.16,13.17,13.00,13.07,27542
19-Sep-12,13.29,13.48,13.20,13.23,58769
18-Sep-12,13.22,13.35,13.20,13.30,65272
17-Sep-12,13.26,13.36,13.02,13.21,99192
14-Sep-12,13.36,13.38,13.27,13.35,111980
13-Sep-12,13.00,13.56,12.98,13.33,82923
12-Sep-12,13.13,13.24,12.95,13.02,53631
11-Sep-12,12.41,13.10,12.41,13.07,78259
10-Sep-12,12.44,12.54,12.23,12.40,157379
7-Sep-12,12.36,12.61,12.29,12.42,52480
6-Sep-12,12.00,12.52,12.00,12.38,91066
5-Sep-12,11.82,12.25,11.80,11.98,106702
4-Sep-12,11.60,11.89,11.40,11.71,30055
31-Aug-12,11.47,11.61,11.14,11.51,92352
30-Aug-12,11.77,11.81,11.35,11.37,79396
29-Aug-12,11.80,12.00,11.73,11.78,109808
28-Aug-12,11.65,11.82,11.57,11.73,63079
27-Aug-12,11.56,11.79,11.36,11.67,104190
24-Aug-12,11.43,11.65,11.19,11.57,142466
23-Aug-12,11.43,11.50,11.18,11.49,97269
22-Aug-12,11.32,11.50,10.99,11.43,119122
21-Aug-12,11.26,11.39,11.15,11.31,230157
20-Aug-12,11.24,11.25,11.05,11.19,102748
17-Aug-12,11.28,11.42,11.17,11.30,30943
16-Aug-12,10.94,11.28,10.91,11.28,29796
15-Aug-12,10.79,10.98,10.77,10.97,33701
14-Aug-12,10.50,10.76,10.31,10.76,36129
13-Aug-12,10.54,10.60,10.15,10.50,81096
10-Aug-12,10.85,10.98,10.56,10.60,34972
9-Aug-12,9.28,11.31,9.26,11.00,193459
8-Aug-12,12.63,13.29,12.30,13.13,70335
7-Aug-12,12.88,12.88,12.57,12.63,17616
6-Aug-12,12.68,12.94,12.58,12.82,13551
3-Aug-12,12.70,12.80,12.58,12.63,19308
2-Aug-12,12.71,12.84,12.54,12.63,106298
1-Aug-12,12.99,13.17,12.65,12.72,72383
31-Jul-12,12.69,13.09,12.60,13.03,99108
30-Jul-12,12.57,12.75,12.49,12.68,46342
27-Jul-12,12.45,12.73,12.33,12.59,48306
26-Jul-12,12.73,12.73,12.30,12.35,53491
25-Jul-12,12.52,12.75,12.43,12.65,66022
24-Jul-12,12.51,12.59,12.28,12.46,72977
23-Jul-12,12.29,12.54,12.21,12.51,45216
20-Jul-12,12.63,12.65,12.06,12.46,160648
19-Jul-12,12.66,12.76,12.56,12.71,36087
18-Jul-12,12.70,12.90,12.60,12.67,48998
17-Jul-12,12.81,12.88,12.50,12.70,37510
16-Jul-12,13.40,13.56,12.63,12.79,78457
13-Jul-12,13.65,13.78,13.45,13.50,38418
12-Jul-12,13.35,13.69,13.21,13.62,55996
11-Jul-12,13.54,13.54,13.20,13.46,68453
10-Jul-12,13.70,13.79,13.38,13.56,34656
9-Jul-12,13.58,13.74,13.50,13.62,48999
6-Jul-12,14.00,14.14,13.61,13.64,57797
5-Jul-12,14.00,14.28,13.97,14.19,93793
3-Jul-12,13.91,14.09,13.91,14.09,108862
2-Jul-12,13.78,13.99,13.71,13.95,100357
29-Jun-12,13.49,13.89,13.38,13.84,52450
28-Jun-12,13.46,13.59,13.08,13.23,37836
27-Jun-12,13.38,13.66,13.38,13.57,23885
26-Jun-12,13.48,13.53,13.28,13.38,35382
25-Jun-12,13.57,13.75,13.25,13.48,56734
22-Jun-12,13.23,13.67,13.00,13.67,230088
21-Jun-12,13.69,13.74,13.10,13.20,72204
20-Jun-12,13.90,13.90,13.53,13.73,92681
19-Jun-12,13.83,14.00,13.77,13.86,91804
18-Jun-12,13.85,14.00,13.71,13.85,92811
15-Jun-12,13.57,13.98,13.54,13.89,110134
14-Jun-12,13.82,13.84,13.41,13.57,104042
13-Jun-12,13.92,14.29,13.76,13.86,136007
12-Jun-12,13.95,14.14,13.70,13.99,62899
11-Jun-12,14.00,14.69,13.91,13.92,229479
8-Jun-12,13.88,13.99,13.76,13.89,91222
7-Jun-12,13.82,14.04,13.82,13.84,147690
6-Jun-12,14.00,14.06,13.64,13.74,89698
5-Jun-12,13.77,13.99,13.77,13.92,57211
4-Jun-12,14.00,14.06,13.68,13.85,72074
1-Jun-12,13.50,14.00,13.47,13.97,90976
31-May-12,13.98,13.98,13.74,13.80,170856
30-May-12,13.97,14.10,13.78,14.02,54856
29-May-12,13.79,14.17,13.74,14.09,107472
25-May-12,13.68,13.79,13.64,13.79,60956
24-May-12,13.75,13.79,13.55,13.78,49468
23-May-12,13.00,13.79,12.85,13.78,140053
22-May-12,13.26,13.65,13.09,13.10,158113
21-May-12,13.00,13.49,12.96,13.29,58795
18-May-12,13.61,13.63,12.92,13.01,111043
17-May-12,13.65,13.72,13.39,13.61,80554
16-May-12,13.59,13.78,13.53,13.68,139229
15-May-12,13.66,13.78,13.50,13.62,212055
14-May-12,13.57,13.78,13.34,13.61,113535
11-May-12,13.65,13.97,13.59,13.64,175002
10-May-12,13.75,14.19,13.58,13.78,383274
9-May-12,12.49,13.91,12.33,13.77,408656
8-May-12,12.20,12.78,10.71,12.70,374315
7-May-12,10.50,10.70,10.48,10.68,57018
4-May-12,10.69,10.86,10.40,10.55,68674
3-May-12,10.51,11.19,10.45,10.88,141616
2-May-12,10.15,10.56,10.01,10.55,54688
1-May-12,10.44,10.56,10.22,10.23,94209
30-Apr-12,10.47,10.65,9.97,10.46,49777
27-Apr-12,10.39,10.49,10.13,10.49,34574
26-Apr-12,10.36,10.44,10.31,10.39,39945
25-Apr-12,10.33,10.39,10.13,10.38,42524
24-Apr-12,9.93,10.24,9.90,10.24,35658
23-Apr-12,9.84,10.00,9.84,9.93,62969
20-Apr-12,10.05,10.05,9.80,9.97,48521
19-Apr-12,9.92,10.00,9.84,9.96,227242
18-Apr-12,9.90,10.11,9.85,9.94,126778
17-Apr-12,9.78,10.11,9.78,10.02,58071
16-Apr-12,9.66,9.81,9.50,9.75,74182
13-Apr-12,9.87,9.87,9.53,9.61,116579
12-Apr-12,9.90,10.11,9.78,9.93,80975
11-Apr-12,9.77,9.92,9.52,9.92,49644
10-Apr-12,9.75,9.95,9.63,9.74,98789
9-Apr-12,9.73,10.25,9.50,9.69,146047
5-Apr-12,10.00,10.04,9.88,9.90,38295
4-Apr-12,10.14,10.30,10.05,10.06,36386
3-Apr-12,10.14,10.26,10.14,10.22,153298
2-Apr-12,10.20,10.30,10.02,10.20,113997
30-Mar-12,10.50,10.50,10.27,10.32,43292
29-Mar-12,10.25,10.47,10.19,10.44,33904
28-Mar-12,10.30,10.39,10.14,10.33,100580
27-Mar-12,10.18,10.37,10.18,10.33,54755
26-Mar-12,10.24,10.33,10.17,10.21,51297
23-Mar-12,10.08,10.23,10.08,10.18,59382
22-Mar-12,10.03,10.19,9.98,10.15,40425
21-Mar-12,9.98,10.17,9.92,10.11,56136
20-Mar-12,9.85,10.07,9.81,9.99,71338
19-Mar-12,10.02,10.06,9.83,9.95,129246
16-Mar-12,10.13,10.20,9.91,10.04,130950
15-Mar-12,9.93,10.11,9.88,10.10,76757
14-Mar-12,10.09,10.15,9.83,9.91,121298
13-Mar-12,10.00,10.20,9.96,10.15,72691
12-Mar-12,9.98,9.99,9.84,9.94,44818
9-Mar-12,9.80,10.00,9.79,9.99,86121
8-Mar-12,9.60,9.79,9.57,9.77,101563
7-Mar-12,9.53,9.70,9.51,9.56,59388
6-Mar-12,9.58,9.68,9.51,9.51,94582
5-Mar-12,9.77,9.86,9.62,9.70,113997
2-Mar-12,9.27,9.86,9.22,9.79,201825
1-Mar-12,9.50,9.65,9.16,9.25,293850
29-Feb-12,8.80,9.15,8.63,9.03,140360
28-Feb-12,8.86,9.04,8.69,8.81,48430
27-Feb-12,8.72,8.91,8.70,8.88,31490
24-Feb-12,8.92,9.10,8.75,8.79,59660
23-Feb-12,8.76,8.95,8.75,8.95,42799
22-Feb-12,8.81,8.84,8.72,8.76,67095
21-Feb-12,8.75,9.00,8.72,8.80,36415
17-Feb-12,8.94,8.97,8.58,8.77,124794
16-Feb-12,8.94,9.17,8.88,8.89,76967
15-Feb-12,9.00,9.07,8.90,8.96,109034
14-Feb-12,9.05,9.15,8.92,9.00,82206
13-Feb-12,8.86,9.29,8.86,9.08,59814
10-Feb-12,9.11,9.11,8.81,8.81,66679
9-Feb-12,9.05,9.19,9.02,9.16,59424
8-Feb-12,8.52,9.12,8.46,9.05,103612
7-Feb-12,8.57,8.66,8.35,8.55,223983
6-Feb-12,8.66,8.66,8.34,8.55,79280
3-Feb-12,8.60,8.89,8.55,8.69,90028
2-Feb-12,8.54,8.75,8.41,8.56,112343
1-Feb-12,7.85,8.84,7.81,8.55,513407
31-Jan-12,7.70,7.85,7.57,7.80,96018
30-Jan-12,7.65,7.72,7.56,7.62,42381
27-Jan-12,7.29,7.71,7.29,7.69,34042
26-Jan-12,7.59,7.62,7.30,7.35,72195
25-Jan-12,7.60,7.73,7.31,7.59,46035
24-Jan-12,7.24,7.77,7.24,7.62,76312
23-Jan-12,7.53,7.55,7.02,7.30,228853
20-Jan-12,7.53,7.60,7.45,7.52,39360
19-Jan-12,7.46,7.60,7.46,7.57,38253
18-Jan-12,7.50,7.51,7.38,7.46,89439
17-Jan-12,7.52,7.60,7.44,7.51,68559
13-Jan-12,7.48,7.48,7.48,7.48,0
12-Jan-12,7.65,7.73,7.55,7.70,259288
11-Jan-12,7.46,7.69,7.46,7.65,176181
10-Jan-12,7.13,7.53,7.09,7.48,53528
9-Jan-12,6.98,7.13,6.95,7.06,49981
6-Jan-12,7.18,7.24,6.98,6.98,81966
5-Jan-12,7.22,7.29,7.15,7.19,41791
4-Jan-12,7.39,7.44,7.25,7.31,129765
3-Jan-12,7.73,7.87,7.33,7.39,114570
30-Dec-11,7.63,7.63,7.63,7.63,0
29-Dec-11,7.17,7.26,7.12,7.22,86202
28-Dec-11,7.07,7.24,6.95,7.15,68354
27-Dec-11,7.17,7.22,7.08,7.11,61108
23-Dec-11,7.23,7.23,7.23,7.23,0
22-Dec-11,7.04,7.35,7.00,7.31,72277
21-Dec-11,7.21,7.24,6.93,7.03,79469
20-Dec-11,6.87,7.34,6.87,7.30,110104
19-Dec-11,7.04,7.05,6.76,6.77,99026
16-Dec-11,7.15,7.21,7.01,7.03,140578
15-Dec-11,7.06,7.11,6.92,7.10,43478
14-Dec-11,7.13,7.25,6.88,7.04,122771
13-Dec-11,7.46,7.46,7.08,7.17,75948
12-Dec-11,7.23,7.49,7.20,7.43,103129
9-Dec-11,7.14,7.38,7.10,7.35,144308
8-Dec-11,7.08,7.18,7.00,7.06,73862
7-Dec-11,7.16,7.25,7.01,7.19,93609
6-Dec-11,7.15,7.35,7.11,7.26,165453
5-Dec-11,6.89,7.16,6.82,7.15,240087
2-Dec-11,6.90,6.98,6.73,6.84,98639
1-Dec-11,6.89,6.98,6.82,6.88,88907
30-Nov-11,6.87,6.99,6.76,6.93,195267
29-Nov-11,6.81,6.96,6.63,6.67,60159
28-Nov-11,7.14,7.20,6.75,6.83,109077
25-Nov-11,6.81,7.03,6.81,6.97,22460
23-Nov-11,6.87,6.87,6.87,6.87,0
22-Nov-11,7.09,7.09,6.61,6.86,722721
21-Nov-11,7.10,7.14,6.95,7.10,206560
18-Nov-11,7.06,7.32,7.05,7.25,174395
17-Nov-11,7.48,7.48,6.95,7.00,102167
16-Nov-11,7.22,7.69,7.16,7.45,270110
15-Nov-11,7.09,7.32,7.00,7.28,94666
14-Nov-11,7.18,7.33,7.02,7.16,105590
11-Nov-11,6.96,7.52,6.95,7.25,195461
10-Nov-11,6.79,7.10,6.55,6.89,270122
9-Nov-11,6.89,6.95,6.63,6.68,415022
8-Nov-11,7.15,7.18,6.91,7.01,336540
7-Nov-11,7.73,8.00,6.78,7.04,584497
4-Nov-11,9.00,9.13,7.54,7.72,676121
3-Nov-11,9.92,10.26,9.56,10.15,124757
2-Nov-11,9.97,10.05,9.63,9.91,60157
1-Nov-11,9.54,10.11,9.54,9.80,145974
31-Oct-11,9.81,10.09,9.50,9.93,108427
28-Oct-11,9.93,10.18,9.88,9.94,106482
27-Oct-11,9.92,10.13,9.72,9.90,182979
26-Oct-11,9.63,9.87,9.42,9.75,54792
25-Oct-11,9.27,9.74,9.15,9.49,98798
24-Oct-11,9.24,9.42,9.01,9.36,116011
21-Oct-11,9.13,9.54,9.03,9.26,123634
20-Oct-11,9.32,9.32,8.71,9.00,122483
19-Oct-11,9.61,9.70,9.21,9.29,84305
18-Oct-11,9.51,9.82,9.35,9.66,100758
17-Oct-11,9.68,9.86,9.33,9.51,126031
14-Oct-11,10.42,10.53,9.57,9.76,71012
13-Oct-11,10.85,10.96,10.19,10.37,79320
12-Oct-11,10.50,11.00,10.46,10.94,51781
11-Oct-11,9.75,10.47,9.68,10.45,50440
10-Oct-11,10.22,10.24,9.59,9.79,71494
7-Oct-11,10.62,10.76,10.01,10.09,87740
6-Oct-11,10.42,10.71,10.32,10.64,49083
5-Oct-11,9.94,10.71,9.86,10.42,99791
4-Oct-11,8.74,10.17,8.63,9.91,149216
3-Oct-11,9.07,9.20,8.60,8.84,240987
30-Sep-11,9.25,9.39,9.12,9.15,112808
