Date,Open,High,Low,Close,Volume
26-Sep-12,32.91,32.92,32.38,32.72,2537676
25-Sep-12,33.90,33.97,32.88,32.94,1533674
24-Sep-12,33.98,34.01,33.69,33.75,1807344
21-Sep-12,34.32,34.41,34.01,34.07,1206402
20-Sep-12,34.22,34.32,33.96,34.23,551218
19-Sep-12,34.25,34.40,33.90,34.21,471813
18-Sep-12,34.12,34.40,34.03,34.33,352031
17-Sep-12,34.32,34.53,33.98,34.19,388424
14-Sep-12,34.37,34.76,34.16,34.35,603418
13-Sep-12,33.78,34.41,33.75,34.35,613493
12-Sep-12,34.24,34.25,33.71,33.81,466375
11-Sep-12,34.20,34.33,33.57,34.07,553977
10-Sep-12,34.60,34.74,34.09,34.14,613856
7-Sep-12,34.76,34.77,34.49,34.67,2228896
6-Sep-12,34.42,35.00,34.06,34.93,2799458
5-Sep-12,34.24,34.50,34.07,34.08,1513283
4-Sep-12,34.78,34.78,33.97,34.42,1642775
31-Aug-12,34.74,34.96,34.36,34.75,1252657
30-Aug-12,34.50,34.67,34.30,34.44,955108
29-Aug-12,34.63,34.95,34.58,34.74,1519553
28-Aug-12,34.43,34.86,34.40,34.76,2953507
27-Aug-12,34.80,34.94,34.41,34.55,1107255
24-Aug-12,34.57,34.84,34.20,34.73,2479276
23-Aug-12,35.00,35.00,34.51,34.52,1606186
22-Aug-12,34.96,35.08,34.58,34.90,1931681
21-Aug-12,35.22,35.40,35.01,35.02,1524592
20-Aug-12,35.37,35.37,34.93,35.07,1346158
17-Aug-12,35.72,35.89,35.51,35.73,1471753
16-Aug-12,35.36,35.71,35.34,35.61,960083
15-Aug-12,35.15,35.49,35.11,35.35,1136733
14-Aug-12,35.00,35.32,34.97,35.25,1718650
13-Aug-12,34.96,35.11,34.71,35.00,1295449
10-Aug-12,34.81,35.11,34.75,35.06,1354223
9-Aug-12,34.76,35.08,34.65,34.86,2158318
8-Aug-12,34.83,35.03,34.74,34.93,1739243
7-Aug-12,34.69,35.13,34.63,34.89,2046950
6-Aug-12,34.70,34.74,34.41,34.64,1933205
3-Aug-12,34.00,34.79,33.44,34.70,2600333
2-Aug-12,32.93,33.65,32.88,33.40,1808894
1-Aug-12,33.67,33.84,33.29,33.59,2300973
31-Jul-12,33.37,33.73,33.18,33.38,2821455
30-Jul-12,32.91,33.41,32.68,33.36,3297721
27-Jul-12,32.80,33.01,32.47,32.90,2842486
26-Jul-12,32.61,33.01,32.29,32.47,1322434
25-Jul-12,31.49,32.27,31.41,31.92,1990642
24-Jul-12,31.84,31.89,31.21,31.47,2241008
23-Jul-12,31.95,31.95,31.35,31.80,1341568
20-Jul-12,32.80,32.80,32.13,32.39,1690773
19-Jul-12,32.66,32.96,32.53,32.82,1853878
18-Jul-12,31.65,32.76,31.55,32.57,1302265
17-Jul-12,31.78,31.83,31.15,31.61,1402466
16-Jul-12,31.60,31.80,31.25,31.55,1593384
13-Jul-12,31.05,31.77,31.01,31.63,1857878
12-Jul-12,31.08,31.20,30.62,31.03,2507796
11-Jul-12,31.47,31.72,31.03,31.39,2641048
10-Jul-12,31.83,32.06,31.16,31.42,2103665
9-Jul-12,32.07,32.19,31.57,31.77,1709911
6-Jul-12,32.96,33.11,32.08,32.20,2045586
5-Jul-12,33.06,33.33,32.57,33.10,1128108
3-Jul-12,32.75,33.07,32.67,33.06,549047
2-Jul-12,33.25,33.32,32.57,32.81,1239910
29-Jun-12,32.80,33.19,32.53,33.08,2022197
28-Jun-12,32.34,32.46,31.83,32.24,1469870
27-Jun-12,32.55,32.81,32.34,32.49,1948212
26-Jun-12,32.21,32.69,31.86,32.36,2880373
25-Jun-12,32.81,32.99,31.91,32.12,1996231
22-Jun-12,32.74,33.29,32.59,33.20,2244711
21-Jun-12,33.20,33.29,32.38,32.52,2044554
20-Jun-12,33.24,33.43,32.93,33.24,1547719
19-Jun-12,33.04,33.30,32.74,33.05,1573023
18-Jun-12,32.36,32.99,32.30,32.86,1756189
15-Jun-12,31.92,32.48,31.74,32.48,2074203
14-Jun-12,31.92,32.25,31.50,31.83,1702276
13-Jun-12,32.13,32.34,31.73,31.86,1595451
12-Jun-12,31.65,32.28,31.65,32.26,1392328
11-Jun-12,32.21,32.24,31.53,31.58,2248820
8-Jun-12,31.58,32.08,31.58,32.01,1814690
7-Jun-12,32.03,32.15,31.65,31.74,2462576
6-Jun-12,31.09,31.73,30.96,31.70,1807839
5-Jun-12,30.53,30.92,30.25,30.79,1604372
4-Jun-12,30.48,30.75,30.23,30.51,1519903
1-Jun-12,30.54,30.93,30.33,30.40,2090124
31-May-12,31.22,31.28,30.70,31.02,5392230
30-May-12,31.27,31.42,30.81,31.30,4289822
29-May-12,31.25,31.49,31.03,31.35,1404742
25-May-12,30.94,31.17,30.82,30.93,1389340
24-May-12,31.15,31.25,30.62,30.86,1974374
23-May-12,30.83,31.29,30.70,31.19,2934414
22-May-12,30.84,31.13,30.75,30.95,4226912
21-May-12,30.64,31.13,30.50,30.89,2280371
18-May-12,31.07,31.21,30.38,30.49,3219083
17-May-12,31.28,31.51,30.98,30.99,2168289
16-May-12,31.56,31.74,31.26,31.33,3235046
15-May-12,31.23,31.76,31.14,31.34,2362742
14-May-12,31.65,31.78,31.44,31.70,2767256
11-May-12,31.93,32.39,31.90,31.90,4178864
10-May-12,32.09,32.29,31.70,31.93,5834840
9-May-12,32.37,32.39,31.90,32.00,4598061
8-May-12,33.18,33.27,32.65,32.70,4242672
7-May-12,33.58,33.63,33.32,33.46,2336964
4-May-12,34.36,34.47,33.76,33.79,3396000
3-May-12,34.98,35.33,34.69,34.69,3393635
2-May-12,34.99,35.66,34.74,34.92,4137096
1-May-12,35.30,35.74,35.22,35.23,2156039
30-Apr-12,35.38,35.56,35.21,35.37,1799941
27-Apr-12,35.51,35.64,35.17,35.41,1949847
26-Apr-12,34.89,35.53,34.76,35.36,1715186
25-Apr-12,34.86,34.99,34.63,34.91,1665463
24-Apr-12,34.88,34.96,34.56,34.57,2105793
23-Apr-12,34.95,35.10,34.68,34.70,2369775
20-Apr-12,35.98,36.06,35.27,35.28,2073293
19-Apr-12,36.24,36.92,35.76,35.76,2420908
18-Apr-12,36.10,36.27,35.78,36.22,1416359
17-Apr-12,36.03,36.58,35.78,36.38,1639707
16-Apr-12,36.07,36.28,35.62,35.70,2267414
13-Apr-12,36.22,36.37,35.81,35.81,2428750
12-Apr-12,35.54,36.25,35.54,36.18,1294478
11-Apr-12,35.49,35.96,35.49,35.55,1365116
10-Apr-12,35.34,35.71,35.05,35.07,2284259
9-Apr-12,35.75,35.83,35.38,35.44,1973979
5-Apr-12,36.15,36.25,35.91,36.14,1212648
4-Apr-12,36.38,36.45,35.95,36.15,1123617
3-Apr-12,37.17,37.18,36.59,36.71,1166005
2-Apr-12,37.17,37.38,36.66,37.32,1319975
30-Mar-12,37.03,37.43,36.80,37.20,1493972
29-Mar-12,36.42,36.77,36.15,36.74,1269963
28-Mar-12,36.85,36.88,36.26,36.60,1191962
27-Mar-12,36.91,37.08,36.82,36.92,1448631
26-Mar-12,36.83,37.08,36.62,36.97,1434649
23-Mar-12,36.62,36.81,36.32,36.57,1016758
22-Mar-12,36.55,37.05,36.47,36.70,1399096
21-Mar-12,36.59,36.89,36.42,36.81,970684
20-Mar-12,36.57,36.69,36.26,36.59,1682512
19-Mar-12,36.32,36.92,36.26,36.74,954017
16-Mar-12,36.82,36.96,36.40,36.48,2687105
15-Mar-12,36.48,37.00,36.44,36.89,1400418
14-Mar-12,36.60,36.99,36.39,36.54,1806432
13-Mar-12,36.03,36.59,35.94,36.59,1456737
12-Mar-12,36.13,36.19,35.67,35.86,1660441
9-Mar-12,35.72,36.22,35.60,36.13,1405272
8-Mar-12,35.76,36.09,35.60,35.85,1678852
7-Mar-12,35.43,35.83,35.21,35.67,1234950
6-Mar-12,35.00,35.53,35.00,35.33,1861674
5-Mar-12,35.66,35.93,35.02,35.17,1854731
2-Mar-12,35.93,36.25,35.51,35.70,1481248
1-Mar-12,36.32,36.40,36.04,36.14,1210891
29-Feb-12,36.78,36.82,36.03,36.07,1687756
28-Feb-12,36.50,36.94,36.26,36.76,1370353
27-Feb-12,36.12,36.55,35.81,36.34,2413873
24-Feb-12,36.38,36.48,36.18,36.37,1105599
23-Feb-12,36.34,36.59,36.00,36.32,1335930
22-Feb-12,36.49,36.80,36.21,36.30,1098832
21-Feb-12,37.29,37.32,36.46,36.63,1135851
17-Feb-12,37.16,37.38,36.89,37.17,1446771
16-Feb-12,36.38,37.36,36.38,37.13,1786209
15-Feb-12,37.16,37.40,36.68,36.70,1857234
14-Feb-12,36.43,36.94,36.28,36.94,3904689
13-Feb-12,37.06,37.06,36.35,36.65,3385878
10-Feb-12,37.07,37.07,36.53,36.69,1395580
9-Feb-12,37.34,37.50,36.98,37.33,1972755
8-Feb-12,37.18,37.42,36.92,37.28,2625149
7-Feb-12,37.84,37.87,37.23,37.30,2785854
6-Feb-12,38.05,38.26,37.79,38.02,1722204
3-Feb-12,38.28,38.88,37.94,38.42,2222908
2-Feb-12,37.53,38.32,37.53,37.69,2455042
1-Feb-12,37.40,37.66,36.98,37.56,1771523
31-Jan-12,37.19,37.37,36.61,36.90,1503531
30-Jan-12,36.48,37.03,36.18,36.87,1647768
27-Jan-12,36.50,37.15,36.50,36.78,1428293
26-Jan-12,37.43,37.87,36.80,37.13,2244187
25-Jan-12,37.33,37.41,36.47,36.79,2357162
24-Jan-12,36.96,37.50,36.72,37.31,1315791
23-Jan-12,37.32,37.68,37.09,37.17,1841459
20-Jan-12,37.94,38.00,37.25,37.37,3085535
19-Jan-12,38.45,38.45,37.82,37.88,5960114
18-Jan-12,37.37,38.38,37.25,38.22,6061611
17-Jan-12,36.03,36.37,35.80,36.17,2073038
13-Jan-12,35.61,35.61,35.61,35.61,0
12-Jan-12,35.92,35.98,35.61,35.75,1811205
11-Jan-12,36.05,36.05,35.57,35.80,1233353
10-Jan-12,36.14,36.21,35.73,35.99,1576693
9-Jan-12,36.17,36.37,35.88,35.98,1381354
6-Jan-12,36.06,36.17,35.47,35.62,1613794
5-Jan-12,36.07,36.15,35.25,36.12,2052787
4-Jan-12,35.68,35.88,35.46,35.82,1417795
3-Jan-12,36.46,36.88,35.70,35.76,3091914
30-Dec-11,36.63,36.63,36.63,36.63,0
29-Dec-11,36.45,36.87,36.21,36.84,921170
28-Dec-11,36.28,36.28,36.28,36.28,0
27-Dec-11,36.62,36.95,36.46,36.72,618063
23-Dec-11,36.61,36.61,36.61,36.61,0
22-Dec-11,35.67,36.44,35.49,36.29,1463766
21-Dec-11,35.81,35.95,34.70,35.45,1509430
20-Dec-11,35.67,35.67,35.67,35.67,0
19-Dec-11,34.83,35.00,33.91,34.01,1954006
16-Dec-11,33.91,34.84,33.87,34.48,3081891
15-Dec-11,34.04,34.18,33.65,33.80,1035159
14-Dec-11,33.86,34.09,33.58,33.69,1646913
13-Dec-11,34.82,34.99,33.71,33.98,1958354
12-Dec-11,34.46,34.72,33.97,34.67,1948390
9-Dec-11,34.30,35.00,33.87,34.81,2773137
8-Dec-11,34.87,35.23,34.57,34.65,1807303
7-Dec-11,34.84,35.38,34.44,35.11,1971057
6-Dec-11,34.83,35.06,34.53,34.90,1517879
5-Dec-11,35.17,35.38,34.76,34.91,1468023
2-Dec-11,35.12,35.40,34.56,34.65,1487624
1-Dec-11,34.76,34.97,34.44,34.86,1216897
30-Nov-11,33.69,34.94,33.47,34.91,2930937
29-Nov-11,33.01,33.36,32.85,32.97,1161520
28-Nov-11,33.11,33.32,32.81,33.07,2883597
25-Nov-11,32.28,32.84,32.26,32.30,646386
23-Nov-11,32.55,32.55,32.55,32.55,0
22-Nov-11,33.93,34.22,33.14,33.19,2045467
21-Nov-11,34.25,34.34,33.73,34.01,1372482
18-Nov-11,34.90,35.07,34.34,34.58,1639896
17-Nov-11,36.27,36.77,34.76,34.79,2926295
16-Nov-11,36.44,37.38,36.35,36.62,2159845
15-Nov-11,36.35,37.10,36.27,36.87,1825752
14-Nov-11,36.62,37.00,36.31,36.43,1187968
11-Nov-11,36.04,37.00,36.04,36.76,1638215
10-Nov-11,35.73,35.99,35.26,35.76,1482857
9-Nov-11,36.11,36.17,35.31,35.45,2186627
8-Nov-11,36.74,37.04,36.27,36.92,2067433
7-Nov-11,36.63,36.85,36.00,36.56,3648351
4-Nov-11,37.09,38.00,36.72,37.02,3933481
3-Nov-11,34.85,35.86,34.48,35.77,2739327
2-Nov-11,34.73,35.04,34.38,34.62,2247286
1-Nov-11,35.17,35.29,34.32,34.48,3693568
31-Oct-11,36.23,36.59,35.83,36.18,2240244
28-Oct-11,36.14,36.64,36.02,36.46,2070732
27-Oct-11,36.04,36.53,35.77,36.36,2618838
26-Oct-11,34.80,35.35,34.32,35.21,2080149
25-Oct-11,34.45,35.14,33.85,34.53,2094599
24-Oct-11,33.94,34.90,33.83,34.69,2042431
21-Oct-11,33.51,33.92,33.34,33.80,3484424
20-Oct-11,33.44,33.49,32.62,33.02,3763138
19-Oct-11,33.60,33.99,33.27,33.44,2360494
18-Oct-11,33.39,33.82,33.06,33.71,2752769
17-Oct-11,33.45,33.71,33.21,33.37,2858941
14-Oct-11,35.00,35.24,33.07,33.45,10265505
13-Oct-11,34.37,35.53,34.30,35.31,3753306
12-Oct-11,34.57,34.84,34.38,34.46,2610698
11-Oct-11,34.34,34.52,34.07,34.31,2159588
10-Oct-11,34.26,34.59,33.97,34.35,2150920
7-Oct-11,33.35,34.06,33.10,33.68,2745725
6-Oct-11,32.65,33.31,32.16,33.29,2698081
5-Oct-11,31.81,32.74,31.20,32.66,2520386
4-Oct-11,30.07,31.72,30.07,31.68,4512843
3-Oct-11,31.00,31.40,30.34,30.43,2936511
30-Sep-11,31.68,31.98,31.10,31.11,2694801
29-Sep-11,32.88,33.11,31.65,32.02,3072259
