Date,Open,High,Low,Close,Volume
26-Sep-12,18.15,18.82,17.63,18.76,327032
25-Sep-12,17.96,18.30,17.69,17.97,124796
24-Sep-12,17.93,17.95,17.33,17.57,218751
21-Sep-12,17.75,17.99,16.99,17.63,34833
20-Sep-12,16.97,17.80,16.97,17.55,21220
19-Sep-12,16.40,17.10,16.28,16.95,20696
18-Sep-12,16.12,16.46,16.12,16.35,14392
17-Sep-12,17.85,17.85,15.89,16.01,19418
14-Sep-12,15.22,16.65,15.16,16.53,8900
13-Sep-12,14.20,15.28,14.20,15.28,10646
12-Sep-12,14.16,14.16,13.87,14.06,2105
11-Sep-12,14.61,14.73,13.85,14.08,17275
10-Sep-12,14.24,14.60,13.94,14.08,13347
7-Sep-12,14.11,14.19,13.68,14.19,29722
6-Sep-12,13.90,14.19,13.84,14.10,14263
5-Sep-12,14.41,14.41,13.87,13.93,54292
4-Sep-12,14.20,14.44,13.61,14.03,53095
31-Aug-12,14.11,14.50,13.81,13.99,197967
30-Aug-12,14.04,14.17,13.75,13.93,31077
29-Aug-12,14.52,14.93,14.10,14.17,31252
28-Aug-12,14.60,14.91,14.36,14.40,40115
27-Aug-12,15.00,15.05,14.31,14.50,296250
24-Aug-12,14.76,14.76,14.05,14.44,54111
23-Aug-12,14.48,14.95,14.05,14.78,51717
22-Aug-12,14.05,14.89,13.76,14.46,125365
21-Aug-12,13.20,14.43,13.20,14.20,101800
20-Aug-12,13.85,13.89,13.15,13.20,50822
17-Aug-12,13.95,13.95,13.35,13.68,109360
16-Aug-12,13.90,14.36,13.24,14.07,353099
15-Aug-12,13.90,14.39,13.90,13.90,32149
14-Aug-12,14.02,14.04,13.76,13.90,122312
13-Aug-12,14.32,14.32,13.78,13.92,227104
10-Aug-12,14.00,14.14,13.94,14.00,63795
9-Aug-12,13.89,14.45,13.65,14.00,87639
8-Aug-12,14.50,14.69,14.00,14.00,42526
7-Aug-12,15.32,15.36,14.18,14.66,154377
6-Aug-12,15.23,15.75,14.81,15.30,229278
3-Aug-12,13.11,14.95,13.11,14.95,490122
