Date,Open,High,Low,Close,Volume
26-Sep-12,0.88,0.88,0.85,0.86,606253
25-Sep-12,0.88,0.90,0.87,0.88,824600
24-Sep-12,0.92,0.93,0.89,0.90,691415
21-Sep-12,0.92,0.93,0.88,0.92,402505
20-Sep-12,0.88,0.90,0.87,0.89,116772
19-Sep-12,0.89,0.90,0.88,0.89,91137
18-Sep-12,0.89,0.91,0.89,0.90,57467
17-Sep-12,0.93,0.93,0.89,0.90,262608
14-Sep-12,0.90,0.94,0.90,0.93,111600
13-Sep-12,0.92,0.92,0.90,0.91,179327
12-Sep-12,0.90,0.96,0.90,0.92,115065
11-Sep-12,0.91,0.92,0.90,0.91,114653
10-Sep-12,0.93,0.93,0.89,0.90,176387
7-Sep-12,0.90,0.93,0.89,0.91,1120966
6-Sep-12,0.91,0.93,0.85,0.89,4473792
5-Sep-12,1.02,1.02,1.00,1.00,1240425
4-Sep-12,0.98,1.00,0.98,1.00,786215
31-Aug-12,0.94,0.99,0.93,0.99,1101027
30-Aug-12,0.94,0.96,0.92,0.93,730878
29-Aug-12,0.96,0.96,0.91,0.94,1690211
28-Aug-12,1.01,1.01,0.94,0.95,1511569
27-Aug-12,1.01,1.02,0.98,0.99,1449941
24-Aug-12,1.00,1.02,0.99,1.00,982402
23-Aug-12,1.01,1.02,0.99,1.00,895196
22-Aug-12,1.02,1.03,1.00,1.00,1073215
21-Aug-12,1.03,1.04,1.02,1.03,832449
20-Aug-12,1.05,1.05,1.01,1.02,766944
17-Aug-12,1.04,1.05,0.99,1.05,1913788
16-Aug-12,1.01,1.02,1.00,1.02,900004
15-Aug-12,1.02,1.03,0.99,1.02,844782
14-Aug-12,1.03,1.03,1.00,1.02,1024651
13-Aug-12,1.04,1.06,1.01,1.02,1113108
10-Aug-12,1.05,1.07,1.02,1.05,1031175
9-Aug-12,1.07,1.08,1.05,1.06,564227
8-Aug-12,1.08,1.09,1.06,1.07,426802
7-Aug-12,1.08,1.10,1.06,1.08,1129932
6-Aug-12,1.06,1.08,1.05,1.07,565633
3-Aug-12,1.05,1.07,1.04,1.06,544032
2-Aug-12,1.02,1.06,1.02,1.05,876376
1-Aug-12,1.05,1.06,1.03,1.03,696489
31-Jul-12,1.08,1.08,1.04,1.04,637358
30-Jul-12,1.05,1.08,1.04,1.05,627019
27-Jul-12,1.05,1.07,1.05,1.06,575914
26-Jul-12,1.09,1.10,1.04,1.06,776673
25-Jul-12,1.02,1.04,1.00,1.02,808216
24-Jul-12,1.04,1.05,1.00,1.02,1637732
23-Jul-12,1.08,1.09,1.04,1.05,591814
20-Jul-12,1.08,1.10,1.05,1.10,660692
19-Jul-12,1.10,1.14,1.09,1.10,1405870
18-Jul-12,1.05,1.10,1.04,1.09,1169693
17-Jul-12,1.06,1.06,1.03,1.05,591362
16-Jul-12,1.05,1.06,1.04,1.05,326791
13-Jul-12,1.06,1.08,1.05,1.06,573183
12-Jul-12,1.02,1.07,1.01,1.06,1290930
11-Jul-12,1.02,1.05,1.00,1.04,1121266
10-Jul-12,1.03,1.03,1.00,1.02,880004
9-Jul-12,1.03,1.06,1.02,1.02,998112
6-Jul-12,1.05,1.06,1.02,1.04,613704
5-Jul-12,1.06,1.07,1.03,1.06,727381
3-Jul-12,1.04,1.08,1.02,1.07,885001
2-Jul-12,1.03,1.05,1.00,1.04,1215695
29-Jun-12,0.98,1.01,0.97,1.00,1079524
28-Jun-12,1.01,1.02,0.95,0.95,3702151
27-Jun-12,1.01,1.02,0.97,0.99,2042460
26-Jun-12,1.03,1.06,1.00,1.02,1252940
25-Jun-12,1.09,1.10,1.02,1.04,1459947
22-Jun-12,1.05,1.11,1.03,1.11,5855412
21-Jun-12,1.04,1.07,1.04,1.06,953088
20-Jun-12,1.05,1.06,1.04,1.04,1016350
19-Jun-12,1.03,1.07,1.02,1.04,1084943
18-Jun-12,1.04,1.06,1.01,1.04,1657335
15-Jun-12,1.00,1.04,1.00,1.04,1641814
14-Jun-12,1.03,1.04,1.00,1.00,1512653
13-Jun-12,1.04,1.04,1.01,1.02,1030588
12-Jun-12,1.03,1.04,1.00,1.03,1494581
11-Jun-12,1.06,1.06,1.03,1.04,1449798
8-Jun-12,1.02,1.05,1.00,1.02,1820444
7-Jun-12,1.10,1.11,1.00,1.02,2141714
6-Jun-12,1.08,1.10,1.00,1.06,5038992
5-Jun-12,1.27,1.33,1.23,1.24,2901200
4-Jun-12,1.30,1.36,1.25,1.26,2420310
1-Jun-12,1.34,1.36,1.28,1.29,3082433
31-May-12,1.24,1.39,1.23,1.35,5088774
30-May-12,1.13,1.27,1.11,1.21,4839651
29-May-12,1.03,1.12,1.03,1.11,1875794
25-May-12,1.02,1.04,1.01,1.02,952846
24-May-12,1.02,1.04,1.00,1.01,1851773
23-May-12,1.00,1.00,0.92,0.95,1772816
22-May-12,1.06,1.07,0.98,0.99,978320
21-May-12,1.04,1.04,1.00,1.02,1022029
18-May-12,0.97,1.03,0.96,1.00,1401456
17-May-12,1.10,1.12,0.96,0.96,3477552
16-May-12,1.08,1.15,1.08,1.10,1642514
15-May-12,1.05,1.09,1.04,1.09,1701064
14-May-12,1.11,1.12,1.04,1.04,1751480
11-May-12,1.10,1.13,1.10,1.11,932755
10-May-12,1.11,1.14,1.10,1.11,565566
9-May-12,1.10,1.12,1.10,1.10,912570
8-May-12,1.15,1.18,1.10,1.11,1934023
7-May-12,1.15,1.16,1.09,1.16,1758204
4-May-12,1.20,1.22,1.16,1.17,1501973
3-May-12,1.27,1.28,1.21,1.21,933607
2-May-12,1.23,1.28,1.21,1.25,1183827
1-May-12,1.23,1.26,1.22,1.22,1065874
30-Apr-12,1.26,1.27,1.22,1.24,1134785
27-Apr-12,1.30,1.30,1.25,1.27,730791
26-Apr-12,1.27,1.30,1.27,1.29,807808
25-Apr-12,1.31,1.33,1.27,1.28,835960
24-Apr-12,1.32,1.33,1.29,1.29,811091
23-Apr-12,1.33,1.35,1.30,1.31,1270922
20-Apr-12,1.32,1.36,1.28,1.34,1488872
19-Apr-12,1.22,1.29,1.22,1.28,1411540
18-Apr-12,1.24,1.25,1.22,1.24,797478
17-Apr-12,1.27,1.29,1.22,1.25,1520339
16-Apr-12,1.30,1.31,1.24,1.24,1188185
13-Apr-12,1.34,1.34,1.25,1.29,1492241
12-Apr-12,1.27,1.36,1.26,1.33,1454943
11-Apr-12,1.26,1.26,1.23,1.26,1122924
10-Apr-12,1.32,1.34,1.22,1.22,2053316
9-Apr-12,1.26,1.36,1.26,1.32,1663839
5-Apr-12,1.30,1.34,1.26,1.28,1847900
4-Apr-12,1.39,1.41,1.28,1.29,4889345
3-Apr-12,1.50,1.51,1.40,1.40,2582367
2-Apr-12,1.54,1.56,1.47,1.51,2237932
30-Mar-12,1.50,1.60,1.48,1.56,4692740
29-Mar-12,1.51,1.64,1.48,1.48,7872169
28-Mar-12,1.55,1.58,1.50,1.53,3117833
27-Mar-12,1.60,1.60,1.53,1.53,1244034
26-Mar-12,1.58,1.60,1.58,1.59,1811052
23-Mar-12,1.55,1.59,1.54,1.56,2074511
22-Mar-12,1.60,1.64,1.50,1.55,7930303
21-Mar-12,1.77,1.78,1.70,1.76,1296865
20-Mar-12,1.75,1.78,1.65,1.75,2040902
19-Mar-12,1.82,1.85,1.72,1.75,2263203
16-Mar-12,1.93,1.93,1.70,1.84,3897170
15-Mar-12,1.85,1.95,1.82,1.90,5836584
14-Mar-12,1.72,1.78,1.70,1.78,4724677
13-Mar-12,1.64,1.73,1.62,1.68,4027563
12-Mar-12,1.60,1.76,1.55,1.61,9239064
9-Mar-12,1.42,1.50,1.42,1.50,1969207
8-Mar-12,1.42,1.49,1.41,1.41,1782501
7-Mar-12,1.42,1.47,1.40,1.41,964525
6-Mar-12,1.43,1.43,1.36,1.40,1215698
5-Mar-12,1.40,1.46,1.37,1.45,1560393
2-Mar-12,1.47,1.47,1.35,1.37,2537720
1-Mar-12,1.49,1.54,1.46,1.47,1549812
29-Feb-12,1.43,1.51,1.43,1.49,2337100
28-Feb-12,1.55,1.58,1.42,1.43,2548251
27-Feb-12,1.61,1.61,1.48,1.49,2620098
24-Feb-12,1.70,1.71,1.58,1.60,2031020
23-Feb-12,1.73,1.74,1.40,1.62,5185290
22-Feb-12,1.55,1.79,1.55,1.71,8725703
21-Feb-12,1.34,1.52,1.34,1.47,5528367
17-Feb-12,1.37,1.40,1.32,1.34,1438739
16-Feb-12,1.32,1.38,1.29,1.35,2145897
15-Feb-12,1.26,1.35,1.26,1.29,3127516
14-Feb-12,1.26,1.29,1.23,1.26,1769871
13-Feb-12,1.23,1.26,1.20,1.26,1383623
10-Feb-12,1.20,1.23,1.17,1.21,1039038
9-Feb-12,1.21,1.26,1.20,1.24,2858991
8-Feb-12,1.15,1.24,1.15,1.20,3684385
7-Feb-12,1.03,1.14,1.03,1.12,2651531
6-Feb-12,1.01,1.03,1.01,1.02,704286
3-Feb-12,1.02,1.04,1.00,1.01,1979375
2-Feb-12,0.99,0.99,0.99,0.99,0
1-Feb-12,0.99,1.01,0.97,1.01,1333150
31-Jan-12,0.98,1.00,0.96,0.98,1891896
30-Jan-12,1.00,1.01,0.96,0.97,1066542
27-Jan-12,0.98,1.02,0.98,1.01,1220671
26-Jan-12,0.99,1.00,0.97,0.98,908457
25-Jan-12,0.97,1.00,0.95,0.99,531862
24-Jan-12,0.97,1.00,0.95,0.97,397872
23-Jan-12,0.97,0.97,0.97,0.97,0
20-Jan-12,0.96,1.01,0.95,1.00,753712
19-Jan-12,0.96,0.98,0.96,0.96,498225
18-Jan-12,0.95,0.96,0.93,0.96,765040
17-Jan-12,0.95,0.96,0.93,0.94,877097
13-Jan-12,0.98,0.98,0.98,0.98,0
12-Jan-12,1.02,1.03,0.98,1.00,1031992
11-Jan-12,0.97,1.01,0.97,1.01,1267549
10-Jan-12,0.98,0.99,0.96,0.98,1026439
9-Jan-12,0.95,0.98,0.94,0.96,922715
6-Jan-12,0.94,0.94,0.94,0.94,0
5-Jan-12,0.90,0.92,0.90,0.92,341157
4-Jan-12,0.92,0.93,0.90,0.91,463312
3-Jan-12,0.87,0.92,0.87,0.91,999231
30-Dec-11,0.87,0.87,0.87,0.87,0
29-Dec-11,0.89,0.90,0.87,0.87,614035
28-Dec-11,0.91,0.92,0.88,0.88,1024058
27-Dec-11,0.92,0.93,0.90,0.92,415577
23-Dec-11,0.92,0.92,0.92,0.92,0
22-Dec-11,0.90,0.90,0.90,0.90,0
21-Dec-11,0.92,0.93,0.90,0.91,377622
20-Dec-11,0.90,0.94,0.90,0.92,762448
19-Dec-11,0.90,0.90,0.90,0.90,0
16-Dec-11,0.95,0.96,0.91,0.92,1237817
15-Dec-11,0.97,0.98,0.92,0.94,695628
14-Dec-11,0.92,0.94,0.86,0.94,1222334
13-Dec-11,1.05,1.09,0.91,0.92,3140456
12-Dec-11,0.98,1.12,0.97,1.09,4454762
9-Dec-11,0.90,0.95,0.90,0.95,905545
8-Dec-11,0.90,0.93,0.90,0.90,809126
7-Dec-11,0.93,0.93,0.90,0.92,528690
6-Dec-11,0.97,0.97,0.92,0.93,669491
5-Dec-11,0.95,0.97,0.92,0.97,961717
2-Dec-11,0.93,0.95,0.92,0.92,312172
1-Dec-11,0.92,0.93,0.89,0.91,515361
30-Nov-11,0.90,0.93,0.89,0.93,1166550
29-Nov-11,0.92,0.92,0.88,0.89,246850
28-Nov-11,0.89,0.90,0.86,0.90,639857
25-Nov-11,0.84,0.88,0.83,0.84,384017
23-Nov-11,0.84,0.84,0.84,0.84,0
22-Nov-11,0.87,0.87,0.84,0.86,572563
21-Nov-11,0.88,0.88,0.88,0.88,0
18-Nov-11,0.92,0.94,0.90,0.91,840065
17-Nov-11,0.93,0.96,0.92,0.93,789195
16-Nov-11,0.95,0.97,0.93,0.94,912776
15-Nov-11,1.00,1.00,1.00,1.00,0
14-Nov-11,1.00,1.02,1.00,1.01,551785
11-Nov-11,1.02,1.03,1.00,1.02,1233733
10-Nov-11,1.02,1.03,1.00,1.01,1097650
9-Nov-11,1.02,1.05,1.00,1.00,2898740
8-Nov-11,1.03,1.06,1.02,1.05,1051897
7-Nov-11,1.02,1.03,1.01,1.03,637689
4-Nov-11,1.01,1.01,1.01,1.01,0
3-Nov-11,1.03,1.04,1.00,1.04,1412969
2-Nov-11,1.03,1.04,1.01,1.01,841568
1-Nov-11,1.01,1.04,1.00,1.00,1722708
31-Oct-11,1.09,1.09,1.04,1.07,1277210
28-Oct-11,1.08,1.08,1.08,1.08,0
27-Oct-11,1.03,1.07,1.01,1.07,3696953
26-Oct-11,0.99,1.01,0.95,1.01,904400
25-Oct-11,1.01,1.01,1.01,1.01,0
24-Oct-11,1.03,1.03,1.01,1.03,1032262
21-Oct-11,1.00,1.03,0.97,1.02,1303754
20-Oct-11,0.98,0.98,0.98,0.98,0
19-Oct-11,0.99,1.00,0.97,0.97,489387
18-Oct-11,0.99,1.01,0.97,0.99,889405
17-Oct-11,1.00,1.00,1.00,1.00,0
14-Oct-11,1.00,1.02,1.00,1.02,852510
13-Oct-11,0.97,0.97,0.97,0.97,0
12-Oct-11,1.00,1.05,1.00,1.04,1340089
11-Oct-11,0.99,1.01,0.95,1.00,1380604
10-Oct-11,0.95,0.99,0.94,0.99,1159083
7-Oct-11,0.92,0.92,0.92,0.92,0
6-Oct-11,0.91,0.97,0.90,0.97,1631359
5-Oct-11,0.93,0.94,0.84,0.90,1262286
4-Oct-11,0.86,0.95,0.80,0.91,1986234
3-Oct-11,0.89,0.92,0.84,0.85,1852122
30-Sep-11,0.87,0.94,0.84,0.84,1745791
29-Sep-11,0.96,0.96,0.83,0.85,3297121
