Date,Open,High,Low,Close,Volume
27-Sep-12,72.49,73.53,72.02,73.24,6045782
26-Sep-12,72.34,72.58,71.71,72.05,5104977
25-Sep-12,74.56,74.56,72.59,72.69,9193634
24-Sep-12,74.02,74.80,74.00,74.26,4747153
21-Sep-12,75.95,76.00,74.50,75.02,8947909
20-Sep-12,74.32,75.28,73.75,75.23,6961953
19-Sep-12,76.13,76.30,74.30,74.71,6221501
18-Sep-12,76.86,76.87,75.31,76.23,7165172
17-Sep-12,77.29,78.27,76.81,77.14,6259139
14-Sep-12,77.78,78.47,77.25,77.60,8626532
13-Sep-12,74.51,75.96,74.24,75.67,6425620
12-Sep-12,74.36,74.73,74.05,74.32,5425854
11-Sep-12,72.81,73.71,72.61,73.66,5165628
10-Sep-12,73.05,73.80,72.68,72.69,4900122
7-Sep-12,72.68,73.65,72.58,73.17,5466658
6-Sep-12,71.87,73.63,71.86,72.46,8041077
5-Sep-12,71.32,72.10,70.67,71.25,6498965
4-Sep-12,72.05,72.34,70.72,71.42,7177207
31-Aug-12,72.10,72.79,71.73,72.38,5754551
30-Aug-12,72.50,72.50,71.47,71.60,6167299
29-Aug-12,74.40,74.40,72.87,72.96,6009819
28-Aug-12,74.41,74.78,73.98,74.38,4771987
27-Aug-12,74.68,75.43,74.33,74.85,4279031
24-Aug-12,74.00,74.75,73.72,74.59,3783693
23-Aug-12,74.71,74.87,73.85,74.19,4871093
22-Aug-12,74.00,74.97,73.83,74.82,4720319
21-Aug-12,74.60,74.99,74.14,74.35,5131462
20-Aug-12,74.49,74.83,74.10,74.34,4984132
17-Aug-12,75.20,75.20,74.53,74.78,2053004
16-Aug-12,73.92,75.10,73.56,74.98,1384779
15-Aug-12,74.33,74.49,73.30,73.87,1231529
14-Aug-12,75.43,75.49,74.16,74.47,1636534
13-Aug-12,75.00,75.39,74.61,75.20,1883295
10-Aug-12,74.20,75.47,73.91,75.35,1832289
9-Aug-12,73.46,74.40,73.11,74.33,1982829
8-Aug-12,73.00,73.85,72.78,73.66,2493448
7-Aug-12,72.86,74.21,72.70,73.61,2180331
6-Aug-12,72.67,72.87,72.04,72.40,1437977
3-Aug-12,72.70,72.84,71.74,72.39,1633848
2-Aug-12,70.45,71.54,69.85,70.83,6358468
1-Aug-12,71.41,72.48,70.26,71.68,6387663
31-Jul-12,72.16,72.76,71.01,71.26,6820097
30-Jul-12,72.82,72.86,72.09,72.54,6438101
27-Jul-12,71.77,73.47,71.18,72.96,9535380
26-Jul-12,70.01,71.67,69.34,71.31,10057718
25-Jul-12,68.22,68.86,67.46,68.25,6464527
24-Jul-12,69.50,69.65,67.04,67.94,8154870
23-Jul-12,68.37,69.79,67.52,69.55,8057778
20-Jul-12,69.92,70.44,68.80,69.33,12357883
19-Jul-12,68.87,69.39,68.27,68.64,8951723
18-Jul-12,67.44,69.18,67.26,68.76,7002050
17-Jul-12,66.95,67.95,66.08,67.79,8716534
16-Jul-12,66.27,66.79,65.54,66.30,5673704
13-Jul-12,65.44,66.93,65.42,66.72,5068127
12-Jul-12,64.82,65.74,64.19,65.39,5837234
11-Jul-12,65.18,66.15,64.90,65.66,6956430
10-Jul-12,66.05,66.36,64.50,64.97,7977820
9-Jul-12,64.83,66.29,64.49,65.82,5597709
6-Jul-12,65.09,66.10,64.57,65.17,6731797
5-Jul-12,67.05,67.14,65.85,66.10,5128163
3-Jul-12,65.82,67.38,65.58,67.34,5385133
2-Jul-12,64.86,66.01,64.48,64.94,6916664
29-Jun-12,64.42,65.48,64.02,64.91,10193404
28-Jun-12,61.48,62.88,61.21,62.72,8758202
27-Jun-12,60.10,61.80,60.01,61.47,9086071
26-Jun-12,60.17,60.45,59.12,59.67,10251440
25-Jun-12,60.75,60.93,59.68,60.06,10411165
22-Jun-12,62.83,63.07,61.20,61.56,12128411
21-Jun-12,65.20,65.47,62.43,62.56,9461155
20-Jun-12,66.83,67.23,65.00,65.54,9315504
19-Jun-12,67.11,67.69,66.60,67.15,5267507
18-Jun-12,65.49,66.70,65.39,66.54,6647827
15-Jun-12,66.14,66.76,65.51,66.46,9564076
14-Jun-12,64.13,65.59,63.84,65.38,5945797
13-Jun-12,64.47,65.56,63.49,63.95,6784083
12-Jun-12,64.46,65.14,63.79,64.93,6297440
11-Jun-12,65.50,65.73,63.92,64.07,7745381
8-Jun-12,63.95,64.70,62.84,64.54,6758657
7-Jun-12,65.77,66.50,64.10,64.43,8169609
6-Jun-12,63.19,64.75,62.93,64.59,12186772
5-Jun-12,61.92,63.28,61.54,62.24,7093120
4-Jun-12,62.10,62.29,60.75,62.21,12006460
1-Jun-12,61.63,62.70,60.87,62.07,12231345
31-May-12,63.81,64.01,61.23,63.25,15050933
30-May-12,66.07,66.08,63.80,64.18,9793134
29-May-12,66.06,68.13,66.02,67.24,7034632
25-May-12,65.52,66.33,65.11,65.41,6177606
24-May-12,67.58,67.65,65.11,65.85,8848544
23-May-12,65.63,67.26,64.90,67.18,6912986
22-May-12,67.07,67.77,65.84,66.40,8172377
21-May-12,64.82,66.86,64.21,66.76,7711774
18-May-12,64.91,65.80,63.88,64.06,9286911
17-May-12,64.54,65.65,64.15,64.75,9274674
16-May-12,65.76,67.00,64.20,64.81,10071007
15-May-12,67.38,67.62,65.28,65.52,7730693
14-May-12,67.82,67.82,66.85,67.25,6861998
11-May-12,68.84,70.15,68.66,68.80,5170266
10-May-12,70.50,71.18,69.20,69.44,5869536
9-May-12,69.24,70.59,68.74,69.64,7296416
8-May-12,69.92,70.60,68.37,70.39,8521503
7-May-12,69.81,71.10,69.35,70.60,5584138
4-May-12,71.89,71.89,69.45,69.96,9632724
3-May-12,74.20,74.29,72.18,72.61,6814234
2-May-12,74.46,74.68,73.83,74.17,6132024
1-May-12,74.16,76.19,73.79,75.13,6783174
30-Apr-12,73.34,74.28,73.34,74.14,5018174
27-Apr-12,74.54,74.73,73.50,73.95,6481408
26-Apr-12,73.86,74.72,73.27,74.25,7062176
25-Apr-12,73.65,74.92,73.15,74.46,10808478
24-Apr-12,71.50,73.50,71.19,72.71,9015008
23-Apr-12,70.77,72.25,69.89,71.19,10056110
20-Apr-12,72.73,74.52,71.61,71.70,19486352
19-Apr-12,70.12,71.25,69.37,69.80,9068361
18-Apr-12,69.37,70.81,69.27,69.93,7650622
17-Apr-12,68.63,69.66,68.50,69.35,8246483
16-Apr-12,68.75,69.08,67.36,67.44,6851327
13-Apr-12,69.91,70.20,68.32,68.38,7561794
12-Apr-12,68.46,70.42,68.13,70.34,9136808
11-Apr-12,68.74,68.90,68.00,68.12,8967323
10-Apr-12,67.36,68.06,66.45,67.26,11014996
9-Apr-12,67.49,68.65,67.25,67.59,6456154
5-Apr-12,68.54,69.40,68.28,68.42,7971254
4-Apr-12,68.81,69.59,68.24,68.69,6752610
3-Apr-12,70.50,70.65,68.99,69.73,10037271
2-Apr-12,69.60,71.09,69.10,69.84,8855632
30-Mar-12,69.88,70.42,68.80,69.93,10877585
29-Mar-12,69.33,70.46,68.33,69.14,11229670
28-Mar-12,69.61,70.70,68.60,69.78,10486494
27-Mar-12,72.33,72.36,69.93,69.96,16967656
26-Mar-12,73.61,73.84,71.97,72.40,10053072
23-Mar-12,72.33,73.51,71.56,73.18,11529209
22-Mar-12,73.02,73.11,71.12,71.98,15867104
21-Mar-12,75.17,75.17,73.67,74.01,14069592
20-Mar-12,76.24,76.24,75.24,75.71,6569623
19-Mar-12,76.75,77.43,76.60,77.10,5659588
16-Mar-12,75.32,77.04,75.07,76.76,11838934
15-Mar-12,74.17,75.06,73.26,74.92,6749168
14-Mar-12,74.66,74.80,73.53,74.02,8145714
13-Mar-12,74.40,74.90,73.52,74.77,9371690
12-Mar-12,75.65,75.76,73.75,74.02,8035263
9-Mar-12,75.99,76.76,75.51,75.84,6691373
8-Mar-12,75.21,76.34,75.02,75.82,6017799
7-Mar-12,74.39,74.93,73.91,74.70,6386140
6-Mar-12,73.86,74.08,72.73,73.79,10356695
5-Mar-12,76.81,76.88,75.03,75.69,6201048
2-Mar-12,78.00,78.32,76.73,77.19,6636890
1-Mar-12,78.14,78.89,77.40,78.37,6116915
29-Feb-12,78.81,79.42,77.40,77.61,8363351
28-Feb-12,79.10,79.54,78.22,78.78,6348393
27-Feb-12,79.22,79.67,78.05,79.11,5597115
24-Feb-12,80.10,80.50,79.60,79.85,5084078
23-Feb-12,80.40,80.40,78.56,79.59,7400012
22-Feb-12,78.55,80.78,78.55,80.00,8156819
21-Feb-12,78.93,79.77,78.26,78.58,8227488
17-Feb-12,78.58,78.67,77.58,77.74,8605097
16-Feb-12,77.12,78.29,76.50,78.06,10820206
15-Feb-12,78.16,78.17,76.74,77.36,6184669
14-Feb-12,77.71,77.98,76.95,77.80,4414863
13-Feb-12,78.09,78.41,77.12,78.03,4708876
10-Feb-12,77.69,78.04,76.62,77.17,7209558
9-Feb-12,78.81,78.94,77.73,78.64,7369971
8-Feb-12,79.82,79.87,77.97,78.41,6645141
7-Feb-12,79.34,79.69,78.00,79.50,7554025
6-Feb-12,78.20,79.74,77.75,79.64,5361249
3-Feb-12,78.31,78.70,77.71,78.66,7383109
2-Feb-12,76.25,77.45,75.97,77.31,7419872
1-Feb-12,76.35,77.15,75.11,76.12,7261070
31-Jan-12,76.95,76.95,74.95,75.17,8978431
30-Jan-12,75.47,76.28,74.45,76.27,6593005
27-Jan-12,75.85,77.49,75.85,76.66,7239375
26-Jan-12,77.04,77.75,75.80,75.98,7840005
25-Jan-12,74.14,76.52,73.10,76.19,10428155
24-Jan-12,73.17,74.59,72.87,74.59,7402711
23-Jan-12,74.22,74.80,73.09,74.16,9017584
20-Jan-12,73.80,75.75,72.60,73.80,18105826
19-Jan-12,71.22,73.00,71.22,72.86,12787412
18-Jan-12,67.14,70.66,67.12,70.63,13097366
17-Jan-12,69.37,69.74,67.40,67.64,11759989
13-Jan-12,67.99,67.99,67.99,67.99,0
12-Jan-12,70.58,71.49,68.19,69.70,8774953
11-Jan-12,70.59,70.60,69.41,70.16,7503792
10-Jan-12,70.46,71.06,70.25,70.75,8985179
9-Jan-12,68.27,68.96,67.88,68.82,5623783
6-Jan-12,68.50,68.73,67.36,67.78,8985998
5-Jan-12,68.98,69.07,67.14,68.07,10804250
4-Jan-12,70.13,70.44,69.23,69.56,6569169
3-Jan-12,70.40,70.89,69.60,70.09,7669265
30-Dec-11,68.31,68.31,68.31,68.31,0
29-Dec-11,67.07,67.74,67.00,67.41,4690818
28-Dec-11,68.59,69.00,66.79,67.04,6324339
27-Dec-11,69.06,69.56,68.60,68.60,4345709
23-Dec-11,69.14,69.14,69.14,69.14,0
22-Dec-11,68.40,68.40,66.72,67.93,8722996
21-Dec-11,68.39,68.62,66.36,67.71,7832403
20-Dec-11,66.70,68.58,66.69,68.17,8083923
19-Dec-11,67.42,67.42,64.95,65.07,8046676
16-Dec-11,67.13,67.95,65.81,66.91,11768209
15-Dec-11,68.08,68.48,66.18,66.33,8450452
14-Dec-11,69.18,69.51,66.82,67.00,13812527
13-Dec-11,72.58,73.76,70.01,70.41,9915696
12-Dec-11,72.85,72.99,70.58,71.92,9502596
9-Dec-11,72.14,74.56,72.04,74.15,10490392
8-Dec-11,74.24,75.35,71.65,71.95,12316807
7-Dec-11,75.79,76.10,74.34,75.09,9843936
6-Dec-11,76.86,77.65,75.93,76.65,7792416
5-Dec-11,76.29,77.39,75.93,77.15,9642000
2-Dec-11,75.90,76.72,74.84,75.01,7055273
1-Dec-11,75.16,76.05,74.25,74.87,7551388
30-Nov-11,73.18,75.50,73.04,75.33,12319761
29-Nov-11,69.84,71.33,69.07,70.43,7447372
28-Nov-11,68.49,69.87,68.44,69.22,8296507
25-Nov-11,66.11,67.81,66.06,66.37,3545187
23-Nov-11,66.50,66.50,66.50,66.50,0
22-Nov-11,69.79,70.49,68.60,68.95,7934259
21-Nov-11,69.94,70.65,68.65,70.18,8494917
18-Nov-11,72.76,72.76,70.16,71.32,9633658
17-Nov-11,74.68,74.97,70.89,71.71,12046341
16-Nov-11,75.35,76.87,74.69,74.77,13266057
15-Nov-11,75.30,76.63,74.51,75.97,7884815
14-Nov-11,75.51,76.63,75.00,75.62,5961523
11-Nov-11,75.22,77.15,74.37,76.54,8356852
10-Nov-11,74.34,74.88,72.82,74.05,7601107
9-Nov-11,74.40,74.69,72.86,73.09,12586017
8-Nov-11,75.94,77.05,74.72,76.83,8863983
7-Nov-11,75.02,76.47,73.97,75.33,6756175
4-Nov-11,74.75,76.73,73.92,74.97,10631820
3-Nov-11,73.81,76.20,73.13,75.93,11993837
2-Nov-11,72.89,72.98,71.40,72.74,8187521
1-Nov-11,69.81,72.43,69.00,71.13,15946561
31-Oct-11,74.99,75.49,73.11,73.47,10499767
28-Oct-11,74.95,76.93,74.64,75.96,10836737
27-Oct-11,72.76,76.56,72.76,74.54,18201405
26-Oct-11,69.34,70.34,67.31,69.84,11805113
25-Oct-11,70.32,70.52,67.78,68.03,11878362
24-Oct-11,67.78,69.95,67.40,69.88,11199364
21-Oct-11,68.64,69.28,66.52,67.38,21589567
20-Oct-11,68.00,68.81,66.50,67.99,13141771
19-Oct-11,69.83,70.93,67.73,67.90,10644496
18-Oct-11,67.54,70.40,66.60,69.91,10030192
17-Oct-11,69.74,69.93,67.17,67.52,12283303
14-Oct-11,68.64,70.99,68.53,70.94,11508203
13-Oct-11,67.00,67.58,65.74,67.20,10978544
12-Oct-11,67.36,68.62,66.82,67.31,12050176
11-Oct-11,65.46,68.04,65.25,66.82,14478886
10-Oct-11,64.61,66.08,64.61,65.79,10362085
7-Oct-11,63.95,64.08,61.92,62.64,12000903
6-Oct-11,62.51,64.25,61.02,63.89,14736597
5-Oct-11,59.27,62.10,58.25,61.58,15234241
4-Oct-11,56.12,59.32,54.79,59.11,20236027
3-Oct-11,58.90,59.95,57.72,57.72,15980583
30-Sep-11,60.00,61.25,59.38,59.73,14908945
