Date,Open,High,Low,Close,Volume
26-Sep-12,10.92,10.99,10.77,10.78,50557
25-Sep-12,11.54,11.54,10.93,10.94,72762
24-Sep-12,11.26,11.52,11.19,11.43,36743
21-Sep-12,11.19,11.40,11.11,11.28,55071
20-Sep-12,11.39,11.39,10.90,10.98,7403
19-Sep-12,11.55,11.62,11.41,11.44,14655
18-Sep-12,11.47,11.55,11.42,11.49,30723
17-Sep-12,11.33,11.46,11.31,11.44,11160
14-Sep-12,11.27,11.49,11.16,11.39,24376
13-Sep-12,11.00,11.27,10.79,11.21,34097
12-Sep-12,11.00,11.02,10.70,10.95,13652
11-Sep-12,11.35,11.38,10.86,11.00,42200
10-Sep-12,11.32,11.38,11.23,11.29,12175
7-Sep-12,11.28,11.33,11.03,11.27,99308
6-Sep-12,11.06,11.27,10.99,11.21,106222
5-Sep-12,11.07,11.17,10.82,10.96,67005
4-Sep-12,11.00,11.15,10.93,11.10,90230
31-Aug-12,11.05,11.13,10.80,10.97,51614
30-Aug-12,11.20,11.22,11.02,11.04,13586
29-Aug-12,11.39,11.51,11.22,11.26,33419
28-Aug-12,11.36,11.45,11.12,11.40,32363
27-Aug-12,11.12,11.42,11.00,11.28,29616
24-Aug-12,11.19,11.29,11.06,11.16,22293
23-Aug-12,11.47,11.52,11.08,11.24,33774
22-Aug-12,11.68,11.73,11.34,11.47,37122
21-Aug-12,11.98,12.29,11.67,11.70,35573
20-Aug-12,11.89,11.98,11.60,11.92,32367
17-Aug-12,11.69,11.97,11.69,11.97,26063
16-Aug-12,11.53,11.78,11.38,11.74,33749
15-Aug-12,11.22,11.51,11.00,11.47,35709
14-Aug-12,11.54,11.54,11.21,11.29,19438
13-Aug-12,11.82,11.90,11.34,11.42,38081
10-Aug-12,11.46,12.03,11.19,11.85,83158
9-Aug-12,10.63,11.60,10.58,11.56,116061
8-Aug-12,10.93,11.10,10.75,10.87,69113
7-Aug-12,11.09,11.41,10.87,10.94,234600
6-Aug-12,10.84,11.13,10.79,10.98,27380
3-Aug-12,11.02,11.15,10.76,10.81,62856
2-Aug-12,11.00,11.17,10.80,10.90,60203
1-Aug-12,11.50,11.50,10.90,10.92,60370
31-Jul-12,11.61,11.66,11.39,11.45,18224
30-Jul-12,11.62,11.79,11.62,11.65,14101
27-Jul-12,11.08,11.69,10.90,11.66,38036
26-Jul-12,11.19,11.26,10.82,11.04,29804
25-Jul-12,11.21,11.24,10.91,10.99,34451
24-Jul-12,11.20,11.31,11.00,11.09,54804
23-Jul-12,11.30,11.40,11.19,11.19,21916
20-Jul-12,11.58,11.73,11.51,11.51,24685
19-Jul-12,11.92,11.98,11.73,11.73,20935
18-Jul-12,11.63,11.98,11.63,11.84,21920
17-Jul-12,11.58,11.74,11.37,11.63,22363
16-Jul-12,11.99,11.99,11.53,11.53,29104
13-Jul-12,11.64,12.18,11.64,12.07,58443
12-Jul-12,11.26,11.68,11.26,11.61,45094
11-Jul-12,11.22,11.38,11.00,11.34,49170
10-Jul-12,11.37,11.37,11.14,11.22,34820
9-Jul-12,11.52,11.55,11.11,11.32,29094
6-Jul-12,11.70,11.83,11.52,11.58,20406
5-Jul-12,11.90,12.05,11.74,11.84,28821
3-Jul-12,11.54,11.99,11.50,11.98,31495
2-Jul-12,10.99,11.59,10.87,11.59,53663
29-Jun-12,11.20,11.36,10.89,10.93,82055
28-Jun-12,11.16,11.33,10.83,10.92,189124
27-Jun-12,11.24,11.40,11.23,11.28,36645
26-Jun-12,11.37,11.37,11.11,11.26,15484
25-Jun-12,11.23,11.48,11.23,11.30,45700
22-Jun-12,11.38,11.56,11.23,11.45,428945
21-Jun-12,11.47,11.56,10.97,11.26,86968
20-Jun-12,11.67,11.82,11.30,11.45,27472
19-Jun-12,11.48,11.88,11.43,11.71,51700
18-Jun-12,11.62,11.62,11.36,11.38,31188
15-Jun-12,11.35,11.76,11.29,11.68,59050
14-Jun-12,11.42,11.64,11.20,11.39,38612
13-Jun-12,11.50,11.68,11.38,11.42,37376
12-Jun-12,11.41,11.68,11.35,11.57,47417
11-Jun-12,12.12,12.12,11.32,11.33,93747
8-Jun-12,11.57,11.99,11.37,11.92,63583
7-Jun-12,11.47,11.72,11.29,11.57,87024
6-Jun-12,10.80,11.40,10.75,11.29,172627
5-Jun-12,10.98,11.16,10.67,10.71,37622
4-Jun-12,10.97,11.20,10.86,11.01,45239
1-Jun-12,11.11,11.34,10.90,10.94,37140
31-May-12,11.21,11.50,10.92,11.40,85652
30-May-12,11.16,11.26,11.04,11.22,30862
29-May-12,11.16,11.26,10.99,11.25,17015
25-May-12,11.00,11.17,10.99,11.09,25774
24-May-12,10.95,11.04,10.60,10.97,33498
23-May-12,10.85,10.96,10.65,10.91,29442
22-May-12,11.12,11.13,10.74,10.99,54305
21-May-12,10.88,11.13,10.61,11.13,56457
18-May-12,10.91,11.12,10.75,10.81,53403
17-May-12,10.99,11.31,10.91,10.93,90879
16-May-12,11.05,11.13,10.92,11.01,59658
15-May-12,11.14,11.24,11.08,11.10,90065
14-May-12,11.31,11.31,11.05,11.10,50081
11-May-12,11.37,11.65,11.35,11.42,82189
10-May-12,11.95,12.04,11.36,11.46,69980
9-May-12,11.83,11.97,11.68,11.83,72393
8-May-12,11.32,12.02,11.32,11.98,52717
7-May-12,11.43,11.53,11.32,11.38,28813
4-May-12,11.85,12.00,11.40,11.44,66392
3-May-12,11.96,12.13,11.84,11.92,48272
2-May-12,11.89,12.18,11.73,12.01,46899
1-May-12,12.37,12.59,12.01,12.01,67598
30-Apr-12,12.79,12.92,12.25,12.29,37029
27-Apr-12,12.53,12.90,12.34,12.84,79502
26-Apr-12,12.15,12.73,12.15,12.52,90496
25-Apr-12,12.78,12.99,12.02,12.14,99802
24-Apr-12,12.00,12.60,12.00,12.58,62514
23-Apr-12,11.82,12.10,11.80,12.00,81927
20-Apr-12,11.96,12.37,11.81,11.98,69730
19-Apr-12,11.81,12.15,11.67,11.75,92139
18-Apr-12,12.30,12.42,11.75,11.79,66272
17-Apr-12,12.42,12.56,12.36,12.41,82931
16-Apr-12,12.41,12.61,12.23,12.30,46266
13-Apr-12,12.81,12.86,12.31,12.37,38022
12-Apr-12,12.64,13.23,12.64,12.88,86020
11-Apr-12,12.64,12.67,12.44,12.66,51172
10-Apr-12,13.00,13.03,12.42,12.48,70171
9-Apr-12,13.11,13.20,12.98,13.00,59756
5-Apr-12,13.41,13.52,13.30,13.34,63649
4-Apr-12,13.44,13.51,13.29,13.44,66510
3-Apr-12,13.78,13.88,13.52,13.54,42262
2-Apr-12,13.82,14.12,13.64,13.83,87433
30-Mar-12,13.87,14.10,13.63,13.89,61894
29-Mar-12,13.91,14.15,13.53,13.74,98156
28-Mar-12,14.15,14.15,13.50,14.04,155720
27-Mar-12,14.56,14.56,14.02,14.07,142739
26-Mar-12,15.00,15.00,14.46,14.50,79173
23-Mar-12,14.59,14.97,14.40,14.81,74966
22-Mar-12,14.69,14.93,14.44,14.56,53015
21-Mar-12,14.93,15.09,14.82,14.83,98159
20-Mar-12,14.71,15.00,14.51,14.88,67571
19-Mar-12,14.79,14.87,14.24,14.85,123458
16-Mar-12,13.88,14.92,13.88,14.80,205554
15-Mar-12,13.50,14.29,12.91,14.21,203089
14-Mar-12,15.04,15.08,14.49,14.58,35116
13-Mar-12,14.91,15.14,14.64,15.13,161800
12-Mar-12,15.20,15.20,14.73,14.78,38417
9-Mar-12,14.40,15.00,14.36,14.71,40390
8-Mar-12,14.40,14.41,14.22,14.36,19693
7-Mar-12,14.21,14.44,14.04,14.32,35741
6-Mar-12,13.97,14.50,13.94,14.18,130222
5-Mar-12,13.99,14.26,13.98,14.17,48464
2-Mar-12,13.73,14.26,13.31,14.05,263009
1-Mar-12,14.29,14.43,13.67,13.70,164692
29-Feb-12,14.38,14.55,14.18,14.20,46987
28-Feb-12,14.38,14.58,14.22,14.32,18589
27-Feb-12,14.18,14.54,14.04,14.42,44540
24-Feb-12,14.88,14.89,14.28,14.31,37975
23-Feb-12,14.47,14.94,14.47,14.91,48151
22-Feb-12,14.57,14.80,14.45,14.46,24568
21-Feb-12,14.44,14.87,14.25,14.62,50089
17-Feb-12,14.61,14.61,14.36,14.39,50959
16-Feb-12,14.32,14.72,14.25,14.51,72515
15-Feb-12,14.37,14.59,14.20,14.28,98838
14-Feb-12,14.72,14.72,14.22,14.42,47309
13-Feb-12,14.90,14.90,14.48,14.70,87055
10-Feb-12,14.84,14.84,14.84,14.84,0
9-Feb-12,15.09,15.10,14.69,15.07,90997
8-Feb-12,15.07,15.19,14.91,15.09,141823
7-Feb-12,14.71,15.16,14.51,15.04,77816
6-Feb-12,14.65,14.81,14.54,14.71,65724
3-Feb-12,14.73,14.96,14.55,14.71,98978
2-Feb-12,14.50,14.55,14.11,14.47,200068
1-Feb-12,14.38,14.90,14.32,14.51,99313
31-Jan-12,14.63,14.64,14.18,14.28,43426
30-Jan-12,14.04,14.63,13.97,14.51,57844
27-Jan-12,14.34,14.34,14.34,14.34,0
26-Jan-12,14.71,15.33,14.36,14.60,155699
25-Jan-12,14.71,14.71,14.42,14.68,74029
24-Jan-12,14.18,14.80,13.97,14.76,118026
23-Jan-12,14.58,14.64,14.17,14.32,67908
20-Jan-12,14.63,14.72,14.42,14.54,83778
19-Jan-12,14.93,14.97,14.47,14.65,60598
18-Jan-12,14.48,14.94,14.39,14.87,53886
17-Jan-12,14.42,14.68,14.34,14.49,66206
13-Jan-12,14.27,14.27,14.27,14.27,0
12-Jan-12,14.41,14.41,13.89,14.20,100497
11-Jan-12,14.22,14.46,13.99,14.33,58194
10-Jan-12,14.09,14.30,13.74,14.29,89465
9-Jan-12,13.47,13.90,13.03,13.83,116083
6-Jan-12,13.90,13.90,13.34,13.43,83152
5-Jan-12,13.64,13.98,13.28,13.95,42381
4-Jan-12,13.44,13.90,13.22,13.79,75220
3-Jan-12,14.24,14.29,13.45,13.49,144000
30-Dec-11,13.82,13.82,13.82,13.82,0
29-Dec-11,14.04,14.04,14.04,14.04,0
28-Dec-11,13.90,13.90,13.90,13.90,0
27-Dec-11,14.30,14.49,14.16,14.41,46001
23-Dec-11,14.44,14.44,14.44,14.44,0
22-Dec-11,14.26,14.26,14.26,14.26,0
21-Dec-11,14.11,14.17,13.64,14.17,62508
20-Dec-11,13.58,14.27,13.49,14.11,240100
19-Dec-11,13.32,13.69,13.10,13.21,127956
16-Dec-11,13.20,13.37,12.84,13.14,205817
15-Dec-11,13.13,13.13,12.75,13.03,72382
14-Dec-11,12.74,12.74,12.74,12.74,0
13-Dec-11,12.49,12.97,12.48,12.75,110860
12-Dec-11,12.25,12.40,12.13,12.37,60534
9-Dec-11,12.15,12.15,12.15,12.15,0
8-Dec-11,11.72,11.80,11.63,11.70,86226
7-Dec-11,11.61,12.00,11.60,11.88,101533
6-Dec-11,11.78,11.86,11.67,11.74,59799
5-Dec-11,11.65,11.90,11.57,11.76,76965
2-Dec-11,11.28,11.57,11.28,11.54,45244
1-Dec-11,11.10,11.10,11.10,11.10,0
30-Nov-11,11.18,11.55,10.95,11.23,205238
29-Nov-11,11.33,11.47,10.56,10.59,70125
28-Nov-11,10.97,11.44,10.76,11.38,81819
25-Nov-11,10.78,11.01,10.50,10.50,25976
23-Nov-11,10.98,10.98,10.98,10.98,0
22-Nov-11,11.35,11.51,11.20,11.35,60829
21-Nov-11,11.43,11.70,11.29,11.33,121971
18-Nov-11,11.84,11.87,11.49,11.71,103934
17-Nov-11,11.94,11.95,11.62,11.79,73416
16-Nov-11,11.92,12.29,11.80,11.81,68920
15-Nov-11,11.50,12.13,11.48,12.07,122485
14-Nov-11,11.62,11.74,11.23,11.55,107479
11-Nov-11,11.60,11.60,11.60,11.60,0
10-Nov-11,11.11,11.32,10.96,11.21,61981
9-Nov-11,11.02,11.02,11.02,11.02,0
8-Nov-11,11.22,11.48,10.80,11.13,276394
7-Nov-11,10.29,11.73,10.12,11.04,572792
4-Nov-11,13.04,13.16,12.67,12.86,60325
3-Nov-11,13.05,13.38,12.60,13.27,64448
2-Nov-11,12.78,12.78,12.78,12.78,0
1-Nov-11,12.23,12.55,12.13,12.40,116057
31-Oct-11,12.64,12.83,12.42,12.77,78417
28-Oct-11,13.00,13.48,12.57,12.93,82937
27-Oct-11,12.41,13.46,12.26,13.05,142449
26-Oct-11,11.57,12.11,11.28,11.87,191909
25-Oct-11,11.16,11.16,11.16,11.16,0
24-Oct-11,11.22,11.59,11.19,11.46,119843
21-Oct-11,11.51,11.51,11.05,11.15,212356
20-Oct-11,11.23,11.23,11.23,11.23,0
19-Oct-11,11.10,11.34,10.82,11.00,80223
18-Oct-11,10.94,11.30,10.76,11.10,167235
17-Oct-11,10.92,10.92,10.92,10.92,0
14-Oct-11,11.08,11.31,10.83,11.25,74781
13-Oct-11,11.00,11.13,10.44,10.89,90761
12-Oct-11,10.74,11.23,10.74,11.12,127775
11-Oct-11,10.44,10.70,10.43,10.59,95894
10-Oct-11,10.55,10.55,10.55,10.55,0
7-Oct-11,10.83,10.83,10.01,10.14,170852
6-Oct-11,10.58,10.96,10.52,10.75,234901
5-Oct-11,10.69,10.69,10.69,10.69,0
4-Oct-11,10.59,11.05,10.36,10.92,213748
3-Oct-11,11.34,11.91,10.67,10.67,119505
30-Sep-11,11.83,12.25,11.41,11.49,49456
29-Sep-11,12.27,12.44,11.62,12.11,46418
