Date,Open,High,Low,Close,Volume
26-Sep-12,9.95,9.95,9.95,9.95,0
25-Sep-12,9.95,9.95,9.95,9.95,0
24-Sep-12,9.95,9.95,9.95,9.95,0
21-Sep-12,9.95,9.95,9.95,9.95,0
20-Sep-12,9.95,9.95,9.95,9.95,0
19-Sep-12,9.95,9.95,9.95,9.95,0
18-Sep-12,9.95,9.95,9.95,9.95,0
17-Sep-12,9.95,9.95,9.95,9.95,0
14-Sep-12,9.95,9.95,9.95,9.95,0
13-Sep-12,9.95,9.95,9.95,9.95,0
12-Sep-12,9.95,9.95,9.95,9.95,0
11-Sep-12,9.95,9.95,9.95,9.95,0
10-Sep-12,9.95,9.95,9.95,9.95,0
7-Sep-12,9.95,9.95,9.95,9.95,0
6-Sep-12,9.95,9.95,9.95,9.95,0
5-Sep-12,9.95,9.95,9.95,9.95,0
4-Sep-12,9.95,9.95,9.95,9.95,0
31-Aug-12,9.95,9.95,9.95,9.95,0
30-Aug-12,9.95,9.95,9.95,9.95,0
29-Aug-12,9.95,9.95,9.95,9.95,0
28-Aug-12,9.95,9.95,9.95,9.95,0
27-Aug-12,9.95,9.95,9.95,9.95,0
24-Aug-12,9.95,9.95,9.95,9.95,0
23-Aug-12,9.95,9.95,9.95,9.95,0
22-Aug-12,9.95,9.95,9.95,9.95,0
21-Aug-12,9.95,9.95,9.95,9.95,0
20-Aug-12,9.95,9.95,9.95,9.95,0
17-Aug-12,9.95,9.95,9.95,9.95,0
16-Aug-12,9.95,9.95,9.95,9.95,0
15-Aug-12,9.95,9.95,9.95,9.95,0
14-Aug-12,9.95,9.95,9.95,9.95,0
13-Aug-12,9.95,9.95,9.95,9.95,0
10-Aug-12,9.95,9.95,9.95,9.95,0
9-Aug-12,9.95,9.95,9.95,9.95,0
8-Aug-12,9.95,9.95,9.95,9.95,0
7-Aug-12,9.95,9.95,9.95,9.95,0
6-Aug-12,9.95,9.95,9.95,9.95,0
3-Aug-12,9.95,9.95,9.95,9.95,0
2-Aug-12,9.95,9.95,9.95,9.95,0
1-Aug-12,9.95,9.95,9.95,9.95,0
31-Jul-12,9.95,9.95,9.95,9.95,0
30-Jul-12,9.95,9.95,9.95,9.95,0
27-Jul-12,10.00,10.00,10.00,10.00,1000
26-Jul-12,9.95,9.95,9.95,9.95,0
25-Jul-12,9.95,9.95,9.95,9.95,200
24-Jul-12,10.00,10.00,10.00,10.00,0
23-Jul-12,10.00,10.00,10.00,10.00,0
20-Jul-12,10.00,10.00,10.00,10.00,0
19-Jul-12,9.93,10.00,9.93,10.00,1998
18-Jul-12,9.94,9.94,9.94,9.94,0
17-Jul-12,9.94,9.94,9.94,9.94,300
16-Jul-12,9.92,9.93,9.90,9.90,700
13-Jul-12,9.92,9.92,9.92,9.92,500
12-Jul-12,9.97,9.97,9.97,9.97,0
11-Jul-12,9.97,9.97,9.97,9.97,0
10-Jul-12,9.97,9.97,9.97,9.97,0
9-Jul-12,9.97,9.97,9.97,9.97,0
6-Jul-12,9.97,9.97,9.97,9.97,0
5-Jul-12,9.97,9.97,9.97,9.97,0
3-Jul-12,9.97,9.97,9.97,9.97,0
2-Jul-12,9.97,9.97,9.97,9.97,0
29-Jun-12,9.97,9.97,9.97,9.97,0
28-Jun-12,9.97,9.97,9.97,9.97,0
27-Jun-12,9.97,9.97,9.97,9.97,0
26-Jun-12,9.97,9.97,9.97,9.97,0
25-Jun-12,9.97,9.97,9.97,9.97,0
22-Jun-12,9.97,9.97,9.97,9.97,0
21-Jun-12,9.97,9.97,9.97,9.97,0
20-Jun-12,9.97,9.97,9.97,9.97,0
19-Jun-12,9.97,9.97,9.95,9.95,3150
18-Jun-12,9.92,9.92,9.92,9.92,0
15-Jun-12,9.92,9.92,9.92,9.92,0
14-Jun-12,9.92,9.92,9.92,9.92,300
13-Jun-12,10.07,10.07,10.07,10.07,0
12-Jun-12,10.07,10.07,10.07,10.07,0
11-Jun-12,10.07,10.07,10.07,10.07,0
8-Jun-12,10.07,10.07,10.07,10.07,0
7-Jun-12,10.07,10.07,10.07,10.07,0
6-Jun-12,10.07,10.07,10.07,10.07,0
5-Jun-12,10.07,10.07,10.07,10.07,0
4-Jun-12,10.07,10.07,10.07,10.07,0
1-Jun-12,10.07,10.07,10.07,10.07,0
31-May-12,10.07,10.07,10.07,10.07,0
30-May-12,10.07,10.07,10.07,10.07,0
29-May-12,10.07,10.07,10.07,10.07,0
25-May-12,10.07,10.07,10.07,10.07,0
24-May-12,10.07,10.07,10.07,10.07,0
23-May-12,10.11,10.11,10.07,10.07,400
22-May-12,10.08,10.08,10.08,10.08,0
21-May-12,10.08,10.08,10.08,10.08,0
18-May-12,10.08,10.08,10.08,10.08,0
17-May-12,10.08,10.08,10.08,10.08,0
16-May-12,10.08,10.08,10.08,10.08,0
15-May-12,10.08,10.08,10.08,10.08,0
14-May-12,10.08,10.08,10.08,10.08,0
11-May-12,10.08,10.08,10.08,10.08,0
10-May-12,10.08,10.08,10.08,10.08,0
9-May-12,10.08,10.08,10.08,10.08,0
8-May-12,10.08,10.08,10.08,10.08,0
7-May-12,10.08,10.08,10.07,10.07,65900
4-May-12,10.08,10.08,10.08,10.08,0
3-May-12,10.08,10.08,10.08,10.08,0
2-May-12,10.08,10.08,10.08,10.08,0
1-May-12,10.08,10.08,10.08,10.08,0
30-Apr-12,10.08,10.08,10.08,10.08,0
27-Apr-12,10.05,10.10,10.05,10.08,800
26-Apr-12,9.99,9.99,9.99,9.99,0
25-Apr-12,9.99,9.99,9.99,9.99,0
24-Apr-12,9.99,9.99,9.99,9.99,0
23-Apr-12,9.99,9.99,9.99,9.99,500
20-Apr-12,10.00,10.00,10.00,10.00,0
19-Apr-12,10.00,10.00,10.00,10.00,0
18-Apr-12,10.00,10.00,10.00,10.00,0
17-Apr-12,10.00,10.00,10.00,10.00,0
16-Apr-12,10.00,10.00,10.00,10.00,0
13-Apr-12,10.00,10.00,10.00,10.00,0
12-Apr-12,10.00,10.00,10.00,10.00,0
11-Apr-12,10.00,10.00,10.00,10.00,0
10-Apr-12,10.00,10.00,10.00,10.00,0
9-Apr-12,10.00,10.00,10.00,10.00,0
5-Apr-12,10.00,10.00,10.00,10.00,0
4-Apr-12,10.00,10.00,10.00,10.00,0
3-Apr-12,10.00,10.00,10.00,10.00,0
2-Apr-12,10.00,10.00,10.00,10.00,0
30-Mar-12,10.00,10.00,10.00,10.00,0
29-Mar-12,10.00,10.00,10.00,10.00,0
28-Mar-12,10.00,10.00,10.00,10.00,0
27-Mar-12,9.99,10.00,9.99,10.00,4800
26-Mar-12,9.80,9.80,9.80,9.80,0
23-Mar-12,9.80,9.80,9.80,9.80,0
22-Mar-12,9.80,9.80,9.80,9.80,0
21-Mar-12,9.80,9.80,9.80,9.80,0
20-Mar-12,9.80,9.80,9.80,9.80,0
19-Mar-12,9.80,9.80,9.80,9.80,0
16-Mar-12,9.80,9.80,9.80,9.80,0
15-Mar-12,9.80,9.80,9.80,9.80,0
14-Mar-12,9.80,9.80,9.80,9.80,0
13-Mar-12,9.80,9.80,9.80,9.80,0
12-Mar-12,9.80,9.80,9.80,9.80,0
9-Mar-12,9.80,9.80,9.80,9.80,0
8-Mar-12,9.80,9.80,9.80,9.80,0
7-Mar-12,9.80,9.80,9.80,9.80,0
6-Mar-12,9.80,9.80,9.80,9.80,0
5-Mar-12,9.80,9.80,9.80,9.80,0
2-Mar-12,9.80,9.80,9.80,9.80,0
1-Mar-12,9.80,9.80,9.80,9.80,0
29-Feb-12,9.84,9.84,9.84,9.84,100
28-Feb-12,9.80,9.80,9.80,9.80,0
27-Feb-12,9.80,9.80,9.80,9.80,0
24-Feb-12,9.80,9.80,9.80,9.80,0
23-Feb-12,9.80,9.80,9.80,9.80,0
22-Feb-12,9.80,9.80,9.80,9.80,0
21-Feb-12,9.80,9.80,9.80,9.80,100
17-Feb-12,10.02,10.02,10.02,10.02,0
16-Feb-12,10.02,10.02,10.02,10.02,0
15-Feb-12,10.02,10.02,10.02,10.02,0
14-Feb-12,10.02,10.02,10.02,10.02,0
13-Feb-12,10.02,10.02,10.02,10.02,0
12-Jan-12,9.85,9.85,9.85,9.85,0
3-Jan-12,10.02,10.02,10.02,10.02,0
2-Dec-11,10.10,10.10,10.10,10.10,0
30-Nov-11,10.14,10.14,10.14,10.14,0
2-Nov-11,10.20,10.20,10.20,10.20,0
1-Nov-11,10.01,10.01,10.01,10.01,0
6-Oct-11,10.00,10.00,10.00,10.00,0
4-Oct-11,10.00,10.00,10.00,10.00,0
3-Oct-11,10.00,10.00,10.00,10.00,55500
29-Sep-11,10.02,10.02,10.02,10.02,0
