Date,Open,High,Low,Close,Volume
27-Sep-12,2.16,2.17,2.05,2.17,108550
26-Sep-12,2.19,2.19,2.10,2.18,13700
25-Sep-12,2.15,2.19,2.10,2.19,9852
24-Sep-12,2.13,2.23,2.06,2.17,5647
21-Sep-12,2.15,2.15,2.08,2.14,300
20-Sep-12,2.11,2.16,2.05,2.16,37396
19-Sep-12,2.11,2.15,2.10,2.14,50846
18-Sep-12,2.13,2.13,2.05,2.11,1379
17-Sep-12,2.22,2.22,2.03,2.15,19751
14-Sep-12,2.25,2.25,2.00,2.17,379079
13-Sep-12,2.22,2.29,2.14,2.29,35745
12-Sep-12,2.19,2.25,2.13,2.25,35517
11-Sep-12,2.24,2.27,2.12,2.21,51123
10-Sep-12,2.26,2.26,2.11,2.25,4972
7-Sep-12,2.28,2.30,2.21,2.26,31788
6-Sep-12,2.30,2.31,2.23,2.30,3050
5-Sep-12,2.31,2.32,2.27,2.32,6300
4-Sep-12,2.34,2.34,2.34,2.34,0
31-Aug-12,2.30,2.40,2.28,2.34,19204
30-Aug-12,2.29,2.33,2.27,2.31,10183
29-Aug-12,2.30,2.31,2.25,2.31,1200
28-Aug-12,2.25,2.32,2.24,2.30,4493
27-Aug-12,2.30,2.34,2.27,2.30,8235
24-Aug-12,2.09,2.30,2.09,2.28,28978
23-Aug-12,2.24,2.27,2.15,2.26,8638
22-Aug-12,2.28,2.28,2.24,2.27,2300
21-Aug-12,2.29,2.30,2.24,2.30,3244
20-Aug-12,2.30,2.32,2.16,2.30,6224
17-Aug-12,2.32,2.34,2.32,2.34,1500
16-Aug-12,2.20,2.33,2.15,2.30,5444
15-Aug-12,2.27,2.29,2.21,2.23,5269
14-Aug-12,2.32,2.39,2.25,2.30,3200
13-Aug-12,2.35,2.35,2.24,2.33,1900
10-Aug-12,2.15,2.35,2.15,2.34,13576
9-Aug-12,2.35,2.35,2.11,2.13,5610
8-Aug-12,2.40,2.42,2.33,2.33,11900
7-Aug-12,2.30,2.30,2.30,2.30,0
6-Aug-12,2.30,2.30,2.30,2.30,0
3-Aug-12,2.23,2.33,2.22,2.30,2535
2-Aug-12,2.26,2.26,2.12,2.23,13036
1-Aug-12,2.44,2.31,2.31,2.31,999
31-Jul-12,2.40,2.46,2.29,2.46,6930
30-Jul-12,2.27,2.40,2.25,2.40,13408
27-Jul-12,2.38,2.40,2.26,2.40,5072
26-Jul-12,2.35,2.39,2.31,2.37,6554
25-Jul-12,2.30,2.35,2.30,2.35,2993
24-Jul-12,2.30,2.34,2.28,2.30,3409
23-Jul-12,2.31,2.31,2.27,2.27,2909
20-Jul-12,2.32,2.35,2.28,2.34,4780
19-Jul-12,2.37,2.37,2.37,2.37,200
18-Jul-12,2.37,2.37,2.37,2.37,0
17-Jul-12,2.32,2.37,2.24,2.37,2716
16-Jul-12,2.37,2.37,2.25,2.34,5748
13-Jul-12,2.38,2.38,2.38,2.38,400
12-Jul-12,2.38,2.38,2.38,2.38,420
11-Jul-12,2.33,2.38,2.27,2.38,4200
10-Jul-12,2.38,2.39,2.30,2.35,1232
9-Jul-12,2.28,2.38,2.28,2.38,4285
6-Jul-12,2.30,2.35,2.24,2.35,1690
5-Jul-12,2.33,2.36,2.30,2.35,6666
3-Jul-12,2.33,2.39,2.30,2.38,7000
2-Jul-12,2.41,2.44,2.34,2.42,7088
29-Jun-12,2.46,2.46,2.31,2.44,4052
28-Jun-12,2.44,2.48,2.33,2.44,14800
27-Jun-12,2.30,2.50,2.30,2.44,31735
26-Jun-12,2.28,2.30,2.28,2.30,3800
25-Jun-12,2.25,2.29,2.25,2.28,14714
22-Jun-12,2.22,2.29,2.22,2.27,27254
21-Jun-12,2.22,2.22,2.11,2.21,14913
20-Jun-12,2.18,2.20,2.18,2.20,3468
19-Jun-12,2.16,2.19,2.15,2.19,12101
18-Jun-12,2.15,2.16,2.14,2.16,4033
15-Jun-12,2.14,2.14,2.14,2.14,0
14-Jun-12,2.17,2.17,2.11,2.14,6282
13-Jun-12,2.14,2.17,2.12,2.13,2724
12-Jun-12,2.15,2.16,2.12,2.15,10110
11-Jun-12,2.17,2.17,2.13,2.15,3574
8-Jun-12,2.17,2.20,2.14,2.17,5067
7-Jun-12,2.16,2.21,2.12,2.16,7543
6-Jun-12,2.13,2.16,2.13,2.16,3500
5-Jun-12,2.08,2.09,2.08,2.09,1562
4-Jun-12,2.15,2.15,2.07,2.08,14829
1-Jun-12,2.18,2.18,2.18,2.18,0
31-May-12,2.10,2.18,2.07,2.18,7301
30-May-12,2.11,2.13,2.07,2.13,3000
29-May-12,2.03,2.10,2.03,2.10,63639
25-May-12,1.99,2.07,1.99,2.05,6405
24-May-12,2.01,2.04,2.01,2.03,3080
23-May-12,1.99,2.00,1.99,2.00,1100
22-May-12,1.99,2.02,1.99,1.99,1905
21-May-12,1.95,2.01,1.95,2.01,3700
18-May-12,1.93,1.97,1.90,1.96,8742
17-May-12,1.98,1.98,1.81,1.96,4500
16-May-12,1.98,1.98,1.98,1.98,0
15-May-12,2.00,2.00,1.98,1.98,565
14-May-12,2.01,2.01,1.98,1.98,2742
11-May-12,2.00,2.03,1.99,2.02,8588
10-May-12,2.00,2.00,2.00,2.00,0
9-May-12,2.03,2.03,2.00,2.00,6796
8-May-12,2.05,2.05,2.00,2.02,11663
7-May-12,2.02,2.09,2.02,2.07,4282
4-May-12,2.01,2.01,2.01,2.01,2100
3-May-12,2.03,2.04,2.01,2.03,16300
2-May-12,2.15,2.15,2.03,2.04,5000
1-May-12,2.17,2.17,2.14,2.14,1654
30-Apr-12,2.09,2.18,2.09,2.18,23863
27-Apr-12,2.01,2.10,1.96,2.10,31058
26-Apr-12,2.01,2.05,1.98,2.01,21419
25-Apr-12,2.02,2.04,2.00,2.04,12681
24-Apr-12,2.02,2.02,2.02,2.02,1929
23-Apr-12,2.00,2.04,2.00,2.02,10895
20-Apr-12,2.02,2.07,2.00,2.03,13614
19-Apr-12,2.04,2.04,2.02,2.02,6259
18-Apr-12,2.03,2.03,2.02,2.02,1048
17-Apr-12,2.03,2.05,2.03,2.05,518
16-Apr-12,2.04,2.06,2.03,2.03,1493
13-Apr-12,2.06,2.06,2.00,2.02,4993
12-Apr-12,2.04,2.08,2.04,2.08,1329
11-Apr-12,2.08,2.10,2.00,2.07,12056
10-Apr-12,2.03,2.10,2.02,2.04,6780
9-Apr-12,2.07,2.07,2.05,2.05,5200
5-Apr-12,2.00,2.21,2.00,2.09,9809
4-Apr-12,2.10,2.13,2.07,2.07,11696
3-Apr-12,2.22,2.22,2.12,2.14,4968
2-Apr-12,2.24,2.28,2.19,2.24,2157
30-Mar-12,2.19,2.28,2.17,2.27,7775
29-Mar-12,2.13,2.17,2.10,2.16,7358
28-Mar-12,2.07,2.15,2.04,2.13,11919
27-Mar-12,2.10,2.12,2.08,2.09,7000
26-Mar-12,2.07,2.07,2.00,2.07,925
23-Mar-12,2.03,2.10,2.03,2.08,7188
22-Mar-12,1.98,2.04,1.98,2.02,2845
21-Mar-12,2.08,2.08,1.96,1.96,4590
20-Mar-12,2.06,2.06,2.06,2.06,500
19-Mar-12,2.06,2.10,2.06,2.10,1300
16-Mar-12,1.99,2.06,1.99,2.06,3671
15-Mar-12,2.01,2.07,2.01,2.07,2816
14-Mar-12,1.99,2.00,1.97,2.00,11010
13-Mar-12,1.97,2.00,1.96,1.98,2398
12-Mar-12,1.98,1.99,1.95,1.96,4100
9-Mar-12,2.01,2.01,1.95,1.96,3059
8-Mar-12,2.00,2.00,2.00,2.00,1035
7-Mar-12,2.03,2.04,2.00,2.01,3213
6-Mar-12,2.04,2.04,2.04,2.04,0
5-Mar-12,2.07,2.09,1.93,2.04,8720
2-Mar-12,2.10,2.10,2.06,2.07,3328
1-Mar-12,2.12,2.14,2.08,2.14,10805
29-Feb-12,2.11,2.12,2.10,2.11,1715
28-Feb-12,2.05,2.14,2.05,2.14,2300
27-Feb-12,2.05,2.07,1.95,2.06,23140
24-Feb-12,2.07,2.07,2.07,2.07,384
23-Feb-12,2.05,2.09,2.05,2.09,1300
22-Feb-12,2.07,2.07,2.07,2.07,400
21-Feb-12,2.03,2.06,2.03,2.05,1958
17-Feb-12,2.06,2.06,2.06,2.06,0
16-Feb-12,2.03,2.09,1.83,2.06,11876
15-Feb-12,2.07,2.09,2.05,2.05,7204
14-Feb-12,2.13,2.13,2.03,2.03,2413
13-Feb-12,2.04,2.15,2.04,2.15,3954
10-Feb-12,2.00,2.05,2.00,2.01,6198
9-Feb-12,2.13,2.14,2.01,2.01,15356
8-Feb-12,2.08,2.11,2.08,2.11,3794
7-Feb-12,2.07,2.08,2.06,2.06,2243
6-Feb-12,2.09,2.09,2.09,2.09,1242
3-Feb-12,2.09,2.11,2.08,2.08,5519
2-Feb-12,2.10,2.11,2.05,2.08,4676
1-Feb-12,2.13,2.13,1.99,2.10,9086
31-Jan-12,2.10,2.10,2.08,2.08,2515
30-Jan-12,2.03,2.10,2.03,2.09,4130
27-Jan-12,2.04,2.04,2.04,2.04,21651
26-Jan-12,2.03,2.03,2.03,2.03,0
25-Jan-12,2.01,2.03,2.00,2.01,4670
24-Jan-12,2.03,2.03,2.03,2.03,800
23-Jan-12,2.02,2.03,2.02,2.03,1159
20-Jan-12,2.03,2.03,2.03,2.03,0
19-Jan-12,2.08,2.11,2.06,2.06,3271
18-Jan-12,2.06,2.07,2.06,2.07,1290
17-Jan-12,2.07,2.10,2.06,2.07,5597
13-Jan-12,2.04,2.04,2.04,2.04,0
12-Jan-12,2.06,2.06,2.01,2.04,4095
11-Jan-12,2.09,2.09,2.07,2.07,1200
10-Jan-12,2.09,2.09,2.09,2.09,0
9-Jan-12,2.18,2.18,2.10,2.12,19159
6-Jan-12,2.16,2.19,2.16,2.19,3200
5-Jan-12,2.15,2.19,2.12,2.18,10278
4-Jan-12,2.17,2.18,2.17,2.18,1205
3-Jan-12,2.25,2.25,2.12,2.17,7151
30-Dec-11,2.24,2.24,2.24,2.24,0
29-Dec-11,2.08,2.10,2.06,2.08,5336
28-Dec-11,2.10,2.10,2.08,2.08,1472
27-Dec-11,2.21,2.21,2.08,2.09,24592
23-Dec-11,2.23,2.23,2.23,2.23,0
22-Dec-11,2.28,2.28,2.24,2.24,3150
21-Dec-11,2.27,2.31,2.27,2.29,423
20-Dec-11,2.35,2.36,2.20,2.36,13087
19-Dec-11,2.28,2.37,2.20,2.35,12768
16-Dec-11,2.28,2.36,2.28,2.36,3162
15-Dec-11,2.11,2.27,2.11,2.27,13548
14-Dec-11,2.11,2.13,2.08,2.12,9348
13-Dec-11,2.10,2.19,2.10,2.14,13249
12-Dec-11,2.14,2.16,2.10,2.16,7145
9-Dec-11,2.20,2.33,2.10,2.15,10957
7-Dec-11,2.16,2.16,2.16,2.16,0
6-Dec-11,2.14,2.20,2.05,2.20,14205
5-Dec-11,2.17,2.17,2.14,2.17,6001
2-Dec-11,2.26,2.26,2.16,2.16,346
1-Dec-11,2.30,2.30,2.21,2.27,2248
30-Nov-11,2.23,2.36,2.11,2.26,15611
28-Nov-11,2.14,2.14,2.14,2.14,0
25-Nov-11,2.06,2.16,2.06,2.13,2982
23-Nov-11,2.05,2.05,2.05,2.05,0
22-Nov-11,2.08,2.08,2.08,2.08,0
21-Nov-11,2.12,2.15,2.01,2.13,16435
18-Nov-11,2.19,2.21,2.18,2.21,800
17-Nov-11,2.20,2.20,2.20,2.20,0
16-Nov-11,2.24,2.24,2.23,2.24,1843
15-Nov-11,2.27,2.28,2.21,2.26,1244
14-Nov-11,2.34,2.36,2.25,2.27,3911
11-Nov-11,2.26,2.61,2.26,2.34,10802
10-Nov-11,2.33,2.33,2.24,2.28,6769
9-Nov-11,2.35,2.35,2.25,2.25,2308
8-Nov-11,2.43,2.43,2.43,2.43,0
7-Nov-11,2.49,2.49,2.42,2.45,3206
4-Nov-11,2.29,2.51,2.29,2.51,19800
3-Nov-11,2.28,2.38,2.28,2.35,2800
2-Nov-11,2.25,2.28,2.18,2.25,4311
1-Nov-11,2.26,2.37,2.15,2.25,6458
31-Oct-11,2.40,2.41,2.20,2.38,6016
28-Oct-11,2.26,2.47,2.20,2.37,16856
27-Oct-11,2.07,2.50,2.07,2.28,32594
26-Oct-11,2.08,2.19,2.00,2.07,9663
25-Oct-11,2.10,2.10,2.03,2.08,1686
24-Oct-11,2.14,2.16,1.99,2.12,3636
21-Oct-11,2.25,2.25,2.05,2.14,4951
20-Oct-11,2.18,2.22,2.18,2.22,5107
19-Oct-11,2.20,2.24,2.20,2.24,200
18-Oct-11,2.16,2.16,2.16,2.16,0
17-Oct-11,2.21,2.22,2.12,2.17,7284
14-Oct-11,2.40,2.40,1.98,2.18,9160
13-Oct-11,2.23,2.40,2.16,2.32,13274
12-Oct-11,2.30,2.30,2.04,2.25,12899
11-Oct-11,2.34,2.35,2.14,2.30,19086
10-Oct-11,1.92,2.37,1.79,2.10,15704
7-Oct-11,1.95,1.95,1.90,1.95,37616
6-Oct-11,1.83,1.93,1.80,1.93,12991
5-Oct-11,1.87,1.90,1.83,1.83,2777
4-Oct-11,1.85,1.96,1.82,1.82,6506
3-Oct-11,1.94,1.95,1.87,1.90,4150
30-Sep-11,1.85,1.90,1.85,1.88,2400
