Date,Open,High,Low,Close,Volume
27-Sep-12,16.53,16.98,16.48,16.76,3962143
26-Sep-12,16.09,16.57,16.07,16.41,4171060
25-Sep-12,16.33,16.40,16.08,16.11,1914301
24-Sep-12,16.15,16.44,16.14,16.35,2603037
21-Sep-12,16.56,16.64,16.10,16.10,12915341
20-Sep-12,16.79,16.85,16.46,16.51,2521654
19-Sep-12,17.16,17.16,16.83,16.88,2257356
18-Sep-12,17.31,17.31,17.08,17.09,2452318
17-Sep-12,17.58,17.60,17.22,17.33,1584994
14-Sep-12,17.46,17.82,17.43,17.63,1749205
13-Sep-12,17.31,17.63,17.28,17.47,1091623
12-Sep-12,17.39,17.39,17.25,17.31,664176
11-Sep-12,17.37,17.42,17.25,17.32,979788
10-Sep-12,17.25,17.36,17.18,17.30,1300367
7-Sep-12,17.20,17.31,17.17,17.26,1430195
6-Sep-12,16.83,17.15,16.79,17.11,2120588
5-Sep-12,16.80,16.82,16.34,16.73,1754906
4-Sep-12,16.63,16.80,16.51,16.80,1981009
31-Aug-12,16.88,16.90,16.70,16.74,828456
30-Aug-12,16.86,16.87,16.71,16.76,1326322
29-Aug-12,17.09,17.11,16.89,16.90,838767
28-Aug-12,17.18,17.23,17.09,17.17,966141
27-Aug-12,17.25,17.27,17.12,17.14,1140532
24-Aug-12,16.97,17.26,16.94,17.19,1497232
23-Aug-12,16.90,17.03,16.88,17.01,1047236
22-Aug-12,16.95,17.01,16.78,16.89,935139
21-Aug-12,17.16,17.23,16.96,16.99,1229037
20-Aug-12,17.16,17.16,16.97,17.07,1154035
17-Aug-12,16.93,17.17,16.93,17.16,355088
16-Aug-12,16.75,16.98,16.63,16.96,314733
15-Aug-12,16.71,16.88,16.69,16.75,328714
14-Aug-12,17.00,17.08,16.71,16.78,347843
13-Aug-12,17.09,17.14,16.79,16.90,288280
10-Aug-12,16.94,17.12,16.93,17.08,435123
9-Aug-12,16.96,17.11,16.91,16.97,479573
8-Aug-12,16.84,17.04,16.81,16.95,613220
7-Aug-12,16.86,17.05,16.69,16.84,678399
6-Aug-12,16.65,16.92,16.50,16.79,536470
3-Aug-12,17.26,17.26,16.58,16.82,948347
2-Aug-12,17.05,17.13,16.87,16.94,2495657
1-Aug-12,17.19,17.30,17.07,17.08,1169820
31-Jul-12,16.90,17.12,16.90,17.07,1396800
30-Jul-12,16.84,16.98,16.80,16.92,1517974
27-Jul-12,16.86,17.03,16.76,16.85,1643311
26-Jul-12,16.87,16.95,16.73,16.79,1787169
25-Jul-12,16.85,16.87,16.58,16.68,1851759
24-Jul-12,17.10,17.11,16.68,16.79,1379626
23-Jul-12,17.20,17.25,16.96,17.00,1876932
20-Jul-12,17.23,17.44,17.20,17.39,1902663
19-Jul-12,17.37,17.42,17.14,17.32,1848209
18-Jul-12,17.38,17.38,17.24,17.31,1326578
17-Jul-12,17.25,17.42,17.06,17.37,1179664
16-Jul-12,17.24,17.28,17.08,17.21,831552
13-Jul-12,17.22,17.32,17.16,17.23,1036144
12-Jul-12,17.18,17.25,17.00,17.13,2114528
11-Jul-12,17.40,17.46,17.13,17.24,1783052
10-Jul-12,17.66,17.74,17.28,17.36,964506
9-Jul-12,17.78,17.88,17.47,17.57,1095118
6-Jul-12,17.62,17.86,17.62,17.82,776436
5-Jul-12,17.91,17.96,17.74,17.82,991192
3-Jul-12,17.58,17.85,17.56,17.85,511525
2-Jul-12,17.48,17.63,17.41,17.56,888553
29-Jun-12,17.25,17.44,17.23,17.42,1272557
28-Jun-12,16.73,17.01,16.69,16.98,609409
27-Jun-12,16.73,17.03,16.64,16.87,1524509
26-Jun-12,16.51,16.73,16.46,16.64,910974
25-Jun-12,16.36,16.48,16.20,16.45,813096
22-Jun-12,16.65,16.74,16.44,16.53,1264545
21-Jun-12,16.89,16.99,16.51,16.51,1013892
20-Jun-12,16.79,17.05,16.66,16.88,1832782
19-Jun-12,16.69,16.94,16.53,16.75,3197008
18-Jun-12,16.55,16.70,16.49,16.55,1763516
15-Jun-12,16.81,16.95,16.63,16.65,2775433
14-Jun-12,16.52,16.88,16.52,16.82,1365061
13-Jun-12,16.31,16.69,16.22,16.50,2039114
12-Jun-12,16.29,16.45,16.17,16.42,1559738
11-Jun-12,16.63,16.66,16.18,16.19,1570669
8-Jun-12,16.27,16.58,16.21,16.56,979949
7-Jun-12,16.66,16.79,16.34,16.37,1426154
6-Jun-12,16.33,16.63,16.25,16.41,1964106
5-Jun-12,15.87,16.32,15.83,16.18,2168036
4-Jun-12,16.20,16.20,15.85,15.89,1971309
1-Jun-12,16.60,16.60,16.13,16.14,1489013
31-May-12,16.79,16.79,16.40,16.74,2010944
30-May-12,17.03,17.04,16.68,16.68,1146651
29-May-12,17.19,17.40,17.11,17.30,1121868
25-May-12,17.09,17.17,16.97,17.10,946030
24-May-12,17.24,17.38,16.90,17.13,1071163
23-May-12,16.90,17.18,16.64,17.12,1636036
22-May-12,16.92,17.15,16.82,17.00,1575641
21-May-12,16.42,17.09,16.28,16.90,1301881
18-May-12,17.03,17.07,16.67,16.73,1091801
17-May-12,17.45,17.54,16.94,16.98,1483606
16-May-12,17.93,18.00,17.48,17.48,1470846
15-May-12,18.09,18.13,17.79,17.92,1174790
14-May-12,18.14,18.28,18.02,18.12,1378400
11-May-12,18.10,18.37,17.98,18.37,1309551
10-May-12,18.33,18.39,18.09,18.14,2134256
9-May-12,18.09,18.25,17.98,18.21,1766233
8-May-12,18.07,18.37,17.99,18.30,1227282
7-May-12,17.91,18.16,17.87,18.16,1757500
4-May-12,18.29,18.39,17.96,18.08,1445320
3-May-12,18.49,18.60,18.31,18.34,1082864
2-May-12,18.36,18.54,18.23,18.54,880856
1-May-12,18.12,18.52,18.09,18.46,1008706
30-Apr-12,18.12,18.21,18.07,18.16,813817
27-Apr-12,18.20,18.36,18.00,18.24,1324580
26-Apr-12,18.01,18.07,17.85,18.05,1484233
25-Apr-12,18.17,18.27,17.90,17.99,1199415
24-Apr-12,18.01,18.28,17.99,18.01,1290818
23-Apr-12,17.82,18.12,17.71,17.95,2686581
20-Apr-12,17.77,18.16,17.72,18.06,1689301
19-Apr-12,17.49,17.74,17.39,17.65,1619296
18-Apr-12,17.49,17.60,17.41,17.52,899217
17-Apr-12,17.45,17.63,17.30,17.56,1257075
16-Apr-12,17.12,17.27,17.01,17.22,1320464
13-Apr-12,17.15,17.17,16.96,17.04,913086
12-Apr-12,16.90,17.18,16.78,17.15,1891238
11-Apr-12,16.78,16.91,16.67,16.90,1581111
10-Apr-12,16.94,17.00,16.49,16.66,1642676
9-Apr-12,17.01,17.06,16.86,16.98,1667375
5-Apr-12,17.20,17.28,17.14,17.19,1514864
4-Apr-12,17.40,17.42,17.16,17.25,1112084
3-Apr-12,17.59,17.62,17.43,17.53,1458402
2-Apr-12,17.42,17.65,17.36,17.62,1426696
30-Mar-12,17.23,17.46,17.17,17.45,1499450
29-Mar-12,17.02,17.24,16.82,17.21,1276946
28-Mar-12,17.15,17.18,16.84,17.14,1409290
27-Mar-12,17.06,17.25,16.99,17.12,939577
26-Mar-12,17.10,17.18,16.99,17.05,2002392
23-Mar-12,16.85,17.00,16.76,16.97,819343
22-Mar-12,17.04,17.07,16.80,16.90,1044179
21-Mar-12,17.42,17.46,17.15,17.16,2346838
20-Mar-12,17.50,17.59,17.25,17.42,1858463
19-Mar-12,17.46,17.70,17.44,17.64,1605473
16-Mar-12,17.62,17.85,17.56,17.60,1442442
15-Mar-12,17.90,17.92,17.56,17.62,2205833
14-Mar-12,18.04,18.18,17.87,17.90,809731
13-Mar-12,17.56,18.07,17.54,18.06,1010523
12-Mar-12,17.45,17.50,17.36,17.47,830240
9-Mar-12,17.41,17.55,17.37,17.41,724606
8-Mar-12,17.51,17.61,17.36,17.36,2227034
7-Mar-12,17.33,17.40,17.11,17.38,915609
6-Mar-12,17.31,17.33,17.18,17.30,1631145
5-Mar-12,17.48,17.55,17.30,17.49,819301
2-Mar-12,17.45,17.55,17.40,17.44,837848
1-Mar-12,17.45,17.65,17.44,17.53,701883
29-Feb-12,17.46,17.70,17.40,17.45,782526
28-Feb-12,17.50,17.52,17.26,17.42,1120150
27-Feb-12,17.40,17.65,17.25,17.52,866604
24-Feb-12,17.60,17.68,17.44,17.53,1035595
23-Feb-12,17.52,17.73,17.48,17.64,1642577
22-Feb-12,17.77,17.84,17.50,17.51,1295165
21-Feb-12,18.01,18.06,17.62,17.77,2032660
17-Feb-12,17.86,18.01,17.71,18.01,1871963
16-Feb-12,17.63,17.90,17.59,17.83,1851964
15-Feb-12,17.90,17.94,17.61,17.66,1425168
14-Feb-12,18.01,18.06,17.76,17.90,1266534
13-Feb-12,17.98,18.12,17.85,18.08,1366124
10-Feb-12,17.86,17.89,17.61,17.79,1762537
9-Feb-12,17.94,18.05,17.72,17.81,1455706
8-Feb-12,17.95,18.02,17.72,17.89,841532
7-Feb-12,17.99,18.04,17.76,17.96,1133463
6-Feb-12,18.17,18.23,17.91,18.02,855605
3-Feb-12,17.82,18.26,17.80,18.19,1914419
2-Feb-12,17.61,17.74,17.58,17.70,1282175
1-Feb-12,17.42,17.62,17.36,17.58,2153891
31-Jan-12,17.41,17.48,17.22,17.31,1636616
30-Jan-12,17.25,17.37,17.15,17.25,2404487
27-Jan-12,17.60,17.60,17.30,17.47,3781621
26-Jan-12,17.91,18.05,17.61,17.61,1802936
25-Jan-12,17.36,17.88,17.36,17.88,1168050
24-Jan-12,17.43,17.61,17.37,17.43,833346
23-Jan-12,17.56,17.61,17.37,17.59,2175734
20-Jan-12,17.05,17.33,16.99,17.32,3332481
19-Jan-12,16.78,17.11,16.72,17.01,2148172
18-Jan-12,16.48,16.82,16.48,16.75,1602882
17-Jan-12,16.49,16.59,16.46,16.53,1654583
13-Jan-12,16.35,16.35,16.35,16.35,0
12-Jan-12,16.22,16.37,16.10,16.33,1694352
11-Jan-12,15.80,16.25,15.72,16.16,3032533
10-Jan-12,15.73,15.88,15.70,15.81,1084196
9-Jan-12,15.75,15.78,15.51,15.61,613871
6-Jan-12,15.79,15.81,15.62,15.67,822356
5-Jan-12,15.68,15.84,15.48,15.75,1915481
4-Jan-12,15.98,16.00,15.70,15.73,1383373
3-Jan-12,15.89,16.29,15.88,16.02,1370505
30-Dec-11,15.64,15.64,15.64,15.64,0
29-Dec-11,15.52,15.68,15.49,15.68,1363277
28-Dec-11,15.85,15.87,15.50,15.57,1355287
27-Dec-11,16.07,16.09,15.75,15.77,1360757
23-Dec-11,16.06,16.06,16.06,16.06,0
22-Dec-11,15.68,16.13,15.60,16.03,1639693
21-Dec-11,15.59,15.66,15.45,15.64,975547
20-Dec-11,15.36,15.67,15.31,15.55,931133
19-Dec-11,15.40,15.44,15.02,15.08,882550
16-Dec-11,15.33,15.57,15.26,15.38,1044672
15-Dec-11,15.10,15.31,15.04,15.28,1019963
14-Dec-11,15.02,15.14,14.88,14.98,1264465
13-Dec-11,15.32,15.49,15.13,15.19,2471958
12-Dec-11,15.23,15.33,15.06,15.24,2139987
9-Dec-11,15.46,15.62,15.36,15.46,1781459
8-Dec-11,15.59,15.59,15.16,15.35,2715626
7-Dec-11,15.31,15.66,15.22,15.62,1608687
6-Dec-11,15.32,15.44,15.20,15.39,1745093
5-Dec-11,15.15,15.41,15.15,15.32,2030813
2-Dec-11,14.76,15.09,14.68,15.01,3131329
1-Dec-11,14.73,14.77,14.54,14.64,1872835
30-Nov-11,14.57,14.80,14.38,14.73,3415956
29-Nov-11,14.26,14.28,14.06,14.06,1692065
28-Nov-11,14.65,14.65,14.24,14.27,2572757
25-Nov-11,14.09,14.33,14.04,14.14,461892
23-Nov-11,14.13,14.13,14.13,14.13,0
22-Nov-11,14.86,14.88,14.57,14.63,1628402
21-Nov-11,14.94,14.97,14.57,14.88,1378293
18-Nov-11,15.39,15.39,15.08,15.22,1634755
17-Nov-11,15.53,15.53,15.15,15.26,1778563
16-Nov-11,15.70,15.91,15.49,15.51,1637001
15-Nov-11,15.78,15.91,15.61,15.86,1149702
14-Nov-11,15.97,16.06,15.68,15.83,1582102
11-Nov-11,15.97,16.27,15.92,16.07,1064336
10-Nov-11,15.74,15.84,15.47,15.81,2566703
9-Nov-11,16.29,16.35,15.56,15.62,2974891
8-Nov-11,16.24,16.65,16.17,16.62,2108419
7-Nov-11,16.58,16.60,16.24,16.47,3066245
4-Nov-11,16.63,16.70,16.03,16.56,2699146
3-Nov-11,16.60,16.79,16.34,16.75,3110758
2-Nov-11,16.17,16.38,16.11,16.27,2398686
1-Nov-11,15.83,16.21,15.68,16.03,3284869
31-Oct-11,16.40,16.61,16.32,16.52,1907640
28-Oct-11,16.57,16.76,16.51,16.68,1644565
27-Oct-11,16.33,16.82,16.33,16.73,2565946
26-Oct-11,15.76,15.85,15.38,15.77,2339746
25-Oct-11,15.38,15.72,15.19,15.58,2947140
24-Oct-11,15.00,15.64,14.95,15.48,2426668
21-Oct-11,14.52,14.92,14.40,14.92,1614937
20-Oct-11,14.31,14.35,13.91,14.31,2650807
19-Oct-11,14.61,14.72,14.14,14.25,2251885
18-Oct-11,14.16,14.71,14.11,14.60,1895019
17-Oct-11,14.66,14.69,14.10,14.14,1700057
14-Oct-11,14.51,14.79,14.35,14.74,1716471
13-Oct-11,14.51,14.51,14.00,14.29,1814440
12-Oct-11,14.36,14.88,14.25,14.58,3445428
11-Oct-11,13.97,14.21,13.82,14.15,2121299
10-Oct-11,13.96,14.13,13.89,14.03,3344161
7-Oct-11,13.86,14.28,13.66,13.67,5023238
6-Oct-11,13.38,13.87,13.27,13.69,3143789
5-Oct-11,13.67,13.76,13.21,13.39,4326726
4-Oct-11,13.26,13.67,12.80,13.64,4113974
3-Oct-11,13.64,13.87,13.38,13.41,4227685
30-Sep-11,14.22,14.31,13.77,13.77,4342557
