Date,Open,High,Low,Close,Volume
27-Sep-12,24.69,25.31,24.69,25.17,464335
26-Sep-12,24.70,24.85,24.40,24.65,988057
25-Sep-12,25.63,25.80,24.73,24.76,834156
24-Sep-12,25.56,25.90,25.51,25.55,536898
21-Sep-12,25.90,25.95,25.48,25.72,1325737
20-Sep-12,26.20,26.25,25.41,25.66,648839
19-Sep-12,26.87,26.87,26.34,26.35,878373
18-Sep-12,27.01,27.12,26.81,26.86,943702
17-Sep-12,27.17,27.20,26.74,27.00,455166
14-Sep-12,27.09,27.41,27.03,27.27,1004071
13-Sep-12,27.06,27.14,26.63,26.96,640568
12-Sep-12,26.88,27.15,26.47,26.96,550024
11-Sep-12,26.84,26.95,26.64,26.89,692438
10-Sep-12,27.17,27.17,26.70,26.75,742374
7-Sep-12,27.74,27.74,27.13,27.15,426803
6-Sep-12,27.59,27.82,27.40,27.60,497728
5-Sep-12,27.80,27.96,27.50,27.56,364980
4-Sep-12,27.47,27.78,27.18,27.75,516986
31-Aug-12,27.87,27.94,27.46,27.56,350491
30-Aug-12,27.52,27.90,27.50,27.68,377656
29-Aug-12,27.53,27.86,27.43,27.66,176810
28-Aug-12,27.34,27.73,27.24,27.55,304867
27-Aug-12,27.28,27.50,27.22,27.39,259565
24-Aug-12,26.91,27.21,26.88,27.17,301546
23-Aug-12,27.45,27.45,26.81,27.05,546453
22-Aug-12,27.14,27.44,26.89,27.40,206311
21-Aug-12,27.30,27.46,27.21,27.28,440615
20-Aug-12,27.09,27.29,27.00,27.27,373468
17-Aug-12,27.00,27.27,27.00,27.17,111395
16-Aug-12,26.71,27.02,26.46,27.02,113828
15-Aug-12,26.12,26.77,26.10,26.76,156699
14-Aug-12,26.27,26.28,26.07,26.19,69506
13-Aug-12,26.29,26.32,26.02,26.22,73739
10-Aug-12,26.42,26.44,26.20,26.26,100029
9-Aug-12,26.57,26.71,26.42,26.43,77135
8-Aug-12,26.50,26.62,26.41,26.55,72999
7-Aug-12,26.76,26.81,26.45,26.54,153820
6-Aug-12,26.79,27.03,26.68,26.68,149068
3-Aug-12,26.97,27.17,26.61,26.67,119707
2-Aug-12,26.53,26.73,26.39,26.63,537822
1-Aug-12,26.93,27.17,26.65,26.65,821793
31-Jul-12,27.31,27.33,26.83,26.90,914099
30-Jul-12,27.09,27.48,27.09,27.35,344982
27-Jul-12,26.76,27.33,26.76,27.09,489134
26-Jul-12,26.55,27.19,26.48,26.75,1330062
25-Jul-12,26.20,26.55,25.90,26.37,862499
24-Jul-12,26.22,26.25,25.94,26.19,1205591
23-Jul-12,25.94,26.20,25.93,26.11,793891
20-Jul-12,26.31,26.42,25.87,26.29,1556296
19-Jul-12,27.41,27.49,26.30,26.40,1243247
18-Jul-12,27.95,27.95,27.03,27.26,1399891
17-Jul-12,28.40,28.40,27.86,27.95,1044413
16-Jul-12,28.21,28.28,28.08,28.14,503592
13-Jul-12,28.11,28.40,28.11,28.25,780666
12-Jul-12,28.10,28.19,27.80,27.96,579263
11-Jul-12,28.41,28.48,27.99,28.28,486427
10-Jul-12,28.11,28.44,27.96,28.40,895238
9-Jul-12,28.38,28.54,28.22,28.49,519637
6-Jul-12,28.19,28.40,28.12,28.35,784412
5-Jul-12,28.76,28.94,28.46,28.50,575757
3-Jul-12,28.80,29.00,28.48,28.87,260186
2-Jul-12,28.56,28.94,28.47,28.94,506705
29-Jun-12,28.36,28.75,28.07,28.56,971458
28-Jun-12,27.24,27.84,27.13,27.81,839497
27-Jun-12,27.25,27.53,27.18,27.48,574030
26-Jun-12,27.11,27.76,27.11,27.19,1342617
25-Jun-12,26.59,27.28,26.58,27.15,686993
22-Jun-12,26.75,27.12,26.58,27.01,1078689
21-Jun-12,27.13,27.19,26.65,26.66,523763
20-Jun-12,27.35,27.35,26.77,27.16,539881
19-Jun-12,26.84,27.37,26.80,27.25,565395
18-Jun-12,26.16,26.88,25.48,26.82,508191
15-Jun-12,26.35,26.45,25.96,26.35,578413
14-Jun-12,25.83,26.34,25.79,26.29,247440
13-Jun-12,25.85,26.17,25.61,25.83,517560
12-Jun-12,25.65,26.10,25.45,26.01,409712
11-Jun-12,26.43,26.43,25.46,25.51,493717
8-Jun-12,25.72,26.25,25.56,26.22,308740
7-Jun-12,26.42,26.84,25.78,25.79,601803
6-Jun-12,25.67,26.40,25.59,26.09,576595
5-Jun-12,24.81,25.48,24.79,25.43,365549
4-Jun-12,25.11,25.27,24.67,24.97,537712
1-Jun-12,25.00,25.51,24.91,25.03,978117
31-May-12,25.50,25.74,25.04,25.49,798899
30-May-12,25.79,26.07,25.44,25.45,883924
29-May-12,26.37,26.48,25.96,26.13,990992
25-May-12,26.48,26.57,25.99,26.11,376394
24-May-12,26.44,26.60,25.91,26.57,644501
23-May-12,25.83,26.50,25.76,26.37,1619333
22-May-12,25.80,26.29,25.70,26.14,1108133
21-May-12,25.15,25.95,25.05,25.83,846446
18-May-12,25.50,26.00,25.05,25.11,662694
17-May-12,26.15,26.19,25.39,25.56,830952
16-May-12,26.52,26.85,26.16,26.18,672451
15-May-12,26.40,26.78,26.14,26.52,793996
14-May-12,26.13,26.56,26.05,26.33,761256
11-May-12,26.09,26.54,26.09,26.45,506570
10-May-12,26.53,26.59,26.09,26.21,753307
9-May-12,26.10,26.65,25.87,26.30,1027885
8-May-12,26.45,26.55,26.02,26.37,1209764
7-May-12,26.66,27.10,26.57,26.67,918405
4-May-12,26.52,26.92,26.31,26.88,1364520
3-May-12,26.78,27.11,26.59,26.63,1222847
2-May-12,27.11,27.11,26.56,26.75,1581065
1-May-12,27.27,27.88,27.11,27.39,1190332
30-Apr-12,27.16,27.28,26.99,27.15,898030
27-Apr-12,26.72,27.65,26.67,27.16,2749973
26-Apr-12,26.24,27.18,26.06,26.60,4142115
25-Apr-12,24.55,24.74,23.96,24.69,1476467
24-Apr-12,23.52,24.23,23.52,24.17,800137
23-Apr-12,23.65,23.83,23.43,23.58,527696
20-Apr-12,24.06,24.17,23.85,23.97,509060
19-Apr-12,23.85,23.91,23.58,23.86,396853
18-Apr-12,23.95,24.00,23.71,23.83,272379
17-Apr-12,24.00,24.43,23.95,24.08,529960
16-Apr-12,23.69,24.06,23.53,23.90,394379
13-Apr-12,23.57,23.71,23.43,23.52,595629
12-Apr-12,23.22,23.74,23.05,23.67,1088365
11-Apr-12,23.01,23.45,22.98,23.15,847880
10-Apr-12,23.59,23.67,22.73,22.75,807040
9-Apr-12,23.64,23.80,23.36,23.58,456038
5-Apr-12,23.94,24.09,23.81,24.06,502037
4-Apr-12,24.23,24.25,23.90,24.08,544460
3-Apr-12,24.62,24.63,24.22,24.40,340952
2-Apr-12,24.44,24.79,24.35,24.78,1153014
30-Mar-12,24.58,24.62,24.29,24.45,877225
29-Mar-12,24.37,24.53,23.97,24.49,510353
28-Mar-12,24.49,24.55,24.18,24.52,493779
27-Mar-12,24.59,24.73,24.39,24.52,474171
26-Mar-12,24.39,24.68,24.21,24.56,729357
23-Mar-12,24.06,24.25,23.50,24.20,1151477
22-Mar-12,23.67,23.70,23.38,23.55,970791
21-Mar-12,23.81,24.06,23.73,23.90,739389
20-Mar-12,23.72,23.86,23.57,23.80,583062
19-Mar-12,23.62,24.19,23.52,23.88,694754
16-Mar-12,23.62,23.89,23.51,23.70,1084066
15-Mar-12,23.09,23.60,23.07,23.47,634973
14-Mar-12,22.91,23.20,22.85,23.11,463699
13-Mar-12,22.59,23.05,22.45,22.88,1130794
12-Mar-12,22.24,22.55,22.17,22.43,592419
9-Mar-12,22.16,22.31,22.00,22.16,1806750
8-Mar-12,22.29,22.40,22.07,22.20,344469
7-Mar-12,22.28,22.45,22.08,22.22,634897
6-Mar-12,22.74,22.88,22.22,22.27,1273733
5-Mar-12,22.85,23.01,22.70,23.00,447328
2-Mar-12,23.00,23.16,22.96,22.99,772265
1-Mar-12,22.90,23.17,22.85,23.04,1124249
29-Feb-12,22.77,23.06,22.77,22.90,846414
28-Feb-12,22.66,22.87,22.56,22.80,530461
27-Feb-12,22.39,22.62,22.15,22.60,871418
24-Feb-12,22.61,22.68,22.42,22.50,557679
23-Feb-12,22.49,22.62,22.41,22.57,1084081
22-Feb-12,22.98,23.24,22.46,22.49,997045
21-Feb-12,22.98,23.55,22.86,23.07,1188055
17-Feb-12,23.17,23.17,22.68,23.05,1422043
16-Feb-12,23.09,23.37,22.93,23.07,1511194
15-Feb-12,23.34,23.62,23.02,23.09,880723
14-Feb-12,23.41,23.66,23.27,23.50,739507
13-Feb-12,23.36,23.56,23.26,23.54,882472
10-Feb-12,23.07,23.41,22.89,23.22,1850789
9-Feb-12,24.31,24.31,23.19,23.36,2950769
8-Feb-12,22.94,24.40,22.74,24.36,5980223
7-Feb-12,25.84,25.88,24.97,25.50,1294067
6-Feb-12,25.92,26.03,25.55,25.63,344663
3-Feb-12,25.80,26.18,25.56,26.08,932519
2-Feb-12,25.56,25.88,25.37,25.48,660045
1-Feb-12,25.66,25.75,25.41,25.53,1343878
31-Jan-12,25.42,25.60,25.25,25.50,733965
30-Jan-12,25.26,25.53,25.18,25.27,876787
27-Jan-12,25.42,25.75,25.42,25.45,1096895
26-Jan-12,25.25,25.71,25.11,25.61,1227606
25-Jan-12,24.16,25.32,24.16,25.03,1369690
24-Jan-12,23.90,24.36,23.90,24.29,490851
23-Jan-12,24.20,24.39,23.92,23.98,545348
20-Jan-12,23.97,24.24,23.85,24.20,472272
19-Jan-12,24.17,24.30,23.90,24.00,445254
18-Jan-12,23.82,24.15,23.68,24.13,452659
17-Jan-12,23.94,24.27,23.70,23.77,399659
13-Jan-12,23.80,23.80,23.80,23.80,0
12-Jan-12,23.47,23.47,22.99,23.31,873996
11-Jan-12,23.34,23.83,23.13,23.45,1011848
10-Jan-12,23.64,23.83,23.22,23.37,646210
9-Jan-12,23.96,24.15,23.65,23.79,390587
6-Jan-12,23.79,24.25,23.65,23.76,571168
5-Jan-12,24.05,24.29,23.74,24.19,327884
4-Jan-12,24.16,24.36,23.97,24.24,472193
3-Jan-12,24.41,24.77,24.15,24.33,561421
30-Dec-11,24.22,24.22,24.22,24.22,0
29-Dec-11,24.20,24.45,24.08,24.18,229806
28-Dec-11,24.47,24.51,24.00,24.08,469623
27-Dec-11,23.84,24.52,23.73,24.45,359541
23-Dec-11,23.89,23.89,23.89,23.89,0
22-Dec-11,23.96,24.16,23.63,23.66,524537
21-Dec-11,24.09,24.11,23.64,23.96,500142
20-Dec-11,23.78,24.22,23.78,24.18,595571
19-Dec-11,23.67,24.02,23.32,23.35,484603
16-Dec-11,23.45,23.74,23.29,23.54,770714
15-Dec-11,23.32,23.43,23.00,23.28,664930
14-Dec-11,23.11,23.33,22.95,23.07,1204190
13-Dec-11,23.90,24.25,23.34,23.41,841013
12-Dec-11,23.54,23.86,23.28,23.81,398532
9-Dec-11,23.50,24.00,23.40,23.87,647013
8-Dec-11,23.72,23.89,23.36,23.38,827238
7-Dec-11,23.80,24.01,23.57,23.94,593023
6-Dec-11,23.90,24.06,23.40,23.90,815899
5-Dec-11,23.54,23.91,23.30,23.91,1110883
2-Dec-11,23.20,23.36,23.02,23.18,1242241
1-Dec-11,22.42,23.16,22.20,22.94,959781
30-Nov-11,22.30,22.53,22.05,22.53,866375
29-Nov-11,21.93,22.02,21.37,21.57,396078
28-Nov-11,21.62,22.01,21.49,21.97,739119
25-Nov-11,20.95,21.42,20.95,20.99,186397
23-Nov-11,21.09,21.09,21.09,21.09,0
22-Nov-11,21.43,21.73,21.13,21.28,547601
21-Nov-11,21.87,21.92,21.23,21.46,679039
18-Nov-11,22.48,22.59,22.09,22.27,661866
17-Nov-11,22.20,22.96,22.16,22.44,1174135
16-Nov-11,22.16,22.73,21.97,22.26,1075150
15-Nov-11,21.99,22.56,21.86,22.38,458281
14-Nov-11,22.68,22.81,21.99,22.15,558670
11-Nov-11,22.24,22.91,22.13,22.90,683370
10-Nov-11,22.88,22.93,21.93,21.98,805905
9-Nov-11,23.00,23.65,22.37,22.42,902328
8-Nov-11,23.31,23.65,22.93,23.56,997852
7-Nov-11,22.78,23.00,22.48,22.93,544322
4-Nov-11,22.55,22.96,22.33,22.84,1008584
3-Nov-11,22.23,22.88,21.73,22.83,1815610
2-Nov-11,20.51,22.05,19.90,22.02,2354883
1-Nov-11,21.63,21.63,19.68,19.73,1259665
31-Oct-11,20.82,21.15,20.62,20.79,1047662
28-Oct-11,20.95,21.33,20.76,21.10,977386
27-Oct-11,20.76,21.54,20.63,21.03,2443373
26-Oct-11,20.69,20.69,19.94,20.03,1083946
25-Oct-11,21.09,21.09,20.39,20.45,773514
24-Oct-11,20.72,21.35,20.63,21.16,869400
21-Oct-11,20.46,20.73,20.20,20.73,701897
20-Oct-11,20.13,20.32,19.74,20.09,1026008
19-Oct-11,20.60,20.72,19.98,20.07,1104633
18-Oct-11,20.07,20.79,19.98,20.64,1873221
17-Oct-11,20.52,20.56,19.91,20.01,924169
14-Oct-11,20.43,20.69,20.17,20.65,659620
13-Oct-11,20.32,20.43,19.79,20.20,628023
12-Oct-11,20.43,20.86,20.30,20.45,1096684
11-Oct-11,20.79,20.82,20.05,20.24,844140
10-Oct-11,20.41,20.96,20.41,20.95,1074220
7-Oct-11,20.71,20.89,19.99,20.01,975079
6-Oct-11,19.87,20.66,19.78,20.64,1186565
5-Oct-11,20.48,20.55,19.33,19.97,1445341
4-Oct-11,18.99,20.64,18.62,20.60,1508075
3-Oct-11,19.48,20.14,18.91,19.22,1634071
30-Sep-11,20.25,20.41,19.66,19.69,1832155
