Date,Open,High,Low,Close,Volume
27-Sep-12,11.72,11.96,11.69,11.92,1786620
26-Sep-12,11.60,11.78,11.54,11.69,1710927
25-Sep-12,11.83,11.91,11.55,11.58,1029014
24-Sep-12,11.70,11.93,11.60,11.80,876765
21-Sep-12,11.92,11.92,11.69,11.77,2049915
20-Sep-12,11.89,11.89,11.67,11.79,1373132
19-Sep-12,11.96,12.12,11.92,11.99,897212
18-Sep-12,11.96,12.08,11.83,11.94,1105775
17-Sep-12,12.27,12.29,11.95,11.97,1038279
14-Sep-12,11.70,12.43,11.70,12.31,2027105
13-Sep-12,11.74,12.11,11.62,11.94,2160227
12-Sep-12,11.59,11.88,11.56,11.77,2382443
11-Sep-12,11.40,11.57,11.36,11.54,1733090
10-Sep-12,11.43,11.61,11.41,11.44,2174385
7-Sep-12,11.51,11.57,11.16,11.42,2557333
6-Sep-12,11.50,11.70,11.24,11.49,3334740
5-Sep-12,11.28,11.45,11.19,11.42,1493633
4-Sep-12,11.15,11.41,11.07,11.30,1460042
31-Aug-12,11.19,11.28,11.08,11.12,1047833
30-Aug-12,11.14,11.19,11.00,11.10,1419728
29-Aug-12,10.99,11.23,10.99,11.20,1276610
28-Aug-12,10.73,11.06,10.72,11.00,1919116
27-Aug-12,10.74,11.03,10.72,10.79,1491620
24-Aug-12,10.65,10.89,10.57,10.69,2517835
23-Aug-12,10.60,10.66,10.38,10.44,804458
22-Aug-12,10.75,10.82,10.61,10.64,653900
21-Aug-12,10.75,10.98,10.70,10.77,1453519
20-Aug-12,10.60,10.82,10.60,10.74,832938
17-Aug-12,10.55,10.71,10.48,10.64,216473
16-Aug-12,10.40,10.62,10.34,10.53,282036
15-Aug-12,10.31,10.49,10.30,10.43,162320
14-Aug-12,10.40,10.51,10.31,10.34,284617
13-Aug-12,10.14,10.34,10.07,10.32,220926
10-Aug-12,10.18,10.24,10.13,10.22,235636
9-Aug-12,10.30,10.32,10.19,10.20,273287
8-Aug-12,10.36,10.46,10.24,10.34,254044
7-Aug-12,10.32,10.64,10.31,10.40,449611
6-Aug-12,10.50,10.59,10.23,10.23,497242
3-Aug-12,10.33,10.67,10.29,10.51,331038
2-Aug-12,10.23,10.40,10.05,10.18,1073522
1-Aug-12,10.35,10.46,10.28,10.34,1808553
31-Jul-12,10.26,10.40,10.23,10.33,1339171
30-Jul-12,10.39,10.46,10.19,10.29,1323789
27-Jul-12,10.26,10.51,10.14,10.45,2345137
26-Jul-12,10.13,10.21,10.00,10.19,2726987
25-Jul-12,10.11,10.28,9.92,9.97,1588566
24-Jul-12,9.87,10.00,9.80,9.98,2583594
23-Jul-12,9.65,9.91,9.59,9.87,3047806
20-Jul-12,10.29,10.29,9.80,9.85,3359285
19-Jul-12,11.38,11.40,9.95,10.30,9058014
18-Jul-12,11.51,11.56,11.32,11.42,1998951
17-Jul-12,11.49,11.70,11.41,11.55,2207052
16-Jul-12,11.37,11.46,11.27,11.42,784356
13-Jul-12,11.10,11.43,11.04,11.40,847996
12-Jul-12,10.94,11.08,10.82,11.06,1446173
11-Jul-12,11.11,11.17,10.96,11.02,2171866
10-Jul-12,11.31,11.41,11.00,11.13,2175298
9-Jul-12,11.43,11.48,11.17,11.26,1571599
6-Jul-12,11.48,11.55,11.40,11.45,1537962
5-Jul-12,11.67,11.73,11.61,11.62,1136719
3-Jul-12,11.69,11.79,11.64,11.75,820933
2-Jul-12,11.55,11.75,11.44,11.74,3197679
29-Jun-12,11.68,11.71,11.44,11.48,3812185
28-Jun-12,11.39,11.51,11.14,11.43,2460198
27-Jun-12,11.43,11.56,11.04,11.49,4869107
26-Jun-12,11.37,11.45,11.26,11.43,1214569
25-Jun-12,11.32,11.36,11.19,11.33,1475115
22-Jun-12,11.29,11.60,11.26,11.52,1460825
21-Jun-12,11.50,11.61,11.13,11.20,1578640
20-Jun-12,11.42,11.63,11.40,11.46,1948460
19-Jun-12,11.23,11.43,11.17,11.40,1855443
18-Jun-12,11.03,11.22,10.95,11.16,2837317
15-Jun-12,11.04,11.11,10.97,11.08,3597707
14-Jun-12,10.94,11.11,10.92,11.03,1247234
13-Jun-12,10.93,11.16,10.83,10.92,1300272
12-Jun-12,10.86,10.97,10.68,10.96,1980147
11-Jun-12,11.10,11.10,10.72,10.78,1984053
8-Jun-12,10.77,11.14,10.64,10.96,2015356
7-Jun-12,11.00,11.11,10.77,10.83,1836237
6-Jun-12,10.75,10.84,10.60,10.84,1496286
5-Jun-12,10.48,10.77,10.43,10.61,1566243
4-Jun-12,11.01,11.03,10.53,10.56,1959746
1-Jun-12,11.52,11.52,10.98,10.99,2659432
31-May-12,11.47,11.89,11.27,11.79,2453582
30-May-12,11.61,11.71,11.44,11.45,1353491
29-May-12,11.76,11.80,11.60,11.77,1142685
25-May-12,11.74,11.85,11.60,11.63,1287538
24-May-12,11.77,11.81,11.54,11.76,1497060
23-May-12,11.59,11.76,11.43,11.72,1924798
22-May-12,11.65,11.89,11.64,11.72,1651324
21-May-12,11.44,11.67,11.40,11.61,2312615
18-May-12,11.49,11.57,11.35,11.39,2074571
17-May-12,11.66,11.71,11.38,11.43,2907022
16-May-12,11.84,11.90,11.63,11.63,1702093
15-May-12,11.95,12.15,11.66,11.73,2544690
14-May-12,12.00,12.22,11.98,11.98,1974523
11-May-12,12.09,12.34,11.93,12.17,1606766
10-May-12,12.35,12.46,12.21,12.25,2068064
9-May-12,11.88,12.53,11.77,12.20,4815758
8-May-12,11.91,12.02,11.72,12.02,2047480
7-May-12,11.73,12.04,11.68,12.02,3015324
4-May-12,11.68,11.85,11.62,11.81,2654343
3-May-12,11.62,11.90,11.58,11.76,2875292
2-May-12,11.60,11.69,11.41,11.59,2451504
1-May-12,11.48,11.85,11.44,11.72,2308661
30-Apr-12,11.64,11.67,11.41,11.47,1276705
27-Apr-12,11.61,11.71,11.40,11.70,1701125
26-Apr-12,11.40,11.59,11.38,11.56,1365877
25-Apr-12,11.39,11.53,11.23,11.43,2662238
24-Apr-12,10.95,11.30,10.95,11.30,3535939
23-Apr-12,10.79,11.01,10.68,10.95,3495652
20-Apr-12,11.00,11.18,10.99,11.01,2192035
19-Apr-12,11.20,11.31,10.86,11.00,4960886
18-Apr-12,11.07,11.14,10.90,11.00,2062087
17-Apr-12,11.01,11.20,10.94,11.17,1274799
16-Apr-12,10.92,11.03,10.73,10.91,1834908
13-Apr-12,11.22,11.22,10.77,10.83,3132679
12-Apr-12,11.09,11.31,11.09,11.30,1426997
11-Apr-12,10.99,11.21,10.99,11.10,2135121
10-Apr-12,11.14,11.25,10.86,10.86,1998644
9-Apr-12,11.15,11.27,11.08,11.18,1563782
5-Apr-12,11.63,11.69,11.34,11.35,1989110
4-Apr-12,11.71,11.86,11.58,11.72,2637098
3-Apr-12,11.81,11.93,11.76,11.86,2743078
2-Apr-12,11.84,11.99,11.75,11.85,2684898
30-Mar-12,12.13,12.20,11.83,11.89,2120936
29-Mar-12,12.00,12.10,11.81,12.07,1364838
28-Mar-12,12.23,12.36,11.94,12.11,3174726
27-Mar-12,12.22,12.36,12.14,12.21,1861786
26-Mar-12,12.22,12.25,12.05,12.20,2186689
23-Mar-12,12.11,12.20,11.94,12.09,2163531
22-Mar-12,12.30,12.41,11.97,12.06,3106730
21-Mar-12,12.42,12.46,12.20,12.32,2407093
20-Mar-12,12.25,12.58,12.18,12.41,2602578
19-Mar-12,12.20,12.54,12.00,12.39,3389430
16-Mar-12,12.00,12.26,11.90,12.25,4244488
15-Mar-12,11.52,11.99,11.37,11.97,3226202
14-Mar-12,11.63,11.75,11.30,11.45,3713144
13-Mar-12,11.21,11.77,11.16,11.53,8219252
12-Mar-12,10.73,10.87,10.60,10.83,2118413
9-Mar-12,10.64,10.92,10.62,10.73,1848616
8-Mar-12,10.69,10.73,10.56,10.61,2155208
7-Mar-12,10.48,11.11,10.39,10.59,5569749
6-Mar-12,10.29,10.34,10.06,10.29,2305410
5-Mar-12,10.43,10.50,10.33,10.44,1430243
2-Mar-12,10.63,10.71,10.38,10.46,3020508
1-Mar-12,10.84,10.90,10.55,10.58,2514171
29-Feb-12,10.89,10.96,10.72,10.78,2093189
28-Feb-12,10.99,11.06,10.68,10.85,2282904
27-Feb-12,10.90,11.21,10.81,11.05,2860953
24-Feb-12,10.96,11.13,10.89,10.99,1284902
23-Feb-12,10.82,11.06,10.73,10.97,2259278
22-Feb-12,11.15,11.16,10.76,10.85,3338793
21-Feb-12,11.21,11.37,11.07,11.21,1841962
17-Feb-12,11.20,11.26,11.03,11.22,2922442
16-Feb-12,11.02,11.34,10.96,11.22,4445762
15-Feb-12,11.06,11.21,10.95,10.99,2329877
14-Feb-12,10.89,11.04,10.78,11.02,2062435
13-Feb-12,10.98,11.05,10.87,10.97,2241489
10-Feb-12,10.63,10.89,10.52,10.87,2579691
9-Feb-12,10.83,10.92,10.75,10.80,2504612
8-Feb-12,10.46,10.87,10.44,10.78,2180746
7-Feb-12,10.40,10.54,10.30,10.47,1404922
6-Feb-12,10.58,10.63,10.37,10.42,1678897
3-Feb-12,10.65,10.83,10.52,10.65,2936762
2-Feb-12,10.28,10.50,10.25,10.49,1375193
1-Feb-12,10.14,10.30,10.05,10.29,2413673
31-Jan-12,10.37,10.38,10.04,10.04,3206807
30-Jan-12,10.30,10.43,10.22,10.34,1028710
27-Jan-12,10.39,10.49,10.28,10.43,1260305
26-Jan-12,10.59,10.66,10.30,10.46,3704910
25-Jan-12,10.38,10.66,10.31,10.50,2595502
24-Jan-12,10.74,11.24,10.29,10.57,4741841
23-Jan-12,11.65,11.86,11.47,11.62,2224742
20-Jan-12,11.32,11.70,11.26,11.69,1220624
19-Jan-12,11.54,11.70,11.33,11.38,1626957
18-Jan-12,11.03,11.49,10.96,11.46,1241173
17-Jan-12,11.20,11.35,11.01,11.07,1051494
13-Jan-12,11.12,11.12,11.12,11.12,0
12-Jan-12,11.26,11.35,11.02,11.26,2478818
11-Jan-12,11.22,11.29,11.03,11.24,1315740
10-Jan-12,11.39,11.54,11.20,11.26,2639660
9-Jan-12,10.93,11.31,10.90,11.24,1905030
6-Jan-12,10.84,10.92,10.61,10.88,1014360
5-Jan-12,10.61,11.09,10.43,10.84,2037355
4-Jan-12,10.57,10.79,10.36,10.70,1227237
3-Jan-12,10.54,10.78,10.54,10.66,1703801
30-Dec-11,10.32,10.32,10.32,10.32,0
29-Dec-11,10.23,10.46,10.21,10.46,728602
28-Dec-11,10.47,10.49,10.19,10.19,713657
27-Dec-11,10.46,10.66,10.46,10.53,650345
23-Dec-11,10.56,10.56,10.56,10.56,0
22-Dec-11,10.20,10.59,10.19,10.53,1766109
21-Dec-11,9.95,10.22,9.88,10.19,1245793
20-Dec-11,9.70,10.04,9.68,9.98,1281978
19-Dec-11,9.70,9.82,9.46,9.54,1721820
16-Dec-11,9.75,10.05,9.71,9.74,2329041
15-Dec-11,9.75,9.79,9.56,9.72,2729246
14-Dec-11,9.49,9.82,9.47,9.60,3762487
13-Dec-11,10.18,10.23,9.86,9.92,1830834
12-Dec-11,10.03,10.14,9.88,10.10,1251559
9-Dec-11,9.92,10.25,9.86,10.19,1245547
8-Dec-11,10.24,10.27,9.79,9.89,2194672
7-Dec-11,10.10,10.40,9.93,10.36,1782209
6-Dec-11,9.98,10.24,9.86,10.20,1703871
5-Dec-11,9.92,10.07,9.80,10.00,2654625
2-Dec-11,9.95,10.00,9.69,9.72,2930476
1-Dec-11,10.02,10.04,9.68,9.89,2200838
30-Nov-11,9.98,10.07,9.74,10.06,3711012
29-Nov-11,9.81,9.90,9.49,9.58,2419333
28-Nov-11,9.98,10.07,9.74,9.79,1350862
25-Nov-11,9.54,9.81,9.53,9.64,304407
23-Nov-11,9.59,9.59,9.59,9.59,0
22-Nov-11,10.16,10.23,9.91,9.98,1609144
21-Nov-11,10.33,10.34,9.98,10.18,1199939
18-Nov-11,10.39,10.54,10.25,10.52,795276
17-Nov-11,10.62,10.89,10.31,10.37,1869749
16-Nov-11,10.51,10.98,10.43,10.65,1058537
15-Nov-11,10.36,10.70,10.28,10.64,827591
14-Nov-11,10.65,10.68,10.30,10.46,977521
11-Nov-11,10.74,10.83,10.61,10.76,985206
10-Nov-11,10.57,10.73,10.44,10.59,1359557
9-Nov-11,10.94,11.03,10.35,10.39,1650301
8-Nov-11,11.12,11.29,10.84,11.26,1223071
7-Nov-11,10.87,11.00,10.66,10.96,1008008
4-Nov-11,10.86,10.97,10.66,10.87,745822
3-Nov-11,10.66,11.03,10.38,11.01,1138785
2-Nov-11,10.38,10.62,10.27,10.61,1156868
1-Nov-11,10.27,10.58,10.14,10.16,2172169
31-Oct-11,10.97,10.99,10.64,10.64,1610979
28-Oct-11,11.34,11.36,11.09,11.24,1310658
27-Oct-11,11.47,11.68,11.08,11.32,2555388
26-Oct-11,10.93,11.04,10.74,10.95,1543476
25-Oct-11,11.20,11.27,10.83,10.85,1185808
24-Oct-11,11.09,11.41,10.94,11.34,1896556
21-Oct-11,11.08,11.21,10.73,11.10,10665306
20-Oct-11,10.25,10.94,10.11,10.90,2522873
19-Oct-11,10.54,10.84,10.40,10.65,2020624
18-Oct-11,10.13,10.64,10.09,10.55,1668504
17-Oct-11,10.43,10.43,9.99,10.03,1275183
14-Oct-11,10.53,10.63,10.19,10.53,1073136
13-Oct-11,10.57,10.57,10.06,10.37,1552028
12-Oct-11,10.42,10.90,10.36,10.68,1427714
11-Oct-11,10.26,10.42,10.09,10.31,1238881
10-Oct-11,10.04,10.28,9.93,10.28,1583310
7-Oct-11,10.18,10.20,9.75,9.82,2583887
6-Oct-11,9.68,10.14,9.51,10.13,1543162
5-Oct-11,9.28,9.74,9.05,9.70,2200042
4-Oct-11,8.68,9.32,8.61,9.25,2117935
3-Oct-11,9.19,9.47,8.79,8.79,1734629
30-Sep-11,9.69,9.77,9.13,9.16,1738932
