Date,Open,High,Low,Close,Volume
27-Sep-12,8.12,8.21,8.00,8.15,58883
26-Sep-12,8.00,8.10,7.92,8.05,127636
25-Sep-12,8.50,8.50,7.80,7.95,300722
24-Sep-12,8.45,8.50,8.25,8.45,78833
21-Sep-12,8.61,8.68,8.41,8.50,90830
20-Sep-12,8.47,8.67,8.24,8.49,26351
19-Sep-12,8.30,8.70,8.00,8.54,62562
18-Sep-12,7.42,8.77,7.39,8.23,96782
17-Sep-12,7.65,7.65,7.27,7.39,43774
14-Sep-12,7.69,7.78,7.54,7.66,29536
13-Sep-12,6.60,7.89,6.60,7.62,66649
12-Sep-12,6.85,6.99,6.39,6.86,98458
11-Sep-12,7.53,8.08,7.53,8.07,32196
10-Sep-12,7.63,7.63,7.48,7.49,16571
7-Sep-12,7.62,7.72,7.50,7.65,71268
6-Sep-12,7.47,7.63,7.34,7.54,44975
5-Sep-12,7.28,7.49,7.25,7.38,53465
4-Sep-12,7.18,7.40,6.90,7.23,103404
31-Aug-12,7.44,7.44,7.12,7.20,40320
30-Aug-12,7.35,7.42,7.35,7.36,23385
29-Aug-12,7.45,7.57,7.37,7.45,39625
28-Aug-12,7.66,7.75,7.36,7.40,79829
27-Aug-12,7.80,7.80,7.51,7.62,58161
24-Aug-12,7.87,8.07,7.73,7.74,36152
23-Aug-12,8.27,8.27,7.90,7.91,49781
22-Aug-12,8.16,8.40,8.08,8.27,70162
21-Aug-12,8.65,8.65,8.14,8.24,92965
20-Aug-12,8.56,8.63,8.46,8.62,30828
17-Aug-12,8.59,8.71,8.50,8.63,39578
16-Aug-12,8.25,8.63,8.19,8.63,71417
15-Aug-12,8.23,8.38,8.00,8.29,33255
14-Aug-12,8.70,8.70,8.08,8.23,75966
13-Aug-12,8.79,9.05,8.52,8.58,32068
10-Aug-12,8.92,8.99,8.72,8.79,21774
9-Aug-12,8.99,9.05,8.82,8.92,42152
8-Aug-12,9.15,9.21,8.95,8.97,42504
7-Aug-12,8.86,9.33,8.84,9.19,73502
6-Aug-12,8.50,8.91,8.46,8.76,158682
3-Aug-12,7.94,8.50,7.94,8.46,69011
2-Aug-12,7.91,8.06,7.86,7.99,45409
1-Aug-12,8.07,8.14,7.91,7.95,61064
31-Jul-12,7.90,8.04,7.60,8.00,461352
30-Jul-12,7.91,7.99,7.83,7.91,33133
27-Jul-12,7.74,8.18,7.59,7.87,213227
26-Jul-12,7.85,7.89,7.53,7.71,60565
25-Jul-12,7.73,7.80,7.60,7.68,45864
24-Jul-12,8.00,8.02,7.60,7.63,45598
23-Jul-12,8.00,8.23,8.00,8.00,44498
20-Jul-12,8.00,8.25,8.00,8.15,31562
19-Jul-12,8.21,8.21,8.02,8.05,19644
18-Jul-12,8.00,8.42,7.94,8.20,33527
17-Jul-12,8.21,8.21,7.81,8.00,176369
16-Jul-12,8.39,8.39,8.03,8.13,33278
13-Jul-12,8.26,8.50,8.26,8.42,64557
12-Jul-12,8.17,8.30,8.03,8.24,65743
11-Jul-12,8.09,8.24,8.03,8.22,43392
10-Jul-12,8.22,8.23,8.03,8.06,60968
9-Jul-12,8.45,8.49,8.00,8.12,74226
6-Jul-12,8.08,8.45,8.02,8.45,106382
5-Jul-12,7.98,8.21,7.89,8.21,82080
3-Jul-12,8.10,8.19,7.96,8.00,56754
2-Jul-12,7.86,8.24,7.66,8.10,103152
29-Jun-12,7.88,7.92,7.74,7.81,138410
28-Jun-12,7.48,7.65,7.26,7.63,111916
27-Jun-12,7.51,7.70,7.27,7.58,280757
26-Jun-12,8.03,8.03,7.50,7.53,65251
25-Jun-12,8.09,8.25,7.98,8.07,83764
22-Jun-12,7.93,8.27,7.89,8.24,878068
21-Jun-12,8.23,8.23,7.77,7.84,68139
20-Jun-12,8.29,8.29,8.09,8.27,57927
19-Jun-12,7.90,8.43,7.90,8.31,91788
18-Jun-12,7.96,8.10,7.57,7.87,124156
15-Jun-12,8.14,8.16,7.92,8.01,116327
14-Jun-12,8.05,8.26,7.97,8.16,96741
13-Jun-12,8.51,8.51,7.97,8.06,125595
12-Jun-12,7.58,8.60,7.58,8.57,134804
11-Jun-12,7.94,7.94,7.50,7.50,110425
8-Jun-12,7.73,7.89,7.64,7.82,72024
7-Jun-12,7.94,7.95,7.75,7.78,163953
6-Jun-12,7.50,7.75,7.45,7.75,99342
5-Jun-12,7.51,7.55,7.39,7.41,76570
4-Jun-12,7.51,7.60,7.46,7.58,99773
1-Jun-12,7.45,7.80,7.40,7.42,89016
31-May-12,7.83,7.95,7.60,7.64,114041
30-May-12,7.75,7.87,7.70,7.81,83302
29-May-12,8.02,8.03,7.77,7.90,69047
25-May-12,7.97,8.19,7.87,7.96,70781
24-May-12,8.01,8.09,7.70,8.00,59068
23-May-12,8.12,8.12,7.61,7.97,156802
22-May-12,8.90,8.95,8.11,8.20,220630
21-May-12,8.78,9.04,8.65,8.88,230800
18-May-12,9.12,9.22,8.75,8.79,107083
17-May-12,9.16,9.30,8.87,9.11,142923
16-May-12,9.25,9.58,9.12,9.13,136022
15-May-12,9.53,9.69,9.14,9.21,1953312
14-May-12,10.06,10.16,9.53,9.56,94847
11-May-12,10.78,10.85,10.04,10.15,131246
10-May-12,11.77,11.78,10.91,10.98,142218
9-May-12,12.04,12.41,11.71,11.74,147285
8-May-12,12.14,12.38,11.68,12.21,110467
7-May-12,12.26,12.63,12.23,12.33,61640
4-May-12,12.69,12.96,12.16,12.36,63994
3-May-12,13.22,13.22,12.47,12.80,59644
2-May-12,13.10,13.34,12.86,13.26,55571
1-May-12,13.57,13.95,13.22,13.25,50362
30-Apr-12,13.97,14.05,13.45,13.51,53566
27-Apr-12,13.90,14.17,13.48,14.04,44548
26-Apr-12,14.38,14.47,13.72,13.85,61182
25-Apr-12,13.52,14.71,13.52,14.48,138346
24-Apr-12,12.67,13.36,12.61,13.23,69376
23-Apr-12,13.06,13.19,12.51,12.62,81198
20-Apr-12,13.22,13.50,12.91,13.39,72034
19-Apr-12,13.17,13.48,12.82,12.97,60419
18-Apr-12,13.87,13.90,12.95,13.18,80048
17-Apr-12,14.13,14.40,13.97,14.01,46165
16-Apr-12,13.73,14.20,13.62,13.93,72931
13-Apr-12,13.84,13.84,13.26,13.66,58854
12-Apr-12,13.36,14.00,13.36,13.87,34598
11-Apr-12,13.53,13.56,13.16,13.36,51202
10-Apr-12,13.54,13.65,13.09,13.33,92358
9-Apr-12,13.79,13.93,13.25,13.60,67623
5-Apr-12,14.06,14.57,14.01,14.18,60030
4-Apr-12,14.28,14.35,13.81,14.30,140849
3-Apr-12,15.02,15.02,14.45,14.55,60581
2-Apr-12,14.96,15.08,14.76,15.07,46846
30-Mar-12,15.16,15.22,14.66,15.01,131999
29-Mar-12,14.87,15.19,14.47,15.08,47694
28-Mar-12,15.31,15.31,14.54,15.03,64299
27-Mar-12,15.43,15.69,15.11,15.25,40281
26-Mar-12,15.19,15.49,15.00,15.35,63668
23-Mar-12,14.69,14.96,14.49,14.93,51296
22-Mar-12,14.75,14.86,14.56,14.65,87679
21-Mar-12,14.80,14.95,14.40,14.90,92589
20-Mar-12,15.13,15.17,14.75,14.80,78156
19-Mar-12,15.43,15.66,15.26,15.33,74569
16-Mar-12,15.77,15.77,15.23,15.42,114892
15-Mar-12,15.25,15.77,15.12,15.75,82456
14-Mar-12,15.93,15.93,15.13,15.27,83209
13-Mar-12,15.76,15.94,15.45,15.94,72492
12-Mar-12,15.38,15.68,15.38,15.53,66478
9-Mar-12,15.42,15.81,15.12,15.40,96859
8-Mar-12,15.69,15.69,15.13,15.40,113108
7-Mar-12,15.62,15.62,15.13,15.56,121598
6-Mar-12,15.41,15.51,15.10,15.40,112099
5-Mar-12,15.35,15.79,15.11,15.69,114038
2-Mar-12,16.23,16.26,15.06,15.34,263079
1-Mar-12,16.52,16.66,15.90,15.92,139814
29-Feb-12,17.37,17.37,16.31,16.41,378278
28-Feb-12,17.47,17.50,17.01,17.25,196729
27-Feb-12,16.77,17.48,16.53,17.39,324301
24-Feb-12,16.75,16.84,16.38,16.52,128494
23-Feb-12,16.50,16.87,16.26,16.80,161377
22-Feb-12,16.67,16.80,16.40,16.41,120459
21-Feb-12,17.08,17.16,16.55,16.70,200384
17-Feb-12,16.72,17.24,16.26,16.98,429401
16-Feb-12,17.49,17.70,16.53,16.59,2994478
15-Feb-12,22.68,22.73,20.56,21.01,313409
14-Feb-12,23.45,23.46,22.12,22.62,190859
13-Feb-12,23.90,24.12,22.81,23.54,104844
10-Feb-12,24.24,24.24,23.45,23.58,45661
9-Feb-12,25.46,25.51,24.60,24.61,68434
8-Feb-12,26.72,26.79,25.23,25.40,68409
7-Feb-12,27.00,27.04,26.30,26.84,37747
6-Feb-12,27.12,27.35,26.74,27.01,34312
3-Feb-12,26.77,27.40,26.38,27.30,61872
2-Feb-12,26.20,27.38,26.17,26.50,179196
1-Feb-12,25.74,25.74,25.74,25.74,0
31-Jan-12,22.41,22.41,21.44,22.03,57408
30-Jan-12,22.23,22.40,22.03,22.18,30071
27-Jan-12,21.88,22.68,21.75,22.55,28021
26-Jan-12,21.55,22.02,21.41,21.99,25846
25-Jan-12,20.20,21.60,20.12,21.51,55637
24-Jan-12,20.45,20.45,19.82,20.26,28411
23-Jan-12,20.54,20.71,20.41,20.67,9510
20-Jan-12,20.56,20.75,20.44,20.67,22745
19-Jan-12,20.43,20.43,20.43,20.43,0
18-Jan-12,21.46,21.53,21.10,21.39,25366
17-Jan-12,21.94,22.09,21.34,21.44,29546
13-Jan-12,21.63,21.63,21.63,21.63,0
12-Jan-12,21.28,21.57,21.02,21.57,26790
11-Jan-12,20.70,21.58,20.63,21.15,22708
10-Jan-12,19.74,20.67,19.73,20.46,22154
9-Jan-12,19.70,19.70,18.89,19.35,29153
6-Jan-12,19.65,19.68,19.33,19.63,3400
5-Jan-12,19.77,19.77,19.77,19.77,0
4-Jan-12,20.26,20.69,19.65,20.25,49441
3-Jan-12,19.93,20.94,19.93,20.52,38246
30-Dec-11,19.61,19.61,19.61,19.61,0
29-Dec-11,19.18,19.89,19.00,19.60,38313
28-Dec-11,19.12,19.12,19.12,19.12,0
27-Dec-11,20.45,20.45,19.85,20.11,17951
23-Dec-11,20.51,20.51,20.51,20.51,0
22-Dec-11,21.21,21.43,20.56,20.83,31290
21-Dec-11,20.56,20.73,19.51,20.63,22438
20-Dec-11,20.52,20.52,20.52,20.52,0
19-Dec-11,19.76,19.95,18.76,18.85,42855
16-Dec-11,19.54,20.38,19.38,19.45,63230
15-Dec-11,19.94,20.25,18.80,19.32,77711
14-Dec-11,19.40,19.61,18.74,19.48,49650
13-Dec-11,20.22,20.93,19.33,19.75,64885
12-Dec-11,20.83,21.25,20.31,20.52,35773
9-Dec-11,21.26,21.26,21.26,21.26,0
8-Dec-11,20.92,21.03,19.69,19.86,54949
7-Dec-11,22.05,22.05,20.42,21.27,42361
6-Dec-11,21.44,21.94,20.91,21.45,47349
5-Dec-11,21.85,22.20,20.57,21.50,91177
2-Dec-11,22.61,23.09,21.20,21.25,51606
1-Dec-11,23.19,23.26,22.01,22.06,64000
30-Nov-11,24.04,24.58,22.48,23.18,409498
29-Nov-11,21.87,23.33,21.68,22.74,103137
28-Nov-11,21.92,21.92,21.92,21.92,0
25-Nov-11,21.22,21.70,20.18,20.26,21757
23-Nov-11,21.56,21.56,21.56,21.56,0
22-Nov-11,22.94,22.99,22.37,22.82,49423
21-Nov-11,22.35,23.03,21.96,22.90,47941
18-Nov-11,22.72,22.72,22.72,22.72,0
17-Nov-11,22.19,23.19,21.81,22.15,44671
16-Nov-11,22.17,22.17,22.17,22.17,0
15-Nov-11,20.09,21.72,20.09,21.57,65143
14-Nov-11,20.90,20.92,19.88,20.31,44699
11-Nov-11,20.62,21.45,20.37,21.02,82967
10-Nov-11,20.18,20.18,20.18,20.18,0
9-Nov-11,20.59,20.59,17.23,20.40,81565
8-Nov-11,20.16,21.47,19.31,21.47,31490
7-Nov-11,20.32,20.32,19.09,20.10,21247
4-Nov-11,20.24,20.47,19.48,20.42,25413
3-Nov-11,19.78,20.67,19.59,20.60,33380
2-Nov-11,19.20,19.46,18.49,19.35,52690
1-Nov-11,19.18,19.18,19.18,19.18,0
31-Oct-11,20.18,20.86,20.18,20.45,48476
28-Oct-11,21.00,21.00,21.00,21.00,0
27-Oct-11,20.30,21.70,19.44,21.40,109952
26-Oct-11,20.01,20.11,16.82,19.30,65608
25-Oct-11,19.88,19.88,19.17,19.48,39327
24-Oct-11,18.72,20.27,18.72,20.15,54216
21-Oct-11,18.00,18.61,17.44,18.60,71024
20-Oct-11,17.28,17.52,16.93,17.49,37371
19-Oct-11,17.60,17.60,17.60,17.60,0
18-Oct-11,17.25,18.18,16.92,17.98,62828
17-Oct-11,18.70,18.78,17.10,17.25,30902
14-Oct-11,18.52,19.09,18.29,19.04,67722
13-Oct-11,17.84,18.36,17.60,18.25,50493
12-Oct-11,17.72,18.10,17.72,18.06,52390
11-Oct-11,17.71,17.71,17.71,17.71,0
10-Oct-11,16.90,17.77,16.39,17.75,48771
7-Oct-11,16.66,17.62,16.01,16.43,83192
6-Oct-11,16.38,16.71,15.64,16.56,57193
5-Oct-11,17.37,17.93,16.14,16.43,52316
4-Oct-11,14.53,18.45,14.28,17.52,99834
3-Oct-11,15.49,16.06,14.79,14.80,67992
30-Sep-11,15.60,16.29,15.16,15.77,55244
29-Sep-11,15.69,15.69,15.69,15.69,0
