Date,Open,High,Low,Close,Volume
26-Sep-12,0.47,0.49,0.42,0.45,1635
25-Sep-12,0.50,0.50,0.49,0.49,2900
24-Sep-12,0.49,0.50,0.49,0.49,300
21-Sep-12,0.53,0.53,0.53,0.53,250
20-Sep-12,0.51,0.53,0.51,0.53,2100
19-Sep-12,0.52,0.52,0.52,0.52,500
18-Sep-12,0.51,0.51,0.51,0.51,1100
17-Sep-12,0.42,0.42,0.42,0.42,2000
14-Sep-12,0.47,0.47,0.47,0.47,0
13-Sep-12,0.47,0.47,0.47,0.47,1000
12-Sep-12,0.50,0.50,0.50,0.50,120
11-Sep-12,0.51,0.51,0.51,0.51,100
10-Sep-12,0.51,0.51,0.51,0.51,983
7-Sep-12,0.53,0.53,0.50,0.53,2640
6-Sep-12,0.50,0.53,0.50,0.53,760
5-Sep-12,0.54,0.54,0.52,0.52,6443
4-Sep-12,0.53,0.53,0.50,0.53,4100
31-Aug-12,0.53,0.53,0.53,0.53,2250
30-Aug-12,0.55,0.55,0.49,0.50,25008
29-Aug-12,0.45,0.48,0.40,0.40,17515
28-Aug-12,0.45,0.46,0.45,0.45,500
27-Aug-12,0.45,0.50,0.45,0.46,4720
24-Aug-12,0.50,0.52,0.50,0.50,4450
23-Aug-12,0.50,0.51,0.50,0.51,900
22-Aug-12,0.50,0.50,0.50,0.50,600
21-Aug-12,0.50,0.50,0.50,0.50,100
20-Aug-12,0.50,0.50,0.50,0.50,2500
17-Aug-12,0.49,0.49,0.49,0.49,1600
16-Aug-12,0.50,0.50,0.50,0.50,9400
15-Aug-12,0.45,0.48,0.45,0.48,11881
14-Aug-12,0.50,0.55,0.50,0.50,5592
13-Aug-12,0.50,0.55,0.50,0.52,9120
10-Aug-12,0.52,0.55,0.50,0.52,15299
9-Aug-12,0.53,0.55,0.53,0.55,3819
8-Aug-12,0.44,0.53,0.43,0.52,20623
7-Aug-12,0.56,0.56,0.44,0.44,16832
6-Aug-12,0.62,0.65,0.50,0.55,30806
3-Aug-12,0.42,0.89,0.40,0.62,308503
2-Aug-12,0.45,0.45,0.40,0.40,10919
1-Aug-12,0.45,0.50,0.44,0.50,6600
31-Jul-12,0.48,0.50,0.47,0.50,2200
30-Jul-12,0.48,0.54,0.48,0.49,2320
27-Jul-12,0.49,0.49,0.49,0.49,2879
26-Jul-12,0.48,0.54,0.48,0.49,11037
25-Jul-12,0.55,0.55,0.54,0.54,400
24-Jul-12,0.50,0.50,0.48,0.48,300
23-Jul-12,0.51,0.51,0.51,0.51,12305
20-Jul-12,0.50,0.51,0.50,0.51,1640
19-Jul-12,0.51,0.51,0.49,0.49,8403
18-Jul-12,0.54,0.57,0.50,0.57,1950
17-Jul-12,0.54,0.57,0.54,0.57,3383
16-Jul-12,0.52,0.52,0.52,0.52,0
13-Jul-12,0.51,0.57,0.51,0.51,2295
12-Jul-12,0.50,0.56,0.50,0.50,3150
11-Jul-12,0.56,0.56,0.50,0.50,2500
10-Jul-12,0.52,0.56,0.50,0.55,1740
9-Jul-12,0.51,0.51,0.51,0.51,900
6-Jul-12,0.58,0.58,0.58,0.58,5000
5-Jul-12,0.51,0.58,0.50,0.58,4414
3-Jul-12,0.52,0.52,0.50,0.50,2990
2-Jul-12,0.57,0.57,0.57,0.57,0
29-Jun-12,0.57,0.59,0.57,0.59,300
28-Jun-12,0.50,0.50,0.50,0.50,4050
27-Jun-12,0.52,0.52,0.50,0.51,8612
26-Jun-12,0.52,0.52,0.50,0.50,2133
25-Jun-12,0.51,0.55,0.51,0.55,1900
22-Jun-12,0.65,0.65,0.50,0.55,2299
21-Jun-12,0.64,0.64,0.64,0.64,0
20-Jun-12,0.58,0.64,0.58,0.64,2500
19-Jun-12,0.60,0.65,0.60,0.60,3572
18-Jun-12,0.56,0.60,0.56,0.60,1100
15-Jun-12,0.60,0.60,0.60,0.60,0
14-Jun-12,0.60,0.60,0.60,0.60,0
13-Jun-12,0.55,0.60,0.55,0.60,5840
12-Jun-12,0.55,0.59,0.50,0.59,4690
11-Jun-12,0.60,0.60,0.56,0.57,2600
8-Jun-12,0.60,0.60,0.60,0.60,350
7-Jun-12,0.60,0.68,0.60,0.65,5400
6-Jun-12,0.60,0.60,0.60,0.60,300
5-Jun-12,0.60,0.68,0.60,0.68,7022
4-Jun-12,0.65,0.65,0.59,0.60,1700
1-Jun-12,0.68,0.68,0.68,0.68,200
31-May-12,0.60,0.60,0.60,0.60,3200
30-May-12,0.64,0.64,0.61,0.61,3999
29-May-12,0.64,0.64,0.59,0.63,4300
25-May-12,0.63,0.65,0.59,0.65,2100
24-May-12,0.66,0.67,0.66,0.67,3580
23-May-12,0.64,0.66,0.63,0.66,1030
22-May-12,0.65,0.66,0.65,0.65,2164
21-May-12,0.65,0.68,0.65,0.65,6420
18-May-12,0.00,0.00,0.65,0.65,3520
17-May-12,0.62,0.65,0.62,0.65,12000
16-May-12,0.74,0.74,0.52,0.63,14467
15-May-12,0.74,0.74,0.73,0.73,2650
14-May-12,0.75,0.75,0.75,0.75,0
11-May-12,0.75,0.82,0.75,0.75,1250
10-May-12,0.73,0.82,0.73,0.75,500
9-May-12,0.73,0.83,0.73,0.83,1405
8-May-12,0.75,0.85,0.70,0.85,4848
7-May-12,0.86,0.88,0.85,0.85,1700
4-May-12,0.83,0.88,0.80,0.88,17003
3-May-12,0.73,0.83,0.73,0.76,2300
2-May-12,0.69,0.82,0.69,0.73,3000
1-May-12,0.75,0.83,0.70,0.82,3930
30-Apr-12,0.75,0.75,0.75,0.75,1100
27-Apr-12,0.83,0.83,0.83,0.83,0
26-Apr-12,0.83,0.83,0.83,0.83,0
25-Apr-12,0.84,0.85,0.82,0.82,4400
24-Apr-12,0.76,0.85,0.75,0.75,1300
23-Apr-12,0.75,0.75,0.75,0.75,17000
20-Apr-12,0.77,0.78,0.72,0.77,1390
19-Apr-12,0.78,0.78,0.78,0.78,2187
18-Apr-12,0.78,0.78,0.77,0.77,1250
17-Apr-12,0.79,0.79,0.76,0.76,8648
16-Apr-12,0.80,0.89,0.79,0.79,13350
13-Apr-12,0.88,0.88,0.81,0.81,8110
12-Apr-12,0.81,0.84,0.81,0.81,768
11-Apr-12,0.84,0.86,0.80,0.82,14706
10-Apr-12,0.83,0.92,0.83,0.84,7371
9-Apr-12,0.83,0.88,0.83,0.84,13563
5-Apr-12,0.90,0.90,0.83,0.85,32800
4-Apr-12,0.75,0.92,0.70,0.90,41488
3-Apr-12,0.75,0.75,0.74,0.74,1633
2-Apr-12,0.68,0.75,0.67,0.67,11261
30-Mar-12,0.76,0.76,0.65,0.65,8706
29-Mar-12,0.61,0.76,0.61,0.76,9825
28-Mar-12,0.61,0.63,0.60,0.61,17200
27-Mar-12,0.59,0.63,0.59,0.61,46642
26-Mar-12,0.60,0.60,0.59,0.60,42949
23-Mar-12,0.64,0.75,0.60,0.64,23468
22-Mar-12,0.70,0.70,0.62,0.70,7100
21-Mar-12,0.70,0.70,0.70,0.70,0
20-Mar-12,0.65,0.70,0.65,0.69,2565
19-Mar-12,0.75,0.75,0.61,0.67,17558
16-Mar-12,0.75,0.75,0.75,0.75,0
15-Mar-12,0.81,0.84,0.70,0.80,6094
14-Mar-12,0.79,0.79,0.75,0.79,13905
13-Mar-12,0.81,0.81,0.81,0.81,900
12-Mar-12,0.82,0.82,0.78,0.82,5771
9-Mar-12,0.90,0.90,0.82,0.87,14760
8-Mar-12,0.82,0.82,0.82,0.82,470
7-Mar-12,0.81,0.85,0.81,0.83,17507
6-Mar-12,0.80,0.83,0.80,0.83,250
5-Mar-12,0.83,0.83,0.83,0.83,100
2-Mar-12,0.84,0.86,0.84,0.86,5700
1-Mar-12,0.85,0.86,0.83,0.84,3100
29-Feb-12,0.86,0.87,0.86,0.86,12661
28-Feb-12,0.87,0.88,0.87,0.87,4000
27-Feb-12,0.87,0.88,0.87,0.87,1250
24-Feb-12,0.86,0.86,0.86,0.86,0
23-Feb-12,0.86,0.95,0.86,0.93,500
22-Feb-12,0.86,0.87,0.86,0.86,3270
21-Feb-12,0.86,0.88,0.86,0.86,1300
17-Feb-12,0.84,0.95,0.84,0.84,2971
16-Feb-12,0.85,0.85,0.85,0.85,0
15-Feb-12,0.82,0.85,0.82,0.84,10450
14-Feb-12,0.90,0.90,0.84,0.84,2546
13-Feb-12,0.89,0.89,0.89,0.89,0
10-Feb-12,0.90,0.90,0.90,0.90,0
9-Feb-12,0.90,1.06,0.90,0.91,53281
8-Feb-12,0.88,0.88,0.86,0.88,10253
7-Feb-12,0.81,0.87,0.81,0.87,5950
6-Feb-12,0.85,0.85,0.80,0.80,14230
2-Feb-12,0.85,0.85,0.85,0.85,0
1-Feb-12,0.79,0.79,0.79,0.79,3355
31-Jan-12,0.77,0.79,0.77,0.79,700
30-Jan-12,0.78,0.84,0.78,0.84,4301
27-Jan-12,0.78,0.86,0.78,0.85,2200
26-Jan-12,0.86,0.86,0.86,0.86,0
25-Jan-12,0.77,0.88,0.77,0.77,3600
24-Jan-12,0.78,0.84,0.78,0.84,2136
23-Jan-12,0.79,0.79,0.75,0.78,600
20-Jan-12,0.85,0.86,0.85,0.85,9096
19-Jan-12,0.92,0.92,0.75,0.85,28194
18-Jan-12,0.76,0.83,0.76,0.76,17134
17-Jan-12,0.65,0.79,0.65,0.68,36950
12-Jan-12,0.65,0.65,0.65,0.65,0
11-Jan-12,0.63,0.72,0.62,0.72,18200
10-Jan-12,0.57,0.58,0.56,0.57,3351
9-Jan-12,0.55,0.63,0.51,0.58,6614
6-Jan-12,0.68,0.68,0.55,0.62,5951
5-Jan-12,0.58,0.61,0.58,0.59,13791
4-Jan-12,0.58,0.65,0.58,0.65,300
3-Jan-12,0.58,0.65,0.58,0.58,1900
30-Dec-11,0.60,0.60,0.60,0.60,0
29-Dec-11,0.62,0.65,0.62,0.62,5770
28-Dec-11,0.55,0.64,0.55,0.58,18595
27-Dec-11,0.61,0.65,0.55,0.57,10100
23-Dec-11,0.66,0.66,0.66,0.66,0
22-Dec-11,0.59,0.65,0.57,0.65,11600
21-Dec-11,0.68,0.69,0.52,0.63,12210
20-Dec-11,0.68,0.75,0.68,0.68,9041
19-Dec-11,0.74,0.81,0.63,0.69,27559
16-Dec-11,0.83,0.88,0.78,0.78,1600
15-Dec-11,0.83,0.83,0.76,0.83,4306
14-Dec-11,0.82,0.92,0.82,0.92,900
13-Dec-11,0.88,0.88,0.88,0.88,0
12-Dec-11,0.91,0.99,0.89,0.91,1300
9-Dec-11,0.92,0.99,0.92,0.92,500
8-Dec-11,0.91,0.91,0.91,0.91,0
6-Dec-11,0.91,0.91,0.91,0.91,0
5-Dec-11,0.92,1.00,0.92,0.99,5679
2-Dec-11,1.04,1.04,1.03,1.03,600
1-Dec-11,1.05,1.05,0.93,1.02,10567
30-Nov-11,1.06,1.06,0.96,0.98,3698
29-Nov-11,0.85,1.06,0.81,1.06,54581
28-Nov-11,0.88,0.92,0.86,0.90,17874
25-Nov-11,0.82,0.92,0.82,0.92,200
23-Nov-11,0.82,0.82,0.82,0.82,0
22-Nov-11,0.98,0.98,0.87,0.87,1100
18-Nov-11,1.00,1.00,1.00,1.00,0
17-Nov-11,0.85,0.95,0.85,0.95,5433
16-Nov-11,0.77,0.92,0.77,0.82,21365
15-Nov-11,0.78,0.79,0.78,0.79,1080
14-Nov-11,0.78,0.88,0.78,0.88,627
11-Nov-11,0.80,0.80,0.79,0.79,3529
10-Nov-11,0.80,0.80,0.80,0.80,4331
9-Nov-11,0.85,0.85,0.84,0.84,4420
7-Nov-11,0.85,0.85,0.85,0.85,0
4-Nov-11,0.91,0.92,0.91,0.92,700
3-Nov-11,0.91,0.91,0.88,0.91,1480
2-Nov-11,0.91,0.91,0.90,0.90,1940
1-Nov-11,0.89,0.89,0.89,0.89,500
31-Oct-11,0.96,0.96,0.96,0.96,0
28-Oct-11,0.87,0.87,0.87,0.87,150
27-Oct-11,0.87,0.87,0.87,0.87,0
26-Oct-11,0.90,0.90,0.88,0.88,1600
25-Oct-11,0.93,0.99,0.86,0.99,4142
24-Oct-11,0.89,1.05,0.89,1.00,7846
21-Oct-11,0.89,0.89,0.89,0.89,3676
20-Oct-11,0.89,0.89,0.89,0.89,1105
19-Oct-11,0.93,0.95,0.89,0.95,1040
18-Oct-11,0.89,1.02,0.89,0.99,6555
17-Oct-11,0.95,1.00,0.88,0.88,12934
14-Oct-11,1.10,1.10,0.93,1.04,9788
13-Oct-11,1.10,1.10,0.92,1.09,45587
12-Oct-11,0.83,0.94,0.80,0.94,7400
11-Oct-11,0.74,0.83,0.74,0.83,1200
10-Oct-11,0.75,0.94,0.72,0.75,19272
7-Oct-11,0.75,0.75,0.75,0.75,2680
6-Oct-11,0.80,0.80,0.78,0.80,800
5-Oct-11,0.75,0.80,0.75,0.78,5300
4-Oct-11,0.77,0.80,0.76,0.80,9267
3-Oct-11,0.82,0.86,0.77,0.78,8563
30-Sep-11,0.97,0.97,0.88,0.90,6617
