Date,Open,High,Low,Close,Volume
26-Sep-12,1.61,1.65,1.61,1.61,3000
25-Sep-12,1.53,1.64,1.52,1.61,8839
24-Sep-12,1.49,1.51,1.49,1.50,4550
21-Sep-12,1.47,1.52,1.47,1.49,12337
20-Sep-12,1.50,1.50,1.45,1.45,2400
19-Sep-12,1.50,1.53,1.46,1.53,14455
18-Sep-12,1.51,1.54,1.48,1.48,32039
17-Sep-12,1.50,1.53,1.47,1.53,3439
14-Sep-12,1.55,1.62,1.44,1.48,14240
13-Sep-12,1.65,1.65,1.57,1.59,2700
12-Sep-12,1.70,1.70,1.65,1.66,1900
11-Sep-12,1.75,1.75,1.70,1.71,20487
10-Sep-12,1.68,1.69,1.64,1.65,3100
7-Sep-12,1.65,1.70,1.64,1.68,6444
6-Sep-12,1.65,1.69,1.65,1.69,2900
5-Sep-12,1.69,1.70,1.64,1.65,9600
4-Sep-12,1.67,1.67,1.67,1.67,37439
31-Aug-12,1.62,1.67,1.62,1.65,1300
30-Aug-12,1.61,1.66,1.61,1.66,7443
29-Aug-12,1.72,1.78,1.68,1.68,16615
28-Aug-12,1.53,1.81,1.51,1.80,63136
27-Aug-12,1.51,1.54,1.51,1.52,10300
24-Aug-12,1.51,1.51,1.49,1.50,2864
23-Aug-12,1.57,1.59,1.52,1.57,10000
22-Aug-12,1.55,1.58,1.54,1.54,400
21-Aug-12,1.60,1.60,1.55,1.59,49825
20-Aug-12,1.53,1.56,1.50,1.51,5425
17-Aug-12,1.38,1.46,1.35,1.46,18189
16-Aug-12,1.33,1.39,1.33,1.35,3500
15-Aug-12,1.42,1.44,1.38,1.39,1631
14-Aug-12,1.46,1.49,1.41,1.44,5594
13-Aug-12,1.47,1.47,1.40,1.46,17300
10-Aug-12,1.66,1.68,1.51,1.51,27959
9-Aug-12,1.51,1.56,1.51,1.53,9700
8-Aug-12,1.48,1.54,1.48,1.52,6200
7-Aug-12,1.49,1.51,1.47,1.50,40497
6-Aug-12,1.48,1.54,1.47,1.52,4900
3-Aug-12,1.50,1.50,1.46,1.50,45000
2-Aug-12,1.42,1.50,1.42,1.50,25840
1-Aug-12,1.53,1.60,1.43,1.43,22060
31-Jul-12,1.62,1.66,1.56,1.56,7521
30-Jul-12,1.69,1.70,1.60,1.65,27962
27-Jul-12,1.66,1.72,1.58,1.69,22555
26-Jul-12,1.62,1.68,1.62,1.67,9484
25-Jul-12,1.68,1.73,1.63,1.63,3550
24-Jul-12,1.72,1.73,1.68,1.68,14440
23-Jul-12,1.63,1.72,1.63,1.68,3650
20-Jul-12,1.90,1.93,1.71,1.74,42842
19-Jul-12,1.68,2.00,1.68,1.86,76640
18-Jul-12,1.45,1.60,1.45,1.55,31037
17-Jul-12,1.33,1.40,1.33,1.40,25025
16-Jul-12,1.31,1.37,1.30,1.35,6900
13-Jul-12,1.33,1.35,1.30,1.33,33300
12-Jul-12,1.34,1.34,1.30,1.31,23000
11-Jul-12,1.39,1.40,1.35,1.35,2100
10-Jul-12,1.38,1.48,1.35,1.35,38344
9-Jul-12,1.31,1.32,1.28,1.32,5800
6-Jul-12,1.35,1.35,1.30,1.33,6550
5-Jul-12,1.33,1.39,1.32,1.34,7614
3-Jul-12,1.32,1.38,1.31,1.38,2400
2-Jul-12,1.32,1.34,1.29,1.30,19382
29-Jun-12,1.30,1.34,1.27,1.32,14813
28-Jun-12,1.30,1.30,1.27,1.28,3600
27-Jun-12,1.27,1.33,1.25,1.27,13774
26-Jun-12,1.29,1.30,1.27,1.27,37994
25-Jun-12,1.36,1.38,1.29,1.29,4975
22-Jun-12,1.33,1.39,1.25,1.33,41580
21-Jun-12,1.36,1.41,1.30,1.30,27626
20-Jun-12,1.35,1.43,1.35,1.41,17767
19-Jun-12,1.31,1.40,1.31,1.39,14429
18-Jun-12,1.42,1.42,1.30,1.32,8454
15-Jun-12,1.28,1.42,1.26,1.40,18866
14-Jun-12,1.24,1.30,1.22,1.30,16750
13-Jun-12,1.28,1.29,1.22,1.22,17729
12-Jun-12,1.35,1.36,1.25,1.30,46401
11-Jun-12,1.52,1.57,1.36,1.38,19834
8-Jun-12,1.32,1.51,1.30,1.49,35740
7-Jun-12,1.17,1.41,1.12,1.30,59043
6-Jun-12,1.24,1.25,1.17,1.18,51673
5-Jun-12,1.29,1.37,1.19,1.23,97102
4-Jun-12,1.19,1.34,1.16,1.32,29181
1-Jun-12,1.39,1.39,1.28,1.32,43961
31-May-12,1.41,1.46,1.33,1.44,35799
30-May-12,1.55,1.56,1.43,1.43,7140
29-May-12,1.56,1.58,1.52,1.54,5100
25-May-12,1.60,1.60,1.54,1.55,3838
24-May-12,1.69,1.69,1.60,1.62,12203
23-May-12,1.63,1.69,1.61,1.68,13950
22-May-12,1.61,1.63,1.57,1.63,15875
21-May-12,1.59,1.61,1.56,1.61,13758
18-May-12,1.60,1.63,1.58,1.60,8083
17-May-12,1.61,1.67,1.61,1.64,11806
16-May-12,1.68,1.68,1.60,1.63,4120
15-May-12,1.72,1.73,1.62,1.68,33622
14-May-12,1.56,1.78,1.56,1.65,14805
11-May-12,1.56,1.70,1.56,1.60,19548
10-May-12,1.50,1.57,1.48,1.57,28756
9-May-12,1.47,1.58,1.47,1.49,70288
8-May-12,1.50,1.54,1.46,1.50,42984
7-May-12,1.55,1.55,1.41,1.49,21664
4-May-12,1.65,1.65,1.34,1.49,181083
3-May-12,1.89,1.90,1.77,1.79,66131
2-May-12,2.02,2.05,1.91,1.92,22293
1-May-12,2.09,2.15,2.00,2.00,18879
30-Apr-12,2.02,2.09,1.97,2.04,12134
27-Apr-12,2.05,2.05,1.95,2.00,27493
26-Apr-12,2.10,2.10,2.05,2.06,23060
25-Apr-12,2.07,2.13,2.04,2.11,8294
24-Apr-12,1.95,2.04,1.79,2.02,25793
23-Apr-12,2.06,2.06,1.93,1.93,10056
20-Apr-12,2.11,2.11,2.05,2.06,9913
19-Apr-12,2.20,2.20,2.04,2.04,25600
18-Apr-12,2.21,2.26,2.21,2.23,2660
17-Apr-12,2.32,2.39,2.25,2.26,32908
16-Apr-12,2.36,2.36,2.26,2.27,16675
13-Apr-12,2.48,2.48,2.35,2.38,9100
12-Apr-12,2.45,2.48,2.39,2.46,23660
11-Apr-12,2.26,2.41,2.24,2.40,61611
10-Apr-12,2.44,2.45,2.18,2.21,55075
9-Apr-12,2.50,2.50,2.36,2.36,5525
5-Apr-12,2.40,2.49,2.38,2.48,28167
4-Apr-12,2.45,2.45,2.30,2.37,10652
3-Apr-12,2.57,2.60,2.47,2.48,49434
2-Apr-12,2.52,2.60,2.47,2.52,89218
30-Mar-12,2.39,2.55,2.37,2.43,232622
29-Mar-12,2.26,2.26,2.15,2.23,24619
28-Mar-12,2.24,2.27,2.10,2.15,65739
27-Mar-12,2.33,2.38,2.25,2.28,86168
26-Mar-12,2.51,2.60,2.30,2.36,137022
23-Mar-12,2.85,2.85,2.33,2.50,245800
22-Mar-12,3.30,3.43,3.27,3.40,55898
21-Mar-12,3.28,3.33,3.28,3.31,26540
20-Mar-12,3.26,3.37,3.26,3.28,18443
19-Mar-12,3.25,3.30,3.21,3.29,17647
16-Mar-12,3.26,3.30,3.16,3.17,13286
15-Mar-12,3.23,3.25,3.19,3.24,15521
14-Mar-12,3.33,3.33,3.23,3.25,62171
13-Mar-12,3.35,3.38,3.31,3.33,28449
12-Mar-12,3.34,3.35,3.28,3.30,11550
9-Mar-12,3.47,3.53,3.35,3.37,40001
8-Mar-12,3.15,3.41,3.15,3.38,117614
7-Mar-12,3.05,3.15,3.04,3.15,57039
6-Mar-12,3.00,3.05,3.00,3.04,3774
5-Mar-12,2.95,3.08,2.92,3.04,13737
2-Mar-12,3.07,3.07,2.98,3.00,5291
1-Mar-12,2.95,3.07,2.95,3.06,13945
29-Feb-12,2.94,2.96,2.89,2.95,61940
28-Feb-12,3.02,3.06,2.94,2.96,86850
27-Feb-12,3.05,3.13,2.99,3.01,40427
24-Feb-12,3.13,3.22,3.05,3.08,47157
23-Feb-12,2.93,3.14,2.91,3.14,44781
22-Feb-12,2.80,3.01,2.75,2.91,115948
21-Feb-12,2.60,2.67,2.59,2.62,23994
17-Feb-12,2.60,2.62,2.57,2.59,21057
16-Feb-12,2.67,2.69,2.55,2.60,13735
15-Feb-12,2.71,2.74,2.65,2.65,108204
14-Feb-12,2.75,2.75,2.63,2.68,8299
13-Feb-12,2.72,2.80,2.68,2.80,3413
10-Feb-12,2.80,2.80,2.74,2.74,10190
9-Feb-12,2.90,2.90,2.78,2.85,24320
8-Feb-12,2.95,2.95,2.82,2.87,17282
7-Feb-12,2.97,2.97,2.80,2.85,12094
6-Feb-12,2.98,2.98,2.88,2.93,2300
3-Feb-12,2.99,3.02,2.94,2.99,14817
2-Feb-12,2.85,3.01,2.85,2.94,21933
1-Feb-12,2.89,2.90,2.80,2.88,11520
31-Jan-12,2.89,2.90,2.69,2.83,43513
30-Jan-12,2.70,2.70,2.60,2.62,23162
27-Jan-12,2.74,2.81,2.70,2.72,46600
26-Jan-12,2.84,2.87,2.70,2.87,8200
25-Jan-12,2.79,2.87,2.78,2.85,7498
24-Jan-12,2.84,2.86,2.80,2.86,10676
23-Jan-12,2.89,2.92,2.80,2.86,20818
20-Jan-12,2.69,2.88,2.62,2.83,22387
19-Jan-12,2.45,2.75,2.45,2.73,49365
18-Jan-12,2.29,2.44,2.29,2.43,17243
17-Jan-12,2.36,2.36,2.23,2.26,6219
13-Jan-12,2.30,2.30,2.30,2.30,0
12-Jan-12,2.39,2.47,2.39,2.47,9900
11-Jan-12,2.30,2.35,2.25,2.32,7615
10-Jan-12,2.45,2.45,2.29,2.32,20222
9-Jan-12,2.41,2.45,2.35,2.38,16432
6-Jan-12,2.55,2.55,2.43,2.45,28253
5-Jan-12,2.56,2.64,2.54,2.54,17662
4-Jan-12,2.56,2.65,2.54,2.60,12290
3-Jan-12,2.90,2.90,2.51,2.60,36178
30-Dec-11,2.76,2.76,2.76,2.76,0
29-Dec-11,2.60,2.68,2.51,2.59,50687
28-Dec-11,2.39,2.54,2.39,2.50,47726
27-Dec-11,2.33,2.33,2.26,2.31,3976
23-Dec-11,2.33,2.33,2.33,2.33,0
22-Dec-11,2.14,2.20,2.04,2.19,9582
21-Dec-11,2.15,2.15,2.09,2.10,8301
20-Dec-11,2.11,2.20,2.11,2.15,16222
19-Dec-11,2.13,2.23,2.11,2.12,10736
16-Dec-11,2.10,2.10,1.96,1.98,21856
15-Dec-11,2.15,2.17,1.99,1.99,29800
14-Dec-11,2.21,2.23,2.05,2.17,14266
13-Dec-11,2.25,2.28,2.20,2.22,11118
12-Dec-11,2.28,2.28,2.20,2.28,8792
9-Dec-11,2.17,2.30,2.15,2.30,16872
8-Dec-11,2.16,2.24,2.15,2.18,31503
7-Dec-11,2.16,2.22,2.15,2.18,17684
6-Dec-11,2.11,2.25,2.11,2.21,32015
5-Dec-11,2.08,2.13,2.06,2.13,19400
2-Dec-11,2.17,2.20,2.07,2.10,15258
1-Dec-11,2.25,2.27,2.18,2.19,6300
30-Nov-11,2.21,2.25,2.17,2.23,5300
29-Nov-11,2.25,2.25,2.10,2.13,15921
28-Nov-11,2.21,2.29,2.13,2.20,29078
25-Nov-11,2.27,2.30,2.15,2.16,5900
23-Nov-11,2.27,2.27,2.27,2.27,0
22-Nov-11,2.65,2.68,2.65,2.65,8500
21-Nov-11,2.85,2.85,2.46,2.61,28796
18-Nov-11,3.00,3.00,2.84,2.91,18855
17-Nov-11,2.92,3.03,2.91,3.03,26682
16-Nov-11,3.19,3.19,3.01,3.06,16867
15-Nov-11,3.08,3.08,2.91,3.05,27085
14-Nov-11,2.93,3.10,2.84,2.93,18860
11-Nov-11,2.70,2.91,2.70,2.91,19382
10-Nov-11,2.73,2.80,2.70,2.71,25700
9-Nov-11,2.72,2.73,2.67,2.70,12579
8-Nov-11,2.82,2.82,2.72,2.75,3600
7-Nov-11,2.83,2.83,2.77,2.80,3891
4-Nov-11,2.90,2.94,2.84,2.88,21297
3-Nov-11,3.06,3.06,2.85,2.90,17683
2-Nov-11,3.17,3.20,2.92,3.11,14400
1-Nov-11,3.21,3.21,3.04,3.10,13355
31-Oct-11,3.32,3.43,3.22,3.24,16526
28-Oct-11,3.06,3.26,3.04,3.26,22128
27-Oct-11,3.00,3.07,2.93,3.01,50177
26-Oct-11,2.90,2.95,2.81,2.92,8063
25-Oct-11,2.75,2.95,2.71,2.87,28776
24-Oct-11,2.63,2.82,2.62,2.79,20902
21-Oct-11,2.41,2.50,2.39,2.48,6500
20-Oct-11,2.27,2.35,2.27,2.33,15190
19-Oct-11,2.30,2.30,2.28,2.30,10211
18-Oct-11,2.24,2.30,2.24,2.30,48081
17-Oct-11,2.26,2.28,2.23,2.28,7400
14-Oct-11,2.22,2.28,2.21,2.28,9157
13-Oct-11,2.15,2.17,2.14,2.17,25303
12-Oct-11,2.08,2.15,2.08,2.11,2800
11-Oct-11,2.10,2.10,2.00,2.05,3615
10-Oct-11,2.13,2.17,2.07,2.15,32590
7-Oct-11,2.06,2.13,2.04,2.06,8900
6-Oct-11,1.95,2.04,1.95,2.03,4607
5-Oct-11,1.95,2.00,1.89,1.98,62906
4-Oct-11,1.87,2.17,1.73,2.16,30021
3-Oct-11,1.96,1.96,1.90,1.90,5808
30-Sep-11,1.93,2.09,1.93,2.01,53032
29-Sep-11,2.00,2.00,1.97,2.00,15524
