Date,Open,High,Low,Close,Volume
26-Sep-12,7.75,7.83,7.64,7.68,1237786
25-Sep-12,8.06,8.11,7.71,7.74,2075923
24-Sep-12,7.96,8.06,7.96,8.03,1175608
21-Sep-12,8.13,8.13,7.97,8.01,1368703
20-Sep-12,8.12,8.18,8.02,8.04,269676
19-Sep-12,8.10,8.20,8.07,8.14,308889
18-Sep-12,8.20,8.21,8.07,8.08,401026
17-Sep-12,8.26,8.29,8.18,8.19,311628
14-Sep-12,8.20,8.35,8.15,8.30,516478
13-Sep-12,8.09,8.30,8.06,8.20,621074
12-Sep-12,8.06,8.10,8.02,8.09,311302
11-Sep-12,8.00,8.09,7.95,8.08,335722
10-Sep-12,8.11,8.22,8.09,8.19,431613
7-Sep-12,8.25,8.28,8.18,8.19,1081609
6-Sep-12,8.25,8.35,8.15,8.20,2392939
5-Sep-12,8.15,8.19,8.08,8.18,1986335
4-Sep-12,8.05,8.19,8.00,8.10,2024922
31-Aug-12,8.07,8.10,7.95,8.02,1366334
30-Aug-12,8.07,8.09,8.00,8.02,803262
29-Aug-12,8.01,8.13,8.00,8.09,1113364
28-Aug-12,7.89,8.10,7.87,8.02,2003864
27-Aug-12,7.96,7.98,7.85,7.87,1088141
24-Aug-12,7.85,7.95,7.82,7.91,956572
23-Aug-12,7.92,7.95,7.80,7.89,1312387
22-Aug-12,7.85,8.00,7.83,7.98,1538424
21-Aug-12,7.82,7.94,7.79,7.88,1814627
20-Aug-12,7.75,7.77,7.71,7.76,2158088
17-Aug-12,7.76,7.80,7.70,7.77,1221032
16-Aug-12,7.75,7.78,7.68,7.74,1335065
15-Aug-12,7.70,7.75,7.67,7.73,965373
14-Aug-12,7.78,7.80,7.68,7.70,2289737
13-Aug-12,7.73,7.82,7.66,7.78,1031987
10-Aug-12,7.60,7.75,7.59,7.73,1162654
9-Aug-12,7.59,7.66,7.55,7.61,1070457
8-Aug-12,7.78,7.79,7.53,7.57,3312293
7-Aug-12,8.00,8.04,7.78,7.88,2128821
6-Aug-12,7.90,8.00,7.78,7.95,1292467
3-Aug-12,7.75,7.90,7.71,7.88,1110636
2-Aug-12,7.61,7.75,7.56,7.67,1230511
1-Aug-12,7.74,7.89,7.64,7.64,1753417
31-Jul-12,7.86,7.93,7.68,7.68,1693270
30-Jul-12,7.85,7.94,7.82,7.87,847214
27-Jul-12,7.78,7.97,7.72,7.86,1318247
26-Jul-12,7.75,7.83,7.64,7.72,971172
25-Jul-12,7.68,7.75,7.62,7.65,878195
24-Jul-12,7.80,7.82,7.55,7.62,1393906
23-Jul-12,7.73,7.82,7.59,7.79,2281510
20-Jul-12,7.90,7.93,7.76,7.82,1867126
19-Jul-12,7.98,8.00,7.87,7.94,1486247
18-Jul-12,7.97,8.04,7.89,7.93,1699028
17-Jul-12,8.08,8.15,7.96,8.01,1189982
16-Jul-12,8.00,8.15,7.97,8.05,1039699
13-Jul-12,7.95,8.05,7.91,8.01,1268066
12-Jul-12,7.92,7.98,7.85,7.91,1407576
11-Jul-12,7.94,7.99,7.82,7.97,1647056
10-Jul-12,7.94,7.99,7.92,7.95,1699511
9-Jul-12,7.91,7.92,7.81,7.91,991696
6-Jul-12,7.83,7.95,7.81,7.88,1359694
5-Jul-12,7.79,7.94,7.76,7.89,2221736
3-Jul-12,7.75,7.83,7.72,7.75,783685
2-Jul-12,7.66,7.78,7.66,7.77,1849078
29-Jun-12,7.70,7.70,7.56,7.67,2169608
28-Jun-12,7.50,7.57,7.39,7.55,1598157
27-Jun-12,7.48,7.57,7.39,7.56,1134239
26-Jun-12,7.42,7.49,7.34,7.44,2250367
25-Jun-12,7.41,7.46,7.39,7.44,1184126
22-Jun-12,7.50,7.55,7.45,7.53,2810857
21-Jun-12,7.52,7.55,7.43,7.48,2127095
20-Jun-12,7.56,7.64,7.47,7.51,992394
19-Jun-12,7.43,7.62,7.43,7.60,2270792
18-Jun-12,7.42,7.51,7.38,7.42,1482983
15-Jun-12,7.49,7.55,7.41,7.51,2728975
14-Jun-12,7.42,7.52,7.38,7.49,1396690
13-Jun-12,7.45,7.53,7.37,7.42,1132782
12-Jun-12,7.37,7.50,7.32,7.48,1466333
11-Jun-12,7.67,8.00,7.58,7.59,5290425
8-Jun-12,7.51,7.58,7.43,7.58,1304230
7-Jun-12,7.75,7.78,7.50,7.51,1988156
6-Jun-12,7.50,7.63,7.43,7.63,1614841
5-Jun-12,7.25,7.48,7.23,7.46,1630456
4-Jun-12,7.29,7.34,7.20,7.21,1239177
1-Jun-12,7.29,7.38,7.25,7.27,2444899
31-May-12,7.44,7.50,7.38,7.44,1415742
30-May-12,7.50,7.51,7.41,7.42,1411869
29-May-12,7.44,7.52,7.43,7.50,1395601
25-May-12,7.48,7.56,7.44,7.46,2253240
24-May-12,7.25,7.50,7.21,7.49,3398920
23-May-12,6.76,7.23,6.72,7.21,3163246
22-May-12,6.78,6.87,6.65,6.81,2426247
21-May-12,6.56,6.76,6.55,6.76,1714960
18-May-12,6.82,6.83,6.55,6.59,1978269
17-May-12,7.00,7.02,6.81,6.83,1693537
16-May-12,7.11,7.16,7.00,7.01,861392
15-May-12,7.12,7.16,7.05,7.06,1142546
14-May-12,7.13,7.20,7.12,7.12,968575
11-May-12,7.21,7.29,7.15,7.22,1207423
10-May-12,7.24,7.30,7.14,7.21,1237280
9-May-12,7.03,7.21,7.03,7.16,1248831
8-May-12,7.03,7.15,7.02,7.13,1150116
7-May-12,7.01,7.09,7.01,7.06,792794
4-May-12,7.13,7.19,7.04,7.04,1254730
3-May-12,7.24,7.25,7.13,7.16,879867
2-May-12,7.13,7.25,7.12,7.24,1043067
1-May-12,7.29,7.31,7.16,7.16,1572632
30-Apr-12,7.32,7.34,7.22,7.25,1065656
27-Apr-12,7.40,7.40,7.28,7.35,1126836
26-Apr-12,7.32,7.41,7.30,7.36,938432
25-Apr-12,7.31,7.42,7.27,7.35,1070998
24-Apr-12,7.11,7.25,7.10,7.24,1127996
23-Apr-12,7.10,7.17,7.01,7.13,1421292
20-Apr-12,7.28,7.28,7.19,7.19,1483808
19-Apr-12,7.25,7.27,7.10,7.20,1499702
18-Apr-12,7.25,7.27,7.15,7.24,1093384
17-Apr-12,7.22,7.34,7.20,7.32,1226116
16-Apr-12,7.16,7.21,7.08,7.15,1214455
13-Apr-12,7.29,7.34,7.12,7.14,952635
12-Apr-12,7.17,7.36,7.17,7.33,1553289
11-Apr-12,7.28,7.30,7.10,7.17,1318210
10-Apr-12,7.39,7.55,7.15,7.16,2602623
9-Apr-12,7.17,7.29,7.10,7.28,2894436
5-Apr-12,7.32,7.38,7.26,7.30,1238563
4-Apr-12,7.41,7.46,7.32,7.34,2382042
3-Apr-12,7.52,7.56,7.42,7.50,3789461
2-Apr-12,7.24,7.65,7.22,7.44,5570690
30-Mar-12,7.13,7.25,7.06,7.17,2519929
29-Mar-12,7.02,7.12,6.99,7.11,3930496
28-Mar-12,6.90,6.95,6.83,6.94,1353711
27-Mar-12,6.95,6.98,6.91,6.92,1575791
26-Mar-12,6.93,7.00,6.87,6.96,1144165
23-Mar-12,6.89,6.92,6.80,6.87,992504
22-Mar-12,6.91,6.94,6.81,6.84,1842479
21-Mar-12,7.02,7.04,6.95,6.97,957043
20-Mar-12,7.01,7.07,6.99,7.01,1125643
19-Mar-12,7.07,7.10,7.03,7.04,1626181
16-Mar-12,7.14,7.16,7.06,7.07,3755184
15-Mar-12,7.12,7.15,7.03,7.14,1645168
14-Mar-12,7.05,7.15,7.04,7.13,1263835
13-Mar-12,7.09,7.17,7.02,7.17,1552372
12-Mar-12,7.00,7.10,6.99,7.03,2025910
9-Mar-12,7.06,7.15,7.02,7.08,1389687
8-Mar-12,7.11,7.14,7.02,7.06,1311778
7-Mar-12,6.82,7.10,6.81,7.08,1820379
6-Mar-12,6.98,7.04,6.80,6.80,2564018
5-Mar-12,7.01,7.07,7.00,7.06,1359384
2-Mar-12,7.09,7.14,7.00,7.06,1846242
1-Mar-12,7.08,7.16,7.04,7.10,1443891
29-Feb-12,7.13,7.23,7.02,7.02,1955874
28-Feb-12,7.11,7.19,7.08,7.13,983552
27-Feb-12,7.09,7.16,7.03,7.11,808699
24-Feb-12,7.21,7.21,7.10,7.11,1000745
23-Feb-12,7.06,7.23,7.05,7.23,1535502
22-Feb-12,7.15,7.19,7.06,7.07,1052599
21-Feb-12,7.17,7.21,7.09,7.15,1747008
17-Feb-12,7.20,7.21,7.14,7.20,1216231
16-Feb-12,7.06,7.20,7.04,7.19,2041297
15-Feb-12,7.03,7.17,7.02,7.09,3812287
14-Feb-12,7.27,7.28,7.14,7.19,4143386
13-Feb-12,7.10,7.22,7.05,7.21,3305653
10-Feb-12,7.04,7.08,6.95,7.03,3572633
9-Feb-12,7.03,7.15,6.93,7.05,5042325
8-Feb-12,7.38,7.60,6.73,7.11,12422536
7-Feb-12,7.92,8.03,7.90,7.94,1563330
6-Feb-12,7.98,8.00,7.88,7.96,1108037
3-Feb-12,7.91,8.07,7.86,8.00,1973876
2-Feb-12,7.89,7.90,7.75,7.80,2084831
1-Feb-12,7.76,7.90,7.73,7.88,2466969
31-Jan-12,7.57,7.74,7.50,7.70,2667862
30-Jan-12,7.44,7.57,7.35,7.50,3440613
27-Jan-12,7.51,7.60,7.47,7.53,1874760
26-Jan-12,7.80,7.86,7.44,7.53,2698811
25-Jan-12,7.51,7.78,7.51,7.76,1966194
24-Jan-12,7.41,7.55,7.30,7.52,1168640
23-Jan-12,7.62,7.64,7.45,7.50,1532952
20-Jan-12,7.51,7.63,7.51,7.59,1777127
19-Jan-12,7.44,7.54,7.37,7.53,1878275
18-Jan-12,7.20,7.44,7.13,7.44,2784419
17-Jan-12,7.19,7.25,7.07,7.18,2982705
13-Jan-12,7.07,7.07,7.07,7.07,0
12-Jan-12,7.08,7.10,7.00,7.07,1778612
11-Jan-12,6.99,7.08,6.97,7.06,1124644
10-Jan-12,6.91,7.04,6.90,7.04,1678056
9-Jan-12,6.89,6.91,6.82,6.84,1897271
6-Jan-12,6.86,6.91,6.78,6.83,826471
5-Jan-12,6.64,6.95,6.61,6.86,2866238
4-Jan-12,6.73,6.78,6.61,6.67,1887106
3-Jan-12,6.64,6.80,6.51,6.70,1437278
30-Dec-11,6.44,6.44,6.44,6.44,0
29-Dec-11,6.50,6.60,6.43,6.48,1348498
28-Dec-11,6.54,6.56,6.42,6.45,2073064
27-Dec-11,6.55,6.63,6.50,6.54,1216563
23-Dec-11,6.56,6.56,6.56,6.56,0
22-Dec-11,6.45,6.61,6.40,6.55,1595091
21-Dec-11,6.33,6.47,6.25,6.42,1643505
20-Dec-11,6.12,6.39,6.09,6.34,3246567
19-Dec-11,6.24,6.29,5.97,5.99,4272513
16-Dec-11,6.34,6.44,6.20,6.22,5356946
15-Dec-11,6.36,6.40,6.27,6.30,2695161
14-Dec-11,6.42,6.48,6.24,6.29,3235345
13-Dec-11,6.70,6.75,6.42,6.48,2848103
12-Dec-11,7.02,7.06,6.81,6.86,4092296
9-Dec-11,7.04,7.11,7.00,7.07,2582915
8-Dec-11,7.31,7.31,6.95,6.95,3578514
7-Dec-11,7.22,7.41,7.15,7.38,1834048
6-Dec-11,7.26,7.32,7.20,7.25,1511178
5-Dec-11,7.31,7.35,7.19,7.25,1950068
2-Dec-11,7.26,7.41,7.16,7.18,2155190
1-Dec-11,7.17,7.28,7.10,7.19,1629455
30-Nov-11,7.11,7.22,7.01,7.21,3757916
29-Nov-11,6.98,6.99,6.80,6.80,1354264
28-Nov-11,6.90,7.04,6.87,6.94,1948280
25-Nov-11,6.86,6.92,6.63,6.66,1190030
23-Nov-11,6.82,6.82,6.82,6.82,0
22-Nov-11,7.13,7.22,7.03,7.10,1362355
21-Nov-11,7.21,7.24,7.05,7.12,1700178
18-Nov-11,7.25,7.38,7.18,7.34,1984456
17-Nov-11,7.40,7.46,7.18,7.22,2249308
16-Nov-11,7.42,7.61,7.36,7.39,1737850
15-Nov-11,7.54,7.62,7.41,7.52,1447223
14-Nov-11,7.58,7.60,7.48,7.56,1524261
11-Nov-11,7.83,7.84,7.59,7.63,2314253
10-Nov-11,7.56,7.75,7.51,7.73,2271984
9-Nov-11,7.78,7.82,7.50,7.50,3068593
8-Nov-11,7.95,8.04,7.80,7.93,2804013
7-Nov-11,8.03,8.25,7.81,7.89,3791096
4-Nov-11,8.00,8.18,7.79,8.12,4142904
3-Nov-11,8.20,8.44,7.88,8.41,2323995
2-Nov-11,7.98,8.10,7.83,8.01,1900470
1-Nov-11,7.97,8.05,7.76,7.80,3368207
31-Oct-11,8.46,8.55,8.28,8.28,1603721
28-Oct-11,8.55,8.61,8.47,8.55,2240450
27-Oct-11,8.24,8.59,8.14,8.52,3831340
26-Oct-11,7.91,7.95,7.75,7.91,2465306
25-Oct-11,7.96,7.97,7.73,7.75,3961474
24-Oct-11,7.75,7.98,7.71,7.97,2353440
21-Oct-11,7.84,7.90,7.64,7.83,2858334
20-Oct-11,7.76,7.86,7.58,7.71,2491110
19-Oct-11,7.98,8.06,7.71,7.74,2253972
18-Oct-11,7.75,8.04,7.69,7.98,2561084
17-Oct-11,8.00,8.04,7.67,7.70,1682249
14-Oct-11,8.00,8.08,7.86,8.03,1598358
13-Oct-11,7.82,7.92,7.65,7.90,1854973
12-Oct-11,7.85,7.97,7.82,7.89,2048444
11-Oct-11,7.81,7.89,7.65,7.74,2268616
10-Oct-11,7.66,7.92,7.61,7.91,2442380
7-Oct-11,7.74,7.74,7.36,7.47,2085181
6-Oct-11,7.56,7.72,7.31,7.65,2381054
5-Oct-11,7.54,7.69,7.33,7.45,2682481
4-Oct-11,7.06,7.57,6.80,7.54,4356257
3-Oct-11,7.48,7.66,7.09,7.10,2969227
30-Sep-11,7.80,7.92,7.51,7.52,2192458
29-Sep-11,7.67,7.98,7.54,7.98,2561406
