Date,Open,High,Low,Close,Volume
26-Sep-12,3.70,3.84,3.67,3.79,447984
25-Sep-12,3.99,3.99,3.67,3.69,883817
24-Sep-12,3.90,4.02,3.81,3.96,551226
21-Sep-12,3.99,3.99,3.87,3.97,558015
20-Sep-12,4.01,4.01,3.86,3.93,130921
19-Sep-12,4.11,4.12,4.00,4.05,109974
18-Sep-12,3.81,4.18,3.80,4.10,215325
17-Sep-12,4.01,4.01,3.80,3.82,198458
14-Sep-12,3.85,4.05,3.80,4.04,129015
13-Sep-12,3.78,3.95,3.74,3.82,163458
12-Sep-12,3.85,4.02,3.74,3.79,190316
11-Sep-12,3.50,3.88,3.32,3.85,261765
10-Sep-12,3.65,3.74,3.47,3.51,191739
7-Sep-12,3.62,3.70,3.51,3.64,912527
6-Sep-12,3.37,3.80,3.35,3.61,1413045
5-Sep-12,3.30,3.41,3.17,3.34,1543850
4-Sep-12,3.19,3.35,3.10,3.30,995045
31-Aug-12,3.18,3.20,3.11,3.15,579937
30-Aug-12,3.23,3.23,3.17,3.19,463258
29-Aug-12,3.32,3.35,3.14,3.22,639476
28-Aug-12,3.41,3.47,3.31,3.33,464225
27-Aug-12,3.46,3.53,3.34,3.37,709030
24-Aug-12,3.45,3.56,3.43,3.47,607168
23-Aug-12,3.47,3.53,3.41,3.48,342157
22-Aug-12,3.61,3.72,3.36,3.49,873940
21-Aug-12,3.61,3.84,3.58,3.74,1010648
20-Aug-12,3.49,3.61,3.44,3.57,638390
17-Aug-12,3.45,3.56,3.43,3.52,731410
16-Aug-12,3.41,3.51,3.39,3.45,995450
15-Aug-12,3.35,3.43,3.35,3.42,684378
14-Aug-12,3.52,3.52,3.30,3.33,752397
13-Aug-12,3.56,3.59,3.45,3.47,813342
10-Aug-12,3.68,3.68,3.53,3.55,675251
9-Aug-12,3.68,3.75,3.58,3.66,977200
8-Aug-12,3.42,3.75,3.38,3.70,1773219
7-Aug-12,3.45,3.55,3.31,3.43,1393109
6-Aug-12,3.10,3.62,3.05,3.46,1880612
3-Aug-12,3.22,3.32,3.05,3.08,1542451
2-Aug-12,3.59,3.62,3.10,3.13,2867633
1-Aug-12,4.02,4.22,3.57,3.69,3635909
31-Jul-12,4.60,4.76,4.52,4.71,1187616
30-Jul-12,5.00,5.08,4.55,4.60,881259
27-Jul-12,4.77,5.05,4.77,4.99,988929
26-Jul-12,4.96,4.97,4.61,4.75,818238
25-Jul-12,4.85,4.97,4.81,4.89,900345
24-Jul-12,5.10,5.25,4.80,4.80,1285428
23-Jul-12,5.40,5.40,5.22,5.33,742651
20-Jul-12,5.58,5.62,5.38,5.54,900595
19-Jul-12,5.51,5.73,5.47,5.66,773871
18-Jul-12,5.26,5.62,5.26,5.52,873924
17-Jul-12,5.36,5.41,5.11,5.27,1304116
16-Jul-12,5.52,5.63,5.50,5.53,565089
13-Jul-12,5.77,5.85,5.48,5.57,850101
12-Jul-12,5.85,5.98,5.68,5.77,959504
11-Jul-12,6.05,6.28,5.86,5.93,921306
10-Jul-12,6.37,6.51,6.00,6.03,779454
9-Jul-12,6.83,6.90,6.32,6.36,858059
6-Jul-12,6.46,6.90,6.43,6.87,829023
5-Jul-12,6.58,6.78,6.48,6.51,1355003
3-Jul-12,6.65,6.67,6.38,6.58,588947
2-Jul-12,6.93,7.05,6.53,6.67,1113693
29-Jun-12,6.61,6.84,6.51,6.69,1190318
28-Jun-12,6.11,6.48,5.86,6.44,1085699
27-Jun-12,5.99,6.18,5.99,6.16,1284992
26-Jun-12,6.08,6.14,5.92,5.98,1490211
25-Jun-12,5.87,5.98,5.75,5.95,1201652
22-Jun-12,6.08,6.13,5.92,5.96,7084679
21-Jun-12,5.96,6.17,5.89,6.02,2049886
20-Jun-12,5.81,6.05,5.64,5.95,2365390
19-Jun-12,5.43,5.58,5.39,5.50,1259049
18-Jun-12,5.58,5.66,5.32,5.39,1455366
15-Jun-12,5.54,5.70,5.44,5.62,2133523
14-Jun-12,5.73,5.80,5.51,5.55,1201753
13-Jun-12,6.15,6.21,5.62,5.71,2097689
12-Jun-12,6.30,6.34,6.05,6.21,1496670
11-Jun-12,6.80,6.84,6.26,6.29,801368
8-Jun-12,6.77,6.85,6.52,6.71,785181
7-Jun-12,7.07,7.15,6.80,6.81,605120
6-Jun-12,6.60,7.02,6.58,6.97,604893
5-Jun-12,6.32,6.67,6.25,6.53,531083
4-Jun-12,6.55,6.56,6.20,6.34,758079
1-Jun-12,6.38,6.71,6.30,6.54,764854
31-May-12,6.58,6.58,6.27,6.54,1708057
30-May-12,7.17,7.21,6.52,6.57,1205278
29-May-12,7.10,7.39,7.00,7.18,794479
25-May-12,6.33,7.15,6.27,7.03,1319398
24-May-12,6.68,6.75,6.26,6.31,798673
23-May-12,6.29,6.74,6.15,6.66,789436
22-May-12,6.66,6.79,6.30,6.35,928934
21-May-12,6.47,6.67,6.35,6.62,878050
18-May-12,6.55,6.60,6.41,6.45,797265
17-May-12,6.43,6.68,6.30,6.51,1481823
16-May-12,6.49,6.59,6.37,6.42,1314254
15-May-12,6.42,6.57,6.35,6.46,1640846
14-May-12,6.23,6.53,6.14,6.43,1768840
11-May-12,6.37,6.74,5.88,6.21,3909561
10-May-12,7.05,7.05,6.88,7.00,935542
9-May-12,6.80,7.03,6.68,6.99,968871
8-May-12,6.91,7.01,6.86,6.88,747752
7-May-12,7.01,7.26,6.70,7.00,1788982
4-May-12,6.77,6.86,6.40,6.44,742439
3-May-12,6.77,6.86,6.53,6.82,1335928
2-May-12,0.00,0.00,0.00,6.73,3800
1-May-12,7.13,7.27,6.93,6.96,614354
30-Apr-12,7.36,7.36,7.03,7.13,636839
27-Apr-12,7.19,7.40,6.92,7.36,883246
26-Apr-12,7.00,7.47,6.99,7.16,1213107
25-Apr-12,6.98,7.07,6.88,7.00,382228
24-Apr-12,6.88,6.98,6.78,6.89,485875
23-Apr-12,6.82,6.95,6.74,6.89,753551
20-Apr-12,6.91,7.03,6.83,6.90,729132
19-Apr-12,6.86,7.04,6.82,6.87,697534
18-Apr-12,7.03,7.04,6.81,6.89,661499
17-Apr-12,7.02,7.28,6.98,7.07,621740
16-Apr-12,7.05,7.09,6.85,6.94,549862
13-Apr-12,7.32,7.32,6.95,6.99,907886
12-Apr-12,7.11,7.49,7.10,7.35,816136
11-Apr-12,7.11,7.30,7.01,7.13,1188536
10-Apr-12,7.08,7.13,6.80,6.98,1213638
9-Apr-12,7.22,7.28,6.84,7.07,1560823
5-Apr-12,7.23,7.41,7.23,7.32,731446
4-Apr-12,7.61,7.67,7.22,7.37,3079993
3-Apr-12,8.08,8.16,7.67,7.71,1780334
2-Apr-12,8.11,8.17,8.00,8.15,732154
30-Mar-12,8.23,8.24,8.01,8.06,1134180
29-Mar-12,8.14,8.22,8.00,8.18,748543
28-Mar-12,8.42,8.52,8.11,8.20,918727
27-Mar-12,8.82,8.84,8.38,8.42,1233854
26-Mar-12,8.64,9.03,8.61,9.00,1193952
23-Mar-12,8.61,8.64,8.38,8.54,639141
22-Mar-12,8.60,8.67,8.44,8.66,1039994
21-Mar-12,8.43,8.69,8.26,8.64,1352088
20-Mar-12,8.44,8.56,8.33,8.46,503494
19-Mar-12,8.51,8.62,8.41,8.52,538175
16-Mar-12,8.45,8.58,8.34,8.54,860720
15-Mar-12,8.15,8.56,8.08,8.44,762158
14-Mar-12,8.36,8.53,8.04,8.14,833715
13-Mar-12,7.93,8.39,7.75,8.38,1527347
12-Mar-12,8.03,8.10,7.82,7.88,1271885
9-Mar-12,7.89,8.34,7.87,8.08,1124944
8-Mar-12,8.08,8.17,7.86,7.87,1394094
7-Mar-12,7.87,8.20,7.87,7.99,1535351
6-Mar-12,7.96,8.13,7.85,8.00,1248136
5-Mar-12,8.17,8.19,7.96,8.05,1153062
2-Mar-12,8.62,8.72,8.19,8.20,1450608
1-Mar-12,8.71,8.79,8.60,8.63,2185583
29-Feb-12,9.11,9.13,8.56,8.62,3826679
28-Feb-12,10.50,10.66,9.03,9.10,4462737
27-Feb-12,11.70,11.89,11.14,11.20,1288988
24-Feb-12,11.57,12.41,11.41,11.93,1539709
23-Feb-12,11.22,11.71,11.20,11.52,867510
22-Feb-12,11.23,11.45,10.94,11.29,658759
21-Feb-12,11.66,11.92,11.19,11.31,1043626
17-Feb-12,11.16,11.74,11.07,11.62,1127231
16-Feb-12,11.16,11.30,10.89,11.09,802311
15-Feb-12,11.12,11.37,10.96,11.21,790302
14-Feb-12,11.30,11.44,10.86,11.05,1101279
13-Feb-12,11.11,11.42,10.83,11.33,882625
10-Feb-12,11.27,11.43,10.97,11.03,1093627
9-Feb-12,11.18,11.46,11.16,11.40,965920
8-Feb-12,11.25,11.57,11.21,11.22,1063932
7-Feb-12,11.47,11.59,11.27,11.30,1220570
6-Feb-12,11.57,11.65,11.26,11.52,893975
3-Feb-12,11.29,11.81,11.24,11.57,1076936
2-Feb-12,11.14,11.38,10.96,11.19,1170676
1-Feb-12,10.27,11.25,10.25,11.12,1622186
31-Jan-12,10.28,10.48,10.00,10.11,1003580
30-Jan-12,10.62,10.62,10.15,10.19,1118518
27-Jan-12,10.10,10.82,9.91,10.66,1579812
26-Jan-12,10.70,10.93,10.24,10.32,1343119
25-Jan-12,10.49,10.84,10.33,10.79,1139015
24-Jan-12,10.41,10.70,10.38,10.53,1317349
23-Jan-12,10.41,10.71,10.19,10.43,1497036
20-Jan-12,10.01,10.49,10.01,10.45,1951323
19-Jan-12,9.46,10.35,9.46,10.08,2575813
18-Jan-12,9.50,9.54,9.17,9.41,2093745
17-Jan-12,9.54,9.70,9.44,9.51,1634924
13-Jan-12,9.56,9.56,9.56,9.56,0
12-Jan-12,9.09,9.54,9.09,9.51,1975612
11-Jan-12,8.37,9.18,8.30,9.08,1956961
10-Jan-12,8.24,8.42,8.19,8.38,1853478
9-Jan-12,7.74,8.32,7.22,8.17,1629415
6-Jan-12,7.51,8.02,7.10,7.74,1794911
5-Jan-12,7.75,8.02,7.74,7.93,2097553
4-Jan-12,8.05,8.06,7.75,7.82,1519005
3-Jan-12,8.12,8.22,8.02,8.08,1857099
30-Dec-11,7.97,7.97,7.97,7.97,0
29-Dec-11,7.57,7.87,7.56,7.82,876992
28-Dec-11,7.80,7.80,7.41,7.53,1227394
27-Dec-11,7.84,7.93,7.71,7.86,659240
23-Dec-11,7.86,7.86,7.86,7.86,0
22-Dec-11,7.07,7.46,7.01,7.41,2079887
21-Dec-11,6.30,6.85,6.23,6.77,3064404
20-Dec-11,6.50,6.53,6.22,6.32,3242094
19-Dec-11,7.04,7.07,6.35,6.40,2173938
16-Dec-11,7.05,7.21,6.90,7.03,11912552
15-Dec-11,6.86,7.11,6.60,7.10,1456806
14-Dec-11,6.90,7.00,6.70,6.78,1228194
13-Dec-11,7.34,7.37,6.86,6.93,1187955
12-Dec-11,7.19,7.36,7.02,7.30,1431216
9-Dec-11,7.01,7.21,6.97,7.14,1550052
8-Dec-11,7.32,7.40,6.98,7.00,1363035
7-Dec-11,7.31,7.46,7.21,7.37,1186282
6-Dec-11,7.32,7.47,7.21,7.36,1079303
5-Dec-11,7.45,7.48,7.25,7.30,1685281
2-Dec-11,7.32,7.41,7.18,7.36,1692453
1-Dec-11,7.03,7.40,6.95,7.24,1684672
30-Nov-11,7.10,7.17,7.00,7.06,1515690
29-Nov-11,7.00,7.01,6.84,6.90,1445338
28-Nov-11,7.08,7.16,6.90,6.97,1290964
25-Nov-11,6.95,7.05,6.85,6.91,355988
23-Nov-11,6.95,6.95,6.95,6.95,0
22-Nov-11,7.18,7.31,7.01,7.04,1387639
21-Nov-11,7.35,7.50,7.18,7.21,1410034
18-Nov-11,7.74,7.83,7.54,7.69,1022088
17-Nov-11,8.04,8.06,7.67,7.70,1401098
16-Nov-11,8.14,8.35,8.03,8.05,934356
15-Nov-11,8.21,8.40,8.10,8.22,1269584
14-Nov-11,7.69,8.37,7.61,8.26,2489943
11-Nov-11,7.69,7.78,7.48,7.70,1696350
10-Nov-11,8.11,8.13,7.57,7.58,2006016
9-Nov-11,8.22,8.33,7.89,8.03,1951153
8-Nov-11,8.34,8.54,8.08,8.42,1814421
7-Nov-11,7.96,8.48,7.95,8.34,1957084
4-Nov-11,7.48,8.05,7.45,7.98,4866958
3-Nov-11,8.38,8.38,6.92,7.37,16615160
2-Nov-11,10.70,10.80,8.16,8.32,21784236
1-Nov-11,15.56,16.06,15.12,15.95,659195
31-Oct-11,16.72,16.88,16.12,16.13,665568
28-Oct-11,17.33,17.46,16.87,17.15,452120
27-Oct-11,17.50,17.63,17.05,17.39,576762
26-Oct-11,16.68,17.01,15.92,16.93,637022
25-Oct-11,16.81,16.81,16.81,16.81,0
24-Oct-11,16.75,17.80,16.73,17.76,664609
21-Oct-11,15.96,16.78,15.89,16.66,678407
20-Oct-11,15.62,15.62,15.62,15.62,0
19-Oct-11,15.59,16.47,15.32,15.49,702937
18-Oct-11,14.51,15.20,13.95,15.11,717345
17-Oct-11,15.93,16.23,14.51,14.59,669986
14-Oct-11,15.66,16.10,15.50,16.06,340645
13-Oct-11,15.67,15.67,15.67,15.67,0
12-Oct-11,15.78,16.70,15.72,16.46,749448
11-Oct-11,15.62,15.62,15.62,15.62,0
10-Oct-11,15.17,15.81,14.91,15.19,446129
7-Oct-11,14.98,14.98,14.98,14.98,0
6-Oct-11,14.12,15.11,13.89,15.07,631647
5-Oct-11,13.17,14.33,13.17,14.13,1268343
4-Oct-11,12.45,13.25,12.24,13.11,1385867
3-Oct-11,12.94,13.43,12.32,12.57,940704
30-Sep-11,13.49,13.64,12.98,13.05,888200
29-Sep-11,13.90,14.09,13.13,13.72,713931
