Date,Open,High,Low,Close,Volume
26-Sep-12,0.15,0.15,0.14,0.14,89562
25-Sep-12,0.15,0.16,0.15,0.15,45346
24-Sep-12,0.16,0.16,0.14,0.15,105418
21-Sep-12,0.16,0.16,0.15,0.16,124715
20-Sep-12,0.17,0.17,0.16,0.16,18992
19-Sep-12,0.18,0.18,0.17,0.17,21253
18-Sep-12,0.18,0.18,0.17,0.18,107331
17-Sep-12,0.17,0.18,0.17,0.18,105820
14-Sep-12,0.16,0.17,0.16,0.17,26600
13-Sep-12,0.16,0.17,0.16,0.16,19140
12-Sep-12,0.17,0.17,0.16,0.16,102011
11-Sep-12,0.15,0.17,0.15,0.16,103474
10-Sep-12,0.14,0.15,0.14,0.15,44060
7-Sep-12,0.15,0.15,0.14,0.15,31061
6-Sep-12,0.15,0.15,0.14,0.15,24003
5-Sep-12,0.15,0.15,0.14,0.15,68660
4-Sep-12,0.14,0.15,0.14,0.15,52199
31-Aug-12,0.16,0.16,0.14,0.14,22547
30-Aug-12,0.16,0.16,0.15,0.15,43124
29-Aug-12,0.15,0.15,0.13,0.15,42818
28-Aug-12,0.13,0.15,0.13,0.14,177251
27-Aug-12,0.15,0.15,0.12,0.12,104089
24-Aug-12,0.16,0.16,0.14,0.15,103032
23-Aug-12,0.17,0.17,0.16,0.16,100575
22-Aug-12,0.16,0.16,0.15,0.16,129520
21-Aug-12,0.14,0.16,0.14,0.15,348143
20-Aug-12,0.12,0.14,0.12,0.14,237617
17-Aug-12,0.11,0.12,0.11,0.12,179828
16-Aug-12,0.11,0.11,0.11,0.11,51029
15-Aug-12,0.12,0.12,0.11,0.11,42300
14-Aug-12,0.12,0.12,0.11,0.11,167700
13-Aug-12,0.11,0.12,0.11,0.11,220250
10-Aug-12,0.12,0.12,0.11,0.11,55850
9-Aug-12,0.13,0.13,0.11,0.11,160922
8-Aug-12,0.13,0.13,0.12,0.12,25925
7-Aug-12,0.12,0.13,0.11,0.12,134839
6-Aug-12,0.11,0.12,0.11,0.12,197942
3-Aug-12,0.13,0.13,0.11,0.11,246310
2-Aug-12,0.13,0.13,0.12,0.13,166002
1-Aug-12,0.16,0.16,0.10,0.13,681315
31-Jul-12,0.17,0.17,0.16,0.17,30477
30-Jul-12,0.16,0.17,0.16,0.17,75506
27-Jul-12,0.17,0.17,0.16,0.17,6801
26-Jul-12,0.17,0.17,0.16,0.16,44245
25-Jul-12,0.16,0.16,0.16,0.16,29700
24-Jul-12,0.17,0.17,0.16,0.16,59400
23-Jul-12,0.17,0.17,0.16,0.17,12745
20-Jul-12,0.17,0.17,0.17,0.17,52671
19-Jul-12,0.17,0.17,0.16,0.17,100212
18-Jul-12,0.16,0.17,0.16,0.17,36672
17-Jul-12,0.16,0.16,0.16,0.16,38831
16-Jul-12,0.16,0.17,0.16,0.16,39107
13-Jul-12,0.16,0.16,0.16,0.16,44145
12-Jul-12,0.16,0.16,0.16,0.16,164412
11-Jul-12,0.17,0.18,0.17,0.17,100029
10-Jul-12,0.17,0.17,0.17,0.17,97806
9-Jul-12,0.18,0.18,0.17,0.17,26120
6-Jul-12,0.17,0.17,0.17,0.17,66929
5-Jul-12,0.18,0.18,0.17,0.17,90971
3-Jul-12,0.17,0.18,0.17,0.17,33488
2-Jul-12,0.17,0.17,0.17,0.17,30695
29-Jun-12,0.18,0.18,0.17,0.18,22300
28-Jun-12,0.18,0.18,0.17,0.18,26138
27-Jun-12,0.17,0.18,0.17,0.18,26116
26-Jun-12,0.19,0.19,0.17,0.18,36028
25-Jun-12,0.20,0.20,0.18,0.18,48330
22-Jun-12,0.19,0.19,0.18,0.19,14820
21-Jun-12,0.20,0.20,0.19,0.20,251700
20-Jun-12,0.19,0.21,0.19,0.20,111404
19-Jun-12,0.19,0.19,0.18,0.19,212970
18-Jun-12,0.19,0.21,0.18,0.18,147633
15-Jun-12,0.18,0.19,0.18,0.18,55006
14-Jun-12,0.18,0.19,0.18,0.18,81457
13-Jun-12,0.17,0.18,0.17,0.18,205619
12-Jun-12,0.17,0.18,0.17,0.17,55194
11-Jun-12,0.18,0.18,0.17,0.18,56325
8-Jun-12,0.16,0.18,0.16,0.17,276031
7-Jun-12,0.17,0.17,0.16,0.17,187570
6-Jun-12,0.18,0.19,0.16,0.17,422723
5-Jun-12,0.19,0.19,0.18,0.18,40905
4-Jun-12,0.18,0.19,0.17,0.19,184571
1-Jun-12,0.19,0.19,0.18,0.18,59685
31-May-12,0.19,0.20,0.19,0.19,73887
30-May-12,0.19,0.20,0.18,0.19,71700
29-May-12,0.19,0.20,0.18,0.18,148077
25-May-12,0.19,0.20,0.19,0.19,36570
24-May-12,0.19,0.19,0.18,0.19,24951
23-May-12,0.19,0.20,0.18,0.19,24500
22-May-12,0.18,0.20,0.18,0.19,69350
21-May-12,0.20,0.20,0.19,0.19,40300
18-May-12,0.19,0.20,0.18,0.19,65559
17-May-12,0.20,0.21,0.19,0.20,67779
16-May-12,0.20,0.21,0.19,0.20,120513
15-May-12,0.20,0.21,0.20,0.21,156123
14-May-12,0.22,0.22,0.21,0.21,110870
11-May-12,0.23,0.23,0.21,0.22,30562
10-May-12,0.23,0.23,0.21,0.23,110847
9-May-12,0.21,0.23,0.21,0.22,59763
8-May-12,0.22,0.23,0.22,0.23,44340
7-May-12,0.22,0.24,0.22,0.22,22900
4-May-12,0.22,0.24,0.21,0.24,156200
3-May-12,0.23,0.23,0.22,0.22,95128
2-May-12,0.24,0.25,0.23,0.23,82819
1-May-12,0.24,0.26,0.24,0.26,155377
30-Apr-12,0.24,0.25,0.24,0.24,49010
27-Apr-12,0.26,0.26,0.24,0.24,69900
26-Apr-12,0.24,0.25,0.24,0.25,50080
25-Apr-12,0.25,0.25,0.24,0.24,64922
24-Apr-12,0.24,0.25,0.23,0.25,46258
23-Apr-12,0.23,0.24,0.22,0.24,43087
20-Apr-12,0.22,0.23,0.22,0.23,42238
19-Apr-12,0.22,0.23,0.22,0.22,34456
18-Apr-12,0.23,0.24,0.22,0.23,55377
17-Apr-12,0.24,0.24,0.22,0.22,53793
16-Apr-12,0.24,0.26,0.24,0.24,44191
13-Apr-12,0.24,0.25,0.24,0.24,33351
12-Apr-12,0.25,0.25,0.23,0.24,100025
11-Apr-12,0.24,0.24,0.23,0.23,101440
10-Apr-12,0.21,0.23,0.21,0.23,179550
9-Apr-12,0.22,0.24,0.22,0.22,30915
5-Apr-12,0.24,0.24,0.21,0.22,149730
4-Apr-12,0.23,0.24,0.22,0.23,102585
3-Apr-12,0.24,0.24,0.21,0.23,108259
2-Apr-12,0.26,0.26,0.24,0.24,246196
30-Mar-12,0.27,0.27,0.26,0.27,51376
29-Mar-12,0.29,0.29,0.26,0.26,311374
28-Mar-12,0.29,0.29,0.28,0.29,92622
27-Mar-12,0.30,0.31,0.29,0.29,94500
26-Mar-12,0.30,0.30,0.28,0.28,45500
23-Mar-12,0.28,0.30,0.28,0.29,112355
22-Mar-12,0.30,0.31,0.28,0.28,206232
21-Mar-12,0.32,0.32,0.29,0.31,161840
20-Mar-12,0.33,0.33,0.29,0.32,381837
19-Mar-12,0.31,0.33,0.30,0.33,324224
16-Mar-12,0.29,0.32,0.28,0.29,268105
15-Mar-12,0.30,0.30,0.28,0.28,88398
14-Mar-12,0.28,0.29,0.28,0.29,57028
13-Mar-12,0.27,0.29,0.27,0.29,88992
12-Mar-12,0.28,0.28,0.27,0.28,146577
9-Mar-12,0.29,0.29,0.27,0.28,201619
8-Mar-12,0.27,0.29,0.27,0.28,177780
7-Mar-12,0.28,0.28,0.26,0.27,112211
6-Mar-12,0.28,0.28,0.25,0.25,296658
5-Mar-12,0.26,0.28,0.25,0.27,208182
2-Mar-12,0.27,0.27,0.26,0.26,222430
1-Mar-12,0.29,0.29,0.27,0.27,134186
29-Feb-12,0.30,0.31,0.26,0.29,265333
28-Feb-12,0.27,0.33,0.27,0.30,1093585
27-Feb-12,0.26,0.26,0.24,0.24,164323
24-Feb-12,0.23,0.25,0.22,0.24,277253
23-Feb-12,0.25,0.25,0.22,0.24,257267
22-Feb-12,0.25,0.26,0.24,0.25,320464
21-Feb-12,0.22,0.25,0.22,0.23,387700
17-Feb-12,0.22,0.22,0.21,0.21,64229
16-Feb-12,0.21,0.22,0.21,0.21,85540
15-Feb-12,0.21,0.22,0.20,0.21,133146
14-Feb-12,0.22,0.23,0.22,0.22,88778
13-Feb-12,0.21,0.23,0.21,0.22,118082
10-Feb-12,0.22,0.22,0.21,0.21,97900
9-Feb-12,0.22,0.22,0.21,0.21,53113
8-Feb-12,0.21,0.21,0.21,0.21,100170
7-Feb-12,0.20,0.21,0.20,0.21,85690
6-Feb-12,0.21,0.21,0.20,0.21,227887
3-Feb-12,0.24,0.24,0.21,0.21,154125
2-Feb-12,0.23,0.24,0.22,0.22,130877
1-Feb-12,0.21,0.23,0.20,0.22,189537
31-Jan-12,0.21,0.21,0.20,0.20,44100
30-Jan-12,0.20,0.21,0.20,0.20,88835
27-Jan-12,0.20,0.20,0.20,0.20,7526
26-Jan-12,0.20,0.20,0.20,0.20,74900
25-Jan-12,0.20,0.21,0.20,0.21,38710
24-Jan-12,0.21,0.21,0.19,0.20,107493
23-Jan-12,0.21,0.21,0.20,0.20,61733
20-Jan-12,0.18,0.21,0.18,0.21,105828
19-Jan-12,0.22,0.22,0.18,0.19,684000
18-Jan-12,0.22,0.22,0.21,0.22,26449
17-Jan-12,0.22,0.22,0.20,0.21,77159
13-Jan-12,0.21,0.21,0.21,0.21,0
12-Jan-12,0.24,0.24,0.21,0.21,203227
11-Jan-12,0.26,0.26,0.23,0.24,42294
10-Jan-12,0.25,0.26,0.23,0.26,171433
9-Jan-12,0.26,0.27,0.25,0.25,62720
6-Jan-12,0.24,0.25,0.23,0.25,35479
5-Jan-12,0.25,0.26,0.23,0.23,100259
4-Jan-12,0.25,0.26,0.24,0.25,107361
3-Jan-12,0.25,0.26,0.24,0.24,139914
30-Dec-11,0.22,0.24,0.21,0.22,254468
29-Dec-11,0.20,0.21,0.20,0.21,414854
28-Dec-11,0.20,0.22,0.20,0.21,119876
27-Dec-11,0.18,0.21,0.17,0.20,219358
23-Dec-11,0.18,0.18,0.18,0.18,0
22-Dec-11,0.17,0.18,0.17,0.17,48776
21-Dec-11,0.17,0.18,0.16,0.17,122072
20-Dec-11,0.18,0.18,0.17,0.18,101160
19-Dec-11,0.18,0.18,0.18,0.18,40300
16-Dec-11,0.18,0.18,0.18,0.18,273733
15-Dec-11,0.19,0.20,0.17,0.18,416014
14-Dec-11,0.21,0.21,0.19,0.19,140373
13-Dec-11,0.17,0.22,0.17,0.21,390486
12-Dec-11,0.16,0.17,0.16,0.16,48800
9-Dec-11,0.16,0.18,0.16,0.16,17608
8-Dec-11,0.17,0.18,0.16,0.16,65070
7-Dec-11,0.17,0.17,0.17,0.17,56722
6-Dec-11,0.17,0.17,0.16,0.17,27350
5-Dec-11,0.17,0.18,0.17,0.17,85823
2-Dec-11,0.18,0.18,0.17,0.18,49837
1-Dec-11,0.18,0.18,0.16,0.18,141640
30-Nov-11,0.18,0.18,0.17,0.18,83614
29-Nov-11,0.18,0.19,0.18,0.18,36700
28-Nov-11,0.18,0.18,0.18,0.18,26810
25-Nov-11,0.18,0.18,0.17,0.18,66813
23-Nov-11,0.18,0.18,0.18,0.18,0
22-Nov-11,0.18,0.19,0.18,0.18,98385
21-Nov-11,0.19,0.19,0.18,0.18,131452
18-Nov-11,0.20,0.20,0.19,0.19,48080
17-Nov-11,0.20,0.20,0.20,0.20,31650
16-Nov-11,0.19,0.20,0.18,0.20,106525
15-Nov-11,0.20,0.20,0.19,0.19,73969
14-Nov-11,0.20,0.20,0.19,0.20,91787
11-Nov-11,0.20,0.20,0.20,0.20,538944
10-Nov-11,0.20,0.21,0.20,0.20,130019
9-Nov-11,0.20,0.20,0.20,0.20,131089
8-Nov-11,0.20,0.21,0.20,0.20,39231
7-Nov-11,0.20,0.21,0.20,0.20,332356
4-Nov-11,0.21,0.21,0.20,0.20,1100576
3-Nov-11,0.20,0.20,0.20,0.20,23949
2-Nov-11,0.20,0.20,0.20,0.20,18580
1-Nov-11,0.20,0.20,0.20,0.20,33940
31-Oct-11,0.22,0.22,0.20,0.20,71579
28-Oct-11,0.21,0.22,0.20,0.22,13677
27-Oct-11,0.20,0.22,0.20,0.21,202068
26-Oct-11,0.19,0.20,0.19,0.20,378560
25-Oct-11,0.20,0.20,0.18,0.19,51575
24-Oct-11,0.20,0.20,0.20,0.20,46956
21-Oct-11,0.20,0.20,0.20,0.20,40950
20-Oct-11,0.20,0.20,0.20,0.20,203333
19-Oct-11,0.21,0.21,0.20,0.20,37280
18-Oct-11,0.20,0.21,0.20,0.21,114640
17-Oct-11,0.21,0.21,0.20,0.20,43782
14-Oct-11,0.20,0.21,0.19,0.21,69000
13-Oct-11,0.21,0.21,0.19,0.20,54176
12-Oct-11,0.21,0.22,0.20,0.21,67900
11-Oct-11,0.21,0.21,0.20,0.21,110901
10-Oct-11,0.20,0.21,0.19,0.20,101954
7-Oct-11,0.19,0.21,0.19,0.19,59791
6-Oct-11,0.18,0.20,0.18,0.20,101900
5-Oct-11,0.17,0.18,0.17,0.18,237802
4-Oct-11,0.19,0.19,0.15,0.17,217401
3-Oct-11,0.19,0.19,0.18,0.18,176324
30-Sep-11,0.19,0.19,0.19,0.19,64273
29-Sep-11,0.20,0.20,0.19,0.19,68335
