Date,Open,High,Low,Close,Volume
26-Sep-12,5.46,5.76,5.44,5.73,353482
25-Sep-12,5.62,5.75,5.44,5.45,301841
24-Sep-12,5.51,5.68,5.37,5.58,274692
21-Sep-12,5.53,5.66,5.48,5.55,180014
20-Sep-12,5.45,5.45,5.37,5.44,101128
19-Sep-12,5.62,5.68,5.46,5.50,65021
18-Sep-12,5.84,5.86,5.60,5.65,84525
17-Sep-12,5.94,5.97,5.32,5.88,50195
14-Sep-12,6.00,6.06,5.93,5.98,82555
13-Sep-12,6.00,6.21,5.92,5.98,124078
12-Sep-12,5.96,6.03,5.90,6.03,54218
11-Sep-12,5.83,5.96,5.80,5.94,59021
10-Sep-12,5.71,5.87,5.69,5.85,95704
7-Sep-12,5.89,5.93,5.66,5.69,481015
6-Sep-12,5.78,5.90,5.76,5.84,416520
5-Sep-12,5.72,5.79,5.62,5.72,268772
4-Sep-12,5.70,5.78,5.51,5.68,231096
31-Aug-12,5.48,5.70,5.40,5.69,383183
30-Aug-12,5.55,5.57,5.39,5.41,544966
29-Aug-12,5.78,5.78,5.52,5.62,341607
28-Aug-12,5.83,5.93,5.29,5.84,340583
27-Aug-12,5.94,6.00,5.81,5.85,136928
24-Aug-12,5.88,5.97,5.80,5.92,207746
23-Aug-12,5.95,6.01,5.86,5.91,216262
22-Aug-12,5.91,5.99,5.85,5.94,159075
21-Aug-12,5.83,6.00,5.83,5.94,143381
20-Aug-12,5.68,5.83,5.66,5.80,164003
17-Aug-12,5.73,5.81,5.66,5.71,165965
16-Aug-12,5.72,5.85,5.65,5.73,281449
15-Aug-12,5.65,5.81,5.65,5.74,160403
14-Aug-12,5.82,5.84,5.58,5.67,288597
13-Aug-12,5.81,5.85,5.71,5.78,190381
10-Aug-12,5.90,5.96,5.77,5.85,106348
9-Aug-12,5.75,5.98,5.75,5.91,172236
8-Aug-12,5.89,5.98,5.66,5.75,159182
7-Aug-12,5.91,6.03,5.85,5.94,299777
6-Aug-12,5.64,5.99,5.64,5.84,234141
3-Aug-12,5.81,6.00,5.60,5.62,404969
2-Aug-12,5.73,5.89,5.66,5.68,290819
1-Aug-12,5.89,6.08,5.60,5.81,324602
31-Jul-12,5.91,6.06,5.82,5.86,168483
30-Jul-12,5.97,6.10,5.89,5.92,121747
27-Jul-12,5.79,6.04,5.74,5.99,179162
26-Jul-12,5.85,5.92,5.71,5.78,153933
25-Jul-12,5.74,5.84,5.68,5.71,118967
24-Jul-12,5.75,5.76,5.58,5.69,146227
23-Jul-12,5.72,5.79,5.62,5.75,174670
20-Jul-12,5.83,5.99,5.79,5.85,106527
19-Jul-12,6.06,6.08,5.86,5.91,259451
18-Jul-12,5.77,6.02,5.60,6.00,203428
17-Jul-12,6.00,6.00,5.77,5.77,182243
16-Jul-12,5.93,5.99,5.73,5.95,101035
13-Jul-12,5.99,6.13,5.93,5.94,344003
12-Jul-12,6.02,6.13,5.94,5.98,188967
11-Jul-12,6.18,6.26,6.06,6.09,190701
10-Jul-12,6.44,6.55,6.15,6.19,290481
9-Jul-12,6.65,6.66,6.45,6.49,116741
6-Jul-12,6.84,6.87,6.65,6.69,114002
5-Jul-12,6.88,6.99,6.83,6.95,100212
3-Jul-12,6.75,6.94,6.67,6.93,129353
2-Jul-12,6.74,6.75,6.65,6.72,306416
29-Jun-12,6.64,6.74,6.59,6.70,371346
28-Jun-12,6.57,6.71,6.36,6.44,324786
27-Jun-12,6.46,6.76,6.44,6.65,373031
26-Jun-12,6.38,6.54,6.25,6.46,209482
25-Jun-12,6.63,6.71,6.35,6.36,820954
22-Jun-12,6.77,6.79,6.67,6.75,1131837
21-Jun-12,6.98,7.00,6.72,6.74,227571
20-Jun-12,6.90,7.06,6.89,7.00,283004
19-Jun-12,6.88,7.12,6.88,6.91,372047
18-Jun-12,6.83,6.90,6.74,6.81,141144
15-Jun-12,6.76,6.93,6.70,6.92,269627
14-Jun-12,6.67,6.74,6.55,6.73,179914
13-Jun-12,6.73,6.90,6.62,6.67,254247
12-Jun-12,6.66,6.77,6.61,6.73,220955
11-Jun-12,6.95,7.00,6.60,6.61,367005
8-Jun-12,6.78,6.89,6.62,6.84,149302
7-Jun-12,7.04,7.08,6.76,6.80,204081
6-Jun-12,6.77,6.98,6.70,6.98,145403
5-Jun-12,6.60,6.81,6.60,6.69,162586
4-Jun-12,6.66,6.79,6.35,6.66,251028
1-Jun-12,6.92,7.04,6.60,6.63,248578
31-May-12,6.99,7.12,6.87,7.10,407390
30-May-12,6.94,7.08,6.90,6.97,218632
29-May-12,6.77,7.09,6.75,7.05,282757
25-May-12,6.50,6.81,6.50,6.72,288943
24-May-12,6.50,6.59,6.33,6.49,328500
23-May-12,6.30,6.52,6.04,6.49,631442
22-May-12,6.14,6.31,6.09,6.18,282227
21-May-12,6.07,6.26,6.01,6.16,314507
18-May-12,6.15,6.20,6.00,6.03,248742
17-May-12,6.32,6.35,6.11,6.15,194055
16-May-12,6.51,6.57,6.29,6.30,121984
15-May-12,6.56,6.70,6.48,6.49,191860
14-May-12,6.54,6.63,6.52,6.54,120115
11-May-12,6.55,6.71,6.55,6.65,168237
10-May-12,6.72,6.77,6.56,6.61,151154
9-May-12,6.60,6.76,6.52,6.63,244333
8-May-12,6.75,6.81,6.63,6.71,216830
7-May-12,6.68,6.84,6.63,6.83,396272
4-May-12,6.80,6.80,6.63,6.72,313410
3-May-12,7.00,7.09,6.78,6.85,234842
2-May-12,6.91,7.04,6.81,7.04,171153
1-May-12,6.94,7.30,6.94,6.99,386429
30-Apr-12,7.11,7.11,6.88,6.90,543322
27-Apr-12,7.13,7.14,6.88,7.11,201283
26-Apr-12,6.70,7.10,6.68,7.08,581210
25-Apr-12,6.60,6.78,6.55,6.64,349582
24-Apr-12,6.49,6.57,6.45,6.48,128865
23-Apr-12,6.67,6.70,6.45,6.46,235976
20-Apr-12,6.99,7.00,6.70,6.79,255777
19-Apr-12,6.76,6.93,6.61,6.87,601610
18-Apr-12,6.68,6.78,6.48,6.75,378412
17-Apr-12,6.51,6.79,6.47,6.75,252645
16-Apr-12,6.46,6.61,6.31,6.42,218347
13-Apr-12,6.36,6.48,6.28,6.44,201562
12-Apr-12,6.31,6.44,6.18,6.39,169001
11-Apr-12,6.33,6.51,6.25,6.27,351461
10-Apr-12,6.36,6.48,6.18,6.24,387429
9-Apr-12,6.53,6.56,6.37,6.38,322259
5-Apr-12,6.65,6.72,6.63,6.65,121164
4-Apr-12,6.73,6.92,6.50,6.70,394056
3-Apr-12,7.02,7.07,6.80,6.84,241436
2-Apr-12,7.15,7.15,6.93,7.06,209107
30-Mar-12,7.08,7.22,6.89,7.19,391320
29-Mar-12,6.79,7.05,6.79,7.00,187478
28-Mar-12,6.88,6.88,6.71,6.86,251317
27-Mar-12,7.15,7.15,6.85,6.85,206768
26-Mar-12,6.91,7.15,6.86,7.10,276810
23-Mar-12,6.60,6.84,6.54,6.80,147258
22-Mar-12,6.64,6.78,6.55,6.61,133761
21-Mar-12,6.66,6.82,6.63,6.74,250519
20-Mar-12,6.57,6.66,6.47,6.65,165389
19-Mar-12,6.60,6.75,6.50,6.66,142269
16-Mar-12,6.60,6.67,6.53,6.59,269488
15-Mar-12,6.32,6.62,6.32,6.55,167162
14-Mar-12,6.49,6.50,6.28,6.29,182125
13-Mar-12,6.40,6.53,6.30,6.50,267497
12-Mar-12,6.57,6.57,6.30,6.33,149419
9-Mar-12,6.55,6.72,6.49,6.58,214437
8-Mar-12,6.52,6.60,6.38,6.53,233486
7-Mar-12,6.31,6.46,6.28,6.45,336733
6-Mar-12,6.31,6.35,6.12,6.29,465384
5-Mar-12,6.65,6.68,6.37,6.43,456887
2-Mar-12,6.84,6.92,6.61,6.70,546112
1-Mar-12,6.82,6.95,6.78,6.87,206827
29-Feb-12,6.98,7.15,6.65,6.75,257931
28-Feb-12,7.07,7.17,6.96,6.98,450707
27-Feb-12,7.04,7.22,6.90,7.08,354269
24-Feb-12,7.06,7.22,6.89,7.15,440983
23-Feb-12,6.54,7.08,6.32,7.02,764993
22-Feb-12,7.32,7.42,7.13,7.25,310055
21-Feb-12,7.38,7.42,7.18,7.36,345857
17-Feb-12,7.78,7.78,7.21,7.23,210101
16-Feb-12,7.25,7.76,7.25,7.72,377002
15-Feb-12,7.32,7.43,7.19,7.23,199673
14-Feb-12,7.36,7.46,7.22,7.26,150964
13-Feb-12,7.34,7.48,7.21,7.44,205826
10-Feb-12,7.39,7.39,7.19,7.25,241187
9-Feb-12,7.64,7.64,7.41,7.49,109397
8-Feb-12,7.66,7.78,7.42,7.61,156260
7-Feb-12,7.56,7.66,7.49,7.65,207010
6-Feb-12,7.57,7.57,7.57,7.57,0
3-Feb-12,7.50,7.68,7.44,7.57,424201
2-Feb-12,6.99,7.38,6.98,7.33,1096311
1-Feb-12,6.75,7.02,6.70,6.98,702645
31-Jan-12,6.57,6.57,6.57,6.57,0
30-Jan-12,6.63,6.75,6.52,6.66,508593
27-Jan-12,6.71,6.87,6.67,6.70,241413
26-Jan-12,6.75,6.75,6.75,6.75,0
25-Jan-12,6.98,7.07,6.85,6.91,255032
24-Jan-12,6.92,7.10,6.76,6.94,1187626
23-Jan-12,7.07,7.10,6.90,6.96,283418
20-Jan-12,6.96,7.13,6.95,7.10,193512
19-Jan-12,6.85,6.85,6.85,6.85,0
18-Jan-12,6.44,6.80,6.44,6.76,576262
17-Jan-12,6.53,6.54,6.36,6.43,236920
13-Jan-12,6.46,6.46,6.46,6.46,0
12-Jan-12,6.37,6.37,6.37,6.37,0
11-Jan-12,5.88,6.08,5.85,6.06,155665
10-Jan-12,5.75,6.03,5.63,5.90,200272
9-Jan-12,5.62,5.74,5.52,5.68,256853
6-Jan-12,5.61,5.66,5.51,5.55,49266
5-Jan-12,5.40,5.65,5.35,5.61,249373
4-Jan-12,5.46,5.49,5.34,5.42,279045
3-Jan-12,5.52,5.78,5.45,5.49,423761
30-Dec-11,5.29,5.29,5.29,5.29,0
29-Dec-11,5.44,5.44,5.36,5.38,186712
28-Dec-11,5.60,5.60,5.40,5.40,161007
27-Dec-11,5.63,5.70,5.35,5.60,95455
23-Dec-11,5.68,5.68,5.68,5.68,0
22-Dec-11,5.66,5.76,5.62,5.69,124526
21-Dec-11,5.61,5.61,5.61,5.61,0
20-Dec-11,5.81,5.83,5.70,5.82,285341
19-Dec-11,5.67,5.67,5.67,5.67,0
16-Dec-11,5.71,5.87,5.49,5.86,564007
15-Dec-11,5.66,5.66,5.66,5.66,0
14-Dec-11,5.71,5.86,5.62,5.75,192462
13-Dec-11,6.22,6.22,5.74,5.77,155494
12-Dec-11,6.31,6.31,5.95,6.16,236482
9-Dec-11,6.48,6.48,6.48,6.48,0
8-Dec-11,6.62,6.62,6.03,6.04,230366
7-Dec-11,6.09,6.74,6.08,6.68,537210
6-Dec-11,6.15,6.21,6.03,6.11,287270
5-Dec-11,6.29,6.29,6.04,6.16,278875
2-Dec-11,6.16,6.16,6.16,6.16,0
1-Dec-11,6.04,6.34,5.92,6.20,252700
30-Nov-11,5.93,6.09,5.73,6.09,414918
29-Nov-11,5.65,5.69,5.53,5.65,385438
28-Nov-11,5.59,5.59,5.59,5.59,0
25-Nov-11,5.10,5.26,4.91,4.91,201747
23-Nov-11,5.17,5.17,5.17,5.17,0
22-Nov-11,5.59,5.84,5.35,5.37,546261
21-Nov-11,6.00,6.05,5.77,5.80,333914
18-Nov-11,6.00,6.00,6.00,6.00,0
17-Nov-11,6.17,6.17,6.00,6.03,296474
16-Nov-11,6.28,6.48,6.18,6.20,147757
15-Nov-11,6.17,6.42,6.14,6.36,161945
14-Nov-11,6.34,6.45,6.17,6.22,188454
11-Nov-11,6.38,6.38,6.38,6.38,0
10-Nov-11,6.38,6.38,6.18,6.21,165008
9-Nov-11,6.35,6.35,6.35,6.35,0
8-Nov-11,6.40,6.50,6.22,6.48,335987
7-Nov-11,6.37,6.37,6.06,6.33,144346
4-Nov-11,6.39,6.49,6.30,6.39,130085
3-Nov-11,6.31,6.50,6.15,6.50,220737
2-Nov-11,6.15,6.15,6.15,6.15,0
1-Nov-11,6.04,6.18,6.00,6.01,330524
31-Oct-11,6.36,6.47,6.29,6.33,189564
28-Oct-11,6.53,6.53,6.53,6.53,0
27-Oct-11,6.35,6.89,6.35,6.79,627288
26-Oct-11,6.13,6.13,6.13,6.13,0
25-Oct-11,6.16,6.16,5.96,5.99,315798
24-Oct-11,5.73,6.16,5.73,6.14,285152
21-Oct-11,5.56,5.72,5.46,5.70,411254
20-Oct-11,5.41,5.41,5.41,5.41,0
19-Oct-11,5.70,5.78,5.48,5.49,598760
18-Oct-11,5.63,5.80,5.57,5.69,895118
17-Oct-11,5.96,5.98,5.60,5.61,422705
14-Oct-11,6.03,6.15,5.99,6.04,373920
13-Oct-11,5.84,6.04,5.84,5.91,465354
12-Oct-11,5.90,5.90,5.90,5.90,0
11-Oct-11,5.69,5.80,5.59,5.77,379771
10-Oct-11,5.73,5.80,5.56,5.77,432102
7-Oct-11,5.65,5.78,5.53,5.59,335721
6-Oct-11,5.58,5.67,5.49,5.64,529908
5-Oct-11,5.59,5.64,5.45,5.58,364984
4-Oct-11,4.81,5.62,4.81,5.60,727504
3-Oct-11,5.22,5.28,4.82,4.82,747166
30-Sep-11,5.30,5.54,5.26,5.29,308931
29-Sep-11,5.39,5.39,5.39,5.39,0
