Date,Open,High,Low,Close,Volume
27-Sep-12,29.05,29.08,28.50,28.62,302282
26-Sep-12,28.60,29.02,28.60,28.85,286096
25-Sep-12,29.01,29.16,28.43,28.60,458398
24-Sep-12,28.59,29.09,28.56,28.95,343194
21-Sep-12,28.47,28.67,28.31,28.56,602235
20-Sep-12,27.81,28.25,27.81,28.25,391964
19-Sep-12,27.90,28.09,27.78,27.93,328424
18-Sep-12,27.98,28.06,27.80,27.84,417003
17-Sep-12,28.26,28.48,27.91,27.98,561066
14-Sep-12,28.59,28.69,28.31,28.38,315430
13-Sep-12,28.39,28.57,28.33,28.57,419107
12-Sep-12,28.50,28.55,28.20,28.38,270312
11-Sep-12,28.52,28.63,28.44,28.47,255356
10-Sep-12,28.43,28.58,28.42,28.54,283538
7-Sep-12,28.63,28.72,28.39,28.46,300322
6-Sep-12,28.55,28.78,28.54,28.64,407273
5-Sep-12,28.71,28.79,28.43,28.50,542305
4-Sep-12,28.35,28.72,28.21,28.66,525341
31-Aug-12,28.62,28.65,28.15,28.21,425593
30-Aug-12,28.61,28.63,28.34,28.50,180057
29-Aug-12,28.73,28.73,28.59,28.63,202451
28-Aug-12,28.42,28.78,28.42,28.70,278721
27-Aug-12,28.47,28.53,28.37,28.50,299102
24-Aug-12,28.39,28.53,28.36,28.47,177431
23-Aug-12,28.73,28.74,28.36,28.36,220831
22-Aug-12,28.92,28.92,28.69,28.71,228845
21-Aug-12,29.12,29.29,28.89,28.91,308524
20-Aug-12,29.08,29.19,28.96,29.10,200821
17-Aug-12,29.16,29.21,29.02,29.07,73054
16-Aug-12,29.14,29.27,29.00,29.05,127851
15-Aug-12,29.16,29.27,29.07,29.12,70678
14-Aug-12,29.22,29.36,29.07,29.12,125874
13-Aug-12,29.05,29.21,28.95,29.16,126851
10-Aug-12,29.37,29.47,29.15,29.36,122201
9-Aug-12,29.46,29.53,29.32,29.33,76617
8-Aug-12,29.45,29.54,29.31,29.46,138398
7-Aug-12,29.52,29.66,29.22,29.27,131693
6-Aug-12,29.78,29.79,29.43,29.50,167293
3-Aug-12,29.55,29.82,29.46,29.70,83144
2-Aug-12,29.65,29.81,29.10,29.34,585924
1-Aug-12,29.95,30.49,29.73,29.75,629316
31-Jul-12,30.12,30.22,29.82,29.85,306701
30-Jul-12,29.76,30.21,29.75,30.10,404553
27-Jul-12,29.65,30.00,29.56,29.82,385515
26-Jul-12,29.62,29.83,29.40,29.45,427417
25-Jul-12,29.98,29.98,29.36,29.41,399855
24-Jul-12,30.15,30.15,29.62,29.73,390680
23-Jul-12,30.26,30.26,29.90,30.09,377515
20-Jul-12,29.95,30.75,29.71,30.27,2842002
19-Jul-12,29.70,30.02,29.50,29.97,476837
18-Jul-12,29.37,29.73,29.37,29.63,505592
17-Jul-12,29.73,29.85,29.16,29.48,795125
16-Jul-12,29.56,29.70,29.46,29.61,526226
13-Jul-12,29.51,29.83,29.46,29.71,417275
12-Jul-12,29.41,29.51,29.25,29.49,519291
11-Jul-12,29.60,29.60,29.36,29.55,305830
10-Jul-12,29.71,29.71,29.30,29.49,401030
9-Jul-12,29.50,29.60,29.35,29.51,267389
6-Jul-12,29.45,29.58,29.26,29.56,258512
5-Jul-12,29.83,29.85,29.54,29.63,288961
3-Jul-12,29.87,29.90,29.69,29.82,216372
2-Jul-12,29.68,30.00,29.61,29.80,413996
29-Jun-12,30.17,30.17,29.46,29.52,533788
28-Jun-12,29.49,29.77,29.26,29.77,288936
27-Jun-12,29.31,29.68,29.24,29.63,159445
26-Jun-12,29.22,29.36,29.01,29.20,242082
25-Jun-12,29.32,29.45,29.09,29.19,235642
22-Jun-12,29.37,29.65,29.37,29.54,268834
21-Jun-12,29.80,29.93,29.35,29.43,307016
20-Jun-12,29.97,29.97,29.66,29.73,325126
19-Jun-12,29.92,30.00,29.70,29.93,407952
18-Jun-12,29.48,29.85,29.40,29.84,290010
15-Jun-12,29.76,29.80,29.52,29.54,421251
14-Jun-12,29.56,29.72,29.51,29.66,259031
13-Jun-12,29.62,29.77,29.36,29.58,310952
12-Jun-12,29.60,29.62,29.33,29.62,275748
11-Jun-12,29.78,29.96,29.47,29.51,429405
8-Jun-12,29.58,29.80,29.45,29.67,571226
7-Jun-12,29.92,29.99,29.46,29.60,2460290
6-Jun-12,29.28,29.79,29.21,29.79,663861
5-Jun-12,29.06,29.40,29.04,29.30,296665
4-Jun-12,29.22,29.30,28.95,29.14,540505
1-Jun-12,28.94,29.09,28.67,29.06,714069
31-May-12,28.99,29.46,28.87,29.32,607347
30-May-12,29.12,29.34,28.90,28.93,360177
29-May-12,29.35,29.35,29.00,29.22,350079
25-May-12,29.11,29.27,29.01,29.13,286755
24-May-12,28.64,29.12,28.64,29.11,383309
23-May-12,28.84,28.99,28.49,28.67,383349
22-May-12,28.70,28.99,28.64,28.94,498139
21-May-12,28.75,28.75,28.38,28.63,377532
18-May-12,28.93,29.13,28.65,28.70,337740
17-May-12,29.26,29.26,28.90,28.92,385700
16-May-12,29.03,29.23,28.96,29.20,408982
15-May-12,28.76,29.09,28.58,29.02,545215
14-May-12,28.88,28.92,28.56,28.85,247987
11-May-12,29.10,29.29,28.85,29.00,272368
10-May-12,29.17,29.48,29.02,29.43,309360
9-May-12,28.85,29.10,28.74,29.00,271545
8-May-12,28.75,29.10,28.75,29.08,283985
7-May-12,29.03,29.03,28.72,28.95,350748
4-May-12,29.12,29.33,29.04,29.08,265270
3-May-12,29.30,29.62,29.22,29.24,273148
2-May-12,29.40,29.43,29.13,29.20,255626
1-May-12,29.44,29.77,29.30,29.46,261943
30-Apr-12,29.31,29.53,29.16,29.45,240465
27-Apr-12,29.15,29.45,29.05,29.38,285679
26-Apr-12,28.92,29.11,28.70,29.05,181405
25-Apr-12,28.85,29.01,28.56,28.91,335791
24-Apr-12,28.40,28.69,28.33,28.68,267564
23-Apr-12,28.53,28.57,28.18,28.46,315372
20-Apr-12,28.59,28.82,28.55,28.69,435388
19-Apr-12,28.48,28.66,28.25,28.46,425130
18-Apr-12,28.58,28.71,28.41,28.45,238895
17-Apr-12,28.53,28.79,28.34,28.69,243122
16-Apr-12,28.16,28.51,28.12,28.43,375596
13-Apr-12,28.25,28.46,28.03,28.05,250112
12-Apr-12,28.16,28.39,28.04,28.28,177320
11-Apr-12,28.42,28.42,28.12,28.18,364113
10-Apr-12,28.56,28.57,28.06,28.20,329102
9-Apr-12,28.75,28.80,28.54,28.60,375304
5-Apr-12,29.24,29.25,28.80,28.97,262420
4-Apr-12,29.21,29.43,29.10,29.26,376635
3-Apr-12,29.32,29.47,29.14,29.42,479448
2-Apr-12,29.01,29.60,28.92,29.30,440157
30-Mar-12,29.14,29.15,28.98,29.06,332664
29-Mar-12,28.85,29.01,28.75,28.99,682876
28-Mar-12,29.10,29.11,28.78,28.93,264859
27-Mar-12,29.10,29.16,28.98,29.08,285805
26-Mar-12,29.12,29.26,28.94,29.08,316883
23-Mar-12,28.95,28.99,28.78,28.93,269100
22-Mar-12,28.74,28.92,28.60,28.92,257337
21-Mar-12,28.80,29.03,28.73,28.91,306890
20-Mar-12,28.65,28.98,28.65,28.83,266817
19-Mar-12,28.84,29.03,28.65,28.78,266273
16-Mar-12,29.06,29.09,28.60,28.72,706868
15-Mar-12,29.37,29.37,29.00,29.07,333892
14-Mar-12,29.75,29.75,29.17,29.30,338095
13-Mar-12,29.75,29.75,29.48,29.71,266894
12-Mar-12,29.32,29.65,29.25,29.63,319167
9-Mar-12,29.20,29.46,29.03,29.25,365179
8-Mar-12,29.14,29.18,28.93,29.17,205540
7-Mar-12,29.04,29.04,28.70,29.03,384942
6-Mar-12,29.07,29.14,28.77,28.93,374223
5-Mar-12,29.21,29.35,29.01,29.22,490169
2-Mar-12,29.48,29.55,29.18,29.32,491341
1-Mar-12,29.47,29.60,29.27,29.44,483588
29-Feb-12,29.43,29.43,29.06,29.22,535451
28-Feb-12,29.42,29.50,29.13,29.34,249744
27-Feb-12,29.48,29.77,29.44,29.44,353215
24-Feb-12,29.65,29.80,29.55,29.68,757419
23-Feb-12,29.68,29.73,29.48,29.71,279655
22-Feb-12,29.66,29.80,29.45,29.61,294867
21-Feb-12,29.78,29.88,29.62,29.68,469888
17-Feb-12,29.48,29.85,29.38,29.71,606241
16-Feb-12,28.59,29.52,28.58,29.47,533330
15-Feb-12,28.78,28.96,28.29,28.67,470459
14-Feb-12,28.86,29.05,28.60,28.78,412310
13-Feb-12,29.24,29.30,28.75,28.91,551887
10-Feb-12,29.13,29.34,29.04,29.25,418776
9-Feb-12,29.56,29.56,29.25,29.36,177328
8-Feb-12,29.63,29.63,29.25,29.48,186892
7-Feb-12,29.19,29.67,29.06,29.55,366480
6-Feb-12,29.02,29.29,29.00,29.14,298766
3-Feb-12,29.00,29.08,28.82,29.08,357333
2-Feb-12,28.92,28.99,28.68,28.80,440745
1-Feb-12,28.75,28.92,28.65,28.92,461671
31-Jan-12,28.64,28.69,28.37,28.59,497278
30-Jan-12,28.55,28.60,28.35,28.50,244177
27-Jan-12,29.05,29.05,28.63,28.69,278617
26-Jan-12,28.87,29.18,28.76,29.06,478646
25-Jan-12,28.54,28.78,28.21,28.76,428130
24-Jan-12,28.55,28.72,28.40,28.54,319404
23-Jan-12,28.41,28.78,28.41,28.67,359139
20-Jan-12,28.62,28.72,28.35,28.46,472274
19-Jan-12,28.98,28.99,28.50,28.58,529927
18-Jan-12,29.14,29.21,28.83,28.91,535769
17-Jan-12,29.44,29.47,29.04,29.10,514465
13-Jan-12,29.21,29.21,29.21,29.21,0
12-Jan-12,29.71,29.71,29.30,29.32,267195
11-Jan-12,29.71,29.81,29.50,29.55,324402
10-Jan-12,29.54,29.75,29.45,29.69,481576
9-Jan-12,29.57,29.62,29.40,29.48,808181
6-Jan-12,29.75,29.76,29.36,29.46,275306
5-Jan-12,29.67,29.81,29.44,29.65,401567
4-Jan-12,29.89,30.05,29.68,29.70,460385
3-Jan-12,30.62,30.69,29.77,29.82,491271
30-Dec-11,30.23,30.23,30.23,30.23,0
29-Dec-11,30.18,30.54,30.15,30.54,218111
28-Dec-11,30.25,30.31,30.07,30.13,277274
27-Dec-11,30.14,30.38,30.05,30.33,285631
23-Dec-11,30.14,30.14,30.14,30.14,0
22-Dec-11,29.98,29.99,29.59,29.85,261669
21-Dec-11,29.60,29.92,29.44,29.88,479633
20-Dec-11,29.23,29.60,29.19,29.56,332470
19-Dec-11,29.30,29.50,28.79,28.90,385341
16-Dec-11,28.94,29.18,28.67,29.15,975208
15-Dec-11,28.52,28.87,28.44,28.84,287401
14-Dec-11,28.46,28.67,28.28,28.31,460090
13-Dec-11,28.47,28.82,28.37,28.51,333663
12-Dec-11,28.51,28.51,28.03,28.41,375946
9-Dec-11,28.00,28.72,27.98,28.65,385388
8-Dec-11,28.58,28.65,27.90,27.98,327576
7-Dec-11,28.63,28.87,28.48,28.78,725212
6-Dec-11,28.70,28.87,28.61,28.78,354572
5-Dec-11,28.53,28.98,28.50,28.69,612221
2-Dec-11,29.11,29.11,28.38,28.41,431435
1-Dec-11,29.09,29.33,28.92,28.96,381050
30-Nov-11,28.61,29.11,28.55,29.10,580933
29-Nov-11,27.65,28.32,27.57,28.28,565098
28-Nov-11,27.78,27.92,27.36,27.54,447929
25-Nov-11,27.06,27.40,27.06,27.17,134172
23-Nov-11,27.17,27.17,27.17,27.17,0
22-Nov-11,27.60,27.96,27.50,27.61,643733
21-Nov-11,27.96,28.25,27.33,27.82,1578654
18-Nov-11,29.22,29.22,28.87,28.95,445822
17-Nov-11,29.15,29.52,28.95,29.05,412909
16-Nov-11,29.32,29.54,29.13,29.18,673569
15-Nov-11,29.13,29.47,28.98,29.37,508346
14-Nov-11,29.39,29.47,29.09,29.24,415468
11-Nov-11,29.33,29.50,29.21,29.48,499865
10-Nov-11,28.53,29.12,28.46,29.10,1064755
9-Nov-11,28.82,28.91,28.66,28.73,736094
8-Nov-11,28.91,29.29,28.48,29.21,466703
7-Nov-11,28.93,29.11,28.42,28.72,451166
4-Nov-11,29.00,29.49,28.58,28.90,562773
3-Nov-11,28.48,28.94,28.38,28.64,617996
2-Nov-11,27.96,28.59,27.96,28.30,687325
1-Nov-11,27.82,28.21,27.53,27.61,370400
31-Oct-11,28.54,28.78,28.38,28.38,389999
28-Oct-11,28.89,29.02,28.73,28.82,494892
27-Oct-11,29.12,29.24,28.88,29.00,893483
26-Oct-11,28.77,28.88,28.56,28.70,425182
25-Oct-11,28.78,28.86,28.11,28.60,585805
24-Oct-11,28.75,28.84,28.63,28.84,430687
21-Oct-11,28.89,28.89,28.67,28.75,473140
20-Oct-11,28.78,28.90,28.45,28.59,339688
19-Oct-11,28.43,28.95,28.34,28.67,343855
18-Oct-11,28.20,28.59,27.85,28.47,249828
17-Oct-11,28.31,28.42,28.01,28.10,389511
14-Oct-11,27.82,28.32,27.76,28.28,279698
13-Oct-11,27.69,27.93,27.50,27.89,258105
12-Oct-11,27.86,27.99,27.74,27.75,361792
11-Oct-11,27.60,27.83,27.51,27.76,295545
10-Oct-11,27.10,27.73,27.09,27.68,297154
7-Oct-11,27.10,27.18,26.73,26.77,286394
6-Oct-11,26.57,26.94,26.45,26.93,206446
5-Oct-11,26.47,26.64,26.10,26.58,334497
4-Oct-11,25.88,26.38,25.49,26.36,451303
3-Oct-11,26.94,27.26,26.04,26.05,454350
30-Sep-11,27.01,27.56,26.96,27.08,312250
