Date,Open,High,Low,Close,Volume
26-Sep-12,4.95,4.95,4.95,4.95,0
25-Sep-12,4.95,4.95,4.95,4.95,0
24-Sep-12,4.95,4.95,4.95,4.95,194
21-Sep-12,4.97,4.97,4.97,4.97,0
20-Sep-12,4.97,4.97,4.97,4.97,0
19-Sep-12,4.97,4.97,4.97,4.97,0
18-Sep-12,4.97,4.97,4.97,4.97,0
17-Sep-12,4.97,4.97,4.97,4.97,0
14-Sep-12,4.97,4.97,4.97,4.97,0
13-Sep-12,4.97,4.97,4.97,4.97,0
12-Sep-12,5.00,5.00,4.97,4.97,600
11-Sep-12,4.99,4.99,4.99,4.99,0
10-Sep-12,5.02,5.02,4.99,4.99,300
7-Sep-12,4.83,5.10,4.83,5.02,3679
6-Sep-12,4.85,4.85,4.85,4.85,0
5-Sep-12,4.85,4.85,4.85,4.85,0
4-Sep-12,4.63,4.85,4.63,4.85,2200
31-Aug-12,4.73,4.73,4.73,4.73,0
30-Aug-12,4.73,4.73,4.73,4.73,0
29-Aug-12,4.73,4.73,4.73,4.73,0
28-Aug-12,4.73,4.73,4.73,4.73,0
27-Aug-12,4.73,4.73,4.73,4.73,0
24-Aug-12,4.63,4.73,4.63,4.73,900
23-Aug-12,4.67,4.67,4.67,4.67,300
22-Aug-12,4.67,4.75,4.63,4.75,1250
21-Aug-12,4.85,4.85,4.70,4.75,1820
20-Aug-12,5.00,5.00,5.00,5.00,0
17-Aug-12,4.99,5.00,4.99,5.00,513
16-Aug-12,4.85,4.90,4.85,4.90,7863
15-Aug-12,5.05,5.05,4.90,4.90,500
14-Aug-12,5.15,5.15,5.15,5.15,500
13-Aug-12,5.10,5.10,5.10,5.10,600
10-Aug-12,5.09,5.10,5.02,5.10,4100
9-Aug-12,5.00,5.00,4.74,4.80,1300
8-Aug-12,5.24,5.24,5.24,5.24,0
7-Aug-12,5.24,5.24,5.24,5.24,0
6-Aug-12,5.24,5.24,5.24,5.24,0
3-Aug-12,5.24,5.24,5.24,5.24,0
2-Aug-12,5.19,5.24,5.19,5.24,600
1-Aug-12,5.24,5.24,5.24,5.24,0
31-Jul-12,5.23,5.24,5.23,5.24,300
30-Jul-12,5.15,5.15,5.15,5.15,0
27-Jul-12,5.15,5.15,5.15,5.15,0
26-Jul-12,5.15,5.15,5.14,5.15,5500
25-Jul-12,5.25,5.25,5.25,5.25,0
24-Jul-12,5.25,5.25,5.25,5.25,500
23-Jul-12,5.15,5.15,5.15,5.15,0
20-Jul-12,5.15,5.15,5.15,5.15,0
19-Jul-12,5.14,5.15,5.14,5.15,2800
18-Jul-12,5.30,5.30,5.20,5.20,5100
17-Jul-12,5.48,5.48,5.20,5.20,5600
16-Jul-12,5.47,5.47,5.47,5.47,100
13-Jul-12,5.40,5.40,5.40,5.40,0
12-Jul-12,5.40,5.40,5.36,5.40,1380
11-Jul-12,5.52,5.52,5.50,5.50,2599
10-Jul-12,5.80,5.80,5.30,5.50,4100
9-Jul-12,5.90,5.90,5.90,5.90,0
6-Jul-12,5.90,5.90,5.90,5.90,0
5-Jul-12,5.90,5.90,5.90,5.90,571
3-Jul-12,6.00,6.00,6.00,6.00,0
2-Jul-12,6.00,6.00,6.00,6.00,0
29-Jun-12,5.79,6.00,5.79,6.00,300
28-Jun-12,5.64,5.64,5.64,5.64,0
27-Jun-12,5.64,5.64,5.64,5.64,0
26-Jun-12,5.64,5.64,5.64,5.64,723
25-Jun-12,5.84,5.84,5.44,5.74,1200
22-Jun-12,5.99,5.99,5.99,5.99,0
21-Jun-12,5.99,5.99,5.99,5.99,0
20-Jun-12,5.99,5.99,5.99,5.99,0
19-Jun-12,5.97,5.99,5.97,5.99,1100
18-Jun-12,5.85,5.85,5.85,5.85,0
15-Jun-12,5.85,5.85,5.85,5.85,0
14-Jun-12,5.85,5.85,5.85,5.85,100
13-Jun-12,5.82,5.82,5.82,5.82,0
12-Jun-12,5.82,5.82,5.82,5.82,0
11-Jun-12,5.82,5.82,5.82,5.82,0
8-Jun-12,5.82,5.82,5.82,5.82,371
7-Jun-12,5.80,5.80,5.72,5.72,473
6-Jun-12,5.65,5.65,5.65,5.65,0
5-Jun-12,5.60,5.65,5.60,5.65,1460
4-Jun-12,5.89,5.89,5.89,5.89,0
1-Jun-12,5.89,5.89,5.89,5.89,300
31-May-12,5.80,5.80,5.80,5.80,100
30-May-12,5.65,5.65,5.65,5.65,0
29-May-12,5.65,5.65,5.65,5.65,0
25-May-12,5.60,5.65,5.60,5.65,2500
24-May-12,5.85,5.85,5.85,5.85,100
23-May-12,6.00,6.00,6.00,6.00,0
22-May-12,6.00,6.00,6.00,6.00,900
21-May-12,5.90,6.00,5.90,6.00,1500
18-May-12,6.00,6.00,6.00,6.00,0
17-May-12,6.00,6.00,6.00,6.00,0
16-May-12,6.00,6.00,6.00,6.00,0
15-May-12,6.00,6.00,6.00,6.00,500
14-May-12,6.11,6.11,6.11,6.11,0
11-May-12,6.11,6.11,6.11,6.11,0
10-May-12,6.11,6.11,6.11,6.11,200
9-May-12,6.10,6.10,6.10,6.10,0
8-May-12,6.20,6.20,6.00,6.10,500
7-May-12,6.30,6.30,6.30,6.30,0
4-May-12,6.50,6.90,6.30,6.30,1300
3-May-12,6.40,6.40,6.40,6.40,100
2-May-12,6.25,6.30,6.00,6.30,1100
1-May-12,6.35,6.35,6.35,6.35,0
30-Apr-12,6.45,6.45,6.35,6.35,300
27-Apr-12,6.55,6.55,6.55,6.55,0
26-Apr-12,6.55,6.55,6.55,6.55,0
25-Apr-12,6.54,6.60,6.54,6.55,400
24-Apr-12,6.85,6.95,6.44,6.44,3500
23-Apr-12,6.60,7.20,6.60,7.10,1200
20-Apr-12,6.50,6.50,6.50,6.50,0
19-Apr-12,6.66,6.66,6.46,6.50,1000
18-Apr-12,6.76,6.76,6.76,6.76,100
17-Apr-12,6.86,6.86,6.86,6.86,100
16-Apr-12,6.76,6.76,6.76,6.76,100
13-Apr-12,6.86,6.86,6.86,6.86,100
12-Apr-12,6.76,6.76,6.76,6.76,100
11-Apr-12,6.86,6.86,6.66,6.66,300
10-Apr-12,7.40,7.40,7.04,7.10,1700
9-Apr-12,6.60,8.00,6.60,7.61,6286
5-Apr-12,6.55,6.55,6.55,6.55,0
4-Apr-12,6.55,6.55,6.55,6.55,0
3-Apr-12,6.55,6.55,6.55,6.55,0
2-Apr-12,6.55,6.55,6.55,6.55,0
30-Mar-12,6.55,6.55,6.55,6.55,125
29-Mar-12,6.54,6.54,6.54,6.54,0
28-Mar-12,6.54,6.54,6.54,6.54,300
27-Mar-12,6.50,6.50,6.50,6.50,0
26-Mar-12,6.38,6.50,6.38,6.50,4469
23-Mar-12,6.47,6.47,6.47,6.47,200
22-Mar-12,6.27,6.62,6.27,6.47,2152
21-Mar-12,6.12,6.22,6.12,6.22,800
20-Mar-12,5.90,6.10,5.90,6.10,1400
19-Mar-12,5.90,5.90,5.90,5.90,7800
16-Mar-12,5.93,5.93,5.73,5.88,51400
15-Mar-12,5.95,6.00,5.85,5.95,38660
14-Mar-12,5.81,5.90,5.81,5.85,31726
13-Mar-12,5.70,5.90,5.70,5.85,1400
12-Mar-12,5.75,5.75,5.75,5.75,5489
9-Mar-12,5.75,5.75,5.75,5.75,6500
8-Mar-12,5.60,5.70,5.60,5.70,4200
7-Mar-12,5.67,5.67,5.47,5.57,2300
6-Mar-12,5.42,5.72,5.42,5.72,1400
5-Mar-12,4.87,5.37,4.87,5.37,9400
2-Mar-12,5.42,5.47,5.42,5.47,400
1-Mar-12,5.56,5.56,5.37,5.37,4100
29-Feb-12,5.66,5.66,5.61,5.61,1200
28-Feb-12,5.76,5.76,5.71,5.71,400
27-Feb-12,5.90,5.90,5.80,5.81,4280
24-Feb-12,6.00,6.00,6.00,6.00,0
23-Feb-12,6.00,6.00,6.00,6.00,0
22-Feb-12,6.00,6.00,6.00,6.00,0
21-Feb-12,5.87,6.00,5.87,6.00,900
17-Feb-12,5.82,5.82,5.82,5.82,0
16-Feb-12,5.82,5.82,5.82,5.82,0
15-Feb-12,5.82,5.82,5.82,5.82,200
14-Feb-12,5.86,5.86,5.86,5.86,0
13-Feb-12,5.81,5.86,5.81,5.86,400
9-Feb-12,5.85,5.85,5.85,5.85,0
8-Feb-12,5.90,5.90,5.90,5.90,100
7-Feb-12,5.80,5.85,5.80,5.85,300
3-Feb-12,5.75,5.75,5.75,5.75,0
2-Feb-12,5.76,5.76,5.76,5.76,500
1-Feb-12,5.86,5.86,5.66,5.66,5800
31-Jan-12,5.86,5.96,5.86,5.91,700
30-Jan-12,5.81,5.81,5.81,5.81,200
27-Jan-12,5.95,5.95,5.76,5.76,900
26-Jan-12,5.93,6.00,5.93,6.00,4570
25-Jan-12,5.83,5.88,5.78,5.88,640
24-Jan-12,6.00,6.00,5.61,5.88,3800
20-Jan-12,6.00,6.00,6.00,6.00,0
19-Jan-12,5.96,6.00,5.96,6.00,800
18-Jan-12,5.95,5.95,5.90,5.90,400
17-Jan-12,5.93,6.00,5.93,6.00,1600
10-Jan-12,5.88,5.88,5.88,5.88,0
5-Jan-12,5.73,5.73,5.73,5.73,0
4-Jan-12,5.58,5.83,5.58,5.83,2700
3-Jan-12,5.57,5.57,5.53,5.53,4100
30-Dec-11,5.60,5.60,5.60,5.60,200
29-Dec-11,5.55,5.55,5.55,5.55,2300
28-Dec-11,5.57,5.57,5.55,5.55,2320
27-Dec-11,5.67,5.67,5.57,5.59,800
23-Dec-11,5.72,5.72,5.72,5.72,0
19-Dec-11,5.51,5.52,5.51,5.52,300
8-Dec-11,5.60,5.60,5.60,5.60,600
7-Dec-11,5.60,5.60,5.55,5.55,495
6-Dec-11,5.60,5.60,5.60,5.60,380
5-Dec-11,5.55,5.60,5.55,5.60,2421
2-Dec-11,5.55,5.55,5.55,5.55,1400
1-Dec-11,5.66,5.66,5.51,5.51,700
30-Nov-11,5.71,5.71,5.71,5.71,200
29-Nov-11,5.66,5.66,5.66,5.66,100
28-Nov-11,5.71,5.71,5.71,5.71,175
23-Nov-11,5.74,5.74,5.74,5.74,0
22-Nov-11,5.79,5.79,5.79,5.79,250
21-Nov-11,5.89,5.89,5.84,5.84,400
18-Nov-11,5.99,5.99,5.99,5.99,471
16-Nov-11,6.00,6.00,6.00,6.00,0
14-Nov-11,6.00,6.00,6.00,6.00,0
10-Nov-11,5.75,5.75,5.75,5.75,0
9-Nov-11,5.88,5.88,5.88,5.88,14000
8-Nov-11,5.88,5.88,5.88,5.88,36490
4-Nov-11,5.85,5.85,5.85,5.85,0
3-Nov-11,6.00,6.00,5.95,5.95,500
2-Nov-11,5.83,6.00,5.79,5.97,28234
1-Nov-11,5.76,5.77,5.76,5.77,400
31-Oct-11,5.81,5.81,5.81,5.81,200
27-Oct-11,5.86,5.86,5.86,5.86,0
26-Oct-11,5.76,5.86,5.71,5.85,1340
24-Oct-11,5.71,5.71,5.71,5.71,0
21-Oct-11,5.61,5.61,5.56,5.61,880
17-Oct-11,5.55,5.55,5.55,5.55,0
14-Oct-11,5.45,5.45,5.45,5.45,100
13-Oct-11,5.51,5.56,5.46,5.50,1744
10-Oct-11,5.46,5.46,5.46,5.46,0
6-Oct-11,5.41,5.41,5.41,5.41,0
5-Oct-11,5.65,5.65,5.45,5.45,2200
4-Oct-11,5.85,5.85,5.70,5.70,700
3-Oct-11,5.93,5.93,5.78,5.80,800
