Date,Open,High,Low,Close,Volume
27-Sep-12,91.92,92.48,91.35,92.11,2058943
26-Sep-12,91.52,92.42,91.26,91.88,2645274
25-Sep-12,92.10,92.23,91.07,91.23,1684480
24-Sep-12,91.75,92.10,90.84,91.75,1658231
21-Sep-12,90.93,91.83,90.51,91.50,2665924
20-Sep-12,88.98,90.51,88.78,90.30,2184567
19-Sep-12,89.73,89.99,88.72,89.12,1303787
18-Sep-12,89.16,90.51,88.98,89.84,1994263
17-Sep-12,88.96,89.71,88.69,88.85,1661520
14-Sep-12,89.32,89.52,88.54,89.15,1746786
13-Sep-12,89.62,89.96,88.61,89.31,2590601
12-Sep-12,89.69,90.15,89.41,89.64,1349920
11-Sep-12,88.99,89.86,88.81,89.30,1896909
10-Sep-12,89.09,89.41,88.53,89.05,1482038
7-Sep-12,89.22,89.78,88.64,88.95,1378328
6-Sep-12,86.40,89.00,86.40,88.98,2664651
5-Sep-12,86.22,86.51,85.73,85.90,1318999
4-Sep-12,86.05,86.75,85.56,86.38,1526466
31-Aug-12,86.01,86.50,85.43,86.13,1649954
30-Aug-12,84.63,85.98,84.59,85.70,1461334
29-Aug-12,85.05,85.93,84.55,85.13,1619594
28-Aug-12,85.12,85.12,84.50,84.56,1814176
27-Aug-12,85.43,85.57,84.64,85.41,1320051
24-Aug-12,84.48,85.86,84.42,85.25,1857679
23-Aug-12,85.44,85.50,84.43,84.84,1444201
22-Aug-12,86.26,86.83,85.05,85.43,2433697
21-Aug-12,86.00,87.28,85.87,86.57,2132463
20-Aug-12,86.66,86.66,85.34,85.65,1764700
17-Aug-12,87.24,87.62,86.42,86.61,498720
16-Aug-12,85.75,86.83,85.63,86.49,474831
15-Aug-12,86.35,86.77,85.82,86.35,326805
14-Aug-12,85.70,86.38,85.61,86.37,351159
13-Aug-12,85.34,85.91,85.10,85.59,314904
10-Aug-12,85.25,86.02,85.05,85.61,487803
9-Aug-12,85.28,86.05,85.00,85.49,210821
8-Aug-12,85.10,86.26,84.99,85.57,377727
7-Aug-12,85.37,85.86,85.10,85.23,411723
6-Aug-12,85.45,85.70,84.98,85.41,366801
3-Aug-12,86.00,86.77,85.14,85.45,728106
2-Aug-12,84.69,86.57,83.88,84.89,2691129
1-Aug-12,84.85,91.94,82.81,85.62,9048064
31-Jul-12,85.15,85.57,81.28,82.07,6724994
30-Jul-12,86.04,86.33,85.20,85.30,2323139
27-Jul-12,85.34,87.20,85.34,86.25,2063339
26-Jul-12,84.72,85.60,84.47,85.13,2058247
25-Jul-12,84.26,84.42,83.09,83.44,2240505
24-Jul-12,84.85,84.91,83.60,83.87,2564068
23-Jul-12,84.31,85.11,83.62,84.78,2389190
20-Jul-12,86.72,86.86,85.06,85.15,3010551
19-Jul-12,87.59,87.70,86.20,87.46,5288475
18-Jul-12,89.55,89.79,86.36,87.52,4446873
17-Jul-12,89.95,90.34,89.13,89.95,1036775
16-Jul-12,90.39,90.68,89.51,89.59,1040471
13-Jul-12,89.23,91.01,88.91,90.75,1361235
12-Jul-12,89.55,89.70,88.05,89.40,1988436
11-Jul-12,90.42,90.80,89.34,89.43,2502892
10-Jul-12,92.69,92.80,90.32,90.60,1474460
9-Jul-12,93.56,93.78,91.22,91.81,2223462
6-Jul-12,93.85,94.32,93.34,93.70,771382
5-Jul-12,95.25,95.45,94.61,94.64,1158161
3-Jul-12,94.98,95.75,94.37,95.65,834969
2-Jul-12,92.53,94.94,92.42,94.77,1944568
29-Jun-12,91.00,92.57,91.00,92.57,1716366
28-Jun-12,90.73,90.74,88.88,90.03,1980575
27-Jun-12,90.86,91.75,90.35,91.11,1324032
26-Jun-12,89.99,90.54,89.83,90.02,1440367
25-Jun-12,90.97,91.28,89.85,89.86,1434106
22-Jun-12,91.46,91.79,90.97,91.59,1706768
21-Jun-12,92.91,93.19,91.04,91.24,1088275
20-Jun-12,93.40,93.68,91.88,92.46,1417788
19-Jun-12,93.62,94.00,93.30,93.49,1117670
18-Jun-12,92.58,93.16,92.29,93.12,1224175
15-Jun-12,92.27,93.00,92.02,92.45,2537841
14-Jun-12,91.07,92.23,91.07,91.64,1809839
13-Jun-12,91.32,91.97,90.51,90.85,1032926
12-Jun-12,90.27,91.42,90.00,91.37,1114927
11-Jun-12,92.08,92.31,91.04,91.11,1394079
8-Jun-12,90.52,91.48,90.07,91.48,1338869
7-Jun-12,91.52,91.90,90.59,90.74,1286990
6-Jun-12,90.32,91.26,89.97,91.06,2031300
5-Jun-12,88.33,90.06,88.00,89.87,1583135
4-Jun-12,88.31,89.18,87.69,88.58,1468444
1-Jun-12,89.15,89.70,88.02,88.09,1383431
31-May-12,90.80,90.80,89.62,90.25,1888086
30-May-12,90.41,90.93,89.98,90.81,1332075
29-May-12,90.87,91.44,90.31,90.77,1044624
25-May-12,90.81,90.99,90.13,90.53,1147345
24-May-12,89.43,90.49,89.18,90.49,1424864
23-May-12,89.56,89.63,88.15,89.02,1180336
22-May-12,89.81,90.63,89.54,89.90,1363565
21-May-12,89.37,90.00,88.86,89.80,1192143
18-May-12,89.47,89.69,88.46,88.78,2085648
17-May-12,91.72,91.72,88.87,88.88,2200772
16-May-12,91.66,92.50,91.23,91.32,2046160
15-May-12,91.14,91.91,90.86,91.25,1226365
14-May-12,92.21,92.68,91.40,91.60,1189381
11-May-12,92.00,93.54,92.00,92.97,1196537
10-May-12,93.09,93.80,92.55,92.83,1252731
9-May-12,92.72,93.42,92.10,92.63,1423291
8-May-12,93.11,93.54,92.18,93.35,1453149
7-May-12,92.59,94.47,92.59,93.74,1601955
4-May-12,93.31,93.76,92.63,92.90,1863576
3-May-12,93.04,94.06,92.63,93.53,2607428
2-May-12,93.99,93.99,90.66,92.50,6381208
1-May-12,95.91,96.69,95.27,96.39,1615657
30-Apr-12,96.59,96.67,95.76,96.00,1135499
27-Apr-12,96.75,97.09,96.40,96.59,962231
26-Apr-12,95.13,96.57,94.93,96.38,1254938
25-Apr-12,95.55,95.55,94.52,95.15,1307241
24-Apr-12,93.96,94.29,93.59,94.18,1184169
23-Apr-12,95.01,95.14,93.28,93.80,1424601
20-Apr-12,95.49,95.94,94.91,95.58,1349485
19-Apr-12,95.20,95.49,94.48,95.20,1246863
18-Apr-12,94.32,95.11,94.32,94.94,1111025
17-Apr-12,94.51,95.04,94.25,94.79,1597823
16-Apr-12,94.87,95.00,93.52,94.08,1348328
13-Apr-12,94.01,95.06,93.62,94.65,2262532
12-Apr-12,93.27,93.54,92.94,93.19,1447546
11-Apr-12,93.51,93.65,93.03,93.31,1108618
10-Apr-12,93.80,93.91,92.39,92.48,1574033
9-Apr-12,93.57,94.32,93.57,93.94,934562
5-Apr-12,94.89,95.13,94.42,94.99,1249546
4-Apr-12,94.73,95.30,94.59,94.82,843507
3-Apr-12,95.15,95.49,94.55,95.27,1562023
2-Apr-12,94.26,95.68,93.94,95.17,1823727
30-Mar-12,95.65,96.39,95.27,95.43,1879117
29-Mar-12,93.66,95.12,93.66,94.91,2106244
28-Mar-12,94.35,94.88,93.70,94.05,1934903
27-Mar-12,95.15,95.71,94.18,94.31,2014747
26-Mar-12,94.41,95.00,94.22,94.74,2087731
23-Mar-12,93.46,93.80,92.99,93.61,837573
22-Mar-12,92.84,93.90,92.51,93.56,1256570
21-Mar-12,93.50,94.08,93.14,93.57,815270
20-Mar-12,93.03,93.42,92.72,93.17,1005042
19-Mar-12,93.16,93.43,92.89,93.30,1092038
16-Mar-12,94.14,94.46,92.98,93.00,1945387
15-Mar-12,93.56,94.38,93.37,94.18,1394111
14-Mar-12,93.36,93.69,93.13,93.59,1284322
13-Mar-12,91.84,93.36,91.84,93.36,1485673
12-Mar-12,91.61,93.00,91.48,92.12,1279508
9-Mar-12,92.35,93.11,91.68,91.87,2418022
8-Mar-12,91.23,92.49,90.99,92.33,2718002
7-Mar-12,88.53,91.08,88.30,90.64,2750337
6-Mar-12,89.12,89.61,88.26,88.42,1178915
5-Mar-12,88.95,89.83,88.95,89.55,915169
2-Mar-12,89.64,89.88,89.21,89.24,823203
1-Mar-12,88.19,89.88,88.19,89.74,1409309
29-Feb-12,88.75,89.83,88.66,89.59,2658681
28-Feb-12,87.62,88.94,87.62,88.82,1260174
27-Feb-12,86.98,87.69,86.45,87.38,1123743
24-Feb-12,87.31,87.75,87.10,87.42,927320
23-Feb-12,87.24,87.62,86.91,87.32,1350520
22-Feb-12,86.62,87.48,86.45,87.27,1163022
21-Feb-12,87.86,88.11,86.59,87.07,1473273
17-Feb-12,88.48,88.48,87.70,87.91,1042189
16-Feb-12,87.92,88.44,87.63,88.06,1676466
15-Feb-12,89.02,89.05,87.52,87.80,1141920
14-Feb-12,87.47,88.88,87.33,88.88,1361095
13-Feb-12,87.45,88.26,87.43,87.61,1346334
10-Feb-12,86.96,87.34,86.56,87.05,1386699
9-Feb-12,88.49,88.57,87.08,87.38,1397750
8-Feb-12,87.34,89.39,87.25,88.65,2625691
7-Feb-12,86.25,87.48,85.75,87.25,1509788
6-Feb-12,85.51,86.59,85.51,86.49,1132814
3-Feb-12,85.64,86.47,85.09,86.08,3220822
2-Feb-12,85.96,87.07,84.30,84.84,6189338
1-Feb-12,89.41,89.41,87.19,87.29,2511740
31-Jan-12,88.89,89.10,87.78,87.91,1340989
30-Jan-12,88.04,88.13,87.29,88.06,1385682
27-Jan-12,88.49,89.24,88.35,88.82,904618
26-Jan-12,89.35,90.00,88.64,88.97,1622787
25-Jan-12,88.54,89.58,88.18,89.30,1254026
24-Jan-12,88.74,89.18,88.36,88.49,1445796
23-Jan-12,87.93,89.50,87.93,89.36,2201080
20-Jan-12,87.32,88.21,87.21,87.77,1637990
19-Jan-12,87.26,87.45,86.92,87.16,2128741
18-Jan-12,87.93,88.15,86.76,87.17,1873527
17-Jan-12,89.08,89.50,87.76,87.93,1963720
13-Jan-12,88.16,88.16,88.16,88.16,0
12-Jan-12,88.51,89.41,88.06,88.56,1464838
11-Jan-12,88.83,89.37,87.90,88.26,2053289
10-Jan-12,88.96,89.37,88.72,88.97,1780356
9-Jan-12,87.32,88.50,86.97,88.33,1404674
6-Jan-12,87.37,87.38,86.51,87.07,1515685
5-Jan-12,87.72,88.00,86.98,87.07,1579959
4-Jan-12,88.19,88.50,87.77,88.01,1093609
3-Jan-12,88.75,88.81,87.69,88.42,1942566
30-Dec-11,87.74,87.74,87.74,87.74,0
29-Dec-11,87.03,88.20,86.87,88.13,1199291
28-Dec-11,87.83,87.88,86.49,86.80,831912
27-Dec-11,87.33,88.30,87.14,87.89,699766
23-Dec-11,87.42,87.42,87.42,87.42,0
22-Dec-11,87.11,87.13,85.79,86.68,1296683
21-Dec-11,86.83,87.12,85.74,86.96,1751747
20-Dec-11,85.56,87.11,85.55,86.91,2162893
19-Dec-11,84.16,85.45,84.08,84.68,1669955
16-Dec-11,84.02,84.48,83.33,83.66,2060036
15-Dec-11,83.38,84.00,83.05,83.66,1446829
14-Dec-11,81.80,82.90,81.80,82.47,1378533
13-Dec-11,82.60,83.41,81.64,82.10,1602259
12-Dec-11,82.84,83.13,81.82,82.27,1263383
9-Dec-11,82.10,83.99,81.89,83.49,1249704
8-Dec-11,83.71,83.80,81.80,81.95,1487626
7-Dec-11,83.88,84.61,82.65,84.13,1270089
6-Dec-11,84.05,84.76,83.36,84.17,1395614
5-Dec-11,84.83,85.00,83.22,83.72,1762800
2-Dec-11,84.78,84.88,83.48,83.57,1489997
1-Dec-11,83.98,84.74,83.37,84.18,1405528
30-Nov-11,83.64,84.27,83.29,83.72,2144100
29-Nov-11,81.26,82.20,81.01,81.38,1362079
28-Nov-11,80.36,81.58,80.27,81.08,1416985
25-Nov-11,78.60,79.16,78.42,78.68,474502
23-Nov-11,78.84,78.84,78.84,78.84,0
22-Nov-11,81.24,81.30,79.62,79.69,3248732
21-Nov-11,81.10,81.69,80.21,81.16,1725235
18-Nov-11,82.26,82.92,81.81,82.40,1491983
17-Nov-11,82.65,82.84,80.83,81.87,1428654
16-Nov-11,82.90,84.64,82.51,82.99,1326437
15-Nov-11,84.15,84.34,83.15,83.80,1289652
14-Nov-11,84.63,85.05,83.89,84.14,1041868
11-Nov-11,83.78,85.43,83.78,85.02,1269420
10-Nov-11,83.14,83.73,81.95,82.82,1878959
9-Nov-11,83.63,84.14,82.44,82.75,1525975
8-Nov-11,84.57,85.37,83.64,85.31,1430841
7-Nov-11,83.75,84.50,83.19,84.50,1193124
4-Nov-11,84.00,84.38,82.91,83.61,1267754
3-Nov-11,84.21,84.76,83.80,84.50,1452530
2-Nov-11,83.18,83.86,82.54,83.35,2009686
1-Nov-11,81.96,83.31,81.43,81.77,2698567
31-Oct-11,84.20,84.85,83.71,84.12,2055196
28-Oct-11,84.56,85.00,84.16,84.40,2238680
27-Oct-11,85.72,85.85,83.56,84.83,3617907
26-Oct-11,85.21,86.34,82.80,83.74,4933829
25-Oct-11,88.32,88.65,86.80,86.96,1721375
24-Oct-11,88.43,89.25,87.89,89.01,2179202
21-Oct-11,87.71,88.50,87.36,88.38,2920615
20-Oct-11,85.13,86.79,85.13,86.58,1758154
19-Oct-11,85.57,85.66,84.29,84.95,1933854
18-Oct-11,84.00,86.35,83.69,85.64,1715819
17-Oct-11,85.46,85.83,84.00,84.17,1740796
14-Oct-11,85.84,86.36,85.21,86.21,1662210
13-Oct-11,83.71,84.52,83.02,84.30,1185010
12-Oct-11,83.84,84.96,83.21,83.94,1950094
11-Oct-11,82.52,83.88,82.16,83.60,2285123
10-Oct-11,82.65,83.27,82.25,82.97,1152913
7-Oct-11,82.37,82.37,81.19,81.50,1261762
6-Oct-11,80.91,82.15,80.20,82.12,1608364
5-Oct-11,80.14,81.20,79.78,81.05,3131192
4-Oct-11,78.67,80.32,77.71,80.08,4034078
3-Oct-11,81.79,82.55,79.36,79.63,3191724
30-Sep-11,83.80,84.81,82.35,82.38,3048110
