Date,Open,High,Low,Close,Volume
26-Sep-12,2.42,2.52,2.37,2.51,75005
25-Sep-12,2.47,2.50,2.44,2.46,100464
24-Sep-12,2.39,2.48,2.27,2.42,97309
21-Sep-12,2.39,2.52,2.25,2.49,18641
20-Sep-12,2.28,2.38,2.28,2.36,27751
19-Sep-12,2.23,2.31,2.23,2.26,27349
18-Sep-12,2.26,2.30,2.13,2.18,25344
17-Sep-12,2.27,2.35,2.23,2.31,39911
14-Sep-12,2.57,2.57,2.10,2.27,84984
13-Sep-12,2.96,2.96,2.47,2.57,53694
12-Sep-12,3.09,3.09,2.93,2.96,22314
11-Sep-12,2.93,3.18,2.93,3.00,30794
10-Sep-12,2.81,2.95,2.81,2.92,26732
7-Sep-12,2.74,2.89,2.45,2.80,278084
6-Sep-12,2.67,2.89,2.58,2.88,181022
5-Sep-12,2.56,2.75,2.55,2.68,218517
4-Sep-12,2.50,2.57,2.31,2.57,107634
31-Aug-12,2.44,2.50,2.10,2.46,133875
30-Aug-12,2.45,2.56,2.42,2.48,203053
29-Aug-12,2.38,2.48,2.37,2.44,268136
28-Aug-12,2.20,2.34,2.10,2.33,166662
27-Aug-12,2.08,2.18,2.06,2.15,72025
24-Aug-12,2.02,2.07,1.93,2.04,59614
23-Aug-12,2.02,2.05,1.99,2.02,73933
22-Aug-12,1.97,2.04,1.89,2.02,71672
21-Aug-12,1.92,1.97,1.90,1.94,70288
20-Aug-12,1.85,1.95,1.85,1.91,70363
17-Aug-12,1.80,1.89,1.78,1.87,126756
16-Aug-12,1.74,1.80,1.65,1.80,67308
15-Aug-12,1.80,1.80,1.65,1.71,83719
14-Aug-12,1.70,1.78,1.67,1.78,113176
13-Aug-12,1.67,1.70,1.66,1.70,57288
10-Aug-12,1.70,1.70,1.60,1.70,125804
9-Aug-12,1.70,1.70,1.61,1.70,102820
8-Aug-12,1.60,1.70,1.57,1.69,122125
7-Aug-12,1.61,1.62,1.57,1.60,104880
6-Aug-12,1.60,1.71,1.53,1.57,161696
3-Aug-12,1.59,1.60,1.54,1.59,60600
2-Aug-12,1.60,1.60,1.57,1.60,64352
1-Aug-12,1.60,1.60,1.56,1.60,65840
31-Jul-12,1.55,1.60,1.55,1.60,101775
30-Jul-12,1.53,1.59,1.36,1.53,116303
27-Jul-12,1.57,1.60,1.49,1.50,25777
26-Jul-12,1.58,1.60,1.52,1.59,52400
25-Jul-12,1.50,1.58,1.48,1.58,42700
24-Jul-12,1.52,1.57,1.46,1.50,42050
23-Jul-12,1.57,1.57,1.42,1.50,55572
20-Jul-12,1.57,1.58,1.51,1.56,64600
19-Jul-12,1.55,1.60,1.52,1.57,42950
18-Jul-12,1.51,1.59,1.51,1.53,43982
17-Jul-12,1.56,1.56,1.48,1.48,47594
16-Jul-12,1.57,1.57,1.51,1.55,40354
13-Jul-12,1.51,1.57,1.49,1.55,39650
12-Jul-12,1.54,1.56,1.48,1.48,71000
11-Jul-12,1.56,1.57,1.48,1.53,71193
10-Jul-12,1.59,1.59,1.50,1.57,33300
9-Jul-12,1.57,1.59,1.53,1.57,40345
6-Jul-12,1.60,1.60,1.52,1.59,39700
5-Jul-12,1.54,1.60,1.49,1.60,61049
3-Jul-12,1.54,1.60,1.50,1.60,61000
2-Jul-12,1.49,1.60,1.49,1.53,101161
29-Jun-12,1.54,1.59,1.47,1.47,29003
28-Jun-12,1.50,1.58,1.45,1.52,43700
27-Jun-12,1.54,1.59,1.42,1.50,64418
26-Jun-12,1.55,1.56,1.50,1.55,42100
25-Jun-12,1.51,1.59,1.46,1.46,48647
22-Jun-12,1.50,1.50,1.44,1.45,43884
21-Jun-12,1.45,1.52,1.45,1.50,43908
20-Jun-12,1.48,1.55,1.42,1.44,56001
19-Jun-12,1.49,1.53,1.46,1.49,46663
18-Jun-12,1.46,1.50,1.46,1.49,48284
15-Jun-12,1.50,1.55,1.38,1.45,114342
14-Jun-12,1.55,1.60,1.47,1.54,90515
13-Jun-12,1.49,1.61,1.49,1.57,85161
12-Jun-12,1.50,1.56,1.50,1.51,87821
11-Jun-12,1.50,1.55,1.39,1.51,74543
8-Jun-12,1.41,1.47,1.41,1.43,2554
7-Jun-12,1.55,1.56,1.38,1.41,22612
6-Jun-12,1.57,1.64,1.51,1.57,15702
5-Jun-12,1.56,1.62,1.50,1.58,94975
4-Jun-12,1.57,1.57,1.48,1.54,89680
1-Jun-12,1.50,1.57,1.42,1.56,85088
31-May-12,1.50,1.57,1.41,1.49,88500
30-May-12,1.50,1.55,1.44,1.51,24488
29-May-12,1.42,1.50,1.42,1.48,4767
25-May-12,1.51,1.51,1.40,1.42,80583
24-May-12,1.59,1.60,1.48,1.49,14933
23-May-12,1.49,1.60,1.49,1.56,129289
22-May-12,1.48,1.53,1.45,1.48,11131
21-May-12,1.52,1.53,1.42,1.50,65200
18-May-12,1.45,1.57,1.40,1.48,86954
17-May-12,1.55,1.55,1.28,1.44,76630
16-May-12,1.66,1.66,1.41,1.52,53363
15-May-12,1.73,1.73,1.61,1.67,66931
14-May-12,1.70,1.72,1.64,1.69,56631
11-May-12,1.68,1.73,1.66,1.73,55526
10-May-12,1.72,1.74,1.64,1.68,61325
9-May-12,1.67,1.71,1.61,1.70,59294
8-May-12,1.62,1.67,1.55,1.63,58827
7-May-12,1.62,1.69,1.55,1.62,67373
4-May-12,1.63,1.64,1.56,1.58,76277
3-May-12,1.61,1.68,1.61,1.67,55770
2-May-12,1.63,1.64,1.57,1.60,60498
1-May-12,1.59,1.64,1.56,1.59,62174
30-Apr-12,1.56,1.63,1.52,1.60,68316
27-Apr-12,1.48,1.58,1.43,1.54,115553
26-Apr-12,1.42,1.49,1.40,1.48,54444
25-Apr-12,1.43,1.46,1.40,1.44,141981
24-Apr-12,1.40,1.46,1.39,1.40,69896
23-Apr-12,1.42,1.44,1.36,1.42,61311
20-Apr-12,1.47,1.47,1.38,1.45,69159
19-Apr-12,1.46,1.50,1.38,1.48,54597
18-Apr-12,1.43,1.48,1.39,1.46,55522
17-Apr-12,1.41,1.43,1.39,1.43,60713
16-Apr-12,1.45,1.45,1.36,1.37,74843
13-Apr-12,1.42,1.45,1.36,1.45,28122
12-Apr-12,1.45,1.45,1.42,1.45,69463
11-Apr-12,1.45,1.46,1.41,1.46,56938
10-Apr-12,1.46,1.50,1.35,1.45,79911
9-Apr-12,1.44,1.51,1.40,1.46,61538
5-Apr-12,1.50,1.52,1.44,1.49,79404
4-Apr-12,1.41,1.50,1.35,1.49,74355
3-Apr-12,1.34,1.42,1.32,1.41,85176
2-Apr-12,1.34,1.34,1.30,1.33,41248
30-Mar-12,1.34,1.35,1.30,1.33,90372
29-Mar-12,1.28,1.35,1.28,1.33,153169
28-Mar-12,1.29,1.35,1.27,1.27,85983
27-Mar-12,1.29,1.30,1.26,1.26,38119
26-Mar-12,1.31,1.31,1.26,1.27,42196
23-Mar-12,1.29,1.31,1.29,1.30,43105
22-Mar-12,1.31,1.31,1.27,1.30,43614
21-Mar-12,1.35,1.35,1.29,1.30,68605
20-Mar-12,1.34,1.35,1.29,1.35,47930
19-Mar-12,1.29,1.34,1.26,1.34,45677
16-Mar-12,1.27,1.33,1.27,1.29,90449
15-Mar-12,1.29,1.30,1.25,1.26,176565
14-Mar-12,1.26,1.30,1.25,1.25,52803
13-Mar-12,1.30,1.30,1.26,1.29,40200
12-Mar-12,1.30,1.30,1.25,1.30,61871
9-Mar-12,1.28,1.30,1.28,1.30,67015
8-Mar-12,1.30,1.30,1.26,1.27,55340
7-Mar-12,1.30,1.30,1.26,1.26,56423
6-Mar-12,1.28,1.30,1.21,1.27,59753
5-Mar-12,1.30,1.31,1.27,1.30,54464
2-Mar-12,1.29,1.32,1.23,1.30,78325
1-Mar-12,1.30,1.31,1.28,1.29,42750
29-Feb-12,1.29,1.30,1.26,1.30,64264
28-Feb-12,1.30,1.30,1.26,1.30,67245
27-Feb-12,1.30,1.30,1.28,1.30,51300
24-Feb-12,1.29,1.30,1.25,1.29,53375
23-Feb-12,1.23,1.30,1.23,1.29,57267
22-Feb-12,1.30,1.30,1.23,1.23,48670
21-Feb-12,1.29,1.33,1.25,1.28,61401
17-Feb-12,1.30,1.30,1.27,1.27,52254
16-Feb-12,1.26,1.34,1.26,1.28,64237
15-Feb-12,1.30,1.32,1.22,1.23,53551
14-Feb-12,1.29,1.31,1.23,1.30,92176
13-Feb-12,1.13,1.28,1.10,1.27,146625
10-Feb-12,1.21,1.23,1.03,1.15,128334
9-Feb-12,1.31,1.31,1.24,1.24,85471
8-Feb-12,1.31,1.35,1.29,1.29,249440
7-Feb-12,1.28,1.33,1.28,1.32,131230
6-Feb-12,1.33,1.33,1.30,1.31,69160
3-Feb-12,1.30,1.33,1.26,1.33,100026
2-Feb-12,1.28,1.30,1.24,1.30,71374
1-Feb-12,1.28,1.30,1.25,1.30,57800
31-Jan-12,1.27,1.30,1.25,1.30,59807
30-Jan-12,1.30,1.30,1.29,1.30,51600
27-Jan-12,1.24,1.30,1.23,1.30,59747
26-Jan-12,1.30,1.30,1.21,1.24,82092
25-Jan-12,1.30,1.30,1.26,1.27,59290
24-Jan-12,1.25,1.30,1.24,1.30,60425
23-Jan-12,1.30,1.30,1.29,1.29,51992
20-Jan-12,1.30,1.30,1.30,1.30,349
19-Jan-12,1.32,1.35,1.26,1.29,102161
18-Jan-12,1.33,1.35,1.30,1.35,54209
17-Jan-12,1.35,1.35,1.34,1.34,74300
13-Jan-12,1.36,1.36,1.36,1.36,0
12-Jan-12,1.31,1.31,1.26,1.27,65988
11-Jan-12,1.30,1.31,1.25,1.31,63743
10-Jan-12,1.29,1.30,1.28,1.30,72985
9-Jan-12,1.30,1.30,1.22,1.25,57102
6-Jan-12,1.30,1.33,1.30,1.31,17664
5-Jan-12,1.30,1.30,1.26,1.30,62100
4-Jan-12,1.32,1.33,1.25,1.30,68925
3-Jan-12,1.19,1.30,1.17,1.29,124837
30-Dec-11,1.17,1.17,1.17,1.17,0
29-Dec-11,1.26,1.26,1.21,1.23,28917
28-Dec-11,1.34,1.36,1.27,1.27,27548
27-Dec-11,1.30,1.36,1.30,1.33,54350
23-Dec-11,1.30,1.30,1.30,1.30,0
22-Dec-11,1.33,1.37,1.32,1.32,55746
21-Dec-11,1.36,1.36,1.36,1.36,0
20-Dec-11,1.35,1.38,1.33,1.36,58489
19-Dec-11,1.32,1.37,1.32,1.37,115162
16-Dec-11,1.37,1.39,1.34,1.34,106252
15-Dec-11,1.36,1.40,1.33,1.35,105974
14-Dec-11,1.39,1.39,1.33,1.35,104150
13-Dec-11,1.37,1.41,1.33,1.39,152134
12-Dec-11,1.38,1.40,1.31,1.35,137699
9-Dec-11,1.40,1.40,1.35,1.40,119482
8-Dec-11,1.32,1.39,1.30,1.38,101226
7-Dec-11,1.38,1.38,1.38,1.38,0
6-Dec-11,1.40,1.41,1.30,1.30,156523
5-Dec-11,1.40,1.42,1.35,1.40,193999
2-Dec-11,1.31,1.40,1.31,1.40,142698
1-Dec-11,1.25,1.35,1.25,1.29,105558
30-Nov-11,1.20,1.33,1.19,1.23,96439
29-Nov-11,1.17,1.20,1.14,1.20,133876
28-Nov-11,1.18,1.18,1.13,1.18,142889
25-Nov-11,1.16,1.18,1.15,1.18,115687
23-Nov-11,1.09,1.09,1.09,1.09,0
22-Nov-11,1.17,1.20,1.13,1.13,144486
21-Nov-11,1.19,1.20,1.11,1.20,206797
18-Nov-11,1.15,1.24,1.15,1.18,196846
17-Nov-11,1.15,1.18,1.07,1.13,194346
16-Nov-11,1.07,1.15,1.03,1.15,172903
15-Nov-11,1.15,1.15,1.03,1.06,233334
14-Nov-11,1.10,1.13,1.06,1.13,218540
11-Nov-11,1.05,1.13,1.05,1.10,287632
10-Nov-11,1.10,1.10,1.01,1.01,115230
9-Nov-11,1.00,1.10,1.00,1.08,144486
8-Nov-11,0.95,1.06,0.94,1.00,65501
7-Nov-11,0.92,0.95,0.92,0.95,8680
4-Nov-11,0.93,0.93,0.93,0.93,0
3-Nov-11,0.92,0.94,0.92,0.93,21446
2-Nov-11,0.95,0.95,0.83,0.94,386454
1-Nov-11,0.88,0.99,0.82,0.97,95919
31-Oct-11,0.88,0.88,0.83,0.83,31076
28-Oct-11,0.80,0.89,0.79,0.89,29196
27-Oct-11,0.75,0.80,0.75,0.80,25251
26-Oct-11,0.75,0.83,0.74,0.74,7532
25-Oct-11,0.75,0.79,0.74,0.74,11200
24-Oct-11,0.80,0.85,0.72,0.79,101531
21-Oct-11,0.79,0.85,0.79,0.85,23006
20-Oct-11,0.79,0.82,0.79,0.79,13200
19-Oct-11,0.80,0.82,0.80,0.82,11649
17-Oct-11,0.80,0.80,0.80,0.80,0
14-Oct-11,0.80,0.82,0.80,0.80,11646
13-Oct-11,0.78,0.80,0.77,0.80,33400
12-Oct-11,0.77,0.82,0.77,0.82,38080
11-Oct-11,0.76,0.80,0.76,0.79,5050
10-Oct-11,0.77,0.79,0.76,0.76,5979
7-Oct-11,0.76,0.80,0.76,0.80,8300
6-Oct-11,0.79,0.80,0.76,0.76,37209
5-Oct-11,0.73,0.79,0.73,0.77,10100
4-Oct-11,0.72,0.75,0.72,0.73,13900
3-Oct-11,0.76,0.80,0.76,0.80,6460
30-Sep-11,0.81,0.81,0.75,0.80,24260
29-Sep-11,0.81,0.82,0.79,0.82,26230
