Date,Open,High,Low,Close,Volume
27-Sep-12,41.60,42.32,41.38,42.27,327480
26-Sep-12,41.72,41.96,41.14,41.49,493663
25-Sep-12,41.34,41.78,41.15,41.65,671856
24-Sep-12,41.36,41.91,41.21,41.23,221445
21-Sep-12,41.86,42.75,41.60,41.60,767349
20-Sep-12,41.34,41.86,41.17,41.69,239500
19-Sep-12,40.66,41.51,40.52,41.44,302816
18-Sep-12,41.44,41.46,40.33,40.57,245453
17-Sep-12,41.78,42.08,41.53,41.54,209936
14-Sep-12,41.49,42.20,41.46,41.93,195279
13-Sep-12,40.91,41.50,40.78,41.36,203941
12-Sep-12,40.78,41.10,40.61,40.97,180084
11-Sep-12,40.43,40.83,40.29,40.55,200191
10-Sep-12,40.91,41.20,40.57,40.57,737486
7-Sep-12,40.84,41.11,40.72,40.75,442063
6-Sep-12,40.73,41.08,40.72,40.80,374360
5-Sep-12,40.40,40.82,40.34,40.57,309203
4-Sep-12,40.15,40.86,40.10,40.40,410424
31-Aug-12,39.77,40.26,39.66,40.07,253554
30-Aug-12,39.81,39.97,39.41,39.69,160113
29-Aug-12,39.95,40.18,39.68,40.00,160072
28-Aug-12,39.95,40.11,39.94,39.95,265318
27-Aug-12,40.34,40.43,39.95,40.03,147581
24-Aug-12,39.98,40.21,39.74,40.06,88991
23-Aug-12,40.28,40.53,39.79,39.97,106126
22-Aug-12,40.06,40.53,40.06,40.37,186106
21-Aug-12,40.00,40.44,39.95,40.18,173629
20-Aug-12,40.00,40.53,40.00,40.17,191781
17-Aug-12,40.30,40.39,40.17,40.21,61773
16-Aug-12,40.03,40.52,40.03,40.39,39675
15-Aug-12,40.25,40.47,39.99,40.04,48938
14-Aug-12,40.52,40.52,40.24,40.26,103798
13-Aug-12,40.50,40.94,40.06,40.34,62017
10-Aug-12,41.09,41.38,40.26,40.47,60676
9-Aug-12,40.71,41.87,40.46,41.20,137342
8-Aug-12,39.93,41.20,39.25,40.23,183396
7-Aug-12,39.05,39.12,38.46,38.64,42342
6-Aug-12,39.12,39.49,38.63,38.92,29707
3-Aug-12,38.57,39.75,38.51,39.17,53293
2-Aug-12,38.47,38.47,37.67,38.17,288760
1-Aug-12,39.11,39.40,38.47,38.65,139912
31-Jul-12,38.87,39.05,38.57,38.99,121066
30-Jul-12,38.94,39.12,38.70,39.00,89105
27-Jul-12,38.78,39.26,38.69,38.94,102163
26-Jul-12,39.37,39.48,38.39,38.74,138525
25-Jul-12,38.63,39.19,38.00,39.10,308940
24-Jul-12,38.58,38.79,38.03,38.48,153540
23-Jul-12,38.34,38.68,37.97,38.58,124705
20-Jul-12,39.40,39.56,38.80,38.80,78747
19-Jul-12,39.69,39.80,39.47,39.54,170147
18-Jul-12,39.66,39.99,39.46,39.62,141508
17-Jul-12,39.82,39.85,39.41,39.71,121180
16-Jul-12,39.65,39.83,39.30,39.69,97446
13-Jul-12,39.79,39.95,39.47,39.84,261328
12-Jul-12,40.24,40.24,39.56,39.65,133552
11-Jul-12,40.35,40.70,40.28,40.57,147653
10-Jul-12,41.12,41.28,40.09,40.39,203333
9-Jul-12,41.43,41.43,40.84,41.04,472169
6-Jul-12,40.95,41.53,40.61,41.45,142658
5-Jul-12,40.35,41.15,40.35,41.13,256515
3-Jul-12,40.12,40.60,39.82,40.60,160982
2-Jul-12,40.33,40.70,39.86,40.08,213533
29-Jun-12,39.92,40.62,39.92,40.24,175237
28-Jun-12,39.11,39.60,38.88,39.33,190945
27-Jun-12,38.80,39.67,38.80,39.35,188707
26-Jun-12,38.90,39.36,38.76,38.92,243472
25-Jun-12,39.00,39.07,38.68,38.94,143268
22-Jun-12,39.39,39.63,39.15,39.25,269180
21-Jun-12,40.05,40.26,38.99,39.29,138400
20-Jun-12,39.33,40.26,39.33,40.00,246015
19-Jun-12,38.65,39.28,38.48,39.07,129822
18-Jun-12,38.14,39.05,37.91,38.75,147620
15-Jun-12,37.79,38.55,37.59,38.40,423674
14-Jun-12,37.04,38.01,36.90,37.74,200076
13-Jun-12,36.72,37.48,36.59,37.08,181909
12-Jun-12,36.17,36.85,35.64,36.71,419967
11-Jun-12,36.48,36.77,36.20,36.28,243544
8-Jun-12,36.25,36.48,36.12,36.23,248364
7-Jun-12,37.09,37.27,36.28,36.33,153154
6-Jun-12,36.37,36.85,36.12,36.80,236228
5-Jun-12,36.29,36.42,35.96,36.13,183319
4-Jun-12,36.50,36.71,36.10,36.45,235885
1-Jun-12,36.60,36.93,36.15,36.50,202325
31-May-12,36.71,37.10,36.42,36.78,432614
30-May-12,36.81,37.04,36.48,36.61,159914
29-May-12,36.64,37.47,36.64,37.10,149051
25-May-12,36.24,36.62,36.16,36.42,108404
24-May-12,36.08,36.58,35.86,36.24,194941
23-May-12,35.95,36.25,35.86,36.07,217610
22-May-12,35.93,36.47,35.93,36.22,122766
21-May-12,35.78,35.95,35.29,35.95,130811
18-May-12,35.90,36.08,35.62,35.84,196500
17-May-12,36.12,36.25,35.76,35.90,373830
16-May-12,36.72,36.91,36.00,36.19,222023
15-May-12,36.62,36.70,36.34,36.59,167645
14-May-12,36.28,36.66,36.01,36.43,304192
11-May-12,36.54,37.08,36.42,36.68,155184
10-May-12,37.30,37.71,36.46,36.65,354225
9-May-12,38.85,38.85,36.60,37.10,701300
8-May-12,38.79,39.46,38.58,39.34,337065
7-May-12,38.56,39.25,38.53,39.10,177865
4-May-12,39.58,39.58,38.43,38.74,295401
3-May-12,39.73,39.77,38.80,39.68,228040
2-May-12,39.51,39.92,39.15,39.66,219796
1-May-12,39.64,39.71,39.20,39.40,334428
30-Apr-12,39.38,39.51,38.64,39.45,192427
27-Apr-12,39.07,39.52,38.97,39.44,280990
26-Apr-12,38.61,39.16,38.60,38.95,189736
25-Apr-12,38.77,38.97,38.53,38.69,220475
24-Apr-12,38.72,39.14,38.41,38.62,150483
23-Apr-12,38.95,39.06,38.19,38.86,153455
20-Apr-12,38.33,39.54,38.33,39.20,152372
19-Apr-12,38.72,38.73,37.93,38.09,136571
18-Apr-12,38.63,38.83,38.43,38.66,211035
17-Apr-12,38.70,39.52,38.70,38.81,178749
16-Apr-12,38.80,39.15,38.41,38.47,93119
13-Apr-12,39.24,39.48,38.65,38.73,87295
12-Apr-12,39.10,39.54,38.85,39.47,168784
11-Apr-12,38.26,39.30,38.26,39.02,259499
10-Apr-12,39.47,39.50,37.89,37.90,233816
9-Apr-12,39.40,39.76,39.17,39.67,183000
5-Apr-12,40.12,40.12,39.72,39.91,385309
4-Apr-12,39.75,40.80,39.57,40.33,273681
3-Apr-12,39.76,40.30,39.76,40.00,311735
2-Apr-12,40.10,40.36,39.58,39.65,246849
30-Mar-12,40.01,40.46,39.89,40.24,296232
29-Mar-12,40.33,41.23,39.80,40.00,686027
28-Mar-12,38.50,41.55,38.50,40.46,1040560
27-Mar-12,38.07,38.56,37.85,37.90,140258
26-Mar-12,37.60,38.19,37.54,38.10,176960
23-Mar-12,37.24,37.75,37.05,37.41,130629
22-Mar-12,37.31,37.46,36.71,37.18,228196
21-Mar-12,37.40,37.89,37.05,37.60,188298
20-Mar-12,37.94,38.08,37.38,37.49,102037
19-Mar-12,37.70,38.31,37.68,38.18,190707
16-Mar-12,37.58,38.00,37.54,37.75,292043
15-Mar-12,37.23,37.58,37.06,37.50,128653
14-Mar-12,37.24,37.44,36.89,37.15,181678
13-Mar-12,37.89,37.94,37.23,37.50,157756
12-Mar-12,37.44,37.91,37.20,37.84,171443
9-Mar-12,36.31,37.46,36.23,37.46,290236
8-Mar-12,36.39,36.51,35.99,36.30,253704
7-Mar-12,36.30,36.49,36.09,36.14,77026
6-Mar-12,36.08,36.22,35.99,36.11,140869
5-Mar-12,36.07,36.55,36.07,36.38,295512
2-Mar-12,36.34,36.45,35.91,36.07,81585
1-Mar-12,35.92,36.44,35.92,36.38,124641
29-Feb-12,35.51,36.30,35.35,35.88,159912
28-Feb-12,36.02,36.10,35.49,35.51,86783
27-Feb-12,36.00,36.18,35.87,35.92,89483
24-Feb-12,36.36,36.61,36.12,36.37,187134
23-Feb-12,35.96,36.45,35.88,36.37,173724
22-Feb-12,36.10,36.37,35.55,35.91,133481
21-Feb-12,36.30,36.49,35.77,36.29,168504
17-Feb-12,36.45,36.55,36.36,36.40,150216
16-Feb-12,36.60,36.60,36.23,36.43,214059
15-Feb-12,36.75,36.87,36.27,36.60,190579
14-Feb-12,36.43,36.81,36.43,36.69,148493
13-Feb-12,36.86,36.95,36.48,36.55,220879
10-Feb-12,36.89,37.24,36.55,36.59,185127
9-Feb-12,38.06,38.26,37.12,37.27,245961
8-Feb-12,37.83,38.15,37.83,37.99,178411
7-Feb-12,38.39,38.39,37.86,37.88,323723
6-Feb-12,38.23,38.57,37.84,38.40,182474
3-Feb-12,38.77,38.99,38.44,38.45,241835
2-Feb-12,38.82,39.26,38.44,38.56,568754
1-Feb-12,37.68,38.84,37.50,38.83,471485
31-Jan-12,37.25,37.71,37.05,37.68,257082
30-Jan-12,37.33,37.33,36.85,37.07,300001
27-Jan-12,36.42,37.44,36.15,37.28,496069
26-Jan-12,35.29,36.77,35.22,36.48,540028
25-Jan-12,34.08,35.15,33.95,35.10,377785
24-Jan-12,33.81,34.17,33.49,34.16,126825
23-Jan-12,33.89,34.15,33.63,34.00,115579
20-Jan-12,33.93,33.99,33.62,33.74,129407
19-Jan-12,34.36,34.69,33.87,34.05,183714
18-Jan-12,34.21,34.74,34.10,34.34,294668
17-Jan-12,33.72,34.25,33.71,34.20,514674
13-Jan-12,33.58,33.58,33.58,33.58,0
12-Jan-12,34.02,34.20,33.66,33.77,284427
11-Jan-12,32.49,34.53,32.39,33.95,406162
10-Jan-12,32.17,32.85,32.14,32.64,132414
9-Jan-12,32.37,32.66,31.83,31.86,208717
6-Jan-12,31.97,32.34,31.66,32.30,291898
5-Jan-12,31.63,32.14,31.32,31.90,300834
4-Jan-12,32.20,32.34,31.71,31.80,360938
3-Jan-12,31.85,32.98,31.85,32.38,331331
30-Dec-11,31.28,31.28,31.28,31.28,0
29-Dec-11,31.55,32.09,31.55,31.94,79323
28-Dec-11,32.31,32.44,31.48,31.51,104482
27-Dec-11,32.13,32.73,32.12,32.43,121263
23-Dec-11,32.34,32.34,32.34,32.34,0
22-Dec-11,32.59,32.60,32.25,32.38,185247
21-Dec-11,32.03,32.51,31.87,32.50,182307
20-Dec-11,32.17,32.50,31.85,32.18,184857
19-Dec-11,31.71,32.24,31.67,31.84,412974
16-Dec-11,31.29,31.72,31.25,31.62,1272735
15-Dec-11,31.24,31.37,30.49,31.05,376555
14-Dec-11,30.18,31.07,30.02,30.96,242269
13-Dec-11,30.27,30.81,30.27,30.40,285078
12-Dec-11,30.50,30.64,29.76,30.12,237632
9-Dec-11,30.57,31.10,30.50,30.83,160947
8-Dec-11,31.25,31.56,30.31,30.52,274170
7-Dec-11,31.05,31.63,30.27,31.52,379504
6-Dec-11,31.43,31.77,31.23,31.30,307611
5-Dec-11,31.53,31.75,31.19,31.35,424738
2-Dec-11,32.00,32.00,31.16,31.20,375192
1-Dec-11,31.61,31.95,31.37,31.70,326020
30-Nov-11,31.59,31.92,31.25,31.75,436466
29-Nov-11,30.78,31.18,30.53,31.00,299009
28-Nov-11,30.21,30.89,29.85,30.63,367006
25-Nov-11,29.20,29.72,29.20,29.45,88301
23-Nov-11,29.30,29.30,29.30,29.30,0
22-Nov-11,29.87,29.87,29.17,29.60,430774
21-Nov-11,30.49,30.71,29.17,29.94,227324
18-Nov-11,30.40,31.03,30.33,30.80,217609
17-Nov-11,30.89,31.01,29.62,30.26,165899
16-Nov-11,31.43,31.54,30.91,31.02,154678
15-Nov-11,30.21,31.84,30.21,31.66,318167
14-Nov-11,30.27,30.83,30.22,30.34,373743
11-Nov-11,31.15,31.43,30.18,30.54,766267
10-Nov-11,29.87,32.60,29.87,31.00,744395
9-Nov-11,29.44,29.82,28.66,29.17,500569
8-Nov-11,29.70,30.26,29.53,30.10,264883
7-Nov-11,29.81,29.87,29.01,29.60,237789
4-Nov-11,29.57,29.86,28.86,29.76,127538
3-Nov-11,29.21,29.85,29.08,29.78,100467
2-Nov-11,28.68,29.00,27.97,28.96,281500
1-Nov-11,28.91,29.24,27.74,28.45,582086
31-Oct-11,29.16,30.10,28.67,29.50,335862
28-Oct-11,29.25,29.93,29.14,29.42,191097
27-Oct-11,29.81,29.82,28.82,29.60,482070
26-Oct-11,29.07,29.65,28.37,28.72,493594
25-Oct-11,28.62,29.12,28.35,28.94,434249
24-Oct-11,27.63,28.77,27.52,28.73,365526
21-Oct-11,27.01,27.79,26.76,27.54,475907
20-Oct-11,26.43,26.89,25.77,26.79,327418
19-Oct-11,26.39,26.72,26.28,26.36,280618
18-Oct-11,26.41,26.89,26.03,26.47,448312
17-Oct-11,26.50,26.83,26.33,26.50,614214
14-Oct-11,25.91,26.57,25.88,26.52,169817
13-Oct-11,25.26,25.69,25.06,25.62,203971
12-Oct-11,25.46,25.71,24.99,25.39,372431
11-Oct-11,24.30,25.44,24.30,25.24,184595
10-Oct-11,24.26,24.63,23.95,24.41,183093
7-Oct-11,23.67,24.39,23.48,23.85,410606
6-Oct-11,22.85,23.87,22.82,23.68,447202
5-Oct-11,23.33,23.47,22.80,22.85,331155
4-Oct-11,23.26,23.38,22.62,23.28,398727
3-Oct-11,24.15,24.26,23.19,23.46,412695
30-Sep-11,24.14,25.21,23.71,24.33,485460
