Date,Open,High,Low,Close,Volume
27-Sep-12,11.63,11.68,11.59,11.62,157499
26-Sep-12,11.61,11.65,11.58,11.63,101511
25-Sep-12,11.55,11.61,11.53,11.61,96012
24-Sep-12,11.49,11.53,11.40,11.52,107213
21-Sep-12,11.43,11.53,11.40,11.49,217797
20-Sep-12,11.38,11.45,11.34,11.39,148663
19-Sep-12,11.36,11.37,11.28,11.34,117009
18-Sep-12,11.27,11.32,11.26,11.31,99175
17-Sep-12,11.31,11.38,11.21,11.30,93936
14-Sep-12,11.47,11.55,11.31,11.33,118810
13-Sep-12,11.50,11.59,11.39,11.50,99097
12-Sep-12,11.39,11.46,11.32,11.39,112700
11-Sep-12,11.39,11.43,11.32,11.35,79019
10-Sep-12,11.52,11.66,11.38,11.39,89542
7-Sep-12,11.46,11.53,11.39,11.50,97450
6-Sep-12,11.50,11.50,11.41,11.46,88274
5-Sep-12,11.65,11.71,11.40,11.50,141968
4-Sep-12,11.61,11.77,11.56,11.66,155299
31-Aug-12,11.54,11.61,11.54,11.58,94458
30-Aug-12,11.52,11.53,11.44,11.51,85442
29-Aug-12,11.45,11.51,11.44,11.51,161561
28-Aug-12,11.40,11.46,11.36,11.46,170515
27-Aug-12,11.28,11.41,11.28,11.38,121116
24-Aug-12,11.35,11.40,11.27,11.34,93405
23-Aug-12,11.24,11.46,11.22,11.29,108869
22-Aug-12,11.01,11.25,10.98,11.24,131345
21-Aug-12,11.15,11.16,11.03,11.05,156969
20-Aug-12,11.17,11.17,11.13,11.15,82415
17-Aug-12,11.16,11.16,11.13,11.15,19887
16-Aug-12,11.18,11.18,11.11,11.16,30588
15-Aug-12,11.22,11.22,11.16,11.18,39893
14-Aug-12,11.31,11.31,11.22,11.22,21691
13-Aug-12,11.31,11.31,11.22,11.25,17744
10-Aug-12,11.33,11.36,11.30,11.32,20937
9-Aug-12,11.30,11.33,11.24,11.33,17264
8-Aug-12,11.38,11.38,11.33,11.34,21633
7-Aug-12,11.40,11.40,11.32,11.36,54061
6-Aug-12,11.44,11.44,11.27,11.31,23724
3-Aug-12,11.44,11.44,11.32,11.34,24903
2-Aug-12,11.40,11.42,11.33,11.35,52031
1-Aug-12,11.41,11.43,11.36,11.39,73539
31-Jul-12,11.41,11.41,11.35,11.41,78329
30-Jul-12,11.38,11.38,11.24,11.33,83570
27-Jul-12,11.39,11.40,11.34,11.35,78175
26-Jul-12,11.39,11.39,11.35,11.38,59775
25-Jul-12,11.39,11.39,11.34,11.38,91803
24-Jul-12,11.36,11.39,11.33,11.39,94980
23-Jul-12,11.25,11.37,11.23,11.34,105760
20-Jul-12,11.20,11.25,11.18,11.25,58493
19-Jul-12,11.18,11.23,11.18,11.19,78542
18-Jul-12,11.17,11.21,11.14,11.21,76533
17-Jul-12,11.14,11.16,11.13,11.15,87469
16-Jul-12,11.13,11.15,11.12,11.15,69321
13-Jul-12,11.07,11.12,11.03,11.12,60010
12-Jul-12,11.01,11.06,11.01,11.04,72549
11-Jul-12,11.09,11.10,11.06,11.06,70278
10-Jul-12,11.06,11.09,11.05,11.09,74070
9-Jul-12,11.01,11.06,10.99,11.06,56240
6-Jul-12,10.91,11.01,10.91,11.01,71599
5-Jul-12,10.95,11.00,10.93,10.96,59552
3-Jul-12,10.92,10.98,10.91,10.98,71033
2-Jul-12,10.92,10.94,10.90,10.93,77510
29-Jun-12,10.90,10.93,10.89,10.91,90693
28-Jun-12,10.86,10.92,10.86,10.91,98072
27-Jun-12,10.89,10.91,10.88,10.91,149523
26-Jun-12,10.90,10.90,10.88,10.89,83220
25-Jun-12,10.80,10.90,10.80,10.88,105977
22-Jun-12,10.87,10.89,10.86,10.89,99758
21-Jun-12,10.86,10.87,10.84,10.87,95464
20-Jun-12,10.79,10.86,10.79,10.86,87540
19-Jun-12,10.77,10.80,10.73,10.80,48944
18-Jun-12,10.72,10.76,10.69,10.76,58597
15-Jun-12,10.71,10.77,10.70,10.77,48015
14-Jun-12,10.72,10.76,10.68,10.74,44847
13-Jun-12,10.76,10.76,10.68,10.72,51955
12-Jun-12,10.72,10.77,10.70,10.77,82355
11-Jun-12,10.71,10.73,10.69,10.71,64308
8-Jun-12,10.71,10.73,10.65,10.73,55430
7-Jun-12,10.70,10.71,10.68,10.71,43095
6-Jun-12,10.70,10.71,10.65,10.66,64532
5-Jun-12,10.70,10.72,10.66,10.68,40550
4-Jun-12,10.75,10.77,10.67,10.67,82152
1-Jun-12,10.70,10.77,10.67,10.77,112450
31-May-12,10.72,10.74,10.70,10.74,106604
30-May-12,10.69,10.73,10.68,10.72,71897
29-May-12,10.71,10.72,10.67,10.72,70935
25-May-12,10.72,10.73,10.66,10.73,60888
24-May-12,10.70,10.74,10.69,10.74,83468
23-May-12,10.67,10.72,10.65,10.71,76125
22-May-12,10.61,10.68,10.60,10.67,53528
21-May-12,10.61,10.69,10.59,10.66,30709
18-May-12,10.57,10.68,10.55,10.65,59692
17-May-12,10.71,10.73,10.58,10.62,69994
16-May-12,10.71,10.74,10.70,10.74,119314
15-May-12,10.69,10.71,10.66,10.71,53470
14-May-12,10.67,10.71,10.67,10.70,48582
11-May-12,10.68,10.74,10.67,10.74,68661
10-May-12,10.75,10.75,10.70,10.73,45323
9-May-12,10.73,10.76,10.66,10.72,51722
8-May-12,10.71,10.75,10.66,10.73,55677
7-May-12,10.70,10.74,10.63,10.73,62549
4-May-12,10.72,10.74,10.63,10.66,57730
3-May-12,10.75,10.81,10.70,10.75,70360
2-May-12,10.76,10.79,10.75,10.79,72936
1-May-12,10.65,10.77,10.65,10.77,84115
30-Apr-12,10.70,10.71,10.63,10.68,66848
27-Apr-12,10.68,10.72,10.66,10.68,70842
26-Apr-12,10.72,10.75,10.71,10.72,49441
25-Apr-12,10.76,10.76,10.71,10.73,82721
24-Apr-12,10.75,10.76,10.67,10.76,82390
23-Apr-12,10.65,10.75,10.64,10.75,49316
20-Apr-12,10.67,10.74,10.60,10.74,76651
19-Apr-12,10.67,10.67,10.60,10.63,64565
18-Apr-12,10.66,10.68,10.58,10.65,68731
17-Apr-12,10.73,10.73,10.65,10.67,48428
16-Apr-12,10.62,10.69,10.61,10.69,68837
13-Apr-12,10.61,10.61,10.54,10.61,40612
12-Apr-12,10.59,10.61,10.53,10.56,75155
11-Apr-12,10.58,10.63,10.48,10.61,47706
10-Apr-12,10.43,10.55,10.43,10.54,41273
9-Apr-12,10.45,10.47,10.39,10.47,77076
5-Apr-12,10.42,10.46,10.34,10.38,59956
4-Apr-12,10.39,10.47,10.34,10.39,73400
3-Apr-12,10.53,10.57,10.45,10.45,53075
2-Apr-12,10.44,10.59,10.44,10.59,65796
30-Mar-12,10.59,10.62,10.47,10.48,102066
29-Mar-12,10.55,10.62,10.53,10.62,133181
28-Mar-12,10.59,10.60,10.53,10.60,90103
27-Mar-12,10.51,10.55,10.43,10.55,96917
26-Mar-12,10.52,10.52,10.39,10.47,101150
23-Mar-12,10.45,10.45,10.37,10.44,64692
22-Mar-12,10.19,10.52,10.19,10.40,130245
21-Mar-12,10.26,10.27,10.15,10.26,97268
20-Mar-12,10.27,10.27,10.19,10.21,83726
19-Mar-12,10.20,10.27,10.19,10.27,75591
16-Mar-12,10.37,10.37,10.21,10.25,103741
15-Mar-12,10.43,10.48,10.33,10.41,119203
14-Mar-12,10.70,10.70,10.45,10.49,105465
13-Mar-12,10.72,10.72,10.68,10.70,81248
12-Mar-12,10.68,10.73,10.66,10.73,85277
9-Mar-12,10.73,10.74,10.70,10.71,81580
8-Mar-12,10.74,10.75,10.65,10.75,88544
7-Mar-12,10.68,10.75,10.65,10.74,84717
6-Mar-12,10.69,10.72,10.61,10.62,66408
5-Mar-12,10.70,10.74,10.70,10.74,60796
2-Mar-12,10.67,10.75,10.67,10.71,113758
1-Mar-12,10.77,10.80,10.71,10.75,92576
29-Feb-12,10.81,10.81,10.73,10.78,75227
28-Feb-12,10.72,10.77,10.72,10.76,72710
27-Feb-12,10.66,10.72,10.65,10.72,53773
24-Feb-12,10.63,10.68,10.63,10.65,61004
23-Feb-12,10.63,10.68,10.62,10.64,72348
22-Feb-12,10.64,10.64,10.58,10.63,77930
21-Feb-12,10.63,10.67,10.60,10.64,87209
17-Feb-12,10.65,10.67,10.64,10.67,55885
16-Feb-12,10.64,10.66,10.63,10.65,61338
15-Feb-12,10.55,10.65,10.55,10.65,72780
14-Feb-12,10.57,10.58,10.54,10.57,53037
13-Feb-12,10.53,10.59,10.48,10.57,77825
10-Feb-12,10.46,10.53,10.45,10.53,77953
9-Feb-12,10.54,10.54,10.48,10.52,59978
8-Feb-12,10.58,10.58,10.48,10.53,51654
7-Feb-12,10.50,10.60,10.50,10.60,57773
6-Feb-12,10.57,10.57,10.50,10.51,61119
3-Feb-12,10.60,10.60,10.53,10.54,99335
2-Feb-12,10.61,10.64,10.53,10.61,98243
1-Feb-12,10.60,10.64,10.49,10.62,92702
31-Jan-12,10.55,10.63,10.55,10.60,59586
30-Jan-12,10.58,10.59,10.54,10.57,57311
27-Jan-12,10.50,10.60,10.50,10.59,66660
26-Jan-12,10.45,10.50,10.42,10.50,66069
25-Jan-12,10.46,10.46,10.35,10.45,176409
24-Jan-12,10.44,10.46,10.40,10.46,68813
23-Jan-12,10.39,10.44,10.37,10.44,68991
20-Jan-12,10.42,10.44,10.40,10.42,77606
19-Jan-12,10.44,10.47,10.36,10.39,61132
18-Jan-12,10.31,10.50,10.31,10.50,106916
17-Jan-12,10.34,10.39,10.28,10.32,75704
13-Jan-12,10.38,10.38,10.38,10.38,0
12-Jan-12,10.35,10.39,10.33,10.39,57385
11-Jan-12,10.26,10.35,10.26,10.35,54394
10-Jan-12,10.35,10.35,10.26,10.31,60087
9-Jan-12,10.25,10.29,10.23,10.27,41534
6-Jan-12,10.22,10.28,10.19,10.19,54599
5-Jan-12,10.25,10.29,10.21,10.24,44378
4-Jan-12,10.25,10.33,10.25,10.28,65284
3-Jan-12,10.27,10.34,10.27,10.32,54313
30-Dec-11,10.22,10.22,10.22,10.22,0
29-Dec-11,10.20,10.27,10.20,10.26,60117
28-Dec-11,10.20,10.25,10.19,10.25,118059
27-Dec-11,10.30,10.30,10.21,10.21,55722
23-Dec-11,10.27,10.27,10.27,10.27,0
22-Dec-11,10.27,10.28,10.25,10.28,48689
21-Dec-11,10.35,10.36,10.23,10.23,88417
20-Dec-11,10.34,10.35,10.30,10.34,60636
19-Dec-11,10.34,10.36,10.25,10.28,39074
16-Dec-11,10.23,10.33,10.22,10.29,68958
15-Dec-11,10.26,10.28,10.20,10.21,72294
14-Dec-11,10.22,10.29,10.22,10.28,38661
13-Dec-11,10.23,10.29,10.23,10.25,44179
12-Dec-11,10.34,10.34,10.25,10.27,42648
9-Dec-11,10.31,10.39,10.31,10.37,46627
8-Dec-11,10.20,10.32,10.20,10.32,53377
7-Dec-11,10.30,10.31,10.25,10.26,34672
6-Dec-11,10.23,10.29,10.22,10.25,43185
5-Dec-11,10.16,10.27,10.16,10.27,42014
2-Dec-11,10.14,10.18,10.07,10.13,76711
1-Dec-11,10.17,10.18,10.11,10.18,97789
30-Nov-11,10.15,10.19,10.11,10.17,83237
29-Nov-11,10.11,10.16,10.06,10.12,96191
28-Nov-11,10.19,10.23,10.05,10.08,96378
25-Nov-11,10.15,10.20,10.13,10.18,46198
23-Nov-11,10.15,10.15,10.15,10.15,0
22-Nov-11,10.18,10.24,10.15,10.15,104979
21-Nov-11,10.09,10.20,10.09,10.18,57536
18-Nov-11,10.20,10.23,10.14,10.16,87945
17-Nov-11,10.21,10.21,10.16,10.21,124495
16-Nov-11,10.24,10.24,10.17,10.19,119223
15-Nov-11,10.24,10.26,10.15,10.24,197418
14-Nov-11,10.06,10.21,10.05,10.20,118334
11-Nov-11,10.07,10.09,10.06,10.07,97122
10-Nov-11,10.12,10.12,10.04,10.07,81052
9-Nov-11,10.07,10.13,10.07,10.13,61443
8-Nov-11,10.15,10.15,10.06,10.07,61272
7-Nov-11,10.13,10.14,10.10,10.12,62079
4-Nov-11,10.10,10.10,10.04,10.08,49869
3-Nov-11,10.16,10.17,10.05,10.05,77930
2-Nov-11,10.10,10.15,10.05,10.15,63567
1-Nov-11,10.00,10.09,10.00,10.04,69441
31-Oct-11,9.99,10.03,9.96,10.00,96631
28-Oct-11,9.94,10.01,9.93,9.95,65783
27-Oct-11,9.98,10.01,9.91,9.98,90544
26-Oct-11,9.93,9.98,9.92,9.98,66764
25-Oct-11,9.84,9.91,9.84,9.91,46606
24-Oct-11,9.83,9.88,9.80,9.84,47615
21-Oct-11,9.85,9.85,9.79,9.83,40146
20-Oct-11,9.76,9.84,9.75,9.78,51550
19-Oct-11,9.81,9.84,9.71,9.72,52600
18-Oct-11,9.70,9.81,9.70,9.75,38527
17-Oct-11,9.83,9.83,9.70,9.72,41867
14-Oct-11,9.78,9.78,9.66,9.76,88252
13-Oct-11,9.77,9.77,9.70,9.70,28105
12-Oct-11,9.79,9.79,9.72,9.78,42797
11-Oct-11,9.74,9.80,9.74,9.80,45508
10-Oct-11,9.70,9.79,9.69,9.79,101192
7-Oct-11,9.73,9.74,9.67,9.70,58689
6-Oct-11,9.77,9.81,9.66,9.71,82350
5-Oct-11,9.75,9.83,9.73,9.82,72125
4-Oct-11,9.83,9.94,9.75,9.76,144769
3-Oct-11,9.82,9.92,9.82,9.91,71144
30-Sep-11,9.88,9.93,9.81,9.81,62519
