Date,Open,High,Low,Close,Volume
27-Sep-12,19.11,19.30,18.96,19.30,1600
26-Sep-12,19.25,19.59,18.39,18.67,5244
25-Sep-12,20.10,20.76,19.29,19.29,9439
24-Sep-12,20.65,20.65,20.40,20.59,9700
21-Sep-12,20.90,20.90,20.66,20.66,7749
20-Sep-12,20.85,20.85,20.85,20.85,500
19-Sep-12,20.30,20.89,19.59,20.65,6750
18-Sep-12,20.75,20.75,19.75,19.90,24906
17-Sep-12,21.13,21.13,20.36,20.36,900
14-Sep-12,20.40,21.23,20.40,20.83,13619
13-Sep-12,19.55,20.52,19.20,20.15,25431
12-Sep-12,19.38,19.96,18.66,19.66,9475
11-Sep-12,17.89,19.27,17.88,19.25,24733
10-Sep-12,17.38,17.80,17.34,17.68,3300
7-Sep-12,17.12,17.48,17.02,17.48,31222
6-Sep-12,17.89,17.89,16.71,17.08,6900
5-Sep-12,17.20,17.45,17.20,17.28,3700
4-Sep-12,16.25,17.24,16.25,17.10,7705
31-Aug-12,15.48,16.05,15.48,16.00,7100
30-Aug-12,14.96,15.22,14.96,15.22,1080
29-Aug-12,14.96,14.96,14.96,14.96,400
28-Aug-12,14.63,14.97,14.55,14.97,4270
27-Aug-12,14.86,15.00,14.86,15.00,200
24-Aug-12,15.08,15.08,15.08,15.08,100
23-Aug-12,14.88,14.88,14.84,14.84,700
22-Aug-12,15.38,15.38,15.38,15.38,0
21-Aug-12,15.36,15.38,15.36,15.38,400
20-Aug-12,15.54,15.55,15.10,15.10,2700
17-Aug-12,0.00,15.56,15.56,15.56,0
16-Aug-12,14.75,14.75,14.75,14.75,0
15-Aug-12,0.00,14.75,14.75,14.75,0
14-Aug-12,14.71,14.71,14.71,14.71,0
13-Aug-12,14.94,14.94,14.71,14.71,100
10-Aug-12,0.00,14.98,14.98,14.98,0
9-Aug-12,15.15,15.76,15.15,15.74,500
8-Aug-12,0.00,14.93,14.93,14.93,0
7-Aug-12,0.00,14.80,14.80,14.80,0
6-Aug-12,14.49,14.49,14.49,14.49,2485
3-Aug-12,14.27,14.27,13.95,13.95,300
2-Aug-12,13.76,14.18,13.76,14.02,6100
1-Aug-12,13.80,13.94,13.70,13.94,700
31-Jul-12,14.20,14.20,13.89,14.04,1300
30-Jul-12,14.60,14.72,14.50,14.59,1450
27-Jul-12,14.26,14.73,14.26,14.73,400
26-Jul-12,14.02,14.02,14.02,14.02,0
25-Jul-12,14.40,14.43,13.96,14.02,4100
24-Jul-12,14.90,15.09,13.97,13.97,6400
23-Jul-12,14.91,14.91,14.91,14.91,100
20-Jul-12,14.52,15.51,14.50,15.50,3400
19-Jul-12,15.46,15.46,14.72,14.77,6700
18-Jul-12,15.88,15.88,15.60,15.60,4390
17-Jul-12,16.08,16.10,16.08,16.10,1100
16-Jul-12,15.90,15.90,15.90,15.90,100
13-Jul-12,15.11,15.81,15.11,15.81,1200
12-Jul-12,14.63,14.82,14.60,14.82,800
11-Jul-12,15.20,15.39,14.77,15.05,6359
10-Jul-12,16.65,16.65,15.00,15.00,2690
9-Jul-12,16.08,16.34,15.94,16.33,1250
6-Jul-12,15.91,16.14,15.91,16.14,500
5-Jul-12,15.91,16.16,15.91,16.16,200
3-Jul-12,15.41,15.82,15.41,15.65,1100
2-Jul-12,16.00,16.00,15.46,15.50,1900
29-Jun-12,15.90,16.25,15.90,16.25,15040
28-Jun-12,15.69,15.69,15.54,15.54,500
27-Jun-12,15.03,15.97,15.03,15.77,10962
26-Jun-12,14.97,15.00,14.78,14.78,5476
25-Jun-12,14.80,15.04,14.63,14.73,4380
22-Jun-12,14.08,14.81,14.08,14.80,12864
21-Jun-12,14.44,14.44,13.65,13.86,2605
20-Jun-12,14.93,15.00,14.66,14.66,5241
19-Jun-12,15.12,15.71,14.43,14.43,13020
18-Jun-12,14.35,15.10,14.35,14.82,3850
15-Jun-12,13.76,14.30,13.76,14.15,1100
14-Jun-12,13.50,13.55,13.30,13.55,2000
13-Jun-12,12.94,13.44,9.56,13.30,6070
12-Jun-12,12.74,12.74,12.74,12.74,0
11-Jun-12,12.98,12.98,12.72,12.74,1400
8-Jun-12,12.05,13.23,12.05,13.19,13220
7-Jun-12,12.03,12.19,11.77,12.19,2200
6-Jun-12,10.73,12.07,10.73,12.07,5212
5-Jun-12,10.02,10.40,10.02,10.40,1191
4-Jun-12,11.02,11.02,10.04,10.04,1400
1-Jun-12,11.20,11.22,11.16,11.22,2150
31-May-12,10.94,10.94,10.94,10.94,0
30-May-12,11.56,11.56,10.94,10.94,2130
29-May-12,12.00,12.00,11.75,11.75,450
25-May-12,11.01,11.17,11.00,11.17,600
24-May-12,10.81,10.82,10.81,10.82,1300
23-May-12,10.82,10.82,10.82,10.82,100
22-May-12,10.99,11.18,10.94,10.98,1200
21-May-12,10.86,11.02,10.86,11.02,400
18-May-12,10.96,10.96,10.64,10.64,425
17-May-12,11.29,11.29,11.08,11.08,200
16-May-12,11.47,11.67,11.47,11.65,2750
15-May-12,10.98,11.35,10.98,11.35,9659
14-May-12,11.13,11.16,10.76,10.77,7400
11-May-12,11.32,11.50,11.32,11.48,1750
10-May-12,11.50,11.73,11.37,11.37,2650
9-May-12,11.61,11.93,11.36,11.93,7658
8-May-12,11.80,11.81,11.55,11.59,5200
7-May-12,11.54,11.62,11.35,11.62,2160
4-May-12,11.57,11.57,11.16,11.39,12936
3-May-12,12.08,12.08,11.58,11.74,11300
2-May-12,12.48,12.48,12.25,12.25,4350
1-May-12,12.72,12.72,12.03,12.48,4627
30-Apr-12,12.64,12.83,12.63,12.83,3850
27-Apr-12,12.43,12.44,12.39,12.44,9520
26-Apr-12,11.82,12.42,11.82,12.20,9474
25-Apr-12,11.63,11.63,11.60,11.60,400
24-Apr-12,11.57,11.58,11.20,11.41,5900
23-Apr-12,11.69,11.69,11.47,11.49,1574
20-Apr-12,11.90,11.90,11.90,11.90,300
19-Apr-12,11.80,11.80,11.66,11.66,1600
18-Apr-12,12.00,12.00,11.80,11.90,800
17-Apr-12,12.00,12.10,12.00,12.10,1300
16-Apr-12,12.25,12.25,12.23,12.23,300
13-Apr-12,12.12,12.12,12.09,12.09,500
12-Apr-12,12.49,12.49,12.49,12.49,100
11-Apr-12,12.34,12.34,12.34,12.34,100
10-Apr-12,12.44,12.44,12.11,12.13,300
9-Apr-12,12.10,12.31,11.85,12.27,6700
5-Apr-12,12.15,12.24,12.14,12.14,3200
4-Apr-12,12.87,12.87,12.09,12.09,9120
3-Apr-12,13.29,13.29,13.00,13.00,2350
2-Apr-12,13.45,13.45,13.45,13.45,100
30-Mar-12,13.15,13.42,13.15,13.40,850
29-Mar-12,13.90,13.98,12.82,13.41,8254
28-Mar-12,13.86,14.04,13.82,13.82,2800
27-Mar-12,13.81,14.05,13.81,14.00,1450
26-Mar-12,14.28,14.32,13.66,13.85,5259
23-Mar-12,14.25,14.35,14.25,14.35,945
22-Mar-12,14.61,14.61,14.53,14.53,400
21-Mar-12,14.90,14.96,14.85,14.85,2350
20-Mar-12,15.58,15.58,14.22,14.50,4870
19-Mar-12,15.10,15.51,15.10,15.51,1600
16-Mar-12,15.65,15.65,14.49,14.97,4100
15-Mar-12,15.25,15.82,15.01,15.82,3900
14-Mar-12,15.16,15.36,14.16,15.08,15100
13-Mar-12,14.77,14.78,14.77,14.77,1300
12-Mar-12,15.00,15.18,14.98,15.18,400
9-Mar-12,15.45,15.45,15.04,15.20,9945
8-Mar-12,13.31,14.65,13.31,14.65,2215
7-Mar-12,12.72,13.20,12.72,13.00,3178
6-Mar-12,13.33,13.34,12.52,12.52,7818
5-Mar-12,13.75,14.00,13.53,13.53,2000
2-Mar-12,14.36,14.56,13.55,13.90,10305
1-Mar-12,14.87,14.87,14.41,14.41,3920
29-Feb-12,14.33,14.94,14.33,14.94,1287
28-Feb-12,15.13,15.39,14.20,14.21,9534
27-Feb-12,14.30,14.93,14.30,14.93,1300
24-Feb-12,14.82,14.99,14.49,14.57,1100
23-Feb-12,14.30,14.95,14.30,14.63,6400
22-Feb-12,14.84,14.87,14.41,14.60,2180
21-Feb-12,15.34,15.34,14.70,15.00,8900
17-Feb-12,15.41,15.41,15.00,15.00,900
16-Feb-12,15.40,15.49,14.95,14.95,2420
15-Feb-12,15.10,15.64,14.93,15.32,39589
14-Feb-12,15.58,15.58,13.73,14.90,12530
13-Feb-12,15.40,15.74,15.40,15.68,2325
10-Feb-12,15.93,15.94,15.26,15.40,6020
9-Feb-12,16.39,17.00,16.39,16.75,64560
8-Feb-12,15.50,16.33,13.42,16.19,27531
7-Feb-12,15.07,15.50,15.07,15.47,15251
6-Feb-12,14.57,15.44,14.57,15.02,19541
3-Feb-12,14.12,14.65,14.02,14.53,15477
2-Feb-12,13.44,13.94,13.44,13.87,21243
1-Feb-12,13.30,13.30,13.30,13.30,500
31-Jan-12,13.22,13.44,12.88,13.27,4225
30-Jan-12,13.83,13.83,13.17,13.17,1450
27-Jan-12,14.23,14.40,13.83,14.13,4315
26-Jan-12,13.83,14.92,13.70,14.23,20894
25-Jan-12,12.76,13.63,12.76,13.63,3550
24-Jan-12,12.40,12.80,11.90,12.80,5150
23-Jan-12,12.81,12.81,12.60,12.80,3500
20-Jan-12,12.75,13.04,12.08,12.90,7300
19-Jan-12,12.86,13.20,12.86,12.87,26420
18-Jan-12,11.60,12.84,11.60,12.81,3925
17-Jan-12,12.44,12.85,11.80,11.80,3728
13-Jan-12,12.56,12.56,12.56,12.56,0
12-Jan-12,13.11,13.70,12.45,12.45,12790
11-Jan-12,11.67,12.98,11.67,12.98,17002
10-Jan-12,10.88,11.66,10.87,11.44,10784
9-Jan-12,10.50,10.91,10.15,10.77,45230
6-Jan-12,8.88,10.55,8.88,9.83,67444
5-Jan-12,8.69,8.70,8.60,8.70,10739
4-Jan-12,8.30,8.60,8.30,8.60,4200
3-Jan-12,7.82,8.52,7.82,8.50,17400
30-Dec-11,7.65,7.65,7.65,7.65,0
29-Dec-11,6.88,7.28,6.88,7.28,800
28-Dec-11,7.10,7.10,7.10,7.10,127
27-Dec-11,7.08,7.08,7.08,7.08,0
23-Dec-11,7.50,7.50,7.50,7.50,0
20-Dec-11,7.23,7.89,7.23,7.89,1800
15-Dec-11,7.49,7.72,7.47,7.71,1900
12-Dec-11,8.27,8.55,8.27,8.55,1800
8-Dec-11,8.25,8.25,8.08,8.08,200
7-Dec-11,8.30,8.30,8.30,8.30,30000
6-Dec-11,8.25,8.25,8.25,8.25,0
5-Dec-11,7.97,8.10,7.66,7.66,2700
2-Dec-11,7.62,7.80,7.34,7.34,2200
1-Dec-11,7.16,8.04,7.00,7.45,10600
30-Nov-11,6.81,7.52,6.76,7.13,15238
29-Nov-11,7.00,7.30,6.57,6.65,4600
28-Nov-11,6.98,7.30,6.98,7.07,1700
23-Nov-11,6.79,6.79,6.79,6.79,0
22-Nov-11,6.87,7.19,6.21,6.90,1312
21-Nov-11,6.95,7.06,6.95,7.06,1089
17-Nov-11,7.22,7.22,7.22,7.22,0
16-Nov-11,7.38,7.38,7.18,7.18,300
15-Nov-11,7.20,7.20,7.19,7.20,605
14-Nov-11,7.60,7.60,6.87,7.00,8300
11-Nov-11,7.84,7.87,7.70,7.70,5200
10-Nov-11,7.54,7.69,7.48,7.67,4100
9-Nov-11,7.50,7.64,7.48,7.50,6997
8-Nov-11,7.89,8.27,7.89,8.19,14625
7-Nov-11,7.91,7.91,7.80,7.90,5775
4-Nov-11,8.00,8.00,7.87,7.91,2998
3-Nov-11,8.01,8.01,7.53,7.87,5224
2-Nov-11,7.92,8.17,7.92,8.17,2600
1-Nov-11,7.92,7.92,7.72,7.78,2000
31-Oct-11,8.00,8.25,7.85,8.25,10395
28-Oct-11,8.09,8.30,7.72,8.30,5081
27-Oct-11,7.85,8.15,7.55,7.75,67322
26-Oct-11,7.50,7.67,7.13,7.50,34250
25-Oct-11,7.33,7.51,7.15,7.51,1237
24-Oct-11,7.51,7.81,7.50,7.51,157855
21-Oct-11,7.40,7.58,7.40,7.58,1850
20-Oct-11,7.17,7.33,7.02,7.23,6442
19-Oct-11,7.40,8.15,7.00,7.00,13600
18-Oct-11,6.88,7.25,6.88,7.25,6200
17-Oct-11,7.10,7.10,6.82,6.91,4000
14-Oct-11,7.30,7.30,7.08,7.08,500
13-Oct-11,7.05,7.41,7.05,7.21,3050
12-Oct-11,6.41,7.20,6.41,6.90,14246
10-Oct-11,6.12,6.12,6.12,6.12,0
7-Oct-11,6.51,6.51,5.99,6.00,24800
6-Oct-11,6.90,6.90,6.90,6.90,1000
5-Oct-11,6.85,6.85,6.85,6.85,0
4-Oct-11,6.55,6.55,6.40,6.46,600
3-Oct-11,7.27,7.43,6.65,6.70,2900
30-Sep-11,7.30,7.75,7.27,7.39,7800
