Date,Open,High,Low,Close,Volume
27-Sep-12,1.61,1.61,1.61,1.61,100
26-Sep-12,1.68,1.68,1.56,1.58,3675
25-Sep-12,1.59,1.80,1.58,1.68,21690
24-Sep-12,1.65,1.68,1.58,1.58,1343
21-Sep-12,1.58,1.59,1.58,1.59,5253
20-Sep-12,1.69,1.69,1.60,1.60,3530
19-Sep-12,1.73,1.73,1.62,1.63,810
18-Sep-12,1.73,1.76,1.73,1.75,2934
17-Sep-12,1.68,1.77,1.68,1.75,1920
14-Sep-12,1.64,1.68,1.64,1.68,5127
13-Sep-12,1.60,1.77,1.60,1.68,2525
12-Sep-12,1.66,1.66,1.58,1.58,1561
11-Sep-12,1.61,1.68,1.61,1.68,2606
10-Sep-12,1.62,1.66,1.60,1.61,2600
7-Sep-12,1.66,1.70,1.53,1.68,16796
6-Sep-12,1.64,1.65,1.64,1.65,8159
5-Sep-12,1.60,1.85,1.60,1.65,2322
4-Sep-12,1.80,1.80,1.50,1.70,25488
31-Aug-12,1.86,1.86,1.70,1.81,3182
30-Aug-12,1.79,1.79,1.75,1.75,6795
29-Aug-12,1.88,1.88,1.76,1.77,9899
28-Aug-12,1.73,1.90,1.71,1.90,4350
27-Aug-12,1.80,1.80,1.70,1.74,7173
24-Aug-12,1.89,1.89,1.77,1.79,6019
23-Aug-12,1.82,1.93,1.82,1.89,300
22-Aug-12,1.78,1.84,1.71,1.82,17194
21-Aug-12,1.74,2.00,1.70,1.71,24839
20-Aug-12,1.85,1.85,1.69,1.69,49199
17-Aug-12,1.95,1.98,1.85,1.85,20083
16-Aug-12,1.90,1.98,1.90,1.96,7331
15-Aug-12,1.94,1.97,1.87,1.97,5461
14-Aug-12,1.90,1.95,1.90,1.95,17661
13-Aug-12,1.85,1.95,1.85,1.92,16960
10-Aug-12,1.94,1.95,1.88,1.92,16837
9-Aug-12,1.92,1.95,1.86,1.87,21935
8-Aug-12,1.87,1.95,1.85,1.90,5754
7-Aug-12,1.85,2.00,1.80,1.95,45759
6-Aug-12,1.52,2.14,1.50,1.81,165196
3-Aug-12,1.54,1.61,1.43,1.50,14901
2-Aug-12,1.43,1.59,1.43,1.47,14393
1-Aug-12,1.46,1.50,1.41,1.47,12730
31-Jul-12,1.46,1.65,1.42,1.57,29649
30-Jul-12,1.44,1.45,1.41,1.45,6286
27-Jul-12,1.57,1.57,1.38,1.44,37533
26-Jul-12,1.58,1.70,1.48,1.50,12623
25-Jul-12,1.46,1.60,1.46,1.48,17878
24-Jul-12,1.62,1.62,1.38,1.43,18254
23-Jul-12,1.76,1.76,1.51,1.51,41667
20-Jul-12,1.80,1.80,1.76,1.76,29680
19-Jul-12,1.84,1.84,1.77,1.79,3414
18-Jul-12,1.82,1.89,1.78,1.79,13704
17-Jul-12,1.80,1.88,1.77,1.88,7671
16-Jul-12,1.86,1.89,1.82,1.84,945
13-Jul-12,1.88,1.88,1.83,1.83,2900
12-Jul-12,1.83,1.83,1.80,1.83,9000
11-Jul-12,1.80,1.97,1.80,1.83,29682
10-Jul-12,1.84,1.89,1.82,1.82,16052
9-Jul-12,1.85,1.85,1.81,1.84,4592
6-Jul-12,1.84,1.90,1.83,1.88,2892
5-Jul-12,1.84,2.08,1.80,1.87,62559
3-Jul-12,1.82,1.82,1.80,1.82,6090
2-Jul-12,1.85,1.86,1.81,1.81,7890
29-Jun-12,1.90,1.90,1.77,1.84,59066
28-Jun-12,1.91,1.92,1.76,1.81,69591
27-Jun-12,1.96,1.99,1.89,1.92,6316
26-Jun-12,1.96,2.02,1.93,1.93,20538
25-Jun-12,2.04,2.09,1.75,1.93,68807
22-Jun-12,2.00,2.09,1.95,2.04,43445
21-Jun-12,2.09,2.12,2.01,2.02,50020
20-Jun-12,2.06,2.15,1.97,2.13,105503
19-Jun-12,2.01,2.15,2.00,2.08,38409
18-Jun-12,1.98,2.03,1.91,2.00,14674
15-Jun-12,1.96,2.05,1.96,1.99,21660
14-Jun-12,2.03,2.03,1.97,1.99,12416
13-Jun-12,2.09,2.09,1.90,1.95,55781
12-Jun-12,2.10,2.11,2.02,2.05,18462
11-Jun-12,2.08,2.11,2.03,2.04,20453
8-Jun-12,2.09,2.17,2.01,2.15,44127
7-Jun-12,2.10,2.17,1.98,2.10,31853
6-Jun-12,2.21,2.21,2.02,2.10,44989
5-Jun-12,1.97,2.19,1.95,2.12,90982
4-Jun-12,2.05,2.18,1.87,1.95,85722
1-Jun-12,2.10,2.14,2.00,2.00,60216
31-May-12,2.18,2.27,2.11,2.14,57831
30-May-12,2.41,2.41,2.10,2.20,155506
29-May-12,2.41,2.49,2.10,2.11,158457
25-May-12,2.14,2.64,2.00,2.35,853071
24-May-12,2.34,2.34,2.00,2.04,297379
23-May-12,2.60,3.29,2.25,2.30,2509869
22-May-12,1.63,1.65,1.45,1.65,20163
21-May-12,1.63,1.70,1.49,1.65,59182
18-May-12,1.91,2.02,1.45,1.63,154301
17-May-12,2.18,2.18,1.90,1.92,81455
16-May-12,2.21,2.21,2.00,2.05,40717
15-May-12,2.11,2.19,2.08,2.14,75752
14-May-12,2.15,2.68,2.05,2.08,300315
11-May-12,2.12,2.13,1.94,2.11,113829
10-May-12,2.23,2.23,2.12,2.13,38057
9-May-12,2.24,2.24,2.15,2.15,43051
8-May-12,2.22,2.31,2.08,2.25,70285
7-May-12,2.24,2.30,2.15,2.22,55620
4-May-12,2.32,2.55,2.20,2.24,81276
3-May-12,2.45,2.60,2.26,2.30,136244
2-May-12,2.65,2.79,2.45,2.46,129852
1-May-12,2.47,2.89,2.44,2.64,585126
30-Apr-12,2.32,2.79,2.21,2.52,278678
27-Apr-12,2.60,2.82,2.28,2.32,521591
26-Apr-12,2.15,3.01,2.14,2.61,1711092
25-Apr-12,2.00,2.18,1.92,2.15,53224
24-Apr-12,2.05,2.28,1.81,2.02,187309
23-Apr-12,2.13,2.23,1.99,2.04,113089
20-Apr-12,2.23,2.24,2.15,2.20,22594
19-Apr-12,2.15,2.25,2.13,2.23,9293
18-Apr-12,2.24,2.29,2.14,2.22,48260
17-Apr-12,2.20,2.44,2.11,2.26,132963
16-Apr-12,2.20,2.21,2.11,2.13,56591
13-Apr-12,2.28,2.30,2.15,2.21,58925
12-Apr-12,2.40,2.40,2.17,2.30,60895
11-Apr-12,2.50,2.64,2.27,2.33,97450
10-Apr-12,2.24,2.55,2.22,2.44,202552
9-Apr-12,2.20,2.47,2.09,2.19,150546
5-Apr-12,2.92,3.00,2.13,2.30,823669
4-Apr-12,2.08,3.50,2.07,3.13,1509124
3-Apr-12,2.08,2.16,2.05,2.09,34519
2-Apr-12,2.25,2.25,2.04,2.10,59543
30-Mar-12,2.30,2.39,2.10,2.18,134337
29-Mar-12,2.15,2.59,2.04,2.28,387274
28-Mar-12,2.17,2.17,1.96,2.15,187895
27-Mar-12,2.28,2.45,2.06,2.12,233271
26-Mar-12,3.18,3.18,2.10,2.24,502278
23-Mar-12,2.95,3.75,2.95,2.96,421368
22-Mar-12,3.30,3.30,2.70,2.91,360591
21-Mar-12,3.92,4.20,3.26,3.50,942567
20-Mar-12,2.31,4.58,2.25,3.92,7559463
19-Mar-12,0.83,2.80,0.83,2.25,744803
16-Mar-12,0.87,0.87,0.71,0.84,3843
15-Mar-12,0.75,0.82,0.65,0.75,25850
14-Mar-12,0.67,0.77,0.57,0.75,8830
13-Mar-12,0.63,0.63,0.63,0.63,0
12-Mar-12,0.71,0.76,0.58,0.70,17527
9-Mar-12,0.75,0.75,0.75,0.75,5204
8-Mar-12,0.73,0.80,0.73,0.77,862
7-Mar-12,0.69,0.78,0.69,0.73,4467
6-Mar-12,0.75,0.76,0.75,0.76,908
5-Mar-12,0.76,0.76,0.76,0.76,230
2-Mar-12,0.75,0.81,0.75,0.76,2408
1-Mar-12,0.70,0.87,0.70,0.87,440
29-Feb-12,0.77,0.77,0.77,0.77,0
28-Feb-12,0.79,0.79,0.75,0.77,22714
27-Feb-12,0.83,0.83,0.76,0.76,4620
24-Feb-12,0.85,0.92,0.85,0.86,21685
23-Feb-12,0.76,0.88,0.76,0.85,6584
22-Feb-12,0.78,0.82,0.76,0.81,16170
21-Feb-12,0.75,0.82,0.75,0.76,12344
17-Feb-12,0.79,0.79,0.68,0.74,16487
16-Feb-12,0.73,0.83,0.54,0.74,47215
15-Feb-12,0.73,0.73,0.60,0.65,15931
14-Feb-12,0.76,0.76,0.68,0.68,6793
13-Feb-12,0.87,0.96,0.70,0.70,48478
10-Feb-12,0.90,0.90,0.78,0.82,16137
9-Feb-12,0.94,0.96,0.90,0.90,46236
8-Feb-12,0.70,0.96,0.67,0.85,61223
7-Feb-12,0.45,0.89,0.45,0.70,134812
6-Feb-12,0.46,0.46,0.35,0.43,13277
3-Feb-12,0.44,0.44,0.40,0.40,3300
2-Feb-12,0.45,0.45,0.40,0.41,3251
1-Feb-12,0.40,0.47,0.40,0.46,4019
31-Jan-12,0.48,0.48,0.45,0.45,1600
30-Jan-12,0.42,0.48,0.42,0.45,6800
27-Jan-12,0.41,0.42,0.41,0.42,3299
26-Jan-12,0.41,0.41,0.41,0.41,0
25-Jan-12,0.45,0.45,0.40,0.44,2162
24-Jan-12,0.43,0.43,0.42,0.43,400
23-Jan-12,0.50,0.50,0.36,0.43,5699
20-Jan-12,0.42,0.42,0.33,0.42,6352
19-Jan-12,0.47,0.47,0.40,0.40,8400
18-Jan-12,0.49,0.49,0.48,0.48,13404
17-Jan-12,0.47,0.49,0.47,0.48,5975
13-Jan-12,0.47,0.47,0.47,0.47,0
12-Jan-12,0.41,0.49,0.39,0.48,7700
11-Jan-12,0.41,0.42,0.40,0.40,8125
10-Jan-12,0.41,0.44,0.40,0.40,4523
9-Jan-12,0.45,0.45,0.42,0.44,5595
6-Jan-12,0.45,0.45,0.44,0.44,1600
5-Jan-12,0.42,0.52,0.30,0.39,20223
4-Jan-12,0.34,0.43,0.32,0.42,11374
3-Jan-12,0.34,0.34,0.31,0.34,10560
30-Dec-11,0.30,0.30,0.30,0.30,0
29-Dec-11,0.32,0.42,0.30,0.40,11937
28-Dec-11,0.28,0.32,0.28,0.30,7865
27-Dec-11,0.38,0.38,0.34,0.35,14420
23-Dec-11,0.34,0.34,0.34,0.34,0
22-Dec-11,0.43,0.43,0.38,0.39,10200
21-Dec-11,0.36,0.42,0.36,0.40,3730
20-Dec-11,0.44,0.44,0.36,0.36,5180
19-Dec-11,0.41,0.41,0.40,0.40,9820
16-Dec-11,0.41,0.42,0.41,0.42,3625
15-Dec-11,0.41,0.41,0.41,0.41,0
14-Dec-11,0.45,0.52,0.45,0.49,14950
13-Dec-11,0.67,0.67,0.51,0.65,12000
12-Dec-11,0.54,0.79,0.51,0.66,40480
9-Dec-11,0.48,0.50,0.48,0.50,2100
8-Dec-11,0.48,0.54,0.48,0.48,2300
7-Dec-11,0.50,0.51,0.46,0.48,52975
6-Dec-11,0.41,0.57,0.40,0.45,125317
5-Dec-11,0.38,0.65,0.36,0.48,24489
2-Dec-11,0.39,0.41,0.36,0.36,6795
1-Dec-11,0.41,0.55,0.40,0.44,15710
30-Nov-11,0.42,0.42,0.27,0.41,42590
29-Nov-11,0.50,0.50,0.42,0.47,6768
28-Nov-11,0.51,0.57,0.50,0.57,1200
25-Nov-11,0.55,0.55,0.50,0.50,1632
23-Nov-11,0.62,0.62,0.62,0.62,0
22-Nov-11,0.63,0.70,0.30,0.60,13581
21-Nov-11,0.69,0.76,0.63,0.71,7348
18-Nov-11,0.77,0.80,0.65,0.72,4600
17-Nov-11,0.69,0.80,0.66,0.80,8829
16-Nov-11,0.78,0.78,0.78,0.78,0
15-Nov-11,0.72,0.74,0.71,0.74,8305
14-Nov-11,0.72,0.74,0.71,0.74,7402
11-Nov-11,0.72,0.72,0.72,0.72,4900
10-Nov-11,0.73,0.75,0.72,0.72,3153
9-Nov-11,0.73,0.73,0.73,0.73,188
8-Nov-11,0.74,0.79,0.74,0.74,1200
7-Nov-11,0.75,0.80,0.72,0.80,10000
4-Nov-11,0.79,0.83,0.79,0.82,4466
3-Nov-11,0.72,0.84,0.71,0.79,2200
2-Nov-11,0.76,0.85,0.75,0.80,15125
1-Nov-11,0.76,0.87,0.75,0.87,5683
31-Oct-11,0.76,0.83,0.76,0.83,2220
28-Oct-11,0.86,0.87,0.77,0.80,3100
27-Oct-11,0.76,0.88,0.75,0.88,9000
25-Oct-11,0.84,0.84,0.84,0.84,0
24-Oct-11,0.92,0.93,0.89,0.90,6600
21-Oct-11,0.90,1.00,0.90,0.92,3120
20-Oct-11,0.97,1.02,0.80,1.02,9200
19-Oct-11,1.02,1.08,0.81,1.00,39374
18-Oct-11,0.95,1.08,0.85,0.98,44564
17-Oct-11,0.80,0.90,0.80,0.90,55087
14-Oct-11,0.75,0.76,0.75,0.76,5700
13-Oct-11,0.76,0.76,0.69,0.69,2885
12-Oct-11,0.68,0.70,0.68,0.70,5150
11-Oct-11,0.69,0.76,0.68,0.76,4367
10-Oct-11,0.79,0.79,0.65,0.71,9704
7-Oct-11,0.75,0.80,0.75,0.76,617
6-Oct-11,0.79,0.80,0.79,0.80,4978
5-Oct-11,0.75,0.75,0.75,0.75,1900
4-Oct-11,0.81,0.81,0.75,0.79,3947
3-Oct-11,0.80,0.80,0.75,0.80,3398
30-Sep-11,0.82,0.85,0.82,0.85,1877
29-Sep-11,0.87,0.88,0.71,0.77,24070
