Date,Open,High,Low,Close,Volume
26-Sep-12,1.85,1.85,1.77,1.78,7760
25-Sep-12,1.85,1.85,1.76,1.83,4972
24-Sep-12,1.79,1.85,1.77,1.85,16170
21-Sep-12,1.80,1.80,1.78,1.80,9239
20-Sep-12,1.85,1.85,1.80,1.82,700
19-Sep-12,1.85,1.87,1.85,1.87,1100
18-Sep-12,1.89,1.89,1.84,1.89,6650
17-Sep-12,1.91,1.91,1.80,1.85,9820
14-Sep-12,1.90,1.90,1.87,1.87,26494
13-Sep-12,1.91,1.91,1.85,1.90,43930
12-Sep-12,2.00,2.10,1.90,1.93,71169
11-Sep-12,2.48,2.50,2.48,2.50,300
10-Sep-12,2.45,2.45,2.40,2.45,3038
7-Sep-12,2.41,2.50,2.41,2.45,7215
6-Sep-12,2.50,2.50,2.36,2.50,3346
5-Sep-12,2.49,2.50,2.44,2.50,1200
4-Sep-12,2.47,2.55,2.36,2.50,1485
31-Aug-12,2.27,2.45,2.25,2.45,6696
30-Aug-12,2.30,2.35,2.22,2.30,3900
29-Aug-12,2.33,2.45,2.22,2.24,44356
28-Aug-12,2.58,2.58,2.22,2.46,29524
27-Aug-12,2.60,2.66,2.58,2.58,9480
24-Aug-12,2.59,2.60,2.55,2.59,6700
23-Aug-12,2.60,2.60,2.55,2.59,8248
22-Aug-12,2.65,2.66,2.55,2.66,2605
21-Aug-12,2.54,2.68,2.54,2.60,8418
20-Aug-12,2.68,2.68,2.58,2.58,2600
17-Aug-12,2.62,2.69,2.33,2.69,10747
16-Aug-12,2.70,2.70,2.62,2.68,2600
15-Aug-12,2.70,2.70,2.62,2.69,32690
14-Aug-12,2.74,2.78,2.70,2.78,19499
13-Aug-12,2.71,2.72,2.67,2.70,11948
10-Aug-12,2.78,2.78,2.70,2.70,2900
9-Aug-12,2.63,2.70,2.63,2.65,7320
8-Aug-12,2.77,2.77,2.61,2.61,2780
7-Aug-12,2.75,2.77,2.60,2.77,17858
6-Aug-12,2.76,2.77,2.67,2.75,1283
3-Aug-12,2.78,2.78,2.51,2.67,72041
2-Aug-12,2.68,2.79,2.53,2.72,4500
1-Aug-12,2.84,2.84,2.68,2.69,1752
31-Jul-12,2.73,2.80,2.58,2.77,45120
30-Jul-12,2.86,2.86,2.75,2.75,700
27-Jul-12,2.90,2.90,2.90,2.90,751
26-Jul-12,2.88,2.90,2.83,2.89,2195
25-Jul-12,2.83,2.92,2.65,2.83,2450
24-Jul-12,2.74,2.87,2.66,2.84,4700
23-Jul-12,2.80,2.81,2.65,2.81,13770
20-Jul-12,2.86,2.92,2.75,2.84,77467
19-Jul-12,2.88,2.98,2.81,2.94,3003
18-Jul-12,2.90,3.00,2.75,2.94,14366
17-Jul-12,2.98,3.00,2.87,2.99,1350
16-Jul-12,2.94,2.94,2.90,2.93,1773
13-Jul-12,2.90,3.00,2.85,2.96,3806
12-Jul-12,2.95,2.95,2.95,2.95,800
11-Jul-12,2.85,3.01,2.81,3.01,4992
10-Jul-12,2.81,2.86,2.80,2.86,1100
9-Jul-12,2.97,2.97,2.80,2.83,9186
6-Jul-12,3.00,3.06,2.99,3.00,1524
5-Jul-12,2.99,3.09,2.99,3.09,566
3-Jul-12,2.97,3.10,2.97,3.08,1000
2-Jul-12,3.04,3.10,2.93,2.93,908
29-Jun-12,3.09,3.10,3.01,3.07,42311
28-Jun-12,3.02,3.10,3.02,3.09,1200
27-Jun-12,3.15,3.15,3.03,3.10,4124
26-Jun-12,2.92,3.27,2.89,3.15,24350
25-Jun-12,3.16,3.16,2.73,2.99,6777
22-Jun-12,2.97,3.17,2.91,3.10,3900
21-Jun-12,2.70,3.05,2.69,2.98,33623
20-Jun-12,2.70,2.75,2.58,2.68,69207
19-Jun-12,2.64,2.75,2.64,2.69,13500
18-Jun-12,2.56,2.77,2.56,2.57,26525
15-Jun-12,2.79,2.79,2.52,2.55,36205
14-Jun-12,2.80,2.84,2.60,2.62,15890
13-Jun-12,2.88,2.89,2.75,2.75,15200
12-Jun-12,2.70,2.88,2.70,2.85,14994
11-Jun-12,2.76,2.88,2.70,2.70,6864
8-Jun-12,2.77,2.82,2.75,2.76,16990
7-Jun-12,2.80,2.85,2.75,2.78,24054
6-Jun-12,2.79,2.88,2.73,2.80,10347
5-Jun-12,2.69,2.89,2.65,2.76,20252
4-Jun-12,2.69,2.85,2.65,2.74,1168
1-Jun-12,2.86,2.95,2.60,2.69,37682
31-May-12,2.88,2.98,2.86,2.90,10091
30-May-12,2.99,3.02,2.92,3.01,9110
29-May-12,3.16,3.16,3.00,3.00,3300
25-May-12,3.08,3.14,2.99,2.99,22394
24-May-12,3.08,3.14,3.05,3.10,16422
23-May-12,3.10,3.10,3.01,3.09,3578
22-May-12,3.14,3.16,3.05,3.16,22388
21-May-12,2.99,3.15,2.99,3.08,6820
18-May-12,2.98,3.06,2.91,2.91,20352
17-May-12,3.05,3.14,3.00,3.00,9966
16-May-12,3.29,3.29,2.84,3.05,47966
15-May-12,3.22,3.29,3.15,3.24,38680
14-May-12,3.48,3.48,3.10,3.21,37198
11-May-12,3.47,3.63,3.47,3.47,10620
10-May-12,3.29,3.53,3.29,3.47,10700
9-May-12,3.25,3.28,3.20,3.28,4469
8-May-12,3.43,3.43,3.22,3.29,5100
7-May-12,3.30,3.36,3.12,3.30,13820
4-May-12,3.38,3.41,3.35,3.35,3848
3-May-12,3.41,3.46,3.33,3.33,5310
2-May-12,3.49,3.52,3.41,3.41,7447
1-May-12,3.53,3.53,3.41,3.41,12773
30-Apr-12,3.36,3.51,3.33,3.45,18685
27-Apr-12,3.39,3.45,3.30,3.40,2800
26-Apr-12,3.39,3.44,3.35,3.37,13754
25-Apr-12,3.21,3.47,3.20,3.45,69971
24-Apr-12,3.20,3.25,3.12,3.24,219340
23-Apr-12,3.20,3.30,3.10,3.16,125996
20-Apr-12,3.30,3.30,3.14,3.23,64603
19-Apr-12,3.38,3.40,3.27,3.30,38355
18-Apr-12,3.29,3.39,3.29,3.35,130294
17-Apr-12,3.24,3.30,3.16,3.29,32908
16-Apr-12,3.55,3.56,3.20,3.23,127410
13-Apr-12,3.35,3.54,3.35,3.53,29622
12-Apr-12,3.37,3.48,3.00,3.48,215579
11-Apr-12,3.45,3.53,3.36,3.36,40798
10-Apr-12,3.51,3.51,3.38,3.38,62625
9-Apr-12,3.52,3.60,3.50,3.50,11589
5-Apr-12,3.58,3.69,3.54,3.54,30926
4-Apr-12,3.67,3.67,3.50,3.52,25409
3-Apr-12,4.00,4.00,3.65,3.67,54552
2-Apr-12,4.05,4.05,3.99,3.99,62223
30-Mar-12,3.91,4.03,3.87,3.99,200329
29-Mar-12,3.94,3.96,3.87,3.91,33146
28-Mar-12,4.04,4.04,3.84,3.90,34761
27-Mar-12,3.84,4.05,3.84,4.05,29444
26-Mar-12,4.05,4.08,3.85,3.87,37426
23-Mar-12,4.10,4.13,3.90,4.02,19690
22-Mar-12,4.09,4.20,4.00,4.08,16626
21-Mar-12,4.05,4.15,4.00,4.09,38070
20-Mar-12,4.08,4.20,3.95,4.03,22918
19-Mar-12,3.92,4.36,3.92,4.08,88683
16-Mar-12,3.96,4.00,3.76,3.92,56336
15-Mar-12,4.07,4.07,3.75,3.91,88025
14-Mar-12,4.17,4.25,3.96,3.98,80367
13-Mar-12,4.55,4.55,4.18,4.25,82185
12-Mar-12,4.59,4.75,4.45,4.54,111951
9-Mar-12,4.58,4.58,4.18,4.41,142916
8-Mar-12,3.79,4.29,3.78,4.08,110308
7-Mar-12,3.47,3.88,3.47,3.75,99500
6-Mar-12,3.56,3.58,3.43,3.44,24007
5-Mar-12,3.51,3.64,3.50,3.60,53813
2-Mar-12,3.48,3.54,3.45,3.54,38322
1-Mar-12,3.41,3.52,3.41,3.49,71439
29-Feb-12,3.39,3.42,3.33,3.42,6398
28-Feb-12,3.40,3.41,3.40,3.41,400
27-Feb-12,3.25,3.42,3.25,3.40,23905
24-Feb-12,3.39,3.40,3.34,3.39,23789
23-Feb-12,3.41,3.41,3.36,3.39,5972
22-Feb-12,3.44,3.44,3.36,3.36,6592
21-Feb-12,3.32,3.45,3.32,3.36,8635
17-Feb-12,3.43,3.45,3.41,3.45,8600
16-Feb-12,3.44,3.50,3.35,3.44,19800
15-Feb-12,3.52,3.61,3.40,3.44,24047
14-Feb-12,3.47,3.53,3.46,3.53,65946
13-Feb-12,3.39,3.55,3.39,3.50,50950
10-Feb-12,3.19,3.40,3.19,3.39,59067
9-Feb-12,3.29,3.31,3.15,3.24,19487
8-Feb-12,3.34,3.36,3.30,3.30,26035
7-Feb-12,3.34,3.36,3.32,3.33,7350
6-Feb-12,3.26,3.38,3.26,3.29,30710
3-Feb-12,3.22,3.38,3.20,3.25,21393
2-Feb-12,3.19,3.33,3.18,3.18,82840
1-Feb-12,3.22,3.27,3.19,3.19,21257
31-Jan-12,3.28,3.28,3.15,3.20,27600
30-Jan-12,3.30,3.30,3.15,3.28,18300
27-Jan-12,3.30,3.33,3.23,3.33,17084
26-Jan-12,3.25,3.31,3.20,3.31,82322
25-Jan-12,3.29,3.30,3.17,3.21,8923
24-Jan-12,3.30,3.30,3.24,3.29,14100
23-Jan-12,3.11,3.35,3.10,3.28,26193
20-Jan-12,3.12,3.12,3.09,3.10,13423
19-Jan-12,2.99,3.13,2.99,3.11,31042
18-Jan-12,2.97,3.04,2.97,3.03,8372
17-Jan-12,3.00,3.02,2.96,2.99,34754
13-Jan-12,3.01,3.01,3.01,3.01,0
12-Jan-12,3.06,3.07,2.96,3.03,35271
11-Jan-12,3.04,3.05,2.91,3.05,22998
10-Jan-12,3.00,3.08,2.99,3.01,38555
9-Jan-12,3.09,3.09,2.91,3.04,28755
6-Jan-12,3.00,3.05,3.00,3.05,2101
5-Jan-12,2.90,3.12,2.90,3.05,78770
4-Jan-12,2.86,2.97,2.86,2.94,33450
3-Jan-12,2.84,2.90,2.83,2.84,8200
30-Dec-11,2.89,2.89,2.89,2.89,0
29-Dec-11,2.80,2.81,2.78,2.78,99176
28-Dec-11,2.81,2.82,2.75,2.81,50688
27-Dec-11,2.83,2.84,2.75,2.80,39860
23-Dec-11,2.78,2.78,2.78,2.78,0
22-Dec-11,2.66,2.82,2.66,2.78,14029
21-Dec-11,2.66,2.75,2.66,2.67,11777
20-Dec-11,2.62,2.68,2.60,2.65,7511
19-Dec-11,2.65,2.69,2.60,2.61,18611
16-Dec-11,2.64,2.74,2.64,2.67,14506
15-Dec-11,2.70,2.70,2.60,2.60,24982
14-Dec-11,2.67,2.67,2.60,2.60,15600
13-Dec-11,2.68,2.76,2.67,2.67,7334
12-Dec-11,2.77,2.78,2.67,2.67,3353
9-Dec-11,2.77,2.77,2.71,2.74,6600
8-Dec-11,2.65,2.78,2.65,2.77,16993
7-Dec-11,2.65,2.73,2.65,2.72,10670
6-Dec-11,2.81,2.81,2.62,2.74,6800
5-Dec-11,2.80,2.81,2.75,2.75,4300
2-Dec-11,2.79,2.82,2.75,2.75,13091
1-Dec-11,2.79,2.79,2.79,2.79,0
30-Nov-11,2.65,2.76,2.65,2.75,11720
29-Nov-11,2.69,2.72,2.61,2.61,9675
28-Nov-11,2.81,2.81,2.66,2.66,12426
25-Nov-11,2.65,2.81,2.65,2.70,5100
23-Nov-11,2.70,2.70,2.70,2.70,0
22-Nov-11,2.69,2.69,2.69,2.69,0
21-Nov-11,2.80,2.87,2.64,2.79,49334
18-Nov-11,2.81,2.89,2.65,2.89,57610
17-Nov-11,2.88,2.88,2.68,2.87,12191
16-Nov-11,2.78,2.84,2.63,2.80,74893
15-Nov-11,2.88,2.88,2.75,2.86,53781
14-Nov-11,2.85,2.99,2.80,2.88,53202
11-Nov-11,2.95,3.04,2.91,2.91,93033
10-Nov-11,2.95,3.00,2.90,2.95,23347
9-Nov-11,3.07,3.07,2.85,2.93,147107
8-Nov-11,2.85,3.07,2.78,3.05,229020
7-Nov-11,2.85,2.85,2.74,2.80,75534
4-Nov-11,2.83,2.90,2.83,2.88,10450
3-Nov-11,2.86,2.90,2.80,2.88,77947
2-Nov-11,2.86,3.02,2.81,2.82,70002
1-Nov-11,3.01,3.09,2.89,2.91,15447
31-Oct-11,2.98,3.08,2.94,3.02,22438
28-Oct-11,2.95,3.03,2.80,2.92,26084
27-Oct-11,3.08,3.09,2.92,3.05,35077
26-Oct-11,3.01,3.02,2.92,2.98,17811
25-Oct-11,3.16,3.16,3.00,3.08,17860
24-Oct-11,3.00,3.34,3.00,3.12,32479
21-Oct-11,2.93,3.00,2.85,3.00,71788
20-Oct-11,2.93,2.93,2.79,2.87,27860
19-Oct-11,2.53,2.82,2.53,2.81,56149
18-Oct-11,2.65,2.65,2.50,2.58,26775
17-Oct-11,2.59,2.70,2.52,2.65,25354
14-Oct-11,2.73,3.00,2.59,2.60,74809
13-Oct-11,2.60,2.62,2.56,2.59,33900
12-Oct-11,2.84,2.84,2.52,2.58,63537
11-Oct-11,2.80,2.87,2.49,2.68,21442
10-Oct-11,2.68,2.86,2.67,2.73,20616
7-Oct-11,2.67,2.69,2.59,2.65,11780
6-Oct-11,2.72,2.74,2.55,2.55,10356
5-Oct-11,2.75,2.88,2.63,2.70,8448
4-Oct-11,2.75,2.75,2.50,2.61,38620
3-Oct-11,2.90,2.95,2.70,2.79,27883
30-Sep-11,2.78,2.83,2.69,2.78,11300
29-Sep-11,2.70,2.79,2.65,2.76,71415
