Date,Open,High,Low,Close,Volume
26-Sep-12,1.70,1.93,1.68,1.93,172074
25-Sep-12,1.76,1.82,1.75,1.75,42920
24-Sep-12,1.71,1.80,1.71,1.76,48043
21-Sep-12,1.76,1.80,1.72,1.74,80581
20-Sep-12,1.84,1.84,1.76,1.76,37660
19-Sep-12,1.97,1.99,1.84,1.85,39489
18-Sep-12,1.85,1.96,1.85,1.92,11670
17-Sep-12,1.88,1.88,1.80,1.83,22882
14-Sep-12,1.87,1.90,1.81,1.84,40751
13-Sep-12,1.73,1.85,1.73,1.81,15958
12-Sep-12,1.79,1.83,1.70,1.72,19149
11-Sep-12,1.75,1.83,1.70,1.78,21320
10-Sep-12,1.61,1.75,1.61,1.75,14560
7-Sep-12,1.47,1.70,1.47,1.61,107827
6-Sep-12,1.39,1.56,1.39,1.53,71375
5-Sep-12,1.50,1.50,1.33,1.36,202332
4-Sep-12,1.47,1.50,1.43,1.43,61771
31-Aug-12,1.46,1.60,1.41,1.47,101299
30-Aug-12,1.52,1.54,1.41,1.45,90666
29-Aug-12,1.49,1.52,1.45,1.48,30575
28-Aug-12,1.53,1.63,1.45,1.47,74026
27-Aug-12,1.60,1.70,1.48,1.51,306765
24-Aug-12,1.79,1.92,1.51,1.60,154962
23-Aug-12,1.94,1.95,1.78,1.82,19775
22-Aug-12,1.94,1.99,1.75,1.90,67375
21-Aug-12,2.29,2.29,1.87,1.89,73045
20-Aug-12,2.27,2.38,2.25,2.29,13100
17-Aug-12,2.43,2.45,2.27,2.27,32707
16-Aug-12,1.87,2.47,1.87,2.39,74982
15-Aug-12,1.82,1.98,1.68,1.90,68130
14-Aug-12,1.85,1.88,1.79,1.82,37045
13-Aug-12,1.75,1.85,1.70,1.85,75315
10-Aug-12,1.84,1.85,1.73,1.74,4202
9-Aug-12,1.77,1.78,1.70,1.74,15810
8-Aug-12,1.80,1.80,1.65,1.79,1800
7-Aug-12,1.74,1.80,1.73,1.75,14468
6-Aug-12,1.70,1.84,1.70,1.73,21576
3-Aug-12,1.72,1.79,1.69,1.69,19200
2-Aug-12,1.70,1.85,1.69,1.70,23052
1-Aug-12,1.78,1.78,1.70,1.70,53100
31-Jul-12,1.87,1.88,1.69,1.77,11529
30-Jul-12,1.75,1.80,1.75,1.75,9223
27-Jul-12,1.67,1.78,1.64,1.75,13463
26-Jul-12,1.68,1.72,1.68,1.70,7852
25-Jul-12,1.68,1.68,1.63,1.64,40384
24-Jul-12,1.80,1.80,1.68,1.68,93230
23-Jul-12,2.01,2.01,1.62,1.72,77873
20-Jul-12,2.01,2.07,2.00,2.07,10400
19-Jul-12,2.17,2.20,2.05,2.05,26417
18-Jul-12,2.12,2.19,2.12,2.17,18000
17-Jul-12,2.16,2.20,2.16,2.17,13514
16-Jul-12,2.20,2.20,2.07,2.18,17491
13-Jul-12,2.18,2.19,2.15,2.16,22600
12-Jul-12,2.15,2.20,2.07,2.19,17056
11-Jul-12,2.10,2.29,2.06,2.21,10900
10-Jul-12,2.30,2.31,2.17,2.17,25852
9-Jul-12,2.38,2.38,2.25,2.32,14520
6-Jul-12,2.04,2.38,2.04,2.38,20164
5-Jul-12,2.40,2.40,2.06,2.19,69071
3-Jul-12,2.23,2.40,2.23,2.39,21187
2-Jul-12,2.35,2.48,2.20,2.23,45051
29-Jun-12,2.55,2.56,2.37,2.38,48371
28-Jun-12,2.50,2.55,2.50,2.55,4285
27-Jun-12,2.37,2.56,2.19,2.55,43677
26-Jun-12,2.39,2.52,2.32,2.35,50800
25-Jun-12,2.61,2.77,2.51,2.57,72317
22-Jun-12,2.63,2.70,2.63,2.70,6572
21-Jun-12,2.62,2.68,2.60,2.68,14771
20-Jun-12,2.62,2.70,2.60,2.68,17458
19-Jun-12,2.64,2.74,2.59,2.72,24849
18-Jun-12,2.77,2.81,2.53,2.61,43594
15-Jun-12,2.55,2.90,2.55,2.79,164008
14-Jun-12,2.48,2.69,2.46,2.65,36955
13-Jun-12,2.49,2.55,2.39,2.53,26132
12-Jun-12,2.28,2.49,2.28,2.47,28720
11-Jun-12,2.33,2.48,2.24,2.27,37145
8-Jun-12,2.23,2.36,2.18,2.34,28477
7-Jun-12,2.26,2.45,2.16,2.24,185655
6-Jun-12,2.19,2.49,2.19,2.29,44463
5-Jun-12,2.17,2.21,2.16,2.17,61739
4-Jun-12,2.23,2.24,2.16,2.18,75754
1-Jun-12,2.22,2.31,2.22,2.25,19804
31-May-12,2.23,2.31,2.22,2.27,11703
30-May-12,2.22,2.31,2.21,2.29,16399
29-May-12,2.40,2.48,2.21,2.35,22767
25-May-12,2.24,2.36,2.18,2.35,38996
24-May-12,2.21,2.30,2.19,2.21,32043
23-May-12,2.21,2.23,2.18,2.18,143784
22-May-12,2.17,2.36,2.15,2.20,82332
21-May-12,2.26,2.32,2.12,2.17,22199
18-May-12,2.35,2.36,2.25,2.26,28015
17-May-12,2.30,2.51,2.24,2.36,69075
16-May-12,2.33,2.36,2.20,2.31,57417
15-May-12,2.33,2.35,2.20,2.34,36766
14-May-12,2.60,2.61,2.15,2.32,68044
11-May-12,2.65,2.68,2.55,2.61,60154
10-May-12,2.63,2.70,2.60,2.69,11527
9-May-12,2.65,2.70,2.53,2.58,27251
8-May-12,2.74,2.80,2.67,2.67,20400
7-May-12,2.76,2.87,2.72,2.74,17085
4-May-12,2.82,2.90,2.76,2.76,15471
3-May-12,2.71,2.89,2.71,2.82,37117
2-May-12,2.90,2.95,2.64,2.71,34362
1-May-12,2.85,2.93,2.85,2.92,24490
30-Apr-12,2.92,2.92,2.80,2.85,21767
27-Apr-12,2.85,2.90,2.82,2.90,56837
26-Apr-12,2.87,2.98,2.85,2.88,19600
25-Apr-12,2.96,2.96,2.90,2.93,38933
24-Apr-12,2.95,3.08,2.94,2.94,22701
23-Apr-12,3.03,3.08,2.87,2.96,106639
20-Apr-12,3.05,3.07,3.03,3.03,76464
19-Apr-12,3.03,3.09,3.03,3.05,135723
18-Apr-12,3.07,3.09,3.02,3.03,85462
17-Apr-12,3.04,3.08,3.01,3.05,49574
16-Apr-12,3.05,3.11,3.00,3.01,121840
13-Apr-12,3.09,3.11,3.01,3.08,49900
12-Apr-12,3.06,3.12,3.06,3.08,6800
11-Apr-12,3.10,3.11,3.05,3.06,102727
10-Apr-12,3.03,3.08,3.00,3.06,49011
9-Apr-12,3.13,3.16,3.02,3.04,41149
5-Apr-12,3.14,3.20,3.11,3.15,43055
4-Apr-12,3.12,3.24,3.06,3.16,120582
3-Apr-12,3.17,3.20,3.09,3.14,121087
2-Apr-12,3.08,3.23,3.08,3.20,68023
30-Mar-12,3.15,3.21,3.08,3.08,93085
29-Mar-12,3.31,3.31,3.09,3.15,76450
28-Mar-12,3.38,3.38,3.24,3.29,9222
27-Mar-12,3.50,3.50,3.31,3.38,58509
26-Mar-12,3.23,3.49,3.23,3.45,69254
23-Mar-12,3.42,3.44,3.26,3.34,74910
22-Mar-12,3.50,3.55,3.33,3.49,156518
21-Mar-12,3.16,3.55,3.12,3.50,92165
20-Mar-12,3.03,3.18,2.91,3.16,117044
19-Mar-12,2.97,3.13,2.97,3.13,73068
16-Mar-12,2.82,3.10,2.82,3.04,335314
15-Mar-12,2.77,2.83,2.77,2.78,72032
14-Mar-12,2.79,2.83,2.69,2.78,70550
13-Mar-12,2.88,3.07,2.77,2.83,515098
12-Mar-12,2.80,2.95,2.75,2.85,393670
9-Mar-12,2.75,2.84,2.72,2.75,36620
8-Mar-12,2.80,2.82,2.71,2.80,24810
7-Mar-12,2.77,2.87,2.75,2.78,29303
6-Mar-12,2.69,2.84,2.58,2.78,33816
5-Mar-12,3.00,3.03,2.88,2.88,60215
2-Mar-12,2.95,3.04,2.95,2.98,29890
1-Mar-12,3.10,3.10,2.92,2.95,171000
29-Feb-12,2.95,3.01,2.90,2.98,84694
28-Feb-12,2.95,3.01,2.94,2.97,182459
27-Feb-12,2.95,3.12,2.93,2.96,131378
24-Feb-12,3.02,3.02,2.93,2.99,101404
23-Feb-12,2.96,3.00,2.88,2.94,53750
22-Feb-12,3.06,3.06,2.81,2.94,34750
21-Feb-12,3.00,3.07,2.94,2.99,168762
17-Feb-12,3.03,3.03,2.93,2.93,43258
16-Feb-12,2.99,3.03,2.94,3.00,39338
15-Feb-12,2.80,3.01,2.80,3.00,88475
14-Feb-12,2.86,2.86,2.71,2.80,114752
13-Feb-12,2.95,3.11,2.86,2.90,24194
10-Feb-12,3.00,3.05,2.92,2.95,109236
9-Feb-12,3.00,3.01,2.99,2.99,17843
8-Feb-12,3.07,3.08,2.98,3.00,220013
7-Feb-12,3.20,3.20,2.99,3.03,132168
6-Feb-12,3.32,3.32,3.18,3.20,450029
3-Feb-12,3.38,3.38,3.28,3.31,65442
2-Feb-12,3.40,3.42,3.34,3.37,169155
1-Feb-12,3.50,3.52,3.37,3.39,127958
31-Jan-12,3.52,3.70,3.39,3.49,498758
30-Jan-12,3.56,3.58,3.50,3.53,52935
27-Jan-12,3.56,3.61,3.55,3.57,51722
26-Jan-12,3.49,3.63,3.49,3.57,100446
25-Jan-12,3.57,3.57,3.48,3.53,115308
24-Jan-12,3.60,3.63,3.53,3.57,62766
23-Jan-12,3.64,3.70,3.60,3.68,55169
20-Jan-12,3.71,3.73,3.52,3.72,55493
19-Jan-12,3.81,3.83,3.65,3.71,54158
18-Jan-12,3.81,4.01,3.78,3.80,23900
17-Jan-12,3.85,3.91,3.73,3.79,137859
13-Jan-12,3.85,3.85,3.85,3.85,0
12-Jan-12,3.70,3.80,3.66,3.77,177069
11-Jan-12,3.57,3.72,3.55,3.70,83364
10-Jan-12,3.58,3.61,3.51,3.59,84338
9-Jan-12,3.55,3.56,3.50,3.54,33016
6-Jan-12,3.54,3.66,3.54,3.54,5800
5-Jan-12,3.53,3.56,3.48,3.55,66083
4-Jan-12,3.50,3.62,3.47,3.55,125770
3-Jan-12,3.70,3.73,3.46,3.55,120614
30-Dec-11,3.63,3.63,3.63,3.63,0
29-Dec-11,3.48,3.50,3.17,3.50,91279
28-Dec-11,3.37,3.52,3.36,3.50,144754
27-Dec-11,3.30,3.49,3.30,3.45,216983
23-Dec-11,3.36,3.36,3.36,3.36,0
22-Dec-11,3.27,3.44,3.27,3.39,129999
21-Dec-11,3.38,3.38,3.38,3.38,0
20-Dec-11,3.32,3.50,3.30,3.36,135514
19-Dec-11,3.48,3.50,3.24,3.30,110781
16-Dec-11,3.47,3.50,3.40,3.44,72346
15-Dec-11,3.50,3.52,3.43,3.46,73862
14-Dec-11,3.71,3.76,3.43,3.48,98634
13-Dec-11,3.76,3.76,3.76,3.76,0
12-Dec-11,3.49,3.65,3.35,3.61,129439
9-Dec-11,3.52,3.56,3.48,3.50,69147
8-Dec-11,3.43,3.65,3.43,3.53,69388
7-Dec-11,3.54,3.60,3.40,3.50,158528
6-Dec-11,3.55,3.63,3.39,3.56,156266
5-Dec-11,3.64,3.64,3.42,3.54,190469
2-Dec-11,3.55,3.64,3.50,3.59,195329
1-Dec-11,3.27,3.52,3.25,3.50,286727
30-Nov-11,3.27,3.45,3.24,3.33,495248
29-Nov-11,3.08,3.20,3.05,3.19,269199
28-Nov-11,3.10,3.10,2.69,3.08,132615
25-Nov-11,2.90,3.17,2.81,3.01,72948
23-Nov-11,2.97,2.97,2.97,2.97,0
22-Nov-11,2.74,2.83,2.65,2.69,62452
21-Nov-11,2.84,2.87,2.71,2.75,103303
18-Nov-11,2.85,2.85,2.85,2.85,0
17-Nov-11,2.36,2.80,2.30,2.75,150188
16-Nov-11,2.40,2.40,2.31,2.35,50475
15-Nov-11,2.49,2.49,2.40,2.45,20252
14-Nov-11,2.48,2.50,2.30,2.48,49279
11-Nov-11,2.52,2.54,2.35,2.50,59949
10-Nov-11,2.68,2.68,2.68,2.68,0
9-Nov-11,2.60,2.88,2.60,2.63,33710
8-Nov-11,2.62,2.84,2.58,2.76,61338
7-Nov-11,2.76,2.82,2.59,2.64,44046
4-Nov-11,2.53,2.80,2.53,2.74,27125
3-Nov-11,2.79,2.79,2.79,2.79,0
2-Nov-11,2.76,2.86,2.69,2.72,29378
1-Nov-11,2.67,2.95,2.47,2.80,38553
31-Oct-11,2.75,2.75,2.75,2.75,0
28-Oct-11,2.57,2.97,2.38,2.97,85096
27-Oct-11,2.42,2.59,2.29,2.55,108617
26-Oct-11,2.42,2.42,2.42,2.42,0
25-Oct-11,2.47,2.47,2.32,2.38,33212
24-Oct-11,2.33,2.53,2.33,2.50,26607
21-Oct-11,2.31,2.43,2.26,2.34,46455
20-Oct-11,2.44,2.44,2.34,2.37,2500
19-Oct-11,2.39,2.46,2.39,2.43,800
18-Oct-11,2.43,2.50,2.31,2.43,19900
17-Oct-11,2.52,2.56,2.38,2.42,214953
14-Oct-11,2.45,2.58,2.27,2.56,37380
13-Oct-11,2.22,2.51,2.22,2.42,66965
12-Oct-11,2.43,2.43,2.43,2.43,0
11-Oct-11,2.40,2.56,2.23,2.42,86159
10-Oct-11,2.41,2.41,2.41,2.41,0
7-Oct-11,2.33,2.36,2.21,2.25,62487
6-Oct-11,2.30,2.30,2.30,2.30,0
5-Oct-11,2.31,2.56,2.24,2.50,63638
4-Oct-11,2.27,2.30,2.20,2.30,64267
3-Oct-11,2.45,2.63,2.26,2.31,286042
30-Sep-11,2.65,2.72,2.44,2.49,127612
29-Sep-11,2.54,2.54,2.54,2.54,0
