Date,Open,High,Low,Close,Volume
27-Sep-12,9.10,9.14,9.08,9.13,8387
26-Sep-12,9.13,9.15,9.02,9.04,39194
25-Sep-12,9.09,9.14,9.03,9.06,23170
24-Sep-12,9.05,9.15,9.01,9.04,66645
21-Sep-12,9.11,9.11,8.99,9.06,103654
20-Sep-12,9.10,9.12,9.00,9.03,42333
19-Sep-12,9.10,9.13,9.02,9.05,34452
18-Sep-12,9.09,9.10,9.01,9.05,24457
17-Sep-12,9.02,9.11,9.02,9.03,18505
14-Sep-12,9.13,9.14,9.02,9.02,23394
13-Sep-12,9.02,9.20,9.00,9.08,23536
12-Sep-12,9.14,9.18,8.99,9.02,61042
11-Sep-12,9.03,9.14,8.99,9.14,57742
10-Sep-12,8.93,9.10,8.93,8.95,13293
7-Sep-12,9.12,9.12,8.91,8.98,31874
6-Sep-12,8.90,9.28,8.90,9.04,40006
5-Sep-12,8.94,8.95,8.83,8.88,16555
4-Sep-12,8.84,9.00,8.79,8.84,23391
31-Aug-12,8.89,8.90,8.74,8.77,20269
30-Aug-12,8.80,8.91,8.71,8.78,27220
29-Aug-12,8.74,8.87,8.70,8.81,25162
28-Aug-12,8.70,8.79,8.70,8.76,40607
27-Aug-12,8.76,8.78,8.71,8.72,11198
24-Aug-12,8.64,8.80,8.61,8.70,25605
23-Aug-12,8.63,8.68,8.55,8.65,13254
22-Aug-12,8.60,8.65,8.54,8.64,32406
21-Aug-12,8.58,8.61,8.56,8.58,45554
20-Aug-12,8.57,8.60,8.54,8.60,27261
17-Aug-12,8.74,8.74,8.58,8.59,13920
16-Aug-12,8.57,8.63,8.52,8.59,11315
15-Aug-12,8.57,8.57,8.52,8.56,3173
14-Aug-12,8.56,8.56,8.53,8.53,629
13-Aug-12,8.58,8.58,8.51,8.55,2579
10-Aug-12,8.54,8.58,8.54,8.55,2846
9-Aug-12,8.57,8.63,8.50,8.52,9762
8-Aug-12,8.56,8.56,8.52,8.56,2917
7-Aug-12,8.52,8.57,8.51,8.55,7073
6-Aug-12,8.47,8.51,8.47,8.49,7507
3-Aug-12,8.40,8.43,8.40,8.40,2966
2-Aug-12,8.47,8.47,8.35,8.37,7148
1-Aug-12,8.49,8.52,8.45,8.50,22121
31-Jul-12,8.49,8.49,8.39,8.43,7149
30-Jul-12,8.55,8.55,8.40,8.47,15630
27-Jul-12,8.42,8.53,8.34,8.52,32056
26-Jul-12,8.36,8.40,8.32,8.33,17263
25-Jul-12,8.40,8.40,8.31,8.31,8042
24-Jul-12,8.42,8.44,8.31,8.36,14662
23-Jul-12,8.49,8.49,8.36,8.42,26584
20-Jul-12,8.66,8.66,8.50,8.59,23274
19-Jul-12,8.63,8.64,8.60,8.64,15186
18-Jul-12,8.64,8.66,8.50,8.58,8016
17-Jul-12,8.52,8.61,8.51,8.61,15135
16-Jul-12,8.51,8.52,8.48,8.52,15544
13-Jul-12,8.50,8.52,8.47,8.50,18288
12-Jul-12,8.41,8.52,8.40,8.48,14288
11-Jul-12,8.45,8.48,8.40,8.48,11867
10-Jul-12,8.50,8.51,8.42,8.49,26860
9-Jul-12,8.51,8.53,8.37,8.48,13088
6-Jul-12,8.49,8.52,8.42,8.49,40719
5-Jul-12,8.47,8.52,8.40,8.51,35293
3-Jul-12,8.47,8.52,8.42,8.52,5262
2-Jul-12,8.34,8.47,8.34,8.45,9035
29-Jun-12,8.29,8.47,8.29,8.40,14743
28-Jun-12,8.21,8.31,8.12,8.23,19640
27-Jun-12,8.10,8.30,8.10,8.21,15694
26-Jun-12,8.11,8.17,8.07,8.12,14071
25-Jun-12,8.15,8.17,8.08,8.13,46571
22-Jun-12,8.06,8.21,8.06,8.16,9837
21-Jun-12,8.21,8.23,8.10,8.10,6602
20-Jun-12,8.13,8.17,8.10,8.16,16677
19-Jun-12,8.18,8.27,8.14,8.16,34395
18-Jun-12,8.07,8.20,8.07,8.11,38057
15-Jun-12,8.00,8.11,8.00,8.11,8849
14-Jun-12,7.94,8.06,7.94,8.02,18583
13-Jun-12,7.92,7.98,7.89,7.92,23268
12-Jun-12,8.00,8.08,7.94,8.08,9170
11-Jun-12,8.09,8.09,8.01,8.01,29850
8-Jun-12,8.00,8.05,7.99,8.05,21285
7-Jun-12,8.05,8.05,7.95,7.99,44994
6-Jun-12,7.95,8.02,7.91,8.02,31113
5-Jun-12,7.87,7.93,7.84,7.88,36332
4-Jun-12,7.90,7.91,7.81,7.88,24632
1-Jun-12,8.03,8.03,7.86,7.90,40431
31-May-12,8.06,8.08,8.01,8.05,18678
30-May-12,8.11,8.11,8.03,8.07,32014
29-May-12,8.11,8.18,8.07,8.17,20637
25-May-12,8.01,8.16,8.01,8.10,35138
24-May-12,8.08,8.08,7.99,8.04,46819
23-May-12,8.06,8.10,7.91,8.02,97517
22-May-12,8.06,8.11,8.05,8.06,44824
21-May-12,8.07,8.07,8.01,8.05,23051
18-May-12,8.18,8.18,8.03,8.06,34830
17-May-12,8.24,8.25,8.13,8.17,30672
16-May-12,8.24,8.29,8.22,8.25,28005
15-May-12,8.23,8.44,8.18,8.22,32388
14-May-12,8.35,8.35,8.26,8.29,18948
11-May-12,8.40,8.40,8.31,8.34,14678
10-May-12,8.36,8.41,8.36,8.38,4716
9-May-12,8.33,8.38,8.31,8.34,35655
8-May-12,8.41,8.41,8.31,8.37,22849
7-May-12,8.45,8.46,8.41,8.44,10711
4-May-12,8.47,8.50,8.41,8.44,44774
3-May-12,8.60,8.60,8.51,8.54,39846
2-May-12,8.46,8.59,8.46,8.49,38767
1-May-12,8.50,8.64,8.50,8.54,25352
30-Apr-12,8.48,8.53,8.46,8.50,31183
27-Apr-12,8.48,8.48,8.42,8.46,25058
26-Apr-12,8.36,8.53,8.36,8.42,65417
25-Apr-12,8.52,8.55,8.40,8.41,51530
24-Apr-12,8.45,8.45,8.34,8.37,47924
23-Apr-12,8.40,8.48,8.37,8.48,19732
20-Apr-12,8.47,8.50,8.43,8.46,15779
19-Apr-12,8.45,8.53,8.43,8.47,55638
18-Apr-12,8.48,8.50,8.45,8.46,36381
17-Apr-12,8.34,8.54,8.34,8.50,27049
16-Apr-12,8.24,8.32,8.19,8.31,25257
13-Apr-12,8.31,8.31,8.23,8.26,7486
12-Apr-12,8.26,8.33,8.26,8.33,25410
11-Apr-12,8.32,8.32,8.21,8.25,56942
10-Apr-12,8.32,8.36,8.16,8.22,16210
9-Apr-12,8.28,8.39,8.23,8.36,23745
5-Apr-12,8.28,8.33,8.22,8.28,14336
4-Apr-12,8.34,8.35,8.28,8.30,20723
3-Apr-12,8.36,8.42,8.33,8.42,29114
2-Apr-12,8.35,8.44,8.32,8.44,18617
30-Mar-12,8.29,8.33,8.26,8.32,19527
29-Mar-12,8.21,8.27,8.14,8.27,32489
28-Mar-12,8.27,8.27,8.14,8.25,22040
27-Mar-12,8.25,8.29,8.24,8.27,10880
26-Mar-12,8.14,8.28,8.14,8.27,22350
23-Mar-12,8.10,8.14,8.06,8.14,11749
22-Mar-12,8.03,8.09,8.02,8.07,12090
21-Mar-12,8.10,8.12,8.04,8.12,19830
20-Mar-12,8.10,8.12,8.08,8.10,9677
19-Mar-12,8.15,8.15,8.09,8.14,11331
16-Mar-12,8.06,8.13,8.06,8.08,23695
15-Mar-12,8.04,8.12,8.04,8.09,26445
14-Mar-12,8.12,8.13,8.05,8.08,21466
13-Mar-12,8.08,8.10,8.02,8.10,56752
12-Mar-12,8.01,8.06,8.00,8.02,23928
9-Mar-12,7.95,8.02,7.94,8.00,26774
8-Mar-12,7.82,7.91,7.82,7.90,25929
7-Mar-12,7.81,7.83,7.78,7.79,20463
6-Mar-12,7.81,7.86,7.78,7.78,36563
5-Mar-12,7.80,7.86,7.76,7.85,57034
2-Mar-12,7.80,7.87,7.74,7.80,23131
1-Mar-12,7.83,7.87,7.81,7.84,11104
29-Feb-12,7.83,7.88,7.78,7.80,16845
28-Feb-12,7.85,7.85,7.81,7.85,14671
27-Feb-12,7.83,7.83,7.79,7.82,13609
24-Feb-12,7.85,7.88,7.81,7.83,16238
23-Feb-12,7.80,7.89,7.80,7.85,8058
22-Feb-12,7.78,7.85,7.78,7.84,9170
21-Feb-12,7.85,7.87,7.80,7.85,17621
17-Feb-12,7.80,7.81,7.77,7.81,11267
16-Feb-12,7.71,7.80,7.71,7.75,32568
15-Feb-12,7.75,7.77,7.68,7.69,24843
14-Feb-12,7.63,7.72,7.63,7.72,12607
13-Feb-12,7.59,7.75,7.59,7.69,27435
10-Feb-12,7.63,7.69,7.61,7.65,24481
9-Feb-12,7.74,7.88,7.72,7.72,27017
8-Feb-12,7.75,7.81,7.75,7.77,20422
7-Feb-12,7.75,7.79,7.73,7.74,6526
6-Feb-12,7.75,7.79,7.65,7.79,18622
3-Feb-12,7.60,7.75,7.60,7.72,22121
2-Feb-12,7.55,7.61,7.55,7.58,14012
1-Feb-12,7.50,7.58,7.50,7.55,29194
31-Jan-12,7.58,7.58,7.44,7.44,34179
30-Jan-12,7.42,7.57,7.42,7.50,10797
27-Jan-12,7.42,7.53,7.42,7.53,13319
26-Jan-12,7.51,7.57,7.48,7.48,10175
25-Jan-12,7.43,7.50,7.42,7.50,25828
24-Jan-12,7.40,7.47,7.40,7.47,21317
23-Jan-12,7.42,7.48,7.40,7.44,13798
20-Jan-12,7.42,7.44,7.39,7.42,15082
19-Jan-12,7.42,7.44,7.41,7.44,34578
18-Jan-12,7.35,7.44,7.34,7.40,30185
17-Jan-12,7.32,7.40,7.32,7.36,4673
13-Jan-12,7.34,7.34,7.34,7.34,0
12-Jan-12,7.40,7.41,7.33,7.33,13528
11-Jan-12,7.36,7.42,7.32,7.33,18042
10-Jan-12,7.32,7.45,7.32,7.42,19205
9-Jan-12,7.25,7.26,7.23,7.24,16263
6-Jan-12,7.16,7.27,7.16,7.24,8981
5-Jan-12,7.17,7.25,7.17,7.21,4643
4-Jan-12,7.18,7.20,7.17,7.17,9018
3-Jan-12,7.20,7.29,7.16,7.20,15116
30-Dec-11,7.13,7.13,7.13,7.13,0
29-Dec-11,7.10,7.14,7.01,7.14,21798
28-Dec-11,7.15,7.15,7.01,7.06,21913
27-Dec-11,7.03,7.17,7.03,7.15,13921
23-Dec-11,7.08,7.08,7.08,7.08,0
22-Dec-11,6.99,7.10,6.98,7.09,55197
21-Dec-11,6.92,7.02,6.91,7.02,39250
20-Dec-11,6.83,6.95,6.83,6.89,26234
19-Dec-11,6.93,6.94,6.83,6.83,8946
16-Dec-11,6.89,6.98,6.89,6.92,6067
15-Dec-11,6.93,7.01,6.89,6.89,19206
14-Dec-11,6.84,6.95,6.84,6.88,32605
13-Dec-11,6.94,6.97,6.90,6.92,64459
12-Dec-11,6.95,6.95,6.82,6.92,23305
9-Dec-11,6.89,7.00,6.89,6.95,27550
8-Dec-11,6.97,6.97,6.85,6.85,23780
7-Dec-11,6.96,6.99,6.93,6.99,18772
6-Dec-11,6.90,7.00,6.90,6.99,13857
5-Dec-11,6.95,6.99,6.90,6.93,48023
2-Dec-11,7.00,7.00,6.86,6.89,52625
1-Dec-11,6.95,6.99,6.93,6.94,11391
30-Nov-11,6.86,6.94,6.86,6.92,50726
29-Nov-11,6.64,6.76,6.64,6.76,23998
28-Nov-11,6.71,6.74,6.60,6.62,46074
25-Nov-11,6.58,6.59,6.55,6.59,14176
23-Nov-11,6.58,6.58,6.58,6.58,0
22-Nov-11,6.67,6.71,6.61,6.62,30021
21-Nov-11,6.73,6.73,6.58,6.65,26367
18-Nov-11,6.80,6.82,6.72,6.75,27737
17-Nov-11,6.96,6.96,6.76,6.80,58735
16-Nov-11,6.92,6.96,6.88,6.89,20850
15-Nov-11,6.82,6.96,6.82,6.96,54784
14-Nov-11,6.93,6.93,6.83,6.90,13756
11-Nov-11,6.91,7.00,6.90,6.91,59226
10-Nov-11,6.95,6.95,6.87,6.88,36924
9-Nov-11,6.99,6.99,6.89,6.92,19751
8-Nov-11,7.00,7.04,6.97,7.01,19236
7-Nov-11,6.92,7.00,6.92,6.96,11997
4-Nov-11,6.99,7.01,6.94,6.95,18460
3-Nov-11,7.03,7.05,6.97,6.98,8858
2-Nov-11,7.02,7.10,6.95,6.95,17679
1-Nov-11,7.00,7.08,7.00,7.02,11220
31-Oct-11,7.12,7.19,7.06,7.15,16755
28-Oct-11,7.13,7.18,7.13,7.17,17693
27-Oct-11,7.23,7.23,7.10,7.19,26155
26-Oct-11,6.93,7.00,6.88,7.00,11957
25-Oct-11,6.95,6.97,6.90,6.90,17267
24-Oct-11,6.97,7.17,6.93,6.99,30413
21-Oct-11,6.90,7.00,6.90,6.93,15661
20-Oct-11,6.96,7.02,6.84,6.88,16425
19-Oct-11,7.00,7.00,6.93,6.97,3122
18-Oct-11,6.94,7.00,6.79,6.98,23232
17-Oct-11,6.95,6.95,6.82,6.85,10886
14-Oct-11,6.83,6.92,6.83,6.91,8076
13-Oct-11,6.80,6.88,6.78,6.80,6808
12-Oct-11,6.78,6.89,6.78,6.87,15526
11-Oct-11,6.71,6.78,6.71,6.78,22506
10-Oct-11,6.63,6.75,6.58,6.71,9884
7-Oct-11,6.62,6.65,6.58,6.58,7745
6-Oct-11,6.52,6.67,6.43,6.61,19132
5-Oct-11,6.44,6.57,6.44,6.57,14190
4-Oct-11,6.39,6.40,6.14,6.39,24168
3-Oct-11,6.55,6.62,6.48,6.48,30123
30-Sep-11,6.73,6.80,6.67,6.68,12561
