Date,Open,High,Low,Close,Volume
26-Sep-12,21.82,21.95,21.72,21.72,4853
25-Sep-12,21.92,21.93,21.79,21.87,4454
24-Sep-12,21.96,21.96,21.77,21.83,8442
21-Sep-12,21.89,21.98,21.79,21.95,6928
20-Sep-12,21.89,21.89,21.73,21.83,7467
19-Sep-12,21.63,21.87,21.62,21.87,9401
18-Sep-12,21.59,21.85,21.55,21.68,7977
17-Sep-12,21.52,21.58,21.50,21.58,8030
14-Sep-12,21.56,21.77,21.50,21.58,12044
13-Sep-12,21.35,21.41,21.25,21.36,6577
12-Sep-12,21.69,21.69,21.25,21.51,15297
11-Sep-12,21.18,21.39,21.15,21.39,11889
10-Sep-12,21.43,21.57,21.26,21.28,11122
7-Sep-12,21.26,21.85,21.17,21.54,26231
6-Sep-12,21.37,21.42,21.26,21.31,7702
5-Sep-12,21.42,21.48,21.32,21.40,7328
4-Sep-12,21.21,21.45,21.18,21.42,9569
31-Aug-12,21.59,21.59,21.15,21.29,8082
30-Aug-12,21.15,21.40,21.12,21.33,9205
29-Aug-12,21.06,21.38,21.00,21.23,9958
28-Aug-12,21.10,21.22,21.03,21.08,6298
27-Aug-12,20.98,21.24,20.95,21.14,7228
24-Aug-12,21.09,21.09,20.88,21.05,7341
23-Aug-12,20.96,21.09,20.93,21.04,6872
22-Aug-12,20.89,20.96,20.82,20.93,11490
21-Aug-12,21.01,21.01,20.80,20.96,11127
20-Aug-12,20.92,20.97,20.90,20.93,4012
17-Aug-12,20.97,20.97,20.84,20.84,4253
16-Aug-12,20.84,20.99,20.84,20.89,2849
15-Aug-12,20.98,20.98,20.84,20.84,3085
14-Aug-12,20.86,21.01,20.86,21.00,3772
13-Aug-12,20.99,21.02,20.81,20.81,7674
10-Aug-12,21.05,21.15,21.01,21.15,2908
9-Aug-12,20.83,21.10,20.83,20.97,5724
8-Aug-12,20.82,21.02,20.82,20.95,5182
7-Aug-12,20.84,20.95,20.84,20.95,4063
6-Aug-12,20.97,20.97,20.89,20.92,3863
3-Aug-12,20.75,21.14,20.62,21.06,17758
2-Aug-12,20.53,20.68,20.53,20.68,3969
1-Aug-12,20.59,20.59,20.51,20.55,6401
31-Jul-12,20.65,20.80,20.63,20.63,7204
30-Jul-12,20.64,20.74,20.63,20.63,13490
27-Jul-12,20.57,20.66,20.57,20.66,3514
26-Jul-12,20.64,20.64,20.59,20.59,4856
25-Jul-12,20.59,20.59,20.54,20.57,4538
24-Jul-12,20.68,20.68,20.51,20.56,5091
23-Jul-12,20.61,20.68,20.51,20.68,7914
20-Jul-12,20.61,20.68,20.58,20.68,5766
19-Jul-12,20.59,20.60,20.45,20.60,12561
18-Jul-12,20.50,20.50,20.47,20.50,3926
17-Jul-12,20.65,20.70,20.45,20.51,8248
16-Jul-12,20.50,20.65,20.35,20.52,10493
13-Jul-12,20.68,20.74,20.50,20.62,5652
12-Jul-12,20.59,20.62,20.39,20.57,6593
11-Jul-12,20.54,20.59,20.54,20.56,5153
10-Jul-12,20.45,20.58,20.45,20.58,7954
9-Jul-12,20.39,20.45,20.39,20.45,2697
6-Jul-12,20.35,20.40,20.30,20.40,3201
5-Jul-12,20.30,20.35,20.30,20.35,5377
3-Jul-12,20.25,20.30,20.25,20.30,3861
2-Jul-12,20.15,20.25,20.10,20.25,8168
29-Jun-12,20.16,20.31,20.07,20.15,11229
28-Jun-12,20.03,20.10,19.93,20.10,5197
27-Jun-12,19.93,20.03,19.93,20.03,5086
26-Jun-12,19.80,19.87,19.80,19.87,5457
25-Jun-12,19.71,19.77,19.65,19.75,7544
22-Jun-12,19.67,19.77,19.67,19.77,3059
21-Jun-12,19.63,19.73,19.58,19.62,6065
20-Jun-12,19.53,19.58,19.53,19.58,4007
19-Jun-12,19.25,19.47,19.25,19.47,3759
18-Jun-12,19.22,19.26,19.11,19.26,3547
15-Jun-12,19.23,19.25,19.14,19.22,3571
14-Jun-12,19.14,19.31,19.14,19.24,4489
13-Jun-12,19.24,19.29,19.12,19.18,5058
12-Jun-12,19.27,19.46,19.27,19.46,2367
11-Jun-12,19.39,19.39,19.27,19.34,3096
8-Jun-12,19.36,19.40,19.28,19.40,4360
7-Jun-12,19.28,19.33,19.28,19.33,2917
6-Jun-12,19.13,19.30,19.11,19.30,4787
5-Jun-12,19.16,19.24,19.08,19.12,4439
4-Jun-12,19.06,19.26,19.02,19.26,8611
1-Jun-12,19.04,19.14,18.89,19.14,5583
31-May-12,19.29,19.34,19.19,19.27,11535
30-May-12,19.40,19.40,19.30,19.39,2191
29-May-12,19.46,19.75,19.38,19.54,4745
25-May-12,19.39,19.50,19.34,19.46,3323
24-May-12,19.53,19.53,19.41,19.46,2167
23-May-12,19.15,19.61,19.15,19.61,4156
22-May-12,19.22,19.46,19.18,19.25,3732
21-May-12,18.96,19.20,18.92,19.20,4986
18-May-12,19.02,19.02,18.91,18.98,5234
17-May-12,19.69,19.69,18.93,19.00,8036
16-May-12,19.75,19.75,19.65,19.70,3692
15-May-12,19.80,19.80,19.46,19.74,8904
14-May-12,19.96,19.96,19.82,19.91,4452
11-May-12,19.90,19.98,19.90,19.98,11049
10-May-12,19.85,19.95,19.85,19.90,7027
9-May-12,19.83,19.86,19.74,19.85,8972
8-May-12,19.89,19.94,19.84,19.94,6262
7-May-12,19.84,19.99,19.84,19.99,8850
4-May-12,19.94,19.94,19.85,19.93,6366
3-May-12,20.08,20.20,19.98,19.98,7103
2-May-12,20.11,20.22,20.05,20.15,8309
1-May-12,20.08,20.21,20.08,20.21,6294
30-Apr-12,20.16,20.16,20.13,20.13,4916
27-Apr-12,20.21,20.21,20.21,20.21,2375
26-Apr-12,20.18,20.18,20.10,20.17,3305
25-Apr-12,20.10,20.19,20.10,20.17,4968
24-Apr-12,19.94,20.07,19.94,20.07,4343
23-Apr-12,20.02,20.12,19.91,19.96,3586
20-Apr-12,19.99,20.10,19.97,20.00,5315
19-Apr-12,19.98,20.06,19.96,19.96,3507
18-Apr-12,20.15,20.15,19.91,19.98,6202
17-Apr-12,20.20,20.23,20.05,20.21,7799
16-Apr-12,20.11,20.25,20.04,20.25,2642
13-Apr-12,20.02,20.06,19.94,20.06,3347
12-Apr-12,20.18,20.18,20.02,20.02,6276
11-Apr-12,20.06,20.29,20.05,20.28,6968
10-Apr-12,19.98,20.14,19.98,20.06,6452
9-Apr-12,20.02,20.11,19.91,20.11,7359
5-Apr-12,20.31,20.31,20.11,20.11,3869
4-Apr-12,20.38,20.38,20.24,20.24,1008
3-Apr-12,20.43,20.43,20.32,20.40,4171
2-Apr-12,20.58,20.58,20.36,20.50,8536
30-Mar-12,20.46,20.68,20.30,20.52,9763
29-Mar-12,20.41,20.50,20.34,20.42,6446
28-Mar-12,20.22,20.46,20.07,20.41,6609
27-Mar-12,20.04,20.20,20.04,20.20,6478
26-Mar-12,20.17,20.23,20.05,20.12,5487
23-Mar-12,20.11,20.11,20.03,20.05,1815
22-Mar-12,20.00,20.20,20.00,20.20,3921
21-Mar-12,20.06,20.06,20.02,20.05,6188
20-Mar-12,20.00,20.13,20.00,20.10,1582
19-Mar-12,19.84,20.03,19.80,20.03,5248
16-Mar-12,19.92,19.94,19.76,19.94,4787
15-Mar-12,19.98,19.98,19.92,19.97,4165
14-Mar-12,20.10,20.10,20.00,20.03,5463
13-Mar-12,20.12,20.16,20.08,20.13,3213
12-Mar-12,20.17,20.18,20.10,20.10,6544
9-Mar-12,20.35,20.51,20.35,20.39,6392
8-Mar-12,20.34,20.40,20.20,20.39,5756
7-Mar-12,20.05,20.38,19.99,20.38,7874
6-Mar-12,20.06,20.21,20.06,20.09,8911
5-Mar-12,20.53,20.56,20.20,20.22,10545
2-Mar-12,20.67,20.70,20.52,20.63,10492
1-Mar-12,20.72,20.84,20.72,20.74,4783
29-Feb-12,20.92,21.00,20.79,20.79,5694
28-Feb-12,20.89,21.00,20.89,20.91,2643
27-Feb-12,21.03,21.18,20.93,20.93,7637
24-Feb-12,20.82,21.12,20.70,21.12,10927
23-Feb-12,20.72,20.83,20.72,20.83,2267
22-Feb-12,20.53,20.76,20.53,20.70,6018
21-Feb-12,20.78,20.81,20.60,20.60,6653
17-Feb-12,20.87,20.87,20.73,20.82,7183
16-Feb-12,20.81,20.81,20.59,20.77,8082
15-Feb-12,20.79,20.81,20.73,20.81,9543
14-Feb-12,20.96,20.96,20.60,20.75,11440
13-Feb-12,21.01,21.01,20.80,20.96,11202
10-Feb-12,20.72,21.00,20.72,21.00,3635
9-Feb-12,20.87,20.88,20.79,20.88,7831
8-Feb-12,20.86,20.88,20.74,20.88,4837
7-Feb-12,20.78,20.90,20.78,20.87,5277
6-Feb-12,20.90,20.90,20.77,20.84,3724
3-Feb-12,20.84,20.90,20.79,20.88,4170
2-Feb-12,20.81,20.88,20.67,20.77,8602
1-Feb-12,20.53,21.31,20.53,20.82,14476
31-Jan-12,20.53,20.60,20.37,20.52,6706
30-Jan-12,20.35,20.50,20.25,20.45,10243
27-Jan-12,20.43,20.64,20.35,20.48,5302
26-Jan-12,20.40,20.45,20.35,20.42,4726
25-Jan-12,20.02,20.38,20.02,20.38,2778
24-Jan-12,19.85,20.07,19.71,20.07,4463
23-Jan-12,19.65,19.86,19.65,19.80,6670
20-Jan-12,19.56,19.69,19.43,19.65,5438
19-Jan-12,19.44,19.49,19.42,19.44,5074
18-Jan-12,19.67,19.72,19.36,19.42,11007
17-Jan-12,19.77,19.88,19.53,19.53,11303
13-Jan-12,19.84,19.84,19.84,19.84,0
12-Jan-12,19.66,19.90,19.56,19.77,10981
11-Jan-12,19.52,19.99,19.45,19.76,16697
10-Jan-12,19.41,19.56,19.41,19.48,8726
9-Jan-12,19.36,19.36,19.25,19.36,3539
6-Jan-12,19.26,19.31,19.24,19.31,4500
5-Jan-12,19.14,19.31,19.13,19.31,4215
4-Jan-12,19.20,19.20,19.11,19.19,2703
3-Jan-12,19.42,19.47,19.05,19.26,5571
30-Dec-11,19.27,19.27,19.10,19.22,5269
29-Dec-11,19.46,19.49,19.05,19.23,6299
28-Dec-11,19.37,19.49,19.35,19.46,4486
27-Dec-11,19.20,19.35,19.20,19.30,4578
23-Dec-11,19.22,19.22,19.22,19.22,0
22-Dec-11,19.04,19.25,19.04,19.20,4586
21-Dec-11,19.12,19.12,18.97,18.97,4327
20-Dec-11,19.50,19.50,18.89,19.22,12801
19-Dec-11,19.08,19.08,18.82,18.97,5868
16-Dec-11,19.17,19.17,18.85,18.85,3628
15-Dec-11,19.23,19.23,18.88,18.97,3385
14-Dec-11,19.39,19.39,18.98,19.09,8555
13-Dec-11,19.57,19.57,19.31,19.34,5512
12-Dec-11,19.45,19.47,19.24,19.47,4719
9-Dec-11,19.35,19.64,19.16,19.51,8071
8-Dec-11,19.24,19.47,19.14,19.30,11366
7-Dec-11,19.23,19.52,19.16,19.28,6691
6-Dec-11,19.24,19.24,19.10,19.17,4833
5-Dec-11,19.27,19.48,19.17,19.19,6051
2-Dec-11,19.18,19.32,19.02,19.15,7705
1-Dec-11,19.06,19.12,18.95,19.12,8700
30-Nov-11,19.13,19.14,18.91,18.94,6684
29-Nov-11,18.89,19.06,18.88,18.88,10914
28-Nov-11,19.20,19.20,18.84,18.95,8949
25-Nov-11,18.90,19.01,18.83,18.90,4804
23-Nov-11,18.84,18.84,18.84,18.84,0
22-Nov-11,19.16,19.20,18.96,18.97,6814
21-Nov-11,19.29,19.29,19.05,19.08,8012
18-Nov-11,19.40,19.47,19.12,19.31,7876
17-Nov-11,19.36,19.36,19.09,19.23,6743
16-Nov-11,19.36,19.38,19.10,19.15,7465
15-Nov-11,19.52,19.52,19.25,19.28,7224
14-Nov-11,19.59,19.66,19.45,19.45,6248
11-Nov-11,20.06,20.06,19.52,19.57,6870
10-Nov-11,19.55,19.65,19.21,19.58,13121
9-Nov-11,19.56,19.65,19.40,19.56,10318
8-Nov-11,19.38,19.62,19.29,19.62,9584
7-Nov-11,19.65,19.72,19.29,19.39,8334
4-Nov-11,19.60,19.60,19.40,19.54,6824
3-Nov-11,19.63,19.63,19.30,19.61,8046
2-Nov-11,19.50,19.60,19.44,19.51,8650
1-Nov-11,19.61,19.68,19.32,19.38,7848
31-Oct-11,19.90,19.94,19.67,19.76,4830
28-Oct-11,19.93,20.07,19.89,20.04,5797
27-Oct-11,20.12,20.15,19.83,19.83,5326
26-Oct-11,19.68,19.89,19.64,19.77,6313
25-Oct-11,19.70,19.70,19.56,19.57,8956
24-Oct-11,19.33,19.89,19.33,19.61,6780
21-Oct-11,19.02,19.42,19.02,19.28,6921
20-Oct-11,18.90,18.90,18.78,18.90,7213
19-Oct-11,19.04,19.04,18.76,18.76,5082
18-Oct-11,18.83,18.98,18.77,18.98,4897
17-Oct-11,18.89,18.89,18.71,18.72,7144
14-Oct-11,18.70,18.97,18.70,18.90,4120
13-Oct-11,18.80,18.83,18.53,18.63,6022
12-Oct-11,18.60,18.84,18.60,18.84,8049
11-Oct-11,18.64,18.73,18.64,18.70,2339
10-Oct-11,18.50,18.72,18.50,18.65,7038
7-Oct-11,18.53,18.60,18.24,18.25,10241
6-Oct-11,18.45,18.52,18.31,18.47,7151
5-Oct-11,17.78,18.44,17.70,18.39,10534
4-Oct-11,17.75,17.86,17.35,17.86,16553
3-Oct-11,18.46,18.62,17.78,18.06,8644
30-Sep-11,18.72,18.72,18.51,18.58,4492
29-Sep-11,18.97,18.97,18.78,18.85,2653
