Date,Open,High,Low,Close,Volume
27-Sep-12,17.75,17.85,17.50,17.76,4773
26-Sep-12,18.00,18.00,17.70,17.77,3036
25-Sep-12,18.00,18.81,18.00,18.12,2034
24-Sep-12,17.98,18.04,17.75,17.90,4820
21-Sep-12,17.95,17.98,17.98,17.98,751
20-Sep-12,17.93,17.93,17.86,17.86,700
19-Sep-12,17.77,17.77,17.77,17.77,0
18-Sep-12,17.90,17.90,17.90,17.90,400
17-Sep-12,17.77,17.77,17.77,17.77,100
14-Sep-12,18.01,18.01,17.76,17.84,600
13-Sep-12,18.04,18.05,18.05,18.05,100
12-Sep-12,18.20,18.20,18.00,18.00,570
11-Sep-12,18.12,18.12,18.12,18.12,200
10-Sep-12,18.00,18.00,18.00,18.00,300
7-Sep-12,18.05,18.20,17.75,18.20,1600
6-Sep-12,18.20,18.20,18.00,18.00,978
5-Sep-12,18.20,18.20,18.20,18.20,400
4-Sep-12,18.01,18.47,18.00,18.19,2159
31-Aug-12,18.01,18.01,18.01,18.01,132
30-Aug-12,18.34,18.34,18.00,18.00,550
29-Aug-12,18.00,18.00,18.00,18.00,300
28-Aug-12,18.00,18.01,18.00,18.00,2071
27-Aug-12,18.04,18.08,18.00,18.00,1458
24-Aug-12,18.25,18.30,18.00,18.30,1053
23-Aug-12,18.00,18.06,18.00,18.06,800
22-Aug-12,18.33,18.33,18.32,18.33,1942
21-Aug-12,17.75,18.01,17.75,18.01,1201
20-Aug-12,17.84,17.85,17.50,17.50,839
17-Aug-12,17.97,18.00,17.82,17.82,417
16-Aug-12,17.75,17.97,17.73,17.93,1100
15-Aug-12,17.75,17.75,17.74,17.74,1254
14-Aug-12,17.74,17.74,17.66,17.66,1055
13-Aug-12,17.75,17.83,17.49,17.77,3708
10-Aug-12,17.81,17.99,17.51,17.60,2440
9-Aug-12,17.81,17.81,17.81,17.81,1080
8-Aug-12,18.11,18.22,17.85,17.85,4440
7-Aug-12,18.16,18.30,18.10,18.20,1986
6-Aug-12,18.23,18.25,18.23,18.25,267
3-Aug-12,18.26,18.26,18.26,18.26,400
2-Aug-12,18.00,18.29,17.80,18.04,2714
1-Aug-12,18.00,18.32,18.00,18.31,5442
31-Jul-12,18.00,18.00,18.00,18.00,0
30-Jul-12,18.00,18.00,18.00,18.00,0
27-Jul-12,17.67,18.00,17.67,18.00,732
26-Jul-12,18.35,18.35,18.05,18.05,1376
25-Jul-12,17.60,18.34,17.60,18.33,3866
24-Jul-12,18.00,18.11,17.94,18.04,2956
23-Jul-12,18.00,18.04,18.00,18.00,1334
20-Jul-12,18.00,18.02,18.00,18.02,1400
19-Jul-12,18.00,18.00,18.00,18.00,1348
18-Jul-12,17.93,18.01,17.88,18.00,2400
17-Jul-12,18.19,18.19,17.76,18.01,556
16-Jul-12,17.80,18.28,17.80,18.28,904
13-Jul-12,17.73,17.73,17.73,17.73,0
12-Jul-12,17.62,17.73,17.61,17.73,1116
11-Jul-12,17.95,17.95,17.95,17.95,0
10-Jul-12,18.38,18.42,17.90,17.92,1003
9-Jul-12,18.29,18.29,18.29,18.29,100
6-Jul-12,18.00,18.00,18.00,18.00,100
5-Jul-12,18.30,18.30,17.66,18.25,2395
3-Jul-12,17.55,18.30,17.50,18.30,3790
2-Jul-12,17.81,17.83,17.81,17.81,1908
29-Jun-12,17.87,18.29,17.66,17.98,1398
28-Jun-12,17.75,18.05,17.57,17.61,3608
27-Jun-12,17.75,18.05,17.58,17.58,600
26-Jun-12,17.50,17.50,17.50,17.50,200
25-Jun-12,17.79,17.79,17.62,17.62,301
22-Jun-12,17.50,18.30,17.50,18.05,816
21-Jun-12,17.97,18.05,17.75,17.75,1449
20-Jun-12,17.95,18.00,17.50,17.97,2400
19-Jun-12,17.75,17.94,17.50,17.52,1650
18-Jun-12,17.76,17.76,16.99,17.45,1673
15-Jun-12,17.96,17.97,17.75,17.75,755
14-Jun-12,17.86,17.86,17.86,17.86,0
13-Jun-12,17.50,17.50,17.26,17.26,586
12-Jun-12,17.86,17.86,17.86,17.86,0
11-Jun-12,18.05,18.05,17.81,17.86,1962
8-Jun-12,18.01,18.01,18.01,18.01,100
7-Jun-12,17.63,18.05,17.29,18.05,5655
6-Jun-12,17.39,17.69,17.01,17.69,4847
5-Jun-12,17.14,17.39,17.00,17.39,2963
4-Jun-12,17.30,17.30,17.18,17.27,700
1-Jun-12,17.33,17.33,17.10,17.33,2192
31-May-12,17.41,17.41,17.41,17.41,200
30-May-12,17.15,17.45,17.15,17.45,500
29-May-12,17.14,17.20,17.10,17.20,305
25-May-12,17.32,17.32,17.32,17.32,0
24-May-12,17.12,17.14,17.00,17.10,4000
23-May-12,17.35,17.49,17.10,17.10,1450
22-May-12,17.14,17.47,17.14,17.40,1900
21-May-12,17.14,17.14,17.14,17.14,400
18-May-12,17.23,17.23,17.23,17.23,0
17-May-12,17.23,17.27,17.23,17.27,1349
16-May-12,17.54,17.54,17.14,17.38,813
15-May-12,17.71,17.71,17.16,17.34,2796
14-May-12,17.55,17.80,17.07,17.80,8293
11-May-12,17.70,17.75,17.70,17.75,1340
10-May-12,17.60,17.90,17.60,17.84,903
9-May-12,18.02,18.02,17.55,17.70,5341
8-May-12,18.25,18.25,18.25,18.25,700
7-May-12,17.93,18.30,17.93,18.30,231
4-May-12,18.00,18.06,17.81,18.00,2703
3-May-12,18.35,18.35,17.87,17.87,900
2-May-12,18.31,18.40,18.22,18.40,2655
1-May-12,18.35,18.35,17.86,18.35,4714
30-Apr-12,18.30,18.30,18.30,18.30,100
27-Apr-12,18.33,18.34,18.23,18.33,860
26-Apr-12,18.09,18.34,18.09,18.17,2015
25-Apr-12,18.31,18.31,18.00,18.00,1200
24-Apr-12,18.05,18.25,17.78,18.25,4634
23-Apr-12,18.03,18.03,17.62,18.03,5501
20-Apr-12,17.69,18.17,17.60,18.04,4656
19-Apr-12,18.27,18.50,17.66,17.66,14367
18-Apr-12,18.16,18.40,18.15,18.26,2225
17-Apr-12,17.87,18.40,17.87,18.39,3771
16-Apr-12,17.60,17.98,17.60,17.75,11677
13-Apr-12,17.98,18.00,17.76,17.80,2001
12-Apr-12,18.00,18.20,17.58,17.90,1620
11-Apr-12,17.39,18.39,17.32,18.06,5627
10-Apr-12,17.60,18.00,17.23,17.23,7590
9-Apr-12,17.56,17.56,17.11,17.11,5150
5-Apr-12,17.75,17.88,17.55,17.55,5220
4-Apr-12,18.15,18.15,17.49,17.72,3228
3-Apr-12,18.80,18.80,18.02,18.02,13800
2-Apr-12,18.35,18.88,18.25,18.85,5816
30-Mar-12,18.21,18.40,18.21,18.40,4647
29-Mar-12,17.73,18.20,17.62,18.10,4810
28-Mar-12,17.70,17.85,17.53,17.74,6848
27-Mar-12,18.25,18.40,17.65,17.68,10155
26-Mar-12,17.74,18.36,17.67,18.17,7452
23-Mar-12,17.56,17.73,17.53,17.56,2136
22-Mar-12,17.66,17.96,17.51,17.96,3103
21-Mar-12,17.43,17.77,17.43,17.73,4203
20-Mar-12,17.60,17.70,17.28,17.68,1500
19-Mar-12,17.65,17.88,17.31,17.88,9152
16-Mar-12,17.99,18.29,17.25,17.53,22531
15-Mar-12,18.01,18.31,17.56,18.06,8846
14-Mar-12,18.33,18.65,17.74,17.85,6608
13-Mar-12,17.75,18.60,17.75,18.60,6764
12-Mar-12,17.64,17.85,17.29,17.73,4669
9-Mar-12,18.65,19.02,18.00,18.00,13784
8-Mar-12,18.19,19.52,18.17,18.62,8632
7-Mar-12,18.09,18.40,17.54,18.40,7258
6-Mar-12,17.25,17.25,17.25,17.25,100
5-Mar-12,18.00,18.00,18.00,18.00,0
2-Mar-12,18.00,18.00,18.00,18.00,0
1-Mar-12,18.00,18.12,17.75,18.00,2679
29-Feb-12,17.54,18.38,17.50,17.80,1450
28-Feb-12,17.75,17.75,17.03,17.48,16407
27-Feb-12,17.80,17.80,17.75,17.75,955
24-Feb-12,17.75,17.75,17.75,17.75,500
23-Feb-12,17.80,18.15,17.75,17.86,1058
22-Feb-12,17.86,17.86,17.75,17.78,1100
21-Feb-12,18.00,18.02,17.81,17.82,4155
17-Feb-12,17.90,18.15,17.86,17.93,2328
16-Feb-12,17.86,18.00,17.86,18.00,1372
15-Feb-12,17.86,17.86,17.86,17.86,200
14-Feb-12,18.00,18.00,17.83,17.90,1466
13-Feb-12,18.16,18.16,18.16,18.16,300
10-Feb-12,18.31,18.31,17.80,18.00,5100
9-Feb-12,18.10,18.45,18.09,18.45,3592
7-Feb-12,17.80,17.80,17.80,17.80,0
6-Feb-12,18.03,18.03,18.00,18.00,2294
3-Feb-12,18.25,18.30,18.25,18.30,473
2-Feb-12,18.22,18.50,17.95,18.50,1056
1-Feb-12,18.25,18.25,18.00,18.09,4520
30-Jan-12,17.90,17.90,17.90,17.90,0
27-Jan-12,18.24,18.25,17.80,18.25,2236
25-Jan-12,18.25,18.25,18.25,18.25,0
24-Jan-12,18.23,18.23,18.23,18.23,0
23-Jan-12,18.01,18.24,18.01,18.24,400
20-Jan-12,18.25,18.40,18.22,18.29,2995
19-Jan-12,18.24,18.25,17.90,18.21,1540
18-Jan-12,17.82,17.90,17.75,17.90,2533
17-Jan-12,17.96,18.25,17.96,18.25,1600
13-Jan-12,17.92,17.92,17.92,17.92,0
12-Jan-12,18.16,18.16,17.93,17.93,600
11-Jan-12,18.20,18.32,18.01,18.01,2346
10-Jan-12,18.30,18.30,18.30,18.30,0
9-Jan-12,18.05,18.13,18.05,18.10,2560
6-Jan-12,18.30,18.50,18.28,18.30,1800
5-Jan-12,18.28,18.30,18.28,18.30,300
4-Jan-12,18.24,18.25,18.11,18.15,3300
3-Jan-12,17.91,18.25,17.85,18.25,8257
30-Dec-11,17.75,17.75,17.75,17.75,0
29-Dec-11,17.38,18.12,17.38,17.97,1100
28-Dec-11,17.78,18.17,17.50,17.94,2842
27-Dec-11,17.80,18.24,17.14,17.81,5049
23-Dec-11,17.80,17.80,17.80,17.80,0
22-Dec-11,18.13,18.13,17.63,17.80,2739
21-Dec-11,18.15,18.19,17.76,18.19,1678
20-Dec-11,18.19,18.20,17.64,18.06,600
19-Dec-11,17.95,17.99,17.72,17.99,7195
16-Dec-11,17.63,17.80,17.60,17.64,4592
15-Dec-11,17.82,17.82,17.51,17.67,3589
14-Dec-11,17.84,18.06,17.84,18.00,500
13-Dec-11,18.11,18.24,17.79,17.94,6407
12-Dec-11,17.98,17.98,17.98,17.98,1000
9-Dec-11,17.80,17.99,17.79,17.98,2990
8-Dec-11,18.00,18.03,17.92,17.92,1648
7-Dec-11,18.06,18.06,18.02,18.02,1100
6-Dec-11,17.98,18.20,17.79,18.00,2020
5-Dec-11,18.24,18.24,17.98,17.98,3123
2-Dec-11,17.98,18.20,17.95,18.02,1442
1-Dec-11,18.26,18.53,18.20,18.25,6966
30-Nov-11,17.27,18.26,17.27,18.10,1005
29-Nov-11,18.13,18.13,18.13,18.13,0
28-Nov-11,18.38,18.38,18.38,18.38,0
25-Nov-11,18.37,18.37,18.37,18.37,0
23-Nov-11,17.98,17.98,17.98,17.98,0
22-Nov-11,17.96,18.00,17.96,17.96,600
21-Nov-11,18.01,18.01,17.99,17.99,300
18-Nov-11,18.01,18.16,18.00,18.10,3592
17-Nov-11,17.97,18.40,17.97,18.05,4513
16-Nov-11,17.97,17.97,17.97,17.97,300
15-Nov-11,18.01,18.16,18.00,18.15,4465
11-Nov-11,18.00,18.00,18.00,18.00,0
10-Nov-11,18.89,18.89,18.07,18.21,4280
9-Nov-11,18.50,18.80,18.50,18.75,1453
8-Nov-11,18.51,18.51,18.51,18.51,400
7-Nov-11,18.61,18.61,18.61,18.61,0
4-Nov-11,18.60,18.73,18.56,18.66,1000
3-Nov-11,18.81,18.81,18.51,18.74,1298
2-Nov-11,18.70,19.19,18.50,18.95,3766
1-Nov-11,18.52,19.16,18.52,18.82,5216
31-Oct-11,18.07,18.07,17.96,17.96,2583
27-Oct-11,18.02,18.02,18.02,18.02,0
26-Oct-11,18.01,18.25,18.00,18.16,2738
25-Oct-11,18.23,18.24,18.23,18.24,231
24-Oct-11,18.12,18.12,18.12,18.12,0
21-Oct-11,18.46,18.46,18.10,18.10,1750
20-Oct-11,18.24,18.25,17.98,18.25,3777
19-Oct-11,18.03,18.13,18.03,18.13,200
18-Oct-11,18.07,18.67,18.00,18.25,2974
17-Oct-11,18.04,18.10,17.99,17.99,460
14-Oct-11,18.87,18.88,17.96,18.69,1402
13-Oct-11,18.12,18.69,18.07,18.69,1007
12-Oct-11,18.36,18.37,18.00,18.02,4044
11-Oct-11,18.62,18.62,18.35,18.35,2207
10-Oct-11,18.85,18.85,18.60,18.60,300
7-Oct-11,18.66,18.67,18.43,18.47,3180
6-Oct-11,18.71,18.71,18.65,18.65,700
5-Oct-11,18.59,19.10,18.50,19.00,1667
4-Oct-11,18.65,18.65,18.65,18.65,400
3-Oct-11,18.87,19.00,18.60,18.65,5048
30-Sep-11,18.99,18.99,18.54,18.54,526
