Date,Open,High,Low,Close,Volume
26-Sep-12,12.85,12.96,12.54,12.80,2371203
25-Sep-12,13.14,13.20,12.78,12.86,4175006
24-Sep-12,13.28,13.29,13.10,13.13,1576740
21-Sep-12,13.44,13.56,13.32,13.32,1090051
20-Sep-12,13.35,13.38,13.22,13.33,528696
19-Sep-12,13.32,13.48,13.30,13.43,542796
18-Sep-12,13.43,13.46,13.33,13.39,607489
17-Sep-12,13.56,13.58,13.43,13.49,528608
14-Sep-12,13.60,13.72,13.40,13.55,765591
13-Sep-12,13.57,13.78,13.53,13.61,1148083
12-Sep-12,13.49,13.65,13.49,13.61,553941
11-Sep-12,13.62,13.63,13.48,13.49,567223
10-Sep-12,13.59,13.69,13.48,13.65,823258
7-Sep-12,13.45,13.56,13.34,13.54,2614872
6-Sep-12,13.48,13.54,13.45,13.48,2133859
5-Sep-12,13.35,13.49,13.31,13.42,3119712
4-Sep-12,13.16,13.41,13.10,13.39,3257701
31-Aug-12,12.95,13.22,12.83,13.20,3041458
30-Aug-12,12.92,13.00,12.83,12.84,1374600
29-Aug-12,13.03,13.09,12.92,13.02,1697397
28-Aug-12,12.76,13.10,12.71,13.07,3997327
27-Aug-12,12.84,12.84,12.68,12.77,2396731
24-Aug-12,12.88,12.90,12.71,12.73,2061921
23-Aug-12,12.85,13.05,12.81,12.90,3370453
22-Aug-12,12.77,12.92,12.68,12.87,2588533
21-Aug-12,12.75,13.00,12.61,12.84,3008798
20-Aug-12,12.69,12.81,12.56,12.76,2843405
17-Aug-12,12.64,12.80,12.60,12.78,1907640
16-Aug-12,12.51,12.71,12.46,12.65,1586858
15-Aug-12,12.30,12.58,12.29,12.54,2184130
14-Aug-12,12.56,12.64,12.32,12.38,1701674
13-Aug-12,12.47,12.64,12.45,12.53,3674978
10-Aug-12,12.55,12.65,12.46,12.56,2271999
9-Aug-12,12.44,12.66,12.43,12.58,3554312
8-Aug-12,12.37,12.49,12.30,12.44,2738653
7-Aug-12,12.42,12.50,12.35,12.39,3656623
6-Aug-12,12.43,12.50,12.36,12.39,3751004
3-Aug-12,12.40,12.49,12.31,12.43,3905440
2-Aug-12,12.12,12.27,12.02,12.24,4144727
1-Aug-12,12.24,12.34,12.11,12.21,3896933
31-Jul-12,12.15,12.39,12.15,12.22,4074284
30-Jul-12,12.15,12.29,12.12,12.24,3799001
27-Jul-12,11.74,12.43,11.74,12.39,4351237
26-Jul-12,11.76,12.13,11.51,12.02,7453500
25-Jul-12,11.31,11.54,11.14,11.42,7916334
24-Jul-12,11.47,11.50,11.15,11.22,6777844
23-Jul-12,11.34,11.52,11.21,11.47,3455223
20-Jul-12,11.65,11.72,11.55,11.56,2826575
19-Jul-12,11.59,11.76,11.57,11.71,3322937
18-Jul-12,11.25,11.58,11.22,11.50,2880232
17-Jul-12,11.20,11.36,11.09,11.23,2782757
16-Jul-12,10.99,11.31,10.89,11.17,3576593
13-Jul-12,10.90,11.06,10.84,11.05,4261904
12-Jul-12,10.97,11.09,10.83,10.86,6820350
11-Jul-12,11.05,11.23,10.89,11.04,4381458
10-Jul-12,11.30,11.39,10.96,11.02,4311507
9-Jul-12,11.38,11.49,11.13,11.18,3064540
6-Jul-12,11.58,11.63,11.32,11.42,2493757
5-Jul-12,11.45,11.74,11.45,11.71,3472832
3-Jul-12,11.25,11.60,11.20,11.52,2687011
2-Jul-12,11.08,11.34,10.96,11.22,4500369
29-Jun-12,10.69,11.00,10.69,10.99,4707280
28-Jun-12,10.40,10.50,10.27,10.49,2810129
27-Jun-12,10.56,10.65,10.45,10.50,3073424
26-Jun-12,10.40,10.63,10.39,10.56,2773689
25-Jun-12,10.50,10.56,10.32,10.41,1742266
22-Jun-12,10.60,10.70,10.50,10.68,2804375
21-Jun-12,10.82,10.84,10.52,10.54,3478408
20-Jun-12,10.88,10.92,10.74,10.79,4381749
19-Jun-12,10.86,11.01,10.82,10.91,3867367
18-Jun-12,10.73,10.82,10.55,10.79,2789187
15-Jun-12,10.50,10.86,10.46,10.83,2912098
14-Jun-12,10.35,10.57,10.26,10.50,2455850
13-Jun-12,10.43,10.54,10.26,10.32,1629356
12-Jun-12,10.44,10.51,10.26,10.48,2948253
11-Jun-12,10.64,10.69,10.39,10.40,3302345
8-Jun-12,10.48,10.55,10.35,10.54,1299730
7-Jun-12,10.61,10.69,10.45,10.47,2682459
6-Jun-12,10.20,10.57,10.15,10.54,3692279
5-Jun-12,9.80,10.16,9.74,10.09,2717311
4-Jun-12,9.84,9.90,9.73,9.86,3075594
1-Jun-12,9.95,10.08,9.77,9.79,3692080
31-May-12,10.24,10.29,10.04,10.20,2079462
30-May-12,10.41,10.44,10.20,10.25,2566886
29-May-12,10.41,10.53,10.35,10.51,1955855
25-May-12,10.40,10.46,10.25,10.29,2666709
24-May-12,10.38,10.53,10.31,10.41,4937035
23-May-12,10.09,10.37,10.02,10.33,2824765
22-May-12,10.26,10.41,10.12,10.17,2544564
21-May-12,9.97,10.31,9.83,10.24,3389945
18-May-12,10.12,10.15,9.90,9.91,4254497
17-May-12,10.45,10.54,10.09,10.11,5723892
16-May-12,10.84,10.86,10.46,10.46,3020307
15-May-12,10.78,11.01,10.74,10.79,2008057
14-May-12,10.83,10.90,10.70,10.80,1726875
11-May-12,10.84,11.05,10.81,10.91,2542076
10-May-12,11.18,11.22,10.84,10.87,3609421
9-May-12,11.04,11.20,10.97,11.13,2196050
8-May-12,10.99,11.15,10.82,11.15,2481192
7-May-12,11.14,11.20,11.05,11.08,1665510
4-May-12,11.33,11.68,11.19,11.20,1792421
3-May-12,11.64,11.69,11.40,11.46,1539968
2-May-12,11.59,11.69,11.48,11.61,2991719
1-May-12,11.63,11.87,11.61,11.68,2136249
30-Apr-12,11.84,11.86,11.62,11.67,1951333
27-Apr-12,11.87,11.90,11.69,11.86,2963520
26-Apr-12,12.15,12.16,11.77,11.88,4341330
25-Apr-12,11.42,11.70,11.33,11.67,3782946
24-Apr-12,11.39,11.39,11.23,11.28,2180739
23-Apr-12,11.40,11.40,11.17,11.35,3626774
20-Apr-12,11.58,11.66,11.50,11.52,1371393
19-Apr-12,11.70,11.90,11.43,11.56,2861616
18-Apr-12,11.70,11.79,11.67,11.74,1823390
17-Apr-12,11.60,11.83,11.57,11.78,2414976
16-Apr-12,11.66,11.74,11.46,11.49,2152613
13-Apr-12,11.53,11.64,11.46,11.51,2538611
12-Apr-12,11.38,11.64,11.35,11.60,1805093
11-Apr-12,11.34,11.51,11.31,11.38,1456950
10-Apr-12,11.54,11.60,11.20,11.24,3325006
9-Apr-12,11.64,11.64,11.41,11.57,1579648
5-Apr-12,11.71,11.81,11.68,11.79,1198874
4-Apr-12,11.79,11.85,11.72,11.76,2793300
3-Apr-12,11.89,11.96,11.75,11.89,2727317
2-Apr-12,11.83,11.92,11.69,11.89,3035447
30-Mar-12,11.98,12.00,11.81,11.84,2146805
29-Mar-12,12.01,12.05,11.81,11.89,3127075
28-Mar-12,12.14,12.22,11.92,12.09,3956279
27-Mar-12,12.10,12.22,12.05,12.14,1756128
26-Mar-12,12.11,12.18,12.00,12.12,2155928
23-Mar-12,12.13,12.15,11.87,12.02,2434055
22-Mar-12,12.09,12.16,12.01,12.12,1558973
21-Mar-12,12.19,12.29,12.10,12.18,2357925
20-Mar-12,12.31,12.36,12.05,12.19,3042931
19-Mar-12,12.34,12.60,12.28,12.42,2935681
16-Mar-12,12.44,12.44,12.23,12.33,3060082
15-Mar-12,12.15,12.41,12.07,12.40,5707261
14-Mar-12,12.25,12.27,12.04,12.15,1755339
13-Mar-12,12.00,12.29,11.99,12.28,3305165
12-Mar-12,11.99,12.06,11.88,11.95,1614604
9-Mar-12,11.95,12.25,11.94,12.01,3735505
8-Mar-12,11.59,12.00,11.57,11.96,7244213
7-Mar-12,11.36,11.52,11.32,11.50,1789827
6-Mar-12,11.37,11.57,11.24,11.32,3066849
5-Mar-12,11.63,11.65,11.37,11.51,4671842
2-Mar-12,11.91,11.95,11.59,11.63,2428548
1-Mar-12,11.85,11.97,11.71,11.92,2817840
29-Feb-12,11.76,11.89,11.66,11.77,2936978
28-Feb-12,11.87,11.94,11.65,11.75,2930417
27-Feb-12,11.76,11.90,11.60,11.82,2561004
24-Feb-12,11.91,11.98,11.79,11.81,1436375
23-Feb-12,11.78,11.96,11.62,11.90,2925098
22-Feb-12,11.98,12.09,11.76,11.80,4029384
21-Feb-12,11.96,12.11,11.89,11.98,4975642
17-Feb-12,12.06,12.07,11.83,11.94,3213666
16-Feb-12,11.96,12.06,11.84,12.03,3136030
15-Feb-12,11.86,11.94,11.76,11.94,4234549
14-Feb-12,11.67,11.83,11.58,11.82,2707010
13-Feb-12,11.93,11.99,11.64,11.70,2646984
10-Feb-12,11.82,11.90,11.71,11.77,1711575
9-Feb-12,11.78,12.00,11.69,12.00,4276034
8-Feb-12,11.77,11.79,11.64,11.76,2237691
7-Feb-12,11.61,11.77,11.55,11.74,3507345
6-Feb-12,11.60,11.75,11.59,11.62,2903829
3-Feb-12,11.74,11.84,11.63,11.73,6308726
2-Feb-12,11.21,11.84,11.20,11.64,14097900
1-Feb-12,10.65,10.85,10.50,10.80,2701840
31-Jan-12,10.63,10.66,10.46,10.56,5201061
30-Jan-12,10.55,10.69,10.48,10.55,2128334
27-Jan-12,10.66,10.85,10.63,10.67,2155479
26-Jan-12,10.75,10.79,10.55,10.70,3378703
25-Jan-12,10.72,10.75,10.51,10.69,2982678
24-Jan-12,10.45,10.75,10.45,10.73,4998067
23-Jan-12,10.60,10.74,10.45,10.53,1688988
20-Jan-12,10.76,10.80,10.57,10.62,2491660
19-Jan-12,10.71,10.78,10.39,10.76,4811308
18-Jan-12,9.98,10.37,9.90,10.37,2825795
17-Jan-12,9.99,10.04,9.92,9.96,4265136
13-Jan-12,9.92,9.92,9.92,9.92,0
12-Jan-12,10.23,10.27,10.06,10.17,1368065
11-Jan-12,10.56,10.56,10.05,10.22,1790399
10-Jan-12,10.13,10.24,10.09,10.15,2019962
9-Jan-12,10.20,10.23,10.00,10.05,2177919
6-Jan-12,10.35,10.35,10.18,10.19,1824514
5-Jan-12,10.08,10.40,9.90,10.37,2968709
4-Jan-12,10.30,10.32,10.05,10.06,1895930
3-Jan-12,10.59,10.73,10.32,10.34,2733108
30-Dec-11,10.40,10.40,10.40,10.40,0
29-Dec-11,10.19,10.39,10.18,10.34,1103151
28-Dec-11,10.39,10.55,10.09,10.13,1979023
27-Dec-11,10.50,10.61,10.38,10.39,1962824
23-Dec-11,10.54,10.54,10.54,10.54,0
22-Dec-11,10.38,10.57,10.32,10.50,1772561
21-Dec-11,10.47,10.47,10.05,10.35,3315906
20-Dec-11,10.28,10.54,10.25,10.54,1701485
19-Dec-11,10.40,10.41,10.07,10.12,2118732
16-Dec-11,10.23,10.51,10.22,10.36,3291956
15-Dec-11,10.27,10.27,10.08,10.16,1601910
14-Dec-11,10.24,10.30,10.05,10.16,2352349
13-Dec-11,10.63,10.75,10.27,10.33,1903402
12-Dec-11,10.75,10.78,10.51,10.59,2029760
9-Dec-11,10.68,10.99,10.66,10.89,2711327
8-Dec-11,10.82,10.93,10.67,10.68,2415242
7-Dec-11,10.83,10.97,10.58,10.92,3189374
6-Dec-11,10.99,11.02,10.82,10.91,2048447
5-Dec-11,10.99,11.15,10.88,10.99,2904207
2-Dec-11,10.93,11.03,10.81,10.82,2443355
1-Dec-11,10.88,11.03,10.72,10.76,3980435
30-Nov-11,10.41,10.94,10.41,10.94,4866708
29-Nov-11,10.27,10.45,10.27,10.31,3111758
28-Nov-11,10.50,10.54,10.32,10.46,2649208
25-Nov-11,10.26,10.38,10.15,10.18,779294
23-Nov-11,10.29,10.29,10.29,10.29,0
22-Nov-11,10.67,10.79,10.51,10.59,1684793
21-Nov-11,10.88,10.92,10.60,10.71,4001742
18-Nov-11,11.17,11.22,11.04,11.04,3405221
17-Nov-11,11.31,11.32,11.00,11.10,3378684
16-Nov-11,11.48,11.68,11.29,11.31,3908189
15-Nov-11,11.34,11.72,11.32,11.57,3607614
14-Nov-11,11.46,11.59,11.29,11.41,2997755
11-Nov-11,11.34,11.65,11.34,11.49,3129102
10-Nov-11,11.23,11.28,11.00,11.26,3155625
9-Nov-11,11.01,11.19,10.95,11.13,4278808
8-Nov-11,11.05,11.35,10.95,11.30,3030175
7-Nov-11,11.05,11.09,10.82,11.00,3086848
4-Nov-11,10.97,11.19,10.94,11.09,4817470
3-Nov-11,11.05,11.19,10.88,11.12,4250716
2-Nov-11,10.91,11.11,10.80,10.92,2623781
1-Nov-11,10.66,10.96,10.60,10.80,4119622
31-Oct-11,11.01,11.23,10.88,11.07,4485560
28-Oct-11,11.14,11.38,11.09,11.10,4037436
27-Oct-11,10.74,11.34,10.54,11.15,16916884
26-Oct-11,10.47,10.47,10.01,10.30,4179904
25-Oct-11,10.47,10.53,10.29,10.34,2680666
24-Oct-11,10.20,10.55,10.11,10.54,3161497
21-Oct-11,10.02,10.24,9.96,10.16,1471807
20-Oct-11,9.97,10.06,9.68,9.91,1864949
19-Oct-11,10.04,10.08,9.92,9.96,2888623
18-Oct-11,9.90,10.12,9.75,10.07,2243203
17-Oct-11,10.08,10.11,9.89,9.93,1439138
14-Oct-11,10.10,10.19,10.04,10.12,1280215
13-Oct-11,9.82,10.05,9.78,9.99,1723061
12-Oct-11,9.99,10.09,9.88,9.92,3163370
11-Oct-11,9.77,10.04,9.77,9.93,3140148
10-Oct-11,9.68,9.89,9.65,9.84,1750413
7-Oct-11,9.56,9.67,9.38,9.49,2420535
6-Oct-11,9.32,9.53,9.13,9.52,3088612
5-Oct-11,9.27,9.44,9.10,9.34,3988446
4-Oct-11,8.86,9.30,8.71,9.27,3648478
3-Oct-11,9.20,9.40,8.81,9.00,4435574
30-Sep-11,9.51,9.52,9.24,9.24,3006670
29-Sep-11,9.65,9.74,9.29,9.58,2635019
