Date,Open,High,Low,Close,Volume
26-Sep-12,4.12,4.12,4.10,4.12,930
25-Sep-12,4.08,4.12,4.06,4.08,7400
24-Sep-12,4.10,4.12,4.08,4.08,300
21-Sep-12,4.10,4.12,4.10,4.10,5200
20-Sep-12,4.06,4.06,4.06,4.06,451
19-Sep-12,4.08,4.10,4.06,4.10,1571
18-Sep-12,4.04,4.08,4.04,4.05,1585
17-Sep-12,4.05,4.08,4.00,4.08,14125
14-Sep-12,4.04,4.04,3.97,4.01,7274
13-Sep-12,4.13,4.13,4.11,4.11,323
12-Sep-12,4.01,4.05,4.01,4.03,5382
11-Sep-12,4.13,4.13,4.01,4.01,3200
10-Sep-12,4.06,4.11,4.02,4.11,1600
7-Sep-12,4.01,4.05,4.00,4.01,19901
6-Sep-12,4.16,4.16,4.02,4.02,2100
5-Sep-12,4.12,4.13,4.05,4.12,18128
4-Sep-12,4.12,4.26,4.12,4.12,3050
31-Aug-12,4.14,4.27,4.00,4.17,13643
30-Aug-12,4.05,4.17,4.05,4.16,4355
29-Aug-12,4.10,4.12,4.07,4.12,5231
28-Aug-12,4.06,4.10,4.06,4.10,546
27-Aug-12,4.03,4.10,4.03,4.03,7850
24-Aug-12,4.01,4.14,4.01,4.01,5378
23-Aug-12,4.07,4.15,4.07,4.13,800
22-Aug-12,4.05,4.15,4.02,4.02,4947
21-Aug-12,4.01,4.09,4.00,4.01,3965
20-Aug-12,4.03,4.18,3.96,4.04,14151
17-Aug-12,4.17,4.17,4.17,4.17,0
16-Aug-12,4.17,4.17,4.17,4.17,0
15-Aug-12,4.18,4.19,4.05,4.18,5372
14-Aug-12,4.09,4.25,4.09,4.21,1619
13-Aug-12,4.08,4.25,4.00,4.07,19755
10-Aug-12,4.10,4.25,4.09,4.11,4400
9-Aug-12,4.09,4.27,4.05,4.11,2883
8-Aug-12,4.07,4.11,4.07,4.11,350
7-Aug-12,4.16,4.16,4.05,4.09,3200
6-Aug-12,4.26,4.26,4.15,4.22,1099
3-Aug-12,4.21,4.30,4.14,4.30,3535
2-Aug-12,4.40,4.40,4.25,4.34,2700
1-Aug-12,4.27,4.27,4.27,4.27,0
31-Jul-12,4.30,4.40,4.25,4.27,1735
30-Jul-12,4.17,4.30,4.16,4.30,10699
27-Jul-12,4.20,4.34,4.20,4.30,2975
26-Jul-12,4.11,4.15,4.10,4.15,401
25-Jul-12,4.06,4.39,4.02,4.23,12463
24-Jul-12,4.17,4.19,4.11,4.19,1600
23-Jul-12,4.01,4.19,4.00,4.19,9729
20-Jul-12,4.07,4.08,4.07,4.08,2100
19-Jul-12,4.09,4.09,4.03,4.07,4205
18-Jul-12,4.09,4.15,4.05,4.12,8346
17-Jul-12,4.29,4.29,4.05,4.14,1910
16-Jul-12,4.12,4.30,4.01,4.30,3335
13-Jul-12,4.04,4.24,4.04,4.12,8620
12-Jul-12,4.01,4.01,4.01,4.01,0
11-Jul-12,4.09,4.15,4.00,4.00,3110
10-Jul-12,4.17,4.17,3.94,4.11,9845
9-Jul-12,4.15,4.20,4.10,4.10,3738
6-Jul-12,4.23,4.25,4.14,4.20,2500
5-Jul-12,4.26,4.30,3.93,4.25,9939
3-Jul-12,4.41,4.41,4.41,4.41,0
2-Jul-12,4.41,4.41,4.41,4.41,0
29-Jun-12,4.51,4.51,4.40,4.44,1696
28-Jun-12,4.43,4.48,4.40,4.44,2408
27-Jun-12,4.49,4.50,4.30,4.40,6921
26-Jun-12,4.50,4.50,4.41,4.41,6290
25-Jun-12,4.51,4.52,4.50,4.50,1605
22-Jun-12,4.54,4.54,4.54,4.54,237
21-Jun-12,4.55,4.55,4.50,4.51,8271
20-Jun-12,4.55,4.57,4.55,4.57,2865
19-Jun-12,4.64,4.64,4.55,4.55,1000
18-Jun-12,4.55,4.66,4.55,4.62,3986
15-Jun-12,4.55,4.58,4.50,4.56,6158
14-Jun-12,4.50,4.58,4.50,4.58,783
13-Jun-12,4.52,4.58,4.46,4.50,5954
12-Jun-12,4.47,4.57,4.41,4.51,4755
11-Jun-12,4.53,4.55,4.43,4.55,4701
8-Jun-12,4.56,4.58,4.44,4.48,7600
7-Jun-12,4.51,4.61,4.42,4.55,11100
6-Jun-12,4.60,4.60,4.47,4.55,5714
5-Jun-12,4.55,4.55,4.48,4.55,3630
4-Jun-12,4.56,4.59,4.48,4.59,2757
1-Jun-12,4.60,4.61,4.50,4.60,35256
31-May-12,4.62,4.65,4.44,4.50,64397
30-May-12,4.60,4.63,4.53,4.62,4510
29-May-12,4.39,4.60,4.39,4.60,6100
25-May-12,4.52,4.59,4.40,4.40,947
24-May-12,4.48,4.63,4.45,4.48,56582
23-May-12,4.60,4.94,4.44,4.44,12571
22-May-12,4.50,4.60,4.42,4.60,6225
21-May-12,4.41,4.50,4.40,4.50,11576
18-May-12,4.46,4.55,4.25,4.40,10184
17-May-12,4.52,4.57,4.45,4.54,9167
16-May-12,4.60,4.60,4.47,4.50,18510
15-May-12,4.53,4.70,4.48,4.59,26734
14-May-12,4.49,4.60,4.47,4.60,5100
11-May-12,4.51,4.59,4.46,4.48,2131
10-May-12,4.60,4.64,4.53,4.53,5200
9-May-12,4.62,4.66,4.62,4.65,26800
8-May-12,4.59,4.63,4.50,4.63,2900
7-May-12,4.52,4.59,4.50,4.59,3139
4-May-12,4.68,4.68,4.51,4.51,12750
3-May-12,4.70,4.70,4.70,4.70,0
2-May-12,4.68,4.70,4.65,4.70,8861
1-May-12,4.52,4.71,4.52,4.70,9659
30-Apr-12,4.51,4.67,4.51,4.58,4628
27-Apr-12,4.62,4.62,4.51,4.51,1600
26-Apr-12,4.48,4.66,4.47,4.66,734
25-Apr-12,4.46,4.67,4.46,4.63,3898
24-Apr-12,4.59,4.59,4.45,4.46,3937
23-Apr-12,4.68,4.68,4.45,4.60,4388
20-Apr-12,4.50,4.68,4.50,4.68,1600
19-Apr-12,4.58,4.72,4.50,4.50,4505
18-Apr-12,4.52,4.56,4.44,4.52,6100
17-Apr-12,4.45,4.55,4.45,4.53,8946
16-Apr-12,4.53,4.59,4.50,4.50,4500
13-Apr-12,4.42,4.50,4.38,4.50,14208
12-Apr-12,4.35,4.47,4.35,4.45,11699
11-Apr-12,4.42,4.46,4.39,4.44,47000
10-Apr-12,4.32,4.47,4.31,4.43,68548
9-Apr-12,4.37,4.37,4.27,4.28,9426
5-Apr-12,4.26,4.44,4.26,4.38,6640
4-Apr-12,4.39,4.42,4.25,4.39,1550
3-Apr-12,4.44,4.46,4.25,4.44,21675
2-Apr-12,4.45,4.49,4.31,4.44,30211
30-Mar-12,4.50,4.50,4.32,4.43,10833
29-Mar-12,4.70,4.70,3.91,4.52,45654
28-Mar-12,4.92,4.92,4.74,4.90,4101
27-Mar-12,4.71,4.92,4.70,4.79,14955
26-Mar-12,4.73,4.87,4.70,4.76,6746
23-Mar-12,4.81,4.96,4.71,4.87,2200
22-Mar-12,4.77,4.77,4.70,4.70,6700
21-Mar-12,4.85,4.85,4.85,4.85,0
20-Mar-12,4.84,4.91,4.76,4.85,9549
19-Mar-12,4.84,4.87,4.74,4.85,12464
16-Mar-12,4.85,4.92,4.70,4.70,25303
15-Mar-12,4.84,4.88,4.84,4.84,9900
14-Mar-12,4.95,4.99,4.86,4.86,13100
13-Mar-12,4.94,4.98,4.88,4.93,14219
12-Mar-12,4.93,5.01,4.93,4.93,7927
9-Mar-12,4.90,5.01,4.87,5.01,5200
8-Mar-12,4.94,4.99,4.90,4.99,11000
7-Mar-12,4.99,4.99,4.92,4.92,11034
6-Mar-12,4.85,5.00,4.85,4.93,11933
5-Mar-12,4.90,5.01,4.90,4.91,11895
2-Mar-12,5.03,5.04,4.90,4.90,15599
1-Mar-12,4.92,5.01,4.92,5.01,6923
29-Feb-12,5.00,5.00,4.90,4.93,12570
28-Feb-12,4.95,5.02,4.91,5.00,30692
27-Feb-12,4.99,5.02,4.90,4.95,7101
24-Feb-12,4.96,5.03,4.90,4.96,9599
23-Feb-12,4.96,5.00,4.85,4.91,7635
22-Feb-12,4.91,5.00,4.91,4.98,23794
21-Feb-12,4.85,5.02,4.85,4.95,39076
17-Feb-12,4.83,5.01,4.83,4.85,20173
16-Feb-12,4.87,5.07,4.82,4.82,11586
15-Feb-12,4.80,4.90,4.80,4.87,16607
14-Feb-12,4.67,4.86,4.67,4.80,15968
13-Feb-12,4.57,4.81,4.57,4.78,28443
10-Feb-12,4.51,4.66,4.47,4.60,150846
9-Feb-12,4.79,4.84,4.60,4.60,98823
8-Feb-12,4.75,4.80,4.75,4.76,15296
7-Feb-12,4.66,4.75,4.65,4.75,23051
6-Feb-12,4.74,4.80,4.67,4.70,21969
3-Feb-12,4.64,4.74,4.60,4.71,7994
2-Feb-12,4.68,4.75,4.65,4.68,22033
1-Feb-12,4.62,4.71,4.62,4.65,5900
31-Jan-12,4.60,4.64,4.59,4.60,33957
30-Jan-12,4.60,4.64,4.59,4.63,8795
27-Jan-12,4.60,4.65,4.58,4.59,10750
26-Jan-12,4.51,4.67,4.51,4.55,12392
25-Jan-12,4.60,4.66,4.50,4.52,11170
24-Jan-12,4.60,4.60,4.53,4.55,15690
23-Jan-12,4.70,4.71,4.56,4.68,22629
20-Jan-12,4.70,4.70,4.57,4.66,20420
19-Jan-12,4.76,4.87,4.54,4.69,5864
18-Jan-12,4.81,4.85,4.27,4.74,51000
17-Jan-12,4.89,4.91,4.77,4.85,11615
13-Jan-12,4.86,4.86,4.86,4.86,0
12-Jan-12,4.85,4.86,4.82,4.84,4900
11-Jan-12,4.75,4.86,4.75,4.84,9750
10-Jan-12,4.88,4.89,4.79,4.79,11100
9-Jan-12,4.79,4.90,4.79,4.85,10706
6-Jan-12,4.74,4.78,4.73,4.78,4771
5-Jan-12,4.76,4.78,4.70,4.70,2101
4-Jan-12,4.62,4.78,4.62,4.78,13388
3-Jan-12,4.61,4.66,4.37,4.62,28458
30-Dec-11,4.57,4.57,4.57,4.57,0
29-Dec-11,4.58,4.70,4.50,4.65,31580
28-Dec-11,4.56,4.62,4.56,4.62,9649
27-Dec-11,4.53,4.74,4.53,4.58,11742
23-Dec-11,4.59,4.59,4.59,4.59,0
22-Dec-11,4.48,4.72,4.48,4.72,31803
21-Dec-11,4.53,4.60,4.50,4.52,19564
20-Dec-11,4.51,4.62,4.51,4.58,10690
19-Dec-11,4.66,4.66,4.49,4.59,34146
16-Dec-11,4.60,4.73,4.60,4.70,40400
15-Dec-11,4.55,4.55,4.43,4.52,3063
14-Dec-11,4.55,4.61,4.55,4.56,50795
13-Dec-11,4.63,4.63,4.63,4.63,0
12-Dec-11,4.50,4.60,4.50,4.59,19189
9-Dec-11,4.60,4.63,4.51,4.56,8633
8-Dec-11,4.50,4.60,4.45,4.59,129355
7-Dec-11,4.44,4.49,4.42,4.48,10200
6-Dec-11,4.44,4.49,4.44,4.48,13351
5-Dec-11,4.50,4.50,4.40,4.40,33202
2-Dec-11,4.41,4.47,4.35,4.47,30377
1-Dec-11,4.57,4.63,4.24,4.41,789583
30-Nov-11,4.87,4.87,4.50,4.53,167859
29-Nov-11,4.74,4.81,4.51,4.55,145610
28-Nov-11,5.00,5.05,4.60,4.68,585391
25-Nov-11,5.49,5.49,5.32,5.45,50954
23-Nov-11,5.45,5.45,5.45,5.45,0
22-Nov-11,5.30,5.45,5.28,5.35,33154
21-Nov-11,5.31,5.40,5.30,5.30,9540
18-Nov-11,5.34,5.42,5.34,5.40,1067
17-Nov-11,5.41,5.45,5.25,5.45,38313
16-Nov-11,5.55,5.66,5.40,5.48,37004
15-Nov-11,5.53,5.70,5.45,5.51,43599
14-Nov-11,5.65,5.68,5.52,5.60,9563
11-Nov-11,5.50,5.66,5.40,5.65,34735
10-Nov-11,5.60,5.64,5.41,5.41,13027
9-Nov-11,5.44,5.60,5.44,5.60,32050
8-Nov-11,5.48,5.57,5.45,5.53,28961
7-Nov-11,5.51,5.56,5.30,5.47,14508
4-Nov-11,5.52,5.60,5.50,5.50,3000
3-Nov-11,5.69,5.69,5.44,5.55,13769
2-Nov-11,5.69,5.69,5.41,5.50,21354
1-Nov-11,5.57,5.67,5.30,5.52,104183
31-Oct-11,5.72,5.73,5.65,5.65,30964
28-Oct-11,5.68,5.76,5.63,5.72,21100
27-Oct-11,5.77,5.77,5.59,5.73,38464
26-Oct-11,5.78,5.78,5.62,5.74,10268
25-Oct-11,5.73,5.78,5.70,5.76,3272
24-Oct-11,5.72,5.80,5.71,5.77,22600
21-Oct-11,5.74,5.84,5.72,5.72,13600
20-Oct-11,5.71,5.76,5.67,5.68,29541
19-Oct-11,5.74,5.81,5.72,5.75,9000
18-Oct-11,6.00,6.00,5.72,5.73,14140
17-Oct-11,5.98,6.00,5.76,5.85,13301
14-Oct-11,5.95,6.07,5.85,6.05,7632
13-Oct-11,5.94,5.94,5.90,5.94,700
12-Oct-11,6.05,6.05,5.87,6.00,5400
11-Oct-11,5.99,6.04,5.91,6.02,7764
10-Oct-11,5.86,6.00,5.86,5.92,63026
7-Oct-11,5.82,5.92,5.74,5.82,6900
6-Oct-11,5.71,5.85,5.66,5.81,13700
5-Oct-11,5.56,5.84,5.56,5.67,46896
4-Oct-11,5.71,5.71,5.43,5.63,14933
3-Oct-11,5.89,5.90,5.63,5.73,16580
30-Sep-11,5.72,5.94,5.72,5.94,27837
