Date,Open,High,Low,Close,Volume
26-Sep-12,40.63,40.63,39.16,39.32,230164
25-Sep-12,39.73,40.72,39.48,40.58,347952
24-Sep-12,38.59,40.00,37.21,39.74,169468
21-Sep-12,38.50,38.80,38.04,38.54,94512
20-Sep-12,39.10,39.26,37.85,38.19,34303
19-Sep-12,39.52,39.55,39.10,39.40,19304
18-Sep-12,39.32,39.64,38.95,39.56,28131
17-Sep-12,38.73,39.50,36.11,39.48,70531
14-Sep-12,39.36,39.47,38.85,38.93,34083
13-Sep-12,37.53,39.72,37.53,39.24,72632
12-Sep-12,37.42,37.71,37.33,37.59,33822
11-Sep-12,37.37,37.54,37.03,37.47,44132
10-Sep-12,37.37,37.44,36.56,37.41,28766
7-Sep-12,37.01,37.75,36.94,37.27,161579
6-Sep-12,36.17,36.67,36.11,36.59,92812
5-Sep-12,36.56,36.94,35.50,36.16,180692
4-Sep-12,35.08,36.86,35.06,36.82,121229
31-Aug-12,35.57,35.57,34.61,35.08,89493
30-Aug-12,35.78,35.83,35.40,35.43,24598
29-Aug-12,35.41,36.21,35.41,35.96,107038
28-Aug-12,34.68,35.36,34.58,35.30,73187
27-Aug-12,35.82,36.00,34.45,34.64,83366
24-Aug-12,34.92,35.90,34.76,35.77,87977
23-Aug-12,34.56,35.11,34.11,35.02,72877
22-Aug-12,33.78,34.79,33.26,34.71,101628
21-Aug-12,35.36,35.50,33.57,33.94,191383
20-Aug-12,35.95,35.95,34.92,35.17,135415
17-Aug-12,35.72,36.00,35.29,35.95,89297
16-Aug-12,35.63,36.02,35.33,35.90,70641
15-Aug-12,35.37,35.84,35.24,35.78,70859
14-Aug-12,35.74,35.81,35.01,35.56,90666
13-Aug-12,35.32,35.55,34.90,35.53,51681
10-Aug-12,35.94,35.94,35.03,35.24,48695
9-Aug-12,35.95,36.00,35.30,35.92,75338
8-Aug-12,35.59,35.95,35.24,35.91,105054
7-Aug-12,36.27,36.60,35.69,35.75,111679
6-Aug-12,36.11,36.98,36.00,36.04,103176
3-Aug-12,36.00,36.34,35.40,36.11,389711
2-Aug-12,33.98,35.57,33.91,35.50,193073
1-Aug-12,36.22,36.33,33.69,34.03,290986
31-Jul-12,32.08,36.50,32.05,35.41,768430
30-Jul-12,31.38,31.48,30.72,31.17,144956
27-Jul-12,30.93,31.37,30.93,31.30,125039
26-Jul-12,30.82,31.03,30.57,30.91,78425
25-Jul-12,30.61,30.61,30.17,30.52,145527
24-Jul-12,30.96,30.96,30.30,30.37,60288
23-Jul-12,31.34,31.34,30.64,30.77,106805
20-Jul-12,31.65,31.83,31.50,31.69,76261
19-Jul-12,32.09,32.22,31.71,31.83,72714
18-Jul-12,31.88,32.22,31.85,31.96,117681
17-Jul-12,32.02,32.37,31.80,31.99,61639
16-Jul-12,32.19,32.34,31.82,31.99,57369
13-Jul-12,31.99,32.45,31.95,32.12,123388
12-Jul-12,31.99,32.14,31.78,31.98,125723
11-Jul-12,32.31,32.43,32.01,32.09,117629
10-Jul-12,32.93,33.05,32.26,32.32,108056
9-Jul-12,32.25,33.02,32.25,32.87,187100
6-Jul-12,31.89,32.28,31.75,32.25,98447
5-Jul-12,33.08,33.10,31.51,32.11,122285
3-Jul-12,33.03,33.25,32.92,33.22,49480
2-Jul-12,32.91,33.11,32.00,33.03,243547
29-Jun-12,30.86,32.75,30.56,32.67,239988
28-Jun-12,30.39,30.60,29.86,30.18,86352
27-Jun-12,30.12,30.82,29.95,30.52,87398
26-Jun-12,29.95,30.45,29.86,30.02,89132
25-Jun-12,29.75,30.08,29.41,29.99,72962
22-Jun-12,30.34,31.00,29.87,30.11,313707
21-Jun-12,30.17,30.34,29.69,30.01,202472
20-Jun-12,28.86,30.68,28.86,30.09,462203
19-Jun-12,28.15,28.99,28.15,28.78,152680
18-Jun-12,27.95,28.39,27.86,28.05,87639
15-Jun-12,28.27,28.36,27.71,28.06,197847
14-Jun-12,27.33,28.53,27.33,28.38,127843
13-Jun-12,28.13,28.21,27.23,27.38,69685
12-Jun-12,27.69,28.20,27.40,28.13,84694
11-Jun-12,27.85,27.85,27.37,27.55,96598
8-Jun-12,27.35,27.80,27.04,27.56,60478
7-Jun-12,28.04,28.45,27.40,27.43,72855
6-Jun-12,28.22,28.24,27.54,27.77,116388
5-Jun-12,27.15,28.10,26.94,28.02,198386
4-Jun-12,27.19,27.48,26.91,27.29,109255
1-Jun-12,27.48,27.98,27.04,27.14,94763
31-May-12,27.72,28.51,27.49,28.26,261175
30-May-12,27.96,28.14,27.59,27.76,186815
29-May-12,28.66,28.66,27.54,27.89,168212
25-May-12,28.46,28.66,28.29,28.55,79211
24-May-12,28.54,28.78,28.06,28.45,76350
23-May-12,28.59,28.83,28.24,28.54,128760
22-May-12,28.41,29.27,28.26,28.92,317320
21-May-12,26.96,28.61,26.74,28.50,225662
18-May-12,27.17,27.54,26.72,26.96,134085
17-May-12,28.02,28.02,27.05,27.22,127725
16-May-12,28.23,28.54,27.91,27.97,134684
15-May-12,27.93,28.56,27.93,28.10,120930
14-May-12,27.64,28.10,27.31,27.88,141678
11-May-12,27.42,28.28,27.25,27.96,119438
10-May-12,27.52,27.82,27.32,27.56,68449
9-May-12,27.46,27.76,27.21,27.40,100943
8-May-12,27.20,27.79,26.89,27.72,158317
7-May-12,27.72,27.75,27.01,27.40,145344
4-May-12,27.81,28.62,27.48,27.71,209259
3-May-12,28.32,28.47,27.62,27.98,344271
2-May-12,28.59,28.60,27.31,28.40,307363
1-May-12,27.22,29.65,27.11,28.64,807425
30-Apr-12,25.29,26.19,25.12,25.91,227296
27-Apr-12,25.23,25.69,24.91,25.34,117180
26-Apr-12,25.51,25.82,25.24,25.26,78033
25-Apr-12,25.61,26.14,25.50,25.60,111271
24-Apr-12,24.96,25.54,24.92,25.34,143383
23-Apr-12,25.13,25.72,24.67,25.00,208403
20-Apr-12,26.01,26.89,25.38,25.45,256852
19-Apr-12,25.17,25.38,24.54,24.78,70843
18-Apr-12,25.03,25.33,24.79,25.21,83920
17-Apr-12,25.40,25.54,25.12,25.13,98380
16-Apr-12,25.15,25.41,24.69,25.17,91493
13-Apr-12,25.51,25.51,24.96,25.12,65085
12-Apr-12,25.78,26.16,25.56,25.61,93236
11-Apr-12,24.76,25.86,24.76,25.83,233398
10-Apr-12,25.48,25.52,24.46,24.55,216135
9-Apr-12,26.01,26.01,25.40,25.45,201783
5-Apr-12,26.57,26.70,26.23,26.41,191935
4-Apr-12,26.25,26.63,25.69,26.60,180411
3-Apr-12,26.71,26.80,26.10,26.50,118555
2-Apr-12,26.60,27.05,26.29,26.72,193538
30-Mar-12,27.02,27.02,26.39,26.64,206620
29-Mar-12,26.70,26.94,26.29,26.83,219555
28-Mar-12,27.54,27.69,26.68,26.78,245759
27-Mar-12,27.57,27.96,27.52,27.53,388427
26-Mar-12,27.55,27.83,26.66,27.65,382268
23-Mar-12,25.89,27.89,25.75,27.51,690236
22-Mar-12,25.47,25.47,24.82,24.90,169486
21-Mar-12,25.52,25.90,25.20,25.63,172694
20-Mar-12,25.30,25.73,24.86,25.54,137316
19-Mar-12,25.30,25.63,25.20,25.59,159586
16-Mar-12,25.37,25.75,25.22,25.43,189725
15-Mar-12,25.32,25.44,24.95,25.32,101995
14-Mar-12,25.89,25.89,25.11,25.31,183989
13-Mar-12,25.14,25.95,24.90,25.93,229718
12-Mar-12,24.86,25.15,24.53,25.09,263778
9-Mar-12,25.14,25.14,24.78,24.86,310666
8-Mar-12,24.98,25.30,24.80,25.08,417187
7-Mar-12,24.16,25.38,23.80,24.94,1009280
6-Mar-12,22.06,24.50,22.06,23.97,1903113
5-Mar-12,20.65,21.08,20.52,20.79,390539
2-Mar-12,20.00,20.77,19.79,20.76,736005
1-Mar-12,20.04,20.32,19.89,19.98,184118
29-Feb-12,20.30,20.30,19.94,19.94,298465
28-Feb-12,20.09,20.28,19.95,20.26,243155
27-Feb-12,19.59,20.25,19.59,20.12,303233
24-Feb-12,19.33,19.84,19.27,19.77,284757
23-Feb-12,19.20,19.31,19.07,19.26,276307
22-Feb-12,19.35,19.38,18.90,19.15,251929
21-Feb-12,19.11,19.47,19.03,19.41,264097
17-Feb-12,19.11,19.40,18.57,18.93,259172
16-Feb-12,18.81,19.14,18.41,19.08,347893
15-Feb-12,19.65,19.67,18.65,18.86,304035
14-Feb-12,19.23,19.58,19.20,19.52,184838
13-Feb-12,19.12,19.59,18.98,19.32,185929
10-Feb-12,18.38,19.10,18.14,19.05,226665
9-Feb-12,19.33,19.35,18.35,18.61,558474
8-Feb-12,19.52,19.53,19.11,19.20,438489
7-Feb-12,20.10,20.19,19.35,19.43,268638
6-Feb-12,21.27,21.56,19.94,20.05,413467
3-Feb-12,21.33,21.88,21.09,21.83,278735
2-Feb-12,20.95,21.15,20.70,20.96,250992
1-Feb-12,20.99,20.99,20.32,20.91,253784
31-Jan-12,21.39,21.41,20.88,20.90,213411
30-Jan-12,21.21,21.21,21.21,21.21,0
27-Jan-12,21.42,21.65,21.39,21.55,2740906
26-Jan-12,22.00,22.01,21.21,21.39,739109
25-Jan-12,20.54,20.70,20.38,20.67,140632
24-Jan-12,20.03,20.73,20.03,20.56,189492
23-Jan-12,20.50,20.60,20.02,20.16,83241
20-Jan-12,20.19,20.60,20.19,20.49,76735
19-Jan-12,20.00,20.33,20.00,20.26,124179
18-Jan-12,19.85,20.16,19.77,20.02,138668
17-Jan-12,19.79,19.79,19.79,19.79,0
13-Jan-12,20.16,20.16,20.16,20.16,0
12-Jan-12,21.35,21.35,21.14,21.25,123136
11-Jan-12,21.25,21.59,21.19,21.28,139758
10-Jan-12,21.44,21.51,21.13,21.36,126174
9-Jan-12,21.12,21.12,21.12,21.12,0
6-Jan-12,21.26,21.57,21.13,21.42,86572
5-Jan-12,21.47,21.53,20.75,21.31,387713
4-Jan-12,21.35,21.96,21.25,21.81,121229
3-Jan-12,22.19,22.59,21.50,21.54,226197
30-Dec-11,21.75,21.75,21.75,21.75,0
29-Dec-11,21.77,22.29,21.65,22.10,172050
28-Dec-11,21.69,21.69,21.69,21.69,0
27-Dec-11,21.53,22.06,21.53,22.01,131666
23-Dec-11,21.52,21.52,21.52,21.52,0
22-Dec-11,21.78,21.88,21.47,21.53,126055
21-Dec-11,21.73,21.93,21.30,21.77,267326
20-Dec-11,21.50,21.85,21.24,21.53,179393
19-Dec-11,21.04,21.04,21.04,21.04,0
16-Dec-11,21.11,21.33,20.93,21.07,226355
15-Dec-11,21.16,21.16,21.16,21.16,0
14-Dec-11,20.65,21.16,20.65,20.97,296844
13-Dec-11,21.35,21.55,20.78,20.84,155714
12-Dec-11,21.17,21.17,21.17,21.17,0
9-Dec-11,20.62,21.56,20.41,21.32,83886
8-Dec-11,20.85,20.85,20.85,20.85,0
7-Dec-11,21.06,22.06,21.06,21.82,235856
6-Dec-11,21.29,21.80,21.12,21.32,310182
5-Dec-11,20.41,21.30,20.19,21.29,185713
2-Dec-11,20.24,20.35,19.99,20.07,74368
1-Dec-11,19.88,20.34,19.70,19.99,174973
30-Nov-11,20.00,20.59,19.70,20.16,427823
29-Nov-11,19.41,19.71,19.13,19.62,217450
28-Nov-11,19.54,19.78,18.95,19.41,121479
25-Nov-11,19.09,19.09,19.09,19.09,0
23-Nov-11,18.98,18.98,18.98,18.98,0
22-Nov-11,19.05,19.50,18.96,19.17,222997
21-Nov-11,18.76,19.31,18.76,19.08,239164
18-Nov-11,19.15,19.15,19.15,19.15,0
17-Nov-11,19.20,19.33,18.88,19.05,257476
16-Nov-11,19.00,19.55,18.97,19.17,151190
15-Nov-11,18.91,19.45,18.66,19.21,102791
14-Nov-11,18.90,19.19,18.62,19.00,144073
11-Nov-11,18.93,19.30,18.64,19.04,155777
10-Nov-11,18.79,18.90,18.01,18.83,184022
9-Nov-11,19.23,19.58,18.49,18.56,217104
8-Nov-11,18.24,20.00,17.92,19.85,616049
7-Nov-11,17.60,18.04,17.36,18.01,173408
4-Nov-11,17.62,17.98,17.52,17.65,102660
3-Nov-11,17.34,17.79,16.98,17.76,134406
2-Nov-11,17.12,17.25,16.93,17.12,113573
1-Nov-11,17.08,17.08,17.08,17.08,0
31-Oct-11,18.22,18.50,17.95,17.98,140060
28-Oct-11,18.52,18.74,18.38,18.52,100705
27-Oct-11,18.68,18.68,18.68,18.68,0
26-Oct-11,17.65,17.65,16.90,17.54,100859
25-Oct-11,18.00,18.00,17.29,17.37,140523
24-Oct-11,18.34,18.34,18.34,18.34,0
21-Oct-11,17.60,17.69,17.04,17.43,118400
20-Oct-11,16.86,17.31,16.84,17.29,135306
19-Oct-11,17.44,17.58,16.78,16.86,108866
18-Oct-11,17.53,17.53,17.53,17.53,0
17-Oct-11,17.00,17.32,16.90,16.95,144789
14-Oct-11,16.76,17.58,16.68,17.14,107082
13-Oct-11,16.95,17.05,16.28,16.59,227909
12-Oct-11,17.07,17.34,16.80,17.05,98719
11-Oct-11,16.73,16.73,16.73,16.73,0
10-Oct-11,16.27,16.49,16.09,16.38,190282
7-Oct-11,16.52,16.52,15.86,15.96,102173
6-Oct-11,16.20,16.50,16.12,16.49,193877
5-Oct-11,16.47,17.15,16.18,16.21,399970
4-Oct-11,15.63,15.63,15.63,15.63,0
3-Oct-11,16.51,16.51,14.83,15.11,444994
30-Sep-11,16.56,16.70,16.42,16.44,213162
29-Sep-11,16.73,16.73,16.73,16.73,0
