Date,Open,High,Low,Close,Volume
27-Sep-12,4.45,4.52,4.37,4.47,63946
26-Sep-12,4.68,4.68,4.37,4.40,48301
25-Sep-12,4.73,4.92,4.64,4.65,85026
24-Sep-12,4.76,4.83,4.61,4.70,54535
21-Sep-12,4.81,5.00,4.74,4.80,190094
20-Sep-12,4.63,4.76,4.44,4.70,71629
19-Sep-12,4.44,4.70,4.36,4.66,132401
18-Sep-12,4.28,4.45,4.28,4.43,130390
17-Sep-12,4.12,4.30,3.99,4.29,62724
14-Sep-12,4.09,4.15,4.05,4.14,195750
13-Sep-12,3.98,4.10,3.92,4.06,145642
12-Sep-12,3.99,4.02,3.95,4.00,100102
11-Sep-12,3.97,4.00,3.93,3.99,384312
10-Sep-12,3.93,4.00,3.93,3.99,29030
7-Sep-12,3.97,4.01,3.91,3.94,92684
6-Sep-12,4.01,4.01,3.87,3.95,115003
5-Sep-12,4.00,4.01,3.94,3.98,52452
4-Sep-12,4.03,4.04,3.88,3.98,64116
31-Aug-12,4.14,4.14,3.98,4.02,78249
30-Aug-12,4.15,4.15,4.07,4.07,40265
29-Aug-12,4.20,4.26,4.17,4.18,66072
28-Aug-12,4.16,4.28,4.13,4.20,61702
27-Aug-12,4.17,4.34,4.14,4.18,141344
24-Aug-12,4.27,4.27,4.09,4.16,176046
23-Aug-12,4.41,4.41,4.30,4.31,24241
22-Aug-12,4.40,4.51,4.37,4.43,94547
21-Aug-12,4.45,4.49,4.38,4.43,171573
20-Aug-12,4.32,4.43,4.31,4.41,60266
17-Aug-12,4.20,4.36,4.20,4.36,25839
16-Aug-12,4.05,4.23,4.03,4.22,23243
15-Aug-12,4.03,4.09,4.03,4.07,23893
14-Aug-12,4.11,4.11,4.03,4.07,10409
13-Aug-12,4.28,4.28,4.04,4.05,24308
10-Aug-12,4.04,4.32,4.01,4.28,19314
9-Aug-12,3.95,4.06,3.95,4.06,17034
8-Aug-12,3.85,4.00,3.75,3.96,41694
7-Aug-12,4.45,4.64,4.41,4.58,37325
6-Aug-12,4.48,4.49,4.40,4.41,22853
3-Aug-12,4.46,4.59,4.38,4.48,40976
2-Aug-12,4.29,4.50,4.23,4.39,296942
1-Aug-12,4.39,4.44,4.21,4.39,3544947
31-Jul-12,4.22,4.42,4.18,4.37,82241
30-Jul-12,4.37,4.37,4.23,4.26,43709
27-Jul-12,4.08,4.40,4.06,4.38,65919
26-Jul-12,4.15,4.18,4.00,4.06,31814
25-Jul-12,4.01,4.10,3.99,4.05,50520
24-Jul-12,4.04,4.07,3.84,3.96,88012
23-Jul-12,4.06,4.12,4.01,4.01,72401
20-Jul-12,4.34,4.34,4.09,4.19,70218
19-Jul-12,4.67,4.70,4.37,4.40,64641
18-Jul-12,4.78,4.78,4.64,4.66,69589
17-Jul-12,4.85,4.88,4.73,4.78,45651
16-Jul-12,4.83,4.85,4.74,4.79,38404
13-Jul-12,4.95,5.02,4.86,4.87,53626
12-Jul-12,4.90,4.96,4.75,4.93,57945
11-Jul-12,4.98,5.06,4.94,4.95,51435
10-Jul-12,5.10,5.10,4.90,4.96,50707
9-Jul-12,5.24,5.24,4.98,5.05,49768
6-Jul-12,5.25,5.34,5.20,5.26,74340
5-Jul-12,5.15,5.40,5.15,5.33,50708
3-Jul-12,5.11,5.26,5.10,5.17,92845
2-Jul-12,5.04,5.15,4.95,5.13,108215
29-Jun-12,4.98,5.08,4.85,5.03,124528
28-Jun-12,4.78,4.85,4.65,4.84,95144
27-Jun-12,4.88,4.88,4.79,4.84,88544
26-Jun-12,4.75,4.87,4.66,4.83,71961
25-Jun-12,4.79,4.79,4.63,4.76,72755
22-Jun-12,4.87,4.93,4.73,4.91,446111
21-Jun-12,4.98,5.04,4.80,4.80,91292
20-Jun-12,5.10,5.10,4.95,5.00,147102
19-Jun-12,5.05,5.21,5.04,5.10,130077
18-Jun-12,5.22,5.28,5.00,5.03,87991
15-Jun-12,5.16,5.35,5.08,5.29,171019
14-Jun-12,5.04,5.21,4.98,5.17,56610
13-Jun-12,5.18,5.18,4.98,5.01,113151
12-Jun-12,5.18,5.29,5.12,5.17,52548
11-Jun-12,5.75,5.75,5.14,5.15,106669
8-Jun-12,5.40,5.75,5.37,5.73,64397
7-Jun-12,5.48,5.51,5.32,5.44,106055
6-Jun-12,5.32,5.40,5.22,5.38,89654
5-Jun-12,5.05,5.36,5.02,5.29,85266
4-Jun-12,5.03,5.14,5.01,5.11,97631
1-Jun-12,5.01,5.15,4.96,4.99,100250
31-May-12,5.14,5.25,5.00,5.17,202746
30-May-12,5.27,5.30,5.12,5.15,57809
29-May-12,5.46,5.46,5.36,5.37,69399
25-May-12,5.21,5.41,5.20,5.37,72067
24-May-12,5.37,5.37,5.06,5.23,66666
23-May-12,5.12,5.41,5.05,5.37,63927
22-May-12,5.45,5.53,5.15,5.20,70227
21-May-12,5.34,5.51,5.24,5.47,76329
18-May-12,5.40,5.60,5.30,5.32,141895
17-May-12,5.46,5.74,5.35,5.42,196610
16-May-12,5.27,5.51,5.26,5.43,69371
15-May-12,5.06,5.61,5.06,5.24,207625
14-May-12,5.22,5.40,5.05,5.07,262272
11-May-12,5.32,5.50,5.15,5.32,250124
10-May-12,5.76,5.76,5.36,5.39,96003
9-May-12,5.30,5.74,5.27,5.69,125366
8-May-12,5.20,5.61,5.19,5.58,97479
7-May-12,5.27,5.48,5.22,5.29,92961
4-May-12,5.34,5.37,5.25,5.32,103940
3-May-12,5.54,5.58,5.31,5.40,53327
2-May-12,5.49,5.57,5.34,5.56,108836
1-May-12,5.45,5.85,5.41,5.55,151710
30-Apr-12,5.94,6.00,5.45,5.46,77833
27-Apr-12,5.66,6.08,5.59,5.94,133674
26-Apr-12,5.52,5.64,5.52,5.62,31921
25-Apr-12,5.62,5.67,5.53,5.55,71479
24-Apr-12,5.43,5.55,5.39,5.50,58538
23-Apr-12,5.34,5.46,5.30,5.45,116174
20-Apr-12,5.50,5.69,5.43,5.49,110355
19-Apr-12,5.45,5.60,5.30,5.41,64456
18-Apr-12,5.57,5.57,5.37,5.44,71871
17-Apr-12,5.55,5.71,5.55,5.63,92173
16-Apr-12,5.24,5.55,5.21,5.48,79298
13-Apr-12,5.32,5.32,5.21,5.22,56693
12-Apr-12,5.24,5.44,5.22,5.36,55863
11-Apr-12,5.09,5.24,5.03,5.22,114553
10-Apr-12,5.02,5.09,4.95,5.01,186139
9-Apr-12,5.02,5.10,4.98,5.02,93227
5-Apr-12,5.08,5.27,5.08,5.18,57864
4-Apr-12,5.27,5.32,5.04,5.13,87533
3-Apr-12,5.71,5.71,5.35,5.37,67251
2-Apr-12,5.37,5.72,5.37,5.72,70087
30-Mar-12,5.54,5.54,5.39,5.39,106310
29-Mar-12,5.56,5.60,5.35,5.47,37342
28-Mar-12,5.71,5.71,5.52,5.63,37331
27-Mar-12,5.77,5.80,5.67,5.68,46801
26-Mar-12,5.71,5.75,5.68,5.75,112833
23-Mar-12,5.34,5.61,5.34,5.59,94943
22-Mar-12,5.50,5.57,5.29,5.36,91818
21-Mar-12,5.81,5.82,5.58,5.60,48807
20-Mar-12,5.76,5.90,5.74,5.77,75493
19-Mar-12,5.68,5.87,5.56,5.84,88899
16-Mar-12,5.73,5.75,5.53,5.71,168194
15-Mar-12,5.47,5.76,5.46,5.73,66499
14-Mar-12,5.61,5.65,5.45,5.49,51366
13-Mar-12,5.26,5.69,5.24,5.64,83627
12-Mar-12,5.26,5.27,5.10,5.22,53927
9-Mar-12,5.25,5.40,5.22,5.27,148825
8-Mar-12,5.24,5.28,5.17,5.26,54524
7-Mar-12,5.12,5.36,5.12,5.20,243173
6-Mar-12,4.96,5.15,4.90,5.07,158180
5-Mar-12,4.94,5.05,4.86,5.04,86615
2-Mar-12,5.08,5.12,4.93,4.97,133717
1-Mar-12,5.33,5.44,5.11,5.12,167822
29-Feb-12,5.49,5.58,5.25,5.28,156903
28-Feb-12,5.62,5.67,5.43,5.47,102215
27-Feb-12,5.69,5.72,5.57,5.65,62489
24-Feb-12,5.72,5.80,5.67,5.73,38699
23-Feb-12,5.91,5.92,5.70,5.72,163964
22-Feb-12,6.20,6.38,5.79,5.91,260762
21-Feb-12,6.56,6.57,6.31,6.52,85830
17-Feb-12,6.59,6.62,6.51,6.56,48888
16-Feb-12,6.13,6.79,6.13,6.55,157193
15-Feb-12,6.50,6.50,6.11,6.15,83246
14-Feb-12,6.54,6.56,6.34,6.45,36509
13-Feb-12,6.53,6.60,6.49,6.56,58504
10-Feb-12,6.62,6.68,6.40,6.41,59574
9-Feb-12,6.92,6.92,6.68,6.76,37327
8-Feb-12,6.96,6.97,6.85,6.90,108778
7-Feb-12,6.95,6.97,6.80,6.97,71872
6-Feb-12,6.78,6.99,6.70,6.96,104229
3-Feb-12,6.57,6.79,6.48,6.78,214067
2-Feb-12,6.18,6.45,6.13,6.39,228010
1-Feb-12,6.07,6.26,5.96,6.18,122852
31-Jan-12,6.08,6.08,5.91,6.01,65868
30-Jan-12,5.94,6.03,5.88,6.01,51605
27-Jan-12,6.11,6.19,5.95,6.05,80837
26-Jan-12,5.88,6.30,5.84,6.14,103166
25-Jan-12,5.42,5.85,5.42,5.84,58268
24-Jan-12,5.27,5.52,5.21,5.45,92953
23-Jan-12,5.49,5.58,5.23,5.33,51141
20-Jan-12,5.25,5.47,5.25,5.46,75914
19-Jan-12,5.00,5.29,4.96,5.26,104307
18-Jan-12,4.78,5.00,4.73,4.99,82002
17-Jan-12,4.95,4.99,4.76,4.78,90569
13-Jan-12,4.86,4.86,4.86,4.86,0
12-Jan-12,4.93,4.99,4.79,4.98,90604
11-Jan-12,4.90,4.95,4.82,4.94,58931
10-Jan-12,4.79,4.95,4.79,4.92,69954
9-Jan-12,4.63,4.74,4.60,4.70,69824
6-Jan-12,4.75,4.78,4.53,4.60,140891
5-Jan-12,4.70,4.86,4.57,4.77,49658
4-Jan-12,4.90,4.95,4.71,4.73,53940
3-Jan-12,4.73,5.03,4.68,4.95,71393
30-Dec-11,4.59,4.59,4.59,4.59,0
29-Dec-11,4.61,4.70,4.61,4.67,45025
28-Dec-11,4.70,4.70,4.52,4.55,103814
27-Dec-11,4.74,4.85,4.70,4.74,45152
23-Dec-11,4.78,4.78,4.78,4.78,0
22-Dec-11,4.71,4.93,4.56,4.87,55408
21-Dec-11,4.66,4.71,4.50,4.66,80113
20-Dec-11,4.47,4.71,4.47,4.71,115491
19-Dec-11,4.76,4.82,4.35,4.35,110081
16-Dec-11,4.77,4.99,4.67,4.69,189286
15-Dec-11,4.72,4.82,4.63,4.71,136915
14-Dec-11,4.41,4.64,4.33,4.63,99052
13-Dec-11,4.50,4.68,4.42,4.45,107821
12-Dec-11,4.34,4.46,4.19,4.44,87924
9-Dec-11,4.18,4.52,4.18,4.41,133534
8-Dec-11,4.35,4.41,4.13,4.14,99437
7-Dec-11,4.26,4.42,4.16,4.40,63200
6-Dec-11,4.30,4.40,4.11,4.28,107749
5-Dec-11,4.53,4.54,4.20,4.28,470798
2-Dec-11,4.35,4.55,4.31,4.43,107844
1-Dec-11,4.69,4.69,4.25,4.28,124938
30-Nov-11,4.28,4.76,4.17,4.71,262977
29-Nov-11,4.14,4.18,3.89,4.02,57084
28-Nov-11,3.96,4.15,3.87,4.15,101695
25-Nov-11,3.97,4.00,3.75,3.75,26983
23-Nov-11,3.99,3.99,3.99,3.99,0
22-Nov-11,4.26,4.30,4.09,4.11,85159
21-Nov-11,4.29,4.40,4.10,4.26,163073
18-Nov-11,4.36,4.51,4.32,4.39,59812
17-Nov-11,4.33,4.46,4.27,4.36,122865
16-Nov-11,4.40,4.57,4.27,4.35,82466
15-Nov-11,4.32,4.51,4.28,4.49,74636
14-Nov-11,4.70,4.74,4.30,4.32,116129
11-Nov-11,4.60,4.75,4.60,4.70,115784
10-Nov-11,4.49,4.66,4.45,4.52,81576
9-Nov-11,4.76,4.82,4.25,4.40,169964
8-Nov-11,5.04,5.11,4.77,4.97,98865
7-Nov-11,4.77,4.99,4.76,4.98,147972
4-Nov-11,4.50,4.79,4.50,4.77,133878
3-Nov-11,4.33,4.60,4.12,4.59,137442
2-Nov-11,4.22,4.40,4.08,4.38,521269
1-Nov-11,3.75,4.25,3.71,4.09,269692
31-Oct-11,4.10,4.22,3.98,3.99,71362
28-Oct-11,4.44,4.50,4.19,4.19,118026
27-Oct-11,4.30,4.64,4.17,4.37,292823
26-Oct-11,4.02,4.22,3.80,4.16,89216
25-Oct-11,4.06,4.10,3.86,3.92,162389
24-Oct-11,3.86,4.13,3.85,4.11,122448
21-Oct-11,3.88,3.88,3.77,3.87,196325
20-Oct-11,3.82,3.88,3.71,3.79,56718
19-Oct-11,3.92,3.98,3.74,3.82,89387
18-Oct-11,3.66,3.97,3.55,3.94,94349
17-Oct-11,3.97,4.02,3.61,3.62,145133
14-Oct-11,3.91,4.03,3.77,4.03,89011
13-Oct-11,4.02,4.02,3.61,3.81,70603
12-Oct-11,3.93,4.10,3.81,4.08,93392
11-Oct-11,3.80,3.93,3.80,3.88,78777
10-Oct-11,3.60,3.86,3.53,3.85,105670
7-Oct-11,3.79,3.84,3.48,3.50,71938
6-Oct-11,3.66,3.80,3.59,3.79,84328
5-Oct-11,3.69,3.75,3.54,3.69,80248
4-Oct-11,3.12,3.76,3.08,3.70,248645
3-Oct-11,3.30,3.51,3.15,3.17,183155
30-Sep-11,3.29,3.37,3.28,3.36,157630
