Date,Open,High,Low,Close,Volume
27-Sep-12,9.53,9.66,9.53,9.64,46592
26-Sep-12,9.58,9.60,9.49,9.51,31156
25-Sep-12,9.68,9.69,9.60,9.60,18267
24-Sep-12,9.62,9.68,9.60,9.68,32804
21-Sep-12,9.64,9.69,9.62,9.68,31601
20-Sep-12,9.62,9.65,9.56,9.62,32028
19-Sep-12,9.60,9.66,9.56,9.65,52552
18-Sep-12,9.53,9.62,9.48,9.60,73548
17-Sep-12,9.54,9.62,9.49,9.51,39207
14-Sep-12,9.52,9.61,9.52,9.56,26076
13-Sep-12,9.44,9.54,9.42,9.53,42571
12-Sep-12,9.37,9.46,9.37,9.42,60853
11-Sep-12,9.42,9.46,9.42,9.43,20494
10-Sep-12,9.42,9.49,9.42,9.42,40576
7-Sep-12,9.41,9.48,9.41,9.44,18112
6-Sep-12,9.37,9.44,9.37,9.39,40975
5-Sep-12,9.39,9.39,9.34,9.36,14464
4-Sep-12,9.38,9.41,9.31,9.37,62882
31-Aug-12,9.41,9.42,9.34,9.40,40714
30-Aug-12,9.32,9.37,9.30,9.32,37355
29-Aug-12,9.34,9.37,9.34,9.34,38732
28-Aug-12,9.39,9.40,9.35,9.35,30072
27-Aug-12,9.38,9.41,9.35,9.37,21424
24-Aug-12,9.39,9.41,9.35,9.38,25041
23-Aug-12,9.38,9.41,9.34,9.38,26859
22-Aug-12,9.40,9.41,9.37,9.37,27050
21-Aug-12,9.45,9.50,9.41,9.42,15044
20-Aug-12,9.42,9.43,9.37,9.41,18052
17-Aug-12,9.43,9.43,9.38,9.39,6373
16-Aug-12,9.35,9.42,9.35,9.42,4620
15-Aug-12,9.32,9.36,9.31,9.33,12747
14-Aug-12,9.36,9.36,9.33,9.34,6779
13-Aug-12,9.39,9.40,9.31,9.35,6461
10-Aug-12,9.53,9.61,9.53,9.57,5219
9-Aug-12,9.56,9.62,9.55,9.55,4560
8-Aug-12,9.52,9.58,9.51,9.55,5200
7-Aug-12,9.55,9.58,9.52,9.53,4164
6-Aug-12,9.48,9.56,9.44,9.55,5331
3-Aug-12,9.53,9.54,9.43,9.43,10659
2-Aug-12,9.40,9.46,9.40,9.45,30694
1-Aug-12,9.45,9.45,9.41,9.42,32019
31-Jul-12,9.41,9.46,9.40,9.40,21069
30-Jul-12,9.48,9.54,9.41,9.41,18743
27-Jul-12,9.41,9.51,9.40,9.46,41599
26-Jul-12,9.36,9.46,9.36,9.39,20808
25-Jul-12,9.27,9.32,9.27,9.31,17757
24-Jul-12,9.28,9.35,9.24,9.24,35276
23-Jul-12,9.26,9.36,9.25,9.30,33639
20-Jul-12,9.35,9.40,9.33,9.33,23205
19-Jul-12,9.37,9.40,9.36,9.38,24261
18-Jul-12,9.28,9.38,9.28,9.34,23175
17-Jul-12,9.30,9.32,9.26,9.31,40586
16-Jul-12,9.33,9.34,9.28,9.28,28232
13-Jul-12,9.28,9.33,9.25,9.32,35344
12-Jul-12,9.24,9.27,9.16,9.24,39235
11-Jul-12,9.30,9.33,9.23,9.31,31877
10-Jul-12,9.33,9.38,9.26,9.26,26434
9-Jul-12,9.34,9.35,9.29,9.33,36388
6-Jul-12,9.31,9.35,9.27,9.32,23590
5-Jul-12,9.33,9.40,9.30,9.34,101719
3-Jul-12,9.39,9.41,9.37,9.37,23482
2-Jul-12,9.32,9.39,9.28,9.37,32383
29-Jun-12,9.33,9.35,9.27,9.35,54911
28-Jun-12,9.17,9.22,9.13,9.22,39546
27-Jun-12,9.15,9.27,9.15,9.23,55965
26-Jun-12,9.15,9.19,9.12,9.18,54235
25-Jun-12,9.14,9.15,9.10,9.13,30982
22-Jun-12,9.16,9.22,9.16,9.21,25841
21-Jun-12,9.26,9.30,9.14,9.15,34117
20-Jun-12,9.21,9.27,9.21,9.24,29700
19-Jun-12,9.17,9.25,9.17,9.25,35285
18-Jun-12,9.12,9.22,9.12,9.15,20808
15-Jun-12,9.10,9.14,9.10,9.13,25301
14-Jun-12,9.11,9.15,9.05,9.11,27042
13-Jun-12,9.17,9.17,9.07,9.07,23271
12-Jun-12,9.13,9.19,9.13,9.17,34956
11-Jun-12,9.22,9.22,9.10,9.10,23311
8-Jun-12,9.16,9.20,9.12,9.19,29677
7-Jun-12,9.21,9.21,9.14,9.16,41855
6-Jun-12,9.23,9.23,9.13,9.17,24387
5-Jun-12,9.06,9.13,9.05,9.13,20981
4-Jun-12,9.04,9.13,9.03,9.06,31410
1-Jun-12,9.16,9.20,9.02,9.04,75135
31-May-12,9.34,9.34,9.19,9.22,23367
30-May-12,9.20,9.29,9.18,9.24,30102
29-May-12,9.35,9.35,9.27,9.29,26722
25-May-12,9.28,9.29,9.23,9.29,31758
24-May-12,9.32,9.32,9.17,9.25,52916
23-May-12,9.25,9.28,9.07,9.28,43927
22-May-12,9.22,9.24,9.18,9.22,36896
21-May-12,9.15,9.27,9.12,9.27,17371
18-May-12,9.22,9.24,9.14,9.15,41648
17-May-12,9.36,9.37,9.22,9.22,32632
16-May-12,9.45,9.46,9.34,9.35,22487
15-May-12,9.39,9.47,9.37,9.39,32743
14-May-12,9.55,9.55,9.41,9.42,25160
11-May-12,9.61,9.61,9.56,9.57,28647
10-May-12,9.80,9.81,9.75,9.76,28930
9-May-12,9.79,9.82,9.71,9.75,33722
8-May-12,9.78,9.81,9.70,9.81,31516
7-May-12,9.68,9.85,9.68,9.82,97475
4-May-12,9.75,9.77,9.71,9.71,67383
3-May-12,9.82,9.86,9.77,9.79,45267
2-May-12,9.80,9.85,9.79,9.84,31113
1-May-12,9.78,9.89,9.77,9.84,30669
30-Apr-12,9.78,9.83,9.77,9.81,33810
27-Apr-12,9.89,9.89,9.80,9.82,23366
26-Apr-12,9.85,9.90,9.82,9.86,21675
25-Apr-12,9.79,9.85,9.77,9.84,30757
24-Apr-12,9.75,9.77,9.71,9.71,33347
23-Apr-12,9.67,9.74,9.64,9.74,54818
20-Apr-12,9.73,9.79,9.73,9.75,28370
19-Apr-12,9.76,9.79,9.69,9.71,26604
18-Apr-12,9.80,9.81,9.71,9.73,34673
17-Apr-12,9.77,9.82,9.75,9.81,35080
16-Apr-12,9.80,9.80,9.70,9.70,22916
13-Apr-12,9.78,9.78,9.66,9.75,32329
12-Apr-12,9.64,9.77,9.64,9.77,43689
11-Apr-12,9.73,9.78,9.67,9.68,48899
10-Apr-12,9.82,9.83,9.65,9.67,65688
9-Apr-12,9.80,9.85,9.77,9.80,40179
5-Apr-12,9.91,9.93,9.87,9.91,30952
4-Apr-12,9.96,9.97,9.90,9.91,21856
3-Apr-12,10.00,10.04,9.98,10.00,29745
2-Apr-12,10.02,10.04,9.96,9.98,61790
30-Mar-12,9.96,10.02,9.94,10.01,30456
29-Mar-12,9.93,9.95,9.88,9.95,27049
28-Mar-12,9.98,9.99,9.93,9.93,24850
27-Mar-12,9.96,10.03,9.94,9.97,27889
26-Mar-12,10.01,10.03,9.97,9.97,31327
23-Mar-12,9.92,9.97,9.91,9.95,24441
22-Mar-12,9.97,9.97,9.90,9.90,43733
21-Mar-12,9.92,10.01,9.92,9.99,14137
20-Mar-12,9.97,10.03,9.93,9.93,27287
19-Mar-12,10.01,10.07,9.99,9.99,32742
16-Mar-12,10.04,10.07,9.98,9.99,32350
15-Mar-12,9.99,10.07,9.99,10.02,37823
14-Mar-12,10.09,10.09,9.99,10.02,41489
13-Mar-12,10.04,10.10,9.92,10.09,91406
12-Mar-12,10.02,10.02,9.96,9.98,36900
9-Mar-12,9.98,10.05,9.97,10.04,23491
8-Mar-12,10.13,10.13,9.92,9.97,30611
7-Mar-12,9.88,9.92,9.85,9.88,32768
6-Mar-12,9.87,9.96,9.80,9.81,50959
5-Mar-12,10.00,10.11,9.99,9.99,57042
2-Mar-12,10.04,10.10,10.04,10.05,26568
1-Mar-12,9.96,10.09,9.96,10.05,102415
29-Feb-12,10.05,10.05,9.96,9.96,53176
28-Feb-12,10.00,10.04,9.94,10.00,85074
27-Feb-12,9.95,9.98,9.93,9.97,49517
24-Feb-12,9.99,9.99,9.92,9.93,38282
23-Feb-12,9.94,9.94,9.88,9.90,60299
22-Feb-12,9.84,9.93,9.83,9.88,42422
21-Feb-12,9.84,9.90,9.83,9.86,49091
17-Feb-12,9.90,9.90,9.82,9.84,59086
16-Feb-12,9.80,9.91,9.80,9.86,64021
15-Feb-12,9.78,9.85,9.76,9.77,90633
14-Feb-12,9.78,9.78,9.74,9.76,39591
13-Feb-12,9.73,9.84,9.69,9.78,127166
10-Feb-12,9.99,10.02,9.87,9.87,64607
9-Feb-12,10.00,10.05,9.98,9.99,61559
8-Feb-12,9.97,10.04,9.97,9.97,81745
7-Feb-12,9.93,10.00,9.93,9.97,56676
6-Feb-12,10.02,10.02,9.91,9.93,73675
3-Feb-12,9.79,9.96,9.79,9.96,138845
2-Feb-12,9.81,9.89,9.66,9.85,223079
1-Feb-12,9.95,10.14,9.95,10.06,86010
31-Jan-12,9.97,9.97,9.88,9.89,42886
30-Jan-12,9.84,9.93,9.80,9.93,39934
27-Jan-12,9.80,9.90,9.80,9.88,83972
26-Jan-12,9.81,9.83,9.78,9.82,35915
25-Jan-12,9.69,9.81,9.62,9.81,89517
24-Jan-12,9.54,9.69,9.54,9.69,32416
23-Jan-12,9.64,9.69,9.59,9.62,54922
20-Jan-12,9.56,9.61,9.52,9.61,55747
19-Jan-12,9.52,9.56,9.45,9.56,46426
18-Jan-12,9.35,9.46,9.35,9.46,32825
17-Jan-12,9.37,9.44,9.34,9.34,50792
13-Jan-12,9.34,9.34,9.34,9.34,0
12-Jan-12,9.47,9.47,9.36,9.36,37224
11-Jan-12,9.45,9.46,9.36,9.37,43591
10-Jan-12,9.36,9.45,9.36,9.44,53999
9-Jan-12,9.27,9.34,9.15,9.28,52977
6-Jan-12,9.13,9.23,9.09,9.22,57078
5-Jan-12,9.05,9.13,8.96,9.11,126479
4-Jan-12,9.06,9.15,8.94,9.07,67358
3-Jan-12,9.03,9.11,9.02,9.10,64776
30-Dec-11,8.98,8.98,8.98,8.98,0
29-Dec-11,8.88,8.95,8.86,8.93,71676
28-Dec-11,9.00,9.00,8.83,8.86,63757
27-Dec-11,9.09,9.16,8.90,8.98,156260
23-Dec-11,9.07,9.07,9.07,9.07,0
22-Dec-11,9.06,9.06,9.00,9.00,46148
21-Dec-11,8.99,9.00,8.89,9.00,28662
20-Dec-11,8.82,9.03,8.82,8.94,54108
19-Dec-11,8.91,8.95,8.74,8.74,51987
16-Dec-11,8.91,8.98,8.89,8.93,45597
15-Dec-11,8.96,8.99,8.87,8.88,45709
14-Dec-11,8.95,8.96,8.87,8.92,39264
13-Dec-11,9.07,9.11,8.92,8.92,44951
12-Dec-11,9.04,9.04,8.90,9.01,67472
9-Dec-11,8.90,9.06,8.90,9.06,73966
8-Dec-11,9.04,9.04,8.90,8.90,51596
7-Dec-11,8.98,9.07,8.95,9.04,56899
6-Dec-11,9.06,9.12,8.96,9.04,80299
5-Dec-11,9.18,9.20,9.08,9.09,55443
2-Dec-11,9.18,9.18,9.06,9.06,35796
1-Dec-11,9.06,9.16,9.06,9.16,66036
30-Nov-11,9.16,9.16,9.03,9.07,48778
29-Nov-11,8.81,8.94,8.81,8.88,39334
28-Nov-11,9.00,9.00,8.74,8.76,37356
25-Nov-11,8.86,8.86,8.79,8.80,15157
23-Nov-11,8.82,8.82,8.82,8.82,0
22-Nov-11,8.94,8.96,8.85,8.95,38846
21-Nov-11,9.01,9.01,8.83,8.89,53545
18-Nov-11,9.06,9.13,9.02,9.05,35016
17-Nov-11,9.19,9.23,9.04,9.05,42114
16-Nov-11,9.29,9.40,9.23,9.23,68542
15-Nov-11,9.20,9.35,9.18,9.35,48243
14-Nov-11,9.35,9.35,9.17,9.17,34525
11-Nov-11,9.48,9.48,9.28,9.30,46758
10-Nov-11,9.44,9.44,9.27,9.36,41070
9-Nov-11,9.59,9.60,9.48,9.50,31969
8-Nov-11,9.69,9.71,9.61,9.70,36697
7-Nov-11,9.65,9.69,9.60,9.67,19284
4-Nov-11,9.65,9.69,9.61,9.62,34562
3-Nov-11,9.73,9.74,9.63,9.70,46219
2-Nov-11,9.70,9.74,9.58,9.70,19843
1-Nov-11,9.57,9.63,9.47,9.59,37082
31-Oct-11,9.71,9.79,9.61,9.73,38873
28-Oct-11,9.75,9.79,9.66,9.79,33342
27-Oct-11,9.57,9.80,9.55,9.73,74818
26-Oct-11,9.49,9.49,9.33,9.38,45915
25-Oct-11,9.47,9.53,9.32,9.36,61470
24-Oct-11,9.49,9.60,9.46,9.53,44958
21-Oct-11,9.46,9.53,9.41,9.52,23539
20-Oct-11,9.35,9.38,9.26,9.38,23488
19-Oct-11,9.41,9.41,9.28,9.32,38820
18-Oct-11,9.20,9.35,9.13,9.33,44191
17-Oct-11,9.21,9.25,9.12,9.12,35001
14-Oct-11,9.27,9.32,9.22,9.25,30165
13-Oct-11,9.21,9.30,9.10,9.15,32435
12-Oct-11,9.20,9.27,9.18,9.20,47851
11-Oct-11,9.07,9.22,9.07,9.14,50198
10-Oct-11,9.17,9.27,9.07,9.13,38813
7-Oct-11,9.27,9.27,9.06,9.12,21496
6-Oct-11,9.04,9.18,8.91,9.18,23398
5-Oct-11,8.78,9.06,8.75,9.06,29513
4-Oct-11,8.75,8.85,8.50,8.80,81038
3-Oct-11,9.11,9.17,8.84,8.87,34634
30-Sep-11,9.20,9.21,9.11,9.12,32054
