Date,Open,High,Low,Close,Volume
27-Sep-12,0.00,0.00,0.00,13.26,3000
26-Sep-12,12.65,13.21,12.58,13.20,476928
25-Sep-12,12.88,13.05,12.49,12.66,483905
24-Sep-12,12.68,12.87,12.50,12.82,339793
21-Sep-12,12.63,12.75,12.54,12.60,309588
20-Sep-12,12.47,12.51,12.12,12.47,148746
19-Sep-12,12.85,12.86,12.42,12.58,91786
18-Sep-12,12.88,12.94,12.74,12.78,210252
17-Sep-12,13.25,13.25,12.69,12.86,121910
14-Sep-12,13.69,13.69,13.25,13.26,91261
13-Sep-12,13.40,13.79,13.29,13.65,108391
12-Sep-12,13.26,13.44,13.09,13.44,57844
11-Sep-12,13.38,13.42,13.11,13.20,51364
10-Sep-12,13.32,13.40,13.13,13.34,55853
7-Sep-12,13.73,13.75,13.24,13.36,333354
6-Sep-12,12.94,13.52,12.75,13.45,548472
5-Sep-12,12.62,13.06,12.57,12.82,548411
4-Sep-12,12.71,12.79,12.47,12.60,553925
31-Aug-12,12.73,12.77,12.44,12.75,338038
30-Aug-12,12.43,12.66,12.36,12.61,488143
29-Aug-12,12.22,12.52,12.22,12.45,740765
28-Aug-12,12.17,12.40,11.98,12.19,785560
27-Aug-12,12.55,12.64,12.18,12.21,239087
24-Aug-12,12.60,12.70,12.49,12.51,215164
23-Aug-12,12.64,12.70,12.41,12.62,168348
22-Aug-12,12.54,12.73,12.13,12.62,712904
21-Aug-12,12.88,13.08,12.52,12.53,498654
20-Aug-12,13.04,13.23,12.63,12.88,333525
17-Aug-12,13.19,13.32,13.03,13.10,228648
16-Aug-12,13.45,13.57,13.20,13.23,363486
15-Aug-12,13.47,13.63,13.36,13.42,350934
14-Aug-12,13.62,13.84,13.36,13.47,329943
13-Aug-12,13.58,13.71,13.25,13.57,422400
10-Aug-12,13.45,14.03,13.27,13.65,970079
9-Aug-12,13.07,13.68,12.96,13.51,1427723
8-Aug-12,15.55,15.55,12.98,13.03,3893761
7-Aug-12,15.47,16.24,15.30,15.85,660087
6-Aug-12,14.73,15.34,14.73,15.30,218213
3-Aug-12,14.50,14.94,14.50,14.71,246866
2-Aug-12,15.00,15.25,14.05,14.29,622070
1-Aug-12,15.08,15.21,14.85,15.00,570742
31-Jul-12,15.24,15.43,15.01,15.05,198322
30-Jul-12,15.53,15.53,15.15,15.25,145437
27-Jul-12,15.21,15.59,15.14,15.51,352165
26-Jul-12,15.23,15.45,15.02,15.17,210729
25-Jul-12,15.07,15.16,14.97,15.01,245645
24-Jul-12,15.02,15.05,14.90,14.95,321663
23-Jul-12,15.00,15.12,14.85,14.97,236730
20-Jul-12,15.44,15.49,15.00,15.17,435630
19-Jul-12,15.73,15.73,15.26,15.27,98696
18-Jul-12,15.45,15.71,15.17,15.63,358967
17-Jul-12,15.41,15.60,15.34,15.45,215167
16-Jul-12,15.96,16.03,15.29,15.35,267649
13-Jul-12,15.62,16.04,15.58,15.96,289683
12-Jul-12,15.48,15.63,15.27,15.60,225620
11-Jul-12,15.83,15.84,15.36,15.62,196054
10-Jul-12,16.19,16.37,15.66,15.78,224032
9-Jul-12,16.25,16.33,15.99,16.16,263482
6-Jul-12,16.56,16.56,16.18,16.25,140159
5-Jul-12,16.97,17.07,16.64,16.76,163253
3-Jul-12,16.69,17.15,16.67,17.04,786145
2-Jul-12,16.83,16.83,16.33,16.56,507308
29-Jun-12,16.13,16.83,15.91,16.76,459978
28-Jun-12,15.72,16.00,15.30,15.81,306147
27-Jun-12,15.49,15.82,15.24,15.79,207254
26-Jun-12,15.86,16.09,15.38,15.43,247690
25-Jun-12,16.21,16.44,15.67,15.87,302468
22-Jun-12,15.98,16.50,15.78,16.40,900026
21-Jun-12,16.22,16.26,15.47,15.88,313957
20-Jun-12,16.26,16.48,16.18,16.22,168373
19-Jun-12,15.90,16.34,15.74,16.32,456763
18-Jun-12,15.64,16.22,15.45,15.79,464745
15-Jun-12,15.06,15.66,14.92,15.62,745969
14-Jun-12,15.09,15.22,14.94,15.05,497117
13-Jun-12,15.15,15.25,15.00,15.12,319452
12-Jun-12,15.27,15.28,14.91,15.16,308705
11-Jun-12,15.93,15.94,15.17,15.19,246964
8-Jun-12,15.75,15.93,15.50,15.78,179852
7-Jun-12,16.28,16.42,15.81,15.82,331098
6-Jun-12,15.84,16.27,15.84,16.16,339835
5-Jun-12,15.32,15.79,15.27,15.78,492616
4-Jun-12,15.19,15.43,14.99,15.40,380310
1-Jun-12,14.95,15.18,14.79,15.12,407041
31-May-12,15.24,15.24,14.89,15.19,564545
30-May-12,15.30,15.40,15.15,15.28,305093
29-May-12,15.20,15.74,15.20,15.46,257031
25-May-12,14.95,15.06,14.86,15.05,387128
24-May-12,15.05,15.09,14.86,14.99,294529
23-May-12,15.28,15.30,14.84,15.04,622970
22-May-12,15.34,15.75,15.32,15.41,610536
21-May-12,15.01,15.34,14.84,15.31,861489
18-May-12,15.10,15.25,14.92,15.03,372846
17-May-12,15.24,15.42,14.91,15.10,512225
16-May-12,15.11,15.37,15.00,15.21,1146955
15-May-12,15.15,15.35,14.98,15.03,668550
14-May-12,15.19,15.34,14.83,15.12,739704
11-May-12,15.56,15.71,15.26,15.34,939791
10-May-12,15.89,16.16,15.50,15.74,473767
9-May-12,16.04,16.56,15.73,15.76,657910
8-May-12,16.83,16.88,15.55,16.24,1680396
7-May-12,16.63,16.98,16.52,16.79,541611
4-May-12,16.80,16.91,16.60,16.68,464216
3-May-12,16.97,17.00,16.65,16.92,411639
2-May-12,16.66,17.14,16.66,17.00,296506
1-May-12,17.08,17.17,16.78,16.78,416334
30-Apr-12,17.41,17.65,16.93,17.00,438050
27-Apr-12,17.69,17.70,17.28,17.40,438440
26-Apr-12,17.40,17.64,17.31,17.57,350467
25-Apr-12,17.39,17.60,17.27,17.45,448755
24-Apr-12,16.83,17.22,16.45,17.15,557459
23-Apr-12,17.10,17.13,16.56,16.87,902115
20-Apr-12,17.79,17.79,17.19,17.34,517270
19-Apr-12,17.65,17.87,17.22,17.55,306769
18-Apr-12,17.45,17.81,16.97,17.69,746331
17-Apr-12,18.11,18.37,17.57,17.61,1310093
16-Apr-12,18.05,18.17,17.55,17.96,285355
13-Apr-12,18.56,18.74,17.99,18.02,219642
12-Apr-12,18.26,18.80,18.16,18.64,270319
11-Apr-12,18.17,18.34,17.84,18.26,326622
10-Apr-12,18.56,18.67,17.93,17.96,287648
9-Apr-12,18.51,18.84,18.15,18.55,249413
5-Apr-12,18.69,18.98,18.66,18.81,334352
4-Apr-12,18.93,19.08,18.72,18.80,316245
3-Apr-12,19.22,19.34,18.82,19.04,255486
2-Apr-12,19.19,19.62,19.05,19.20,325668
30-Mar-12,19.80,19.86,19.27,19.27,275548
29-Mar-12,19.50,19.73,19.10,19.61,339838
28-Mar-12,19.61,19.93,19.37,19.58,508586
27-Mar-12,19.46,19.94,19.21,19.65,368122
26-Mar-12,19.17,19.60,19.01,19.35,311581
23-Mar-12,19.14,19.17,18.90,19.07,211357
22-Mar-12,18.85,19.28,18.68,19.15,368042
21-Mar-12,19.35,19.35,18.97,18.98,219725
20-Mar-12,19.31,19.60,19.01,19.36,326495
19-Mar-12,19.11,19.56,18.96,19.41,315550
16-Mar-12,18.79,19.89,18.75,19.13,1005655
15-Mar-12,17.80,18.84,17.80,18.75,676239
14-Mar-12,17.73,18.39,17.69,17.87,600506
13-Mar-12,18.28,18.36,17.77,17.98,507030
12-Mar-12,18.30,18.52,18.01,18.11,600178
9-Mar-12,18.33,18.87,18.19,18.48,585107
8-Mar-12,18.30,18.30,18.14,18.26,449840
7-Mar-12,18.06,18.37,18.06,18.21,441132
6-Mar-12,18.62,18.74,17.97,18.06,663815
5-Mar-12,19.14,19.24,18.63,18.77,1025931
2-Mar-12,19.51,19.87,19.27,19.34,510212
1-Mar-12,19.97,20.17,19.66,19.77,966004
29-Feb-12,20.36,20.61,19.64,20.00,1167913
28-Feb-12,20.26,20.72,19.52,20.36,894606
27-Feb-12,21.25,21.47,20.77,20.87,353169
24-Feb-12,20.74,21.52,20.72,21.44,424070
23-Feb-12,20.45,20.92,20.27,20.80,669771
22-Feb-12,20.90,21.00,20.47,20.50,470083
21-Feb-12,21.21,21.42,20.78,20.93,443317
17-Feb-12,21.69,21.87,21.17,21.20,242736
16-Feb-12,21.37,21.71,21.17,21.54,397569
15-Feb-12,21.12,21.50,20.82,21.43,404450
14-Feb-12,21.14,21.25,20.89,20.95,816095
13-Feb-12,21.22,21.43,21.04,21.16,518812
10-Feb-12,20.80,21.19,20.66,21.02,1261112
9-Feb-12,20.19,21.13,19.79,21.03,1523249
8-Feb-12,19.78,20.24,19.60,20.21,713617
7-Feb-12,19.27,19.82,19.24,19.80,806747
6-Feb-12,19.08,19.61,18.86,19.46,373093
3-Feb-12,18.99,19.22,18.69,19.11,639231
2-Feb-12,18.41,18.90,18.34,18.78,846677
1-Feb-12,18.00,18.50,17.97,18.46,576506
31-Jan-12,17.71,18.06,17.69,17.94,431224
30-Jan-12,17.55,17.55,17.55,17.55,0
27-Jan-12,17.58,17.98,17.56,17.78,1168848
26-Jan-12,17.49,17.63,17.30,17.57,788975
25-Jan-12,17.00,17.47,16.92,17.37,668452
24-Jan-12,17.35,17.36,16.95,17.00,608777
23-Jan-12,18.33,18.37,17.23,17.45,496607
20-Jan-12,18.83,18.90,18.18,18.26,521467
19-Jan-12,18.38,19.00,18.15,18.84,684147
18-Jan-12,18.02,18.48,17.98,18.36,454820
17-Jan-12,17.74,18.36,17.50,18.07,857683
13-Jan-12,17.61,17.61,17.61,17.61,0
12-Jan-12,16.65,17.02,15.42,16.92,2509028
11-Jan-12,16.38,16.92,16.38,16.55,960163
10-Jan-12,17.47,17.48,16.29,16.75,803594
9-Jan-12,18.00,18.05,17.30,17.65,241256
6-Jan-12,18.08,18.47,17.94,18.18,180980
5-Jan-12,17.76,18.14,17.31,18.12,363165
4-Jan-12,17.68,17.99,17.61,17.83,322897
3-Jan-12,18.05,18.52,17.61,17.71,261941
30-Dec-11,17.80,17.80,17.80,17.80,0
29-Dec-11,17.47,17.82,17.17,17.68,248114
28-Dec-11,17.55,17.69,17.19,17.41,303573
27-Dec-11,17.67,17.67,17.67,17.67,0
23-Dec-11,17.78,17.78,17.78,17.78,0
22-Dec-11,17.53,18.11,17.50,18.02,323703
21-Dec-11,18.13,18.13,17.36,17.53,264358
20-Dec-11,18.19,18.19,18.19,18.19,0
19-Dec-11,17.70,17.99,17.47,17.68,438859
16-Dec-11,17.66,17.97,17.11,17.59,349024
15-Dec-11,17.10,17.67,17.00,17.52,520534
14-Dec-11,16.91,17.15,16.91,16.96,629498
13-Dec-11,17.72,17.93,16.90,17.00,551624
12-Dec-11,17.79,18.18,17.25,17.61,410466
9-Dec-11,17.51,18.47,17.51,18.01,500664
8-Dec-11,19.16,19.16,17.41,17.42,804359
7-Dec-11,19.56,19.85,18.88,19.03,696753
6-Dec-11,19.47,19.95,19.18,19.76,340686
5-Dec-11,19.38,19.98,19.18,19.43,267518
2-Dec-11,19.06,19.06,19.06,19.06,0
1-Dec-11,19.56,19.82,19.42,19.51,411366
30-Nov-11,19.70,20.13,19.46,19.58,738579
29-Nov-11,19.49,19.51,19.13,19.47,164725
28-Nov-11,19.36,19.74,19.26,19.45,414584
25-Nov-11,19.05,19.31,18.68,18.87,92746
23-Nov-11,19.17,19.17,19.17,19.17,0
22-Nov-11,18.89,19.56,18.77,19.43,265853
21-Nov-11,18.93,19.15,18.78,18.96,349203
18-Nov-11,19.56,19.69,19.07,19.15,305239
17-Nov-11,19.73,20.05,19.31,19.58,363287
16-Nov-11,19.43,20.01,19.19,19.59,307279
15-Nov-11,19.24,19.68,19.24,19.60,237327
14-Nov-11,19.69,19.69,19.69,19.69,0
11-Nov-11,19.80,20.03,19.53,19.95,285055
10-Nov-11,19.25,19.80,19.15,19.57,373663
9-Nov-11,19.51,19.73,19.00,19.14,330628
8-Nov-11,19.45,20.00,19.05,19.94,513195
7-Nov-11,19.28,19.56,19.01,19.34,345757
4-Nov-11,19.76,19.79,19.00,19.22,879985
3-Nov-11,21.43,21.58,18.86,19.78,2506564
2-Nov-11,22.25,22.60,21.90,22.42,336354
1-Nov-11,22.25,22.70,21.85,21.96,378833
31-Oct-11,23.21,23.43,22.98,22.99,247307
28-Oct-11,23.52,23.52,23.52,23.52,0
27-Oct-11,23.50,24.00,23.05,23.77,482364
26-Oct-11,23.08,23.50,22.72,23.10,375469
25-Oct-11,23.43,23.45,22.83,22.93,499351
24-Oct-11,23.01,23.86,22.84,23.59,591526
21-Oct-11,22.56,22.98,22.16,22.95,504836
20-Oct-11,22.42,22.60,21.85,22.11,227847
19-Oct-11,22.87,22.87,22.87,22.87,0
18-Oct-11,21.74,22.77,21.67,22.56,773232
17-Oct-11,21.50,21.89,21.41,21.67,563169
14-Oct-11,21.71,21.81,21.39,21.70,325177
13-Oct-11,21.31,21.60,21.15,21.46,422636
12-Oct-11,21.80,21.80,21.13,21.40,689676
11-Oct-11,21.52,21.97,21.22,21.70,809350
10-Oct-11,21.11,21.71,20.71,21.68,436651
7-Oct-11,21.21,21.48,20.50,20.93,448553
6-Oct-11,20.77,21.33,20.63,21.19,638276
5-Oct-11,20.44,21.00,19.91,20.75,453180
4-Oct-11,19.79,21.06,19.50,20.27,910012
3-Oct-11,20.59,20.97,19.84,20.00,882909
30-Sep-11,20.34,21.00,20.26,20.86,396686
29-Sep-11,20.32,20.32,20.32,20.32,0
