Date,Open,High,Low,Close,Volume
26-Sep-12,2.58,2.60,2.41,2.45,161380
25-Sep-12,2.63,2.63,2.58,2.59,285480
24-Sep-12,2.63,2.63,2.56,2.60,208675
21-Sep-12,2.68,2.68,2.60,2.63,1916233
20-Sep-12,2.50,2.64,2.46,2.64,281043
19-Sep-12,2.38,2.52,2.37,2.51,474707
18-Sep-12,2.42,2.46,2.34,2.36,208847
17-Sep-12,2.48,2.48,2.41,2.41,191107
14-Sep-12,2.45,2.49,2.44,2.49,396903
13-Sep-12,2.37,2.44,2.36,2.40,307020
12-Sep-12,2.39,2.39,2.35,2.38,153965
11-Sep-12,2.33,2.40,2.33,2.38,189378
10-Sep-12,2.32,2.39,2.28,2.31,194836
7-Sep-12,2.33,2.35,2.31,2.32,163012
6-Sep-12,2.31,2.35,2.27,2.29,319243
5-Sep-12,2.27,2.31,2.27,2.29,153236
4-Sep-12,2.18,2.29,2.17,2.29,280809
31-Aug-12,2.25,2.25,2.20,2.20,285916
30-Aug-12,2.24,2.26,2.21,2.22,83942
29-Aug-12,2.28,2.28,2.26,2.26,141355
28-Aug-12,2.22,2.28,2.21,2.28,186678
27-Aug-12,2.21,2.27,2.20,2.24,135770
24-Aug-12,2.21,2.23,2.18,2.20,130349
23-Aug-12,2.29,2.31,2.20,2.23,162298
22-Aug-12,2.26,2.31,2.24,2.31,137792
21-Aug-12,2.35,2.36,2.27,2.27,262916
20-Aug-12,2.31,2.35,2.29,2.35,174895
17-Aug-12,2.36,2.37,2.28,2.28,209731
16-Aug-12,2.24,2.36,2.24,2.35,415316
15-Aug-12,2.18,2.25,2.16,2.25,368483
14-Aug-12,2.12,2.18,2.10,2.18,197727
13-Aug-12,2.15,2.15,2.10,2.12,295389
10-Aug-12,2.20,2.23,2.11,2.16,404717
9-Aug-12,2.14,2.20,2.13,2.19,357433
8-Aug-12,2.14,2.17,2.13,2.15,171102
7-Aug-12,2.10,2.17,2.08,2.16,662014
6-Aug-12,2.06,2.09,2.05,2.09,381720
3-Aug-12,1.98,2.07,1.98,2.05,291534
2-Aug-12,2.00,2.00,1.95,1.96,132438
1-Aug-12,2.00,2.03,1.94,2.03,279676
31-Jul-12,2.01,2.05,1.98,1.99,279293
30-Jul-12,2.02,2.08,2.01,2.02,337035
27-Jul-12,1.95,2.04,1.93,2.02,238112
26-Jul-12,1.91,1.94,1.89,1.91,148325
25-Jul-12,1.92,1.92,1.86,1.88,181056
24-Jul-12,1.93,1.94,1.89,1.93,195013
23-Jul-12,2.00,2.01,1.92,1.93,222645
20-Jul-12,2.03,2.07,2.01,2.02,313941
19-Jul-12,2.15,2.15,2.04,2.05,145098
18-Jul-12,2.13,2.15,2.13,2.15,168946
17-Jul-12,2.15,2.18,2.11,2.12,202542
16-Jul-12,2.09,2.14,2.08,2.12,195276
13-Jul-12,1.98,2.12,1.98,2.10,235985
12-Jul-12,2.05,2.05,1.96,1.98,259806
11-Jul-12,2.07,2.10,2.06,2.07,180357
10-Jul-12,2.14,2.14,2.05,2.06,225540
9-Jul-12,2.07,2.14,2.07,2.13,104081
6-Jul-12,2.12,2.12,2.06,2.08,152300
5-Jul-12,2.13,2.15,2.07,2.14,159780
3-Jul-12,2.14,2.15,2.13,2.14,128853
2-Jul-12,2.04,2.14,2.04,2.14,404387
29-Jun-12,2.07,2.08,2.00,2.06,296441
28-Jun-12,2.03,2.05,1.92,2.03,241043
27-Jun-12,1.99,2.09,1.99,2.05,336712
26-Jun-12,1.86,1.99,1.86,1.98,241305
25-Jun-12,1.82,1.87,1.80,1.85,208663
22-Jun-12,1.79,1.87,1.78,1.83,742447
21-Jun-12,1.84,1.86,1.77,1.79,329415
20-Jun-12,1.78,1.84,1.78,1.84,187419
19-Jun-12,1.76,1.85,1.76,1.78,579628
18-Jun-12,1.70,1.76,1.66,1.76,351999
15-Jun-12,1.73,1.74,1.61,1.72,7964663
14-Jun-12,1.71,1.75,1.71,1.71,254484
13-Jun-12,1.71,1.74,1.70,1.70,177776
12-Jun-12,1.73,1.76,1.71,1.71,349637
11-Jun-12,1.79,1.79,1.72,1.72,241365
8-Jun-12,1.73,1.79,1.71,1.75,218179
7-Jun-12,1.73,1.79,1.72,1.72,246834
6-Jun-12,1.73,1.82,1.72,1.72,227440
5-Jun-12,1.67,1.77,1.67,1.71,293414
4-Jun-12,1.72,1.78,1.66,1.68,353018
1-Jun-12,1.82,1.85,1.72,1.73,338063
31-May-12,1.83,1.89,1.78,1.88,533041
30-May-12,1.86,1.87,1.82,1.83,269725
29-May-12,1.90,1.90,1.86,1.88,207566
25-May-12,1.90,1.90,1.86,1.86,192449
24-May-12,1.89,1.92,1.85,1.92,230756
23-May-12,1.83,1.90,1.82,1.90,306141
22-May-12,1.86,1.87,1.73,1.85,255276
21-May-12,1.73,1.87,1.73,1.87,250764
18-May-12,1.75,1.81,1.72,1.75,636921
17-May-12,1.83,1.86,1.75,1.78,421864
16-May-12,1.83,1.89,1.82,1.84,260350
15-May-12,1.86,1.87,1.77,1.83,275061
14-May-12,1.85,1.89,1.77,1.87,618631
11-May-12,1.95,2.03,1.81,1.85,823308
10-May-12,1.96,1.96,1.88,1.93,420971
9-May-12,2.00,2.00,1.92,1.96,325092
8-May-12,2.04,2.07,1.97,2.02,372460
7-May-12,2.10,2.12,2.03,2.05,575034
4-May-12,2.20,2.20,2.10,2.14,650116
3-May-12,2.29,2.30,2.20,2.23,411557
2-May-12,2.27,2.33,2.21,2.30,425955
1-May-12,2.31,2.35,2.28,2.28,340422
30-Apr-12,2.34,2.40,2.31,2.31,380043
27-Apr-12,2.31,2.39,2.30,2.32,890782
26-Apr-12,2.16,2.30,2.16,2.28,703526
25-Apr-12,2.13,2.19,2.13,2.16,401564
24-Apr-12,2.12,2.13,2.11,2.12,130276
23-Apr-12,2.10,2.15,2.10,2.12,378481
20-Apr-12,2.19,2.19,2.11,2.16,599922
19-Apr-12,2.18,2.18,2.11,2.14,440259
18-Apr-12,2.14,2.17,2.13,2.14,592663
17-Apr-12,2.13,2.19,2.12,2.17,357628
16-Apr-12,2.19,2.20,2.10,2.10,362157
13-Apr-12,2.15,2.19,2.15,2.19,595909
12-Apr-12,2.08,2.22,2.08,2.16,541765
11-Apr-12,2.02,2.15,2.01,2.08,516002
10-Apr-12,2.09,2.10,1.99,2.00,650171
9-Apr-12,2.08,2.12,2.06,2.10,185233
5-Apr-12,2.09,2.14,2.09,2.14,284422
4-Apr-12,2.15,2.17,2.09,2.11,421083
3-Apr-12,2.13,2.22,2.13,2.17,347569
2-Apr-12,2.09,2.16,2.09,2.13,280342
30-Mar-12,2.12,2.15,2.07,2.08,429993
29-Mar-12,2.09,2.11,2.04,2.10,851679
28-Mar-12,2.13,2.15,2.03,2.11,616538
27-Mar-12,2.15,2.20,2.13,2.13,538301
26-Mar-12,2.10,2.19,2.09,2.14,695353
23-Mar-12,2.05,2.10,2.03,2.10,334265
22-Mar-12,2.05,2.06,2.03,2.06,220381
21-Mar-12,2.03,2.08,2.03,2.06,406492
20-Mar-12,1.97,2.04,1.97,2.04,251602
19-Mar-12,1.98,2.05,1.97,2.00,385225
16-Mar-12,2.00,2.00,1.80,2.00,1280884
15-Mar-12,1.95,2.00,1.94,2.00,294869
14-Mar-12,1.94,1.97,1.92,1.94,321075
13-Mar-12,1.94,1.95,1.90,1.94,273645
12-Mar-12,1.85,1.92,1.85,1.92,160476
9-Mar-12,1.76,1.89,1.75,1.86,303397
8-Mar-12,1.73,1.76,1.72,1.73,152409
7-Mar-12,1.70,1.76,1.69,1.72,218594
6-Mar-12,1.70,1.70,1.66,1.69,167260
5-Mar-12,1.79,1.79,1.70,1.73,452929
2-Mar-12,1.82,1.84,1.76,1.81,423554
1-Mar-12,1.80,1.83,1.79,1.83,141118
29-Feb-12,1.87,1.87,1.78,1.78,606427
28-Feb-12,1.92,1.93,1.85,1.87,340522
27-Feb-12,1.86,1.95,1.86,1.90,443587
24-Feb-12,1.80,1.85,1.80,1.83,271961
23-Feb-12,1.80,1.82,1.77,1.80,133622
22-Feb-12,1.76,1.83,1.76,1.79,174206
21-Feb-12,1.82,1.82,1.77,1.77,241233
17-Feb-12,1.80,1.82,1.79,1.82,198036
16-Feb-12,1.78,1.81,1.77,1.78,250391
15-Feb-12,1.80,1.81,1.77,1.77,129628
14-Feb-12,1.76,1.82,1.76,1.78,227208
13-Feb-12,1.79,1.81,1.76,1.77,166140
10-Feb-12,1.78,1.85,1.75,1.78,618988
9-Feb-12,1.92,1.93,1.85,1.87,393452
8-Feb-12,1.90,1.95,1.90,1.94,324946
7-Feb-12,1.85,1.94,1.82,1.94,366926
6-Feb-12,1.85,1.88,1.84,1.84,139323
3-Feb-12,1.82,1.88,1.80,1.83,624227
2-Feb-12,1.84,1.84,1.78,1.80,281988
1-Feb-12,1.77,1.84,1.76,1.84,320030
31-Jan-12,1.75,1.76,1.72,1.76,254669
30-Jan-12,1.69,1.75,1.69,1.74,217834
27-Jan-12,1.69,1.71,1.66,1.71,239749
26-Jan-12,1.68,1.70,1.67,1.69,203914
25-Jan-12,1.60,1.72,1.60,1.68,323875
24-Jan-12,1.61,1.63,1.58,1.60,358063
23-Jan-12,1.57,1.63,1.57,1.61,229089
20-Jan-12,1.52,1.58,1.52,1.56,213775
19-Jan-12,1.55,1.57,1.54,1.54,189021
18-Jan-12,1.46,1.54,1.46,1.53,137355
17-Jan-12,1.50,1.52,1.45,1.45,338015
13-Jan-12,1.52,1.52,1.52,1.52,0
12-Jan-12,1.58,1.58,1.54,1.56,123538
11-Jan-12,1.57,1.59,1.55,1.58,111440
10-Jan-12,1.58,1.59,1.53,1.58,282352
9-Jan-12,1.50,1.57,1.50,1.56,492256
6-Jan-12,1.45,1.50,1.43,1.50,251546
5-Jan-12,1.43,1.46,1.38,1.46,194164
4-Jan-12,1.31,1.43,1.31,1.43,178853
3-Jan-12,1.32,1.33,1.26,1.31,182005
30-Dec-11,1.32,1.35,1.29,1.31,230377
29-Dec-11,1.34,1.39,1.31,1.32,281754
28-Dec-11,1.36,1.36,1.33,1.34,199947
27-Dec-11,1.36,1.38,1.34,1.36,186965
23-Dec-11,1.39,1.39,1.39,1.39,0
22-Dec-11,1.38,1.40,1.35,1.37,240549
21-Dec-11,1.35,1.38,1.35,1.37,160901
20-Dec-11,1.41,1.44,1.33,1.34,431492
19-Dec-11,1.40,1.48,1.36,1.36,706561
16-Dec-11,1.61,1.61,1.48,1.49,851496
15-Dec-11,1.60,1.61,1.34,1.59,826699
14-Dec-11,1.60,1.62,1.56,1.62,538450
13-Dec-11,1.59,1.65,1.57,1.61,344495
12-Dec-11,1.55,1.59,1.55,1.58,323275
9-Dec-11,1.57,1.60,1.54,1.55,317228
8-Dec-11,1.58,1.62,1.56,1.58,432469
7-Dec-11,1.58,1.63,1.53,1.61,295478
6-Dec-11,1.55,1.64,1.55,1.60,723677
5-Dec-11,1.50,1.57,1.50,1.54,618950
2-Dec-11,1.49,1.51,1.45,1.50,269869
1-Dec-11,1.42,1.51,1.42,1.45,296186
30-Nov-11,1.42,1.49,1.32,1.49,1034710
29-Nov-11,1.39,1.39,1.32,1.39,268174
28-Nov-11,1.47,1.48,1.30,1.38,498381
25-Nov-11,1.45,1.46,1.42,1.44,216853
23-Nov-11,1.47,1.47,1.47,1.47,0
22-Nov-11,1.61,1.64,1.59,1.60,224099
21-Nov-11,1.60,1.66,1.57,1.65,415319
18-Nov-11,1.58,1.66,1.58,1.65,418664
17-Nov-11,1.60,1.64,1.57,1.58,445469
16-Nov-11,1.56,1.69,1.55,1.60,348177
15-Nov-11,1.59,1.61,1.53,1.58,386824
14-Nov-11,1.57,1.62,1.55,1.60,400315
11-Nov-11,1.59,1.61,1.53,1.58,382218
10-Nov-11,1.60,1.60,1.50,1.56,218278
9-Nov-11,1.55,1.59,1.51,1.56,425803
8-Nov-11,1.62,1.63,1.52,1.60,385237
7-Nov-11,1.63,1.65,1.48,1.62,671041
4-Nov-11,1.86,1.87,1.56,1.64,1290875
3-Nov-11,1.91,1.96,1.78,1.86,1453832
2-Nov-11,1.64,1.97,1.63,1.93,1605913
1-Nov-11,1.55,1.64,1.55,1.61,540852
31-Oct-11,1.50,1.67,1.49,1.61,689108
28-Oct-11,1.48,1.68,1.48,1.54,1334031
27-Oct-11,1.46,1.52,1.39,1.48,1110616
26-Oct-11,1.25,1.59,1.25,1.42,1563439
25-Oct-11,1.22,1.24,1.17,1.20,223354
24-Oct-11,1.22,1.24,1.20,1.22,345335
21-Oct-11,1.33,1.33,1.19,1.22,521559
20-Oct-11,1.33,1.35,1.25,1.30,442611
19-Oct-11,1.32,1.35,1.20,1.31,539102
18-Oct-11,1.24,1.41,1.21,1.37,680692
17-Oct-11,1.10,1.24,1.10,1.24,432124
14-Oct-11,1.03,1.13,1.01,1.13,288307
13-Oct-11,0.99,1.03,0.98,1.02,133200
12-Oct-11,0.97,1.02,0.94,1.00,389334
11-Oct-11,0.94,0.97,0.94,0.96,185871
10-Oct-11,0.92,0.96,0.90,0.96,275406
7-Oct-11,0.93,0.94,0.90,0.93,287506
6-Oct-11,0.86,0.93,0.86,0.92,197644
5-Oct-11,0.83,0.88,0.83,0.88,368887
4-Oct-11,0.75,0.84,0.72,0.83,603322
3-Oct-11,0.79,0.80,0.75,0.75,341682
30-Sep-11,0.84,0.85,0.78,0.78,378150
29-Sep-11,0.85,0.87,0.81,0.87,164713
