Date,Open,High,Low,Close,Volume
27-Sep-12,26.66,26.79,26.54,26.75,106528
26-Sep-12,26.75,26.78,26.55,26.61,70513
25-Sep-12,27.30,27.37,26.77,26.77,102590
24-Sep-12,27.01,27.41,27.01,27.22,101522
21-Sep-12,27.47,27.47,27.06,27.10,154491
20-Sep-12,27.45,27.47,27.15,27.35,82252
19-Sep-12,27.71,27.71,27.46,27.52,135409
18-Sep-12,27.99,27.99,27.59,27.67,134470
17-Sep-12,28.31,28.31,27.92,27.96,95552
14-Sep-12,27.98,28.49,27.74,28.35,212914
13-Sep-12,27.29,27.84,27.17,27.84,155950
12-Sep-12,27.28,27.40,27.12,27.35,80727
11-Sep-12,27.11,27.27,27.01,27.19,124990
10-Sep-12,27.00,27.20,27.00,27.13,193043
7-Sep-12,26.59,26.88,26.52,26.85,134949
6-Sep-12,26.38,26.66,26.38,26.56,196052
5-Sep-12,26.26,26.42,26.08,26.23,303593
4-Sep-12,26.09,26.33,25.95,26.23,163617
31-Aug-12,26.20,26.35,26.08,26.12,118578
30-Aug-12,26.16,26.29,26.01,26.15,94467
29-Aug-12,26.31,26.48,26.17,26.37,132924
28-Aug-12,26.21,26.52,26.15,26.28,128090
27-Aug-12,26.30,26.49,26.16,26.24,117313
24-Aug-12,26.16,26.41,25.99,26.23,206148
23-Aug-12,26.39,26.42,26.10,26.21,160880
22-Aug-12,26.67,26.73,26.32,26.43,127137
21-Aug-12,26.52,26.92,26.52,26.72,222887
20-Aug-12,26.26,26.54,26.20,26.51,159982
17-Aug-12,26.24,26.38,26.12,26.31,31552
16-Aug-12,26.27,26.33,26.07,26.29,26255
15-Aug-12,26.01,26.36,25.95,26.22,54649
14-Aug-12,26.12,26.40,26.01,26.08,31519
13-Aug-12,26.09,26.10,25.84,26.08,36341
10-Aug-12,26.24,26.26,25.87,26.08,58090
9-Aug-12,26.33,26.46,26.23,26.26,28691
8-Aug-12,26.33,26.53,26.11,26.40,25899
7-Aug-12,26.26,26.60,26.21,26.40,43068
6-Aug-12,26.24,26.52,26.13,26.22,53545
3-Aug-12,26.23,26.51,26.21,26.23,51017
2-Aug-12,25.86,26.09,25.71,25.91,164770
1-Aug-12,26.31,26.44,26.01,26.04,120450
31-Jul-12,25.96,26.12,25.87,26.11,177154
30-Jul-12,26.00,27.72,25.79,26.03,290937
27-Jul-12,26.84,27.03,26.62,27.00,106480
26-Jul-12,26.96,27.09,26.60,26.66,67931
25-Jul-12,26.72,26.81,26.51,26.58,196812
24-Jul-12,26.64,26.64,26.25,26.60,255625
23-Jul-12,26.50,26.71,26.25,26.63,83932
20-Jul-12,27.32,27.40,26.80,26.82,121100
19-Jul-12,27.48,27.58,27.23,27.49,137739
18-Jul-12,27.44,27.67,27.36,27.49,305324
17-Jul-12,27.10,27.52,26.99,27.52,289874
16-Jul-12,27.04,27.17,26.99,27.09,144078
13-Jul-12,26.90,27.23,26.86,27.15,219143
12-Jul-12,27.29,27.31,26.75,26.85,279431
11-Jul-12,27.43,27.62,27.35,27.59,246704
10-Jul-12,27.66,27.96,27.36,27.47,148830
9-Jul-12,27.92,27.93,27.53,27.67,120259
6-Jul-12,27.73,28.00,27.68,27.92,266790
5-Jul-12,28.14,28.19,27.95,28.00,191433
3-Jul-12,27.81,28.20,27.81,28.20,100097
2-Jul-12,27.80,27.96,27.67,27.94,144492
29-Jun-12,27.72,27.87,27.50,27.72,366896
28-Jun-12,26.95,27.30,26.90,27.30,257869
27-Jun-12,26.92,27.21,26.75,27.19,294144
26-Jun-12,26.97,27.06,26.76,26.87,243646
25-Jun-12,27.59,27.59,26.85,26.93,262391
22-Jun-12,28.00,28.06,27.72,27.92,132073
21-Jun-12,28.34,28.54,27.86,27.93,147129
20-Jun-12,27.97,28.56,27.84,28.39,302896
19-Jun-12,27.84,28.00,27.84,27.84,330218
18-Jun-12,27.98,28.02,27.78,27.86,147886
15-Jun-12,28.21,28.25,28.04,28.07,218271
14-Jun-12,28.05,28.23,27.98,28.16,257195
13-Jun-12,28.06,28.25,27.85,27.99,193022
12-Jun-12,28.16,28.25,27.93,28.17,243352
11-Jun-12,28.61,28.62,28.04,28.04,198128
8-Jun-12,28.36,28.55,28.07,28.55,156052
7-Jun-12,28.65,28.86,28.40,28.49,198229
6-Jun-12,27.84,28.32,27.71,28.31,183076
5-Jun-12,27.42,27.68,27.42,27.65,139708
4-Jun-12,27.68,27.76,27.37,27.48,125405
1-Jun-12,28.00,28.11,27.60,27.60,208193
31-May-12,28.30,28.67,28.13,28.45,181132
30-May-12,28.55,28.69,28.23,28.26,223712
29-May-12,28.83,29.12,28.69,28.85,173816
25-May-12,28.60,28.63,28.38,28.56,158905
24-May-12,28.65,28.71,28.27,28.71,118582
23-May-12,28.35,28.57,28.02,28.56,138397
22-May-12,28.29,28.69,28.29,28.58,207689
21-May-12,28.33,28.53,28.12,28.38,153319
18-May-12,28.63,28.63,28.13,28.21,193048
17-May-12,29.10,29.10,28.50,28.58,226355
16-May-12,29.50,29.56,29.07,29.10,171539
15-May-12,29.56,29.61,29.31,29.43,153817
14-May-12,29.66,29.73,29.39,29.48,184890
11-May-12,29.72,30.11,29.58,29.95,186994
10-May-12,29.94,30.18,29.80,30.02,208653
9-May-12,30.00,30.20,29.81,29.89,375760
8-May-12,29.92,30.18,29.78,30.18,290350
7-May-12,29.94,30.16,29.81,30.13,195169
4-May-12,30.25,30.29,29.97,30.14,211702
3-May-12,30.64,30.65,30.36,30.44,286012
2-May-12,30.56,30.76,30.40,30.64,348440
1-May-12,30.81,31.05,30.67,30.67,318120
30-Apr-12,31.50,31.50,30.47,30.62,378766
27-Apr-12,30.03,30.32,29.78,30.15,229041
26-Apr-12,29.95,30.10,29.78,29.95,772210
25-Apr-12,29.88,30.05,29.73,29.97,214749
24-Apr-12,29.12,29.60,29.11,29.60,394668
23-Apr-12,28.96,29.19,28.73,29.19,189061
20-Apr-12,29.53,29.65,29.25,29.30,324596
19-Apr-12,29.03,29.49,29.00,29.44,282613
18-Apr-12,29.06,29.13,28.85,28.95,139392
17-Apr-12,29.02,29.35,28.89,29.23,147968
16-Apr-12,28.78,28.96,28.63,28.89,219981
13-Apr-12,29.01,29.09,28.64,28.64,143357
12-Apr-12,28.67,29.16,28.62,29.16,77183
11-Apr-12,28.72,28.78,28.55,28.72,178023
10-Apr-12,29.01,29.10,28.49,28.52,301104
9-Apr-12,28.90,29.10,28.78,29.05,201096
5-Apr-12,29.10,29.45,29.00,29.36,129648
4-Apr-12,28.96,29.29,28.87,29.25,262325
3-Apr-12,29.56,29.64,29.07,29.27,222548
2-Apr-12,29.25,29.72,29.20,29.58,184111
30-Mar-12,29.46,29.48,29.25,29.33,128125
29-Mar-12,29.51,29.51,29.21,29.35,145732
28-Mar-12,29.67,29.90,29.46,29.73,173748
27-Mar-12,29.71,29.85,29.66,29.69,134705
26-Mar-12,29.35,29.74,29.23,29.71,126962
23-Mar-12,29.04,29.28,28.94,29.12,203066
22-Mar-12,29.33,29.36,29.01,29.04,245262
21-Mar-12,29.57,29.75,29.39,29.52,278116
20-Mar-12,29.33,29.63,29.24,29.54,161508
19-Mar-12,29.31,29.65,29.25,29.49,228702
16-Mar-12,29.74,29.80,29.33,29.37,477106
15-Mar-12,29.51,29.76,29.33,29.68,162521
14-Mar-12,29.56,29.60,29.30,29.46,135830
13-Mar-12,28.89,29.57,28.79,29.57,145211
12-Mar-12,28.81,28.84,28.64,28.74,99517
9-Mar-12,28.44,28.79,28.39,28.76,226676
8-Mar-12,28.34,28.44,28.13,28.38,310202
7-Mar-12,28.18,28.29,27.93,28.25,123127
6-Mar-12,28.44,28.60,28.05,28.08,244831
5-Mar-12,28.27,28.78,28.18,28.77,152083
2-Mar-12,28.22,28.48,28.14,28.37,230839
1-Mar-12,28.34,28.56,28.18,28.25,197517
29-Feb-12,28.50,28.68,28.21,28.21,157765
28-Feb-12,28.55,28.56,28.30,28.42,164181
27-Feb-12,28.38,28.63,28.00,28.52,143449
24-Feb-12,28.84,28.84,28.54,28.60,84458
23-Feb-12,28.39,28.70,28.39,28.68,113746
22-Feb-12,28.81,28.95,28.39,28.39,161724
21-Feb-12,28.72,28.83,28.59,28.79,132336
17-Feb-12,28.75,28.87,28.50,28.73,95661
16-Feb-12,28.03,28.64,28.01,28.64,160325
15-Feb-12,28.33,28.46,27.91,27.99,232118
14-Feb-12,28.33,28.53,27.96,28.16,226614
13-Feb-12,28.76,28.93,28.45,28.62,172872
10-Feb-12,28.47,28.67,28.38,28.48,167801
9-Feb-12,28.86,29.08,28.58,28.74,75273
8-Feb-12,28.91,29.12,28.71,28.85,230842
7-Feb-12,28.34,28.85,28.04,28.84,177296
6-Feb-12,29.02,29.50,28.37,28.55,232894
3-Feb-12,28.98,29.17,28.80,29.16,260264
2-Feb-12,28.38,28.44,28.15,28.42,243936
1-Feb-12,27.77,28.28,27.69,28.26,208186
31-Jan-12,27.54,27.83,27.28,27.53,328985
30-Jan-12,27.99,27.99,27.34,27.54,143452
27-Jan-12,27.78,28.51,27.78,28.26,454556
26-Jan-12,28.03,28.04,27.77,27.93,199046
25-Jan-12,27.94,27.96,27.72,27.94,113976
24-Jan-12,28.02,28.12,27.91,28.05,127773
23-Jan-12,28.21,28.46,28.15,28.27,152500
20-Jan-12,27.68,28.22,27.68,28.18,177360
19-Jan-12,27.74,27.79,27.59,27.71,99303
18-Jan-12,27.32,27.53,27.09,27.51,102152
17-Jan-12,27.67,27.87,27.36,27.38,196013
13-Jan-12,27.37,27.37,27.37,27.37,0
12-Jan-12,27.53,27.75,27.36,27.55,122737
11-Jan-12,27.00,27.51,26.90,27.45,149343
10-Jan-12,27.04,27.20,26.92,27.05,247194
9-Jan-12,27.02,27.03,26.60,26.70,164972
6-Jan-12,26.85,27.13,26.74,26.89,140634
5-Jan-12,26.58,26.92,25.97,26.89,191694
4-Jan-12,26.77,26.81,26.43,26.70,156099
3-Jan-12,27.28,27.28,26.74,26.82,214737
30-Dec-11,26.75,26.75,26.75,26.75,0
29-Dec-11,26.66,26.89,26.54,26.79,77375
28-Dec-11,27.02,27.05,26.59,26.60,116596
27-Dec-11,27.00,27.21,26.95,27.00,90588
23-Dec-11,27.01,27.01,27.01,27.01,0
22-Dec-11,26.70,26.93,26.53,26.68,226476
21-Dec-11,26.37,26.95,26.32,26.79,146206
20-Dec-11,26.15,26.38,26.06,26.37,266740
19-Dec-11,26.28,26.40,25.59,25.69,126530
16-Dec-11,26.23,26.42,25.96,26.19,216163
15-Dec-11,26.29,26.37,26.01,26.04,106672
14-Dec-11,25.54,26.18,25.45,25.94,146388
13-Dec-11,26.16,26.37,25.50,25.69,143369
12-Dec-11,26.06,26.06,25.69,25.92,171799
9-Dec-11,25.87,26.45,25.86,26.38,176772
8-Dec-11,25.99,26.02,25.62,25.65,161332
7-Dec-11,26.12,26.33,25.71,26.20,414557
6-Dec-11,26.01,26.45,26.00,26.19,498292
5-Dec-11,26.38,26.42,25.99,26.06,341829
2-Dec-11,26.18,26.50,25.96,26.03,328700
1-Dec-11,26.00,26.20,25.82,25.91,216683
30-Nov-11,25.83,26.19,25.68,26.16,273199
29-Nov-11,25.32,25.32,24.97,25.07,355361
28-Nov-11,25.09,25.28,25.01,25.28,315035
25-Nov-11,24.01,24.52,24.01,24.28,54226
23-Nov-11,23.98,23.98,23.98,23.98,0
22-Nov-11,25.01,25.16,24.75,24.81,185546
21-Nov-11,25.24,25.24,24.73,25.02,218991
18-Nov-11,25.90,25.90,25.59,25.65,221662
17-Nov-11,26.13,26.29,25.60,25.69,154680
16-Nov-11,26.50,26.72,26.12,26.12,130823
15-Nov-11,26.46,27.00,26.37,26.78,120384
14-Nov-11,26.88,26.99,26.50,26.58,168773
11-Nov-11,26.78,27.07,26.65,27.04,196784
10-Nov-11,26.27,26.62,26.16,26.47,255201
9-Nov-11,26.34,26.46,25.83,25.89,144915
8-Nov-11,26.65,27.01,26.58,26.94,184219
7-Nov-11,26.30,26.52,25.93,26.48,155049
4-Nov-11,26.39,26.62,26.09,26.33,156504
3-Nov-11,26.49,26.86,26.31,26.71,268598
2-Nov-11,26.18,26.43,25.89,26.37,388303
1-Nov-11,26.16,26.27,25.46,25.60,378043
31-Oct-11,25.80,27.22,25.50,26.60,405273
28-Oct-11,26.06,26.53,25.95,26.13,289927
27-Oct-11,25.45,26.33,25.45,26.24,422642
26-Oct-11,25.21,25.41,24.99,25.24,125433
25-Oct-11,25.26,25.26,24.78,24.84,198741
24-Oct-11,25.23,25.67,25.13,25.50,217439
21-Oct-11,24.48,25.14,24.47,25.09,180619
20-Oct-11,23.80,24.41,23.64,24.30,190942
19-Oct-11,23.69,24.25,23.57,23.81,281340
18-Oct-11,22.57,23.91,22.57,23.71,222393
17-Oct-11,23.18,23.27,22.42,22.47,211580
14-Oct-11,23.42,23.54,23.00,23.41,178250
13-Oct-11,23.25,23.37,22.80,23.14,237577
12-Oct-11,23.55,23.85,23.42,23.52,265851
11-Oct-11,23.42,23.77,23.24,23.36,139032
10-Oct-11,22.95,23.69,22.95,23.68,151195
7-Oct-11,23.58,23.58,22.38,22.45,305940
6-Oct-11,22.78,23.41,22.63,23.39,121217
5-Oct-11,22.42,23.00,22.26,22.92,167163
4-Oct-11,21.25,22.52,21.22,22.41,301634
3-Oct-11,22.29,22.71,21.57,21.58,272258
30-Sep-11,22.49,22.87,22.45,22.47,164745
