Date,Open,High,Low,Close,Volume
26-Sep-12,1.89,2.10,1.77,1.84,4443177
25-Sep-12,2.58,2.61,2.10,2.14,5137383
24-Sep-12,3.29,3.37,3.20,3.31,213687
21-Sep-12,3.36,3.38,3.26,3.28,183604
20-Sep-12,3.27,3.31,3.24,3.28,53219
19-Sep-12,3.36,3.37,3.21,3.30,86200
18-Sep-12,3.45,3.55,3.33,3.35,79921
17-Sep-12,3.48,3.66,3.46,3.50,101075
14-Sep-12,3.50,3.59,3.32,3.47,90669
13-Sep-12,3.29,3.49,3.27,3.45,73844
12-Sep-12,3.24,3.30,3.19,3.28,75411
11-Sep-12,3.28,3.35,3.21,3.23,44073
10-Sep-12,3.33,3.37,3.20,3.27,74197
7-Sep-12,3.25,3.42,3.16,3.30,739270
6-Sep-12,3.42,3.46,3.10,3.19,1049579
5-Sep-12,3.45,3.52,3.25,3.40,433933
4-Sep-12,3.55,3.60,3.45,3.46,359627
31-Aug-12,3.56,3.59,3.50,3.54,171535
30-Aug-12,3.66,3.69,3.53,3.54,118242
29-Aug-12,3.75,3.76,3.61,3.65,226678
28-Aug-12,3.71,3.78,3.70,3.74,183792
27-Aug-12,3.72,3.80,3.66,3.69,228694
24-Aug-12,3.66,3.78,3.46,3.65,404385
23-Aug-12,3.83,3.83,3.65,3.65,172490
22-Aug-12,3.81,3.94,3.72,3.84,432122
21-Aug-12,3.95,3.97,3.77,3.84,134992
20-Aug-12,3.89,3.98,3.76,3.91,173208
17-Aug-12,3.95,4.02,3.84,3.89,197884
16-Aug-12,3.71,3.95,3.50,3.95,588995
15-Aug-12,3.85,3.87,3.66,3.70,234368
14-Aug-12,3.82,4.00,3.73,3.84,224087
13-Aug-12,4.14,4.15,3.65,3.77,544495
10-Aug-12,3.67,3.95,3.67,3.87,292367
9-Aug-12,3.55,3.72,3.55,3.67,229270
8-Aug-12,4.15,4.15,3.60,3.73,250261
7-Aug-12,3.76,3.92,3.65,3.85,265142
6-Aug-12,4.03,4.68,3.41,3.68,1281222
3-Aug-12,3.77,4.03,3.65,4.00,238184
2-Aug-12,3.64,3.81,3.57,3.68,181712
1-Aug-12,3.92,4.01,3.66,3.66,462178
31-Jul-12,4.03,4.09,3.81,3.88,1037992
30-Jul-12,4.28,4.28,3.89,3.95,382542
27-Jul-12,4.16,4.25,3.98,4.25,335530
26-Jul-12,4.45,4.45,4.09,4.13,304298
25-Jul-12,4.17,4.39,4.15,4.36,408260
24-Jul-12,4.43,4.48,4.06,4.10,426923
23-Jul-12,4.39,4.44,4.08,4.43,455574
20-Jul-12,4.42,4.58,4.29,4.50,441904
19-Jul-12,4.39,4.51,4.30,4.48,221659
18-Jul-12,4.48,4.55,4.34,4.35,526593
17-Jul-12,4.43,4.56,4.19,4.47,629967
16-Jul-12,4.39,4.49,4.30,4.39,209450
13-Jul-12,4.39,4.43,4.35,4.39,274806
12-Jul-12,4.42,4.45,4.21,4.36,439602
11-Jul-12,4.39,4.60,4.27,4.45,650761
10-Jul-12,4.50,4.50,4.18,4.37,1134417
9-Jul-12,4.40,4.44,4.10,4.18,1292250
6-Jul-12,4.48,4.70,4.35,4.44,706862
5-Jul-12,4.90,4.93,4.37,4.52,867456
3-Jul-12,4.91,4.95,4.84,4.88,617677
2-Jul-12,5.03,5.08,4.81,4.95,1077500
29-Jun-12,5.10,5.23,4.75,4.97,7029469
28-Jun-12,6.66,6.90,4.81,4.95,1796345
27-Jun-12,8.64,8.74,6.75,6.80,1734195
26-Jun-12,8.11,9.10,8.11,8.77,457157
25-Jun-12,7.73,8.27,7.62,8.11,326087
22-Jun-12,7.63,8.06,7.27,7.78,2290678
21-Jun-12,7.75,7.87,7.27,7.47,556543
20-Jun-12,7.50,9.44,7.25,7.75,2214929
19-Jun-12,5.86,6.09,5.74,5.92,268418
18-Jun-12,5.93,6.07,5.55,5.86,191999
15-Jun-12,6.00,6.07,5.82,5.96,158734
14-Jun-12,5.72,6.17,5.57,5.99,155577
13-Jun-12,5.66,6.05,5.52,5.75,149690
12-Jun-12,5.81,5.89,5.55,5.65,178129
11-Jun-12,5.53,6.06,5.44,5.73,181035
8-Jun-12,5.65,5.84,5.39,5.49,111992
7-Jun-12,5.98,6.16,5.61,5.63,93538
6-Jun-12,6.06,6.18,5.64,5.77,155754
5-Jun-12,5.31,5.88,5.30,5.82,160548
4-Jun-12,5.60,5.60,5.16,5.28,141722
1-Jun-12,5.95,5.95,5.38,5.56,119054
31-May-12,5.55,6.37,5.43,6.07,297759
30-May-12,5.65,5.73,5.30,5.51,192126
29-May-12,5.81,5.84,5.49,5.75,171632
25-May-12,5.93,6.02,5.50,5.77,155819
24-May-12,5.44,6.09,5.40,5.86,292459
23-May-12,5.32,5.41,4.84,5.35,228480
22-May-12,5.89,6.05,5.32,5.40,190371
21-May-12,5.59,5.82,5.48,5.79,142054
18-May-12,5.61,5.84,5.54,5.60,98337
17-May-12,5.92,5.92,5.52,5.60,135245
16-May-12,6.15,6.41,5.80,5.84,178056
15-May-12,6.38,6.81,6.05,6.08,254674
14-May-12,6.88,6.88,6.30,6.36,153695
11-May-12,7.20,7.27,6.87,7.02,109765
10-May-12,7.44,7.44,6.85,7.30,197907
9-May-12,7.73,7.81,7.20,7.23,104899
8-May-12,7.74,7.99,7.69,7.83,103427
7-May-12,8.10,8.11,7.40,7.81,165085
4-May-12,8.90,8.90,8.01,8.17,80630
3-May-12,9.88,9.88,8.90,8.92,173430
2-May-12,9.67,10.25,9.25,9.99,190233
1-May-12,9.74,10.10,9.50,9.77,77400
30-Apr-12,9.92,10.19,9.65,9.69,111033
27-Apr-12,9.79,9.91,9.55,9.82,34267
26-Apr-12,9.78,9.95,9.65,9.75,69676
25-Apr-12,10.00,10.00,9.43,9.71,55923
24-Apr-12,9.64,10.00,9.59,9.91,101463
23-Apr-12,9.12,9.69,8.90,9.64,142818
20-Apr-12,9.32,9.50,9.16,9.31,89043
19-Apr-12,9.32,9.32,8.84,9.16,103233
18-Apr-12,9.50,9.66,9.01,9.27,124371
17-Apr-12,9.20,9.63,9.19,9.50,204933
16-Apr-12,9.25,9.48,9.06,9.10,234032
13-Apr-12,9.72,9.72,9.05,9.14,176154
12-Apr-12,9.84,10.00,9.38,9.70,115851
11-Apr-12,9.40,10.25,9.40,9.75,305482
10-Apr-12,9.28,10.02,9.22,9.22,324409
9-Apr-12,9.46,9.46,9.11,9.25,140416
5-Apr-12,9.62,9.81,9.39,9.61,62761
4-Apr-12,9.42,9.53,9.24,9.37,77281
3-Apr-12,9.37,9.91,9.27,9.44,168391
2-Apr-12,9.28,9.57,9.01,9.25,158206
30-Mar-12,9.81,9.81,9.01,9.19,134511
29-Mar-12,9.70,10.23,9.39,9.77,469220
28-Mar-12,10.10,10.10,9.57,9.81,261073
27-Mar-12,10.30,10.33,9.67,9.72,182643
26-Mar-12,9.78,10.39,9.68,10.28,208789
23-Mar-12,9.30,9.94,9.30,9.65,155409
22-Mar-12,9.31,9.66,9.00,9.30,117601
21-Mar-12,9.01,9.60,8.94,9.36,198195
20-Mar-12,8.79,9.10,8.52,8.93,95906
19-Mar-12,8.90,9.37,8.65,8.85,92307
16-Mar-12,8.79,9.18,8.63,8.90,81526
15-Mar-12,9.39,9.55,8.58,8.75,243099
14-Mar-12,9.90,9.98,9.30,9.41,124992
13-Mar-12,9.25,9.90,9.25,9.81,277207
12-Mar-12,9.35,9.41,8.84,9.09,147919
9-Mar-12,9.22,9.90,9.11,9.33,226128
8-Mar-12,7.87,9.24,7.87,9.13,292632
7-Mar-12,7.22,8.01,7.22,7.82,212065
6-Mar-12,7.54,7.57,7.02,7.17,167264
5-Mar-12,8.23,8.23,7.55,7.67,153751
2-Mar-12,9.03,9.10,8.20,8.20,174949
1-Mar-12,10.40,10.40,8.91,9.10,219429
29-Feb-12,9.16,11.12,9.06,10.01,451864
28-Feb-12,9.33,9.33,8.74,8.92,98136
27-Feb-12,8.91,9.52,8.70,9.27,153377
24-Feb-12,9.28,9.34,8.90,9.01,57123
23-Feb-12,9.45,9.50,9.15,9.31,63881
22-Feb-12,9.57,9.74,9.02,9.47,190221
21-Feb-12,9.94,9.96,9.34,9.57,169955
17-Feb-12,10.05,10.05,9.52,9.80,163525
16-Feb-12,10.16,10.28,9.77,10.02,153175
15-Feb-12,10.83,11.29,10.08,10.21,399521
14-Feb-12,10.18,10.56,9.67,10.49,170907
13-Feb-12,8.75,10.35,8.57,10.11,362754
10-Feb-12,8.85,9.08,8.40,8.50,123711
9-Feb-12,9.44,9.53,8.61,8.99,218965
8-Feb-12,9.75,9.99,9.02,9.40,318450
7-Feb-12,10.00,10.00,9.52,9.75,206716
6-Feb-12,9.81,10.00,9.71,9.99,177617
3-Feb-12,9.83,9.83,9.83,9.83,0
2-Feb-12,9.00,9.53,8.80,9.45,135269
1-Feb-12,8.71,9.00,8.64,8.97,73017
31-Jan-12,8.78,8.78,8.78,8.78,0
30-Jan-12,8.63,8.79,8.44,8.64,120311
27-Jan-12,8.23,8.78,8.20,8.64,105951
26-Jan-12,8.22,8.40,8.13,8.21,151822
25-Jan-12,8.18,8.18,8.18,8.18,0
24-Jan-12,6.81,7.45,6.78,7.35,111831
23-Jan-12,7.30,7.30,6.11,6.86,64867
20-Jan-12,6.36,6.74,6.19,6.65,103531
19-Jan-12,6.44,6.55,6.21,6.42,60131
18-Jan-12,6.08,6.45,6.00,6.35,62761
17-Jan-12,6.18,6.20,6.01,6.08,44772
13-Jan-12,6.09,6.09,6.09,6.09,0
12-Jan-12,6.03,6.32,5.92,6.05,67861
11-Jan-12,5.88,6.20,5.87,6.01,73116
10-Jan-12,5.75,6.01,5.75,5.90,49427
9-Jan-12,5.87,5.87,5.50,5.53,70317
6-Jan-12,6.00,6.34,6.00,6.12,29188
5-Jan-12,6.02,6.02,6.02,6.02,0
4-Jan-12,6.45,6.56,5.93,6.46,76634
3-Jan-12,6.42,6.45,6.12,6.44,44001
30-Dec-11,5.79,5.79,5.79,5.79,0
29-Dec-11,5.60,5.74,5.58,5.74,77188
28-Dec-11,5.67,5.67,5.45,5.60,35975
27-Dec-11,5.59,5.59,5.59,5.59,0
23-Dec-11,5.81,5.81,5.81,5.81,0
22-Dec-11,5.65,6.04,5.65,5.89,107591
21-Dec-11,5.83,5.87,5.46,5.65,58904
20-Dec-11,5.89,5.89,5.89,5.89,0
19-Dec-11,6.45,6.46,5.71,5.93,144485
16-Dec-11,6.37,6.50,6.11,6.37,211316
15-Dec-11,5.73,7.25,5.35,6.37,714004
14-Dec-11,5.92,6.27,5.52,5.64,76995
13-Dec-11,6.12,6.39,5.85,6.01,60452
12-Dec-11,6.19,6.19,6.19,6.19,0
9-Dec-11,6.73,6.95,6.27,6.37,66406
8-Dec-11,6.72,6.81,6.54,6.69,51109
7-Dec-11,6.37,6.86,6.37,6.76,58052
6-Dec-11,6.32,6.41,6.14,6.38,101903
5-Dec-11,6.18,6.18,6.18,6.18,0
2-Dec-11,6.22,6.45,6.11,6.29,89508
1-Dec-11,6.03,6.33,6.03,6.15,141635
30-Nov-11,6.50,6.59,6.00,6.15,345064
29-Nov-11,5.94,6.33,5.91,6.19,151779
28-Nov-11,5.46,6.14,5.36,5.90,137737
25-Nov-11,5.45,5.45,5.18,5.18,27428
23-Nov-11,5.91,5.91,5.91,5.91,0
22-Nov-11,6.48,6.53,6.00,6.03,87905
21-Nov-11,7.10,7.26,6.07,6.46,108434
18-Nov-11,7.11,7.42,6.92,7.21,130283
17-Nov-11,7.69,7.83,7.07,7.10,46864
16-Nov-11,7.92,7.92,7.92,7.92,0
15-Nov-11,7.50,7.82,7.24,7.38,89442
14-Nov-11,7.85,7.94,7.36,7.55,41610
11-Nov-11,7.53,7.77,7.51,7.72,40484
10-Nov-11,7.87,7.87,7.19,7.62,43504
9-Nov-11,7.50,7.79,7.47,7.75,50742
8-Nov-11,7.40,7.79,7.27,7.75,56759
7-Nov-11,7.28,7.28,7.28,7.28,0
4-Nov-11,7.49,7.53,7.19,7.32,25266
3-Nov-11,7.46,7.88,7.05,7.47,37960
2-Nov-11,7.95,7.95,6.85,7.38,53052
1-Nov-11,7.25,8.00,6.05,6.78,67180
31-Oct-11,8.25,8.33,7.30,7.43,78065
28-Oct-11,8.41,8.41,8.41,8.41,0
27-Oct-11,7.93,8.46,7.45,8.46,72175
26-Oct-11,7.48,7.48,7.48,7.48,0
25-Oct-11,7.68,7.68,7.36,7.45,55611
24-Oct-11,7.49,7.80,7.43,7.77,43345
21-Oct-11,7.66,8.22,7.46,7.50,45686
20-Oct-11,7.95,8.00,7.40,7.48,45348
19-Oct-11,7.97,8.06,7.61,7.96,40608
18-Oct-11,7.51,8.03,7.22,7.99,66053
17-Oct-11,8.10,8.10,7.44,7.52,68314
14-Oct-11,7.91,8.29,7.49,8.23,78003
13-Oct-11,8.12,8.37,7.82,7.85,32507
12-Oct-11,8.38,8.65,7.97,8.15,68927
11-Oct-11,8.54,8.54,8.54,8.54,0
10-Oct-11,7.57,7.69,7.07,7.26,54431
7-Oct-11,7.37,7.37,7.37,7.37,0
6-Oct-11,6.52,6.73,6.30,6.72,64304
5-Oct-11,6.18,6.56,5.87,6.56,153578
4-Oct-11,5.52,6.26,5.32,6.15,135085
3-Oct-11,5.80,5.91,5.56,5.64,109091
30-Sep-11,5.65,5.65,5.65,5.65,0
29-Sep-11,6.35,6.35,5.87,5.90,566120
