Date,Open,High,Low,Close,Volume
27-Sep-12,11.68,12.04,11.53,11.92,1254327
26-Sep-12,11.48,11.60,11.32,11.57,1558393
25-Sep-12,11.86,11.99,11.50,11.51,1428653
24-Sep-12,12.01,12.07,11.80,11.81,1061629
21-Sep-12,12.33,12.34,12.10,12.14,731448
20-Sep-12,12.48,12.51,12.19,12.24,322513
19-Sep-12,12.90,12.92,12.59,12.60,271649
18-Sep-12,12.74,12.88,12.63,12.83,251556
17-Sep-12,12.91,12.91,12.54,12.78,373446
14-Sep-12,12.69,12.94,12.67,12.92,306073
13-Sep-12,12.48,12.76,12.37,12.62,319863
12-Sep-12,12.47,12.57,12.29,12.49,401599
11-Sep-12,12.36,12.61,12.30,12.48,364828
10-Sep-12,12.56,12.71,12.33,12.38,479960
7-Sep-12,12.67,12.74,12.53,12.56,1277480
6-Sep-12,12.26,12.75,12.16,12.60,1554598
5-Sep-12,12.39,12.60,12.13,12.18,2175085
4-Sep-12,12.15,12.37,11.93,12.33,1292616
31-Aug-12,12.43,12.49,12.16,12.17,919647
30-Aug-12,12.42,12.51,12.28,12.33,673278
29-Aug-12,12.40,12.55,12.31,12.50,728867
28-Aug-12,12.23,12.48,12.17,12.39,869197
27-Aug-12,12.24,12.33,12.13,12.23,817273
24-Aug-12,12.15,12.29,12.12,12.21,943591
23-Aug-12,12.31,12.31,12.02,12.14,1955220
22-Aug-12,12.45,12.45,12.29,12.34,1049513
21-Aug-12,12.42,12.61,12.35,12.44,1422187
20-Aug-12,12.26,12.39,12.12,12.35,1254241
17-Aug-12,12.23,12.29,12.13,12.25,1274413
16-Aug-12,11.85,12.31,11.85,12.26,1018651
15-Aug-12,11.64,11.95,11.62,11.87,1028386
14-Aug-12,12.02,12.04,11.58,11.63,1174997
13-Aug-12,11.92,12.09,11.81,11.99,944509
10-Aug-12,11.89,12.02,11.73,11.98,624151
9-Aug-12,11.73,11.99,11.73,11.92,899018
8-Aug-12,11.86,11.99,11.71,11.78,1070559
7-Aug-12,11.69,12.04,11.64,11.86,1268327
6-Aug-12,11.56,11.73,11.50,11.65,1448614
3-Aug-12,11.55,11.77,11.36,11.56,1770462
2-Aug-12,11.27,11.47,11.12,11.37,1928148
1-Aug-12,11.63,11.66,11.36,11.38,1917284
31-Jul-12,11.77,11.98,11.50,11.54,2456792
30-Jul-12,11.16,11.97,11.14,11.86,5019793
27-Jul-12,9.56,11.32,9.56,11.16,12299289
26-Jul-12,12.39,12.63,12.29,12.60,2703969
25-Jul-12,12.27,12.43,12.10,12.16,1958593
24-Jul-12,12.51,12.51,12.13,12.18,1807564
23-Jul-12,12.35,12.53,12.15,12.44,1970717
20-Jul-12,12.60,12.87,12.51,12.70,1928739
19-Jul-12,12.88,13.00,12.63,12.68,2324547
18-Jul-12,12.56,12.92,12.50,12.67,3229822
17-Jul-12,12.67,12.74,12.25,12.53,2025695
16-Jul-12,12.71,12.75,12.43,12.58,3095048
13-Jul-12,12.91,12.98,12.75,12.78,1243299
12-Jul-12,13.04,13.06,12.83,12.91,1614161
11-Jul-12,13.15,13.37,13.07,13.15,875780
10-Jul-12,13.34,13.46,13.01,13.11,962065
9-Jul-12,13.41,13.53,13.25,13.31,1156901
6-Jul-12,13.75,13.82,13.34,13.45,1159386
5-Jul-12,13.89,14.00,13.77,13.85,1516582
3-Jul-12,13.71,14.07,13.68,14.00,945016
2-Jul-12,13.65,13.76,13.55,13.73,1391502
29-Jun-12,13.55,13.82,13.55,13.69,2091337
28-Jun-12,13.43,13.61,13.14,13.31,1611188
27-Jun-12,13.40,13.69,13.32,13.58,1476284
26-Jun-12,13.38,13.43,13.14,13.28,1420730
25-Jun-12,13.45,13.62,13.30,13.39,1687455
22-Jun-12,14.01,14.14,13.97,14.02,11809050
21-Jun-12,14.32,14.41,13.91,13.96,1961316
20-Jun-12,14.21,14.48,14.13,14.29,1648199
19-Jun-12,14.15,14.30,14.02,14.22,1377580
18-Jun-12,13.77,14.06,13.77,14.05,1530350
15-Jun-12,13.69,13.94,13.55,13.93,1673466
14-Jun-12,13.71,13.77,13.39,13.64,1338081
13-Jun-12,13.75,13.99,13.62,13.74,1411666
12-Jun-12,13.56,13.86,13.48,13.81,1875238
11-Jun-12,13.85,14.00,13.36,13.42,1466420
8-Jun-12,13.75,13.92,13.73,13.79,1128047
7-Jun-12,14.39,14.41,13.80,13.80,1419968
6-Jun-12,13.84,14.39,13.84,14.22,1938175
5-Jun-12,13.43,13.77,13.38,13.73,1034842
4-Jun-12,13.50,13.67,13.29,13.56,1273084
1-Jun-12,13.31,13.55,13.23,13.51,1523756
31-May-12,13.83,13.83,13.53,13.61,1170161
30-May-12,13.85,13.99,13.70,13.81,1450351
29-May-12,14.09,14.23,13.89,13.95,1170997
25-May-12,13.85,14.07,13.80,13.91,1265838
24-May-12,14.57,14.60,13.72,13.85,2733635
23-May-12,14.42,14.62,14.20,14.59,1015962
22-May-12,14.58,14.72,14.48,14.61,1246489
21-May-12,14.10,14.69,14.02,14.68,1030482
18-May-12,14.49,14.49,14.02,14.06,1246882
17-May-12,14.67,14.75,14.42,14.42,750674
16-May-12,15.04,15.05,14.61,14.63,1150561
15-May-12,15.25,15.36,14.94,14.96,1035346
14-May-12,15.15,15.36,14.99,15.29,1058733
11-May-12,15.10,15.43,15.10,15.27,869784
10-May-12,15.34,15.34,15.05,15.17,1103098
9-May-12,15.05,15.33,14.99,15.26,1306747
8-May-12,14.98,15.32,14.97,15.27,1935094
7-May-12,15.05,15.16,14.97,15.14,1803281
4-May-12,15.72,15.86,14.12,15.26,6608516
3-May-12,17.39,17.50,16.77,16.86,1801795
2-May-12,17.11,17.36,17.11,17.32,1112369
1-May-12,17.21,17.59,17.21,17.28,1068878
30-Apr-12,17.31,17.38,17.17,17.25,849117
27-Apr-12,17.29,17.43,17.20,17.32,1316922
26-Apr-12,16.81,17.35,16.80,17.31,2174153
25-Apr-12,16.72,16.88,16.59,16.78,855986
24-Apr-12,16.49,16.60,16.40,16.48,1329546
23-Apr-12,16.55,16.62,16.34,16.46,1641511
20-Apr-12,16.78,16.80,16.60,16.71,1360813
19-Apr-12,16.50,16.75,16.32,16.70,1374650
18-Apr-12,16.47,16.58,16.40,16.47,650803
17-Apr-12,16.42,16.72,16.34,16.53,626755
16-Apr-12,16.57,16.77,16.29,16.29,707574
13-Apr-12,16.69,16.76,16.50,16.50,703739
12-Apr-12,16.47,16.84,16.35,16.75,791055
11-Apr-12,16.41,16.68,16.34,16.44,778594
10-Apr-12,16.84,16.92,16.25,16.26,1030674
9-Apr-12,16.83,17.04,16.79,16.82,740841
5-Apr-12,17.46,17.50,17.10,17.11,1083628
4-Apr-12,17.43,17.54,17.26,17.50,1064758
3-Apr-12,17.74,17.84,17.50,17.65,712818
2-Apr-12,17.68,17.85,17.60,17.79,744464
30-Mar-12,17.90,17.92,17.73,17.76,1692233
29-Mar-12,17.72,17.91,17.62,17.86,884505
28-Mar-12,17.91,18.00,17.68,17.88,1288120
27-Mar-12,17.98,18.05,17.86,17.93,692876
26-Mar-12,17.81,18.06,17.81,17.99,1181939
23-Mar-12,17.67,17.73,17.45,17.70,919422
22-Mar-12,17.69,17.83,17.47,17.69,887618
21-Mar-12,17.69,17.94,17.62,17.90,871378
20-Mar-12,17.46,17.70,17.32,17.64,651832
19-Mar-12,17.32,17.65,17.26,17.54,657640
16-Mar-12,17.55,17.61,17.33,17.35,1349722
15-Mar-12,17.43,17.55,17.35,17.52,665777
14-Mar-12,17.64,17.71,17.38,17.42,556630
13-Mar-12,17.55,17.69,17.44,17.69,728253
12-Mar-12,17.58,17.58,17.29,17.46,707320
9-Mar-12,17.39,17.64,17.32,17.58,1415214
8-Mar-12,17.04,17.37,17.04,17.36,951945
7-Mar-12,16.60,16.95,16.58,16.93,701405
6-Mar-12,16.56,16.65,16.36,16.58,928919
5-Mar-12,17.04,17.06,16.66,16.72,830488
2-Mar-12,17.39,17.45,17.06,17.11,700500
1-Mar-12,17.19,17.47,17.13,17.43,899372
29-Feb-12,17.49,17.64,17.16,17.19,1333332
28-Feb-12,17.42,17.65,17.34,17.41,845420
27-Feb-12,17.24,17.55,17.10,17.44,882673
24-Feb-12,17.43,17.45,17.27,17.40,844141
23-Feb-12,17.00,17.40,16.82,17.39,855417
22-Feb-12,17.22,17.27,16.90,16.98,1568719
21-Feb-12,17.49,17.59,17.15,17.18,913119
17-Feb-12,17.59,17.60,17.40,17.48,948779
16-Feb-12,17.42,17.61,17.38,17.52,1922498
15-Feb-12,17.47,17.51,17.34,17.39,1428097
14-Feb-12,17.42,17.47,17.33,17.41,1049991
13-Feb-12,17.45,17.55,17.34,17.48,1298540
10-Feb-12,17.35,17.50,17.28,17.28,722514
9-Feb-12,17.76,17.89,17.42,17.50,1234598
8-Feb-12,17.66,17.85,17.51,17.76,1258349
7-Feb-12,17.45,17.75,17.15,17.64,1037186
6-Feb-12,17.52,17.55,17.31,17.48,650077
3-Feb-12,17.40,17.72,17.24,17.63,1046734
2-Feb-12,17.39,17.48,17.10,17.18,1262972
1-Feb-12,17.39,17.61,17.29,17.42,1727941
31-Jan-12,17.32,17.60,17.13,17.32,1549441
30-Jan-12,17.90,17.90,17.29,17.42,1314815
27-Jan-12,18.42,19.00,17.19,17.55,3698636
26-Jan-12,17.17,17.24,16.91,17.05,1476312
25-Jan-12,16.96,17.18,16.66,17.10,1452819
24-Jan-12,16.57,16.98,16.48,16.93,683067
23-Jan-12,16.51,16.81,16.32,16.61,551988
20-Jan-12,16.55,16.68,16.46,16.55,711705
19-Jan-12,16.49,16.67,16.26,16.54,1114546
18-Jan-12,16.31,16.52,16.18,16.44,754726
17-Jan-12,16.11,16.51,16.09,16.28,1884387
13-Jan-12,16.01,16.01,16.01,16.01,0
12-Jan-12,15.84,16.10,15.69,16.10,513258
11-Jan-12,15.60,15.89,15.56,15.79,405747
10-Jan-12,16.04,16.22,15.67,15.67,765981
9-Jan-12,15.52,15.95,15.31,15.73,1244096
6-Jan-12,15.30,15.55,15.16,15.47,565805
5-Jan-12,15.08,15.31,14.98,15.30,555648
4-Jan-12,15.18,15.18,14.93,15.14,402938
3-Jan-12,15.29,15.43,15.11,15.23,563781
30-Dec-11,15.00,15.00,15.00,15.00,0
29-Dec-11,14.80,15.04,14.80,14.97,268863
28-Dec-11,14.79,14.79,14.79,14.79,0
27-Dec-11,15.16,15.31,15.11,15.14,344423
23-Dec-11,15.19,15.19,15.19,15.19,0
22-Dec-11,14.81,15.07,14.67,15.02,448044
21-Dec-11,14.88,14.94,14.51,14.76,646817
20-Dec-11,14.94,14.94,14.94,14.94,0
19-Dec-11,14.83,14.84,14.30,14.43,1238034
16-Dec-11,14.79,14.96,14.64,14.76,1958875
15-Dec-11,14.56,14.74,14.50,14.63,1164981
14-Dec-11,14.53,14.56,14.26,14.37,1272505
13-Dec-11,14.96,15.14,14.46,14.58,669945
12-Dec-11,14.85,14.85,14.85,14.85,0
9-Dec-11,14.96,15.37,14.80,15.27,1189997
8-Dec-11,14.92,15.10,14.79,14.96,1143025
7-Dec-11,14.82,15.08,14.54,15.05,1140358
6-Dec-11,14.88,15.01,14.78,14.94,636377
5-Dec-11,14.92,15.10,14.81,14.91,701438
2-Dec-11,15.14,15.14,14.67,14.72,837986
1-Dec-11,14.84,15.05,14.73,14.86,818606
30-Nov-11,14.64,14.92,14.64,14.92,1339154
29-Nov-11,14.23,14.40,14.04,14.16,935721
28-Nov-11,13.97,14.30,13.92,14.21,1067535
25-Nov-11,13.62,14.02,13.52,13.57,657514
23-Nov-11,13.63,13.63,13.63,13.63,0
22-Nov-11,14.15,14.20,13.93,14.03,812549
21-Nov-11,14.44,14.45,14.06,14.15,1211215
18-Nov-11,14.88,14.89,14.62,14.66,969314
17-Nov-11,15.20,15.22,14.67,14.77,1233115
16-Nov-11,15.10,15.53,15.10,15.22,1627198
15-Nov-11,14.84,15.44,14.78,15.35,2336314
14-Nov-11,14.85,14.92,14.62,14.69,1252588
11-Nov-11,14.55,14.98,14.55,14.90,875543
10-Nov-11,14.41,14.65,14.34,14.39,1712777
9-Nov-11,14.47,14.65,14.14,14.25,1938989
8-Nov-11,14.43,14.87,14.31,14.82,1735422
7-Nov-11,13.95,14.28,13.84,14.25,1066435
4-Nov-11,13.99,14.12,13.80,13.89,1237461
3-Nov-11,13.66,14.20,13.43,14.13,983588
2-Nov-11,13.68,13.83,13.43,13.54,1373953
1-Nov-11,13.51,13.75,13.35,13.43,1325733
31-Oct-11,14.31,14.40,13.90,13.97,1755399
28-Oct-11,13.44,14.56,13.44,14.55,1997348
27-Oct-11,13.99,14.31,13.96,14.07,2249102
26-Oct-11,13.46,13.72,13.16,13.55,1510829
25-Oct-11,13.47,13.55,13.24,13.29,1590934
24-Oct-11,13.27,13.66,13.25,13.51,2487292
21-Oct-11,13.15,13.42,13.05,13.19,1793561
20-Oct-11,13.27,13.35,12.79,13.00,2371435
19-Oct-11,13.74,13.77,13.25,13.28,1124642
18-Oct-11,13.50,13.89,13.14,13.73,1687448
17-Oct-11,13.82,13.82,13.30,13.40,1689544
14-Oct-11,13.96,14.07,13.73,13.90,1192626
13-Oct-11,13.63,13.89,13.57,13.77,980716
12-Oct-11,13.25,13.90,13.21,13.77,1721033
11-Oct-11,13.67,13.92,13.44,13.79,866922
10-Oct-11,13.53,13.93,13.44,13.79,830738
7-Oct-11,13.52,13.69,13.21,13.30,1154488
6-Oct-11,13.01,13.55,13.00,13.48,1391553
5-Oct-11,12.57,13.12,12.33,12.98,1023543
4-Oct-11,12.07,12.70,11.95,12.70,1431856
3-Oct-11,12.67,12.83,12.19,12.19,1278245
30-Sep-11,13.01,13.21,12.68,12.68,1572134
29-Sep-11,13.43,13.61,12.89,13.19,1400865
