Date,Open,High,Low,Close,Volume
27-Sep-12,25.90,25.99,25.90,25.96,56462
26-Sep-12,25.92,25.96,25.81,25.92,70448
25-Sep-12,25.89,25.98,25.82,25.94,112329
24-Sep-12,25.92,26.00,25.76,25.78,94341
21-Sep-12,25.99,25.99,25.87,25.90,64338
20-Sep-12,25.92,25.95,25.88,25.93,45051
19-Sep-12,25.95,25.99,25.91,25.94,92398
18-Sep-12,25.93,25.95,25.85,25.94,115133
17-Sep-12,25.94,25.95,25.86,25.94,66836
14-Sep-12,25.95,26.00,25.94,25.98,136877
13-Sep-12,25.91,25.97,25.89,25.97,115758
12-Sep-12,25.93,25.97,25.82,25.83,116082
11-Sep-12,25.89,25.89,25.82,25.87,74139
10-Sep-12,25.82,25.94,25.79,25.84,139049
7-Sep-12,26.28,26.30,26.22,26.26,124640
6-Sep-12,26.21,26.24,26.15,26.18,125493
5-Sep-12,26.31,26.31,26.15,26.20,122676
4-Sep-12,26.22,26.33,26.19,26.22,330305
31-Aug-12,26.20,26.24,26.15,26.17,102026
30-Aug-12,26.21,26.24,26.13,26.20,179175
29-Aug-12,26.20,26.25,26.19,26.23,120438
28-Aug-12,26.16,26.24,26.16,26.20,151683
27-Aug-12,26.20,26.23,26.15,26.15,127401
24-Aug-12,26.19,26.28,26.16,26.20,77728
23-Aug-12,26.23,26.33,26.15,26.25,111081
22-Aug-12,26.16,26.18,26.13,26.17,85108
21-Aug-12,26.15,26.20,26.12,26.16,74637
20-Aug-12,26.17,26.19,26.11,26.17,57678
17-Aug-12,26.24,26.24,26.13,26.20,20895
16-Aug-12,26.13,26.21,26.13,26.18,38708
15-Aug-12,26.13,26.24,26.10,26.13,38633
14-Aug-12,26.11,26.17,26.08,26.13,56017
13-Aug-12,26.21,26.25,26.07,26.08,41289
10-Aug-12,26.16,26.24,26.16,26.19,15514
9-Aug-12,26.26,26.37,26.20,26.23,21232
8-Aug-12,26.31,26.40,26.24,26.29,33968
7-Aug-12,26.37,26.38,26.26,26.37,23233
6-Aug-12,26.18,26.41,26.16,26.32,16350
3-Aug-12,26.16,26.27,26.14,26.20,20103
2-Aug-12,26.06,26.17,26.06,26.12,41724
1-Aug-12,26.28,26.33,26.09,26.11,57489
31-Jul-12,26.10,26.36,26.10,26.28,54449
30-Jul-12,26.17,26.26,26.08,26.10,94167
27-Jul-12,26.20,26.25,26.16,26.22,83575
26-Jul-12,26.25,26.25,26.17,26.22,43128
25-Jul-12,26.11,26.28,26.07,26.21,69950
24-Jul-12,26.30,26.37,26.15,26.18,102348
23-Jul-12,26.12,26.44,26.11,26.33,90440
20-Jul-12,26.35,26.47,26.25,26.33,83973
19-Jul-12,26.47,26.53,26.37,26.49,107741
18-Jul-12,26.34,26.48,26.25,26.46,110007
17-Jul-12,26.45,26.48,26.22,26.48,92557
16-Jul-12,26.14,26.40,26.14,26.32,58681
13-Jul-12,26.08,26.20,26.05,26.20,68102
12-Jul-12,25.94,26.15,25.94,26.11,68487
11-Jul-12,26.05,26.15,25.92,26.13,75933
10-Jul-12,26.02,26.15,25.96,26.08,70598
9-Jul-12,26.00,26.03,25.96,25.97,60552
6-Jul-12,25.98,26.03,25.93,26.00,96601
5-Jul-12,25.87,26.02,25.86,26.00,83736
3-Jul-12,26.01,26.02,25.98,25.99,76255
2-Jul-12,26.09,26.09,25.92,25.98,59716
29-Jun-12,26.00,26.07,25.96,26.03,174084
28-Jun-12,25.85,25.99,25.81,25.94,64397
27-Jun-12,26.02,26.02,25.85,25.91,55974
26-Jun-12,25.67,26.03,25.67,25.95,97785
25-Jun-12,25.76,25.81,25.70,25.70,85611
22-Jun-12,25.80,25.82,25.65,25.74,69974
21-Jun-12,25.99,25.99,25.71,25.74,130222
20-Jun-12,25.85,25.95,25.82,25.91,60268
19-Jun-12,25.74,25.88,25.67,25.80,79669
18-Jun-12,25.64,25.86,25.64,25.79,106153
15-Jun-12,25.55,25.81,25.52,25.70,122122
14-Jun-12,25.90,25.90,25.40,25.51,445349
13-Jun-12,25.97,26.12,25.96,25.99,58321
12-Jun-12,25.90,26.06,25.90,26.00,99625
11-Jun-12,26.18,26.18,25.92,26.04,179038
8-Jun-12,26.03,26.03,25.84,25.92,87176
7-Jun-12,26.54,26.54,26.33,26.41,83968
6-Jun-12,26.28,26.40,26.23,26.40,83427
5-Jun-12,26.23,26.37,26.11,26.18,152833
4-Jun-12,26.12,26.31,26.04,26.31,79954
1-Jun-12,25.80,26.14,25.80,26.10,79782
31-May-12,26.06,26.20,26.02,26.05,65450
30-May-12,26.30,26.34,25.95,25.97,114579
29-May-12,26.28,26.40,26.17,26.38,99248
25-May-12,26.23,26.32,26.15,26.32,39322
24-May-12,26.21,26.34,26.20,26.33,103416
23-May-12,26.15,26.29,25.99,26.29,88589
22-May-12,25.92,26.20,25.92,26.10,63571
21-May-12,25.68,26.04,25.68,25.89,92174
18-May-12,26.07,26.07,25.64,25.74,130323
17-May-12,26.26,26.27,26.07,26.20,83143
16-May-12,26.36,26.37,26.28,26.30,99994
15-May-12,26.37,26.40,26.32,26.40,91643
14-May-12,26.26,26.43,26.25,26.42,98476
11-May-12,26.24,26.47,26.24,26.38,77464
10-May-12,26.39,26.48,26.37,26.42,68047
9-May-12,26.27,26.43,26.24,26.27,90301
8-May-12,26.37,26.39,26.28,26.32,81151
7-May-12,26.20,26.38,26.19,26.34,87684
4-May-12,26.24,26.34,26.24,26.24,83689
3-May-12,26.21,26.33,26.16,26.27,80670
2-May-12,26.23,26.32,26.15,26.15,97186
1-May-12,26.30,26.30,26.20,26.25,54187
30-Apr-12,26.28,26.33,26.19,26.25,126362
27-Apr-12,26.22,26.30,26.22,26.28,50112
26-Apr-12,26.13,26.24,26.06,26.23,69316
25-Apr-12,26.17,26.18,26.10,26.12,51476
24-Apr-12,26.09,26.16,26.01,26.11,39204
23-Apr-12,25.93,26.08,25.93,26.04,74563
20-Apr-12,26.21,26.22,25.90,25.90,137328
19-Apr-12,26.07,26.21,26.04,26.21,66291
18-Apr-12,26.15,26.22,25.95,25.97,83601
17-Apr-12,26.24,26.24,26.13,26.13,62642
16-Apr-12,26.22,26.24,26.14,26.19,54192
13-Apr-12,26.18,26.24,26.10,26.17,83538
12-Apr-12,25.94,26.23,25.94,26.19,99253
11-Apr-12,25.97,26.02,25.86,25.87,73196
10-Apr-12,26.10,26.12,25.94,25.94,88981
9-Apr-12,26.03,26.20,26.02,26.07,69686
5-Apr-12,26.13,26.17,26.06,26.06,60066
4-Apr-12,26.12,26.18,26.05,26.10,81845
3-Apr-12,26.18,26.18,26.06,26.09,49529
2-Apr-12,26.06,26.25,26.06,26.14,77004
30-Mar-12,26.22,26.22,25.99,25.99,84698
29-Mar-12,26.17,26.19,26.12,26.19,49527
28-Mar-12,26.17,26.21,26.13,26.17,61861
27-Mar-12,26.16,26.23,26.11,26.17,101528
26-Mar-12,26.14,26.30,26.01,26.22,209346
23-Mar-12,25.98,26.09,25.98,26.07,61676
22-Mar-12,25.99,26.03,25.93,25.99,87039
21-Mar-12,26.13,26.13,25.94,25.98,271465
20-Mar-12,26.01,26.14,26.01,26.13,124447
19-Mar-12,26.15,26.15,26.06,26.10,153654
16-Mar-12,26.21,26.21,26.10,26.15,181874
15-Mar-12,26.13,26.31,26.10,26.19,55264
14-Mar-12,26.17,26.23,26.08,26.14,74550
13-Mar-12,26.34,26.41,26.13,26.17,164306
12-Mar-12,26.38,26.45,26.21,26.21,70026
9-Mar-12,26.33,26.49,26.33,26.38,129407
8-Mar-12,26.38,26.38,26.24,26.30,167527
7-Mar-12,25.32,26.80,25.32,26.73,86413
6-Mar-12,26.59,26.71,26.54,26.69,95854
5-Mar-12,26.67,26.80,26.62,26.75,85365
2-Mar-12,26.68,26.87,26.61,26.83,79537
1-Mar-12,26.72,26.73,26.56,26.73,120784
29-Feb-12,26.58,26.68,26.53,26.64,155076
28-Feb-12,26.65,26.74,26.46,26.61,194869
27-Feb-12,26.44,26.59,26.35,26.55,125080
24-Feb-12,26.33,26.59,26.28,26.42,138719
23-Feb-12,26.22,26.32,26.19,26.25,106023
22-Feb-12,26.24,26.25,26.07,26.18,141074
21-Feb-12,26.25,26.27,26.21,26.25,107300
17-Feb-12,26.16,26.30,26.16,26.21,148131
16-Feb-12,26.13,26.24,26.07,26.24,132615
15-Feb-12,26.26,26.26,26.14,26.18,84018
14-Feb-12,26.18,26.39,26.15,26.16,152988
13-Feb-12,25.94,26.30,25.93,26.25,101110
10-Feb-12,26.09,26.12,25.82,25.82,114208
9-Feb-12,26.12,26.19,26.04,26.11,77197
8-Feb-12,26.13,26.19,26.09,26.18,108329
7-Feb-12,26.12,26.22,26.10,26.15,66255
6-Feb-12,26.14,26.22,26.12,26.14,70172
3-Feb-12,26.22,26.29,26.09,26.20,80094
2-Feb-12,26.26,26.37,26.18,26.18,94606
1-Feb-12,26.26,26.45,26.25,26.29,87756
31-Jan-12,26.27,26.28,26.08,26.26,106130
30-Jan-12,26.03,26.27,26.03,26.21,93477
27-Jan-12,26.13,26.25,26.12,26.12,78421
26-Jan-12,26.11,26.18,26.05,26.12,91903
25-Jan-12,25.94,26.37,25.88,26.00,179370
24-Jan-12,25.88,26.00,25.81,25.97,100836
23-Jan-12,25.77,25.90,25.77,25.89,109934
20-Jan-12,25.71,25.91,25.69,25.77,129345
19-Jan-12,25.75,25.99,25.55,25.55,228476
18-Jan-12,25.65,25.73,25.63,25.70,68709
17-Jan-12,25.76,25.78,25.60,25.66,146773
13-Jan-12,25.66,25.66,25.66,25.66,0
12-Jan-12,25.70,25.79,25.67,25.69,71482
11-Jan-12,25.70,25.99,25.65,25.65,197008
10-Jan-12,25.83,25.83,25.67,25.75,178162
9-Jan-12,25.84,25.84,25.66,25.78,81657
6-Jan-12,25.66,25.92,25.60,25.80,302304
5-Jan-12,25.60,25.70,25.58,25.70,64664
4-Jan-12,25.54,25.62,25.50,25.60,75316
3-Jan-12,25.62,25.63,25.48,25.51,88999
30-Dec-11,25.55,25.55,25.55,25.55,0
29-Dec-11,25.58,25.70,25.56,25.64,46364
28-Dec-11,25.45,25.60,25.38,25.60,67948
27-Dec-11,25.53,25.53,25.34,25.37,85373
23-Dec-11,25.60,25.60,25.60,25.60,0
22-Dec-11,25.42,25.72,25.31,25.57,124945
21-Dec-11,25.41,25.47,25.30,25.35,76220
20-Dec-11,25.60,25.60,25.22,25.35,83626
19-Dec-11,25.48,25.48,25.28,25.35,106886
16-Dec-11,25.53,25.56,25.22,25.36,124110
15-Dec-11,25.75,25.76,25.56,25.60,78836
14-Dec-11,25.59,25.78,25.56,25.72,115856
13-Dec-11,25.15,25.71,25.15,25.66,107686
12-Dec-11,25.37,25.39,25.25,25.33,76954
9-Dec-11,25.25,25.48,25.23,25.43,80411
8-Dec-11,25.29,25.35,25.09,25.26,81926
7-Dec-11,25.45,25.78,25.45,25.71,77454
6-Dec-11,25.71,25.76,25.18,25.54,119895
5-Dec-11,25.61,25.90,25.60,25.76,94831
2-Dec-11,25.51,25.63,25.40,25.63,86497
1-Dec-11,25.45,25.57,25.40,25.41,71461
30-Nov-11,25.70,25.70,25.33,25.40,107415
29-Nov-11,25.40,25.45,25.22,25.27,106269
28-Nov-11,25.57,25.62,25.35,25.39,67947
25-Nov-11,25.32,25.66,25.28,25.36,40904
23-Nov-11,25.20,25.20,25.20,25.20,0
22-Nov-11,25.45,25.53,25.31,25.40,71569
21-Nov-11,25.35,25.49,25.30,25.41,82806
18-Nov-11,25.36,25.67,25.32,25.51,93342
17-Nov-11,25.57,25.66,25.31,25.45,99688
16-Nov-11,25.60,25.87,25.53,25.53,107741
15-Nov-11,25.66,25.79,25.52,25.65,99016
14-Nov-11,25.81,25.91,25.60,25.76,90978
11-Nov-11,25.44,25.87,25.44,25.83,73401
10-Nov-11,25.35,25.56,25.29,25.35,87043
9-Nov-11,25.47,25.50,25.15,25.31,170728
8-Nov-11,25.77,25.82,25.55,25.60,99235
7-Nov-11,25.81,25.90,25.55,25.62,103497
4-Nov-11,25.59,25.85,25.57,25.75,49436
3-Nov-11,25.61,25.68,25.48,25.60,84523
2-Nov-11,25.82,25.96,25.42,25.53,140389
1-Nov-11,25.92,26.00,25.70,25.75,84048
31-Oct-11,25.90,26.27,25.85,26.18,86799
28-Oct-11,26.14,26.31,25.90,26.15,153324
27-Oct-11,26.09,26.35,26.02,26.06,121308
26-Oct-11,25.61,25.91,25.48,25.87,126077
25-Oct-11,25.81,25.88,25.42,25.52,88927
24-Oct-11,25.63,25.99,25.53,25.84,97427
21-Oct-11,25.88,25.90,25.60,25.70,66413
20-Oct-11,25.52,25.75,25.37,25.75,81696
19-Oct-11,25.53,25.74,25.50,25.60,55127
18-Oct-11,25.29,25.52,25.28,25.50,166046
17-Oct-11,25.28,25.43,25.16,25.27,93481
14-Oct-11,25.36,25.40,25.21,25.30,65453
13-Oct-11,25.51,25.60,25.21,25.23,231364
12-Oct-11,25.32,25.73,25.32,25.51,134725
11-Oct-11,25.23,25.35,25.15,25.22,120318
10-Oct-11,25.44,25.45,25.12,25.26,153605
7-Oct-11,25.34,25.37,25.02,25.18,170581
6-Oct-11,25.00,25.32,24.95,25.17,190750
5-Oct-11,25.00,25.25,24.91,24.99,140583
4-Oct-11,24.80,25.10,24.55,24.92,231639
3-Oct-11,25.22,25.27,24.84,24.84,180888
30-Sep-11,25.55,25.55,25.16,25.37,148499
