Date,Open,High,Low,Close,Volume
27-Sep-12,19.04,19.28,18.95,19.18,62398
26-Sep-12,19.11,19.22,18.84,18.93,98926
25-Sep-12,19.11,19.19,18.99,19.08,111473
24-Sep-12,19.10,19.10,18.92,19.00,67281
21-Sep-12,19.20,19.25,19.03,19.14,82433
20-Sep-12,19.27,19.35,19.19,19.29,9994
19-Sep-12,19.80,19.80,19.28,19.31,17507
18-Sep-12,19.89,20.03,19.77,19.81,12112
17-Sep-12,19.80,19.89,19.74,19.85,19032
14-Sep-12,19.80,20.00,19.75,19.82,17910
13-Sep-12,19.46,20.25,19.46,19.67,34179
12-Sep-12,19.16,19.61,18.92,19.49,23883
11-Sep-12,19.23,19.55,19.00,19.14,18241
10-Sep-12,19.09,19.25,19.01,19.18,13592
7-Sep-12,19.00,19.08,18.78,19.07,167196
6-Sep-12,18.28,18.99,18.25,18.84,148094
5-Sep-12,18.09,18.29,18.09,18.24,61764
4-Sep-12,17.87,18.19,17.86,18.15,126999
31-Aug-12,18.25,18.25,17.83,17.92,78291
30-Aug-12,17.96,18.10,17.85,18.05,98209
29-Aug-12,17.98,18.12,17.93,18.02,81712
28-Aug-12,18.01,18.13,17.68,17.92,105676
27-Aug-12,18.03,18.97,17.96,18.04,70271
24-Aug-12,17.57,18.05,17.15,17.93,321396
23-Aug-12,17.63,17.80,17.56,17.63,92932
22-Aug-12,17.92,18.00,17.62,17.69,87253
21-Aug-12,18.62,18.82,17.76,17.89,282604
20-Aug-12,18.55,18.68,18.46,18.55,49918
17-Aug-12,18.46,18.68,18.44,18.57,62452
16-Aug-12,18.54,18.76,18.45,18.53,73828
15-Aug-12,18.05,18.68,18.05,18.62,63946
14-Aug-12,17.99,18.15,17.81,18.12,75604
13-Aug-12,17.97,18.03,17.51,17.91,99958
10-Aug-12,18.21,18.36,17.91,18.04,69475
9-Aug-12,17.95,18.25,17.80,18.20,263089
8-Aug-12,18.01,18.44,17.28,18.00,1215109
7-Aug-12,22.03,22.55,21.69,21.86,74110
6-Aug-12,21.50,22.06,21.50,21.93,36705
3-Aug-12,21.49,22.15,21.13,21.53,129190
2-Aug-12,21.54,21.99,21.15,21.26,62139
1-Aug-12,21.82,22.23,21.55,21.55,55513
31-Jul-12,21.53,21.96,21.53,21.82,69202
30-Jul-12,21.62,21.76,21.25,21.58,94233
27-Jul-12,20.82,21.65,20.82,21.56,62472
26-Jul-12,21.23,21.29,20.72,20.80,25822
25-Jul-12,20.99,21.11,20.53,20.99,46384
24-Jul-12,20.97,21.08,20.68,20.84,77639
23-Jul-12,20.74,21.02,20.60,20.85,86487
20-Jul-12,20.61,21.37,20.47,21.00,141512
19-Jul-12,21.55,21.83,20.01,20.79,173899
18-Jul-12,21.12,21.59,21.03,21.54,44962
17-Jul-12,21.20,21.32,20.90,21.19,115107
16-Jul-12,20.95,21.19,20.67,21.16,51959
13-Jul-12,20.78,21.36,20.39,21.02,41520
12-Jul-12,21.48,21.48,20.46,20.78,92320
11-Jul-12,22.13,22.21,21.28,21.62,72436
10-Jul-12,22.85,22.89,22.09,22.15,48102
9-Jul-12,22.50,22.89,22.34,22.78,49310
6-Jul-12,22.47,22.77,22.46,22.59,16916
5-Jul-12,22.89,22.89,22.34,22.70,32342
3-Jul-12,22.40,23.02,22.40,22.97,19393
2-Jul-12,22.49,22.72,22.24,22.66,74023
29-Jun-12,22.28,22.77,22.06,22.42,63591
28-Jun-12,22.13,22.32,21.34,21.86,44323
27-Jun-12,22.07,22.54,22.07,22.25,92291
26-Jun-12,21.62,22.16,21.47,21.98,68247
25-Jun-12,21.60,21.74,21.16,21.53,66040
22-Jun-12,21.79,22.32,21.66,21.78,723219
21-Jun-12,22.17,22.31,21.11,21.37,78661
20-Jun-12,22.98,23.22,22.06,22.12,63343
19-Jun-12,22.78,23.54,22.76,22.93,62048
18-Jun-12,22.42,22.80,22.10,22.69,64806
15-Jun-12,21.95,22.64,21.95,22.50,63703
14-Jun-12,21.73,22.10,21.67,22.05,45310
13-Jun-12,21.69,22.15,21.58,21.73,99516
12-Jun-12,21.46,22.08,21.46,21.65,62706
11-Jun-12,20.76,21.77,20.54,21.61,161921
8-Jun-12,20.69,20.77,20.41,20.59,46572
7-Jun-12,20.80,20.99,20.60,20.78,41596
6-Jun-12,20.76,21.16,20.64,20.90,94250
5-Jun-12,20.07,20.68,20.07,20.62,51570
4-Jun-12,19.22,20.38,19.22,20.22,59010
1-Jun-12,19.41,19.97,19.21,19.57,60563
31-May-12,20.24,20.24,19.33,19.75,90165
30-May-12,20.75,20.83,19.99,20.17,49110
29-May-12,21.06,21.06,20.63,20.92,44062
25-May-12,20.88,21.04,20.71,20.85,38257
24-May-12,20.64,21.01,20.54,20.95,37851
23-May-12,20.38,20.66,19.88,20.62,62836
22-May-12,20.91,21.27,20.36,20.57,61356
21-May-12,20.71,21.00,20.43,20.98,89036
18-May-12,20.92,20.92,20.33,20.68,70978
17-May-12,21.45,21.84,20.97,20.97,94393
16-May-12,21.56,22.00,21.26,21.46,57557
15-May-12,21.09,21.59,20.91,21.55,99024
14-May-12,20.74,21.12,20.66,21.09,93025
11-May-12,21.12,21.24,20.68,20.98,117023
10-May-12,21.68,21.68,20.87,21.28,145241
9-May-12,22.50,22.50,21.19,21.63,420305
8-May-12,24.15,25.00,23.92,24.43,233463
7-May-12,24.28,24.57,24.00,24.28,84088
4-May-12,24.37,24.60,24.19,24.31,148854
3-May-12,24.38,24.64,24.24,24.47,144201
2-May-12,23.59,24.67,23.59,24.52,105940
1-May-12,23.78,24.97,23.75,23.77,92570
30-Apr-12,23.84,24.00,23.45,23.74,54644
27-Apr-12,23.51,24.18,23.37,23.92,34253
26-Apr-12,23.35,23.58,23.21,23.40,60700
25-Apr-12,23.48,23.83,23.25,23.45,69689
24-Apr-12,23.11,23.23,22.61,23.22,90615
23-Apr-12,23.27,23.43,22.77,23.15,133919
20-Apr-12,23.28,23.62,22.85,23.58,94812
19-Apr-12,23.70,23.95,22.81,22.91,39116
18-Apr-12,23.60,24.00,23.24,23.75,38068
17-Apr-12,23.69,24.14,23.64,23.77,44318
16-Apr-12,24.68,24.68,23.43,23.59,87304
13-Apr-12,24.45,25.00,23.96,24.61,60145
12-Apr-12,24.23,24.63,23.85,24.50,36233
11-Apr-12,24.73,25.25,24.08,24.24,62078
10-Apr-12,25.02,25.42,24.36,24.62,141879
9-Apr-12,24.58,25.31,23.26,24.97,56985
5-Apr-12,24.87,25.05,24.76,24.99,22624
4-Apr-12,25.01,25.29,24.63,25.03,39578
3-Apr-12,25.75,25.85,25.21,25.36,51778
2-Apr-12,25.69,25.91,25.36,25.85,86671
30-Mar-12,25.10,25.84,24.87,25.70,124924
29-Mar-12,24.76,25.45,23.21,24.94,177528
28-Mar-12,24.49,24.99,24.39,24.92,96940
27-Mar-12,24.38,24.61,24.32,24.47,36298
26-Mar-12,24.79,24.98,23.84,24.43,76646
23-Mar-12,24.50,24.99,24.32,24.52,140426
22-Mar-12,24.16,24.38,23.85,24.17,26812
21-Mar-12,23.98,24.42,23.78,24.33,52101
20-Mar-12,24.06,24.52,23.90,23.92,33464
19-Mar-12,24.30,24.64,23.61,24.31,39555
16-Mar-12,23.97,24.77,23.97,24.41,102981
15-Mar-12,23.64,24.29,23.32,23.93,128266
14-Mar-12,23.54,23.78,23.38,23.70,82992
13-Mar-12,23.54,23.64,23.11,23.54,104895
12-Mar-12,23.46,23.85,23.22,23.36,59711
9-Mar-12,23.31,23.88,23.20,23.46,95486
8-Mar-12,23.26,23.49,23.07,23.29,28109
7-Mar-12,23.34,23.57,23.00,23.14,56435
6-Mar-12,23.00,23.90,22.70,23.21,170626
5-Mar-12,23.11,23.74,22.37,22.70,198277
2-Mar-12,23.57,23.57,22.77,23.12,82329
1-Mar-12,23.63,23.82,23.50,23.55,82968
29-Feb-12,23.47,23.79,23.26,23.50,75820
28-Feb-12,24.38,24.40,23.31,23.42,127730
27-Feb-12,24.25,25.21,24.17,24.43,125257
24-Feb-12,22.99,24.65,21.59,24.54,270372
23-Feb-12,22.00,23.02,21.80,22.63,270986
22-Feb-12,21.50,22.05,21.45,21.97,109964
21-Feb-12,21.60,21.70,21.44,21.51,72911
17-Feb-12,21.60,21.72,21.25,21.59,86657
16-Feb-12,21.04,21.69,20.92,21.47,251730
15-Feb-12,20.97,21.68,20.75,21.04,236991
14-Feb-12,20.33,20.83,20.30,20.83,139866
13-Feb-12,20.02,20.70,19.80,20.58,400569
10-Feb-12,19.53,19.91,19.50,19.61,41669
9-Feb-12,19.60,19.60,19.60,19.60,0
8-Feb-12,20.09,20.11,19.75,19.87,80076
7-Feb-12,20.10,20.16,19.79,20.12,89971
6-Feb-12,20.72,20.74,19.96,20.08,109380
3-Feb-12,21.07,21.07,20.63,20.84,106296
2-Feb-12,20.98,21.00,20.70,20.82,60252
1-Feb-12,21.18,21.22,20.95,20.99,89961
31-Jan-12,21.11,21.11,21.11,21.11,0
30-Jan-12,20.70,20.99,20.70,20.74,76195
27-Jan-12,20.89,20.89,20.89,20.89,0
26-Jan-12,20.18,20.77,18.78,20.70,161209
25-Jan-12,20.02,20.85,19.87,20.01,94114
24-Jan-12,20.22,20.41,19.86,20.00,65688
23-Jan-12,20.44,20.45,19.94,20.37,49325
20-Jan-12,20.44,20.44,20.44,20.44,0
19-Jan-12,20.69,21.00,20.49,20.64,91521
18-Jan-12,19.44,20.76,19.30,20.67,111110
17-Jan-12,19.80,20.00,19.24,19.78,99097
13-Jan-12,19.68,19.68,19.68,19.68,0
12-Jan-12,19.85,19.94,19.48,19.87,126404
11-Jan-12,18.94,18.94,18.94,18.94,0
10-Jan-12,18.61,18.61,18.61,18.61,0
9-Jan-12,18.00,18.81,17.90,18.10,302385
6-Jan-12,17.63,17.78,17.35,17.54,66631
5-Jan-12,17.72,17.72,17.72,17.72,0
4-Jan-12,17.77,18.34,17.29,17.47,93674
3-Jan-12,18.34,18.56,17.75,17.88,83321
30-Dec-11,17.98,17.98,17.98,17.98,0
29-Dec-11,17.65,18.40,17.65,18.18,132971
28-Dec-11,18.02,18.02,18.02,18.02,0
27-Dec-11,18.05,18.05,17.41,17.72,38126
23-Dec-11,18.17,18.17,18.17,18.17,0
22-Dec-11,18.04,18.72,18.04,18.50,163510
21-Dec-11,17.44,18.20,17.10,18.00,69255
20-Dec-11,17.68,17.68,17.68,17.68,0
19-Dec-11,18.36,18.60,17.00,17.01,68683
16-Dec-11,18.33,18.74,18.17,18.25,146093
15-Dec-11,18.08,18.25,17.70,18.15,60871
14-Dec-11,17.33,17.96,17.33,17.86,76998
13-Dec-11,18.18,18.55,17.35,17.40,102987
12-Dec-11,18.09,18.09,18.09,18.09,0
9-Dec-11,18.50,18.68,17.94,18.42,66438
8-Dec-11,18.79,18.90,18.01,18.27,52659
7-Dec-11,18.77,19.00,18.44,18.95,42888
6-Dec-11,19.07,19.07,18.30,18.81,58483
5-Dec-11,18.91,19.32,18.60,19.02,63954
2-Dec-11,18.77,19.05,18.52,18.66,64336
1-Dec-11,17.98,18.94,17.98,18.57,120439
30-Nov-11,18.99,19.05,17.86,17.97,539518
29-Nov-11,18.21,18.47,17.94,18.30,358602
28-Nov-11,18.04,18.28,17.72,18.11,115148
25-Nov-11,17.85,18.07,17.82,17.82,31755
23-Nov-11,17.93,17.93,17.93,17.93,0
22-Nov-11,19.78,19.85,18.68,18.76,110082
21-Nov-11,18.96,19.88,18.84,19.70,109817
18-Nov-11,18.30,19.51,18.26,19.34,158393
17-Nov-11,18.69,18.80,17.94,18.25,90896
16-Nov-11,17.71,19.55,17.71,18.73,166202
15-Nov-11,17.70,18.04,17.49,17.89,53181
14-Nov-11,17.69,17.69,17.69,17.69,0
11-Nov-11,17.60,18.65,16.77,17.94,175309
10-Nov-11,17.00,17.41,16.69,17.38,244384
9-Nov-11,19.40,19.46,16.70,16.75,527277
8-Nov-11,19.94,20.19,19.49,19.95,120091
7-Nov-11,19.25,19.25,19.25,19.25,0
4-Nov-11,19.16,19.55,18.51,19.31,208255
3-Nov-11,20.40,20.40,19.18,19.31,288408
2-Nov-11,20.42,20.42,20.42,20.42,0
1-Nov-11,21.32,22.23,21.16,21.27,173152
31-Oct-11,23.75,23.84,23.15,23.24,75593
28-Oct-11,24.05,24.42,23.15,24.20,88079
27-Oct-11,24.09,24.09,24.09,24.09,0
26-Oct-11,22.98,23.34,22.51,23.23,68472
25-Oct-11,23.01,23.76,22.52,22.65,74879
24-Oct-11,22.98,22.98,22.98,22.98,0
21-Oct-11,22.44,23.00,22.13,22.95,77519
20-Oct-11,22.16,22.99,21.67,22.02,93624
19-Oct-11,22.18,22.86,21.00,22.18,102778
18-Oct-11,21.99,21.99,21.99,21.99,0
17-Oct-11,21.79,21.87,21.06,21.32,124720
14-Oct-11,21.98,21.99,21.22,21.80,84705
13-Oct-11,21.91,21.91,21.91,21.91,0
12-Oct-11,20.25,20.84,20.09,20.70,144824
11-Oct-11,20.30,20.32,20.00,20.19,41869
10-Oct-11,20.17,20.58,19.99,20.56,50733
7-Oct-11,20.24,20.24,20.24,20.24,0
6-Oct-11,19.70,21.15,19.70,20.71,149596
5-Oct-11,19.24,20.04,18.91,19.70,99049
4-Oct-11,19.15,19.87,18.65,19.19,65381
3-Oct-11,20.24,21.21,19.14,19.25,153595
30-Sep-11,20.58,20.58,20.58,20.58,0
29-Sep-11,21.11,21.14,19.82,20.00,46664
