Date,Open,High,Low,Close,Volume
26-Sep-12,5.96,6.18,5.88,6.08,99782
25-Sep-12,6.03,6.07,5.81,5.96,211734
24-Sep-12,6.15,6.18,5.98,5.99,156349
21-Sep-12,6.12,6.16,6.11,6.16,11482
20-Sep-12,6.17,6.20,6.09,6.12,35354
19-Sep-12,6.25,6.35,6.17,6.17,24512
18-Sep-12,6.27,6.40,6.24,6.26,21745
17-Sep-12,6.34,6.34,6.22,6.30,11314
14-Sep-12,6.31,6.51,6.28,6.32,45231
13-Sep-12,6.00,6.30,5.95,6.18,109575
12-Sep-12,6.13,6.32,6.00,6.07,73028
11-Sep-12,6.01,6.31,6.01,6.18,53836
10-Sep-12,6.07,6.30,6.03,6.13,33198
7-Sep-12,5.72,6.17,5.70,6.11,284078
6-Sep-12,5.60,5.84,5.54,5.76,142648
5-Sep-12,5.30,5.70,5.22,5.62,332924
4-Sep-12,5.09,5.47,5.04,5.25,327543
31-Aug-12,5.16,5.35,5.03,5.15,332205
30-Aug-12,5.25,5.33,5.00,5.14,328387
29-Aug-12,5.37,5.42,5.19,5.25,175587
28-Aug-12,5.46,5.57,5.20,5.41,335177
27-Aug-12,5.55,5.61,5.41,5.50,70588
24-Aug-12,5.57,5.59,5.50,5.53,79984
23-Aug-12,5.65,5.70,5.40,5.57,118417
22-Aug-12,5.70,5.85,5.60,5.68,79403
21-Aug-12,5.89,5.92,5.50,5.74,107993
20-Aug-12,5.86,5.99,5.65,5.80,76442
17-Aug-12,5.95,6.24,5.75,5.84,133951
16-Aug-12,5.86,6.08,5.86,6.00,32654
15-Aug-12,6.00,6.03,5.90,5.91,27195
14-Aug-12,5.92,5.99,5.91,5.93,24208
13-Aug-12,5.85,5.99,5.85,5.93,14850
10-Aug-12,5.84,5.93,5.80,5.87,8858
9-Aug-12,5.81,5.94,5.81,5.92,17410
8-Aug-12,6.03,6.06,5.82,5.87,8740
7-Aug-12,5.85,5.98,5.81,5.84,11929
6-Aug-12,5.90,6.19,5.82,5.85,57752
3-Aug-12,5.95,6.00,5.86,5.95,261854
2-Aug-12,5.89,5.93,5.79,5.85,14249
1-Aug-12,5.95,6.26,5.83,5.91,107365
31-Jul-12,5.94,6.05,5.89,5.94,43250
30-Jul-12,5.93,6.06,5.83,5.96,26314
27-Jul-12,5.93,5.99,5.81,5.93,12068
26-Jul-12,5.97,6.01,5.69,5.89,41436
25-Jul-12,6.00,6.00,5.89,5.90,5813
24-Jul-12,6.19,6.19,5.88,6.02,16001
23-Jul-12,5.84,6.13,5.75,6.05,35977
20-Jul-12,6.05,6.10,5.90,6.00,70006
19-Jul-12,6.32,6.32,5.98,6.10,45985
18-Jul-12,6.41,6.41,6.20,6.34,43974
17-Jul-12,6.53,6.53,6.40,6.42,21054
16-Jul-12,6.51,6.54,6.45,6.53,15060
13-Jul-12,6.60,6.63,6.50,6.51,7920
12-Jul-12,6.63,6.66,6.47,6.55,14162
11-Jul-12,6.58,6.69,6.55,6.68,15798
10-Jul-12,6.60,6.65,6.52,6.54,25439
9-Jul-12,6.72,6.72,6.50,6.59,39425
6-Jul-12,6.77,6.93,6.68,6.78,44900
5-Jul-12,6.85,6.96,6.82,6.88,24616
3-Jul-12,7.00,7.00,6.72,6.89,26087
2-Jul-12,6.71,6.83,6.69,6.79,37192
29-Jun-12,6.79,6.85,6.60,6.84,32986
28-Jun-12,6.80,6.91,6.60,6.64,27150
27-Jun-12,6.83,6.96,6.74,6.86,30854
26-Jun-12,6.94,7.00,6.75,6.75,23752
25-Jun-12,6.93,7.02,6.93,6.96,27702
22-Jun-12,7.00,7.07,6.96,7.00,21003
21-Jun-12,7.00,7.10,6.95,7.00,23409
20-Jun-12,6.88,6.98,6.82,6.98,17505
19-Jun-12,6.84,6.97,6.77,6.88,24289
18-Jun-12,6.86,6.94,6.56,6.84,38429
15-Jun-12,6.83,7.01,6.79,6.93,96319
14-Jun-12,6.83,6.85,6.72,6.78,34598
13-Jun-12,6.89,6.99,6.75,6.85,30587
12-Jun-12,6.97,7.04,6.88,6.89,114743
11-Jun-12,6.97,6.98,6.85,6.91,60420
8-Jun-12,6.90,6.99,6.79,6.91,87036
7-Jun-12,6.90,6.97,6.75,6.93,82133
6-Jun-12,6.64,6.90,6.64,6.80,35273
5-Jun-12,6.29,6.68,6.28,6.60,71874
4-Jun-12,6.24,6.57,6.24,6.29,82027
1-Jun-12,6.50,6.51,6.20,6.21,73852
31-May-12,6.80,6.80,6.50,6.50,35605
30-May-12,7.07,7.08,6.60,6.63,162677
29-May-12,7.01,7.06,6.88,6.90,75815
25-May-12,7.03,7.04,6.53,7.00,375897
24-May-12,6.45,7.35,6.45,7.07,328426
23-May-12,6.00,6.54,5.85,6.41,286260
22-May-12,5.94,6.35,5.91,6.00,99395
21-May-12,5.94,6.02,5.85,5.94,167226
18-May-12,5.98,6.07,5.86,5.91,245516
17-May-12,6.00,6.19,5.99,6.00,197185
16-May-12,6.03,6.14,5.76,6.02,275026
15-May-12,6.21,6.25,6.00,6.06,35125
14-May-12,6.31,6.36,6.00,6.21,179847
11-May-12,6.34,6.56,6.11,6.37,218745
10-May-12,7.75,7.76,6.50,6.58,216092
9-May-12,5.85,7.80,5.75,7.79,395630
8-May-12,5.90,5.97,5.76,5.88,295016
7-May-12,5.80,5.87,5.70,5.85,41388
4-May-12,5.85,5.89,5.75,5.84,55544
3-May-12,5.87,6.04,5.82,5.88,44541
2-May-12,5.90,5.94,5.86,5.86,49908
1-May-12,5.98,6.01,5.83,5.94,67610
30-Apr-12,5.90,6.08,5.90,5.97,65962
27-Apr-12,5.88,6.03,5.85,5.90,98989
26-Apr-12,5.87,5.99,5.76,5.88,39180
25-Apr-12,5.72,5.95,5.51,5.86,110514
24-Apr-12,5.28,5.68,5.25,5.65,103699
23-Apr-12,5.47,5.47,5.23,5.27,63453
20-Apr-12,5.51,5.57,5.48,5.50,21667
19-Apr-12,5.40,5.57,5.40,5.46,60124
18-Apr-12,5.62,5.62,5.40,5.40,68396
17-Apr-12,5.58,5.73,5.50,5.68,101194
16-Apr-12,6.01,6.01,5.50,5.55,139224
13-Apr-12,6.03,6.04,5.90,6.00,82892
12-Apr-12,6.30,6.30,6.01,6.08,61618
11-Apr-12,5.97,6.37,5.95,6.29,139427
10-Apr-12,5.97,6.17,5.90,5.90,55621
9-Apr-12,6.00,6.20,5.97,5.98,83315
5-Apr-12,6.09,6.12,6.03,6.08,38814
4-Apr-12,6.04,6.18,6.00,6.06,137842
3-Apr-12,6.25,6.29,6.03,6.11,117102
2-Apr-12,6.26,6.34,6.10,6.25,167938
30-Mar-12,6.20,6.28,6.13,6.25,52229
29-Mar-12,6.40,6.51,6.12,6.15,296371
28-Mar-12,6.56,6.64,6.40,6.41,71726
27-Mar-12,6.53,6.68,6.51,6.55,45973
26-Mar-12,6.53,6.60,6.49,6.52,54564
23-Mar-12,6.52,6.62,6.46,6.48,73612
22-Mar-12,6.63,6.70,6.53,6.55,117820
21-Mar-12,6.89,6.92,6.61,6.67,129898
20-Mar-12,6.93,6.95,6.75,6.81,94116
19-Mar-12,6.89,7.12,6.80,6.95,153113
16-Mar-12,6.93,7.01,6.84,6.88,163275
15-Mar-12,7.20,7.20,6.89,6.93,179773
14-Mar-12,7.29,7.40,7.00,7.16,143038
13-Mar-12,6.82,7.45,6.72,7.23,284256
12-Mar-12,6.50,6.85,6.41,6.82,293042
9-Mar-12,6.30,6.56,6.30,6.50,190574
8-Mar-12,6.11,6.42,6.03,6.24,488072
7-Mar-12,6.00,6.14,6.00,6.08,116737
6-Mar-12,5.98,6.25,5.90,5.98,295495
5-Mar-12,6.10,6.40,5.92,5.98,827491
2-Mar-12,6.51,6.70,6.00,6.00,1009706
1-Mar-12,7.10,7.40,7.02,7.09,295941
29-Feb-12,7.80,7.82,7.21,7.28,251204
28-Feb-12,7.83,7.96,7.69,7.79,187157
27-Feb-12,7.92,8.03,7.63,7.80,258928
24-Feb-12,7.98,8.20,7.53,8.07,297172
23-Feb-12,8.29,8.47,7.91,8.02,778229
22-Feb-12,8.76,8.79,8.55,8.58,91471
21-Feb-12,8.57,8.97,8.55,8.77,233552
17-Feb-12,8.50,8.55,8.42,8.53,89724
16-Feb-12,8.50,8.54,8.37,8.50,63717
15-Feb-12,8.51,8.63,8.43,8.50,121380
14-Feb-12,8.52,8.55,8.46,8.50,63615
13-Feb-12,8.50,8.70,8.50,8.57,110321
10-Feb-12,8.36,8.55,8.25,8.50,75636
9-Feb-12,8.40,8.40,8.40,8.40,0
8-Feb-12,8.22,8.59,8.03,8.27,283336
7-Feb-12,8.39,8.39,8.12,8.17,64344
6-Feb-12,8.09,8.37,7.89,8.30,193794
3-Feb-12,8.14,8.21,7.91,8.16,100145
2-Feb-12,7.94,8.13,7.83,8.04,129433
1-Feb-12,8.12,8.12,7.85,7.94,64315
31-Jan-12,8.09,8.23,7.90,8.04,121154
30-Jan-12,8.05,8.05,8.05,8.05,0
27-Jan-12,7.97,8.20,7.82,8.00,118703
26-Jan-12,8.22,8.25,7.90,7.97,95952
25-Jan-12,8.29,8.37,8.10,8.21,80252
24-Jan-12,8.45,8.52,8.25,8.29,137336
23-Jan-12,8.48,8.70,8.39,8.49,334915
20-Jan-12,8.67,9.02,8.06,8.45,784332
19-Jan-12,7.05,8.91,7.05,8.73,988872
18-Jan-12,6.91,7.09,6.91,6.99,201236
17-Jan-12,6.80,6.95,6.79,6.94,350418
13-Jan-12,6.80,6.80,6.80,6.80,0
12-Jan-12,6.85,6.85,6.85,6.85,0
11-Jan-12,6.83,6.94,6.76,6.80,218241
10-Jan-12,6.84,6.84,6.84,6.84,0
9-Jan-12,6.98,6.98,6.62,6.75,419411
6-Jan-12,6.88,6.88,6.88,6.88,0
5-Jan-12,7.20,7.28,7.14,7.22,104135
4-Jan-12,7.24,7.37,7.00,7.22,1311936
3-Jan-12,7.22,7.22,7.22,7.22,0
30-Dec-11,6.92,6.92,6.92,6.92,0
29-Dec-11,6.77,6.77,6.77,6.77,0
28-Dec-11,6.69,6.80,6.59,6.73,89303
27-Dec-11,6.80,6.96,6.64,6.70,260002
23-Dec-11,6.78,6.78,6.78,6.78,0
22-Dec-11,6.93,6.93,6.93,6.93,0
21-Dec-11,6.98,7.04,6.70,6.83,512888
20-Dec-11,6.98,7.10,6.91,7.01,447692
19-Dec-11,6.99,7.09,6.84,6.89,743783
16-Dec-11,6.99,7.08,6.87,6.92,698529
15-Dec-11,7.00,7.20,6.92,6.97,215871
14-Dec-11,7.03,7.03,7.03,7.03,0
13-Dec-11,6.70,7.14,6.70,6.93,609728
12-Dec-11,6.54,6.75,6.45,6.68,170808
9-Dec-11,6.68,6.88,6.53,6.65,203400
8-Dec-11,6.69,6.84,6.57,6.61,272492
7-Dec-11,6.65,6.89,6.13,6.77,94518
6-Dec-11,6.75,6.88,6.63,6.69,93854
5-Dec-11,6.93,6.93,6.59,6.78,418002
2-Dec-11,6.83,7.13,6.36,6.85,778625
1-Dec-11,6.29,6.45,6.29,6.44,129796
30-Nov-11,6.25,6.34,6.06,6.31,173768
29-Nov-11,6.06,6.19,5.96,6.05,243671
28-Nov-11,5.91,6.13,5.90,6.06,279539
25-Nov-11,5.85,5.99,5.64,5.85,246785
23-Nov-11,5.81,5.81,5.81,5.81,0
22-Nov-11,7.50,7.80,5.28,6.05,959609
21-Nov-11,7.43,7.99,7.41,7.85,338228
18-Nov-11,7.53,7.78,7.41,7.55,270937
17-Nov-11,7.39,7.76,7.29,7.45,262358
16-Nov-11,7.42,7.72,7.36,7.41,174705
15-Nov-11,7.56,7.75,7.42,7.46,89229
14-Nov-11,7.93,8.05,7.57,7.66,171404
11-Nov-11,8.00,8.05,7.84,8.00,98581
10-Nov-11,8.01,8.20,7.29,7.96,297741
9-Nov-11,7.87,8.30,7.22,8.10,480811
8-Nov-11,8.09,8.16,7.65,8.05,361170
7-Nov-11,7.82,8.41,7.82,8.05,458782
4-Nov-11,7.70,7.96,7.51,7.84,349579
3-Nov-11,7.97,8.52,7.58,7.73,519411
2-Nov-11,7.40,7.40,7.40,7.40,0
1-Nov-11,7.22,7.46,6.82,6.87,326411
31-Oct-11,7.57,7.57,7.57,7.57,0
28-Oct-11,7.95,8.00,7.81,7.89,145150
27-Oct-11,7.90,7.90,7.90,7.90,0
26-Oct-11,8.33,8.50,7.83,8.00,609986
25-Oct-11,7.76,8.32,7.58,8.24,678661
24-Oct-11,7.02,7.83,6.80,7.78,642119
21-Oct-11,6.78,7.08,6.78,7.07,358676
20-Oct-11,6.50,6.83,6.30,6.74,233532
19-Oct-11,6.58,6.58,6.58,6.58,0
18-Oct-11,6.45,6.81,6.30,6.73,239733
17-Oct-11,6.50,6.60,6.34,6.45,273600
14-Oct-11,6.62,6.62,6.62,6.62,0
13-Oct-11,5.91,6.48,5.91,6.40,728992
12-Oct-11,6.05,6.16,5.98,6.07,267682
11-Oct-11,6.29,6.47,5.95,6.01,264359
10-Oct-11,6.09,6.39,5.92,6.31,362899
7-Oct-11,6.32,6.34,5.90,6.01,191040
6-Oct-11,6.28,6.46,6.16,6.34,257207
5-Oct-11,6.09,6.45,5.93,6.29,363498
4-Oct-11,6.13,6.20,5.89,6.11,351326
3-Oct-11,6.85,6.85,6.17,6.18,704821
30-Sep-11,5.81,7.06,5.81,7.00,780962
29-Sep-11,6.38,6.48,5.82,5.94,649551
