Date,Open,High,Low,Close,Volume
27-Sep-12,74.50,74.76,74.22,74.60,255257
26-Sep-12,74.85,74.97,74.11,74.40,304837
25-Sep-12,75.14,75.33,74.80,74.85,345063
24-Sep-12,74.94,75.44,74.47,75.25,355909
21-Sep-12,74.84,75.49,74.40,75.18,543542
20-Sep-12,74.31,74.78,74.20,74.49,222977
19-Sep-12,75.00,75.00,74.49,74.58,298110
18-Sep-12,75.21,75.40,74.79,75.01,229039
17-Sep-12,75.22,75.50,75.13,75.40,373715
14-Sep-12,73.98,75.25,73.96,75.22,396109
13-Sep-12,73.67,74.48,73.44,74.09,980108
12-Sep-12,73.73,73.97,73.44,73.77,382782
11-Sep-12,73.22,73.66,73.08,73.55,314690
10-Sep-12,74.00,74.18,73.50,73.50,399416
7-Sep-12,73.81,74.03,73.14,74.00,401929
6-Sep-12,74.16,74.16,73.49,73.83,540140
5-Sep-12,73.79,74.01,73.58,73.71,339228
4-Sep-12,74.16,74.30,73.87,74.02,507968
31-Aug-12,73.30,74.12,73.25,74.12,731674
30-Aug-12,73.67,73.88,73.44,73.48,273049
29-Aug-12,73.70,74.19,73.63,74.01,385150
28-Aug-12,73.54,74.00,73.32,74.00,405137
27-Aug-12,73.36,73.53,73.19,73.32,259692
24-Aug-12,73.40,73.56,73.06,73.30,383484
23-Aug-12,73.66,73.66,73.18,73.38,382009
22-Aug-12,73.64,73.75,73.31,73.47,431322
21-Aug-12,73.99,74.31,73.50,74.10,913222
20-Aug-12,73.75,74.31,73.56,74.23,673258
17-Aug-12,73.50,73.73,73.23,73.73,196880
16-Aug-12,73.49,73.63,73.00,73.55,267524
15-Aug-12,73.11,73.48,73.11,73.27,132228
14-Aug-12,73.25,73.55,73.13,73.40,337234
13-Aug-12,73.29,73.50,73.15,73.50,205122
10-Aug-12,73.06,73.50,72.74,73.50,404098
9-Aug-12,72.61,73.41,72.50,73.40,374938
8-Aug-12,73.00,73.34,73.00,73.00,3361896
7-Aug-12,74.98,75.60,73.50,73.50,674028
6-Aug-12,75.54,76.39,75.32,76.13,49276
3-Aug-12,76.61,76.61,75.41,75.54,76757
2-Aug-12,76.02,76.60,75.36,75.52,408480
1-Aug-12,77.28,77.28,76.31,76.45,386925
31-Jul-12,77.71,78.05,76.61,76.65,470032
30-Jul-12,77.84,78.08,77.50,77.86,210844
27-Jul-12,78.04,78.22,77.38,77.63,343075
26-Jul-12,78.65,79.12,77.64,78.45,368935
25-Jul-12,78.14,78.69,77.32,77.87,234915
24-Jul-12,78.89,79.17,77.72,78.08,299264
23-Jul-12,79.38,79.41,78.46,78.61,277777
20-Jul-12,80.20,80.94,79.78,79.78,389372
19-Jul-12,79.98,80.78,79.35,80.50,278692
18-Jul-12,79.70,80.28,79.35,79.49,307551
17-Jul-12,79.75,80.24,79.12,79.93,404197
16-Jul-12,79.01,79.71,79.00,79.50,295272
13-Jul-12,78.86,79.55,78.86,79.24,262117
12-Jul-12,78.57,79.01,78.18,78.82,361419
11-Jul-12,78.81,78.86,78.01,78.60,349356
10-Jul-12,77.81,79.07,77.39,78.81,596435
9-Jul-12,76.60,77.60,76.21,77.51,334024
6-Jul-12,76.12,76.77,75.58,76.57,230555
5-Jul-12,76.20,76.71,75.73,76.65,266845
3-Jul-12,75.95,76.26,75.29,76.25,194574
2-Jul-12,73.76,75.99,72.57,75.80,426405
29-Jun-12,72.57,73.47,72.10,73.42,321724
28-Jun-12,70.78,71.62,70.39,71.61,350027
27-Jun-12,70.38,71.55,70.31,71.16,273610
26-Jun-12,69.49,70.65,69.49,70.40,251118
25-Jun-12,70.42,70.42,69.01,69.34,338514
22-Jun-12,70.09,70.76,69.81,70.68,237676
21-Jun-12,71.23,71.43,70.00,70.11,266275
20-Jun-12,71.60,71.67,70.71,70.96,216826
19-Jun-12,69.92,71.60,69.84,71.39,269326
18-Jun-12,69.69,69.92,69.36,69.77,274882
15-Jun-12,70.31,70.76,69.59,69.83,502665
14-Jun-12,69.87,70.66,69.87,70.45,245522
13-Jun-12,70.29,70.80,70.11,70.33,203424
12-Jun-12,70.37,70.59,69.76,70.36,272424
11-Jun-12,70.68,70.74,70.01,70.48,281322
8-Jun-12,70.69,70.84,69.87,70.30,291986
7-Jun-12,70.46,70.97,70.26,70.51,326762
6-Jun-12,68.94,70.18,68.94,70.01,517603
5-Jun-12,68.84,68.84,68.00,68.52,870899
4-Jun-12,70.00,70.01,68.27,69.17,681643
1-Jun-12,70.74,70.85,69.08,69.90,351234
31-May-12,71.72,71.87,70.80,71.03,426655
30-May-12,72.92,72.92,71.56,71.71,240328
29-May-12,72.81,73.33,72.47,73.16,387667
25-May-12,71.62,72.70,71.11,72.62,338849
24-May-12,72.00,72.28,71.11,71.87,233284
23-May-12,72.15,72.15,70.67,71.73,309880
22-May-12,71.07,72.40,70.90,71.93,381569
21-May-12,68.79,71.17,68.72,70.85,326987
18-May-12,70.27,70.48,68.66,68.78,428045
17-May-12,70.66,70.97,70.17,70.20,300262
16-May-12,71.25,71.93,70.66,70.71,537398
15-May-12,71.49,71.98,71.08,71.49,358005
14-May-12,72.19,72.19,71.18,71.39,259703
11-May-12,72.07,72.43,71.66,72.40,406884
10-May-12,71.78,72.48,71.60,72.26,301077
9-May-12,72.10,72.27,71.13,71.39,396260
8-May-12,72.35,72.51,71.89,72.38,384078
7-May-12,73.05,73.42,72.16,72.58,274607
4-May-12,73.13,73.26,72.61,73.19,303643
3-May-12,74.43,74.88,73.27,73.51,335553
2-May-12,75.00,75.32,74.20,74.33,341188
1-May-12,76.20,76.20,75.08,75.16,333563
30-Apr-12,75.97,76.16,75.08,76.13,560637
27-Apr-12,74.76,76.02,74.46,75.65,320340
26-Apr-12,74.68,75.07,74.13,74.66,416167
25-Apr-12,76.62,76.62,75.20,75.42,293891
24-Apr-12,76.59,76.72,76.23,76.30,248129
23-Apr-12,75.17,76.29,74.93,76.28,368411
20-Apr-12,75.26,75.81,74.93,75.66,304911
19-Apr-12,74.80,75.43,74.52,74.79,526662
18-Apr-12,73.98,74.63,73.60,74.63,417736
17-Apr-12,74.11,74.42,73.68,73.98,299590
16-Apr-12,73.81,73.86,73.26,73.77,286000
13-Apr-12,73.40,73.82,73.21,73.63,262404
12-Apr-12,72.62,73.64,72.62,73.48,352053
11-Apr-12,72.85,73.09,72.56,72.76,379336
10-Apr-12,74.10,74.10,72.12,72.27,352796
9-Apr-12,74.50,74.58,74.00,74.10,255252
5-Apr-12,74.93,75.09,74.76,74.84,207335
4-Apr-12,75.24,75.45,74.70,74.98,386197
3-Apr-12,75.10,75.54,74.90,75.52,687765
2-Apr-12,74.24,75.29,74.24,75.10,642088
30-Mar-12,74.87,74.93,74.44,74.63,467293
29-Mar-12,74.80,74.80,73.80,74.68,501291
28-Mar-12,75.74,75.98,74.60,75.08,337571
27-Mar-12,75.52,76.22,75.46,76.00,196135
26-Mar-12,75.94,76.21,75.52,75.75,221284
23-Mar-12,75.52,76.15,75.52,75.67,263423
22-Mar-12,75.87,76.54,75.55,75.80,186828
21-Mar-12,76.80,76.80,75.97,76.31,274923
20-Mar-12,76.61,76.90,76.50,76.80,399867
19-Mar-12,76.00,76.84,75.99,76.79,330826
16-Mar-12,76.57,76.59,75.50,75.92,620745
15-Mar-12,77.02,77.02,76.03,76.35,470313
14-Mar-12,77.95,78.20,77.11,77.18,438971
13-Mar-12,78.81,79.14,77.08,78.12,673894
12-Mar-12,79.38,79.38,78.75,79.05,264844
9-Mar-12,78.91,79.63,78.62,79.09,319963
8-Mar-12,79.34,79.72,79.03,79.03,326464
7-Mar-12,78.72,79.59,78.60,79.27,323181
6-Mar-12,79.52,79.81,78.39,78.68,281891
5-Mar-12,80.50,80.68,79.91,80.21,342282
2-Mar-12,81.75,81.86,80.49,80.68,330692
1-Mar-12,80.44,81.93,80.23,81.67,446565
29-Feb-12,80.00,80.41,79.86,80.17,634391
28-Feb-12,80.90,80.96,79.64,80.00,253919
27-Feb-12,81.55,81.63,80.65,80.80,301325
24-Feb-12,80.80,81.66,80.72,81.65,248101
23-Feb-12,80.29,80.95,80.25,80.86,243672
22-Feb-12,80.54,80.93,79.35,80.54,319276
21-Feb-12,79.78,80.50,79.73,80.46,245326
17-Feb-12,79.66,80.53,79.22,79.91,281625
16-Feb-12,79.10,79.75,78.90,79.57,361208
15-Feb-12,79.39,79.53,78.90,79.23,298254
14-Feb-12,79.58,79.98,79.12,79.25,175210
13-Feb-12,79.00,79.36,78.76,79.33,191392
10-Feb-12,79.12,79.32,78.28,78.92,209507
9-Feb-12,78.75,79.98,78.55,79.72,294053
8-Feb-12,77.89,78.78,77.89,78.58,165282
7-Feb-12,77.90,78.24,77.59,77.99,213154
6-Feb-12,77.25,78.12,77.07,77.86,197187
3-Feb-12,77.58,77.58,77.02,77.25,236389
2-Feb-12,77.60,78.05,76.87,77.02,317061
1-Feb-12,77.72,78.25,77.28,77.83,267913
31-Jan-12,77.21,77.31,76.87,76.95,213471
30-Jan-12,76.73,76.95,76.53,76.90,214067
27-Jan-12,78.22,78.22,76.40,76.80,401844
26-Jan-12,80.81,80.82,79.71,79.87,435192
25-Jan-12,78.62,80.44,78.62,80.27,364410
24-Jan-12,78.91,79.09,78.15,78.37,305938
23-Jan-12,78.41,79.41,78.41,78.98,358088
20-Jan-12,77.48,78.25,77.48,78.00,392705
19-Jan-12,77.50,78.33,77.37,77.90,514861
18-Jan-12,77.34,77.82,77.05,77.58,600285
17-Jan-12,76.41,77.31,76.41,77.25,440183
13-Jan-12,76.08,76.08,76.08,76.08,0
12-Jan-12,76.63,77.19,75.90,76.16,398082
11-Jan-12,77.20,77.27,76.39,76.79,275127
10-Jan-12,77.38,78.00,76.88,77.20,327331
9-Jan-12,78.01,78.23,77.01,77.61,328387
6-Jan-12,79.00,79.24,77.07,78.27,381840
5-Jan-12,78.45,79.10,78.42,79.02,408703
4-Jan-12,78.19,79.89,78.19,78.38,514104
3-Jan-12,78.67,79.75,78.31,78.55,432195
30-Dec-11,78.52,78.52,78.52,78.52,0
29-Dec-11,77.49,78.57,77.45,78.26,260021
28-Dec-11,77.44,78.08,76.93,77.95,260453
27-Dec-11,77.26,77.59,76.70,77.44,225881
23-Dec-11,77.12,77.12,77.12,77.12,0
22-Dec-11,75.20,75.74,74.97,75.25,252002
21-Dec-11,74.55,75.21,74.33,75.21,229069
20-Dec-11,74.80,75.00,74.15,74.56,412919
19-Dec-11,73.32,73.89,72.87,73.76,302660
16-Dec-11,72.73,73.42,72.62,72.71,439352
15-Dec-11,72.35,72.62,72.03,72.30,243740
14-Dec-11,71.50,71.98,71.27,71.82,202622
13-Dec-11,72.50,73.37,71.79,71.80,293755
12-Dec-11,71.23,72.39,71.23,72.38,370308
9-Dec-11,71.32,72.13,71.32,71.90,360693
8-Dec-11,71.66,71.75,70.78,71.34,397229
7-Dec-11,71.13,71.92,71.00,71.75,133994
6-Dec-11,71.50,71.78,70.52,71.40,173914
5-Dec-11,71.80,72.02,71.36,71.42,247896
2-Dec-11,71.06,71.77,71.00,71.49,385739
1-Dec-11,70.85,71.08,70.57,70.98,283598
30-Nov-11,71.20,71.42,70.25,70.77,301620
29-Nov-11,69.77,70.34,69.77,70.20,216698
28-Nov-11,70.75,70.75,69.44,69.87,303100
25-Nov-11,67.12,69.56,67.12,69.56,375395
23-Nov-11,67.36,67.36,67.36,67.36,0
22-Nov-11,67.25,68.07,67.23,67.61,233479
21-Nov-11,68.74,68.74,67.27,67.29,280396
18-Nov-11,68.60,68.92,68.43,68.90,229423
17-Nov-11,67.82,68.63,67.74,68.51,273487
16-Nov-11,67.11,68.28,66.94,68.06,320114
15-Nov-11,66.42,67.61,66.42,67.60,280295
14-Nov-11,67.60,67.75,66.53,66.92,319405
11-Nov-11,67.50,67.50,66.72,67.15,193529
10-Nov-11,66.40,67.07,65.71,67.07,175071
9-Nov-11,66.36,66.80,65.86,65.94,255486
8-Nov-11,67.21,67.59,66.66,67.15,210171
7-Nov-11,66.58,67.09,66.23,67.07,209586
4-Nov-11,66.39,66.96,66.00,66.96,124043
3-Nov-11,65.64,66.58,65.21,66.48,294320
2-Nov-11,65.42,65.69,64.85,65.25,242317
1-Nov-11,65.02,65.44,64.53,65.07,345257
31-Oct-11,66.30,66.83,65.97,66.24,177496
28-Oct-11,66.44,66.94,66.18,66.58,175599
27-Oct-11,68.57,68.58,66.69,66.89,351237
26-Oct-11,67.41,67.54,66.76,67.54,258330
25-Oct-11,67.48,67.48,66.38,66.60,341674
24-Oct-11,67.60,67.95,67.11,67.69,368052
21-Oct-11,68.30,68.63,67.38,67.50,385182
20-Oct-11,66.23,67.62,66.07,67.62,369343
19-Oct-11,66.93,67.50,66.05,66.23,303174
18-Oct-11,65.99,66.76,65.58,66.71,856173
17-Oct-11,64.42,66.07,64.17,65.76,1280680
14-Oct-11,62.36,62.47,62.02,62.46,195928
13-Oct-11,61.70,61.96,61.51,61.75,223161
12-Oct-11,62.00,62.57,61.72,61.72,216429
11-Oct-11,60.50,61.83,60.50,61.82,303974
10-Oct-11,60.88,61.54,60.24,60.71,289334
7-Oct-11,60.81,61.00,60.11,60.22,166039
6-Oct-11,59.84,61.12,58.92,60.67,248789
5-Oct-11,57.93,60.40,57.30,60.03,518962
4-Oct-11,57.50,57.93,55.81,57.93,408060
3-Oct-11,58.19,59.13,57.77,57.99,279888
30-Sep-11,58.76,59.32,58.66,58.69,223553
