Date,Open,High,Low,Close,Volume
26-Sep-12,4.17,4.27,4.00,4.22,62179
25-Sep-12,4.35,4.40,4.03,4.19,106752
24-Sep-12,4.45,4.49,4.22,4.29,38849
21-Sep-12,4.63,4.70,4.48,4.57,112788
20-Sep-12,4.63,4.63,4.48,4.51,61907
19-Sep-12,4.55,4.72,4.48,4.66,56590
18-Sep-12,4.56,4.70,4.50,4.53,59135
17-Sep-12,4.58,4.63,4.50,4.55,44586
14-Sep-12,4.40,4.63,4.40,4.56,99651
13-Sep-12,3.96,4.35,3.85,4.32,126801
12-Sep-12,4.05,4.23,3.85,3.96,75860
11-Sep-12,4.05,4.09,3.98,4.00,47312
10-Sep-12,4.03,4.20,3.97,3.98,81259
7-Sep-12,4.00,4.09,3.76,3.95,79700
6-Sep-12,3.89,4.02,3.82,3.86,59562
5-Sep-12,3.88,3.89,3.74,3.83,50068
4-Sep-12,3.65,3.88,3.54,3.87,132116
31-Aug-12,3.41,3.64,3.40,3.55,99848
30-Aug-12,3.50,3.54,3.36,3.38,38115
29-Aug-12,3.59,3.59,3.47,3.51,49766
28-Aug-12,3.61,3.64,3.58,3.58,12646
27-Aug-12,3.56,3.65,3.56,3.61,21600
24-Aug-12,3.64,3.66,3.53,3.54,53853
23-Aug-12,3.72,3.80,3.61,3.63,57157
22-Aug-12,3.78,3.82,3.57,3.67,85922
21-Aug-12,3.61,3.85,3.59,3.76,84745
20-Aug-12,3.37,3.51,3.23,3.50,102837
17-Aug-12,3.37,3.37,3.33,3.37,42395
16-Aug-12,3.25,3.36,3.23,3.33,50760
15-Aug-12,3.27,3.29,3.23,3.26,40625
14-Aug-12,3.27,3.28,3.25,3.26,29730
13-Aug-12,3.30,3.40,3.23,3.27,37328
10-Aug-12,3.41,3.47,3.21,3.27,82314
9-Aug-12,3.64,3.66,3.38,3.41,113170
8-Aug-12,4.03,4.06,3.63,3.65,186145
7-Aug-12,4.23,4.38,4.23,4.34,37178
6-Aug-12,4.16,4.40,4.16,4.33,41154
3-Aug-12,4.11,4.21,4.10,4.12,21201
2-Aug-12,4.15,4.28,4.02,4.02,25970
1-Aug-12,4.10,4.29,4.01,4.20,29285
31-Jul-12,4.38,4.44,4.12,4.14,26702
30-Jul-12,4.20,4.40,4.20,4.35,28003
27-Jul-12,4.17,4.26,4.07,4.20,37060
26-Jul-12,4.15,4.19,4.01,4.13,48938
25-Jul-12,4.02,4.15,3.97,4.12,34885
24-Jul-12,4.02,4.03,3.88,3.92,30904
23-Jul-12,3.97,4.04,3.92,4.00,16171
20-Jul-12,4.00,4.04,4.00,4.02,8925
19-Jul-12,3.99,4.09,3.99,4.01,32500
18-Jul-12,4.05,4.05,3.95,3.97,60720
17-Jul-12,4.25,4.26,4.03,4.09,55767
16-Jul-12,4.19,4.29,4.18,4.21,38450
13-Jul-12,4.24,4.32,4.14,4.20,48595
12-Jul-12,4.22,4.28,4.09,4.19,73029
11-Jul-12,4.22,4.30,4.16,4.30,33400
10-Jul-12,4.49,4.58,4.16,4.19,46537
9-Jul-12,4.46,4.52,4.43,4.46,25480
6-Jul-12,4.60,4.60,4.28,4.47,84712
5-Jul-12,4.77,4.79,4.61,4.64,51621
3-Jul-12,4.62,4.79,4.57,4.77,39663
2-Jul-12,4.38,4.53,4.30,4.51,36306
29-Jun-12,4.47,4.49,4.33,4.41,67333
28-Jun-12,4.27,4.30,4.10,4.13,80727
27-Jun-12,4.36,4.41,4.29,4.31,92302
26-Jun-12,4.51,4.54,4.36,4.38,51875
25-Jun-12,4.45,4.59,4.45,4.56,61705
22-Jun-12,4.57,4.67,4.48,4.52,63768
21-Jun-12,4.87,4.89,4.55,4.58,70540
20-Jun-12,4.85,5.17,4.78,4.98,43523
19-Jun-12,4.98,5.02,4.86,4.88,42763
18-Jun-12,4.82,5.04,4.80,4.97,46939
15-Jun-12,4.96,4.97,4.81,4.90,103117
14-Jun-12,5.06,5.09,4.88,4.88,48708
13-Jun-12,5.19,5.31,4.93,5.02,57028
12-Jun-12,5.02,5.20,4.95,5.15,61495
11-Jun-12,5.08,5.12,4.89,4.92,46032
8-Jun-12,4.82,5.08,4.82,5.04,34554
7-Jun-12,5.22,5.22,4.91,4.93,39922
6-Jun-12,5.48,5.57,5.12,5.16,67412
5-Jun-12,5.10,5.34,5.05,5.30,48459
4-Jun-12,5.13,5.22,4.92,5.13,51640
1-Jun-12,4.73,5.27,4.73,5.11,89871
31-May-12,4.91,4.99,4.49,4.60,38508
30-May-12,4.79,4.96,4.67,4.88,36700
29-May-12,5.22,5.22,4.87,4.93,31079
25-May-12,5.06,5.19,5.00,5.16,55162
24-May-12,5.09,5.19,4.91,5.06,83299
23-May-12,4.71,5.03,4.66,5.02,127341
22-May-12,4.89,4.90,4.74,4.80,90425
21-May-12,4.77,4.92,4.75,4.86,58872
18-May-12,4.60,4.93,4.56,4.71,121510
17-May-12,4.42,4.74,4.28,4.56,100097
16-May-12,4.53,4.59,4.23,4.32,147717
15-May-12,5.05,5.09,4.48,4.57,181738
14-May-12,5.30,5.31,4.99,5.03,74452
11-May-12,5.42,5.58,5.33,5.38,42802
10-May-12,5.55,5.65,5.47,5.51,31882
9-May-12,5.47,5.67,5.32,5.46,234816
8-May-12,5.75,5.75,5.52,5.57,225551
7-May-12,6.02,6.09,5.88,5.88,48230
4-May-12,5.99,6.13,5.97,6.04,38991
3-May-12,6.13,6.13,5.91,6.02,47502
2-May-12,6.41,6.41,6.16,6.20,39551
1-May-12,6.43,6.60,6.41,6.49,49589
30-Apr-12,6.33,6.56,6.27,6.39,65460
27-Apr-12,6.46,6.58,6.33,6.36,54866
26-Apr-12,6.12,6.40,6.11,6.40,48611
25-Apr-12,6.03,6.14,5.91,6.08,65507
24-Apr-12,6.12,6.18,5.96,5.98,33430
23-Apr-12,6.00,6.17,5.85,6.08,48175
20-Apr-12,6.28,6.42,6.07,6.14,56404
19-Apr-12,6.50,6.61,6.27,6.27,42148
18-Apr-12,6.55,6.57,6.39,6.50,30611
17-Apr-12,6.40,6.67,6.37,6.56,32117
16-Apr-12,6.50,6.64,6.28,6.35,32850
13-Apr-12,6.68,6.68,6.49,6.50,35816
12-Apr-12,6.26,6.80,6.25,6.75,95776
11-Apr-12,6.47,6.62,6.29,6.29,64331
10-Apr-12,6.48,6.61,6.12,6.47,129496
9-Apr-12,6.58,6.73,6.44,6.48,46678
5-Apr-12,6.81,6.82,6.56,6.56,26341
4-Apr-12,7.02,7.02,6.62,6.80,74348
3-Apr-12,7.32,7.32,7.05,7.19,57396
2-Apr-12,6.96,7.39,6.95,7.29,64683
30-Mar-12,7.05,7.08,6.78,6.98,67091
29-Mar-12,6.96,6.99,6.69,6.94,96558
28-Mar-12,7.29,7.29,7.00,7.15,63632
27-Mar-12,7.54,7.60,7.25,7.29,58421
26-Mar-12,7.24,7.58,7.21,7.46,99018
23-Mar-12,6.94,7.21,6.94,7.05,63015
22-Mar-12,6.81,6.99,6.79,6.91,48110
21-Mar-12,7.08,7.12,6.94,6.99,43898
20-Mar-12,6.88,7.03,6.80,7.03,43845
19-Mar-12,7.11,7.20,6.92,6.95,39436
16-Mar-12,7.16,7.24,7.00,7.05,413104
15-Mar-12,7.13,7.28,7.04,7.16,27295
14-Mar-12,7.26,7.30,7.00,7.10,48061
13-Mar-12,7.28,7.45,7.25,7.37,45897
12-Mar-12,7.48,7.48,7.16,7.29,68118
9-Mar-12,7.55,7.88,7.48,7.64,39889
8-Mar-12,7.38,7.65,7.30,7.54,29623
7-Mar-12,7.20,7.44,7.12,7.30,46570
6-Mar-12,7.32,7.32,7.03,7.19,68562
5-Mar-12,7.69,7.70,7.44,7.48,57380
2-Mar-12,7.91,8.02,7.71,7.77,45234
1-Mar-12,8.01,8.17,7.86,7.98,40086
29-Feb-12,8.32,8.47,7.66,8.02,140473
28-Feb-12,8.23,8.43,8.15,8.31,63601
27-Feb-12,8.05,8.22,7.91,8.11,43564
24-Feb-12,8.07,8.23,7.99,8.06,33535
23-Feb-12,7.94,8.23,7.89,8.10,88220
22-Feb-12,7.96,7.99,7.75,7.89,76229
21-Feb-12,7.82,7.97,7.78,7.94,144389
17-Feb-12,7.74,7.75,7.56,7.70,31921
16-Feb-12,7.68,7.77,7.51,7.69,81591
15-Feb-12,7.35,7.67,7.33,7.52,98468
14-Feb-12,7.17,7.27,7.13,7.22,57295
13-Feb-12,7.25,7.25,7.05,7.07,36225
10-Feb-12,7.25,7.25,6.97,7.18,75469
9-Feb-12,7.45,7.58,7.30,7.35,48059
8-Feb-12,7.46,7.64,7.34,7.41,45583
7-Feb-12,7.43,7.59,7.27,7.52,56343
6-Feb-12,7.60,7.60,7.30,7.37,49224
3-Feb-12,7.78,7.78,7.55,7.60,49770
2-Feb-12,7.79,7.85,7.70,7.81,76467
1-Feb-12,7.77,7.81,7.69,7.75,46355
31-Jan-12,7.85,7.85,7.60,7.66,54522
30-Jan-12,7.70,7.76,7.56,7.72,77523
27-Jan-12,7.53,7.81,7.51,7.74,88825
26-Jan-12,7.55,7.69,7.28,7.41,110820
25-Jan-12,6.91,7.45,6.84,7.40,188725
24-Jan-12,6.82,7.00,6.68,6.89,37801
23-Jan-12,6.78,7.09,6.78,6.89,73245
20-Jan-12,6.26,6.67,6.25,6.66,64972
19-Jan-12,6.37,6.48,6.27,6.29,33038
18-Jan-12,6.43,6.50,6.39,6.39,43035
17-Jan-12,6.68,6.72,6.42,6.47,32558
13-Jan-12,6.59,6.59,6.59,6.59,0
12-Jan-12,6.78,6.81,6.63,6.72,46621
11-Jan-12,6.65,6.69,6.56,6.64,45734
10-Jan-12,6.78,6.79,6.62,6.66,49465
9-Jan-12,6.61,6.77,6.54,6.58,33894
6-Jan-12,6.86,6.87,6.59,6.59,36918
5-Jan-12,6.78,6.97,6.65,6.86,85336
4-Jan-12,6.88,7.03,6.82,6.88,97685
3-Jan-12,7.13,7.13,6.73,6.88,84212
30-Dec-11,6.52,6.87,6.52,6.81,56532
29-Dec-11,6.11,6.47,6.11,6.46,59167
28-Dec-11,6.51,6.51,6.13,6.16,72760
27-Dec-11,6.61,6.62,6.46,6.53,32880
23-Dec-11,6.67,6.67,6.67,6.67,0
22-Dec-11,6.93,6.99,6.57,6.57,135954
21-Dec-11,7.11,7.23,6.93,7.05,54013
20-Dec-11,6.97,7.18,6.95,7.09,71823
19-Dec-11,7.29,7.42,6.71,6.72,103900
16-Dec-11,6.88,7.95,6.88,7.50,1162269
15-Dec-11,6.75,6.81,6.54,6.71,153284
14-Dec-11,6.75,6.80,6.41,6.68,82825
13-Dec-11,7.58,7.62,6.84,7.03,108203
12-Dec-11,7.25,7.72,7.23,7.62,211667
9-Dec-11,6.91,7.25,6.91,7.22,49699
8-Dec-11,6.94,6.97,6.70,6.89,34452
7-Dec-11,6.95,7.03,6.86,6.96,36598
6-Dec-11,6.71,7.03,6.52,6.93,27068
5-Dec-11,6.85,7.08,6.69,6.76,22823
2-Dec-11,6.90,7.10,6.74,6.84,43249
1-Dec-11,6.77,6.90,6.77,6.84,22251
30-Nov-11,6.69,6.89,6.58,6.77,55521
29-Nov-11,6.29,6.51,6.18,6.34,51327
28-Nov-11,6.53,6.71,6.49,6.56,45019
25-Nov-11,6.21,6.41,6.19,6.22,14277
23-Nov-11,6.25,6.25,6.25,6.25,0
22-Nov-11,6.35,6.61,6.29,6.53,56780
21-Nov-11,6.50,6.50,6.07,6.28,85869
18-Nov-11,6.91,6.91,6.59,6.67,55715
17-Nov-11,6.98,6.98,6.61,6.70,44571
16-Nov-11,7.09,7.22,7.00,7.04,43123
15-Nov-11,7.15,7.30,7.11,7.19,29850
14-Nov-11,7.15,7.23,7.00,7.15,42817
11-Nov-11,7.25,7.38,7.09,7.14,96925
10-Nov-11,7.45,7.45,7.07,7.17,73777
9-Nov-11,7.74,7.82,7.28,7.38,115997
8-Nov-11,7.89,8.00,7.78,7.91,60075
7-Nov-11,8.02,8.12,7.79,7.94,69532
4-Nov-11,7.65,7.96,7.61,7.86,49617
3-Nov-11,7.81,7.83,7.52,7.75,39078
2-Nov-11,7.33,7.67,7.33,7.63,60865
1-Nov-11,7.32,7.54,7.08,7.21,134310
31-Oct-11,7.94,8.07,7.66,7.66,137506
28-Oct-11,7.99,8.15,7.95,8.07,62681
27-Oct-11,7.98,8.19,7.91,7.96,94826
26-Oct-11,7.80,7.82,7.56,7.71,89165
25-Oct-11,7.50,7.77,7.24,7.66,102725
24-Oct-11,7.12,7.49,7.11,7.47,85490
21-Oct-11,7.22,7.34,7.02,7.02,54292
20-Oct-11,6.98,7.19,6.69,7.03,55910
19-Oct-11,7.24,7.47,7.03,7.06,44181
18-Oct-11,7.00,7.51,6.86,7.35,130352
17-Oct-11,7.48,7.48,7.08,7.12,87569
14-Oct-11,7.40,7.54,7.29,7.39,28129
13-Oct-11,7.27,7.29,7.07,7.27,20979
12-Oct-11,7.35,7.63,7.29,7.35,56449
11-Oct-11,7.16,7.32,6.99,7.20,48600
10-Oct-11,7.03,7.20,6.96,7.19,49989
7-Oct-11,7.11,7.16,6.76,6.82,137227
6-Oct-11,6.53,7.09,6.52,7.03,156645
5-Oct-11,6.25,6.50,5.96,6.46,72906
4-Oct-11,6.30,6.30,5.74,6.10,165735
3-Oct-11,6.93,7.03,6.38,6.42,221950
30-Sep-11,6.57,6.87,6.44,6.78,146095
29-Sep-11,6.85,6.92,6.41,6.61,111670
