Date,Open,High,Low,Close,Volume
26-Sep-12,9.97,10.05,9.78,10.00,22002526
25-Sep-12,10.20,10.28,9.94,9.98,20250287
24-Sep-12,10.34,10.36,10.13,10.16,23651981
21-Sep-12,10.52,10.56,10.35,10.35,9775772
20-Sep-12,10.42,10.50,10.31,10.50,3074015
19-Sep-12,10.60,10.61,10.42,10.44,5706635
18-Sep-12,10.63,10.68,10.55,10.57,2669005
17-Sep-12,10.80,10.82,10.65,10.69,2824093
14-Sep-12,10.62,10.87,10.61,10.83,5508921
13-Sep-12,10.61,10.66,10.49,10.63,3724772
12-Sep-12,10.70,10.70,10.56,10.64,4921888
11-Sep-12,10.60,10.70,10.59,10.64,3678581
10-Sep-12,10.68,10.69,10.60,10.61,5729161
7-Sep-12,10.54,10.67,10.54,10.64,16940390
6-Sep-12,10.61,10.70,10.50,10.52,25496110
5-Sep-12,10.52,10.67,10.48,10.52,15204046
4-Sep-12,10.56,10.64,10.48,10.56,14310385
31-Aug-12,10.76,10.82,10.57,10.59,14714045
30-Aug-12,10.85,10.86,10.67,10.68,14963062
29-Aug-12,10.95,10.97,10.87,10.88,19639685
28-Aug-12,11.09,11.19,10.88,10.91,27247300
27-Aug-12,11.28,11.30,11.10,11.12,17071015
24-Aug-12,11.22,11.33,11.16,11.26,18184532
23-Aug-12,11.55,11.55,11.22,11.24,29741433
22-Aug-12,11.63,11.90,11.41,11.68,65904928
21-Aug-12,12.66,12.77,12.26,12.34,29242073
20-Aug-12,12.20,12.62,12.20,12.56,22613894
17-Aug-12,12.22,12.26,12.09,12.22,13928974
16-Aug-12,12.20,12.30,12.10,12.23,14319734
15-Aug-12,12.13,12.25,12.05,12.21,10221504
14-Aug-12,12.41,12.42,12.14,12.19,17538445
13-Aug-12,12.39,12.44,12.20,12.33,11445294
10-Aug-12,12.30,12.42,12.22,12.41,11831275
9-Aug-12,12.31,12.43,12.23,12.39,13257862
8-Aug-12,12.25,12.32,12.00,12.30,15401566
7-Aug-12,11.81,12.22,11.80,12.15,17147995
6-Aug-12,11.72,11.86,11.68,11.80,18104385
3-Aug-12,11.62,11.89,11.60,11.70,16855256
2-Aug-12,11.66,11.76,11.39,11.47,17004089
1-Aug-12,11.92,11.95,11.75,11.79,10656733
31-Jul-12,11.85,12.02,11.84,11.88,11924334
30-Jul-12,12.03,12.05,11.81,11.85,14086640
27-Jul-12,11.96,12.12,11.88,12.02,17802399
26-Jul-12,11.69,11.91,11.66,11.83,21524418
25-Jul-12,11.57,11.73,11.43,11.49,23543588
24-Jul-12,11.85,11.89,11.47,11.56,21410322
23-Jul-12,11.78,11.87,11.52,11.80,24642373
20-Jul-12,12.22,12.28,12.00,12.00,14004871
19-Jul-12,12.15,12.30,12.10,12.23,13252324
18-Jul-12,12.07,12.29,12.02,12.07,25957456
17-Jul-12,12.24,12.30,12.02,12.12,19451514
16-Jul-12,12.27,12.42,12.17,12.19,12667932
13-Jul-12,12.11,12.36,12.07,12.32,12399217
12-Jul-12,12.16,12.22,12.00,12.13,12314036
11-Jul-12,12.32,12.41,12.16,12.28,18566297
10-Jul-12,12.27,12.49,12.15,12.30,20877018
9-Jul-12,12.51,12.60,12.16,12.27,17266074
6-Jul-12,12.58,12.63,12.35,12.56,15415621
5-Jul-12,12.67,12.73,12.55,12.63,11150381
3-Jul-12,12.42,12.69,12.35,12.68,10701626
2-Jul-12,12.54,12.60,12.31,12.38,13075203
29-Jun-12,12.16,12.60,12.15,12.51,20735627
28-Jun-12,12.18,12.19,11.76,11.95,21747404
27-Jun-12,11.96,12.36,11.95,12.33,23345904
26-Jun-12,11.97,12.06,11.75,11.92,22628968
25-Jun-12,12.09,12.10,11.85,11.94,21144372
22-Jun-12,12.01,12.23,12.01,12.20,37018138
21-Jun-12,12.27,12.30,11.96,12.00,21904276
20-Jun-12,12.20,12.31,12.12,12.30,21403033
19-Jun-12,12.43,12.44,12.04,12.18,34717833
18-Jun-12,12.25,12.45,12.16,12.42,15743521
15-Jun-12,12.35,12.41,12.18,12.30,25100053
14-Jun-12,12.30,12.39,12.20,12.34,19283847
13-Jun-12,12.35,12.59,12.21,12.28,42142268
12-Jun-12,11.91,12.01,11.68,11.97,17608166
11-Jun-12,12.15,12.20,11.82,11.86,16931978
8-Jun-12,12.13,12.22,12.02,12.12,18155683
7-Jun-12,12.32,12.41,12.12,12.13,20074035
6-Jun-12,12.20,12.28,12.09,12.22,20779977
5-Jun-12,11.95,12.24,11.95,12.16,15620917
4-Jun-12,12.11,12.11,11.80,12.00,17015779
1-Jun-12,12.15,12.30,12.04,12.07,19397658
31-May-12,12.53,12.54,12.33,12.33,19955689
30-May-12,12.59,12.70,12.46,12.56,19787882
29-May-12,12.58,12.84,12.58,12.66,24174980
25-May-12,12.43,12.70,12.42,12.46,20311911
24-May-12,12.54,12.63,12.35,12.45,29707219
23-May-12,12.87,13.10,12.31,12.49,109242617
22-May-12,15.01,15.29,14.75,15.08,27540744
21-May-12,14.80,15.00,14.60,14.97,14991377
18-May-12,15.02,15.02,14.66,14.74,21887932
17-May-12,15.03,15.31,14.94,14.94,23329161
16-May-12,15.35,15.41,15.00,15.02,18569870
15-May-12,15.46,15.62,15.29,15.34,14885123
14-May-12,15.25,15.54,15.24,15.44,13875744
11-May-12,15.52,15.65,15.42,15.42,11615796
10-May-12,15.69,15.81,15.48,15.55,20608954
9-May-12,15.55,15.72,15.36,15.67,13302768
8-May-12,15.71,15.76,15.51,15.71,13159175
7-May-12,15.65,15.92,15.55,15.82,10423785
4-May-12,16.07,16.12,15.77,15.81,15351854
3-May-12,16.23,16.38,16.17,16.23,15063013
2-May-12,16.27,16.40,16.12,16.18,15642325
1-May-12,16.39,16.59,16.31,16.40,10697226
30-Apr-12,16.37,16.45,16.28,16.37,7286332
27-Apr-12,16.61,16.61,16.35,16.44,10173125
26-Apr-12,16.32,16.57,16.28,16.53,10240619
25-Apr-12,16.31,16.45,16.23,16.42,13919879
24-Apr-12,16.16,16.22,16.06,16.18,14084129
23-Apr-12,16.07,16.18,15.92,16.10,13823701
20-Apr-12,16.22,16.34,16.00,16.16,14546810
19-Apr-12,16.06,16.42,15.96,16.16,17728773
18-Apr-12,16.24,16.32,16.13,16.16,10798374
17-Apr-12,16.23,16.43,16.14,16.38,15149973
16-Apr-12,16.20,16.27,16.00,16.13,14338056
13-Apr-12,16.17,16.34,16.05,16.11,14642142
12-Apr-12,16.25,16.32,16.11,16.26,15210246
11-Apr-12,16.36,16.42,16.19,16.26,12616005
10-Apr-12,16.52,16.70,16.16,16.25,29207203
9-Apr-12,16.25,16.32,16.11,16.22,11679772
5-Apr-12,16.33,16.58,16.33,16.49,11782727
4-Apr-12,16.48,16.51,16.32,16.46,15106746
3-Apr-12,16.59,16.77,16.44,16.61,20310809
2-Apr-12,16.52,16.85,16.51,16.77,13366078
30-Mar-12,16.68,16.78,16.57,16.60,19722431
29-Mar-12,16.54,16.61,16.34,16.60,14268903
28-Mar-12,16.63,16.76,16.32,16.52,24309951
27-Mar-12,16.72,16.75,16.60,16.66,17940049
26-Mar-12,16.64,16.74,16.46,16.70,18132403
23-Mar-12,16.82,16.84,16.40,16.48,27710403
22-Mar-12,17.12,17.15,16.97,17.02,15352046
21-Mar-12,17.18,17.27,17.03,17.22,12651437
20-Mar-12,17.25,17.30,17.12,17.16,9210707
19-Mar-12,17.28,17.46,17.21,17.37,10739451
16-Mar-12,17.34,17.38,17.11,17.30,22590600
15-Mar-12,17.33,17.42,17.23,17.35,12771510
14-Mar-12,17.22,17.44,17.18,17.42,19732244
13-Mar-12,17.08,17.29,16.98,17.23,15126332
12-Mar-12,16.86,17.01,16.75,16.96,13693820
9-Mar-12,17.21,17.26,16.85,16.93,17857652
8-Mar-12,17.10,17.31,17.06,17.21,13369283
7-Mar-12,16.85,17.04,16.82,17.00,15628591
6-Mar-12,16.91,17.04,16.63,16.81,18392898
5-Mar-12,17.29,17.46,17.01,17.11,14549288
2-Mar-12,17.30,17.49,17.24,17.36,13265020
1-Mar-12,17.43,17.48,17.31,17.38,14238625
29-Feb-12,17.57,17.70,17.27,17.30,19063878
28-Feb-12,17.50,17.66,17.39,17.58,16861185
27-Feb-12,17.32,17.67,17.18,17.52,20940428
24-Feb-12,17.47,17.64,17.37,17.43,17539854
23-Feb-12,17.08,17.56,17.05,17.40,26794905
22-Feb-12,16.98,17.30,16.86,17.15,51445830
21-Feb-12,18.20,18.36,18.05,18.21,31656009
17-Feb-12,18.14,18.24,17.92,18.16,32178340
16-Feb-12,17.89,18.33,17.89,18.32,21442220
15-Feb-12,17.76,18.19,17.71,17.99,24737348
14-Feb-12,18.03,18.14,17.83,18.04,13559743
13-Feb-12,17.93,18.12,17.84,17.98,11805420
10-Feb-12,17.84,17.97,17.72,17.75,16158282
9-Feb-12,18.09,18.20,17.91,18.06,14594663
8-Feb-12,17.75,18.12,17.74,18.05,17557363
7-Feb-12,17.63,17.92,17.60,17.83,16085732
6-Feb-12,17.66,17.77,17.61,17.65,14870199
3-Feb-12,17.78,17.84,17.59,17.66,25803229
2-Feb-12,17.65,17.88,17.54,17.60,29291094
1-Feb-12,17.30,17.65,17.29,17.40,22483019
31-Jan-12,17.09,17.23,17.02,17.23,20273623
30-Jan-12,16.54,17.11,16.50,16.98,17166102
27-Jan-12,16.58,16.80,16.55,16.74,11615155
26-Jan-12,16.89,16.92,16.55,16.69,15625765
25-Jan-12,16.75,16.90,16.50,16.79,15188026
24-Jan-12,16.82,17.00,16.76,16.85,16394033
23-Jan-12,16.72,16.98,16.65,16.87,12180224
20-Jan-12,16.49,16.71,16.45,16.67,12294367
19-Jan-12,16.44,16.62,16.37,16.57,17663893
18-Jan-12,16.14,16.50,16.08,16.39,18643303
17-Jan-12,16.00,16.20,15.96,16.08,17045943
13-Jan-12,15.88,15.88,15.88,15.88,0
12-Jan-12,15.86,15.96,15.72,15.94,14138321
11-Jan-12,15.68,15.86,15.51,15.80,16333016
10-Jan-12,15.72,15.95,15.71,15.82,17036642
9-Jan-12,15.37,15.67,15.32,15.58,21813511
6-Jan-12,15.16,15.44,15.13,15.36,7131304
5-Jan-12,15.02,15.21,14.96,15.17,15587994
4-Jan-12,14.96,15.08,14.78,15.02,11012390
3-Jan-12,14.98,15.20,14.92,14.98,14532300
30-Dec-11,14.63,14.63,14.63,14.63,0
29-Dec-11,14.70,14.78,14.67,14.76,7450838
28-Dec-11,14.86,14.87,14.63,14.68,8347018
27-Dec-11,14.86,14.97,14.83,14.86,6529226
23-Dec-11,14.90,14.90,14.90,14.90,0
22-Dec-11,14.80,14.85,14.73,14.76,27024383
21-Dec-11,15.00,15.14,14.51,14.70,19184356
20-Dec-11,14.95,15.34,14.92,15.15,14838908
19-Dec-11,15.03,15.19,14.64,14.68,14961551
16-Dec-11,15.10,15.36,15.00,15.03,21286841
15-Dec-11,15.21,15.29,14.95,15.05,19056940
14-Dec-11,15.20,15.23,14.95,15.05,19268659
13-Dec-11,15.56,15.67,15.10,15.19,20617159
12-Dec-11,15.49,15.63,15.20,15.42,14880918
9-Dec-11,15.36,15.95,15.12,15.79,15822329
8-Dec-11,15.79,15.86,15.45,15.50,16449712
7-Dec-11,15.76,15.98,15.58,15.90,14382514
6-Dec-11,15.92,16.01,15.78,15.86,17417244
5-Dec-11,16.00,16.00,15.82,15.93,16651965
2-Dec-11,15.89,16.00,15.70,15.70,14972896
1-Dec-11,15.63,15.86,15.54,15.80,18000917
30-Nov-11,15.26,15.79,15.23,15.76,29382996
29-Nov-11,15.00,15.22,14.84,14.94,16647529
28-Nov-11,14.58,15.03,14.51,14.98,20926029
25-Nov-11,14.20,14.48,14.15,14.22,7123491
23-Nov-11,14.30,14.30,14.30,14.30,0
22-Nov-11,14.75,14.90,14.64,14.83,21420979
21-Nov-11,14.69,15.00,14.63,14.87,27446085
18-Nov-11,14.91,15.16,14.85,14.90,25881878
17-Nov-11,15.05,15.12,14.65,14.92,27191886
16-Nov-11,15.33,15.54,15.04,15.13,36940759
15-Nov-11,15.25,15.76,15.21,15.63,30900192
14-Nov-11,15.30,15.53,15.19,15.32,21435009
11-Nov-11,15.14,15.47,15.11,15.35,17805307
10-Nov-11,14.92,15.09,14.75,14.96,17888344
9-Nov-11,15.25,15.34,14.69,14.80,27778199
8-Nov-11,15.69,15.70,15.30,15.59,16439838
7-Nov-11,15.38,15.57,15.15,15.55,20063774
4-Nov-11,15.55,15.55,15.15,15.36,18164067
3-Nov-11,15.57,15.72,15.12,15.67,22290933
2-Nov-11,15.28,15.56,15.15,15.45,19278804
1-Nov-11,15.36,15.42,15.04,15.13,25200390
31-Oct-11,16.10,16.12,15.80,15.81,15759067
28-Oct-11,16.23,16.34,16.03,16.31,18834869
27-Oct-11,16.25,16.43,16.04,16.32,26380226
26-Oct-11,15.83,16.01,15.45,15.91,21221103
25-Oct-11,15.67,15.81,15.44,15.61,22416894
24-Oct-11,15.28,15.75,15.27,15.70,35158422
21-Oct-11,15.29,15.59,15.10,15.24,32842863
20-Oct-11,15.55,15.62,14.70,15.05,63168188
19-Oct-11,16.37,16.59,15.85,15.90,26861374
18-Oct-11,15.91,16.53,15.62,16.37,18302508
17-Oct-11,16.33,16.49,15.88,15.97,19112887
14-Oct-11,16.46,16.65,16.29,16.62,16880537
13-Oct-11,15.99,16.45,15.97,16.36,21644283
12-Oct-11,16.28,16.39,16.12,16.24,17460881
11-Oct-11,15.96,16.32,15.90,16.18,16360859
10-Oct-11,15.49,16.11,15.45,16.10,23598835
7-Oct-11,15.55,15.67,15.20,15.28,22272718
6-Oct-11,15.28,15.56,15.11,15.55,25765757
5-Oct-11,14.58,15.45,14.45,15.38,43638249
4-Oct-11,13.70,14.60,13.61,14.53,33032442
3-Oct-11,14.01,14.40,13.90,13.91,26406156
30-Sep-11,14.71,14.82,14.14,14.14,25331183
29-Sep-11,15.13,15.19,14.58,14.87,24880182
