Date,Open,High,Low,Close,Volume
27-Sep-12,47.05,47.79,46.96,47.72,2333358
26-Sep-12,47.46,47.47,46.35,46.65,3291501
25-Sep-12,48.48,48.81,47.55,47.56,2509129
24-Sep-12,48.04,48.64,48.00,48.31,1968248
21-Sep-12,48.91,48.91,48.17,48.18,2973881
20-Sep-12,48.43,48.75,48.03,48.65,2057448
19-Sep-12,48.68,48.93,48.41,48.60,2079384
18-Sep-12,48.92,49.02,48.45,48.69,2773099
17-Sep-12,49.48,49.71,49.02,49.27,2383818
14-Sep-12,49.55,50.24,49.41,49.66,2654921
13-Sep-12,48.54,49.52,47.91,49.34,2950168
12-Sep-12,48.47,48.92,48.26,48.54,2230003
11-Sep-12,48.01,48.75,48.01,48.62,2643820
10-Sep-12,48.42,48.60,47.99,48.00,2253683
7-Sep-12,47.62,48.53,47.57,48.29,3692553
6-Sep-12,46.34,47.45,46.26,47.41,3305745
5-Sep-12,46.43,46.62,45.80,45.88,2808754
4-Sep-12,46.37,46.62,45.93,46.50,1874877
31-Aug-12,46.35,46.57,46.00,46.18,2574317
30-Aug-12,46.05,46.25,45.76,46.02,1390493
29-Aug-12,46.29,46.47,46.07,46.33,1411383
28-Aug-12,46.01,46.46,45.91,46.19,1435836
27-Aug-12,46.35,46.53,46.02,46.15,1550046
24-Aug-12,45.56,46.30,45.52,46.18,2231246
23-Aug-12,45.99,46.04,45.47,45.71,1521360
22-Aug-12,46.40,46.50,45.78,46.09,1705569
21-Aug-12,46.36,46.90,46.10,46.51,3677750
20-Aug-12,45.95,46.28,45.74,46.10,2099089
17-Aug-12,45.97,46.15,45.54,46.12,726705
16-Aug-12,45.70,46.07,45.39,45.90,545673
15-Aug-12,45.22,45.89,45.13,45.64,424232
14-Aug-12,45.87,46.04,45.09,45.23,521223
13-Aug-12,45.67,45.76,45.23,45.56,597349
10-Aug-12,45.55,45.95,45.33,45.86,604048
9-Aug-12,45.13,45.91,45.11,45.70,621490
8-Aug-12,45.20,45.91,45.20,45.78,532448
7-Aug-12,45.20,45.94,45.12,45.55,677680
6-Aug-12,44.71,45.24,44.58,44.94,644089
3-Aug-12,44.04,44.96,43.88,44.58,966450
2-Aug-12,43.49,43.55,42.39,43.14,5660082
1-Aug-12,44.13,46.92,43.57,43.80,9995494
31-Jul-12,44.14,44.14,43.52,43.78,2771801
30-Jul-12,43.32,44.00,43.15,43.84,2554573
27-Jul-12,41.85,43.72,41.62,43.49,4039826
26-Jul-12,42.10,42.39,41.13,41.48,4152377
25-Jul-12,42.30,42.44,40.97,41.29,4608982
24-Jul-12,42.40,42.65,41.47,42.02,3169790
23-Jul-12,42.88,42.88,41.80,42.41,4427160
20-Jul-12,44.03,44.20,42.93,43.28,4433623
19-Jul-12,44.02,44.27,43.77,44.04,2077240
18-Jul-12,43.77,44.19,43.55,43.90,2278924
17-Jul-12,43.54,43.70,42.87,43.61,2381329
16-Jul-12,43.43,43.46,42.90,43.20,2150257
13-Jul-12,42.76,43.75,42.59,43.60,2665072
12-Jul-12,42.67,42.90,42.16,42.44,2169643
11-Jul-12,42.44,43.07,42.38,42.96,2735949
10-Jul-12,42.85,43.29,42.09,42.29,2355493
9-Jul-12,42.50,42.63,42.18,42.56,1491979
6-Jul-12,42.39,42.76,42.10,42.63,1436034
5-Jul-12,42.99,43.25,42.60,42.95,1758578
3-Jul-12,42.83,43.51,42.62,43.37,1554730
2-Jul-12,42.88,43.40,42.28,42.83,2367761
29-Jun-12,42.17,42.62,42.01,42.59,4032144
28-Jun-12,40.19,41.03,40.07,41.00,2716860
27-Jun-12,40.31,40.83,40.07,40.74,1865868
26-Jun-12,39.85,40.48,39.63,40.22,2576510
25-Jun-12,40.61,40.61,39.34,39.67,3298319
22-Jun-12,41.37,41.50,40.85,41.11,2426914
21-Jun-12,42.54,42.81,40.89,41.07,2854704
20-Jun-12,42.35,42.75,41.92,42.39,2509269
19-Jun-12,41.69,42.42,41.63,42.23,2503448
18-Jun-12,41.81,41.81,41.12,41.37,2538338
15-Jun-12,41.86,42.12,41.64,41.98,3523222
14-Jun-12,40.40,41.70,40.19,41.63,4283121
13-Jun-12,40.47,41.05,40.10,40.28,2654858
12-Jun-12,40.06,40.71,40.03,40.64,2705640
11-Jun-12,41.21,41.32,39.97,40.00,2811874
8-Jun-12,40.75,40.79,40.16,40.64,3677733
7-Jun-12,40.95,41.76,40.71,40.90,5725057
6-Jun-12,39.37,40.53,39.18,40.53,3216333
5-Jun-12,38.18,39.12,38.18,38.89,3448784
4-Jun-12,38.75,39.02,38.14,38.45,3455028
1-Jun-12,39.18,39.42,38.57,38.65,3877291
31-May-12,39.75,40.39,39.07,40.08,4551535
30-May-12,39.81,39.88,39.22,39.66,3424960
29-May-12,39.65,40.28,39.55,40.25,3289214
25-May-12,39.66,39.88,39.04,39.22,2391518
24-May-12,40.12,40.13,39.18,39.68,3080519
23-May-12,39.75,39.97,38.84,39.84,4025677
22-May-12,39.91,40.77,39.73,40.11,3830050
21-May-12,39.63,40.16,39.07,39.73,3625094
18-May-12,40.09,40.39,38.90,39.07,5142699
17-May-12,41.17,41.38,39.66,39.82,7342226
16-May-12,43.07,43.55,41.60,41.61,4232745
15-May-12,42.48,43.18,42.34,42.57,4124025
14-May-12,42.42,43.01,42.30,42.73,3470996
11-May-12,42.58,43.94,42.41,43.36,3041513
10-May-12,43.35,43.74,42.96,43.09,3068022
9-May-12,42.89,43.25,42.41,42.77,3104673
8-May-12,43.26,43.69,42.80,43.59,3221608
7-May-12,43.30,43.80,43.00,43.74,3140511
4-May-12,44.06,44.18,43.12,43.48,3483812
3-May-12,44.99,45.30,44.30,44.35,3688706
2-May-12,45.40,45.40,44.42,45.01,2992872
1-May-12,44.97,46.16,44.86,45.51,4788620
30-Apr-12,44.95,45.10,44.52,45.04,2901919
27-Apr-12,45.22,45.41,44.56,45.17,2731851
26-Apr-12,45.15,45.25,44.31,45.02,4658507
25-Apr-12,44.26,45.69,44.02,45.26,9258408
24-Apr-12,41.62,42.55,41.45,42.00,4974820
23-Apr-12,41.01,41.49,40.52,41.36,7721186
20-Apr-12,42.43,42.77,41.59,41.62,4949686
19-Apr-12,42.88,42.99,41.93,42.29,4223638
18-Apr-12,43.46,43.46,42.65,42.80,2988009
17-Apr-12,43.29,43.85,42.76,43.70,3052754
16-Apr-12,42.86,43.31,42.46,42.80,2576285
13-Apr-12,44.15,44.21,42.87,42.88,3620004
12-Apr-12,43.10,44.24,43.09,44.21,4070775
11-Apr-12,42.88,43.17,42.50,43.04,3874406
10-Apr-12,43.37,43.75,42.04,42.22,5301823
9-Apr-12,43.96,43.97,43.43,43.62,2498031
5-Apr-12,44.77,44.97,44.42,44.80,2178507
4-Apr-12,45.27,45.29,44.61,45.04,2924607
3-Apr-12,46.20,46.47,45.26,45.84,3041251
2-Apr-12,45.90,46.58,45.75,46.41,2959575
30-Mar-12,46.08,46.27,45.53,45.99,2104069
29-Mar-12,46.16,46.32,45.23,45.80,3756942
28-Mar-12,46.64,46.84,45.85,46.51,2423975
27-Mar-12,47.06,47.16,46.40,46.64,2140609
26-Mar-12,46.24,46.94,46.03,46.86,4803554
23-Mar-12,45.70,45.92,45.42,45.72,2236197
22-Mar-12,46.37,46.41,45.34,45.60,3134311
21-Mar-12,47.64,47.64,46.55,46.69,3596929
20-Mar-12,47.24,47.86,46.94,47.56,3137269
19-Mar-12,46.89,48.22,46.80,47.57,4239543
16-Mar-12,47.56,47.86,46.77,46.87,3591970
15-Mar-12,46.28,47.52,46.05,47.50,3898651
14-Mar-12,45.99,46.57,45.74,46.21,3276176
13-Mar-12,45.05,46.08,44.82,46.07,3077615
12-Mar-12,45.16,45.24,44.52,44.73,2356780
9-Mar-12,44.70,45.56,44.44,45.16,3869054
8-Mar-12,45.64,45.64,44.37,44.76,4531965
7-Mar-12,45.61,45.72,45.20,45.30,3302297
6-Mar-12,46.36,46.42,44.92,45.22,4199244
5-Mar-12,46.83,47.30,46.68,47.03,1785903
2-Mar-12,47.43,47.51,46.94,47.08,2280672
1-Mar-12,47.37,48.09,47.16,47.41,2859865
29-Feb-12,47.03,47.94,47.03,47.25,4277049
28-Feb-12,46.84,47.00,46.15,46.89,3038066
27-Feb-12,46.64,46.87,46.19,46.70,2946554
24-Feb-12,47.50,47.75,46.79,46.90,2904546
23-Feb-12,46.97,47.47,46.88,47.24,3124194
22-Feb-12,47.84,47.91,46.95,46.96,3589808
21-Feb-12,48.21,48.55,47.72,47.91,3178501
17-Feb-12,48.29,48.32,47.68,48.01,3437807
16-Feb-12,47.86,48.60,47.73,48.18,3418974
15-Feb-12,48.86,49.04,47.82,48.07,2876123
14-Feb-12,48.67,48.76,47.96,48.56,3109268
13-Feb-12,48.39,49.09,48.39,48.91,2975916
10-Feb-12,48.40,48.47,48.00,48.33,2775549
9-Feb-12,49.50,49.68,48.56,49.03,2891250
8-Feb-12,49.34,49.55,48.95,49.37,2448827
7-Feb-12,49.32,49.89,49.03,49.28,3182685
6-Feb-12,49.55,49.76,49.28,49.60,2455869
3-Feb-12,49.20,50.33,48.96,49.98,4846289
2-Feb-12,48.50,48.67,47.75,48.48,3424870
1-Feb-12,48.19,48.85,46.58,48.26,9776764
31-Jan-12,49.14,49.25,48.13,48.23,5168327
30-Jan-12,48.50,48.61,47.68,48.41,4428875
27-Jan-12,48.46,49.28,48.27,49.04,4028084
26-Jan-12,49.59,49.59,48.30,48.78,4334728
25-Jan-12,48.77,49.21,48.35,49.16,4012685
24-Jan-12,47.71,49.24,47.44,49.07,4402105
23-Jan-12,47.93,48.66,47.70,48.05,2832188
20-Jan-12,47.14,47.98,46.88,47.91,4664000
19-Jan-12,45.56,47.25,45.56,47.13,8641724
18-Jan-12,43.78,45.33,43.41,45.18,4065191
17-Jan-12,43.82,44.18,43.59,43.76,3996876
13-Jan-12,43.18,43.18,43.18,43.18,0
12-Jan-12,44.46,44.86,43.50,44.07,3856794
11-Jan-12,43.69,44.29,43.50,44.21,3749030
10-Jan-12,43.92,44.24,43.69,43.87,4513780
9-Jan-12,43.48,43.69,42.47,43.23,5983968
6-Jan-12,44.85,44.91,44.14,44.24,2379789
5-Jan-12,44.09,45.27,43.33,44.86,3121698
4-Jan-12,44.75,44.75,44.06,44.57,3356673
3-Jan-12,44.48,45.25,44.42,44.88,3500778
30-Dec-11,43.26,43.26,43.26,43.26,0
29-Dec-11,42.55,43.50,42.50,43.27,2549285
28-Dec-11,43.31,43.39,42.22,42.40,2368272
27-Dec-11,43.03,43.50,43.00,43.30,2049531
23-Dec-11,43.08,43.08,43.08,43.08,0
22-Dec-11,41.83,42.59,41.54,42.42,2504920
21-Dec-11,40.99,41.92,40.74,41.72,3817104
20-Dec-11,40.58,41.29,40.42,40.85,5463766
19-Dec-11,40.97,41.36,39.57,39.66,4152029
16-Dec-11,41.45,41.74,40.74,40.91,5556516
15-Dec-11,42.37,42.56,41.12,41.20,4905237
14-Dec-11,42.02,42.37,41.33,41.62,3825559
13-Dec-11,43.36,43.67,41.64,42.24,4070415
12-Dec-11,43.08,43.08,42.12,42.89,3084099
9-Dec-11,43.01,44.02,43.01,43.78,4126501
8-Dec-11,44.47,44.52,42.54,42.68,4198975
7-Dec-11,44.44,45.16,43.81,44.82,3536130
6-Dec-11,44.61,45.19,44.05,44.80,3335043
5-Dec-11,44.40,45.56,43.94,44.43,3728751
2-Dec-11,43.34,44.35,43.34,43.71,4093719
1-Dec-11,43.35,43.48,42.67,43.04,2501237
30-Nov-11,42.31,43.50,42.14,43.44,3998506
29-Nov-11,40.77,41.28,40.51,40.88,3303307
28-Nov-11,40.40,41.14,40.21,40.74,3298745
25-Nov-11,39.29,40.16,38.93,39.05,2208521
23-Nov-11,39.49,39.49,39.49,39.49,0
22-Nov-11,39.87,41.10,39.67,41.01,3979012
21-Nov-11,41.31,41.33,40.25,41.07,3905021
18-Nov-11,42.12,42.23,41.50,41.98,3277035
17-Nov-11,43.24,43.70,41.72,41.96,4877100
16-Nov-11,43.95,44.58,43.22,43.30,3704380
15-Nov-11,44.01,44.61,43.42,44.20,2330612
14-Nov-11,44.24,44.58,43.85,44.31,2497748
11-Nov-11,44.22,45.26,44.22,44.87,2854952
10-Nov-11,44.22,44.49,43.29,43.71,4091084
9-Nov-11,44.95,44.95,43.17,43.37,5889535
8-Nov-11,45.99,46.54,45.24,46.43,3134865
7-Nov-11,45.22,45.69,44.41,45.63,2960670
4-Nov-11,45.07,45.52,44.57,45.29,2742803
3-Nov-11,45.11,45.83,44.01,45.69,4730159
2-Nov-11,44.03,44.78,43.66,44.50,5125260
1-Nov-11,42.98,44.15,41.89,42.97,7330566
31-Oct-11,45.37,46.23,44.80,45.09,4392423
28-Oct-11,46.82,47.33,46.29,46.74,4403556
27-Oct-11,45.95,47.98,45.85,46.37,8541809
26-Oct-11,42.65,43.39,41.43,43.03,4251234
25-Oct-11,43.05,43.05,41.56,41.74,4010807
24-Oct-11,42.90,43.80,42.69,43.34,4796085
21-Oct-11,42.03,43.14,41.74,42.72,4281397
20-Oct-11,41.32,41.60,40.23,41.37,5149011
19-Oct-11,41.75,42.35,40.82,41.04,4465887
18-Oct-11,39.84,42.27,38.94,41.89,6445293
17-Oct-11,40.99,41.00,39.61,39.65,4593734
14-Oct-11,40.94,41.68,40.36,41.30,3937441
13-Oct-11,40.24,40.47,39.40,40.28,4561695
12-Oct-11,39.67,41.90,39.46,40.62,7393705
11-Oct-11,38.27,39.27,38.02,38.97,3623067
10-Oct-11,37.40,38.56,37.40,38.55,3883824
7-Oct-11,38.43,38.48,36.57,36.63,6348602
6-Oct-11,37.22,38.40,36.92,38.23,5045504
5-Oct-11,36.16,37.49,35.46,37.42,6646317
4-Oct-11,32.95,36.24,32.74,36.13,8494387
3-Oct-11,34.50,35.30,33.56,33.57,7085858
30-Sep-11,35.11,35.58,34.93,34.95,6676913
