Date,Open,High,Low,Close,Volume
27-Sep-12,64.44,65.18,63.98,65.11,1572264
26-Sep-12,63.91,64.58,63.78,64.30,1436692
25-Sep-12,64.70,64.94,63.72,63.77,1490798
24-Sep-12,63.87,64.69,63.80,64.49,1899338
21-Sep-12,63.65,64.19,63.25,64.11,5489945
20-Sep-12,63.30,63.74,63.13,63.57,1325519
19-Sep-12,63.82,63.89,63.55,63.59,1247138
18-Sep-12,63.85,64.07,63.54,63.63,1580982
17-Sep-12,64.19,64.21,63.78,63.85,1814875
14-Sep-12,64.81,65.23,64.11,64.12,2049030
13-Sep-12,64.34,65.49,63.92,64.90,1390067
12-Sep-12,64.32,64.55,63.76,64.14,985645
11-Sep-12,64.65,64.76,64.15,64.20,1030467
10-Sep-12,65.27,65.40,64.56,64.63,954903
7-Sep-12,65.17,65.42,64.86,65.26,1080804
6-Sep-12,64.31,65.04,64.24,64.94,1335533
5-Sep-12,63.47,64.02,62.98,63.90,1465979
4-Sep-12,63.84,64.26,63.23,63.47,1290667
31-Aug-12,64.36,64.49,63.73,64.03,1485511
30-Aug-12,64.78,64.88,63.94,64.01,1233025
29-Aug-12,65.14,65.33,64.65,65.12,959123
28-Aug-12,65.88,65.88,64.77,65.02,1495357
27-Aug-12,66.63,66.63,66.09,66.15,727320
24-Aug-12,66.56,66.82,66.33,66.52,867693
23-Aug-12,66.64,67.41,66.60,66.79,1527760
22-Aug-12,65.68,67.30,65.27,67.29,1718891
21-Aug-12,66.34,66.47,65.71,65.84,657246
20-Aug-12,66.59,66.86,65.98,66.13,648673
17-Aug-12,67.09,67.10,66.25,66.79,406171
16-Aug-12,65.22,66.84,65.09,66.77,287887
15-Aug-12,64.66,65.16,64.50,65.09,210310
14-Aug-12,65.38,65.38,64.61,64.79,187253
13-Aug-12,65.11,65.20,64.55,65.11,179359
10-Aug-12,64.47,65.42,64.45,65.34,265297
9-Aug-12,64.18,64.68,64.07,64.53,239610
8-Aug-12,64.47,64.70,64.12,64.18,279125
7-Aug-12,64.44,64.69,63.87,64.48,441429
6-Aug-12,64.53,64.78,64.38,64.43,302909
3-Aug-12,64.20,64.55,63.76,64.41,443435
2-Aug-12,65.28,65.28,63.33,63.48,3278211
1-Aug-12,65.77,66.03,65.16,65.70,2014257
31-Jul-12,64.92,66.11,61.66,65.45,4793518
30-Jul-12,67.18,68.43,67.14,68.15,1362268
27-Jul-12,66.44,67.33,66.24,67.17,1947925
26-Jul-12,66.25,66.83,65.67,66.00,1097623
25-Jul-12,65.63,66.04,65.30,65.42,1483828
24-Jul-12,66.67,66.67,65.06,65.41,1512145
23-Jul-12,66.47,66.98,66.29,66.61,905109
20-Jul-12,67.50,67.75,67.13,67.23,2352190
19-Jul-12,67.88,68.10,67.36,67.93,1191009
18-Jul-12,67.78,67.95,67.37,67.87,1025565
17-Jul-12,67.66,68.30,67.29,68.14,1008657
16-Jul-12,67.52,67.80,67.15,67.48,821630
13-Jul-12,67.46,67.83,67.24,67.69,1144719
12-Jul-12,66.75,67.63,66.21,67.33,1218280
11-Jul-12,67.48,67.57,66.76,67.16,1132967
10-Jul-12,68.26,68.64,67.28,67.49,1271344
9-Jul-12,67.75,68.19,67.64,67.95,858203
6-Jul-12,68.08,68.24,67.59,67.82,830664
5-Jul-12,68.77,68.83,68.25,68.62,883223
3-Jul-12,68.78,68.96,68.22,68.96,618806
2-Jul-12,68.68,68.87,68.01,68.77,1347845
29-Jun-12,67.32,68.55,67.32,68.53,1484652
28-Jun-12,66.52,66.78,65.94,66.64,983587
27-Jun-12,66.87,67.42,66.70,66.89,994818
26-Jun-12,66.31,66.80,65.68,66.63,1453320
25-Jun-12,65.73,66.35,65.64,66.12,1308935
22-Jun-12,65.59,66.82,65.31,66.53,5969664
21-Jun-12,66.45,66.65,64.97,65.02,1397769
20-Jun-12,67.36,67.63,66.08,66.35,1291706
19-Jun-12,67.26,67.70,67.06,67.35,1266822
18-Jun-12,66.83,67.36,66.59,66.96,1294451
15-Jun-12,67.29,67.50,66.88,67.02,1839969
14-Jun-12,66.26,67.10,66.06,66.86,1471833
13-Jun-12,66.55,66.96,66.07,66.26,1227664
12-Jun-12,65.75,66.66,65.38,66.61,1546311
11-Jun-12,66.90,67.39,65.52,65.57,2298233
8-Jun-12,65.45,66.63,65.13,66.54,1449282
7-Jun-12,65.29,66.10,65.16,65.67,2349074
6-Jun-12,62.90,64.91,62.90,64.91,1834293
5-Jun-12,62.02,62.79,61.84,62.63,1111134
4-Jun-12,62.00,62.42,61.45,62.27,1959802
1-Jun-12,62.26,62.76,61.71,61.92,2017077
31-May-12,63.74,63.85,63.01,63.21,1982865
30-May-12,64.00,64.30,63.83,63.83,1684687
29-May-12,64.80,65.00,64.26,64.42,2114931
25-May-12,65.06,65.26,64.20,64.35,1503725
24-May-12,65.03,65.60,64.78,65.09,2052736
23-May-12,64.51,65.00,63.44,64.79,1390393
22-May-12,64.54,65.53,64.49,64.82,1905485
21-May-12,62.89,64.49,62.86,64.36,1322763
18-May-12,63.06,63.75,62.61,62.88,1855787
17-May-12,64.74,64.96,62.73,62.73,1698115
16-May-12,64.56,65.14,64.26,64.63,1513695
15-May-12,64.28,64.60,63.92,64.26,983952
14-May-12,64.24,64.58,63.89,64.26,881159
11-May-12,64.52,65.07,64.52,64.71,744564
10-May-12,65.08,65.21,64.63,64.81,935227
9-May-12,64.25,65.26,64.12,64.65,1857584
8-May-12,64.63,64.94,64.03,64.88,1405259
7-May-12,63.42,65.34,63.01,64.96,2723752
4-May-12,63.73,63.99,63.34,63.51,1127402
3-May-12,64.00,64.30,63.69,64.11,1597279
2-May-12,63.98,64.10,63.19,64.01,1623550
1-May-12,63.50,64.50,63.00,64.34,1743040
30-Apr-12,63.76,63.80,63.07,63.69,1612105
27-Apr-12,63.20,64.14,63.03,63.81,1360227
26-Apr-12,62.52,63.20,62.38,62.97,984322
25-Apr-12,62.47,62.69,62.29,62.69,1477254
24-Apr-12,61.92,62.16,61.57,62.11,1109844
23-Apr-12,61.71,62.05,61.21,62.04,1364280
20-Apr-12,62.32,62.53,62.10,62.22,1548250
19-Apr-12,62.50,62.74,61.98,62.26,1423471
18-Apr-12,62.43,62.65,62.11,62.45,1686929
17-Apr-12,62.06,62.88,61.93,62.57,2083298
16-Apr-12,61.85,62.08,61.52,61.79,1188106
13-Apr-12,61.75,61.97,61.51,61.61,1380212
12-Apr-12,60.40,61.92,60.39,61.82,1422295
11-Apr-12,60.64,60.84,60.17,60.29,1242354
10-Apr-12,61.03,61.18,59.81,59.92,1379312
9-Apr-12,60.74,61.36,60.46,61.23,1423310
5-Apr-12,61.34,61.74,61.25,61.50,1104144
4-Apr-12,61.81,61.82,61.33,61.48,878275
3-Apr-12,62.33,62.33,61.74,62.18,1138738
2-Apr-12,61.59,62.42,61.46,62.32,1285527
30-Mar-12,62.00,62.07,61.61,61.72,1333705
29-Mar-12,61.15,61.79,60.97,61.71,1119367
28-Mar-12,61.50,61.54,60.91,61.44,1496826
27-Mar-12,61.61,61.77,61.23,61.44,1608122
26-Mar-12,60.53,61.72,60.50,61.69,1653357
23-Mar-12,60.10,60.45,59.63,60.27,1307190
22-Mar-12,59.73,60.16,59.23,60.02,1843994
21-Mar-12,60.44,60.59,60.10,60.16,1574867
20-Mar-12,60.03,60.58,59.92,60.49,1627224
19-Mar-12,59.84,60.46,59.84,60.21,961103
16-Mar-12,60.20,60.29,59.84,60.07,3224997
15-Mar-12,59.76,59.89,59.45,59.82,1343898
14-Mar-12,59.75,60.32,59.49,59.82,2048530
13-Mar-12,59.48,60.12,59.37,60.03,1821464
12-Mar-12,59.58,59.88,59.21,59.23,1091143
9-Mar-12,59.50,59.87,59.15,59.71,1663570
8-Mar-12,60.13,60.22,59.22,59.33,1734194
7-Mar-12,59.52,59.61,59.08,59.36,2064238
6-Mar-12,58.85,59.48,58.75,59.34,2604992
5-Mar-12,59.47,59.75,58.98,59.40,2507714
2-Mar-12,60.02,60.22,59.35,59.55,2558047
1-Mar-12,59.71,60.37,59.71,60.11,2729909
29-Feb-12,60.96,61.22,59.88,60.00,4465705
28-Feb-12,60.76,61.93,60.56,61.75,2661842
27-Feb-12,62.31,62.86,61.90,62.62,1443161
24-Feb-12,62.27,62.73,62.13,62.69,1274570
23-Feb-12,61.97,62.24,61.79,62.17,1508893
22-Feb-12,61.72,62.05,61.40,61.94,1696453
21-Feb-12,61.70,62.24,61.35,61.65,1428164
17-Feb-12,62.09,62.24,61.76,61.85,1119763
16-Feb-12,61.62,62.16,61.47,61.98,1266641
15-Feb-12,61.64,61.95,61.28,61.71,1771937
14-Feb-12,61.44,61.78,61.04,61.31,1618737
13-Feb-12,61.59,61.72,60.81,61.45,1382913
10-Feb-12,60.85,61.34,60.57,61.20,1717933
9-Feb-12,61.91,61.91,61.18,61.65,1178484
8-Feb-12,61.59,62.10,61.46,61.86,1622254
7-Feb-12,61.07,61.82,61.07,61.68,1193383
6-Feb-12,61.29,61.58,61.20,61.29,1424135
3-Feb-12,61.07,61.65,60.86,61.53,1427000
2-Feb-12,60.75,60.88,60.49,60.50,1575048
1-Feb-12,60.85,61.18,60.44,60.61,1906382
31-Jan-12,60.60,60.79,60.06,60.44,1463460
30-Jan-12,59.90,60.36,59.55,60.27,2026027
27-Jan-12,60.67,60.88,60.39,60.51,1760905
26-Jan-12,61.25,61.42,60.53,60.76,2040711
25-Jan-12,60.54,61.12,60.46,60.94,2133574
24-Jan-12,60.28,61.39,60.28,60.99,2330773
23-Jan-12,60.46,60.82,60.23,60.41,1208855
20-Jan-12,60.21,60.79,60.16,60.38,1884005
19-Jan-12,60.49,60.60,60.06,60.15,2798528
18-Jan-12,59.65,60.62,59.50,60.54,1600193
17-Jan-12,60.09,60.18,59.46,59.64,1559515
13-Jan-12,59.69,59.69,59.69,59.69,0
12-Jan-12,59.47,59.88,59.23,59.81,1555991
11-Jan-12,58.81,59.53,58.44,59.33,1580191
10-Jan-12,58.91,59.38,58.71,58.88,1903783
9-Jan-12,58.48,58.56,57.98,58.55,1489920
6-Jan-12,58.24,58.52,57.86,58.29,1134590
5-Jan-12,57.91,58.30,57.44,58.21,1698927
4-Jan-12,57.82,58.36,57.77,58.07,1691709
3-Jan-12,58.31,58.58,57.71,58.02,2135571
30-Dec-11,57.81,57.81,57.81,57.81,0
29-Dec-11,56.62,57.70,56.58,57.63,2221419
28-Dec-11,57.25,57.25,56.41,56.54,1473605
27-Dec-11,56.95,57.41,56.82,57.25,1251191
23-Dec-11,56.91,56.91,56.91,56.91,0
22-Dec-11,56.23,56.47,55.78,56.33,1969012
21-Dec-11,55.80,56.27,55.66,56.15,2605773
20-Dec-11,54.62,55.60,54.30,55.48,2716463
19-Dec-11,54.95,55.04,54.03,54.11,2198716
16-Dec-11,54.58,55.27,54.50,54.72,3674694
15-Dec-11,54.61,54.65,54.06,54.35,1997176
14-Dec-11,54.35,54.86,54.00,54.08,2749546
13-Dec-11,55.33,55.58,54.41,54.67,2725548
12-Dec-11,55.60,55.62,55.12,55.31,2570563
9-Dec-11,55.27,56.38,55.00,55.90,4775608
8-Dec-11,55.40,55.90,55.35,55.42,8047089
7-Dec-11,55.49,55.55,55.25,55.39,4031801
6-Dec-11,55.40,55.75,55.05,55.58,2554262
5-Dec-11,56.45,56.64,54.99,55.23,3060038
2-Dec-11,56.95,57.25,55.74,55.84,3515474
1-Dec-11,55.94,56.51,54.68,55.62,10766515
30-Nov-11,57.00,57.60,56.75,57.02,15668164
29-Nov-11,55.39,55.71,55.06,55.47,3618084
28-Nov-11,54.68,55.40,54.58,55.36,3722407
25-Nov-11,52.41,53.56,52.35,53.51,2003780
23-Nov-11,52.68,52.68,52.68,52.68,0
22-Nov-11,53.16,53.55,52.71,53.01,2945092
21-Nov-11,53.41,53.75,53.01,53.11,3016784
18-Nov-11,54.41,54.58,53.94,54.22,3207743
17-Nov-11,54.56,55.05,53.83,54.17,1767485
16-Nov-11,55.02,55.82,54.84,54.90,1430997
15-Nov-11,55.52,56.01,55.24,55.64,1934996
14-Nov-11,56.31,56.31,55.53,55.63,1733350
11-Nov-11,55.11,56.21,55.04,56.18,1823291
10-Nov-11,54.31,54.91,53.85,54.72,2471350
9-Nov-11,54.87,54.99,53.65,53.81,2670023
8-Nov-11,55.79,56.24,55.18,56.15,1598443
7-Nov-11,55.16,55.71,54.74,55.68,2026184
4-Nov-11,55.19,55.31,54.10,55.03,2488826
3-Nov-11,54.61,55.69,54.31,55.61,2723890
2-Nov-11,53.68,54.56,53.50,54.16,3369816
1-Nov-11,52.65,53.31,52.21,52.47,2510889
31-Oct-11,54.40,54.56,53.83,53.84,2109800
28-Oct-11,55.05,55.60,54.75,55.00,1890899
27-Oct-11,54.47,55.57,53.97,54.88,3542287
26-Oct-11,53.15,53.72,52.39,53.55,2595732
25-Oct-11,54.39,54.63,52.62,52.66,2451989
24-Oct-11,53.98,54.60,53.61,54.33,2208629
21-Oct-11,53.79,53.96,53.21,53.92,2258887
20-Oct-11,53.04,53.47,52.38,53.20,1974136
19-Oct-11,53.39,53.78,52.81,53.18,2181304
18-Oct-11,52.35,53.59,51.74,53.29,3383542
17-Oct-11,52.78,52.81,51.95,52.35,2652480
14-Oct-11,52.38,52.82,52.16,52.79,2660454
13-Oct-11,52.48,52.91,51.41,52.64,2576272
12-Oct-11,52.64,53.38,52.25,52.78,3753640
11-Oct-11,51.56,52.70,51.51,52.25,1871642
10-Oct-11,51.03,51.91,50.79,51.87,2316277
7-Oct-11,50.50,50.98,49.49,50.25,3941123
6-Oct-11,50.71,51.38,49.60,50.09,3653020
5-Oct-11,49.66,50.82,49.25,50.62,2723796
4-Oct-11,47.50,49.76,47.27,49.69,4966417
3-Oct-11,47.96,49.52,47.96,48.07,3220073
30-Sep-11,48.44,49.76,48.40,48.89,2934104
