Date,Open,High,Low,Close,Volume
27-Sep-12,2.38,2.40,2.35,2.39,60029
26-Sep-12,2.41,2.44,2.38,2.38,62948
25-Sep-12,2.44,2.47,2.36,2.44,140051
24-Sep-12,2.43,2.53,2.42,2.44,104528
21-Sep-12,2.49,2.53,2.44,2.48,53543
20-Sep-12,2.42,2.49,2.42,2.48,13400
19-Sep-12,2.44,2.48,2.37,2.44,37278
18-Sep-12,2.34,2.46,2.32,2.42,37974
17-Sep-12,2.44,2.45,2.31,2.35,63593
14-Sep-12,2.57,2.57,2.39,2.40,59976
13-Sep-12,2.55,2.64,2.51,2.53,164424
12-Sep-12,2.50,2.50,2.08,2.48,452996
11-Sep-12,2.83,2.88,2.80,2.82,16241
10-Sep-12,2.90,3.00,2.79,2.83,36928
7-Sep-12,2.68,2.97,2.68,2.88,305011
6-Sep-12,2.72,2.74,2.69,2.71,180971
5-Sep-12,2.75,2.76,2.68,2.74,95238
4-Sep-12,2.69,2.79,2.67,2.75,101579
31-Aug-12,2.83,2.90,2.62,2.67,333263
30-Aug-12,2.95,3.02,2.76,2.77,399523
29-Aug-12,2.79,2.80,2.55,2.64,296269
28-Aug-12,2.91,2.91,2.66,2.76,228898
27-Aug-12,3.02,3.02,2.82,2.91,304805
24-Aug-12,3.02,3.03,2.94,3.01,63396
23-Aug-12,3.03,3.10,2.50,3.06,402800
22-Aug-12,3.18,3.18,3.01,3.05,116991
21-Aug-12,3.26,3.39,3.14,3.19,114911
20-Aug-12,3.03,3.29,3.02,3.23,108558
17-Aug-12,2.99,3.07,2.89,3.06,125771
16-Aug-12,3.10,3.14,3.00,3.00,61444
15-Aug-12,3.13,3.18,3.06,3.06,44647
14-Aug-12,3.05,3.20,3.05,3.14,127395
13-Aug-12,2.81,3.09,2.81,3.03,102889
10-Aug-12,2.77,2.85,2.77,2.84,79720
9-Aug-12,2.84,2.84,2.74,2.78,70872
8-Aug-12,2.84,2.88,2.74,2.80,79376
7-Aug-12,2.80,2.99,2.80,2.83,133529
6-Aug-12,2.80,2.91,2.73,2.78,114424
3-Aug-12,3.10,3.10,2.77,2.80,164189
2-Aug-12,3.00,3.06,2.70,2.94,340382
1-Aug-12,3.28,3.31,2.94,2.98,298673
31-Jul-12,3.33,3.38,3.23,3.27,82002
30-Jul-12,3.39,3.40,3.33,3.33,64735
27-Jul-12,3.35,3.45,3.34,3.38,75567
26-Jul-12,3.45,3.45,3.31,3.33,132639
25-Jul-12,3.39,3.41,3.33,3.40,49706
24-Jul-12,3.48,3.49,3.33,3.41,103367
23-Jul-12,3.49,3.53,3.41,3.49,55440
20-Jul-12,3.56,3.60,3.45,3.54,94521
19-Jul-12,3.55,3.64,3.53,3.60,186797
18-Jul-12,3.42,3.60,3.38,3.56,184750
17-Jul-12,3.37,3.47,3.22,3.45,141770
16-Jul-12,3.60,3.69,3.22,3.34,314847
13-Jul-12,3.63,3.66,3.56,3.59,182410
12-Jul-12,3.58,3.63,3.47,3.60,127414
11-Jul-12,3.72,3.76,3.50,3.62,198151
10-Jul-12,3.70,3.75,3.46,3.71,327742
9-Jul-12,3.76,3.79,3.66,3.77,92234
6-Jul-12,3.76,3.84,3.71,3.78,106691
5-Jul-12,3.69,3.81,3.57,3.80,223507
3-Jul-12,3.40,3.70,3.35,3.57,343985
2-Jul-12,3.34,3.47,3.32,3.35,41502
29-Jun-12,3.27,3.33,3.22,3.32,47175
28-Jun-12,3.22,3.24,3.13,3.18,52777
27-Jun-12,3.29,3.29,3.21,3.23,87041
26-Jun-12,3.25,3.35,3.23,3.29,31161
25-Jun-12,3.21,3.31,3.17,3.31,45163
22-Jun-12,3.24,3.33,2.98,3.28,303564
21-Jun-12,3.31,3.33,3.08,3.14,272911
20-Jun-12,3.33,3.47,3.28,3.32,84633
19-Jun-12,3.27,3.44,3.23,3.30,157109
18-Jun-12,3.43,3.43,3.17,3.25,199515
15-Jun-12,3.60,3.60,3.35,3.36,243884
14-Jun-12,3.48,3.59,3.43,3.51,203472
13-Jun-12,3.59,3.74,3.42,3.43,268899
12-Jun-12,3.62,3.62,3.46,3.54,267253
11-Jun-12,3.71,3.77,3.56,3.60,56223
8-Jun-12,3.60,3.75,3.55,3.66,149648
7-Jun-12,3.72,3.79,3.51,3.60,313148
6-Jun-12,3.70,3.82,3.64,3.80,155354
5-Jun-12,3.58,3.74,3.46,3.68,104345
4-Jun-12,3.59,3.63,3.50,3.58,75144
1-Jun-12,3.59,3.65,3.39,3.53,120586
31-May-12,3.48,3.69,3.34,3.65,216973
30-May-12,3.50,3.52,3.34,3.47,302888
29-May-12,3.86,3.86,3.48,3.53,156333
25-May-12,3.87,3.87,3.64,3.82,136192
24-May-12,3.67,3.96,3.65,3.84,159086
23-May-12,3.63,3.70,3.46,3.64,65375
22-May-12,3.65,3.70,3.63,3.63,45748
21-May-12,3.48,3.68,3.48,3.63,36997
18-May-12,3.42,3.60,3.37,3.48,116356
17-May-12,3.52,3.55,3.40,3.40,85216
16-May-12,3.53,3.64,3.46,3.52,78460
15-May-12,3.85,3.85,3.50,3.54,96126
14-May-12,3.91,3.94,3.79,3.86,67996
11-May-12,4.01,4.06,3.86,3.95,227732
10-May-12,3.66,4.00,3.66,3.96,312438
9-May-12,3.43,3.66,3.43,3.63,111239
8-May-12,3.38,3.50,3.36,3.44,126066
7-May-12,3.54,3.61,3.38,3.41,106435
4-May-12,3.72,3.72,3.53,3.54,63179
3-May-12,3.77,3.77,3.66,3.72,19632
2-May-12,3.78,3.79,3.64,3.71,37769
1-May-12,3.66,3.81,3.60,3.75,38064
30-Apr-12,3.64,3.83,3.60,3.64,104632
27-Apr-12,3.69,3.69,3.56,3.66,163130
26-Apr-12,3.82,3.82,3.63,3.67,86578
25-Apr-12,3.66,3.86,3.60,3.78,132917
24-Apr-12,3.73,3.73,3.60,3.62,132589
23-Apr-12,3.94,3.94,3.70,3.73,86613
20-Apr-12,3.86,3.95,3.86,3.88,87555
19-Apr-12,3.98,3.98,3.83,3.87,84042
18-Apr-12,3.89,4.01,3.81,3.94,122002
17-Apr-12,3.74,3.90,3.69,3.89,135683
16-Apr-12,3.85,3.90,3.68,3.74,181802
13-Apr-12,4.00,4.03,3.82,3.93,142281
12-Apr-12,3.95,4.15,3.95,4.00,168661
11-Apr-12,4.05,4.09,3.80,3.95,184550
10-Apr-12,4.34,4.34,3.99,4.03,146580
9-Apr-12,4.41,4.52,4.30,4.33,133621
5-Apr-12,4.34,4.42,4.23,4.41,102463
4-Apr-12,4.21,4.35,4.13,4.22,77561
3-Apr-12,4.22,4.29,4.21,4.24,58126
2-Apr-12,4.48,4.56,4.20,4.21,167435
30-Mar-12,4.23,4.30,4.15,4.24,42174
29-Mar-12,4.12,4.26,4.07,4.21,35562
28-Mar-12,4.01,4.16,3.88,4.13,120731
27-Mar-12,4.08,4.10,3.97,4.02,49981
26-Mar-12,4.21,4.21,4.00,4.08,121418
23-Mar-12,4.32,4.32,4.12,4.19,36841
22-Mar-12,4.35,4.38,4.21,4.29,36832
21-Mar-12,4.18,4.40,4.13,4.36,99350
20-Mar-12,4.07,4.22,3.88,4.18,239414
19-Mar-12,4.23,4.24,4.09,4.12,97312
16-Mar-12,4.25,4.27,4.20,4.20,37320
15-Mar-12,4.29,4.29,4.23,4.24,42078
14-Mar-12,4.39,4.39,4.22,4.28,58024
13-Mar-12,4.24,4.38,4.24,4.34,72376
12-Mar-12,4.41,4.41,4.16,4.25,91095
9-Mar-12,4.43,4.55,4.39,4.41,84066
8-Mar-12,4.55,4.58,4.40,4.43,55426
7-Mar-12,4.75,4.82,4.54,4.57,68857
6-Mar-12,4.97,4.97,4.33,4.74,276853
5-Mar-12,5.08,5.08,4.95,5.00,54700
2-Mar-12,5.10,5.13,5.00,5.07,42179
1-Mar-12,5.04,5.12,5.00,5.03,35996
29-Feb-12,5.02,5.08,4.92,5.00,88302
28-Feb-12,4.97,5.05,4.97,5.00,57099
27-Feb-12,4.99,5.03,4.91,5.01,107106
24-Feb-12,5.22,5.23,5.01,5.01,91089
23-Feb-12,5.04,5.29,5.02,5.20,107392
22-Feb-12,4.94,5.08,4.88,5.01,65762
21-Feb-12,4.91,4.99,4.84,4.95,172057
17-Feb-12,5.02,5.02,4.93,4.94,67219
16-Feb-12,5.00,5.09,4.90,5.04,119478
15-Feb-12,5.05,5.08,4.92,5.00,155031
14-Feb-12,5.08,5.14,5.01,5.06,27242
13-Feb-12,5.13,5.24,5.10,5.10,49619
10-Feb-12,5.11,5.16,4.91,5.13,121322
9-Feb-12,5.20,5.20,5.05,5.15,63458
8-Feb-12,5.14,5.21,5.03,5.20,84105
7-Feb-12,5.35,5.45,5.18,5.22,56880
6-Feb-12,5.41,5.52,5.33,5.38,85187
3-Feb-12,5.75,5.86,5.21,5.46,309490
2-Feb-12,5.10,5.66,5.10,5.58,399420
1-Feb-12,4.88,5.21,4.85,5.07,133635
31-Jan-12,4.61,4.84,4.61,4.82,113668
30-Jan-12,4.48,4.69,4.43,4.61,146445
27-Jan-12,4.34,4.64,3.55,3.55,121290
26-Jan-12,4.39,4.40,4.27,4.33,98241
25-Jan-12,4.29,4.38,4.27,4.34,42629
24-Jan-12,4.21,4.41,4.18,4.29,146011
23-Jan-12,4.53,4.53,4.35,4.44,67378
20-Jan-12,4.46,4.51,4.41,4.47,59312
19-Jan-12,4.35,4.50,4.27,4.49,98050
18-Jan-12,4.16,4.29,4.16,4.29,23836
17-Jan-12,4.26,4.26,4.16,4.19,86048
13-Jan-12,4.16,4.16,4.16,4.16,0
12-Jan-12,4.01,4.08,3.93,4.06,51020
11-Jan-12,3.98,4.05,3.93,4.00,109229
10-Jan-12,4.00,4.04,3.92,4.00,72327
9-Jan-12,4.03,4.03,3.88,3.99,68799
6-Jan-12,4.03,4.03,3.97,3.99,19053
5-Jan-12,4.05,4.08,4.01,4.05,47622
4-Jan-12,4.08,4.10,4.04,4.07,32508
3-Jan-12,4.05,4.12,3.88,4.11,44141
30-Dec-11,3.90,3.90,3.90,3.90,0
29-Dec-11,3.72,3.91,3.61,3.83,43007
28-Dec-11,3.81,3.81,3.81,3.81,0
27-Dec-11,3.56,3.64,3.55,3.64,37863
23-Dec-11,3.61,3.61,3.61,3.61,0
22-Dec-11,3.51,3.55,3.42,3.45,72624
21-Dec-11,3.55,3.55,3.45,3.49,71289
20-Dec-11,3.55,3.60,3.42,3.51,91131
19-Dec-11,3.51,3.51,3.51,3.51,0
16-Dec-11,3.55,3.69,3.50,3.57,112217
15-Dec-11,3.72,3.73,3.53,3.54,62193
14-Dec-11,3.73,3.78,3.65,3.71,71278
13-Dec-11,3.90,3.90,3.70,3.79,74811
12-Dec-11,3.95,4.03,3.85,3.86,121394
9-Dec-11,4.02,4.08,3.92,4.04,85067
8-Dec-11,4.12,4.15,3.97,3.98,52185
7-Dec-11,4.08,4.17,4.07,4.14,38825
6-Dec-11,4.18,4.18,4.07,4.10,40031
5-Dec-11,4.24,4.26,4.14,4.19,127722
2-Dec-11,4.20,4.20,4.20,4.20,0
1-Dec-11,4.11,4.12,3.99,4.06,115673
30-Nov-11,4.23,4.32,4.04,4.15,135078
29-Nov-11,4.16,4.17,4.05,4.12,37066
28-Nov-11,4.05,4.19,4.00,4.14,72792
25-Nov-11,4.02,4.04,3.95,3.97,14196
23-Nov-11,3.98,3.98,3.98,3.98,0
22-Nov-11,4.20,4.26,4.03,4.19,55003
21-Nov-11,4.14,4.18,3.99,4.18,79643
18-Nov-11,4.12,4.19,4.10,4.18,11374
17-Nov-11,4.05,4.26,4.02,4.17,152754
16-Nov-11,4.45,4.45,4.03,4.04,231526
15-Nov-11,4.65,4.65,4.37,4.47,138452
14-Nov-11,4.70,4.88,4.63,4.67,67896
11-Nov-11,4.52,4.67,4.40,4.61,68953
10-Nov-11,4.52,4.55,4.48,4.50,51830
9-Nov-11,4.64,4.65,4.50,4.54,44298
8-Nov-11,4.82,4.82,4.65,4.70,34026
7-Nov-11,4.71,4.78,4.65,4.74,39391
4-Nov-11,4.81,4.81,4.68,4.71,25240
3-Nov-11,4.82,4.82,4.71,4.80,68100
2-Nov-11,4.72,4.85,4.66,4.75,38447
1-Nov-11,4.55,4.76,4.49,4.66,82698
31-Oct-11,4.68,4.75,4.59,4.70,94652
28-Oct-11,4.78,4.81,4.65,4.70,125948
27-Oct-11,4.76,4.86,4.68,4.85,59019
26-Oct-11,4.39,4.72,4.38,4.64,110662
25-Oct-11,4.41,4.54,4.37,4.38,83590
24-Oct-11,4.19,4.55,4.19,4.48,91591
21-Oct-11,4.04,4.29,4.04,4.21,108408
20-Oct-11,4.02,4.06,3.94,4.01,66464
19-Oct-11,4.07,4.07,3.90,4.00,75181
18-Oct-11,4.03,4.10,3.94,4.02,97793
17-Oct-11,4.07,4.07,3.92,4.03,51610
14-Oct-11,4.16,4.18,4.06,4.08,30289
13-Oct-11,4.00,4.17,3.89,4.12,53716
12-Oct-11,4.05,4.07,3.93,3.99,155563
11-Oct-11,3.92,4.11,3.90,4.03,88754
10-Oct-11,4.00,4.05,3.74,3.93,225086
7-Oct-11,4.01,4.01,4.01,4.01,0
6-Oct-11,3.53,4.02,3.53,3.97,54850
5-Oct-11,3.50,3.60,3.39,3.57,47940
4-Oct-11,3.27,3.49,3.15,3.47,147227
3-Oct-11,3.46,3.48,3.24,3.35,150300
30-Sep-11,3.53,3.55,3.45,3.48,122318
29-Sep-11,3.80,3.80,3.51,3.57,39735
