Date,Open,High,Low,Close,Volume
27-Sep-12,27.98,28.00,27.92,28.00,32858
26-Sep-12,27.99,28.04,27.87,27.97,18149
25-Sep-12,27.91,28.13,27.79,27.94,63863
24-Sep-12,27.93,27.96,27.80,27.83,33416
21-Sep-12,27.88,27.94,27.80,27.88,23680
20-Sep-12,27.75,27.86,27.64,27.86,51734
19-Sep-12,27.50,27.81,27.50,27.71,27329
18-Sep-12,27.64,27.66,27.33,27.53,55109
17-Sep-12,27.66,27.76,27.51,27.56,44431
14-Sep-12,27.63,27.84,27.55,27.65,64451
13-Sep-12,27.52,27.80,27.52,27.71,38725
12-Sep-12,27.63,27.73,27.55,27.60,27110
11-Sep-12,27.75,27.78,27.53,27.53,52661
10-Sep-12,27.84,27.84,27.70,27.70,30801
7-Sep-12,27.80,27.82,27.70,27.75,37245
6-Sep-12,27.95,27.96,27.64,27.73,47201
5-Sep-12,27.87,28.00,27.75,28.00,28594
4-Sep-12,27.82,27.92,27.72,27.87,42039
31-Aug-12,27.83,27.97,27.77,27.94,45684
30-Aug-12,27.69,27.81,27.64,27.81,43763
29-Aug-12,27.49,27.68,27.49,27.61,55339
28-Aug-12,27.26,27.46,27.26,27.45,40720
27-Aug-12,27.47,27.48,27.25,27.26,34344
24-Aug-12,27.27,27.44,27.27,27.36,15827
23-Aug-12,27.33,27.33,27.23,27.32,59645
22-Aug-12,27.21,27.21,27.12,27.19,42792
21-Aug-12,27.11,27.41,27.07,27.10,64011
20-Aug-12,27.32,27.32,27.11,27.11,25794
17-Aug-12,27.40,27.46,27.08,27.22,35435
16-Aug-12,27.54,27.63,27.39,27.47,17201
15-Aug-12,27.80,27.91,27.30,27.42,63944
14-Aug-12,28.45,28.45,28.10,28.36,26852
13-Aug-12,28.50,28.50,28.33,28.44,8989
10-Aug-12,28.20,28.85,28.16,28.47,10857
9-Aug-12,28.25,28.25,28.06,28.20,10090
8-Aug-12,28.05,28.08,27.97,28.08,28574
7-Aug-12,27.97,28.05,27.76,28.05,7159
6-Aug-12,27.95,28.09,27.77,27.80,28989
3-Aug-12,27.98,27.98,27.82,27.88,8990
2-Aug-12,27.70,27.88,27.62,27.84,24730
1-Aug-12,27.76,27.85,27.66,27.66,42319
31-Jul-12,27.56,27.68,27.52,27.65,51662
30-Jul-12,27.39,27.57,27.33,27.57,51056
27-Jul-12,27.16,27.32,27.04,27.30,39098
26-Jul-12,27.47,27.47,27.02,27.07,92111
25-Jul-12,27.20,27.35,27.20,27.25,72979
24-Jul-12,27.25,27.45,27.04,27.19,80112
23-Jul-12,27.35,27.61,27.35,27.45,73456
20-Jul-12,27.40,27.64,27.10,27.61,65887
19-Jul-12,27.55,27.56,27.27,27.40,86772
18-Jul-12,27.20,27.74,27.20,27.50,80710
17-Jul-12,27.23,27.47,27.09,27.40,76820
16-Jul-12,27.36,27.39,27.03,27.25,61996
13-Jul-12,27.43,27.48,27.10,27.20,91104
12-Jul-12,27.55,27.55,27.27,27.34,33797
11-Jul-12,27.60,27.60,27.38,27.59,35046
10-Jul-12,27.59,27.59,27.25,27.47,59321
9-Jul-12,27.56,27.56,27.30,27.40,49269
6-Jul-12,27.49,27.64,27.45,27.48,52219
5-Jul-12,27.46,27.59,27.43,27.49,70138
3-Jul-12,27.43,27.49,27.39,27.46,29902
2-Jul-12,27.38,27.42,27.23,27.37,39175
29-Jun-12,27.10,27.49,26.87,27.49,56148
28-Jun-12,26.85,27.09,26.85,27.09,31456
27-Jun-12,27.00,27.10,26.68,26.87,59388
26-Jun-12,26.83,27.00,26.80,26.96,43867
25-Jun-12,26.75,26.90,26.69,26.86,38175
22-Jun-12,26.74,26.86,26.70,26.79,27818
21-Jun-12,26.82,26.84,26.58,26.60,93409
20-Jun-12,26.81,26.89,26.56,26.72,55495
19-Jun-12,26.52,26.84,26.45,26.76,33997
18-Jun-12,26.71,26.71,26.45,26.45,82539
15-Jun-12,26.75,26.88,26.60,26.66,22013
14-Jun-12,26.76,26.87,26.57,26.60,47493
13-Jun-12,26.59,26.67,26.49,26.67,28788
12-Jun-12,26.68,26.68,26.36,26.45,52762
11-Jun-12,26.88,26.93,26.49,26.61,58955
8-Jun-12,26.56,26.85,26.56,26.84,48942
7-Jun-12,26.67,26.69,26.43,26.61,19368
6-Jun-12,26.44,26.69,26.42,26.53,42371
5-Jun-12,26.28,26.49,26.26,26.40,46425
4-Jun-12,26.15,26.30,26.07,26.27,44377
1-Jun-12,26.06,26.20,25.95,26.06,50971
31-May-12,26.17,26.38,25.93,26.25,84115
30-May-12,26.18,26.38,25.98,25.99,78749
29-May-12,26.20,26.37,26.15,26.20,63399
25-May-12,25.80,26.25,25.80,26.09,46059
24-May-12,25.87,26.01,25.71,25.89,65884
23-May-12,25.50,25.73,25.28,25.62,100524
22-May-12,25.50,25.87,25.50,25.58,70027
21-May-12,25.00,25.65,24.84,25.46,244482
18-May-12,25.64,25.64,25.20,25.30,128696
17-May-12,26.41,26.45,25.60,25.72,78298
16-May-12,26.45,26.50,26.30,26.36,66529
15-May-12,26.35,26.35,26.26,26.30,59151
14-May-12,26.88,26.88,26.70,26.74,51697
11-May-12,26.81,26.93,26.81,26.93,32164
10-May-12,26.83,26.88,26.79,26.85,30024
9-May-12,26.75,26.82,26.58,26.79,48242
8-May-12,26.79,26.85,26.64,26.84,70739
7-May-12,26.59,26.86,26.58,26.86,65020
4-May-12,26.52,26.58,26.50,26.58,39867
3-May-12,26.52,26.58,26.50,26.58,35250
2-May-12,26.54,26.57,26.45,26.54,45306
1-May-12,26.40,26.64,26.39,26.61,63141
30-Apr-12,26.36,26.40,26.33,26.37,59334
27-Apr-12,26.35,26.38,26.25,26.33,51269
26-Apr-12,26.36,26.45,26.29,26.45,72950
25-Apr-12,26.56,26.57,26.17,26.34,140416
24-Apr-12,26.68,26.73,26.50,26.52,96469
23-Apr-12,26.50,26.65,26.45,26.57,78555
20-Apr-12,26.66,26.67,26.52,26.60,67444
19-Apr-12,26.50,26.66,26.50,26.55,94432
18-Apr-12,26.60,26.68,26.47,26.49,87078
17-Apr-12,26.59,26.73,26.52,26.55,62328
16-Apr-12,26.65,26.77,26.55,26.61,58742
13-Apr-12,26.80,26.81,26.60,26.65,33943
12-Apr-12,26.74,26.83,26.66,26.82,60352
11-Apr-12,26.76,26.78,26.63,26.65,37647
10-Apr-12,26.67,26.70,26.58,26.61,33447
9-Apr-12,26.81,26.84,26.61,26.67,48415
5-Apr-12,26.70,26.85,26.68,26.81,32472
4-Apr-12,26.58,26.81,26.56,26.71,55531
3-Apr-12,26.60,26.67,26.53,26.58,37294
2-Apr-12,26.58,26.65,26.45,26.53,37108
30-Mar-12,26.61,26.70,26.38,26.45,68713
29-Mar-12,26.64,26.64,26.38,26.53,70413
28-Mar-12,26.62,26.71,26.52,26.68,67318
27-Mar-12,26.62,26.77,26.60,26.72,89214
26-Mar-12,26.41,26.61,26.41,26.58,51369
23-Mar-12,26.35,26.71,26.24,26.31,85372
22-Mar-12,26.61,26.68,26.11,26.27,83573
21-Mar-12,26.81,26.81,26.41,26.47,71065
20-Mar-12,26.71,26.84,26.64,26.83,43047
19-Mar-12,26.79,26.85,26.68,26.71,58160
16-Mar-12,26.82,26.84,26.71,26.79,46863
15-Mar-12,26.84,26.87,26.65,26.82,85443
14-Mar-12,26.82,26.88,26.72,26.84,41654
13-Mar-12,26.77,26.89,26.60,26.82,86368
12-Mar-12,26.60,26.77,26.41,26.60,96563
9-Mar-12,26.62,26.80,26.52,26.68,84512
8-Mar-12,26.55,26.65,26.48,26.52,49186
7-Mar-12,26.48,26.59,26.44,26.47,45936
6-Mar-12,26.42,26.42,25.95,26.30,89945
5-Mar-12,26.44,26.48,26.30,26.43,69400
2-Mar-12,26.55,26.55,26.38,26.44,66455
1-Mar-12,26.50,26.50,26.37,26.42,60103
29-Feb-12,26.72,26.72,26.35,26.42,112869
28-Feb-12,26.36,26.75,26.35,26.51,91213
27-Feb-12,26.32,26.43,26.26,26.27,117860
24-Feb-12,26.55,26.57,26.29,26.34,91105
23-Feb-12,26.36,26.50,26.36,26.50,50239
22-Feb-12,26.50,26.50,26.15,26.31,55791
21-Feb-12,26.41,26.50,26.33,26.50,103370
17-Feb-12,26.35,26.35,26.12,26.29,83655
16-Feb-12,26.21,26.28,26.15,26.25,50705
15-Feb-12,26.19,26.29,26.09,26.09,87454
14-Feb-12,25.90,26.20,25.87,26.07,93473
13-Feb-12,25.85,25.93,25.71,25.87,87920
10-Feb-12,26.24,26.25,26.17,26.18,56882
9-Feb-12,26.28,26.28,26.14,26.28,54289
8-Feb-12,26.20,26.21,26.12,26.19,68336
7-Feb-12,26.12,26.20,26.07,26.15,53035
6-Feb-12,26.20,26.27,26.05,26.05,79008
3-Feb-12,26.20,26.32,26.12,26.23,70975
2-Feb-12,26.14,26.14,26.05,26.08,52974
1-Feb-12,26.13,26.13,25.96,25.99,97545
31-Jan-12,25.93,26.00,25.83,25.96,100862
30-Jan-12,25.95,25.96,25.76,25.80,93898
27-Jan-12,26.00,26.14,25.90,25.94,319082
26-Jan-12,25.79,26.00,25.74,25.92,115127
25-Jan-12,25.79,25.79,25.65,25.79,56101
24-Jan-12,25.82,25.87,25.65,25.76,82743
23-Jan-12,26.25,26.25,25.70,25.85,144502
20-Jan-12,26.13,26.37,26.06,26.26,501884
19-Jan-12,25.84,26.25,25.82,26.12,456589
18-Jan-12,25.65,25.85,25.62,25.76,749818
17-Jan-12,25.74,25.74,25.60,25.67,178231
13-Jan-12,25.60,25.60,25.60,25.60,0
12-Jan-12,25.66,25.71,25.62,25.64,207764
11-Jan-12,25.69,26.20,25.59,25.65,133943
10-Jan-12,25.50,25.70,25.50,25.67,294363
9-Jan-12,25.38,25.74,25.30,25.55,362845
6-Jan-12,25.24,25.30,25.18,25.26,87342
5-Jan-12,25.24,25.25,25.15,25.25,120293
4-Jan-12,25.18,25.25,25.09,25.18,185963
3-Jan-12,25.20,25.20,25.07,25.20,131629
30-Dec-11,25.12,25.12,25.12,25.12,0
29-Dec-11,25.10,25.16,25.07,25.09,82872
28-Dec-11,25.23,25.23,25.03,25.12,84547
27-Dec-11,25.10,25.10,24.93,25.09,74111
23-Dec-11,25.07,25.07,25.07,25.07,0
22-Dec-11,24.98,25.14,24.95,25.03,254341
21-Dec-11,24.93,24.99,24.83,24.93,160575
20-Dec-11,24.89,24.90,24.71,24.90,168261
19-Dec-11,24.89,24.89,24.80,24.85,129718
16-Dec-11,24.88,24.90,24.83,24.84,124354
15-Dec-11,24.85,24.90,24.76,24.90,177417
14-Dec-11,24.66,24.80,24.64,24.80,145684
13-Dec-11,24.73,24.85,24.62,24.78,172122
12-Dec-11,24.76,24.76,24.58,24.69,147623
9-Dec-11,24.59,24.74,24.57,24.73,149716
8-Dec-11,24.60,24.60,24.46,24.58,222217
7-Dec-11,24.50,24.65,24.37,24.52,202192
6-Dec-11,24.19,24.50,24.19,24.50,316219
5-Dec-11,24.15,24.18,24.12,24.17,310830
2-Dec-11,24.19,24.19,24.05,24.12,361006
1-Dec-11,24.15,24.19,24.13,24.17,227941
30-Nov-11,24.30,24.30,24.10,24.20,539703
29-Nov-11,24.14,24.15,23.95,24.09,247978
28-Nov-11,24.25,24.35,23.85,24.06,227704
25-Nov-11,24.75,24.75,23.56,23.90,177748
