Date,Open,High,Low,Close,Volume
26-Sep-12,9.66,9.80,9.35,9.49,1826789
25-Sep-12,9.50,9.88,9.40,9.77,1836522
24-Sep-12,9.49,9.55,9.22,9.51,1658837
21-Sep-12,9.36,9.60,9.22,9.50,1468476
20-Sep-12,9.36,9.44,9.07,9.33,355498
19-Sep-12,9.34,9.65,9.02,9.39,1443502
18-Sep-12,8.30,8.40,8.07,8.10,230876
17-Sep-12,8.29,8.37,8.05,8.28,337270
14-Sep-12,8.43,8.66,8.28,8.42,223256
13-Sep-12,8.04,8.48,8.00,8.29,330189
12-Sep-12,7.90,8.11,7.81,8.01,387135
11-Sep-12,7.35,7.82,7.30,7.78,305765
10-Sep-12,7.31,7.38,7.16,7.32,119679
7-Sep-12,7.26,7.39,7.16,7.32,1044332
6-Sep-12,7.09,7.25,7.02,7.20,1356412
5-Sep-12,7.08,7.24,7.00,7.01,1009274
4-Sep-12,7.02,7.15,7.00,7.10,934444
31-Aug-12,6.64,7.14,6.59,7.03,1722599
30-Aug-12,6.74,6.82,6.42,6.57,603312
29-Aug-12,6.75,7.00,6.72,6.75,1436296
28-Aug-12,6.69,6.80,6.57,6.63,318321
27-Aug-12,6.87,6.94,6.64,6.68,483079
24-Aug-12,6.72,6.89,6.72,6.86,982348
23-Aug-12,6.66,6.67,6.54,6.61,451790
22-Aug-12,6.62,6.84,6.52,6.67,581171
21-Aug-12,6.54,6.86,6.49,6.61,994529
20-Aug-12,6.23,6.48,6.17,6.48,516146
17-Aug-12,6.13,6.24,6.05,6.23,889876
16-Aug-12,6.15,6.25,6.00,6.14,2174209
15-Aug-12,5.83,5.99,5.78,5.90,286047
14-Aug-12,5.80,6.01,5.74,5.85,773486
13-Aug-12,5.61,5.80,5.52,5.76,412201
10-Aug-12,5.80,5.83,5.42,5.61,1631255
9-Aug-12,0.00,0.00,0.00,5.80,10525
8-Aug-12,7.00,7.22,6.35,6.38,1197329
7-Aug-12,6.84,6.93,6.78,6.90,631282
6-Aug-12,6.72,6.89,6.59,6.81,424751
3-Aug-12,6.80,6.90,6.64,6.72,480700
2-Aug-12,6.68,6.80,6.48,6.69,1060300
1-Aug-12,6.66,6.74,6.51,6.57,611093
31-Jul-12,6.28,6.72,6.26,6.62,759127
30-Jul-12,6.69,6.69,6.26,6.26,343740
27-Jul-12,6.55,6.75,6.43,6.69,694006
26-Jul-12,6.35,6.55,6.24,6.52,510909
25-Jul-12,6.25,6.37,6.09,6.22,416232
24-Jul-12,6.15,6.19,6.06,6.11,475063
23-Jul-12,6.27,6.36,6.02,6.11,661133
20-Jul-12,6.59,6.68,6.34,6.37,641237
19-Jul-12,6.78,6.86,6.65,6.65,377342
18-Jul-12,6.64,6.80,6.58,6.75,490678
17-Jul-12,6.58,6.72,6.39,6.68,320878
16-Jul-12,6.47,6.60,6.30,6.54,357241
13-Jul-12,6.36,6.56,6.30,6.52,382927
12-Jul-12,6.14,6.42,6.09,6.35,645511
11-Jul-12,6.11,6.23,6.00,6.17,664161
10-Jul-12,6.56,6.63,6.07,6.11,684580
9-Jul-12,6.92,6.99,6.38,6.47,914947
6-Jul-12,7.02,7.10,6.81,6.96,468626
5-Jul-12,6.81,7.12,6.70,7.06,984311
3-Jul-12,6.68,6.90,6.60,6.89,674414
2-Jul-12,6.20,6.66,6.10,6.66,966049
29-Jun-12,6.30,6.45,6.11,6.20,669252
28-Jun-12,6.17,6.26,6.00,6.18,669411
27-Jun-12,6.15,6.28,5.92,6.20,1344866
26-Jun-12,6.42,6.42,6.10,6.15,489975
25-Jun-12,6.48,6.53,6.31,6.38,347239
22-Jun-12,6.42,6.62,6.22,6.60,1303917
21-Jun-12,6.09,6.48,6.09,6.36,810372
20-Jun-12,6.34,6.36,6.06,6.08,910869
19-Jun-12,6.59,6.67,6.21,6.30,1067731
18-Jun-12,6.63,6.90,6.53,6.58,800079
15-Jun-12,6.77,6.81,6.40,6.67,1268871
14-Jun-12,6.41,6.89,6.21,6.77,1398788
13-Jun-12,6.31,6.65,6.11,6.17,1149494
12-Jun-12,6.14,6.23,6.02,6.16,515195
11-Jun-12,6.48,6.51,6.11,6.12,573562
8-Jun-12,6.17,6.48,6.05,6.41,731551
7-Jun-12,6.25,6.28,6.12,6.21,1637755
6-Jun-12,6.37,6.49,6.24,6.47,1291006
5-Jun-12,6.70,6.70,6.03,6.29,3447985
4-Jun-12,6.97,7.11,6.81,6.96,290651
1-Jun-12,7.08,7.15,6.81,6.89,712629
31-May-12,7.53,7.53,7.02,7.18,736964
30-May-12,7.46,7.57,7.38,7.51,630695
29-May-12,7.46,7.64,7.35,7.57,714413
25-May-12,7.28,7.35,7.12,7.35,396210
24-May-12,7.14,7.37,6.97,7.32,558056
23-May-12,6.89,7.19,6.68,7.10,644507
22-May-12,7.18,7.30,6.85,6.93,606327
21-May-12,6.56,7.29,6.50,7.21,960299
18-May-12,6.51,6.75,6.14,6.50,706275
17-May-12,6.69,6.72,6.50,6.50,731561
16-May-12,6.83,7.00,6.60,6.69,398585
15-May-12,7.31,7.40,6.77,6.82,1285025
14-May-12,7.11,7.18,6.88,6.89,391120
11-May-12,6.75,7.32,6.68,7.20,761886
10-May-12,6.49,6.96,6.42,6.80,1125218
9-May-12,5.93,6.51,5.78,6.50,1122724
8-May-12,5.96,6.06,5.83,6.05,579654
7-May-12,6.07,6.18,5.90,5.99,620685
4-May-12,6.44,6.47,5.96,5.99,752882
3-May-12,6.55,6.58,6.31,6.43,565278
2-May-12,6.52,6.71,6.50,6.59,435862
1-May-12,6.67,6.77,6.59,6.60,527196
30-Apr-12,6.86,6.86,6.62,6.65,730944
27-Apr-12,6.83,7.08,6.64,6.90,693223
26-Apr-12,6.86,6.95,6.60,6.79,989338
25-Apr-12,7.08,7.19,6.68,6.88,881829
24-Apr-12,6.77,7.14,6.56,6.97,1022585
23-Apr-12,7.20,7.45,6.63,6.74,4860991
20-Apr-12,8.31,8.40,8.09,8.28,796602
19-Apr-12,7.63,8.40,7.16,8.30,6291904
18-Apr-12,9.02,9.51,8.91,9.50,1082253
17-Apr-12,8.88,9.44,8.88,9.05,897605
16-Apr-12,9.12,9.15,8.57,8.77,920791
13-Apr-12,9.59,9.61,9.01,9.02,846975
12-Apr-12,10.13,10.21,9.59,9.64,920346
11-Apr-12,10.57,10.68,10.04,10.15,544101
10-Apr-12,10.59,10.73,10.29,10.36,1292135
9-Apr-12,10.81,10.84,10.42,10.57,970407
5-Apr-12,10.59,11.08,10.48,10.95,1639889
4-Apr-12,10.36,10.58,10.15,10.47,1512510
3-Apr-12,10.17,10.49,10.08,10.46,612443
2-Apr-12,9.63,10.48,9.56,10.17,1338539
30-Mar-12,10.05,10.05,9.56,9.58,478680
29-Mar-12,9.66,10.03,9.44,9.96,885075
28-Mar-12,10.21,10.44,9.55,9.73,696915
27-Mar-12,10.25,10.33,10.08,10.09,659545
26-Mar-12,10.02,10.44,9.95,10.22,547478
23-Mar-12,9.96,10.08,9.76,9.92,389141
22-Mar-12,10.42,10.52,9.86,9.93,677747
21-Mar-12,10.07,10.50,9.90,10.41,1204390
20-Mar-12,10.49,10.53,9.84,9.94,866446
19-Mar-12,10.52,10.73,10.38,10.52,461988
16-Mar-12,10.87,10.96,10.34,10.54,4108524
15-Mar-12,10.70,11.15,10.59,10.80,1065267
14-Mar-12,10.77,10.79,10.49,10.78,691624
13-Mar-12,10.79,10.95,10.45,10.67,789898
12-Mar-12,10.82,11.00,10.64,10.74,803419
9-Mar-12,10.93,11.25,10.72,10.82,1608912
8-Mar-12,10.37,10.89,10.12,10.75,1701509
7-Mar-12,10.02,10.26,9.94,10.23,1139177
6-Mar-12,9.89,10.15,9.36,10.00,1161375
5-Mar-12,10.30,10.30,9.74,10.02,810045
2-Mar-12,10.67,10.98,10.25,10.27,661891
1-Mar-12,10.21,10.78,10.21,10.68,528732
29-Feb-12,10.90,10.90,10.22,10.50,1015428
28-Feb-12,10.51,11.12,10.50,10.90,1015947
27-Feb-12,10.64,10.66,10.36,10.54,622383
24-Feb-12,10.53,11.05,10.40,10.72,1267457
23-Feb-12,10.30,10.65,10.02,10.50,1121277
22-Feb-12,10.58,10.69,10.30,10.32,747627
21-Feb-12,10.98,11.05,10.53,10.68,1328487
17-Feb-12,10.60,11.14,10.43,11.04,6507694
16-Feb-12,8.74,9.08,8.70,8.75,883518
15-Feb-12,9.51,9.58,8.47,8.71,2453146
14-Feb-12,9.61,9.61,9.32,9.33,874129
13-Feb-12,9.97,10.09,9.55,9.66,769121
10-Feb-12,9.47,10.20,9.32,9.90,1505281
9-Feb-12,9.81,10.00,9.40,9.47,1014159
8-Feb-12,10.17,10.67,9.77,9.77,1409153
7-Feb-12,10.76,10.77,9.52,10.38,4518829
6-Feb-12,11.50,11.82,11.45,11.57,613484
3-Feb-12,11.47,12.07,10.90,11.73,2652438
2-Feb-12,11.13,12.46,10.90,12.38,2698041
1-Feb-12,11.20,11.48,10.84,11.09,1279273
31-Jan-12,11.10,11.28,10.80,11.09,933565
30-Jan-12,10.45,11.20,10.20,11.05,1065354
27-Jan-12,10.16,11.17,10.02,10.56,1769361
26-Jan-12,10.54,10.55,10.01,10.34,1213750
25-Jan-12,10.39,10.73,10.21,10.50,1622255
24-Jan-12,9.33,10.90,9.11,10.75,4931502
23-Jan-12,9.45,9.60,8.92,9.21,1561003
20-Jan-12,10.24,10.33,9.08,9.47,3668077
19-Jan-12,10.96,11.17,10.28,10.62,2583633
18-Jan-12,11.56,11.56,10.66,10.88,1729956
17-Jan-12,12.35,12.50,11.14,11.18,2300732
13-Jan-12,12.37,12.37,12.37,12.37,0
12-Jan-12,11.44,12.20,10.85,11.76,2366221
11-Jan-12,11.89,12.51,11.06,11.66,4757220
10-Jan-12,10.06,12.24,9.33,11.90,6823574
9-Jan-12,9.34,9.86,8.66,9.72,6042600
6-Jan-12,7.86,7.86,7.76,7.80,176336
5-Jan-12,7.69,7.88,7.60,7.83,301748
4-Jan-12,8.00,8.15,7.65,7.71,968695
3-Jan-12,7.81,7.98,7.50,7.63,318941
30-Dec-11,7.62,7.62,7.62,7.62,0
29-Dec-11,7.79,7.81,7.60,7.73,165438
28-Dec-11,7.96,7.96,7.75,7.78,205799
27-Dec-11,7.76,8.00,7.69,7.98,158079
23-Dec-11,7.79,7.79,7.79,7.79,0
22-Dec-11,7.99,8.22,7.89,8.00,717689
21-Dec-11,7.69,7.96,7.28,7.94,681007
20-Dec-11,7.96,8.00,7.65,7.72,694670
19-Dec-11,7.51,7.90,7.51,7.73,632385
16-Dec-11,7.18,7.87,7.15,7.58,1562485
15-Dec-11,7.40,7.50,7.26,7.38,613921
14-Dec-11,7.26,7.43,7.05,7.26,510397
13-Dec-11,7.33,7.33,7.33,7.33,0
12-Dec-11,7.42,7.62,7.35,7.59,677926
9-Dec-11,6.85,7.63,6.85,7.52,1117596
8-Dec-11,7.33,7.74,6.81,6.83,962755
7-Dec-11,7.03,7.51,6.87,7.40,1007180
6-Dec-11,6.99,7.13,6.90,7.07,800709
5-Dec-11,7.10,7.15,6.87,6.96,973624
2-Dec-11,7.01,7.15,6.75,6.85,768912
1-Dec-11,6.60,7.06,6.45,6.90,1395680
30-Nov-11,6.59,6.90,6.31,6.65,1815153
29-Nov-11,6.22,6.84,5.91,6.36,1515165
28-Nov-11,5.86,6.13,5.71,5.95,485767
25-Nov-11,5.67,5.77,5.50,5.60,153514
23-Nov-11,5.69,5.69,5.69,5.69,0
22-Nov-11,6.05,6.18,5.87,5.88,589776
21-Nov-11,6.03,6.05,5.64,5.94,828674
18-Nov-11,5.41,6.30,5.23,5.84,1762373
17-Nov-11,5.32,5.58,5.30,5.40,911618
16-Nov-11,5.28,5.49,5.13,5.32,732804
15-Nov-11,5.28,5.46,5.21,5.34,653867
14-Nov-11,5.27,5.35,5.12,5.27,486372
11-Nov-11,5.32,5.50,5.26,5.30,289092
10-Nov-11,5.27,5.45,5.23,5.25,344327
9-Nov-11,5.45,5.60,5.18,5.19,461319
8-Nov-11,6.13,6.13,5.50,5.57,592047
7-Nov-11,6.45,6.58,6.02,6.06,321325
4-Nov-11,6.51,6.61,6.28,6.45,265447
3-Nov-11,6.55,6.55,6.55,6.55,0
2-Nov-11,6.20,6.31,5.97,6.17,290031
1-Nov-11,6.00,6.28,5.95,6.05,441625
31-Oct-11,6.38,6.45,6.25,6.32,211482
28-Oct-11,6.54,6.78,6.41,6.52,214312
27-Oct-11,6.38,6.76,6.15,6.58,603046
26-Oct-11,5.88,6.11,5.66,6.08,214636
25-Oct-11,6.09,6.09,5.66,5.73,238675
24-Oct-11,5.99,6.24,5.88,6.13,223525
21-Oct-11,6.16,6.16,5.44,5.98,516129
20-Oct-11,6.21,6.24,5.83,6.00,580006
19-Oct-11,5.91,6.26,5.91,6.25,838545
18-Oct-11,5.90,6.05,5.70,6.01,1033716
17-Oct-11,5.90,6.40,5.62,5.89,1620105
14-Oct-11,5.00,5.92,4.98,5.82,603349
13-Oct-11,4.86,5.02,4.72,4.93,217512
12-Oct-11,4.94,5.10,4.86,4.91,368108
11-Oct-11,4.90,5.04,4.69,4.90,277283
10-Oct-11,4.53,4.97,4.50,4.95,515235
7-Oct-11,4.53,4.59,4.37,4.42,400685
6-Oct-11,4.13,4.54,4.03,4.50,396383
5-Oct-11,4.15,4.33,3.95,4.13,342557
4-Oct-11,3.97,4.22,3.81,4.15,761651
3-Oct-11,4.66,4.70,4.01,4.01,536421
30-Sep-11,4.91,4.97,4.50,4.72,971711
29-Sep-11,5.04,5.05,4.74,5.00,439059
