Date,Open,High,Low,Close,Volume
27-Sep-12,109.95,110.40,109.16,110.12,314180
26-Sep-12,110.27,110.50,108.64,109.47,344871
25-Sep-12,111.13,111.40,110.00,110.14,589855
24-Sep-12,109.21,111.32,108.44,111.08,818932
21-Sep-12,109.21,109.47,108.48,109.21,651539
20-Sep-12,108.72,109.33,107.92,108.79,933065
19-Sep-12,106.43,109.33,106.30,109.00,729860
18-Sep-12,104.84,106.30,104.50,106.29,617471
17-Sep-12,105.06,105.12,104.36,104.85,232698
14-Sep-12,105.02,105.93,104.66,105.20,318966
13-Sep-12,104.37,105.20,103.47,105.05,412337
12-Sep-12,103.58,104.51,103.58,104.07,308500
11-Sep-12,104.58,104.81,104.22,104.46,285342
10-Sep-12,104.80,105.46,104.52,104.65,308336
7-Sep-12,105.02,105.64,104.34,104.85,247005
6-Sep-12,103.02,104.95,102.85,104.91,299070
5-Sep-12,102.70,102.76,101.33,102.02,203195
4-Sep-12,102.05,103.00,101.21,102.49,299521
31-Aug-12,103.34,103.66,102.05,102.79,386570
30-Aug-12,102.40,102.96,101.99,102.52,288623
29-Aug-12,103.43,103.48,102.44,103.17,274083
28-Aug-12,103.51,103.84,103.00,103.21,192465
27-Aug-12,104.22,104.61,103.73,103.83,324427
24-Aug-12,104.14,105.00,103.64,104.18,346042
23-Aug-12,103.93,104.84,103.54,104.51,382394
22-Aug-12,103.75,104.40,103.27,103.96,365382
21-Aug-12,105.46,105.80,104.17,104.19,358181
20-Aug-12,105.62,106.10,104.65,105.15,261772
17-Aug-12,106.20,106.73,105.89,106.08,136868
16-Aug-12,104.94,106.44,104.73,105.80,95235
15-Aug-12,104.41,105.40,104.28,105.00,85305
14-Aug-12,105.13,105.36,104.43,104.77,95654
13-Aug-12,104.34,105.16,103.40,104.98,113306
10-Aug-12,103.43,104.77,103.16,104.76,60856
9-Aug-12,104.09,104.32,103.68,103.88,61399
8-Aug-12,103.36,104.22,102.99,104.14,102484
7-Aug-12,103.63,104.06,102.97,103.34,178774
6-Aug-12,103.57,104.71,103.16,103.27,150210
3-Aug-12,103.64,104.11,103.14,103.54,129476
2-Aug-12,100.53,102.14,100.07,102.06,463355
1-Aug-12,99.70,102.62,99.47,101.44,933959
31-Jul-12,99.94,101.07,98.77,99.45,1108642
30-Jul-12,102.82,108.89,99.34,99.64,2458560
27-Jul-12,96.10,98.90,96.10,98.59,604997
26-Jul-12,95.63,96.10,94.45,95.87,579363
25-Jul-12,94.21,94.63,93.19,93.82,363124
24-Jul-12,95.66,95.88,92.88,93.73,483850
23-Jul-12,95.15,96.19,94.62,95.81,378083
20-Jul-12,95.91,97.68,95.62,97.03,575666
19-Jul-12,96.63,97.38,96.50,96.61,391754
18-Jul-12,94.25,97.26,94.17,96.28,594408
17-Jul-12,94.94,95.52,93.75,94.58,460871
16-Jul-12,95.72,95.78,94.44,94.68,432962
13-Jul-12,94.60,96.56,94.51,96.19,258902
12-Jul-12,94.06,95.00,92.53,94.44,551903
11-Jul-12,96.17,96.68,94.32,94.82,880407
10-Jul-12,97.48,97.90,95.61,96.30,422525
9-Jul-12,97.96,97.96,96.34,97.05,244422
6-Jul-12,98.14,98.84,96.33,97.12,287906
5-Jul-12,98.33,99.65,98.08,99.07,276511
3-Jul-12,97.76,98.90,97.36,98.75,229541
2-Jul-12,97.20,98.45,96.67,97.52,509667
29-Jun-12,97.35,98.81,97.35,98.58,780999
28-Jun-12,95.05,96.08,94.34,95.38,634283
27-Jun-12,96.35,96.46,95.73,96.22,360337
26-Jun-12,96.31,96.45,94.83,95.60,541155
25-Jun-12,98.35,98.35,95.46,96.14,497337
22-Jun-12,99.33,99.81,98.27,99.21,384181
21-Jun-12,102.02,102.16,98.88,99.11,323140
20-Jun-12,102.88,103.05,100.89,101.79,350721
19-Jun-12,101.78,103.47,101.44,102.89,383388
18-Jun-12,100.63,101.61,99.85,101.43,478654
15-Jun-12,100.74,101.07,99.85,100.78,559508
14-Jun-12,99.50,100.62,99.01,99.98,355017
13-Jun-12,100.33,101.17,98.88,99.31,326754
12-Jun-12,98.93,100.79,98.59,100.70,342351
11-Jun-12,101.16,101.16,98.43,98.52,366504
8-Jun-12,99.05,100.52,98.42,100.16,404398
7-Jun-12,101.23,103.33,98.72,99.05,462011
6-Jun-12,97.82,99.38,97.34,99.38,389206
5-Jun-12,95.56,97.09,95.47,96.84,603852
4-Jun-12,97.43,97.84,95.08,95.91,692891
1-Jun-12,100.13,100.13,97.44,97.50,591228
31-May-12,101.45,101.94,100.22,101.22,490759
30-May-12,101.34,102.40,100.88,101.69,488370
29-May-12,101.46,102.59,101.03,102.58,326796
25-May-12,100.55,100.92,99.77,100.34,310236
24-May-12,100.57,100.95,99.49,100.36,382989
23-May-12,98.51,100.35,97.23,100.20,519841
22-May-12,99.31,99.79,98.38,99.36,644231
21-May-12,96.53,98.81,95.87,98.76,440033
18-May-12,96.65,97.43,95.31,95.58,834783
17-May-12,100.64,100.89,96.56,96.86,890008
16-May-12,101.48,101.85,100.25,100.44,412304
15-May-12,101.08,101.83,100.44,100.95,430336
14-May-12,100.93,102.05,100.46,101.00,464976
11-May-12,101.21,102.16,100.93,101.86,428422
10-May-12,101.86,101.98,100.84,101.66,430670
9-May-12,99.83,101.78,99.81,100.83,483536
8-May-12,100.48,101.49,99.63,101.13,480966
7-May-12,100.76,101.30,100.47,100.96,419974
4-May-12,101.73,101.78,99.44,100.73,557872
3-May-12,103.04,103.47,101.93,102.22,311186
2-May-12,102.06,103.18,101.65,102.99,450531
1-May-12,102.00,103.50,100.69,102.79,530115
30-Apr-12,102.49,102.54,101.29,101.90,558854
27-Apr-12,102.41,102.97,102.12,102.69,481628
26-Apr-12,100.58,102.12,100.58,102.12,818344
25-Apr-12,99.65,101.45,99.33,101.24,664792
24-Apr-12,98.24,99.41,97.71,98.80,511882
23-Apr-12,97.03,99.81,97.00,98.85,912910
20-Apr-12,97.25,99.69,97.21,98.14,671508
19-Apr-12,99.02,99.08,96.26,96.95,1009350
18-Apr-12,99.41,99.84,98.79,98.84,536766
17-Apr-12,98.71,100.66,98.46,99.90,609838
16-Apr-12,98.29,98.71,97.50,97.95,437669
13-Apr-12,98.47,98.70,97.44,97.69,385308
12-Apr-12,96.47,98.74,96.40,98.60,311998
11-Apr-12,96.16,97.66,95.32,96.36,446323
10-Apr-12,96.71,96.94,95.05,95.24,644313
9-Apr-12,96.55,97.38,95.73,96.94,417170
5-Apr-12,97.97,98.41,97.68,98.07,239660
4-Apr-12,98.37,98.60,97.57,98.26,366637
3-Apr-12,99.21,99.33,98.57,99.11,645831
2-Apr-12,99.18,99.81,98.53,99.26,612609
30-Mar-12,99.47,99.81,98.55,99.16,968133
29-Mar-12,98.48,99.10,98.09,98.78,782199
28-Mar-12,100.49,100.49,98.20,99.15,586606
27-Mar-12,100.57,101.02,100.39,100.71,356933
26-Mar-12,100.37,101.06,100.37,100.49,561495
23-Mar-12,99.44,99.89,98.77,99.70,392260
22-Mar-12,99.08,99.30,98.41,99.30,503717
21-Mar-12,99.50,99.99,99.19,99.83,339060
20-Mar-12,98.96,99.81,98.15,99.78,623805
19-Mar-12,99.56,99.59,98.65,99.44,362195
16-Mar-12,99.50,99.79,98.87,99.40,768104
15-Mar-12,98.99,99.38,98.39,99.08,639561
14-Mar-12,98.28,99.52,97.88,99.15,1144205
13-Mar-12,95.86,98.00,95.86,97.87,734012
12-Mar-12,94.92,95.83,94.92,95.55,540850
9-Mar-12,94.37,95.74,94.36,95.05,618873
8-Mar-12,93.61,94.44,93.00,94.24,457701
7-Mar-12,91.91,93.33,91.67,93.00,601507
6-Mar-12,92.18,92.46,91.31,91.65,580975
5-Mar-12,93.25,93.82,92.69,93.55,500349
2-Mar-12,93.33,93.87,92.92,93.53,569675
1-Mar-12,91.69,93.61,91.69,93.40,697878
29-Feb-12,93.42,93.97,91.52,91.52,1581088
28-Feb-12,94.49,94.49,92.73,93.19,675323
27-Feb-12,93.81,94.91,92.89,94.50,658869
24-Feb-12,94.58,95.35,93.85,94.58,439497
23-Feb-12,94.86,95.21,94.24,94.33,394376
22-Feb-12,95.11,95.73,94.48,95.00,380576
21-Feb-12,94.99,95.53,94.72,95.29,322832
17-Feb-12,95.04,95.16,94.13,94.66,342780
16-Feb-12,93.42,94.59,93.35,94.52,254279
15-Feb-12,94.40,94.61,92.80,93.35,328453
14-Feb-12,93.77,94.22,93.31,94.21,326271
13-Feb-12,93.65,94.30,93.05,94.29,420581
10-Feb-12,93.07,93.31,92.25,93.21,443623
9-Feb-12,94.19,94.53,93.37,94.42,264421
8-Feb-12,94.54,94.99,93.57,94.43,436766
7-Feb-12,93.85,94.75,93.52,94.60,419072
6-Feb-12,93.42,94.56,93.20,94.31,738700
3-Feb-12,95.25,95.25,93.48,93.86,1108677
2-Feb-12,94.87,95.88,90.98,93.43,1730711
1-Feb-12,93.63,96.91,93.63,96.48,939111
31-Jan-12,94.78,95.22,93.17,93.39,864258
30-Jan-12,93.59,94.52,93.21,94.34,422615
27-Jan-12,93.98,95.06,93.57,94.37,372832
26-Jan-12,95.40,96.00,93.92,94.25,499293
25-Jan-12,94.80,95.50,94.01,95.30,471331
24-Jan-12,93.43,95.05,93.43,95.00,234100
23-Jan-12,94.34,95.23,93.50,94.15,423381
20-Jan-12,94.66,95.09,93.84,94.08,346125
19-Jan-12,94.00,95.10,93.82,94.78,530749
18-Jan-12,92.74,93.62,91.89,93.62,544650
17-Jan-12,93.14,93.77,92.71,92.94,538242
13-Jan-12,92.82,92.82,92.82,92.82,0
12-Jan-12,91.88,92.84,91.50,92.62,405347
11-Jan-12,91.43,92.44,91.16,92.06,304375
10-Jan-12,91.44,91.98,91.32,91.65,557254
9-Jan-12,89.88,90.54,88.95,90.40,308618
6-Jan-12,89.41,90.29,89.35,89.84,478383
5-Jan-12,87.61,89.60,86.68,89.47,527947
4-Jan-12,87.77,88.42,87.11,88.02,281094
3-Jan-12,88.69,89.13,87.33,88.21,559662
30-Dec-11,86.87,86.87,86.87,86.87,0
29-Dec-11,86.84,87.48,86.52,86.99,619065
28-Dec-11,88.42,88.67,85.96,86.48,358272
27-Dec-11,88.12,88.92,87.29,88.42,200678
23-Dec-11,88.20,88.20,88.20,88.20,0
22-Dec-11,86.52,87.80,86.23,87.49,422753
21-Dec-11,86.83,87.16,85.26,86.10,552659
20-Dec-11,84.69,87.09,84.55,86.95,550019
19-Dec-11,83.47,84.26,82.74,82.97,662399
16-Dec-11,82.80,84.08,82.40,83.08,733308
15-Dec-11,82.40,82.54,81.47,81.99,462339
14-Dec-11,82.20,82.29,81.16,81.42,655463
13-Dec-11,83.29,84.11,82.35,82.71,920367
12-Dec-11,83.81,83.81,81.90,82.95,481903
9-Dec-11,83.59,84.83,83.06,84.57,347983
8-Dec-11,84.09,84.66,82.92,83.16,512379
7-Dec-11,84.24,84.57,82.91,84.22,406233
6-Dec-11,85.15,85.40,84.36,84.67,358216
5-Dec-11,85.52,85.79,84.56,85.17,487244
2-Dec-11,85.44,86.13,84.47,84.53,373185
1-Dec-11,84.86,85.76,84.64,84.67,471273
30-Nov-11,85.86,86.18,84.24,85.19,1075710
29-Nov-11,82.77,83.58,82.55,82.83,480857
28-Nov-11,81.84,83.29,81.61,82.60,381279
25-Nov-11,79.32,80.66,78.95,79.43,177923
23-Nov-11,79.50,79.50,79.50,79.50,0
22-Nov-11,81.43,81.98,80.77,81.56,417797
21-Nov-11,81.77,82.35,80.66,81.46,417128
18-Nov-11,83.72,84.16,82.51,83.28,503895
17-Nov-11,84.46,84.86,81.95,82.73,717994
16-Nov-11,85.71,86.40,84.74,84.90,547804
15-Nov-11,85.21,87.08,85.16,86.70,492276
14-Nov-11,85.01,85.95,85.01,85.53,515395
11-Nov-11,83.75,85.67,83.75,85.41,452545
10-Nov-11,82.67,83.35,81.87,82.55,443799
9-Nov-11,82.64,83.19,81.06,81.59,510497
8-Nov-11,84.66,85.25,83.48,84.81,433945
7-Nov-11,82.92,84.20,82.09,84.17,522501
4-Nov-11,83.80,83.80,82.44,83.30,480116
3-Nov-11,82.09,84.49,80.89,84.24,527932
2-Nov-11,80.33,81.49,79.79,81.01,415366
1-Nov-11,78.65,80.10,77.98,78.92,713803
31-Oct-11,81.48,82.67,80.71,81.10,578243
28-Oct-11,81.93,83.33,81.71,82.89,527838
27-Oct-11,82.03,82.80,81.42,82.12,960623
26-Oct-11,79.58,79.92,77.94,79.54,643526
25-Oct-11,78.51,79.28,76.71,78.50,844049
24-Oct-11,69.80,79.46,69.80,78.85,1215636
21-Oct-11,77.54,77.88,76.26,77.69,1071431
20-Oct-11,76.64,77.24,75.62,76.32,643794
19-Oct-11,76.93,77.90,76.37,76.57,620901
18-Oct-11,75.19,77.90,74.98,77.22,689575
17-Oct-11,77.54,77.81,74.98,75.11,508572
14-Oct-11,77.61,78.50,77.08,77.96,669135
13-Oct-11,76.52,76.83,75.12,75.53,573415
12-Oct-11,76.47,78.46,76.25,77.49,519416
11-Oct-11,75.43,76.58,75.07,76.15,344093
10-Oct-11,74.53,75.95,74.15,75.81,413158
7-Oct-11,73.82,74.24,72.35,73.12,526891
6-Oct-11,72.02,73.52,71.23,73.50,797928
5-Oct-11,69.94,72.10,69.18,72.02,963248
4-Oct-11,65.31,70.11,64.90,70.01,1042816
3-Oct-11,68.50,69.03,65.96,66.40,840605
30-Sep-11,71.02,72.10,68.90,68.91,904304
