Date,Open,High,Low,Close,Volume
27-Sep-12,6.81,6.90,6.77,6.87,13694
26-Sep-12,6.69,6.92,6.69,6.81,15692
25-Sep-12,6.84,6.90,6.63,6.70,24510
24-Sep-12,6.83,6.90,6.68,6.84,12561
21-Sep-12,6.73,6.91,6.73,6.91,27649
20-Sep-12,6.55,6.71,6.49,6.63,13366
19-Sep-12,6.41,6.67,6.41,6.59,8889
18-Sep-12,6.47,6.54,6.35,6.39,11077
17-Sep-12,6.69,6.69,6.43,6.47,13844
14-Sep-12,6.68,6.74,6.65,6.74,8433
13-Sep-12,6.48,6.68,6.45,6.65,16901
12-Sep-12,6.57,6.57,6.45,6.50,11485
11-Sep-12,6.43,6.55,6.43,6.48,11814
10-Sep-12,6.49,6.52,6.40,6.44,15197
7-Sep-12,6.55,6.64,6.40,6.46,31975
6-Sep-12,6.36,6.73,6.33,6.50,42958
5-Sep-12,6.34,6.43,6.32,6.36,26002
4-Sep-12,6.38,6.44,6.21,6.30,22038
31-Aug-12,6.36,6.44,6.33,6.34,14386
30-Aug-12,6.38,6.45,6.32,6.35,10188
29-Aug-12,6.32,6.44,6.32,6.43,16606
28-Aug-12,6.40,6.40,6.20,6.30,36051
27-Aug-12,6.37,6.49,6.27,6.40,20368
24-Aug-12,6.29,6.40,6.26,6.38,8073
23-Aug-12,6.46,6.46,6.24,6.32,16279
22-Aug-12,6.46,6.51,6.42,6.43,13090
21-Aug-12,6.40,6.50,6.39,6.44,19047
20-Aug-12,6.36,6.45,6.34,6.41,16764
17-Aug-12,6.38,6.43,6.36,6.40,25004
16-Aug-12,6.43,6.43,6.34,6.41,11241
15-Aug-12,6.37,6.43,6.34,6.40,21379
14-Aug-12,6.39,6.50,6.32,6.40,36715
13-Aug-12,6.43,6.48,6.27,6.38,26884
10-Aug-12,6.34,6.44,6.34,6.40,60835
9-Aug-12,6.23,6.40,6.23,6.39,16774
8-Aug-12,6.25,6.34,6.18,6.21,14017
7-Aug-12,6.25,6.36,6.21,6.29,40032
6-Aug-12,6.42,6.42,6.11,6.40,38529
3-Aug-12,5.74,6.40,5.74,6.40,23226
2-Aug-12,6.06,6.11,5.98,6.07,12601
1-Aug-12,6.03,6.07,6.00,6.00,24060
31-Jul-12,6.11,6.23,6.00,6.07,23076
30-Jul-12,6.25,6.25,6.03,6.07,10308
27-Jul-12,6.05,6.23,6.00,6.23,19726
26-Jul-12,6.09,6.12,6.00,6.07,17682
25-Jul-12,6.05,6.05,5.97,6.03,14838
24-Jul-12,6.11,6.11,6.00,6.03,17195
23-Jul-12,6.14,6.21,6.12,6.12,13950
20-Jul-12,6.20,6.23,6.15,6.19,14807
19-Jul-12,6.33,6.35,6.20,6.20,5759
18-Jul-12,6.29,6.36,6.27,6.33,8184
17-Jul-12,6.35,6.43,6.28,6.30,24817
16-Jul-12,6.37,6.49,6.29,6.30,11223
13-Jul-12,6.36,6.47,6.19,6.40,20154
12-Jul-12,6.36,6.45,6.19,6.38,33419
11-Jul-12,6.22,6.40,6.22,6.38,15464
10-Jul-12,6.26,6.41,6.25,6.38,61342
9-Jul-12,6.30,6.64,6.17,6.19,56347
6-Jul-12,6.36,6.42,6.29,6.37,28938
5-Jul-12,6.41,6.43,6.35,6.40,18503
3-Jul-12,6.35,6.41,6.31,6.40,9638
2-Jul-12,6.42,6.42,6.35,6.40,1136200
29-Jun-12,6.42,6.42,6.17,6.38,27346
28-Jun-12,6.29,6.35,6.22,6.34,8904
27-Jun-12,6.25,6.35,6.15,6.35,14313
26-Jun-12,6.21,6.29,6.15,6.23,19155
25-Jun-12,6.10,6.34,6.04,6.15,45512
22-Jun-12,6.30,6.50,6.00,6.12,1532536
21-Jun-12,6.24,6.52,5.96,6.36,43917
20-Jun-12,6.33,6.35,6.06,6.31,22619
19-Jun-12,6.39,6.55,6.27,6.29,66847
18-Jun-12,6.13,6.53,6.13,6.32,36372
15-Jun-12,6.28,6.40,6.11,6.21,29405
14-Jun-12,6.20,6.40,6.04,6.31,30829
13-Jun-12,5.94,6.17,5.94,6.16,10093
12-Jun-12,5.96,6.07,5.90,5.91,21788
11-Jun-12,6.06,6.20,5.90,5.92,39530
8-Jun-12,6.12,6.12,6.05,6.06,47382
7-Jun-12,6.17,6.17,6.11,6.12,5300
6-Jun-12,6.20,6.24,6.13,6.17,4668
5-Jun-12,6.18,6.25,6.11,6.24,16015
4-Jun-12,6.07,6.33,6.07,6.25,60213
1-Jun-12,5.97,6.29,5.97,6.11,6446
31-May-12,6.08,6.33,6.08,6.09,12028
30-May-12,6.24,6.48,5.93,6.14,30388
29-May-12,6.33,6.40,6.08,6.34,15923
25-May-12,6.10,6.23,6.09,6.11,3811
24-May-12,6.27,6.28,5.96,6.09,14295
23-May-12,6.10,6.19,6.01,6.15,6753
22-May-12,6.22,6.34,6.10,6.14,8250
21-May-12,6.18,6.44,6.17,6.20,14417
18-May-12,6.29,6.30,6.16,6.19,4449
17-May-12,6.54,6.60,6.14,6.27,11539
16-May-12,6.79,6.81,6.56,6.60,12744
15-May-12,6.79,6.92,6.67,6.83,11107
14-May-12,6.71,6.98,6.43,6.87,97628
11-May-12,6.44,6.94,6.42,6.68,30203
10-May-12,6.59,6.65,6.43,6.61,118367
9-May-12,6.61,6.63,6.31,6.50,52961
8-May-12,6.99,7.00,6.51,6.73,37962
7-May-12,6.98,7.00,6.91,6.99,10250
4-May-12,6.67,7.09,6.67,7.09,13153
3-May-12,7.01,7.02,6.90,7.00,17437
2-May-12,6.98,7.08,6.89,7.05,27646
1-May-12,6.99,7.00,6.90,7.00,5019
30-Apr-12,7.02,7.02,6.92,6.99,12796
27-Apr-12,6.81,7.02,6.81,7.00,15382
26-Apr-12,7.02,7.02,6.80,6.85,14013
25-Apr-12,7.00,7.05,6.95,7.00,60499
24-Apr-12,6.96,7.02,6.91,7.00,6853
23-Apr-12,7.01,7.05,6.67,7.02,8748
20-Apr-12,7.10,7.10,7.00,7.05,6296
19-Apr-12,7.00,7.10,6.90,7.06,35402
18-Apr-12,6.94,7.05,6.84,6.93,49128
17-Apr-12,6.79,7.19,6.79,6.87,51747
16-Apr-12,6.75,6.78,6.68,6.71,14927
13-Apr-12,6.62,6.80,6.62,6.68,12401
12-Apr-12,6.43,6.69,6.41,6.64,16832
11-Apr-12,6.38,6.50,6.35,6.50,9397
10-Apr-12,6.36,6.43,6.25,6.39,9136
9-Apr-12,6.26,6.29,6.08,6.28,3876
5-Apr-12,6.20,6.34,6.20,6.34,806
4-Apr-12,6.23,6.31,6.23,6.24,641
3-Apr-12,6.20,6.33,6.20,6.31,2131
2-Apr-12,6.22,6.33,6.21,6.24,900
30-Mar-12,6.30,6.31,5.95,6.31,6795
29-Mar-12,6.23,6.29,6.14,6.19,3288
28-Mar-12,6.14,6.36,6.14,6.30,5600
27-Mar-12,6.46,6.50,6.01,6.14,18840
26-Mar-12,6.24,6.52,6.12,6.44,8824
23-Mar-12,6.45,6.56,5.90,6.01,27709
22-Mar-12,6.60,6.62,6.19,6.48,13188
21-Mar-12,6.61,6.75,6.39,6.63,15552
20-Mar-12,6.23,6.50,6.22,6.50,7853
19-Mar-12,6.05,6.39,5.98,6.34,19548
16-Mar-12,5.90,6.11,5.89,6.09,54407
15-Mar-12,5.90,5.95,5.88,5.89,4243
14-Mar-12,5.95,5.95,5.90,5.90,2100
13-Mar-12,5.94,6.00,5.91,5.97,3812
12-Mar-12,5.93,5.97,5.89,5.97,20669
9-Mar-12,5.93,5.99,5.92,5.92,1794
8-Mar-12,5.95,5.99,5.90,5.95,11024
7-Mar-12,5.94,5.96,5.84,5.96,12905
6-Mar-12,5.91,5.98,5.90,5.98,5184
5-Mar-12,5.93,6.00,5.90,5.95,14376
2-Mar-12,5.89,5.98,5.89,5.98,2810
1-Mar-12,5.91,6.00,5.88,5.90,14713
29-Feb-12,5.94,5.98,5.88,5.95,7273
28-Feb-12,5.94,6.00,5.89,5.90,5697
27-Feb-12,5.99,5.99,5.88,5.91,7426
24-Feb-12,5.90,6.09,5.88,6.05,14283
23-Feb-12,5.92,5.98,5.88,5.98,12788
22-Feb-12,5.90,5.97,5.90,5.91,16591
21-Feb-12,5.88,6.15,5.88,5.92,11300
17-Feb-12,6.07,6.11,5.88,5.90,11509
16-Feb-12,5.95,6.13,5.90,5.90,14661
15-Feb-12,5.99,5.99,5.88,5.88,3991
14-Feb-12,5.94,6.08,5.90,5.90,7267
13-Feb-12,5.89,6.09,5.88,5.96,15476
10-Feb-12,5.84,6.11,5.77,5.90,70644
9-Feb-12,5.87,6.09,5.81,5.89,51222
8-Feb-12,5.62,6.34,5.62,5.90,28542
7-Feb-12,5.62,5.81,5.57,5.57,26200
6-Feb-12,5.57,5.95,5.57,5.81,8175
3-Feb-12,5.44,6.00,5.44,5.55,14022
2-Feb-12,5.56,5.58,5.40,5.48,3412
1-Feb-12,5.62,5.66,5.38,5.48,5196
31-Jan-12,5.45,5.58,5.41,5.58,8574
30-Jan-12,5.29,5.47,5.29,5.37,6259
27-Jan-12,5.57,5.63,5.50,5.55,3000
26-Jan-12,5.64,5.73,5.45,5.56,2700
25-Jan-12,5.73,5.73,5.59,5.66,4850
24-Jan-12,5.43,5.73,5.37,5.70,16309
23-Jan-12,5.49,5.52,5.40,5.45,10504
20-Jan-12,5.41,5.48,5.33,5.47,6163
19-Jan-12,5.31,5.49,5.30,5.48,17713
18-Jan-12,5.27,5.28,5.22,5.28,3485
17-Jan-12,5.21,5.25,5.21,5.21,2931
13-Jan-12,5.23,5.23,5.23,5.23,0
12-Jan-12,5.07,5.11,5.02,5.11,10470
11-Jan-12,5.19,5.19,5.02,5.02,10949
10-Jan-12,5.10,5.28,5.10,5.23,14038
9-Jan-12,5.07,5.18,5.05,5.05,10022
6-Jan-12,5.11,5.15,5.02,5.15,10385
5-Jan-12,5.05,5.13,5.00,5.07,5128
4-Jan-12,4.85,5.15,4.84,5.14,13486
3-Jan-12,4.75,4.84,4.73,4.84,9990
30-Dec-11,4.66,4.66,4.66,4.66,0
29-Dec-11,4.79,4.86,4.77,4.81,9600
28-Dec-11,4.75,4.85,4.74,4.76,20260
27-Dec-11,4.77,4.90,4.70,4.82,21186
23-Dec-11,4.86,4.86,4.86,4.86,0
22-Dec-11,4.79,4.90,4.79,4.86,17513
21-Dec-11,4.70,4.78,4.65,4.75,18600
20-Dec-11,4.80,4.82,4.66,4.66,12150
19-Dec-11,4.77,4.78,4.65,4.65,10115
16-Dec-11,4.71,4.83,4.70,4.79,23721
15-Dec-11,4.75,4.75,4.67,4.68,14306
14-Dec-11,4.83,4.83,4.71,4.71,5000
13-Dec-11,4.81,4.92,4.80,4.84,14811
12-Dec-11,4.70,4.96,4.70,4.88,31674
9-Dec-11,4.71,4.86,4.71,4.72,7160
8-Dec-11,4.78,4.90,4.70,4.73,7510
7-Dec-11,4.85,4.92,4.77,4.85,15040
6-Dec-11,4.76,4.84,4.75,4.75,6475
5-Dec-11,4.85,4.85,4.75,4.83,14581
2-Dec-11,4.85,4.85,4.75,4.85,7671
1-Dec-11,4.80,4.88,4.75,4.88,2300
30-Nov-11,4.78,4.99,4.78,4.94,7895
29-Nov-11,4.73,4.86,4.71,4.77,20925
28-Nov-11,4.87,4.99,4.78,4.85,10385
25-Nov-11,4.72,4.87,4.70,4.77,6239
23-Nov-11,5.03,5.03,5.03,5.03,0
22-Nov-11,5.19,5.19,4.85,4.93,700
21-Nov-11,4.77,4.89,4.77,4.78,2759
18-Nov-11,4.90,4.93,4.77,4.77,6148
17-Nov-11,4.69,4.88,4.69,4.70,5758
16-Nov-11,4.68,4.92,4.68,4.72,10104
15-Nov-11,4.68,4.85,4.66,4.77,14328
14-Nov-11,4.80,4.91,4.74,4.85,7130
11-Nov-11,4.93,5.03,4.77,4.77,10725
10-Nov-11,4.85,4.93,4.85,4.93,4100
9-Nov-11,4.97,5.07,4.76,4.76,7900
8-Nov-11,4.82,4.82,4.75,4.79,12064
7-Nov-11,4.70,4.84,4.69,4.84,49580
4-Nov-11,4.67,4.82,4.63,4.65,18046
3-Nov-11,4.72,4.92,4.62,4.69,22004
2-Nov-11,4.70,4.71,4.53,4.54,47062
1-Nov-11,4.85,4.88,4.63,4.63,30421
31-Oct-11,4.85,4.90,4.85,4.85,5139
28-Oct-11,4.71,4.89,4.71,4.86,26268
27-Oct-11,4.47,4.91,4.47,4.71,28019
26-Oct-11,4.54,4.70,4.36,4.61,11549
25-Oct-11,4.61,4.78,4.45,4.47,30783
24-Oct-11,4.79,4.97,4.57,4.63,27563
21-Oct-11,4.73,4.98,4.73,4.82,5615
20-Oct-11,4.77,4.95,4.64,4.81,25600
18-Oct-11,4.78,4.78,4.78,4.78,0
17-Oct-11,4.82,4.82,4.62,4.71,6900
14-Oct-11,4.92,4.92,4.78,4.85,5042
13-Oct-11,4.86,4.91,4.72,4.90,4300
12-Oct-11,4.82,4.92,4.73,4.82,17064
11-Oct-11,4.63,4.81,4.50,4.81,38506
10-Oct-11,4.61,4.68,4.34,4.64,31849
7-Oct-11,4.78,4.78,4.46,4.64,37700
6-Oct-11,4.34,4.99,4.32,4.78,9113
5-Oct-11,4.30,4.50,4.30,4.44,11890
4-Oct-11,4.26,4.48,4.25,4.28,15778
3-Oct-11,4.44,4.55,4.19,4.40,26673
30-Sep-11,4.41,4.51,4.10,4.51,34868
29-Sep-11,4.74,4.82,4.29,4.41,28624
