Date,Open,High,Low,Close,Volume
27-Sep-12,23.57,23.71,23.42,23.48,1183601
26-Sep-12,23.76,23.97,23.47,23.53,997807
25-Sep-12,24.22,24.50,24.11,24.13,1017252
24-Sep-12,24.20,24.27,24.10,24.17,715097
21-Sep-12,24.28,24.45,24.20,24.20,1258175
20-Sep-12,24.15,24.26,23.90,24.10,755033
19-Sep-12,24.21,24.30,24.11,24.27,529685
18-Sep-12,24.33,24.36,24.04,24.16,510880
17-Sep-12,24.25,24.37,24.14,24.28,422468
14-Sep-12,24.24,24.56,24.23,24.35,694522
13-Sep-12,23.99,24.43,23.95,24.22,644590
12-Sep-12,23.71,24.06,23.67,23.99,746259
11-Sep-12,23.95,24.06,23.62,23.69,888183
10-Sep-12,23.68,24.03,23.67,23.95,1024225
7-Sep-12,23.87,24.00,23.58,23.66,879478
6-Sep-12,23.63,23.80,23.60,23.74,942460
5-Sep-12,23.73,23.78,23.49,23.55,1054281
4-Sep-12,23.41,23.76,23.28,23.66,1170844
31-Aug-12,23.54,23.65,23.36,23.55,679156
30-Aug-12,23.54,23.60,23.33,23.39,1207133
29-Aug-12,23.33,23.59,23.30,23.56,1071099
28-Aug-12,23.30,23.42,23.22,23.26,619332
27-Aug-12,23.33,23.38,23.19,23.37,667693
24-Aug-12,22.99,23.32,22.97,23.25,552084
23-Aug-12,23.24,23.24,22.98,23.05,634637
22-Aug-12,23.25,23.26,22.98,23.21,609838
21-Aug-12,23.25,23.43,23.11,23.27,1721741
20-Aug-12,22.67,23.16,22.60,23.15,659039
17-Aug-12,22.71,22.87,22.62,22.66,291163
16-Aug-12,22.74,22.77,22.57,22.70,194818
15-Aug-12,22.52,22.71,22.50,22.71,116691
14-Aug-12,22.57,22.70,22.52,22.56,135503
13-Aug-12,22.63,22.65,22.47,22.55,110389
10-Aug-12,22.78,22.78,22.51,22.62,146679
9-Aug-12,22.61,22.73,22.47,22.71,153215
8-Aug-12,22.49,22.94,22.49,22.62,266295
7-Aug-12,22.55,22.87,22.37,22.50,267330
6-Aug-12,22.50,22.64,22.42,22.48,189209
3-Aug-12,22.53,22.75,22.47,22.50,306309
2-Aug-12,21.90,22.48,21.81,22.46,743464
1-Aug-12,22.31,22.48,22.06,22.06,810810
31-Jul-12,22.36,22.44,22.25,22.26,502232
30-Jul-12,22.20,22.41,22.12,22.36,744419
27-Jul-12,22.20,22.50,22.10,22.23,665272
26-Jul-12,22.22,22.22,21.98,22.06,611030
25-Jul-12,21.91,22.09,21.78,21.99,565744
24-Jul-12,21.95,21.99,21.71,21.78,712458
23-Jul-12,21.86,22.07,21.77,21.97,441825
20-Jul-12,21.78,22.15,21.75,22.14,517325
19-Jul-12,22.09,22.14,21.88,21.89,445588
18-Jul-12,21.83,22.12,21.80,22.06,662318
17-Jul-12,21.96,22.17,21.92,22.01,660467
16-Jul-12,21.98,22.01,21.86,21.95,523429
13-Jul-12,21.71,21.98,21.68,21.89,676136
12-Jul-12,21.66,21.76,21.53,21.65,616247
11-Jul-12,21.66,21.71,21.57,21.66,548117
10-Jul-12,21.85,21.92,21.60,21.64,538708
9-Jul-12,21.85,21.92,21.73,21.80,556510
6-Jul-12,21.67,21.93,21.63,21.84,440041
5-Jul-12,21.87,21.97,21.78,21.85,560510
3-Jul-12,21.77,21.90,21.67,21.90,485333
2-Jul-12,21.35,21.74,21.09,21.68,924628
29-Jun-12,21.31,21.42,21.07,21.31,993275
28-Jun-12,20.87,21.03,20.66,21.03,642610
27-Jun-12,20.49,20.99,20.42,20.95,903063
26-Jun-12,21.06,21.21,20.91,20.91,844184
25-Jun-12,20.92,21.05,20.84,20.99,855132
22-Jun-12,20.93,21.13,20.86,21.13,1806236
21-Jun-12,21.17,21.29,20.69,20.79,1032951
20-Jun-12,21.06,21.17,21.01,21.13,852065
19-Jun-12,21.00,21.13,20.91,21.05,1055045
18-Jun-12,20.84,21.07,20.83,20.86,665466
15-Jun-12,21.00,21.01,20.81,20.97,1035818
14-Jun-12,20.65,20.98,20.56,20.94,934407
13-Jun-12,20.51,20.72,20.37,20.57,613598
12-Jun-12,20.41,20.61,20.15,20.57,797283
11-Jun-12,20.60,20.80,20.37,20.42,799233
8-Jun-12,20.32,20.54,20.28,20.46,515061
7-Jun-12,20.63,20.69,20.36,20.38,757470
6-Jun-12,20.01,20.45,20.00,20.45,782566
5-Jun-12,19.63,19.88,19.54,19.88,727785
4-Jun-12,19.79,19.95,19.47,19.71,1324582
1-Jun-12,19.77,19.90,19.68,19.74,815251
31-May-12,20.01,20.13,19.69,20.04,970718
30-May-12,20.22,20.25,19.90,19.92,706907
29-May-12,20.43,20.53,20.17,20.33,432208
25-May-12,20.26,20.35,20.12,20.29,586027
24-May-12,20.13,20.25,19.93,20.25,691669
23-May-12,19.90,20.10,19.80,20.07,749990
22-May-12,19.93,20.27,19.91,20.01,716081
21-May-12,19.49,19.99,19.48,19.89,1082055
18-May-12,19.52,19.74,19.40,19.42,1411025
17-May-12,20.03,20.06,19.50,19.50,1931675
16-May-12,20.28,20.41,19.96,19.96,1177226
15-May-12,20.30,20.43,20.18,20.20,904582
14-May-12,20.56,20.68,20.31,20.33,974996
11-May-12,20.50,20.81,20.47,20.70,1362109
10-May-12,20.43,20.72,20.41,20.55,1115036
9-May-12,20.22,20.43,20.22,20.27,988412
8-May-12,20.40,20.68,20.26,20.44,1118447
7-May-12,20.44,20.55,20.34,20.45,839304
4-May-12,20.35,20.66,20.35,20.43,703010
3-May-12,20.84,20.94,20.60,20.63,889195
2-May-12,20.73,20.88,20.61,20.84,791391
1-May-12,20.87,21.09,20.80,20.85,1780046
30-Apr-12,20.85,20.94,20.70,20.87,3704330
27-Apr-12,20.78,20.87,20.65,20.86,1276552
26-Apr-12,20.30,20.84,20.30,20.71,1439136
25-Apr-12,20.49,21.04,20.20,20.28,2854245
24-Apr-12,20.35,20.42,20.22,20.33,2181380
23-Apr-12,20.28,20.40,20.21,20.30,578997
20-Apr-12,20.37,20.47,20.28,20.45,1421841
19-Apr-12,20.39,20.41,20.16,20.26,1081432
18-Apr-12,20.28,20.36,20.13,20.32,1692909
17-Apr-12,20.28,20.54,20.25,20.37,7295647
16-Apr-12,20.75,21.01,20.72,20.93,605434
13-Apr-12,20.75,20.82,20.58,20.63,339048
12-Apr-12,20.64,20.87,20.53,20.74,661641
11-Apr-12,20.59,20.64,20.36,20.59,512915
10-Apr-12,20.66,20.72,20.33,20.44,956654
9-Apr-12,20.51,20.72,20.41,20.60,600617
5-Apr-12,20.67,20.80,20.58,20.67,403063
4-Apr-12,20.54,20.92,20.49,20.76,655633
3-Apr-12,21.00,21.06,20.70,20.79,881777
2-Apr-12,21.02,21.06,20.94,20.99,1020059
30-Mar-12,20.90,21.02,20.89,21.02,884679
29-Mar-12,20.76,20.96,20.68,20.84,607591
28-Mar-12,21.05,21.05,20.70,20.84,960191
27-Mar-12,21.75,21.79,21.45,21.46,1351418
26-Mar-12,21.65,21.76,21.52,21.69,1091333
23-Mar-12,21.50,21.53,21.43,21.50,780713
22-Mar-12,21.39,21.62,21.25,21.49,952675
21-Mar-12,21.52,21.59,21.41,21.50,792659
20-Mar-12,21.34,21.57,21.30,21.41,434700
19-Mar-12,21.42,21.59,21.31,21.41,971656
16-Mar-12,21.20,21.46,21.15,21.42,2071952
15-Mar-12,20.91,21.24,20.87,21.15,639026
14-Mar-12,21.21,21.22,20.83,20.86,563615
13-Mar-12,21.13,21.22,20.94,21.20,687711
12-Mar-12,21.00,21.03,20.88,20.97,608498
9-Mar-12,20.80,21.09,20.65,20.95,744951
8-Mar-12,20.76,20.95,20.61,20.80,682854
7-Mar-12,20.69,20.70,20.48,20.70,445739
6-Mar-12,20.70,20.97,20.50,20.55,888404
5-Mar-12,20.56,21.00,20.26,20.96,1532583
2-Mar-12,20.01,20.90,20.00,20.55,2675260
1-Mar-12,19.90,20.02,19.61,19.97,1136167
29-Feb-12,20.05,20.23,19.74,19.74,1320170
28-Feb-12,20.32,20.38,19.98,20.10,734959
27-Feb-12,19.97,20.37,19.88,20.37,835081
24-Feb-12,19.90,20.15,19.86,20.04,379811
23-Feb-12,19.79,19.99,19.75,19.96,383772
22-Feb-12,20.00,20.00,19.69,19.75,555811
21-Feb-12,20.02,20.17,19.95,20.02,848823
17-Feb-12,20.24,20.31,20.14,20.25,372865
16-Feb-12,19.89,20.24,19.89,20.16,447091
15-Feb-12,19.92,20.12,19.79,19.95,463370
14-Feb-12,20.04,20.08,19.76,19.82,333322
13-Feb-12,20.00,20.21,19.93,20.06,575231
10-Feb-12,19.87,20.05,19.78,19.85,422486
9-Feb-12,19.94,20.09,19.82,19.99,650453
8-Feb-12,19.92,20.00,19.85,19.90,687571
7-Feb-12,19.63,19.89,19.60,19.88,585099
6-Feb-12,19.71,19.75,19.62,19.63,440626
3-Feb-12,19.88,19.93,19.69,19.72,931037
2-Feb-12,19.77,19.82,19.63,19.66,605441
1-Feb-12,19.78,19.89,19.68,19.71,1192620
31-Jan-12,19.73,19.84,19.63,19.70,734940
30-Jan-12,19.63,19.72,19.55,19.65,575588
27-Jan-12,19.61,19.72,19.52,19.71,674269
26-Jan-12,19.50,19.67,19.49,19.65,942668
25-Jan-12,19.39,19.51,19.30,19.45,1002890
24-Jan-12,19.20,19.44,19.11,19.38,352632
23-Jan-12,19.27,19.42,19.20,19.30,337414
20-Jan-12,19.18,19.28,19.04,19.28,508208
19-Jan-12,19.14,19.21,19.00,19.16,472639
18-Jan-12,18.96,19.16,18.91,19.11,387778
17-Jan-12,19.12,19.27,18.77,18.92,652962
13-Jan-12,19.05,19.05,19.05,19.05,0
12-Jan-12,19.11,19.19,19.01,19.15,589486
11-Jan-12,18.90,19.18,18.78,19.16,959579
10-Jan-12,18.87,18.94,18.84,18.92,603045
9-Jan-12,18.64,18.79,18.46,18.68,671730
6-Jan-12,18.80,18.91,18.56,18.57,525653
5-Jan-12,18.81,18.89,18.56,18.73,577116
4-Jan-12,18.95,19.00,18.75,18.81,697674
3-Jan-12,18.84,19.02,18.72,18.93,810698
30-Dec-11,18.51,18.51,18.51,18.51,0
29-Dec-11,18.53,18.56,18.31,18.49,551689
28-Dec-11,18.63,18.67,18.49,18.52,720597
27-Dec-11,19.05,19.07,18.90,19.00,638680
23-Dec-11,19.00,19.00,19.00,19.00,0
22-Dec-11,19.10,19.32,18.90,18.93,747141
21-Dec-11,19.05,19.21,18.96,19.04,586591
20-Dec-11,18.93,19.20,18.86,19.13,802796
19-Dec-11,19.11,19.16,18.66,18.71,773658
16-Dec-11,18.90,19.12,18.76,19.05,1391376
15-Dec-11,18.90,18.92,18.39,18.78,860470
14-Dec-11,18.50,18.85,18.45,18.70,807117
13-Dec-11,18.65,18.91,18.50,18.52,1185335
12-Dec-11,18.52,18.64,18.46,18.56,685648
9-Dec-11,18.28,18.67,18.14,18.61,589797
8-Dec-11,18.51,18.52,18.14,18.18,562019
7-Dec-11,18.41,18.64,18.33,18.61,778507
6-Dec-11,18.17,18.49,18.10,18.36,695954
5-Dec-11,18.00,18.37,17.91,18.21,826377
2-Dec-11,17.78,17.87,17.51,17.79,1161178
1-Dec-11,17.90,18.01,17.56,17.57,1293900
30-Nov-11,17.94,17.95,17.66,17.84,1524931
29-Nov-11,17.93,17.93,17.50,17.50,655813
28-Nov-11,17.99,17.99,17.67,17.85,808622
25-Nov-11,17.55,17.87,17.47,17.49,283863
23-Nov-11,17.56,17.56,17.56,17.56,0
22-Nov-11,18.14,18.20,17.98,18.08,755131
21-Nov-11,18.12,18.26,18.02,18.12,921090
18-Nov-11,18.03,18.34,18.03,18.33,900839
17-Nov-11,18.38,18.38,17.95,18.01,789526
16-Nov-11,18.43,18.60,18.30,18.31,728293
15-Nov-11,18.57,18.65,18.31,18.53,721475
14-Nov-11,18.75,18.76,18.50,18.64,680425
11-Nov-11,19.03,19.03,18.65,18.80,802443
10-Nov-11,18.87,18.91,18.51,18.74,1031730
9-Nov-11,18.64,18.88,18.50,18.70,1136381
8-Nov-11,19.02,19.02,18.73,18.98,625485
7-Nov-11,18.85,19.01,18.68,18.97,574795
4-Nov-11,18.97,19.05,18.61,18.80,565633
3-Nov-11,18.99,19.08,18.63,19.01,742488
2-Nov-11,18.79,18.96,18.60,18.91,602056
1-Nov-11,18.30,18.91,18.29,18.35,956898
31-Oct-11,18.75,19.06,18.60,18.79,734473
28-Oct-11,19.06,19.25,18.82,18.98,685932
27-Oct-11,19.22,19.24,18.76,19.17,1352752
26-Oct-11,18.56,18.56,18.32,18.51,652054
25-Oct-11,18.47,18.61,18.25,18.29,548900
24-Oct-11,18.47,18.80,18.35,18.67,971225
21-Oct-11,18.30,18.46,17.97,18.32,754729
20-Oct-11,18.00,18.22,17.60,18.07,584169
19-Oct-11,17.96,18.39,17.85,18.01,724138
18-Oct-11,17.48,18.16,17.38,17.94,860686
17-Oct-11,17.73,17.73,17.36,17.40,553466
14-Oct-11,17.74,17.91,17.67,17.79,527000
13-Oct-11,17.67,17.89,17.32,17.56,484926
12-Oct-11,17.74,17.90,17.62,17.72,709558
11-Oct-11,17.53,17.68,17.33,17.57,457896
10-Oct-11,17.10,17.62,17.05,17.60,707480
7-Oct-11,17.37,17.40,16.70,16.74,823978
6-Oct-11,16.76,17.27,16.65,17.26,1078879
5-Oct-11,16.77,16.99,16.36,16.85,788605
4-Oct-11,16.27,16.78,15.89,16.74,1668089
3-Oct-11,17.12,17.43,16.40,16.40,1220543
30-Sep-11,17.19,17.41,17.08,17.16,649603
