Date,Open,High,Low,Close,Volume
27-Sep-12,18.02,18.12,17.70,17.82,2230136
26-Sep-12,18.14,18.26,17.21,17.90,4364529
25-Sep-12,18.81,19.42,18.03,18.28,4950466
24-Sep-12,20.63,20.84,18.82,18.96,7759620
21-Sep-12,20.62,21.60,20.35,21.01,2687744
20-Sep-12,24.22,24.24,23.65,23.72,304254
19-Sep-12,24.65,24.65,24.07,24.28,370766
18-Sep-12,23.37,24.86,23.12,24.45,1093378
17-Sep-12,22.00,22.96,21.98,22.93,647102
14-Sep-12,22.39,22.48,21.94,22.08,408055
13-Sep-12,22.58,22.60,22.17,22.41,312798
12-Sep-12,22.24,22.86,22.06,22.62,419872
11-Sep-12,22.49,22.57,22.00,22.26,423574
10-Sep-12,22.58,22.86,22.15,22.57,286364
7-Sep-12,22.90,23.10,22.46,22.63,1864102
6-Sep-12,22.34,22.97,22.34,22.88,2510262
5-Sep-12,22.00,22.74,22.00,22.17,1855080
4-Sep-12,21.56,22.20,21.46,22.08,1531099
31-Aug-12,21.73,21.87,21.29,21.45,911314
30-Aug-12,21.81,21.93,21.50,21.51,1157204
29-Aug-12,21.79,22.22,21.60,21.96,1681040
28-Aug-12,21.81,21.89,21.17,21.74,1883407
27-Aug-12,21.63,22.34,21.53,21.90,2065587
24-Aug-12,21.26,21.84,21.05,21.67,1667569
23-Aug-12,21.35,21.45,21.05,21.22,1241772
22-Aug-12,20.71,21.60,20.60,21.38,2685597
21-Aug-12,20.77,21.00,20.24,20.66,3834577
20-Aug-12,21.82,21.87,20.53,20.76,5097563
17-Aug-12,20.89,21.89,20.60,21.81,6169116
16-Aug-12,22.79,22.94,22.52,22.76,1789646
15-Aug-12,23.06,23.18,22.58,23.01,2502082
14-Aug-12,22.21,23.30,21.91,23.24,4688018
13-Aug-12,21.61,22.27,21.50,21.72,1967592
10-Aug-12,21.50,21.70,21.31,21.60,1741709
9-Aug-12,21.77,22.06,21.53,21.66,2436206
8-Aug-12,22.16,22.85,22.02,22.20,5124947
7-Aug-12,22.07,23.52,22.07,23.18,6369491
6-Aug-12,20.87,21.48,20.84,21.22,2192588
3-Aug-12,20.77,21.24,20.50,20.92,2190165
2-Aug-12,20.01,21.25,19.75,20.76,3156187
1-Aug-12,21.20,21.24,19.85,19.96,5962647
31-Jul-12,22.12,22.54,21.02,21.03,4360211
30-Jul-12,22.24,22.52,21.76,22.28,3221626
27-Jul-12,23.09,23.32,22.22,22.35,3445449
26-Jul-12,22.34,23.49,22.25,23.04,4920992
25-Jul-12,23.04,23.13,22.00,22.18,4960982
24-Jul-12,22.32,23.94,21.76,23.00,10017209
23-Jul-12,23.22,23.84,21.87,22.39,11248572
20-Jul-12,25.65,25.65,21.70,24.14,26350198
19-Jul-12,29.12,29.15,25.15,25.78,21784668
18-Jul-12,30.33,31.21,28.80,29.00,37790349
17-Jul-12,28.96,29.90,20.90,26.46,18846418
16-Jul-12,27.55,29.24,27.10,28.70,8900720
13-Jul-12,28.00,28.04,27.11,27.16,3814767
12-Jul-12,27.13,27.97,26.39,27.73,4276230
11-Jul-12,28.48,28.55,27.35,27.49,4330705
10-Jul-12,28.61,28.68,28.35,28.43,3439863
9-Jul-12,28.70,28.95,28.15,28.47,2185303
6-Jul-12,28.35,28.68,27.12,28.51,2980559
5-Jul-12,29.74,29.82,28.83,28.85,4071739
3-Jul-12,29.70,29.99,29.35,29.93,2185226
2-Jul-12,28.74,29.35,28.56,29.33,3333231
29-Jun-12,29.29,29.30,28.26,28.54,2686298
28-Jun-12,28.63,29.21,28.01,28.52,5231998
27-Jun-12,26.69,29.42,26.37,28.33,12454557
26-Jun-12,26.57,26.80,25.67,26.39,1703222
25-Jun-12,26.34,26.73,26.18,26.42,2257209
22-Jun-12,26.46,26.70,26.00,26.51,2431995
21-Jun-12,26.86,27.00,25.71,26.12,3320396
20-Jun-12,27.15,27.23,26.53,26.87,1847048
19-Jun-12,26.98,27.95,26.67,26.91,3831016
18-Jun-12,25.98,27.22,25.85,26.74,3636779
15-Jun-12,25.33,25.97,25.29,25.74,2317783
14-Jun-12,24.88,25.75,24.60,25.33,2243365
13-Jun-12,24.97,25.54,24.65,24.89,2784574
12-Jun-12,24.42,25.19,24.23,24.96,1679621
11-Jun-12,24.82,25.60,24.24,24.25,2200920
8-Jun-12,23.90,24.59,23.57,24.45,1347172
7-Jun-12,24.32,24.40,23.81,23.96,1457405
6-Jun-12,23.95,24.03,23.64,23.98,1131379
5-Jun-12,23.63,23.80,23.05,23.64,2048557
4-Jun-12,23.67,23.82,22.84,23.68,1562650
1-Jun-12,24.10,24.34,23.39,23.58,2508832
31-May-12,24.56,24.83,24.05,24.79,2100489
30-May-12,24.65,24.88,24.45,24.46,2115385
29-May-12,24.69,24.98,24.25,24.89,1651836
25-May-12,24.57,24.90,24.40,24.59,2111375
24-May-12,24.76,24.80,24.18,24.77,1562222
23-May-12,23.70,24.65,23.51,24.55,1862272
22-May-12,23.81,24.36,23.51,23.96,2842667
21-May-12,22.64,23.67,22.21,23.62,4043535
18-May-12,23.01,23.35,22.29,22.40,3516877
17-May-12,24.28,24.31,22.89,22.90,2696302
16-May-12,23.89,24.50,23.80,24.20,2119529
15-May-12,23.76,24.39,23.52,23.76,2878876
14-May-12,24.19,24.39,23.51,23.78,2907681
11-May-12,23.06,24.78,23.01,24.70,6899839
10-May-12,23.00,23.50,21.98,22.69,4635166
9-May-12,22.63,22.97,22.18,22.75,1804353
8-May-12,23.01,23.18,21.70,22.78,5527499
7-May-12,22.80,23.75,22.42,23.58,2329187
4-May-12,23.59,23.91,23.11,23.13,2447507
3-May-12,24.44,24.49,23.55,23.68,2454905
2-May-12,23.67,24.50,23.66,24.40,2701077
1-May-12,24.34,24.64,23.80,24.18,2585503
30-Apr-12,25.47,25.49,24.14,24.22,4996675
27-Apr-12,24.47,26.75,24.47,25.15,10852973
26-Apr-12,24.68,24.80,24.07,24.43,3514745
25-Apr-12,22.75,24.49,22.70,24.23,6985257
24-Apr-12,22.76,22.90,22.38,22.43,2186272
23-Apr-12,22.66,22.80,22.37,22.70,2141704
20-Apr-12,22.50,23.02,22.25,22.95,3929204
19-Apr-12,22.41,22.79,22.12,22.19,3533955
18-Apr-12,21.67,22.35,21.41,22.14,3702776
17-Apr-12,22.02,22.02,21.55,21.67,3363683
16-Apr-12,22.30,22.55,21.68,21.85,3323243
13-Apr-12,22.17,22.25,21.97,22.14,3827610
12-Apr-12,22.31,22.36,22.00,22.16,3869497
11-Apr-12,21.88,22.29,21.55,22.22,5475499
10-Apr-12,23.46,23.54,21.48,21.56,16451917
9-Apr-12,22.48,23.11,22.13,22.92,9840967
5-Apr-12,22.76,23.66,22.10,22.53,9569905
4-Apr-12,22.11,22.45,21.52,22.37,6678726
3-Apr-12,21.89,22.34,21.12,22.22,7359271
2-Apr-12,23.00,23.10,21.55,21.72,6231438
30-Mar-12,21.85,23.15,21.81,22.36,14622636
29-Mar-12,19.61,23.75,19.55,21.28,30805592
28-Mar-12,20.95,21.16,20.08,20.37,3904408
27-Mar-12,21.03,21.15,20.24,20.85,5476770
26-Mar-12,22.05,22.45,20.89,21.02,11293229
23-Mar-12,20.79,21.59,20.68,21.31,4134301
22-Mar-12,20.92,21.05,20.50,20.81,2349885
21-Mar-12,20.81,21.68,20.79,21.09,3758453
20-Mar-12,21.05,21.12,20.43,20.82,3874499
19-Mar-12,20.24,21.68,20.13,21.13,7234522
16-Mar-12,20.22,20.53,20.01,20.25,3292514
15-Mar-12,20.07,20.75,19.87,20.14,4225881
14-Mar-12,20.10,20.90,19.80,20.05,3366089
13-Mar-12,20.69,20.69,19.39,20.19,6091339
12-Mar-12,20.43,20.88,20.11,20.25,3421470
9-Mar-12,21.43,21.45,20.37,20.66,4446185
8-Mar-12,21.50,21.65,20.90,21.25,3825253
7-Mar-12,21.74,22.00,21.21,21.58,3440090
6-Mar-12,20.33,21.63,20.07,21.52,10201030
5-Mar-12,21.33,22.25,21.30,21.77,6206914
2-Mar-12,22.16,22.64,21.55,21.64,8146176
1-Mar-12,23.00,23.25,22.00,22.25,18857659
29-Feb-12,22.54,23.48,21.76,22.50,17651873
28-Feb-12,24.30,24.50,21.08,21.26,20372548
27-Feb-12,22.93,25.14,22.91,23.78,34926787
24-Feb-12,19.14,22.19,18.76,22.13,29144445
23-Feb-12,20.66,21.44,18.54,18.73,58766087
22-Feb-12,10.55,10.55,10.55,10.55,0
21-Feb-12,12.01,12.09,10.31,10.55,11757773
17-Feb-12,11.68,12.22,11.24,11.99,12579368
16-Feb-12,12.22,12.94,10.12,11.18,14807287
15-Feb-12,12.11,12.25,11.88,11.99,2604323
14-Feb-12,12.43,12.45,12.05,12.07,2007137
13-Feb-12,12.50,12.68,12.08,12.39,3079858
10-Feb-12,12.74,12.75,12.33,12.34,2254431
9-Feb-12,12.87,12.93,12.71,12.77,1561559
8-Feb-12,12.87,12.92,12.51,12.82,1909842
7-Feb-12,12.70,13.18,12.70,12.82,2294419
6-Feb-12,12.45,12.78,12.35,12.77,2214633
3-Feb-12,12.54,12.63,12.36,12.47,1314120
2-Feb-12,12.04,12.49,11.96,12.33,1998023
1-Feb-12,11.96,12.10,11.82,11.96,1896354
31-Jan-12,11.99,12.07,11.73,11.93,1099878
30-Jan-12,11.92,11.96,11.66,11.89,1373955
27-Jan-12,11.88,12.18,11.81,12.04,1329215
26-Jan-12,12.32,12.34,11.80,11.90,1758453
25-Jan-12,12.02,12.28,11.77,12.22,1389999
24-Jan-12,11.95,12.00,11.70,11.86,1192304
23-Jan-12,12.10,12.16,11.81,11.91,1444717
20-Jan-12,12.27,12.35,11.99,12.04,1940880
19-Jan-12,12.37,12.49,12.30,12.36,1815955
18-Jan-12,12.19,12.42,12.05,12.33,2066815
17-Jan-12,12.50,12.60,12.08,12.19,1932978
13-Jan-12,12.20,12.20,12.20,12.20,0
12-Jan-12,12.08,12.84,12.06,12.23,4372071
11-Jan-12,11.92,12.12,11.80,12.05,2144587
10-Jan-12,11.92,11.92,11.92,11.92,0
9-Jan-12,11.65,11.90,11.35,11.65,5196637
6-Jan-12,10.05,10.32,10.03,10.16,1515369
5-Jan-12,9.90,10.10,9.77,10.06,1093267
4-Jan-12,9.83,10.01,9.76,9.99,933795
3-Jan-12,9.96,10.16,9.86,9.90,1389808
30-Dec-11,9.75,9.75,9.75,9.75,0
29-Dec-11,9.27,9.75,9.23,9.72,1585741
28-Dec-11,9.24,9.24,9.24,9.24,0
27-Dec-11,9.20,9.40,9.04,9.22,1220372
23-Dec-11,9.19,9.19,9.19,9.19,0
22-Dec-11,8.95,9.37,8.60,8.68,8801226
21-Dec-11,10.31,10.45,10.05,10.40,1255915
20-Dec-11,10.30,10.30,10.30,10.30,0
19-Dec-11,10.17,10.29,9.74,9.79,1601356
16-Dec-11,10.20,10.30,10.00,10.09,2185891
15-Dec-11,10.28,10.28,9.96,10.15,1202813
14-Dec-11,10.19,10.21,9.81,9.84,1357903
13-Dec-11,10.47,10.61,10.22,10.25,1097912
12-Dec-11,10.32,10.32,10.32,10.32,0
9-Dec-11,10.27,10.73,10.27,10.68,912808
8-Dec-11,10.67,10.78,10.16,10.20,1537215
7-Dec-11,10.44,10.79,10.30,10.72,1655690
6-Dec-11,10.65,10.72,10.28,10.31,1057942
5-Dec-11,10.70,10.79,10.57,10.69,1420817
2-Dec-11,10.63,10.70,10.46,10.52,1138261
1-Dec-11,10.12,10.65,10.07,10.50,2427281
30-Nov-11,10.00,10.14,9.85,10.13,2094498
29-Nov-11,9.84,9.99,9.60,9.75,1943691
28-Nov-11,9.65,10.04,9.58,9.84,1613533
25-Nov-11,9.69,9.74,9.34,9.34,591511
23-Nov-11,9.69,9.69,9.69,9.69,0
22-Nov-11,9.70,10.23,9.70,9.95,2112728
21-Nov-11,9.70,9.93,9.53,9.68,1449624
18-Nov-11,9.77,9.94,9.71,9.84,895939
17-Nov-11,9.95,10.28,9.67,9.77,1218492
16-Nov-11,10.15,10.33,9.98,9.99,1181820
15-Nov-11,10.01,10.28,10.00,10.20,1240517
14-Nov-11,10.03,10.25,9.95,10.16,1419970
11-Nov-11,9.71,10.14,9.63,9.92,1320322
10-Nov-11,9.62,9.77,9.46,9.63,858683
9-Nov-11,9.27,9.75,9.26,9.41,1381551
8-Nov-11,10.01,10.11,9.29,9.54,2160998
7-Nov-11,10.00,10.26,9.63,9.92,1787620
4-Nov-11,9.75,10.00,9.68,9.92,2198088
3-Nov-11,9.57,9.95,9.25,9.49,3379189
2-Nov-11,9.52,9.70,9.37,9.49,1180215
1-Nov-11,9.08,9.70,9.00,9.45,2237353
31-Oct-11,9.10,9.47,9.04,9.42,1188313
28-Oct-11,9.14,9.30,9.00,9.20,833213
27-Oct-11,9.09,9.32,8.95,9.23,1576479
26-Oct-11,8.68,8.93,8.49,8.90,936559
25-Oct-11,8.92,8.94,8.53,8.55,779530
24-Oct-11,8.70,8.99,8.59,8.96,1028624
21-Oct-11,8.50,8.67,8.30,8.66,1028485
20-Oct-11,8.43,8.51,8.15,8.34,814207
19-Oct-11,8.67,8.80,8.41,8.44,788091
18-Oct-11,8.60,8.73,8.27,8.65,949452
17-Oct-11,8.62,8.82,8.55,8.58,1082810
14-Oct-11,8.54,8.58,8.35,8.58,587387
13-Oct-11,8.30,8.51,8.24,8.48,568078
12-Oct-11,8.40,8.53,8.29,8.37,968261
11-Oct-11,8.24,8.39,8.08,8.31,788786
10-Oct-11,8.11,8.41,8.05,8.26,759700
7-Oct-11,8.33,8.33,7.86,7.95,1129655
6-Oct-11,8.14,8.39,8.02,8.32,891026
5-Oct-11,8.10,8.26,7.94,8.19,1010064
4-Oct-11,7.60,8.12,7.47,8.11,2003702
3-Oct-11,8.02,8.35,7.68,7.68,1995801
30-Sep-11,8.05,8.25,7.90,8.07,1672382
29-Sep-11,8.28,8.34,7.87,8.18,1339708
