Date,Open,High,Low,Close,Volume
26-Sep-12,13.87,13.87,13.87,13.87,0
25-Sep-12,13.89,13.89,13.87,13.87,406
24-Sep-12,14.40,14.40,14.40,14.40,150
21-Sep-12,14.00,14.00,14.00,14.00,0
20-Sep-12,14.00,14.00,14.00,14.00,0
19-Sep-12,14.00,14.00,14.00,14.00,0
18-Sep-12,14.00,14.00,14.00,14.00,0
17-Sep-12,14.00,14.00,14.00,14.00,216
14-Sep-12,13.57,13.57,13.57,13.57,100
13-Sep-12,14.02,14.02,14.02,14.02,0
12-Sep-12,14.02,14.02,14.02,14.02,0
11-Sep-12,14.02,14.02,14.02,14.02,0
10-Sep-12,14.02,14.02,14.02,14.02,0
7-Sep-12,14.02,14.02,14.02,14.02,0
6-Sep-12,14.02,14.02,14.02,14.02,0
5-Sep-12,13.95,14.83,13.95,14.02,1800
4-Sep-12,13.61,13.61,13.61,13.61,111
31-Aug-12,13.85,13.85,13.85,13.85,0
30-Aug-12,13.85,13.85,13.85,13.85,402
29-Aug-12,13.85,13.85,13.85,13.85,100
28-Aug-12,13.83,13.83,13.83,13.83,100
27-Aug-12,14.87,14.87,14.18,14.18,203
24-Aug-12,13.82,13.86,13.82,13.86,500
23-Aug-12,13.81,13.85,13.81,13.85,200
22-Aug-12,14.86,14.86,14.46,14.49,300
21-Aug-12,13.70,13.75,13.70,13.75,200
20-Aug-12,14.00,14.00,14.00,14.00,0
17-Aug-12,14.15,14.15,14.00,14.00,1100
16-Aug-12,14.85,14.85,14.25,14.25,900
15-Aug-12,15.75,15.75,15.75,15.75,250
14-Aug-12,16.38,16.38,16.38,16.38,100
13-Aug-12,16.96,17.25,16.41,16.41,1100
10-Aug-12,17.00,17.00,16.40,16.95,699
9-Aug-12,17.18,17.18,17.18,17.18,0
8-Aug-12,17.14,17.18,17.14,17.18,827
7-Aug-12,17.02,17.02,17.02,17.02,0
6-Aug-12,17.02,17.02,17.02,17.02,0
3-Aug-12,17.02,17.02,17.02,17.02,0
2-Aug-12,17.02,17.02,17.02,17.02,100
1-Aug-12,16.52,18.55,16.52,18.49,1628
31-Jul-12,17.75,17.75,17.49,17.50,4752
30-Jul-12,16.07,17.80,16.07,17.80,700
27-Jul-12,16.06,16.20,16.06,16.20,200
26-Jul-12,15.66,15.66,15.66,15.66,0
25-Jul-12,15.66,15.66,15.66,15.66,100
24-Jul-12,16.50,16.50,16.50,16.50,100
23-Jul-12,16.30,16.30,16.30,16.30,100
20-Jul-12,16.17,17.80,16.17,17.01,1900
19-Jul-12,16.16,16.20,16.16,16.20,451
18-Jul-12,16.05,16.05,16.05,16.05,200
17-Jul-12,16.20,16.20,16.20,16.20,400
16-Jul-12,14.99,14.99,14.99,14.99,0
13-Jul-12,14.97,15.02,14.97,14.99,1300
12-Jul-12,14.50,15.00,14.50,15.00,600
11-Jul-12,14.30,14.30,14.30,14.30,0
10-Jul-12,14.30,14.30,14.30,14.30,0
9-Jul-12,14.30,14.30,14.30,14.30,0
6-Jul-12,14.30,14.30,14.30,14.30,150
5-Jul-12,14.27,14.30,14.27,14.30,300
3-Jul-12,14.30,14.30,14.30,14.30,0
2-Jul-12,14.30,14.30,14.30,14.30,0
29-Jun-12,13.98,14.30,13.98,14.30,500
28-Jun-12,13.50,13.78,13.50,13.78,800
27-Jun-12,14.29,14.29,14.29,14.29,200
26-Jun-12,14.96,14.96,14.28,14.28,300
25-Jun-12,14.75,14.75,14.20,14.20,300
22-Jun-12,14.27,14.75,14.25,14.75,300
21-Jun-12,13.87,13.87,13.87,13.87,0
20-Jun-12,13.87,13.87,13.87,13.87,0
19-Jun-12,13.91,13.91,13.87,13.87,900
18-Jun-12,12.40,13.33,12.40,13.33,400
15-Jun-12,12.30,12.30,12.30,12.30,176
14-Jun-12,12.27,12.27,12.27,12.27,250
13-Jun-12,12.34,12.34,12.34,12.34,0
12-Jun-12,12.34,12.34,12.34,12.34,0
11-Jun-12,12.34,12.34,12.34,12.34,1300
8-Jun-12,12.30,12.30,12.30,12.30,200
7-Jun-12,12.60,12.60,12.60,12.60,0
6-Jun-12,12.60,12.60,12.60,12.60,0
5-Jun-12,12.60,12.60,12.60,12.60,0
4-Jun-12,12.60,12.60,12.60,12.60,0
1-Jun-12,12.60,12.60,12.60,12.60,100
31-May-12,12.53,12.53,12.53,12.53,0
30-May-12,12.53,12.53,12.53,12.53,0
29-May-12,12.53,12.53,12.53,12.53,0
25-May-12,12.94,12.94,12.53,12.53,500
24-May-12,12.86,13.91,12.40,12.94,2000
23-May-12,12.28,12.28,12.28,12.28,0
22-May-12,12.28,12.28,12.28,12.28,0
21-May-12,12.28,12.28,12.28,12.28,0
18-May-12,12.28,12.28,12.28,12.28,0
17-May-12,12.76,12.76,12.28,12.28,355
16-May-12,12.76,12.76,12.76,12.76,0
15-May-12,12.76,12.76,12.76,12.76,200
14-May-12,12.45,12.45,12.45,12.45,0
11-May-12,12.45,12.45,12.45,12.45,100
10-May-12,12.30,12.30,12.30,12.30,0
9-May-12,12.30,12.30,12.30,12.30,0
8-May-12,12.30,12.30,12.30,12.30,200
7-May-12,12.50,12.50,12.50,12.50,100
4-May-12,12.50,12.50,12.50,12.50,0
3-May-12,12.50,12.50,12.50,12.50,0
2-May-12,12.56,12.56,12.20,12.50,414
1-May-12,13.11,13.11,13.11,13.11,0
30-Apr-12,13.11,13.11,13.11,13.11,0
27-Apr-12,12.72,13.57,12.52,13.11,2110
26-Apr-12,11.90,11.90,11.90,11.90,0
25-Apr-12,11.90,11.90,11.90,11.90,0
24-Apr-12,11.90,11.90,11.90,11.90,0
23-Apr-12,11.90,11.90,11.90,11.90,501
20-Apr-12,11.80,11.92,11.80,11.92,200
19-Apr-12,13.03,13.03,12.02,12.02,700
18-Apr-12,13.00,14.95,13.00,13.82,1400
17-Apr-12,13.02,13.02,13.02,13.02,100
16-Apr-12,13.65,13.65,13.65,13.65,0
13-Apr-12,13.65,13.65,13.65,13.65,300
12-Apr-12,13.26,14.47,13.26,14.19,1099
11-Apr-12,13.27,13.27,13.27,13.27,100
10-Apr-12,13.30,13.30,13.30,13.30,0
9-Apr-12,13.30,13.30,13.30,13.30,0
5-Apr-12,13.14,13.43,13.14,13.30,500
4-Apr-12,13.02,13.02,13.02,13.02,0
3-Apr-12,13.02,13.02,13.02,13.02,0
2-Apr-12,13.09,13.09,13.02,13.02,301
30-Mar-12,12.95,12.95,12.90,12.90,800
29-Mar-12,12.70,12.99,12.70,12.99,900
28-Mar-12,12.67,12.67,12.67,12.67,254
27-Mar-12,12.15,12.15,12.15,12.15,0
26-Mar-12,12.15,12.15,12.15,12.15,0
23-Mar-12,12.00,12.15,12.00,12.15,500
22-Mar-12,11.85,11.85,11.85,11.85,0
21-Mar-12,11.66,11.85,11.66,11.85,200
20-Mar-12,12.08,12.08,12.08,12.08,0
19-Mar-12,12.08,12.08,12.08,12.08,0
16-Mar-12,12.08,12.08,12.08,12.08,0
15-Mar-12,12.08,12.08,12.08,12.08,0
14-Mar-12,12.08,12.08,12.08,12.08,0
13-Mar-12,12.08,12.08,12.08,12.08,0
12-Mar-12,12.08,12.08,12.08,12.08,100
9-Mar-12,11.98,11.98,11.98,11.98,0
8-Mar-12,11.87,11.98,11.66,11.98,1100
7-Mar-12,12.09,12.09,12.09,12.09,0
6-Mar-12,12.09,12.09,12.09,12.09,0
5-Mar-12,12.09,12.09,12.09,12.09,300
2-Mar-12,11.73,11.73,11.73,11.73,0
1-Mar-12,11.73,11.73,11.73,11.73,0
29-Feb-12,11.73,11.73,11.73,11.73,0
28-Feb-12,11.73,11.73,11.73,11.73,0
27-Feb-12,11.73,11.73,11.73,11.73,0
24-Feb-12,11.73,11.73,11.73,11.73,0
23-Feb-12,11.73,11.73,11.73,11.73,100
22-Feb-12,11.58,11.58,11.58,11.58,0
21-Feb-12,11.29,11.58,11.29,11.58,300
17-Feb-12,11.55,11.55,11.55,11.55,0
16-Feb-12,11.55,11.55,11.55,11.55,0
15-Feb-12,11.55,11.55,11.55,11.55,0
14-Feb-12,11.97,11.97,11.55,11.55,200
13-Feb-12,12.11,12.11,12.11,12.11,0
10-Feb-12,12.11,12.11,12.11,12.11,0
9-Feb-12,12.18,12.18,12.15,12.15,400
8-Feb-12,12.15,12.15,12.15,12.15,204
6-Feb-12,11.68,11.68,11.68,11.68,0
31-Jan-12,11.20,11.20,11.20,11.20,0
30-Jan-12,11.10,11.10,11.10,11.10,400
27-Jan-12,11.10,11.10,11.10,11.10,160
20-Jan-12,11.45,11.45,11.45,11.45,0
19-Jan-12,11.45,11.45,11.45,11.45,130
18-Jan-12,11.25,11.25,11.25,11.25,100
17-Jan-12,11.25,11.30,11.20,11.20,300
12-Jan-12,11.19,11.19,11.19,11.19,0
10-Jan-12,11.60,11.60,11.60,11.60,0
9-Jan-12,11.52,11.52,11.52,11.52,100
6-Jan-12,11.50,11.50,11.50,11.50,100
4-Jan-12,11.50,11.50,11.50,11.50,0
30-Dec-11,11.35,11.35,11.35,11.35,0
29-Dec-11,11.70,12.95,11.62,11.62,1656
28-Dec-11,11.79,11.80,11.32,11.65,1100
27-Dec-11,11.56,11.56,11.56,11.56,200
20-Dec-11,11.55,11.55,11.55,11.55,0
19-Dec-11,11.21,11.84,11.20,11.20,5100
16-Dec-11,11.11,11.11,11.11,11.11,100
15-Dec-11,11.53,11.53,11.39,11.39,398
13-Dec-11,12.21,12.21,12.21,12.21,0
12-Dec-11,11.00,11.70,10.98,11.09,1904
9-Dec-11,11.02,11.10,11.02,11.10,200
7-Dec-11,11.05,11.05,11.05,11.05,0
6-Dec-11,11.03,11.03,11.03,11.03,0
5-Dec-11,11.28,11.28,11.28,11.28,200
2-Dec-11,11.20,11.28,11.20,11.28,1697
30-Nov-11,11.40,11.40,11.40,11.40,0
29-Nov-11,11.00,11.00,11.00,11.00,100
25-Nov-11,11.46,11.46,11.46,11.46,0
23-Nov-11,11.52,11.52,11.52,11.52,0
22-Nov-11,10.97,10.97,10.44,10.97,2300
21-Nov-11,11.22,11.22,11.22,11.22,215
15-Nov-11,11.55,11.55,11.55,11.55,0
10-Nov-11,12.07,12.07,12.07,12.07,0
9-Nov-11,12.20,12.20,12.20,12.20,0
8-Nov-11,12.08,12.28,12.08,12.28,400
4-Nov-11,12.10,12.10,12.10,12.10,0
3-Nov-11,12.25,12.25,12.25,12.25,400
2-Nov-11,12.25,12.25,12.25,12.25,200
31-Oct-11,12.25,12.25,12.25,12.25,0
28-Oct-11,12.25,12.25,12.25,12.25,100
27-Oct-11,12.00,12.01,12.00,12.00,6300
26-Oct-11,12.01,12.85,12.01,12.25,600
24-Oct-11,12.10,12.10,12.10,12.10,0
20-Oct-11,11.50,11.50,11.50,11.50,0
19-Oct-11,11.99,11.99,11.99,11.99,0
12-Oct-11,12.24,12.24,12.24,12.24,0
11-Oct-11,11.85,12.08,11.85,12.08,619
5-Oct-11,11.72,11.72,11.72,11.72,0
29-Sep-11,12.53,12.53,12.53,12.53,0
