Date,Open,High,Low,Close,Volume
27-Sep-12,11.92,12.11,10.66,11.52,480285
26-Sep-12,11.77,12.00,11.60,11.88,149141
25-Sep-12,12.02,12.10,11.68,11.80,331307
24-Sep-12,12.00,12.30,11.85,12.00,281871
21-Sep-12,11.96,12.02,11.92,12.00,161237
20-Sep-12,12.32,12.32,11.80,11.97,153630
19-Sep-12,12.48,12.55,12.42,12.46,83237
18-Sep-12,13.10,13.10,12.42,12.44,73452
17-Sep-12,12.77,13.30,12.77,13.10,115067
14-Sep-12,12.95,13.12,12.60,12.80,120843
13-Sep-12,13.18,13.19,12.93,12.93,65013
12-Sep-12,13.10,13.30,12.78,13.19,119882
11-Sep-12,13.00,13.39,12.29,13.10,280966
10-Sep-12,11.96,13.00,11.76,13.00,244321
7-Sep-12,11.97,12.14,11.90,12.03,259704
6-Sep-12,11.77,12.05,11.77,11.99,575207
5-Sep-12,11.97,12.01,11.80,11.85,699223
4-Sep-12,12.09,12.45,11.90,12.00,563460
31-Aug-12,11.97,12.15,11.85,12.02,502101
30-Aug-12,12.18,12.30,11.86,11.90,526169
29-Aug-12,11.50,12.26,11.31,12.11,1005165
28-Aug-12,10.49,11.66,10.36,11.43,950002
27-Aug-12,10.44,10.87,9.90,10.52,906707
24-Aug-12,8.99,10.96,8.95,10.57,1805215
23-Aug-12,8.88,9.08,8.75,8.99,800611
22-Aug-12,9.04,9.06,8.72,8.88,572621
21-Aug-12,9.26,9.45,9.09,9.10,672891
20-Aug-12,9.11,9.34,8.67,9.19,1172806
17-Aug-12,8.18,8.81,8.02,8.65,1060249
16-Aug-12,8.20,8.47,8.14,8.23,1515763
15-Aug-12,7.84,8.31,7.80,8.20,1345452
14-Aug-12,8.32,8.50,7.85,7.88,1685615
13-Aug-12,8.95,9.01,8.25,8.34,2193683
10-Aug-12,8.95,9.53,8.52,8.71,7662905
9-Aug-12,14.07,15.26,14.07,15.01,1665145
8-Aug-12,13.89,14.19,13.60,14.10,352078
7-Aug-12,12.53,14.08,12.20,14.01,400367
6-Aug-12,12.45,13.13,11.56,12.51,248075
3-Aug-12,12.75,12.75,12.05,12.41,312495
2-Aug-12,13.76,13.83,11.99,12.21,419328
1-Aug-12,14.29,14.41,13.65,13.87,301047
31-Jul-12,13.06,14.43,13.06,14.14,683237
30-Jul-12,12.81,13.32,12.73,13.11,559881
27-Jul-12,10.95,12.92,10.88,12.82,962436
26-Jul-12,12.99,13.15,9.37,10.88,2565483
25-Jul-12,12.48,12.93,12.47,12.77,308787
24-Jul-12,12.24,12.45,12.14,12.45,165336
23-Jul-12,12.27,12.74,12.03,12.25,295754
20-Jul-12,12.32,12.90,12.05,12.50,339495
19-Jul-12,13.08,13.25,12.33,12.43,412054
18-Jul-12,12.28,13.15,12.28,13.06,317195
17-Jul-12,13.03,13.40,12.32,12.41,484459
16-Jul-12,13.64,13.71,12.83,12.98,333053
13-Jul-12,13.65,14.07,13.26,13.64,586807
12-Jul-12,13.33,13.57,12.68,13.08,264867
11-Jul-12,14.06,14.09,13.28,13.43,255035
10-Jul-12,14.21,14.28,13.79,14.06,273780
9-Jul-12,13.55,14.24,13.45,14.14,278968
6-Jul-12,13.92,14.08,13.34,13.57,365522
5-Jul-12,14.88,14.98,13.88,14.10,623550
3-Jul-12,13.59,14.98,13.59,14.91,393886
2-Jul-12,14.28,14.56,13.30,13.60,1301727
29-Jun-12,14.36,14.68,14.02,14.25,659694
28-Jun-12,13.80,14.63,13.53,14.06,844443
27-Jun-12,13.54,14.07,13.30,13.89,467362
26-Jun-12,13.76,14.20,13.33,13.57,595466
25-Jun-12,13.40,14.23,13.10,13.81,608113
22-Jun-12,13.49,13.86,13.36,13.67,987280
21-Jun-12,13.69,13.96,13.21,13.37,856522
20-Jun-12,13.52,13.85,13.30,13.66,591380
19-Jun-12,13.06,14.57,13.02,13.55,1383380
18-Jun-12,12.94,13.51,12.78,12.99,819648
15-Jun-12,13.38,13.40,12.68,13.10,1169437
14-Jun-12,12.71,13.64,12.54,13.51,1677360
13-Jun-12,12.55,13.06,12.11,12.92,1753849
12-Jun-12,11.98,13.17,11.19,12.94,1943497
11-Jun-12,13.58,13.65,11.68,11.83,1623971
8-Jun-12,13.61,14.10,13.34,13.48,1242899
7-Jun-12,16.03,16.40,13.32,13.63,1553714
6-Jun-12,15.87,16.31,15.60,15.90,769112
5-Jun-12,16.50,16.99,14.83,15.77,1709707
4-Jun-12,17.69,17.99,16.51,16.68,405612
1-Jun-12,18.34,18.34,17.63,17.66,577685
31-May-12,17.95,19.29,17.62,18.65,1014087
30-May-12,18.85,19.50,16.99,17.04,715810
29-May-12,20.04,20.14,19.33,19.53,199680
25-May-12,20.42,20.87,20.00,20.26,412638
24-May-12,19.97,20.77,19.66,20.45,574001
23-May-12,19.59,20.15,18.79,19.90,723247
22-May-12,20.50,20.89,19.53,19.80,437269
21-May-12,18.95,20.90,18.75,20.52,613959
18-May-12,20.20,20.79,18.70,19.00,777080
17-May-12,20.91,21.50,20.07,20.53,399001
16-May-12,22.14,23.00,19.91,20.90,992656
15-May-12,22.30,23.24,22.12,22.31,722014
14-May-12,22.56,22.70,22.00,22.39,639504
11-May-12,24.59,24.92,21.60,22.56,1047282
10-May-12,26.00,26.04,23.35,24.74,1118781
9-May-12,25.11,27.90,24.55,26.04,742533
8-May-12,24.57,25.95,23.28,24.92,943780
7-May-12,26.67,26.67,24.54,24.91,1618116
4-May-12,28.51,28.87,26.32,26.99,999215
3-May-12,28.75,29.18,28.50,28.78,847754
2-May-12,32.88,33.18,28.26,28.90,4060699
1-May-12,33.22,35.99,33.10,35.00,1255395
30-Apr-12,33.74,33.98,32.50,33.02,718142
27-Apr-12,32.85,34.49,32.73,33.75,625965
26-Apr-12,31.95,32.83,31.62,32.74,412577
25-Apr-12,32.25,32.50,31.63,31.93,156055
24-Apr-12,32.13,32.58,31.90,32.19,195707
23-Apr-12,31.83,32.44,30.70,31.87,407622
20-Apr-12,33.50,33.50,31.75,32.14,290582
19-Apr-12,32.16,33.94,32.15,33.29,350497
18-Apr-12,33.00,33.17,31.64,32.30,329046
17-Apr-12,33.15,33.76,33.00,33.19,179243
16-Apr-12,34.55,34.77,32.70,32.97,289536
13-Apr-12,33.79,35.32,33.70,34.35,423501
12-Apr-12,32.45,34.80,32.17,33.88,585439
11-Apr-12,31.20,32.42,30.45,32.42,553457
10-Apr-12,30.26,32.11,30.26,31.24,447670
9-Apr-12,30.70,30.93,30.25,30.50,299753
5-Apr-12,31.00,31.56,30.90,30.96,325928
4-Apr-12,32.90,32.90,30.90,31.01,420431
3-Apr-12,32.61,33.10,32.34,32.95,297479
2-Apr-12,31.90,32.50,31.65,32.33,353419
30-Mar-12,31.50,32.22,31.50,31.63,577023
29-Mar-12,30.51,31.74,29.66,31.15,583602
28-Mar-12,32.57,32.67,30.30,30.95,829312
27-Mar-12,33.47,33.74,32.00,32.10,727898
26-Mar-12,30.84,33.97,30.50,32.75,880497
23-Mar-12,29.19,31.32,28.80,30.38,708160
22-Mar-12,29.00,29.33,28.29,28.72,356802
21-Mar-12,28.06,28.83,27.53,28.73,458453
20-Mar-12,27.00,28.14,26.90,27.04,158353
19-Mar-12,26.90,27.18,26.80,27.10,108824
16-Mar-12,27.20,27.26,26.80,26.92,98656
15-Mar-12,27.15,27.33,26.50,27.17,118485
14-Mar-12,26.57,27.21,25.90,27.00,266566
13-Mar-12,26.88,26.88,25.55,26.57,230700
12-Mar-12,26.65,26.65,25.75,26.19,133633
9-Mar-12,25.58,25.90,25.15,25.50,135650
8-Mar-12,25.18,25.69,24.91,25.11,154598
7-Mar-12,23.84,25.66,23.60,24.63,345315
6-Mar-12,25.10,25.10,23.33,23.57,459107
5-Mar-12,25.91,25.91,25.00,25.18,191073
2-Mar-12,24.83,26.72,24.43,25.99,607387
1-Mar-12,26.20,26.66,24.32,25.02,428440
29-Feb-12,28.01,28.22,26.06,26.28,251498
28-Feb-12,28.97,28.97,27.40,27.80,322616
27-Feb-12,27.70,28.68,27.20,28.61,420532
24-Feb-12,26.65,27.70,26.43,27.34,341811
23-Feb-12,25.28,27.45,25.22,26.78,740125
22-Feb-12,24.97,25.39,24.62,25.35,97246
21-Feb-12,25.00,25.50,24.66,25.00,281479
17-Feb-12,24.31,25.01,24.01,25.01,163579
16-Feb-12,23.27,24.76,23.10,24.12,179543
15-Feb-12,24.31,24.86,23.20,23.28,186246
14-Feb-12,24.68,24.83,23.83,24.30,111123
13-Feb-12,25.09,25.50,24.61,24.67,179698
10-Feb-12,24.75,25.23,24.08,24.91,111647
9-Feb-12,24.08,24.08,24.08,24.08,0
8-Feb-12,23.20,23.85,23.18,23.46,134423
7-Feb-12,23.35,23.35,23.35,23.35,0
6-Feb-12,25.11,25.45,23.75,23.76,314625
3-Feb-12,27.19,27.23,24.78,25.00,478885
2-Feb-12,24.50,25.73,24.41,25.52,403479
1-Feb-12,23.99,24.55,22.60,24.10,896713
31-Jan-12,25.30,25.30,24.00,24.28,374826
30-Jan-12,22.43,24.42,22.43,24.42,489075
27-Jan-12,22.40,22.40,22.40,22.40,0
26-Jan-12,20.20,21.75,20.20,21.00,277338
25-Jan-12,20.13,20.48,20.02,20.14,138366
24-Jan-12,20.00,20.79,19.75,19.96,94961
23-Jan-12,20.15,20.78,19.83,19.99,86421
20-Jan-12,19.74,20.10,19.38,20.04,357409
19-Jan-12,21.22,21.92,19.52,20.03,763253
18-Jan-12,21.71,22.20,20.91,21.14,363140
17-Jan-12,22.49,22.81,21.25,21.64,152355
13-Jan-12,22.39,22.39,22.39,22.39,0
12-Jan-12,21.35,22.25,20.73,21.81,212423
11-Jan-12,19.92,21.45,19.90,21.17,695136
10-Jan-12,19.76,19.76,19.76,19.76,0
9-Jan-12,18.76,19.33,18.30,19.32,222903
6-Jan-12,17.98,18.54,17.95,18.39,626338
5-Jan-12,18.30,18.39,17.33,17.44,610610
4-Jan-12,18.76,18.77,17.61,18.25,184077
3-Jan-12,18.95,18.95,18.23,18.49,132553
30-Dec-11,18.23,18.23,18.23,18.23,0
29-Dec-11,18.49,18.83,18.26,18.56,38119
28-Dec-11,18.78,18.82,18.28,18.43,81674
27-Dec-11,19.27,19.50,18.80,18.84,54600
23-Dec-11,19.10,19.10,19.10,19.10,0
22-Dec-11,19.39,19.67,19.00,19.21,101442
21-Dec-11,19.43,19.43,19.43,19.43,0
20-Dec-11,19.95,19.95,19.95,19.95,0
19-Dec-11,20.94,20.95,20.40,20.54,401845
16-Dec-11,20.90,21.08,20.56,20.90,1195187
15-Dec-11,21.14,21.45,20.51,20.55,194357
14-Dec-11,20.63,21.06,20.00,21.03,108904
13-Dec-11,19.92,21.14,19.70,20.82,282703
12-Dec-11,20.00,20.29,19.46,19.86,35858
9-Dec-11,20.23,20.23,20.23,20.23,0
8-Dec-11,19.68,20.43,19.60,20.11,68933
7-Dec-11,19.11,19.99,19.11,19.84,196023
6-Dec-11,19.94,20.25,19.45,19.50,100106
5-Dec-11,20.65,20.65,19.75,19.93,75304
2-Dec-11,20.26,20.26,20.26,20.26,0
1-Dec-11,19.68,20.27,19.50,19.99,110542
30-Nov-11,19.69,19.83,19.06,19.76,124666
29-Nov-11,19.43,19.65,18.75,18.88,99348
28-Nov-11,19.88,20.32,19.30,19.37,99766
25-Nov-11,19.50,19.50,19.50,19.50,0
23-Nov-11,19.67,19.67,19.67,19.67,0
22-Nov-11,20.48,20.62,19.61,20.54,67841
21-Nov-11,22.13,22.30,20.20,20.47,520391
18-Nov-11,22.25,23.04,22.24,22.36,223054
17-Nov-11,22.01,22.01,22.01,22.01,0
16-Nov-11,19.54,20.26,19.40,20.05,30902
15-Nov-11,19.51,19.95,19.41,19.85,60288
14-Nov-11,19.48,19.48,19.48,19.48,0
11-Nov-11,21.40,21.50,19.33,19.46,215406
10-Nov-11,18.96,19.35,18.51,18.60,40244
9-Nov-11,18.70,18.70,18.70,18.70,0
8-Nov-11,19.18,19.33,18.50,18.71,55285
7-Nov-11,19.01,19.75,18.85,18.86,48249
4-Nov-11,19.86,20.26,19.08,19.27,97275
3-Nov-11,21.05,21.15,20.12,20.17,79618
2-Nov-11,20.89,21.20,19.80,20.74,56130
1-Nov-11,20.27,20.94,19.76,20.46,270905
31-Oct-11,20.31,21.25,19.48,20.99,123374
28-Oct-11,19.51,19.51,19.51,19.51,0
27-Oct-11,19.74,20.00,18.75,19.12,60482
26-Oct-11,19.77,20.20,18.71,19.04,59694
25-Oct-11,19.97,20.43,19.06,19.39,125118
24-Oct-11,19.57,21.50,19.57,20.23,193910
21-Oct-11,19.27,19.27,19.27,19.27,0
20-Oct-11,17.60,18.30,17.58,17.88,260207
19-Oct-11,19.00,19.42,17.48,17.65,144914
18-Oct-11,18.80,19.00,18.21,19.00,136186
17-Oct-11,17.72,18.95,17.50,18.60,354521
14-Oct-11,17.07,17.07,17.07,17.07,0
