Date,Open,High,Low,Close,Volume
26-Sep-12,0.77,0.78,0.77,0.78,12500
25-Sep-12,0.76,0.76,0.76,0.76,2900
24-Sep-12,0.77,0.77,0.77,0.77,300
21-Sep-12,0.76,0.76,0.76,0.76,6158
20-Sep-12,0.78,0.78,0.78,0.78,2900
19-Sep-12,0.77,0.77,0.77,0.77,1600
18-Sep-12,0.76,0.76,0.76,0.76,2900
17-Sep-12,0.77,0.77,0.77,0.77,2900
14-Sep-12,0.76,0.76,0.76,0.76,19498
13-Sep-12,0.76,0.76,0.76,0.76,5399
12-Sep-12,0.76,0.76,0.76,0.76,7900
11-Sep-12,0.77,0.77,0.76,0.76,4000
10-Sep-12,0.77,0.77,0.76,0.76,200
7-Sep-12,0.76,0.77,0.76,0.76,17795
6-Sep-12,0.76,0.77,0.76,0.76,56465
5-Sep-12,0.77,0.77,0.76,0.76,34378
4-Sep-12,0.76,0.76,0.76,0.76,44414
31-Aug-12,0.76,0.78,0.76,0.77,9500
30-Aug-12,0.76,0.76,0.76,0.76,26945
29-Aug-12,0.76,0.76,0.76,0.76,20500
28-Aug-12,0.76,0.76,0.76,0.76,116500
27-Aug-12,0.74,0.76,0.74,0.76,220980
24-Aug-12,0.75,0.75,0.75,0.75,36320
23-Aug-12,0.74,0.75,0.74,0.75,1134
22-Aug-12,0.74,0.75,0.74,0.75,47916
21-Aug-12,0.75,0.75,0.74,0.75,32400
20-Aug-12,0.74,0.75,0.74,0.75,8781
17-Aug-12,0.75,0.75,0.74,0.75,3334
16-Aug-12,0.74,0.75,0.74,0.75,237274
15-Aug-12,0.74,0.74,0.74,0.74,5782
14-Aug-12,0.74,0.74,0.74,0.74,834
13-Aug-12,0.74,0.74,0.74,0.74,10487
10-Aug-12,0.74,0.75,0.74,0.75,26784
9-Aug-12,0.74,0.74,0.74,0.74,115396
8-Aug-12,0.74,0.75,0.74,0.75,103400
7-Aug-12,0.72,0.72,0.72,0.72,0
6-Aug-12,0.72,0.75,0.72,0.75,1700
3-Aug-12,0.74,0.75,0.74,0.75,13200
2-Aug-12,0.74,0.75,0.74,0.75,6800
1-Aug-12,0.74,0.74,0.74,0.74,1000
31-Jul-12,0.74,0.76,0.74,0.74,1500
30-Jul-12,0.74,0.75,0.74,0.75,15900
27-Jul-12,0.74,0.76,0.74,0.76,1100
26-Jul-12,0.74,0.75,0.74,0.75,1965
25-Jul-12,0.74,0.75,0.74,0.75,23000
24-Jul-12,0.75,0.76,0.74,0.76,22492
23-Jul-12,0.72,0.75,0.72,0.75,13490
20-Jul-12,0.75,0.76,0.72,0.76,27100
19-Jul-12,0.75,0.76,0.74,0.76,47745
18-Jul-12,0.74,0.75,0.74,0.75,4186
17-Jul-12,0.74,0.75,0.74,0.75,2700
16-Jul-12,0.74,0.75,0.65,0.75,43949
13-Jul-12,0.75,0.75,0.74,0.74,22420
12-Jul-12,0.75,0.75,0.75,0.75,24000
11-Jul-12,0.74,0.75,0.74,0.75,83558
10-Jul-12,0.75,0.75,0.74,0.74,109387
9-Jul-12,0.75,0.75,0.75,0.75,10210
6-Jul-12,0.76,0.76,0.75,0.76,46633
5-Jul-12,0.76,0.76,0.76,0.76,51600
3-Jul-12,0.76,0.76,0.76,0.76,700
2-Jul-12,0.76,0.76,0.76,0.76,0
29-Jun-12,0.76,0.78,0.76,0.76,1020
28-Jun-12,0.78,0.78,0.76,0.76,2528
27-Jun-12,0.75,0.78,0.74,0.78,262659
26-Jun-12,0.75,0.76,0.75,0.76,35500
25-Jun-12,0.76,0.76,0.76,0.76,29700
22-Jun-12,0.75,0.76,0.75,0.75,30109
21-Jun-12,0.76,0.76,0.75,0.75,77999
20-Jun-12,0.76,0.77,0.75,0.76,86648
19-Jun-12,0.76,0.76,0.75,0.76,4364
18-Jun-12,0.78,0.78,0.76,0.78,800
15-Jun-12,0.80,0.80,0.76,0.80,500
14-Jun-12,0.76,0.80,0.75,0.76,7258
13-Jun-12,0.80,0.80,0.75,0.77,14650
12-Jun-12,0.75,0.80,0.75,0.75,5948
11-Jun-12,0.80,0.80,0.74,0.78,98776
8-Jun-12,0.76,0.80,0.75,0.77,42600
7-Jun-12,0.78,0.78,0.74,0.78,38019
6-Jun-12,0.75,0.78,0.74,0.76,92361
5-Jun-12,0.75,0.78,0.75,0.75,13453
4-Jun-12,0.75,0.76,0.75,0.76,60278
1-Jun-12,0.75,0.76,0.74,0.76,36970
31-May-12,0.76,0.76,0.74,0.76,65225
30-May-12,0.76,0.76,0.75,0.76,76432
29-May-12,0.75,0.76,0.75,0.76,51728
25-May-12,0.76,0.76,0.75,0.76,90407
24-May-12,0.71,0.76,0.71,0.76,74234
23-May-12,0.74,0.75,0.74,0.75,21600
22-May-12,0.75,0.75,0.75,0.75,109226
21-May-12,0.72,0.76,0.72,0.76,355548
18-May-12,0.71,0.76,0.71,0.76,567354
17-May-12,0.49,0.50,0.49,0.49,11510
16-May-12,0.49,0.54,0.49,0.49,4200
15-May-12,0.49,0.49,0.48,0.49,28230
14-May-12,0.53,0.53,0.52,0.52,200
11-May-12,0.56,0.60,0.56,0.60,600
10-May-12,0.62,0.62,0.54,0.56,482
9-May-12,0.57,0.57,0.54,0.54,1980
8-May-12,0.57,0.57,0.57,0.57,0
7-May-12,0.56,0.56,0.56,0.56,3704
4-May-12,0.59,0.59,0.54,0.54,500
3-May-12,0.60,0.61,0.55,0.57,3476
2-May-12,0.60,0.68,0.60,0.61,4845
1-May-12,0.58,0.61,0.51,0.57,14677
30-Apr-12,0.62,0.67,0.62,0.63,13602
27-Apr-12,0.59,0.67,0.59,0.62,21356
26-Apr-12,0.58,0.59,0.52,0.58,20909
25-Apr-12,0.57,0.58,0.54,0.57,7780
24-Apr-12,0.55,0.58,0.49,0.58,43758
23-Apr-12,0.50,0.55,0.50,0.55,10000
20-Apr-12,0.53,0.54,0.49,0.49,10500
19-Apr-12,0.55,0.57,0.48,0.48,5102
18-Apr-12,0.54,0.57,0.42,0.57,48980
17-Apr-12,0.51,0.59,0.51,0.59,19994
16-Apr-12,0.51,0.58,0.49,0.51,12668
13-Apr-12,0.55,0.55,0.49,0.49,5867
12-Apr-12,0.59,0.59,0.50,0.53,6678
11-Apr-12,0.52,0.59,0.52,0.59,7213
10-Apr-12,0.56,0.56,0.48,0.52,19494
9-Apr-12,0.55,0.59,0.55,0.56,12029
5-Apr-12,0.57,0.60,0.57,0.60,61702
4-Apr-12,0.60,0.60,0.55,0.60,3550
3-Apr-12,0.60,0.60,0.58,0.60,1071
2-Apr-12,0.60,0.60,0.53,0.59,18622
30-Mar-12,0.54,0.59,0.48,0.53,52990
29-Mar-12,0.54,0.58,0.53,0.58,1186
28-Mar-12,0.58,0.59,0.58,0.58,6331
27-Mar-12,0.58,0.58,0.55,0.58,3527
26-Mar-12,0.55,0.58,0.55,0.58,2437
23-Mar-12,0.58,0.58,0.54,0.54,600
22-Mar-12,0.58,0.58,0.56,0.58,6555
21-Mar-12,0.59,0.59,0.56,0.56,4490
20-Mar-12,0.58,0.60,0.58,0.60,2350
19-Mar-12,0.63,0.63,0.57,0.59,8333
16-Mar-12,0.59,0.66,0.59,0.62,24749
15-Mar-12,0.58,0.59,0.55,0.59,54270
14-Mar-12,0.56,0.62,0.56,0.62,83428
13-Mar-12,0.51,0.58,0.50,0.53,7440
12-Mar-12,0.51,0.51,0.49,0.49,3626
9-Mar-12,0.59,0.59,0.52,0.52,1180
8-Mar-12,0.50,0.60,0.47,0.53,11972
7-Mar-12,0.54,0.54,0.48,0.48,9565
6-Mar-12,0.59,0.59,0.47,0.52,20523
5-Mar-12,0.67,0.67,0.59,0.59,7899
2-Mar-12,0.67,0.67,0.61,0.64,16085
1-Mar-12,0.59,0.66,0.59,0.66,17684
29-Feb-12,0.59,0.64,0.59,0.59,13660
28-Feb-12,0.73,0.73,0.57,0.64,9232
27-Feb-12,0.82,0.82,0.56,0.73,37253
24-Feb-12,0.63,0.63,0.62,0.63,10750
23-Feb-12,0.57,0.67,0.54,0.62,54977
22-Feb-12,0.85,0.85,0.52,0.60,74898
21-Feb-12,0.50,0.89,0.46,0.67,185282
17-Feb-12,0.45,0.50,0.43,0.50,20723
16-Feb-12,0.48,0.49,0.48,0.49,2674
15-Feb-12,0.50,0.50,0.45,0.49,11200
14-Feb-12,0.50,0.54,0.40,0.42,81991
13-Feb-12,0.55,0.55,0.45,0.54,8265
10-Feb-12,0.55,0.55,0.53,0.55,499
9-Feb-12,0.55,0.55,0.55,0.55,0
8-Feb-12,0.55,0.55,0.53,0.54,14795
7-Feb-12,0.51,0.55,0.51,0.54,42075
6-Feb-12,0.49,0.53,0.46,0.52,18158
3-Feb-12,0.49,0.49,0.45,0.49,8650
2-Feb-12,0.53,0.53,0.40,0.43,117955
1-Feb-12,0.44,0.45,0.37,0.43,160861
30-Jan-12,0.40,0.40,0.40,0.40,0
27-Jan-12,0.42,0.45,0.41,0.41,5193
26-Jan-12,0.43,0.43,0.42,0.42,5900
25-Jan-12,0.45,0.45,0.44,0.45,3100
23-Jan-12,0.45,0.45,0.45,0.45,0
20-Jan-12,0.50,0.50,0.46,0.46,1229
19-Jan-12,0.48,0.50,0.48,0.48,25200
18-Jan-12,0.52,0.52,0.48,0.50,5223
17-Jan-12,0.51,0.54,0.48,0.54,3823
13-Jan-12,0.52,0.52,0.52,0.52,0
12-Jan-12,0.52,0.54,0.48,0.50,62800
11-Jan-12,0.49,0.52,0.49,0.52,64999
10-Jan-12,0.47,0.48,0.47,0.48,23500
9-Jan-12,0.45,0.47,0.43,0.47,39341
6-Jan-12,0.45,0.45,0.42,0.43,12130
5-Jan-12,0.44,0.45,0.44,0.44,5326
4-Jan-12,0.43,0.47,0.42,0.43,16700
3-Jan-12,0.45,0.47,0.42,0.43,11300
30-Dec-11,0.45,0.45,0.45,0.45,0
29-Dec-11,0.36,0.40,0.30,0.36,91772
28-Dec-11,0.38,0.41,0.37,0.37,9639
27-Dec-11,0.42,0.44,0.36,0.36,45933
23-Dec-11,0.41,0.41,0.41,0.41,0
22-Dec-11,0.39,0.40,0.39,0.40,2900
21-Dec-11,0.41,0.41,0.39,0.39,37820
20-Dec-11,0.40,0.44,0.40,0.40,9082
19-Dec-11,0.39,0.39,0.39,0.39,4300
16-Dec-11,0.38,0.44,0.38,0.43,1525
15-Dec-11,0.44,0.44,0.38,0.38,9785
14-Dec-11,0.42,0.42,0.40,0.42,6475
13-Dec-11,0.44,0.44,0.40,0.40,203
12-Dec-11,0.40,0.42,0.40,0.41,400
9-Dec-11,0.40,0.44,0.40,0.44,2200
8-Dec-11,0.42,0.44,0.40,0.40,6540
7-Dec-11,0.43,0.43,0.41,0.41,19725
6-Dec-11,0.48,0.48,0.41,0.43,28472
5-Dec-11,0.38,0.47,0.38,0.43,21850
2-Dec-11,0.38,0.39,0.38,0.39,4218
1-Dec-11,0.38,0.42,0.38,0.38,9814
30-Nov-11,0.45,0.45,0.39,0.39,34809
29-Nov-11,0.40,0.43,0.38,0.42,23361
28-Nov-11,0.40,0.43,0.40,0.40,8861
23-Nov-11,0.40,0.40,0.40,0.40,0
22-Nov-11,0.40,0.45,0.40,0.40,3100
21-Nov-11,0.47,0.47,0.38,0.40,31327
18-Nov-11,0.45,0.47,0.41,0.42,407
17-Nov-11,0.47,0.47,0.47,0.47,0
16-Nov-11,0.46,0.46,0.43,0.43,1100
15-Nov-11,0.41,0.41,0.41,0.41,0
14-Nov-11,0.42,0.42,0.40,0.40,3400
11-Nov-11,0.48,0.48,0.41,0.46,3100
10-Nov-11,0.48,0.48,0.40,0.43,13054
9-Nov-11,0.45,0.50,0.45,0.49,5000
8-Nov-11,0.40,0.50,0.40,0.49,19109
7-Nov-11,0.46,0.47,0.42,0.46,13883
4-Nov-11,0.45,0.45,0.45,0.45,1100
3-Nov-11,0.46,0.46,0.43,0.43,24044
2-Nov-11,0.44,0.46,0.44,0.44,9000
1-Nov-11,0.40,0.44,0.40,0.41,1744
31-Oct-11,0.40,0.43,0.40,0.43,1269
28-Oct-11,0.42,0.45,0.40,0.41,17331
27-Oct-11,0.46,0.50,0.39,0.44,12703
26-Oct-11,0.42,0.49,0.38,0.38,12154
25-Oct-11,0.40,0.50,0.40,0.50,4776
24-Oct-11,0.44,0.48,0.38,0.43,6019
21-Oct-11,0.38,0.48,0.38,0.45,10420
20-Oct-11,0.39,0.39,0.35,0.36,7200
19-Oct-11,0.36,0.36,0.35,0.36,3200
18-Oct-11,0.48,0.48,0.35,0.35,9504
17-Oct-11,0.40,0.40,0.37,0.40,5300
14-Oct-11,0.37,0.39,0.30,0.39,39900
13-Oct-11,0.41,0.43,0.38,0.40,1800
12-Oct-11,0.38,0.48,0.38,0.43,2000
11-Oct-11,0.38,0.44,0.38,0.44,500
10-Oct-11,0.43,0.48,0.38,0.40,12546
7-Oct-11,0.46,0.46,0.40,0.45,5098
6-Oct-11,0.46,0.46,0.46,0.46,175
4-Oct-11,0.51,0.51,0.51,0.51,0
3-Oct-11,0.45,0.50,0.37,0.37,16978
30-Sep-11,0.45,0.53,0.45,0.50,56762
29-Sep-11,0.41,0.49,0.41,0.45,10033
