Date,Open,High,Low,Close,Volume
27-Sep-12,13.23,13.48,13.11,13.44,2136090
26-Sep-12,13.41,13.42,13.02,13.17,1456411
25-Sep-12,13.91,13.99,13.36,13.44,3011086
24-Sep-12,13.94,14.00,13.74,13.76,1082965
21-Sep-12,14.27,14.34,14.13,14.14,1205993
20-Sep-12,14.24,14.26,13.95,14.15,1008487
19-Sep-12,14.42,14.52,14.35,14.40,1166298
18-Sep-12,14.52,14.55,14.30,14.45,1704679
17-Sep-12,15.01,15.01,14.67,14.75,1557371
14-Sep-12,14.60,15.00,14.51,15.00,3889260
13-Sep-12,14.51,14.76,14.18,14.60,3139377
12-Sep-12,14.50,14.66,14.12,14.52,2911030
11-Sep-12,14.74,14.82,14.15,14.46,4178702
10-Sep-12,14.94,15.07,14.68,14.69,1427454
7-Sep-12,14.71,15.07,14.58,15.00,1635090
6-Sep-12,14.39,15.14,14.38,14.92,2223769
5-Sep-12,14.25,14.40,14.14,14.23,1426456
4-Sep-12,14.38,14.56,14.10,14.23,3176820
31-Aug-12,14.53,14.65,14.22,14.52,1048695
30-Aug-12,14.56,14.60,14.31,14.35,885156
29-Aug-12,14.64,14.75,14.37,14.69,1628709
28-Aug-12,14.78,14.96,14.51,14.57,2566664
27-Aug-12,15.01,15.06,14.63,14.81,1248677
24-Aug-12,14.88,15.06,14.76,14.99,1112927
23-Aug-12,15.15,15.16,14.82,14.87,1571657
22-Aug-12,15.27,15.29,15.02,15.17,1590360
21-Aug-12,15.35,15.74,15.30,15.35,1379794
20-Aug-12,15.54,15.54,15.24,15.36,1252460
17-Aug-12,15.48,15.61,15.29,15.54,264381
16-Aug-12,15.26,15.56,15.26,15.44,347600
15-Aug-12,15.09,15.51,15.09,15.29,228233
14-Aug-12,15.36,15.36,15.05,15.11,251135
13-Aug-12,15.38,15.38,14.97,15.25,252549
10-Aug-12,15.13,15.51,15.11,15.45,369116
9-Aug-12,15.06,15.31,14.91,15.29,381219
8-Aug-12,14.68,15.16,14.59,15.09,392506
7-Aug-12,14.52,14.82,14.52,14.76,346721
6-Aug-12,14.24,14.61,14.24,14.42,328393
3-Aug-12,13.84,14.32,13.64,14.19,401327
2-Aug-12,13.61,14.09,13.40,13.54,2003685
1-Aug-12,13.98,13.83,13.83,13.83,14771
31-Jul-12,13.62,13.92,13.58,13.86,1963590
30-Jul-12,13.69,13.98,13.34,13.59,1827442
27-Jul-12,13.34,13.80,13.15,13.73,1511281
26-Jul-12,13.20,13.53,12.98,13.21,1811099
25-Jul-12,12.61,13.11,12.60,12.86,1656265
24-Jul-12,12.76,12.90,12.29,12.53,3152894
23-Jul-12,13.00,13.16,12.66,12.72,2233015
20-Jul-12,13.47,13.67,13.18,13.34,3892031
19-Jul-12,12.85,13.87,12.60,13.68,5126866
18-Jul-12,12.65,13.42,12.65,13.33,1951340
17-Jul-12,12.69,12.89,12.47,12.72,1963860
16-Jul-12,12.83,12.90,12.51,12.62,1946043
13-Jul-12,13.08,13.08,12.82,12.95,2104864
12-Jul-12,13.20,13.26,12.81,13.05,2498759
11-Jul-12,13.79,13.90,13.26,13.35,2237484
10-Jul-12,13.92,14.14,13.54,13.78,2729739
9-Jul-12,13.90,14.12,13.81,13.96,2833147
6-Jul-12,14.15,14.23,13.80,13.96,1715062
5-Jul-12,14.09,14.45,14.01,14.34,1613143
3-Jul-12,14.02,14.20,14.01,14.17,860792
2-Jul-12,14.17,14.24,13.84,14.01,1063527
29-Jun-12,13.91,14.20,13.91,14.10,1779764
28-Jun-12,13.42,13.56,13.19,13.49,2772526
27-Jun-12,13.25,13.59,13.22,13.50,1737493
26-Jun-12,13.45,13.54,13.19,13.21,2108709
25-Jun-12,13.91,14.06,13.36,13.39,2165751
22-Jun-12,14.08,14.20,13.90,14.13,1321020
21-Jun-12,14.45,14.58,13.86,13.98,3365772
20-Jun-12,14.07,14.58,14.03,14.53,3896343
19-Jun-12,13.95,14.17,13.82,14.10,2060609
18-Jun-12,13.53,13.88,13.42,13.84,1016682
15-Jun-12,13.16,13.69,13.12,13.64,1701928
14-Jun-12,13.25,13.38,12.99,13.11,1904648
13-Jun-12,13.58,13.62,13.13,13.25,1532013
12-Jun-12,13.16,13.63,13.13,13.59,1839449
11-Jun-12,13.85,13.86,13.07,13.09,1847763
8-Jun-12,13.23,13.72,13.16,13.64,1678960
7-Jun-12,13.86,13.88,13.30,13.32,1859394
6-Jun-12,13.18,13.69,13.16,13.57,2629543
5-Jun-12,12.37,13.09,12.37,13.08,2949257
4-Jun-12,12.44,12.71,12.14,12.41,1323592
1-Jun-12,12.84,12.97,12.39,12.43,1924066
31-May-12,13.90,13.90,12.95,13.21,2827963
30-May-12,13.64,13.65,13.28,13.54,1647932
29-May-12,13.62,13.90,13.57,13.88,1351646
25-May-12,13.19,13.55,13.19,13.51,1083366
24-May-12,13.36,13.54,13.10,13.22,1821418
23-May-12,13.29,13.40,12.97,13.36,2141586
22-May-12,13.53,13.68,13.26,13.48,1856336
21-May-12,12.90,13.55,12.82,13.53,1724606
18-May-12,13.36,13.36,12.79,12.90,2742476
17-May-12,13.50,13.77,13.26,13.31,4691842
16-May-12,13.50,13.84,13.43,13.45,2602969
15-May-12,13.50,13.73,13.33,13.49,2149373
14-May-12,13.22,13.64,13.16,13.46,2156955
11-May-12,13.16,13.67,13.09,13.41,1944278
10-May-12,13.17,13.40,12.82,13.26,2815249
9-May-12,12.94,13.04,12.63,13.01,4670488
8-May-12,13.15,13.17,12.72,13.16,1733718
7-May-12,13.20,13.38,13.11,13.25,1321937
4-May-12,13.50,13.56,13.19,13.31,1859281
3-May-12,14.29,14.37,13.54,13.58,1744790
2-May-12,14.24,14.35,14.05,14.30,944733
1-May-12,14.22,14.50,14.14,14.37,1286353
30-Apr-12,14.38,14.44,14.00,14.17,2748301
27-Apr-12,14.12,14.47,13.95,14.46,2841430
26-Apr-12,13.72,14.17,13.72,14.13,2401742
25-Apr-12,13.46,13.85,13.40,13.71,2296363
24-Apr-12,13.33,13.50,13.15,13.26,1977623
23-Apr-12,13.36,13.45,13.21,13.28,2995129
20-Apr-12,14.72,14.75,13.51,13.60,5230782
19-Apr-12,14.89,15.00,14.23,14.50,3809526
18-Apr-12,14.24,14.40,14.05,14.39,2018699
17-Apr-12,14.10,14.42,14.10,14.32,1559340
16-Apr-12,14.17,14.24,13.81,13.99,1109852
13-Apr-12,14.42,14.42,14.00,14.02,1402396
12-Apr-12,13.97,14.56,13.96,14.45,1105952
11-Apr-12,13.91,14.26,13.79,13.93,1325934
10-Apr-12,13.86,14.10,13.64,13.69,1765474
9-Apr-12,13.77,13.98,13.68,13.88,1270241
5-Apr-12,13.91,14.11,13.85,13.99,1276665
4-Apr-12,14.35,14.39,13.96,14.00,1546805
3-Apr-12,14.54,14.74,14.46,14.57,1510772
2-Apr-12,14.69,14.73,14.30,14.61,903727
30-Mar-12,14.79,14.95,14.56,14.70,1656459
29-Mar-12,14.34,14.69,14.24,14.69,1181157
28-Mar-12,14.85,14.90,14.34,14.49,1255438
27-Mar-12,14.63,15.20,14.56,14.90,2367429
26-Mar-12,14.32,14.66,14.27,14.56,790710
23-Mar-12,14.04,14.33,13.89,14.23,717151
22-Mar-12,14.27,14.35,13.96,14.07,1233071
21-Mar-12,14.52,14.62,14.29,14.40,929863
20-Mar-12,14.46,14.61,14.33,14.51,901164
19-Mar-12,14.58,14.70,14.35,14.59,1051179
16-Mar-12,14.57,14.69,14.30,14.44,1475317
15-Mar-12,13.93,14.57,13.89,14.54,2405879
14-Mar-12,14.01,14.26,13.90,13.91,1592599
13-Mar-12,13.51,14.09,13.50,13.99,2758917
12-Mar-12,13.52,13.60,13.33,13.37,559578
9-Mar-12,13.39,13.62,13.37,13.53,1467663
8-Mar-12,13.40,13.57,13.21,13.42,2414759
7-Mar-12,13.25,13.44,13.15,13.21,1754964
6-Mar-12,13.13,13.24,12.91,13.12,2913903
5-Mar-12,13.85,13.89,13.23,13.34,2445769
2-Mar-12,14.20,14.43,13.89,13.91,2575261
1-Mar-12,14.63,14.86,14.20,14.28,3241699
29-Feb-12,14.74,14.90,14.57,14.59,1167132
28-Feb-12,14.70,14.96,14.56,14.76,1465143
27-Feb-12,14.80,14.90,14.54,14.72,1277394
24-Feb-12,14.97,15.38,14.86,14.91,986793
23-Feb-12,14.75,15.04,14.51,14.98,1599865
22-Feb-12,14.97,15.12,14.72,14.76,1449126
21-Feb-12,15.87,15.88,14.91,15.06,2193460
17-Feb-12,15.70,15.90,15.45,15.88,2090906
16-Feb-12,15.05,15.75,15.02,15.60,1804571
15-Feb-12,14.96,15.61,14.96,15.08,2433560
14-Feb-12,14.64,14.85,14.56,14.78,1044911
13-Feb-12,14.93,15.04,14.43,14.73,1266843
10-Feb-12,15.08,15.12,14.64,14.79,1414310
9-Feb-12,15.18,15.33,14.97,15.33,1570343
8-Feb-12,14.94,15.57,14.94,15.17,1713788
7-Feb-12,14.95,15.08,14.72,14.93,1366256
6-Feb-12,15.16,15.20,14.91,15.02,852007
3-Feb-12,14.78,15.65,14.70,15.35,2720118
2-Feb-12,14.62,14.81,14.45,14.51,1331398
1-Feb-12,14.14,14.65,14.02,14.62,2022481
31-Jan-12,14.40,14.49,13.89,13.98,2175027
30-Jan-12,14.45,14.46,14.20,14.34,2206935
27-Jan-12,14.36,14.72,14.24,14.63,1885473
26-Jan-12,14.84,15.09,14.34,14.44,2558108
25-Jan-12,14.35,14.86,14.21,14.74,3665546
24-Jan-12,14.06,14.41,13.96,14.39,1780955
23-Jan-12,14.31,14.32,13.96,14.07,2237116
20-Jan-12,13.88,14.85,13.70,14.35,3814504
19-Jan-12,14.29,14.32,13.79,14.04,6510849
18-Jan-12,13.55,14.76,13.55,14.53,6771094
17-Jan-12,13.07,13.37,12.99,13.01,2266473
13-Jan-12,12.92,12.92,12.92,12.92,0
12-Jan-12,12.89,13.14,12.77,13.13,1855194
11-Jan-12,12.79,12.94,12.74,12.85,1361048
10-Jan-12,13.11,13.25,12.78,12.92,1944506
9-Jan-12,12.68,13.10,12.57,12.99,4746705
6-Jan-12,12.33,12.35,12.08,12.19,1586990
5-Jan-12,12.10,12.34,11.92,12.31,1743700
4-Jan-12,12.30,12.30,11.94,12.13,1165424
3-Jan-12,12.38,12.45,12.13,12.30,1253134
30-Dec-11,12.04,12.04,12.04,12.04,0
29-Dec-11,11.95,12.16,11.86,12.13,630889
28-Dec-11,12.19,12.25,11.90,11.94,719243
27-Dec-11,12.16,12.44,12.15,12.24,610659
23-Dec-11,12.20,12.20,12.20,12.20,0
22-Dec-11,11.71,12.33,11.71,12.25,1392241
21-Dec-11,11.93,12.00,11.30,11.61,1589509
20-Dec-11,11.65,12.12,11.64,12.05,826964
19-Dec-11,11.82,11.90,11.37,11.40,1146911
16-Dec-11,11.68,11.87,11.59,11.74,1903985
15-Dec-11,11.80,11.92,11.47,11.59,1773524
14-Dec-11,11.57,11.78,11.44,11.59,1468216
13-Dec-11,12.39,12.52,11.52,11.57,2581164
12-Dec-11,12.62,12.69,12.07,12.30,1298797
9-Dec-11,12.60,12.89,12.37,12.87,1654414
8-Dec-11,13.06,13.30,12.63,12.67,1449169
7-Dec-11,13.30,13.32,12.93,13.18,1543596
6-Dec-11,13.39,13.50,13.15,13.39,1170894
5-Dec-11,13.36,13.60,13.16,13.40,1967467
2-Dec-11,13.37,13.48,13.07,13.09,1648627
1-Dec-11,12.90,13.24,12.79,13.20,1994447
30-Nov-11,12.33,12.96,12.33,12.95,2321194
29-Nov-11,12.03,12.04,11.69,11.88,1266246
28-Nov-11,11.96,12.16,11.80,11.96,1267555
25-Nov-11,11.72,11.92,11.55,11.56,509401
23-Nov-11,11.80,11.80,11.80,11.80,0
22-Nov-11,12.65,12.86,12.37,12.42,2080745
21-Nov-11,12.90,12.93,12.47,12.69,1878278
18-Nov-11,13.59,13.63,13.14,13.15,1703517
17-Nov-11,14.38,14.50,13.33,13.48,2484913
16-Nov-11,14.69,14.89,14.18,14.25,2191723
15-Nov-11,14.06,14.53,14.03,14.38,1750280
14-Nov-11,14.41,14.64,14.09,14.23,1646121
11-Nov-11,14.39,14.62,14.27,14.52,969500
10-Nov-11,14.13,14.23,13.77,14.15,2169104
9-Nov-11,14.32,14.48,13.74,13.78,3154278
8-Nov-11,14.95,15.01,14.45,14.80,2399041
7-Nov-11,14.99,15.10,14.59,14.79,1567619
4-Nov-11,14.82,15.32,14.77,15.09,3213073
3-Nov-11,14.56,15.06,14.20,14.95,2265690
2-Nov-11,14.62,14.68,14.20,14.39,1619679
1-Nov-11,14.28,14.57,14.13,14.40,3407835
31-Oct-11,15.22,15.39,14.91,14.97,2184255
28-Oct-11,15.08,15.49,15.08,15.38,2120670
27-Oct-11,15.25,15.49,14.96,15.35,2925045
26-Oct-11,14.02,14.76,13.95,14.58,4263283
25-Oct-11,13.83,14.16,13.57,13.81,1989363
24-Oct-11,13.42,14.13,13.39,14.03,1958495
21-Oct-11,13.19,13.56,13.07,13.36,2338353
20-Oct-11,12.97,13.12,12.50,12.99,2366508
19-Oct-11,13.06,13.53,12.66,12.98,3796151
18-Oct-11,12.71,13.23,12.49,13.16,2582371
17-Oct-11,13.02,13.04,12.61,12.71,3187553
14-Oct-11,13.54,13.62,12.52,13.09,5984662
13-Oct-11,12.31,13.71,12.23,13.49,7798307
12-Oct-11,11.90,12.61,11.90,12.24,3031831
11-Oct-11,11.99,12.17,11.68,11.80,2853599
10-Oct-11,12.39,12.57,11.90,12.12,1707663
7-Oct-11,11.92,12.30,11.72,12.08,2241728
6-Oct-11,11.54,11.89,11.40,11.85,914320
5-Oct-11,11.20,11.66,10.96,11.56,1658398
4-Oct-11,10.25,11.24,10.25,11.15,3092380
3-Oct-11,10.65,10.87,10.29,10.40,2116614
30-Sep-11,11.20,11.29,10.79,10.80,1713208
