Date,Open,High,Low,Close,Volume
26-Sep-12,10.31,10.31,9.96,10.00,6258
25-Sep-12,10.40,10.44,10.04,10.43,8238
24-Sep-12,10.05,10.44,10.04,10.37,16174
21-Sep-12,9.93,10.04,9.93,10.04,2438
20-Sep-12,9.91,9.91,9.90,9.91,900
19-Sep-12,9.90,9.90,9.90,9.90,100
18-Sep-12,9.80,9.92,9.70,9.92,4204
17-Sep-12,9.90,9.94,9.89,9.89,1000
14-Sep-12,9.91,9.90,9.88,9.88,1200
13-Sep-12,9.80,10.00,9.80,9.89,13764
12-Sep-12,9.91,9.95,9.82,9.84,800
11-Sep-12,9.70,9.70,9.69,9.70,3016
10-Sep-12,9.68,9.68,9.68,9.68,324
7-Sep-12,9.67,9.71,9.67,9.71,200
6-Sep-12,9.58,9.58,9.58,9.58,500
5-Sep-12,9.63,9.63,9.63,9.63,250
4-Sep-12,9.72,9.72,9.72,9.72,780
31-Aug-12,9.62,9.70,9.56,9.56,3264
30-Aug-12,9.63,9.71,9.63,9.71,250
29-Aug-12,9.70,9.70,9.70,9.70,300
28-Aug-12,9.59,9.59,9.55,9.55,439
27-Aug-12,9.60,9.68,9.60,9.68,342
24-Aug-12,9.72,9.72,9.50,9.51,2692
23-Aug-12,9.57,9.77,9.55,9.77,1195
22-Aug-12,9.49,9.57,9.49,9.52,7068
21-Aug-12,9.60,9.60,9.52,9.52,3706
20-Aug-12,9.60,9.79,9.60,9.79,2048
17-Aug-12,9.19,9.55,9.19,9.55,2074
16-Aug-12,9.38,9.40,8.76,9.19,4821
15-Aug-12,9.70,9.70,9.40,9.40,11942
14-Aug-12,9.55,9.66,9.55,9.66,800
13-Aug-12,9.55,9.70,9.55,9.70,891
10-Aug-12,9.55,9.58,9.55,9.57,2240
9-Aug-12,9.68,9.74,9.60,9.60,1000
8-Aug-12,9.77,9.80,9.57,9.78,3994
7-Aug-12,9.62,9.79,9.62,9.76,3279
6-Aug-12,9.60,9.60,9.55,9.60,5593
3-Aug-12,9.73,9.73,9.55,9.59,3535
2-Aug-12,9.65,9.65,9.55,9.59,1678
1-Aug-12,9.72,9.72,9.57,9.61,1690
31-Jul-12,9.77,9.79,9.56,9.56,3357
30-Jul-12,9.70,9.80,9.55,9.80,4095
27-Jul-12,9.73,9.73,9.73,9.73,0
26-Jul-12,9.67,9.90,9.55,9.77,23405
25-Jul-12,9.75,9.83,9.57,9.57,2229
24-Jul-12,9.70,9.90,9.65,9.65,687
23-Jul-12,9.55,9.90,9.55,9.64,2110
20-Jul-12,9.59,9.70,9.55,9.55,1250
19-Jul-12,9.84,9.88,9.56,9.59,2969
18-Jul-12,9.78,9.78,9.55,9.66,2171
17-Jul-12,9.85,9.90,9.70,9.90,8414
16-Jul-12,9.90,9.90,9.81,9.81,3043
13-Jul-12,9.90,9.90,9.88,9.88,936
12-Jul-12,9.89,9.89,9.50,9.84,20280
11-Jul-12,9.97,9.97,9.80,9.80,1512
10-Jul-12,9.84,9.98,9.75,9.91,7800
9-Jul-12,10.05,10.05,9.63,9.98,6284
6-Jul-12,11.60,11.62,10.00,10.50,29262
5-Jul-12,9.65,11.50,9.65,11.49,69257
3-Jul-12,9.90,9.90,9.65,9.65,800
2-Jul-12,9.68,9.80,9.60,9.77,8102
29-Jun-12,9.79,10.00,9.76,9.80,4772
28-Jun-12,9.75,9.75,9.75,9.75,100
27-Jun-12,9.75,9.75,9.65,9.68,2300
26-Jun-12,9.84,9.86,9.65,9.71,6480
25-Jun-12,9.85,9.88,9.62,9.84,9330
22-Jun-12,9.67,9.75,9.61,9.75,1412
21-Jun-12,9.86,9.86,9.75,9.85,300
20-Jun-12,9.93,9.93,9.93,9.93,220
19-Jun-12,9.76,9.93,9.76,9.93,3854
18-Jun-12,9.98,9.98,9.60,9.75,5720
15-Jun-12,10.00,10.00,10.00,10.00,757
14-Jun-12,10.00,10.00,9.60,9.80,753
13-Jun-12,9.60,9.73,9.60,9.70,1655
12-Jun-12,9.50,9.97,9.49,9.60,2051
11-Jun-12,9.75,9.75,9.44,9.44,1409
8-Jun-12,9.63,9.63,9.51,9.59,510
7-Jun-12,9.87,9.95,9.61,9.61,9100
6-Jun-12,9.74,9.90,9.46,9.87,2521
5-Jun-12,9.65,9.68,9.33,9.68,2100
4-Jun-12,9.65,9.96,9.50,9.50,4726
1-Jun-12,9.75,9.90,9.46,9.65,5542
31-May-12,9.90,9.90,9.80,9.90,4569
30-May-12,9.90,9.95,9.88,9.90,28617
29-May-12,10.04,10.04,9.99,10.02,2192
25-May-12,10.10,10.10,9.80,9.91,2633
24-May-12,10.00,10.10,9.80,10.10,1948
23-May-12,9.97,10.00,9.80,10.00,5602
22-May-12,9.94,10.13,9.80,9.96,2404
21-May-12,10.30,10.30,9.81,9.94,35543
18-May-12,10.00,10.09,9.83,10.00,1996
17-May-12,10.04,10.10,9.87,10.10,802
16-May-12,10.08,10.44,9.81,10.10,5435
15-May-12,10.01,10.50,9.81,10.42,6280
14-May-12,10.00,10.20,10.00,10.07,819
11-May-12,10.07,10.22,9.70,10.09,8416
10-May-12,10.01,10.14,9.88,10.00,10810
9-May-12,9.70,10.08,9.70,10.08,10851
8-May-12,9.99,10.15,9.99,10.00,2785
7-May-12,9.99,10.15,9.56,9.94,42021
4-May-12,9.85,10.06,9.85,10.05,4643
3-May-12,9.93,10.78,9.52,9.99,22123
2-May-12,9.97,9.97,9.82,9.91,3300
1-May-12,9.95,9.99,9.86,9.91,3472
30-Apr-12,9.85,9.95,9.60,9.95,4364
27-Apr-12,9.70,9.95,9.25,9.50,3521
26-Apr-12,9.37,9.81,9.05,9.81,19751
25-Apr-12,9.00,9.30,8.68,9.30,8493
24-Apr-12,8.66,8.78,8.66,8.75,6672
23-Apr-12,8.38,8.55,8.35,8.47,2665
20-Apr-12,8.35,8.59,8.35,8.35,2314
19-Apr-12,8.93,8.93,8.30,8.35,5629
18-Apr-12,9.24,9.29,8.53,8.94,15700
17-Apr-12,9.43,9.69,8.95,9.29,13501
16-Apr-12,9.74,9.74,9.18,9.58,19720
13-Apr-12,9.15,9.89,9.13,9.69,39601
12-Apr-12,8.94,9.23,8.82,9.01,7159
11-Apr-12,8.93,8.93,8.93,8.93,1200
10-Apr-12,8.70,8.70,8.50,8.53,6555
9-Apr-12,8.53,8.92,8.35,8.70,3885
5-Apr-12,8.99,8.99,8.42,8.53,4682
4-Apr-12,8.56,9.00,8.34,8.92,6330
3-Apr-12,8.32,8.60,8.32,8.60,10117
2-Apr-12,8.25,8.49,8.05,8.32,11530
30-Mar-12,8.53,8.74,8.11,8.24,3424
29-Mar-12,8.44,8.55,8.15,8.50,3100
28-Mar-12,8.51,8.63,8.50,8.50,17383
27-Mar-12,8.74,8.74,8.60,8.68,4811
26-Mar-12,8.25,8.80,8.25,8.64,16368
23-Mar-12,8.10,8.15,8.10,8.15,248
22-Mar-12,8.39,8.49,8.24,8.24,1906
21-Mar-12,8.40,8.66,8.16,8.36,6768
20-Mar-12,8.35,8.40,8.30,8.37,3647
19-Mar-12,8.25,8.40,8.04,8.04,5455
16-Mar-12,8.17,8.25,8.06,8.25,7820
15-Mar-12,8.24,8.24,7.96,8.09,11009
14-Mar-12,7.80,7.95,7.78,7.80,3758
13-Mar-12,7.56,7.80,7.55,7.80,7485
12-Mar-12,7.41,7.66,7.41,7.50,5158
9-Mar-12,7.34,7.41,7.34,7.41,3909
8-Mar-12,7.17,7.41,7.15,7.33,1596
7-Mar-12,7.27,7.27,7.15,7.17,5275
6-Mar-12,7.24,7.26,7.15,7.15,1515
5-Mar-12,7.14,7.20,7.14,7.17,2060
2-Mar-12,7.13,7.21,7.03,7.03,2475
1-Mar-12,7.11,7.16,7.04,7.15,3689
29-Feb-12,7.26,7.35,6.95,7.16,11375
28-Feb-12,7.30,7.39,7.12,7.30,4417
27-Feb-12,7.29,7.36,7.20,7.31,4291
24-Feb-12,7.23,7.33,7.17,7.23,6402
23-Feb-12,7.16,7.38,7.00,7.20,9916
22-Feb-12,7.15,7.15,7.02,7.08,2500
21-Feb-12,6.86,7.16,6.86,7.10,8817
17-Feb-12,6.81,6.82,6.75,6.82,1300
16-Feb-12,6.75,6.97,6.70,6.85,8000
15-Feb-12,6.79,6.85,6.75,6.75,2255
14-Feb-12,6.71,6.99,6.70,6.85,10051
13-Feb-12,6.69,6.99,6.69,6.70,2700
10-Feb-12,6.77,6.94,6.56,6.65,11125
9-Feb-12,6.65,6.75,6.60,6.75,26797
8-Feb-12,6.56,6.65,6.54,6.55,11000
7-Feb-12,6.58,6.60,6.47,6.55,4868
6-Feb-12,6.65,6.70,6.35,6.57,23375
3-Feb-12,6.50,6.75,6.50,6.60,6234
2-Feb-12,6.56,6.70,6.50,6.70,815
1-Feb-12,6.45,6.71,6.41,6.55,1639
31-Jan-12,6.24,6.49,6.24,6.49,9202
30-Jan-12,5.91,6.25,5.79,6.25,6244
27-Jan-12,5.88,5.89,5.88,5.89,744
26-Jan-12,5.88,5.88,5.88,5.88,0
25-Jan-12,5.31,6.06,5.31,6.06,11327
24-Jan-12,5.42,5.42,5.28,5.28,200
23-Jan-12,5.49,5.49,5.45,5.47,5566
20-Jan-12,5.24,5.49,5.24,5.27,1907
19-Jan-12,5.26,5.26,5.26,5.26,200
18-Jan-12,5.25,5.27,5.24,5.25,13086
17-Jan-12,5.47,5.47,5.25,5.25,3543
13-Jan-12,5.50,5.50,5.50,5.50,0
12-Jan-12,5.00,5.50,4.99,5.50,36085
11-Jan-12,5.28,5.28,5.15,5.25,2850
10-Jan-12,5.22,5.30,5.10,5.30,3875
9-Jan-12,5.00,5.24,5.00,5.24,8210
6-Jan-12,5.00,5.01,4.95,5.00,6322
5-Jan-12,5.06,5.12,5.06,5.12,3900
4-Jan-12,5.00,5.03,5.00,5.00,2332
3-Jan-12,5.02,5.13,4.95,4.97,10352
30-Dec-11,5.13,5.13,5.13,5.13,0
29-Dec-11,5.02,5.10,4.95,5.10,5299
28-Dec-11,5.05,5.13,5.01,5.10,3776
27-Dec-11,5.18,5.25,5.02,5.05,5429
23-Dec-11,5.19,5.19,5.19,5.19,0
22-Dec-11,5.11,5.11,5.11,5.11,100
21-Dec-11,5.05,5.20,5.05,5.10,8179
20-Dec-11,5.16,5.16,5.00,5.05,4766
19-Dec-11,5.21,5.22,5.08,5.08,9917
16-Dec-11,5.25,5.25,5.02,5.20,9309
15-Dec-11,5.24,5.24,5.05,5.11,3535
14-Dec-11,5.28,5.28,5.15,5.15,2369
13-Dec-11,5.26,5.49,5.25,5.36,1016
12-Dec-11,5.25,5.39,5.25,5.25,5637
9-Dec-11,5.11,5.28,5.00,5.28,11464
8-Dec-11,5.00,5.00,5.00,5.00,980
7-Dec-11,5.00,5.13,5.00,5.13,3587
6-Dec-11,5.00,5.13,5.00,5.04,2083
5-Dec-11,5.13,5.28,5.13,5.15,4851
2-Dec-11,5.02,5.13,5.02,5.13,18343
1-Dec-11,4.94,5.09,4.90,5.06,15620
30-Nov-11,5.11,5.11,4.90,5.06,6859
29-Nov-11,5.00,5.11,5.00,5.10,2069
28-Nov-11,5.05,5.05,4.88,5.00,10292
25-Nov-11,5.00,5.07,5.00,5.07,1021
23-Nov-11,4.92,4.92,4.92,4.92,0
22-Nov-11,5.50,5.50,4.85,5.00,7599
21-Nov-11,5.00,5.03,4.90,4.95,17805
18-Nov-11,5.00,5.05,4.99,5.05,8200
17-Nov-11,5.07,5.07,5.00,5.00,6283
16-Nov-11,5.01,5.15,5.00,5.00,10185
15-Nov-11,5.00,5.12,5.00,5.02,2739
14-Nov-11,4.96,5.00,4.96,5.00,2900
11-Nov-11,5.05,5.05,5.04,5.04,500
10-Nov-11,5.09,5.10,5.09,5.10,4600
9-Nov-11,5.00,5.15,5.00,5.10,7752
8-Nov-11,5.25,5.38,5.07,5.10,3840
7-Nov-11,5.00,5.71,5.00,5.09,5204
4-Nov-11,5.02,5.02,5.00,5.00,1200
3-Nov-11,5.06,5.11,5.00,5.05,2850
2-Nov-11,5.00,5.06,5.00,5.03,2232
1-Nov-11,5.03,5.05,4.90,4.91,3510
31-Oct-11,5.03,5.04,5.00,5.04,4242
28-Oct-11,5.02,5.03,4.90,5.00,3514
27-Oct-11,5.00,5.03,4.75,5.03,11601
26-Oct-11,4.73,4.73,4.71,4.71,646
25-Oct-11,4.65,4.85,4.64,4.85,10523
24-Oct-11,4.60,4.60,4.60,4.60,1017
21-Oct-11,4.61,4.70,4.61,4.70,842
20-Oct-11,4.67,4.67,4.61,4.61,1600
19-Oct-11,4.66,4.72,4.66,4.68,2621
18-Oct-11,4.75,4.76,4.73,4.73,1638
14-Oct-11,4.95,4.95,4.95,4.95,0
13-Oct-11,4.74,4.74,4.74,4.74,0
12-Oct-11,4.77,4.77,4.77,4.77,0
11-Oct-11,4.77,4.77,4.77,4.77,200
10-Oct-11,4.83,4.85,4.75,4.75,10000
7-Oct-11,4.85,4.85,4.85,4.85,1000
6-Oct-11,4.74,4.74,4.74,4.74,100
5-Oct-11,4.69,4.97,4.55,4.97,6263
4-Oct-11,4.65,4.75,4.65,4.75,882
3-Oct-11,4.78,4.89,4.71,4.71,6700
30-Sep-11,4.76,5.02,4.76,4.92,5172
29-Sep-11,4.77,4.79,4.77,4.79,200
