Date,Open,High,Low,Close,Volume
27-Sep-12,24.06,24.24,23.72,23.80,77317
26-Sep-12,24.30,24.30,23.63,24.00,129700
25-Sep-12,24.53,24.81,24.23,24.23,156112
24-Sep-12,24.40,24.62,24.39,24.52,146127
21-Sep-12,23.90,24.46,23.81,24.41,232791
20-Sep-12,23.77,24.23,23.60,23.78,119513
19-Sep-12,23.70,24.34,23.66,23.91,178947
18-Sep-12,23.60,23.74,23.42,23.68,116893
17-Sep-12,23.86,24.12,23.59,23.66,145154
14-Sep-12,23.78,24.49,23.51,23.76,207356
13-Sep-12,22.56,23.56,22.56,23.33,173053
12-Sep-12,23.00,23.19,22.51,23.00,137811
11-Sep-12,22.90,23.11,22.50,23.03,178654
10-Sep-12,23.51,23.55,22.90,23.00,287773
7-Sep-12,23.67,23.85,23.25,23.51,165773
6-Sep-12,24.04,24.05,23.62,23.83,129750
5-Sep-12,24.44,24.44,23.85,24.05,114039
4-Sep-12,24.47,24.62,24.41,24.44,35421
31-Aug-12,24.50,24.69,24.32,24.60,77093
30-Aug-12,24.53,24.61,24.19,24.49,101326
29-Aug-12,24.33,24.64,24.12,24.56,101632
28-Aug-12,23.53,24.41,23.53,24.19,124022
27-Aug-12,23.50,23.72,23.34,23.70,97393
24-Aug-12,23.33,23.71,23.16,23.65,89148
23-Aug-12,23.35,23.38,23.00,23.17,74515
22-Aug-12,23.07,23.32,22.75,23.24,187712
21-Aug-12,23.16,23.35,22.87,23.19,111155
20-Aug-12,23.39,23.44,23.03,23.25,135989
17-Aug-12,23.39,23.39,23.05,23.20,14226
16-Aug-12,23.60,23.65,23.47,23.48,6712
15-Aug-12,24.09,24.09,23.55,23.59,11558
14-Aug-12,24.21,24.24,24.01,24.10,15078
13-Aug-12,23.72,24.14,23.72,24.14,8351
10-Aug-12,24.25,24.25,23.31,23.62,10953
9-Aug-12,23.76,24.15,23.74,23.97,5984
8-Aug-12,23.88,24.19,23.52,23.82,22013
7-Aug-12,23.88,24.09,23.54,23.89,22799
6-Aug-12,24.40,24.40,22.19,23.77,49681
3-Aug-12,25.13,25.25,24.31,24.85,27148
2-Aug-12,25.25,25.42,25.00,25.26,91814
1-Aug-12,25.33,25.50,25.00,25.40,105988
31-Jul-12,25.50,25.50,25.00,25.34,244383
30-Jul-12,25.72,26.00,25.70,26.00,319187
27-Jul-12,25.40,25.91,25.40,25.77,406926
26-Jul-12,25.55,25.70,25.40,25.65,243855
25-Jul-12,25.65,25.80,25.40,25.40,2503463
24-Jul-12,27.83,27.91,26.78,27.00,193147
23-Jul-12,28.79,29.01,28.47,28.83,42082
20-Jul-12,28.45,29.12,28.45,29.03,50816
19-Jul-12,28.79,28.79,28.48,28.50,117996
18-Jul-12,28.36,28.72,28.34,28.61,38473
17-Jul-12,28.70,28.74,27.89,28.73,62346
16-Jul-12,28.50,28.54,28.22,28.54,42378
13-Jul-12,28.46,28.65,28.31,28.54,63966
12-Jul-12,28.19,28.48,27.92,28.37,52775
11-Jul-12,27.55,28.23,27.25,28.21,48941
10-Jul-12,27.51,27.62,27.32,27.53,34005
9-Jul-12,27.46,27.46,26.95,27.30,25886
6-Jul-12,27.45,27.73,27.18,27.64,22100
5-Jul-12,26.62,27.59,26.37,27.59,68789
3-Jul-12,26.91,26.91,26.08,26.54,35701
2-Jul-12,25.89,26.75,25.71,26.74,37637
29-Jun-12,25.61,25.97,25.61,25.86,18762
28-Jun-12,25.31,25.57,25.00,25.52,36521
27-Jun-12,25.00,25.90,25.00,25.56,145508
26-Jun-12,25.12,25.30,24.95,25.12,25540
25-Jun-12,25.29,25.35,24.85,25.12,24897
22-Jun-12,25.11,25.37,24.91,25.36,21480
21-Jun-12,25.18,25.76,24.92,24.99,65449
20-Jun-12,25.32,25.42,25.06,25.30,30922
19-Jun-12,24.99,25.49,24.54,25.32,35608
18-Jun-12,24.65,24.99,24.47,24.98,30490
15-Jun-12,25.20,25.22,24.25,24.80,84113
14-Jun-12,25.06,25.24,24.75,25.20,28052
13-Jun-12,24.93,25.38,24.75,25.11,37575
12-Jun-12,25.40,25.60,24.95,24.95,49963
11-Jun-12,25.51,26.00,25.20,25.32,45122
8-Jun-12,25.24,25.31,24.92,25.16,15884
7-Jun-12,25.11,25.49,24.82,25.30,79686
6-Jun-12,24.65,25.33,24.65,24.90,50022
5-Jun-12,24.23,24.60,24.16,24.58,94180
4-Jun-12,24.88,24.93,24.13,24.49,124858
1-Jun-12,25.01,25.12,24.80,25.04,41038
31-May-12,25.32,25.50,25.06,25.22,36772
30-May-12,25.56,25.56,25.20,25.37,43975
29-May-12,25.60,25.99,25.51,25.69,44175
25-May-12,25.23,25.72,25.10,25.57,53875
24-May-12,25.66,25.77,25.20,25.32,61109
23-May-12,26.30,26.56,25.50,25.86,53438
22-May-12,26.79,27.18,26.51,26.54,51755
21-May-12,26.47,26.94,26.47,26.94,27377
18-May-12,26.48,26.66,26.39,26.50,101812
17-May-12,26.82,26.92,26.31,26.50,78319
16-May-12,27.19,27.19,26.91,27.05,114029
15-May-12,27.26,27.54,27.00,27.28,113479
14-May-12,26.41,26.88,26.28,26.76,62928
11-May-12,25.91,26.88,25.77,26.52,136702
10-May-12,25.53,26.30,25.41,26.00,75385
9-May-12,25.17,25.77,24.97,25.53,80244
8-May-12,25.50,25.50,25.00,25.23,116421
7-May-12,25.73,25.73,25.00,25.28,100869
4-May-12,25.15,25.92,25.02,25.74,99748
3-May-12,25.00,25.30,24.82,25.21,87073
2-May-12,24.92,25.34,24.76,25.05,119633
1-May-12,25.62,25.62,24.90,24.94,125539
30-Apr-12,25.87,26.00,25.03,25.54,209158
27-Apr-12,26.26,26.26,25.67,25.83,88854
26-Apr-12,26.51,26.77,26.26,26.57,83713
25-Apr-12,26.90,27.07,26.50,26.61,60135
24-Apr-12,26.66,26.92,26.57,26.83,55559
23-Apr-12,26.86,26.93,26.50,26.76,122661
20-Apr-12,26.90,27.11,26.75,27.00,76335
19-Apr-12,26.83,27.08,26.70,26.98,67929
18-Apr-12,27.30,27.34,26.53,26.78,109463
17-Apr-12,27.90,27.90,27.26,27.37,119538
16-Apr-12,27.94,27.94,26.93,27.52,106695
13-Apr-12,28.03,28.22,27.80,27.91,60075
12-Apr-12,28.42,28.42,28.00,28.16,102376
11-Apr-12,28.69,28.79,28.34,28.50,159878
10-Apr-12,28.76,28.99,28.48,28.58,79870
9-Apr-12,28.75,28.95,28.50,28.91,42212
5-Apr-12,28.98,29.24,28.98,29.01,34030
4-Apr-12,28.95,29.11,28.88,28.99,35354
3-Apr-12,28.80,29.18,28.70,29.10,41706
2-Apr-12,28.46,29.00,28.38,28.88,56902
30-Mar-12,28.31,28.65,28.31,28.51,41074
29-Mar-12,28.47,28.50,28.21,28.34,41639
28-Mar-12,28.45,28.64,28.42,28.51,43959
27-Mar-12,28.49,28.65,28.47,28.47,58602
26-Mar-12,28.54,28.60,28.26,28.55,68268
23-Mar-12,28.49,28.60,28.42,28.55,37271
22-Mar-12,28.35,28.54,28.03,28.39,89196
21-Mar-12,28.45,28.45,28.22,28.37,52834
20-Mar-12,28.16,28.40,28.10,28.40,66791
19-Mar-12,28.37,28.37,28.00,28.29,111903
16-Mar-12,28.53,28.53,28.03,28.45,296734
15-Mar-12,28.53,28.68,28.32,28.60,161899
14-Mar-12,28.68,28.96,28.50,28.68,100086
13-Mar-12,29.21,29.24,28.62,28.68,168782
12-Mar-12,28.97,29.23,28.97,29.12,81970
9-Mar-12,28.80,29.13,28.50,28.88,162326
8-Mar-12,28.78,28.89,28.39,28.78,69494
7-Mar-12,28.49,28.74,28.41,28.73,46314
6-Mar-12,29.00,29.01,28.31,28.31,162191
5-Mar-12,29.09,29.22,28.93,29.06,35306
2-Mar-12,29.00,29.70,28.79,29.18,86928
1-Mar-12,28.42,29.05,28.33,29.05,70664
29-Feb-12,28.76,29.05,28.75,28.84,105756
28-Feb-12,29.00,29.27,28.76,28.89,107648
27-Feb-12,29.10,29.28,28.93,29.21,84076
24-Feb-12,28.37,28.95,28.29,28.93,99430
23-Feb-12,27.82,28.60,27.80,28.27,51633
22-Feb-12,28.06,28.06,27.74,27.87,67703
21-Feb-12,27.70,28.05,27.70,27.88,99505
17-Feb-12,28.00,28.00,27.66,27.70,66110
16-Feb-12,27.73,27.84,27.60,27.70,47771
15-Feb-12,27.52,27.88,27.50,27.73,85455
14-Feb-12,27.71,27.79,27.52,27.52,85230
13-Feb-12,27.88,27.92,27.71,27.82,100933
10-Feb-12,28.08,28.38,27.50,27.73,143161
9-Feb-12,28.43,28.49,28.08,28.21,59950
8-Feb-12,28.00,28.40,28.00,28.28,121049
7-Feb-12,28.38,28.38,27.77,28.07,87054
6-Feb-12,28.53,28.57,28.20,28.33,61775
3-Feb-12,28.81,29.03,28.33,28.55,107000
2-Feb-12,29.14,29.24,28.58,28.77,174669
1-Feb-12,29.71,29.87,29.01,29.21,161576
31-Jan-12,30.12,30.12,29.55,29.55,118272
30-Jan-12,29.65,30.04,29.65,30.01,106564
27-Jan-12,29.97,29.97,29.55,29.80,146362
26-Jan-12,30.21,30.32,30.01,30.30,122875
25-Jan-12,30.42,30.42,30.04,30.39,164698
24-Jan-12,30.28,30.39,29.90,30.34,182557
23-Jan-12,29.86,30.25,29.85,30.19,167012
20-Jan-12,29.99,30.48,29.75,30.00,206947
19-Jan-12,30.40,30.40,29.90,30.03,224779
18-Jan-12,30.19,30.31,30.00,30.30,255469
17-Jan-12,30.05,30.35,30.00,30.32,168447
13-Jan-12,30.04,30.04,30.04,30.04,0
12-Jan-12,30.15,30.24,30.00,30.00,250306
11-Jan-12,30.27,30.37,30.20,30.25,244817
10-Jan-12,30.30,30.49,30.15,30.40,1736218
9-Jan-12,32.24,32.45,31.75,31.89,82257
6-Jan-12,32.05,32.25,31.80,32.14,40836
5-Jan-12,32.00,32.09,31.60,32.05,88147
4-Jan-12,32.25,32.25,32.00,32.07,39946
3-Jan-12,31.94,32.24,31.94,32.13,38180
30-Dec-11,31.74,31.74,31.74,31.74,0
29-Dec-11,32.10,32.21,31.89,32.16,20083
28-Dec-11,31.90,32.25,31.54,32.04,42576
27-Dec-11,31.90,31.90,31.36,31.89,204407
23-Dec-11,31.90,31.90,31.90,31.90,0
22-Dec-11,32.31,32.58,31.34,31.89,63545
21-Dec-11,30.61,32.36,30.51,32.08,88731
20-Dec-11,30.98,30.98,30.50,30.85,74436
19-Dec-11,30.73,30.77,30.32,30.61,43689
16-Dec-11,30.81,30.81,30.40,30.41,52640
15-Dec-11,30.55,30.81,30.27,30.81,42187
14-Dec-11,30.84,30.84,30.20,30.58,27885
13-Dec-11,30.52,30.90,30.52,30.84,50613
12-Dec-11,29.85,30.42,29.75,30.35,15959
9-Dec-11,29.85,30.10,29.27,30.01,39730
8-Dec-11,30.48,30.48,29.61,29.85,74331
7-Dec-11,30.78,31.07,30.55,30.75,22932
6-Dec-11,30.25,30.85,30.25,30.76,42436
5-Dec-11,31.33,31.45,30.25,30.26,44765
2-Dec-11,30.32,31.19,30.19,30.95,59763
1-Dec-11,29.93,30.18,29.63,30.08,48618
30-Nov-11,29.84,30.00,29.56,29.87,69491
29-Nov-11,29.40,29.60,29.14,29.41,60804
28-Nov-11,29.16,29.36,28.77,29.18,69356
25-Nov-11,28.83,29.02,28.51,28.54,35443
23-Nov-11,28.68,28.68,28.68,28.68,0
22-Nov-11,28.20,29.05,27.70,28.80,85082
21-Nov-11,28.49,28.49,27.73,28.15,26066
18-Nov-11,28.28,28.56,28.00,28.56,24038
17-Nov-11,28.50,29.00,28.22,28.26,31262
16-Nov-11,27.94,28.68,27.91,28.54,54433
15-Nov-11,27.92,28.20,27.83,28.10,39840
14-Nov-11,28.35,28.36,27.82,28.06,70242
11-Nov-11,27.02,28.41,26.93,28.35,36830
10-Nov-11,26.90,26.97,26.44,26.91,112334
9-Nov-11,27.26,27.30,26.71,26.90,55297
8-Nov-11,28.54,28.83,27.07,27.47,124143
7-Nov-11,27.03,28.99,27.03,28.69,54994
4-Nov-11,28.74,29.01,28.62,28.99,20938
3-Nov-11,29.48,29.48,28.66,28.77,85936
2-Nov-11,29.42,29.98,29.10,29.13,39264
1-Nov-11,29.40,29.94,29.11,29.56,110382
31-Oct-11,28.88,29.74,28.76,29.58,59514
28-Oct-11,29.18,29.65,28.69,29.10,101672
27-Oct-11,30.00,30.00,29.19,29.19,205749
26-Oct-11,28.40,29.96,28.40,29.50,118697
25-Oct-11,28.70,28.70,28.20,28.24,48188
24-Oct-11,28.17,28.39,28.10,28.39,80982
21-Oct-11,28.00,28.01,27.65,27.70,107520
20-Oct-11,27.49,27.71,27.19,27.60,40287
19-Oct-11,27.06,27.89,26.94,27.32,89685
18-Oct-11,25.71,27.30,25.66,26.97,94724
17-Oct-11,26.30,26.55,25.62,25.80,52923
14-Oct-11,25.80,26.29,25.56,26.27,34706
13-Oct-11,25.21,25.56,25.06,25.55,14608
12-Oct-11,25.49,25.49,25.07,25.32,37810
11-Oct-11,24.56,25.14,24.49,25.05,51422
10-Oct-11,23.80,24.57,23.80,24.57,43965
7-Oct-11,24.15,24.15,23.47,23.68,48886
6-Oct-11,23.45,24.16,23.06,23.95,69074
5-Oct-11,23.00,23.63,22.55,23.50,85438
4-Oct-11,23.76,24.00,22.00,22.89,260115
3-Oct-11,25.53,25.53,24.08,24.14,160240
30-Sep-11,25.85,26.00,25.39,25.72,94519
