Date,Open,High,Low,Close,Volume
26-Sep-12,11.62,11.62,11.31,11.41,8760
25-Sep-12,11.80,12.10,11.80,11.82,7650
24-Sep-12,11.60,11.72,11.60,11.72,3292
21-Sep-12,11.48,11.56,11.48,11.56,1397
20-Sep-12,11.41,11.49,11.41,11.49,600
19-Sep-12,11.31,11.47,11.31,11.47,1156
18-Sep-12,11.47,11.47,11.47,11.47,300
17-Sep-12,11.29,11.29,11.29,11.29,100
14-Sep-12,11.41,11.41,11.41,11.41,100
13-Sep-12,11.32,11.35,11.10,11.30,4447
12-Sep-12,11.42,11.42,11.35,11.40,1200
11-Sep-12,11.25,11.28,11.25,11.25,2000
10-Sep-12,11.25,11.47,11.25,11.30,900
7-Sep-12,11.41,11.41,11.30,11.30,7413
6-Sep-12,11.30,11.61,11.20,11.49,15203
5-Sep-12,11.45,11.63,11.31,11.33,10657
4-Sep-12,11.25,11.76,11.25,11.64,8664
31-Aug-12,11.80,12.08,11.31,11.35,16545
30-Aug-12,11.51,11.90,11.51,11.89,13757
29-Aug-12,11.30,11.83,11.03,11.35,3076
28-Aug-12,11.89,11.89,11.20,11.53,8038
27-Aug-12,11.84,11.84,11.41,11.55,9457
24-Aug-12,11.73,11.73,11.45,11.60,17292
23-Aug-12,11.80,12.09,11.50,11.70,14048
22-Aug-12,12.25,12.47,11.10,11.51,52052
21-Aug-12,13.25,13.29,12.55,12.75,20199
20-Aug-12,12.92,13.40,12.90,13.07,25118
17-Aug-12,13.27,13.28,12.65,12.80,16700
16-Aug-12,13.21,13.28,12.73,13.00,24327
15-Aug-12,12.58,13.34,12.38,12.99,66483
14-Aug-12,12.64,12.65,12.35,12.50,15849
13-Aug-12,12.27,12.70,12.20,12.70,10333
10-Aug-12,12.53,12.57,12.30,12.57,5000
9-Aug-12,12.67,12.70,12.29,12.53,8680
8-Aug-12,12.34,12.74,12.31,12.53,10867
7-Aug-12,12.11,12.24,12.01,12.24,9463
6-Aug-12,12.11,12.25,11.60,11.76,16365
3-Aug-12,11.92,12.30,11.59,12.04,11312
2-Aug-12,11.89,12.30,11.25,11.49,31486
1-Aug-12,12.00,12.22,11.67,11.85,11427
31-Jul-12,12.02,12.30,11.70,11.85,20773
30-Jul-12,12.67,12.94,11.97,12.00,15426
27-Jul-12,12.99,12.99,12.41,12.90,14151
26-Jul-12,12.90,13.24,12.58,12.93,15812
25-Jul-12,12.79,13.27,12.68,12.89,10100
24-Jul-12,12.85,13.05,12.50,12.65,11105
23-Jul-12,12.75,13.33,12.75,12.97,16783
20-Jul-12,13.24,13.45,12.72,13.00,21697
19-Jul-12,12.06,13.19,12.06,13.05,74751
18-Jul-12,11.90,12.20,11.60,11.97,23400
17-Jul-12,12.01,12.20,11.22,11.91,32650
16-Jul-12,12.29,12.77,11.70,12.28,53873
13-Jul-12,11.88,12.40,11.66,12.22,26715
12-Jul-12,12.01,12.51,11.60,11.65,15365
11-Jul-12,12.20,12.60,11.61,12.02,9798
10-Jul-12,12.60,12.75,11.64,12.19,15799
9-Jul-12,12.52,13.24,12.21,12.48,91553
6-Jul-12,12.10,12.47,11.25,12.06,34190
5-Jul-12,11.96,12.88,11.33,12.10,135738
3-Jul-12,11.58,12.05,11.00,11.93,43262
2-Jul-12,12.35,12.74,11.30,11.90,145898
29-Jun-12,9.79,11.68,9.75,11.43,140732
28-Jun-12,9.37,9.77,9.20,9.75,13478
27-Jun-12,8.90,10.23,8.90,9.35,56581
26-Jun-12,8.44,8.44,8.44,8.44,0
25-Jun-12,8.48,8.48,8.09,8.15,1887
22-Jun-12,7.95,7.98,7.95,7.98,500
21-Jun-12,8.05,8.13,7.90,7.92,5529
20-Jun-12,8.20,8.20,8.20,8.20,1200
19-Jun-12,8.40,8.40,8.20,8.20,3900
18-Jun-12,8.42,8.44,8.40,8.40,1095
15-Jun-12,8.36,8.36,8.36,8.36,0
14-Jun-12,8.15,8.15,8.15,8.15,991
13-Jun-12,8.12,8.12,8.12,8.12,0
12-Jun-12,8.12,8.12,8.12,8.12,0
11-Jun-12,8.13,8.13,8.13,8.13,6200
8-Jun-12,8.23,8.23,8.23,8.23,100
7-Jun-12,8.20,8.20,8.20,8.20,300
6-Jun-12,8.20,8.20,8.20,8.20,1499
5-Jun-12,8.10,8.12,8.10,8.12,300
4-Jun-12,8.09,8.09,8.09,8.09,0
1-Jun-12,8.09,8.09,8.09,8.09,398
31-May-12,8.16,8.20,8.16,8.20,2100
30-May-12,8.19,8.20,8.10,8.12,3900
29-May-12,8.24,8.25,8.24,8.25,1100
25-May-12,8.27,8.27,8.27,8.27,0
24-May-12,8.27,8.27,8.27,8.27,0
23-May-12,8.10,8.27,8.10,8.27,1850
22-May-12,8.20,8.20,8.20,8.20,0
21-May-12,8.20,8.20,8.20,8.20,0
18-May-12,8.29,8.30,8.20,8.20,600
17-May-12,8.15,8.30,8.11,8.14,3100
16-May-12,8.30,8.41,8.30,8.41,1131
15-May-12,8.40,8.40,8.18,8.19,2896
14-May-12,8.18,8.18,8.18,8.18,0
11-May-12,8.18,8.18,8.18,8.18,0
10-May-12,8.18,8.18,8.18,8.18,0
9-May-12,8.18,8.20,8.18,8.20,450
8-May-12,8.55,8.55,8.55,8.55,0
7-May-12,8.55,8.55,8.55,8.55,473
4-May-12,8.53,8.53,8.53,8.53,0
3-May-12,8.53,8.53,8.53,8.53,0
2-May-12,8.60,8.60,8.53,8.53,200
1-May-12,8.55,8.62,8.55,8.60,1579
30-Apr-12,8.59,8.59,8.59,8.59,0
27-Apr-12,8.59,8.59,8.56,8.59,1108
26-Apr-12,8.15,8.36,8.15,8.36,1125
25-Apr-12,8.35,8.35,8.35,8.35,300
24-Apr-12,8.24,8.24,8.24,8.24,0
23-Apr-12,8.24,8.24,8.24,8.24,350
20-Apr-12,8.69,8.69,8.32,8.32,1270
19-Apr-12,8.79,8.79,8.72,8.72,1370
18-Apr-12,8.55,8.58,8.40,8.50,4684
17-Apr-12,8.52,8.80,8.46,8.80,2432
16-Apr-12,8.60,8.60,8.60,8.60,0
13-Apr-12,8.60,8.60,8.60,8.60,1680
12-Apr-12,8.60,8.60,8.60,8.60,0
11-Apr-12,8.58,8.60,8.58,8.60,490
10-Apr-12,8.58,8.60,8.40,8.58,902
9-Apr-12,8.52,8.52,8.50,8.50,745
5-Apr-12,8.39,8.39,8.39,8.39,0
4-Apr-12,8.85,8.85,8.85,8.85,475
3-Apr-12,8.69,9.00,8.67,8.89,4293
2-Apr-12,8.73,9.01,8.69,8.69,6608
30-Mar-12,8.71,8.73,8.70,8.70,364
29-Mar-12,8.45,8.60,8.45,8.55,1000
28-Mar-12,8.40,8.73,8.38,8.63,7975
27-Mar-12,8.69,8.69,8.69,8.69,0
26-Mar-12,8.73,8.73,8.20,8.38,1199
23-Mar-12,8.47,8.47,8.47,8.47,0
22-Mar-12,8.20,8.47,8.20,8.45,1200
21-Mar-12,8.52,8.52,8.52,8.52,500
20-Mar-12,8.42,8.54,8.31,8.54,2799
19-Mar-12,8.46,8.46,8.46,8.46,0
16-Mar-12,8.33,8.42,8.31,8.42,1582
15-Mar-12,8.11,8.29,8.11,8.29,700
14-Mar-12,8.11,8.25,8.11,8.11,3277
13-Mar-12,8.29,8.29,8.29,8.29,0
12-Mar-12,8.05,8.05,8.05,8.05,1000
9-Mar-12,8.28,8.28,8.28,8.28,0
8-Mar-12,8.28,8.34,8.28,8.34,200
7-Mar-12,8.34,8.40,8.32,8.32,700
6-Mar-12,8.09,8.09,8.00,8.00,900
5-Mar-12,8.28,8.28,8.09,8.19,880
2-Mar-12,8.10,8.31,8.09,8.11,3300
1-Mar-12,8.12,8.21,8.10,8.15,3100
29-Feb-12,8.40,8.40,8.05,8.30,13261
28-Feb-12,8.41,8.48,8.41,8.45,1500
27-Feb-12,8.36,8.58,8.36,8.50,1700
24-Feb-12,8.35,8.62,8.35,8.50,1488
23-Feb-12,9.00,9.00,8.25,8.33,28775
22-Feb-12,8.98,9.00,8.95,9.00,1600
21-Feb-12,8.95,8.95,8.80,8.92,716
17-Feb-12,8.90,8.90,8.90,8.90,0
16-Feb-12,9.21,9.21,8.90,8.90,5159
15-Feb-12,9.25,9.25,9.25,9.25,0
14-Feb-12,9.31,9.50,9.16,9.25,15148
13-Feb-12,9.35,9.35,9.35,9.35,200
10-Feb-12,9.37,9.37,9.25,9.34,2642
8-Feb-12,9.66,9.66,9.66,9.66,0
7-Feb-12,9.54,9.54,9.43,9.53,1245
6-Feb-12,9.37,9.50,9.37,9.50,1200
3-Feb-12,9.40,9.67,9.00,9.37,15370
2-Feb-12,9.44,9.55,9.34,9.45,15252
1-Feb-12,9.38,9.44,9.38,9.44,1200
31-Jan-12,9.28,9.35,9.28,9.35,2100
30-Jan-12,9.37,9.40,9.25,9.27,4350
27-Jan-12,9.21,9.55,9.21,9.39,7155
26-Jan-12,9.45,9.69,8.90,9.24,13105
25-Jan-12,8.94,9.44,8.94,9.44,9930
24-Jan-12,8.75,8.95,8.75,8.95,6037
23-Jan-12,8.75,8.77,8.75,8.75,7200
20-Jan-12,8.76,8.76,8.70,8.76,4500
19-Jan-12,8.74,8.74,8.55,8.65,3000
18-Jan-12,8.41,8.60,8.40,8.60,2598
17-Jan-12,8.55,8.76,8.55,8.76,15390
12-Jan-12,8.40,8.40,8.40,8.40,0
11-Jan-12,8.55,8.55,8.52,8.55,333
10-Jan-12,8.63,8.64,8.37,8.43,2433
9-Jan-12,8.78,8.78,8.78,8.78,0
6-Jan-12,8.75,8.75,8.75,8.75,0
5-Jan-12,8.34,8.50,8.34,8.50,2328
4-Jan-12,8.32,8.32,8.32,8.32,0
3-Jan-12,8.35,8.35,8.35,8.35,0
30-Dec-11,8.16,8.16,8.16,8.16,0
29-Dec-11,8.20,8.25,7.90,8.10,6997
28-Dec-11,8.16,8.18,8.10,8.18,5600
27-Dec-11,8.02,8.18,7.95,8.18,16434
23-Dec-11,8.14,8.14,8.14,8.14,0
22-Dec-11,8.00,8.00,8.00,8.00,497
21-Dec-11,7.95,7.95,7.95,7.95,0
20-Dec-11,7.97,7.98,7.95,7.97,4702
19-Dec-11,8.02,8.02,7.90,7.95,3506
16-Dec-11,8.16,8.16,8.09,8.16,3576
15-Dec-11,8.24,8.24,8.15,8.15,1534
14-Dec-11,8.23,8.25,8.23,8.25,650
13-Dec-11,8.16,8.16,8.15,8.15,1400
12-Dec-11,8.24,8.24,8.16,8.18,2324
9-Dec-11,8.17,8.17,8.16,8.16,500
8-Dec-11,8.18,8.18,8.18,8.18,0
7-Dec-11,8.27,8.27,8.10,8.17,4540
6-Dec-11,8.22,8.30,8.18,8.30,7773
5-Dec-11,8.25,8.30,8.22,8.22,5918
2-Dec-11,8.20,8.31,8.17,8.25,10451
1-Dec-11,8.76,8.76,8.16,8.31,26613
30-Nov-11,9.29,9.49,9.29,9.49,600
29-Nov-11,9.15,9.15,9.12,9.15,956
28-Nov-11,9.22,9.44,9.14,9.44,935
25-Nov-11,9.22,9.22,9.22,9.22,300
23-Nov-11,9.22,9.22,9.22,9.22,0
22-Nov-11,9.15,9.17,9.15,9.17,500
21-Nov-11,9.20,9.20,9.20,9.20,7788
18-Nov-11,9.44,9.44,9.44,9.44,108
17-Nov-11,9.33,9.33,9.05,9.25,892
16-Nov-11,9.01,9.87,9.00,9.85,2002
15-Nov-11,9.19,9.19,9.19,9.19,300
14-Nov-11,8.95,9.15,8.85,9.15,8900
10-Nov-11,8.90,8.90,8.90,8.90,0
9-Nov-11,8.88,9.00,8.84,9.00,2707
8-Nov-11,9.22,9.27,9.20,9.20,1006
7-Nov-11,8.89,9.03,8.84,8.84,608
3-Nov-11,8.95,8.95,8.95,8.95,0
2-Nov-11,8.78,8.95,8.74,8.95,797
28-Oct-11,9.62,9.62,9.62,9.62,0
27-Oct-11,9.34,9.65,9.30,9.30,1170
26-Oct-11,8.50,9.90,8.50,9.60,20127
25-Oct-11,8.71,8.75,8.58,8.62,3449
24-Oct-11,8.75,8.80,8.75,8.80,1199
21-Oct-11,8.71,8.79,8.56,8.65,7749
20-Oct-11,8.65,8.71,8.64,8.70,4300
19-Oct-11,8.96,9.00,8.94,8.98,400
18-Oct-11,8.70,8.95,8.60,8.95,523
17-Oct-11,8.91,8.91,8.91,8.91,0
7-Oct-11,8.75,8.75,8.75,8.75,0
5-Oct-11,8.56,8.56,8.56,8.56,0
3-Oct-11,8.87,8.87,8.87,8.87,0
29-Sep-11,8.89,8.89,8.89,8.89,0
