Date,Open,High,Low,Close,Volume
26-Sep-12,21.94,22.20,21.87,22.08,37772
25-Sep-12,21.72,21.98,21.42,21.85,41119
24-Sep-12,21.16,21.98,21.08,21.65,40731
21-Sep-12,22.66,22.66,21.00,21.21,105077
20-Sep-12,22.57,22.57,22.22,22.33,5140
19-Sep-12,23.00,23.00,22.54,22.62,5226
18-Sep-12,23.03,23.22,22.96,22.99,7834
17-Sep-12,22.93,23.02,22.75,22.91,5745
14-Sep-12,22.89,23.44,22.89,22.97,6936
13-Sep-12,22.13,22.87,21.99,22.76,10608
12-Sep-12,22.10,22.22,21.75,22.22,6800
11-Sep-12,21.76,22.10,21.57,22.09,28791
10-Sep-12,22.13,22.29,21.61,21.64,11931
7-Sep-12,22.56,22.86,22.05,22.08,51815
6-Sep-12,22.30,22.81,22.11,22.46,27275
5-Sep-12,22.32,22.32,22.07,22.22,16039
4-Sep-12,22.08,22.28,21.60,22.22,19139
31-Aug-12,22.01,22.36,21.78,21.99,14897
30-Aug-12,21.89,22.03,21.77,21.80,4288
29-Aug-12,20.59,22.30,20.56,22.13,10584
28-Aug-12,20.83,21.90,20.83,21.90,10914
27-Aug-12,21.65,21.80,21.59,21.75,8869
24-Aug-12,21.69,21.89,20.84,21.65,9939
23-Aug-12,21.94,22.01,21.71,21.77,14952
22-Aug-12,21.94,22.07,21.78,22.01,12177
21-Aug-12,22.10,22.50,21.90,21.94,28144
20-Aug-12,22.30,22.39,21.91,22.05,18384
17-Aug-12,21.82,22.40,21.66,22.33,19465
16-Aug-12,21.70,21.91,21.54,21.91,25187
15-Aug-12,21.71,21.97,21.51,21.72,63976
14-Aug-12,22.02,22.20,21.69,21.76,11440
13-Aug-12,21.95,22.15,21.72,21.86,13945
10-Aug-12,21.90,22.09,21.65,21.95,20128
9-Aug-12,21.69,21.95,21.30,21.91,25220
8-Aug-12,21.30,21.67,21.30,21.67,18316
7-Aug-12,21.18,21.82,21.18,21.44,28389
6-Aug-12,21.05,21.26,21.04,21.14,31767
3-Aug-12,20.91,21.54,20.80,21.09,21503
2-Aug-12,20.50,20.86,20.50,20.73,262489
1-Aug-12,20.70,20.92,20.60,20.69,44524
31-Jul-12,20.75,20.86,20.62,20.68,26171
30-Jul-12,21.03,21.13,20.68,20.75,15292
27-Jul-12,20.50,21.10,20.50,21.10,22239
26-Jul-12,20.94,20.94,20.54,20.70,12777
25-Jul-12,20.79,20.93,20.50,20.76,145167
24-Jul-12,21.18,21.18,20.57,20.61,14533
23-Jul-12,20.88,21.12,20.88,21.05,13331
20-Jul-12,21.36,21.49,21.20,21.26,16546
19-Jul-12,21.60,21.65,21.46,21.52,11640
18-Jul-12,21.58,21.70,21.58,21.69,23367
17-Jul-12,21.31,21.66,21.25,21.55,37859
16-Jul-12,21.12,21.42,20.98,21.24,24266
13-Jul-12,20.93,21.25,20.93,21.25,30404
12-Jul-12,20.97,21.09,20.90,20.94,51807
11-Jul-12,20.88,21.14,20.88,21.09,16180
10-Jul-12,20.75,20.93,20.63,20.90,42540
9-Jul-12,20.68,20.90,20.62,20.67,13352
6-Jul-12,20.78,21.00,20.74,20.81,12395
5-Jul-12,20.94,21.04,20.93,21.03,8805
3-Jul-12,21.00,21.15,20.88,21.09,7883
2-Jul-12,21.00,21.08,20.76,21.07,33682
29-Jun-12,21.13,21.15,20.94,21.07,32354
28-Jun-12,20.56,20.75,20.50,20.75,20791
27-Jun-12,20.75,20.75,20.62,20.70,23150
26-Jun-12,20.60,20.74,20.58,20.74,22511
25-Jun-12,20.33,20.60,20.29,20.56,10564
22-Jun-12,20.45,20.71,20.45,20.62,188400
21-Jun-12,20.69,20.69,20.25,20.35,25266
20-Jun-12,20.75,20.84,20.49,20.75,10801
19-Jun-12,20.39,20.84,20.17,20.71,23230
18-Jun-12,20.32,20.50,20.25,20.34,26298
15-Jun-12,20.25,20.65,20.25,20.48,80060
14-Jun-12,20.17,20.49,20.15,20.30,99869
13-Jun-12,20.15,20.33,20.00,20.14,31159
12-Jun-12,20.00,20.27,19.69,20.24,18927
11-Jun-12,20.79,20.86,19.84,19.90,34522
8-Jun-12,20.41,20.72,20.41,20.64,27241
7-Jun-12,20.55,20.62,20.42,20.53,39808
6-Jun-12,20.55,20.55,20.28,20.50,39835
5-Jun-12,20.25,20.52,20.25,20.48,17673
4-Jun-12,20.15,20.29,20.00,20.25,30180
1-Jun-12,20.06,20.35,20.00,20.00,23674
31-May-12,20.26,20.52,20.15,20.47,41065
30-May-12,20.25,20.31,20.10,20.20,18320
29-May-12,20.28,20.40,20.20,20.32,24887
25-May-12,20.18,20.24,20.10,20.17,19861
24-May-12,20.32,20.32,20.05,20.25,53208
23-May-12,20.15,20.45,20.15,20.27,43427
22-May-12,20.37,20.54,20.25,20.34,25251
21-May-12,20.37,20.62,20.21,20.43,20808
18-May-12,20.15,20.37,20.15,20.25,47688
17-May-12,20.15,20.33,20.15,20.20,77478
16-May-12,20.23,20.38,20.15,20.15,23529
15-May-12,20.34,20.48,20.15,20.21,59292
14-May-12,20.32,20.73,20.32,20.38,29358
11-May-12,20.50,20.84,20.42,20.62,23824
10-May-12,20.61,21.00,20.47,20.75,18389
9-May-12,20.58,20.82,20.48,20.58,16403
8-May-12,20.44,21.00,20.37,20.85,33830
7-May-12,20.38,20.77,20.38,20.57,23506
4-May-12,20.81,20.91,20.36,20.67,21906
3-May-12,20.93,21.01,20.64,20.89,27333
2-May-12,21.00,21.36,20.76,20.89,13658
1-May-12,21.41,21.52,21.15,21.19,50073
30-Apr-12,21.32,21.55,21.16,21.49,59111
27-Apr-12,20.75,21.60,20.75,21.40,64097
26-Apr-12,21.25,21.32,20.91,20.97,19284
25-Apr-12,21.25,21.44,21.04,21.37,14090
24-Apr-12,20.48,21.07,20.48,21.06,13518
23-Apr-12,20.46,20.65,20.31,20.58,20788
20-Apr-12,20.72,20.95,20.48,20.84,22223
19-Apr-12,20.58,20.79,20.26,20.29,15682
18-Apr-12,21.03,21.03,20.46,20.51,18386
17-Apr-12,21.15,21.52,20.64,21.21,14304
16-Apr-12,20.53,21.12,20.42,20.94,11495
13-Apr-12,21.11,21.14,20.46,20.47,19467
12-Apr-12,20.94,21.32,20.94,21.25,12970
11-Apr-12,20.75,21.00,20.33,21.00,21654
10-Apr-12,20.67,21.19,20.49,20.59,39063
9-Apr-12,21.11,21.43,21.05,21.10,31161
5-Apr-12,21.81,21.93,21.53,21.63,10951
4-Apr-12,22.06,22.06,21.76,21.82,26097
3-Apr-12,22.83,22.85,22.18,22.18,16290
2-Apr-12,22.33,22.88,22.31,22.73,17491
30-Mar-12,22.89,22.89,22.38,22.44,24028
29-Mar-12,22.44,22.85,22.25,22.69,8548
28-Mar-12,22.70,22.90,22.36,22.62,19654
27-Mar-12,22.99,23.20,22.51,22.59,17942
26-Mar-12,22.38,23.00,22.38,22.92,16733
23-Mar-12,21.82,22.35,21.72,22.29,25012
22-Mar-12,21.87,22.01,21.65,21.95,9646
21-Mar-12,22.21,22.34,21.97,22.14,17075
20-Mar-12,22.11,22.25,21.76,22.08,18744
19-Mar-12,21.84,22.51,21.51,22.35,32009
16-Mar-12,21.49,21.94,21.33,21.94,50997
15-Mar-12,21.35,21.46,21.15,21.45,13322
14-Mar-12,21.35,21.49,21.23,21.35,16849
13-Mar-12,20.45,21.45,20.36,21.44,40153
12-Mar-12,20.45,20.45,20.00,20.22,18893
9-Mar-12,20.07,20.69,20.06,20.47,31591
8-Mar-12,19.70,20.12,19.56,20.11,22261
7-Mar-12,19.65,19.83,19.50,19.78,14927
6-Mar-12,19.47,19.85,19.40,19.55,17629
5-Mar-12,19.40,19.75,19.14,19.71,23899
2-Mar-12,19.93,19.93,19.40,19.40,31520
1-Mar-12,19.84,20.13,19.74,19.87,32558
29-Feb-12,20.22,20.39,19.54,19.66,60344
28-Feb-12,20.28,20.62,19.88,20.24,18709
27-Feb-12,19.99,20.32,19.93,20.26,21010
24-Feb-12,20.25,20.49,20.10,20.10,29657
23-Feb-12,20.18,20.52,20.18,20.49,27935
22-Feb-12,20.71,20.71,20.20,20.20,14527
21-Feb-12,20.63,20.74,20.61,20.70,14215
17-Feb-12,20.56,20.75,20.30,20.63,21946
16-Feb-12,20.01,20.54,20.01,20.48,25302
15-Feb-12,20.25,20.36,19.98,19.98,25412
14-Feb-12,20.18,20.20,19.94,20.15,10588
13-Feb-12,20.25,20.39,20.05,20.39,14069
10-Feb-12,20.71,20.71,20.08,20.11,19960
9-Feb-12,21.12,21.29,20.84,20.85,13686
8-Feb-12,21.23,21.30,21.08,21.19,44494
7-Feb-12,21.16,21.61,21.16,21.29,43483
6-Feb-12,21.30,21.32,21.13,21.24,20187
3-Feb-12,20.92,21.34,20.61,21.34,30713
2-Feb-12,20.17,20.65,20.02,20.54,16615
1-Feb-12,20.15,20.45,19.88,20.36,36257
31-Jan-12,20.09,20.21,19.59,20.11,22829
30-Jan-12,19.51,20.20,19.51,19.87,18258
27-Jan-12,20.38,20.48,20.13,20.17,16751
26-Jan-12,20.43,20.52,20.32,20.42,19111
25-Jan-12,20.33,20.70,20.21,20.49,12521
24-Jan-12,20.08,20.46,20.04,20.33,17941
23-Jan-12,20.21,20.42,20.15,20.22,9943
20-Jan-12,19.90,20.20,19.80,20.20,16496
19-Jan-12,20.09,20.15,19.74,19.97,25802
18-Jan-12,19.94,20.20,19.93,20.13,15452
17-Jan-12,20.05,20.08,19.51,19.92,16473
13-Jan-12,19.98,19.98,19.98,19.98,0
12-Jan-12,20.20,20.20,19.76,20.17,23666
11-Jan-12,20.04,20.21,20.04,20.11,5038
10-Jan-12,20.25,20.31,20.07,20.20,26751
9-Jan-12,20.15,20.20,20.06,20.17,20038
6-Jan-12,20.40,20.40,20.13,20.13,38017
5-Jan-12,20.08,20.35,19.80,20.33,27345
4-Jan-12,20.02,20.13,19.95,20.01,6862
3-Jan-12,20.00,20.20,19.80,20.20,26264
30-Dec-11,19.49,19.49,19.49,19.49,0
29-Dec-11,19.66,19.66,19.66,19.66,0
28-Dec-11,19.60,19.62,19.32,19.48,11773
27-Dec-11,19.29,19.76,19.29,19.68,10165
23-Dec-11,19.34,19.34,19.34,19.34,0
22-Dec-11,19.42,19.50,18.99,19.40,13004
21-Dec-11,19.21,19.50,19.16,19.31,32788
20-Dec-11,18.87,19.25,18.87,19.20,28898
19-Dec-11,19.00,19.01,18.44,18.45,23371
16-Dec-11,18.82,18.82,18.82,18.82,0
15-Dec-11,19.25,19.28,18.84,19.00,27853
14-Dec-11,18.29,19.22,18.29,19.11,34711
13-Dec-11,18.83,18.95,18.42,18.50,26604
12-Dec-11,18.83,18.87,18.51,18.74,18870
9-Dec-11,18.56,19.19,18.54,19.11,20246
8-Dec-11,18.86,18.86,18.50,18.50,22015
7-Dec-11,18.62,18.92,18.48,18.85,17376
6-Dec-11,18.85,18.89,18.50,18.88,18675
5-Dec-11,19.00,19.00,18.66,18.86,30988
2-Dec-11,18.69,18.88,18.69,18.80,19352
1-Dec-11,18.39,18.69,18.25,18.51,88003
30-Nov-11,17.75,18.58,17.46,18.51,87892
29-Nov-11,17.29,17.41,17.07,17.14,40056
28-Nov-11,17.13,17.41,16.95,17.27,36732
25-Nov-11,16.71,16.94,16.65,16.65,20332
23-Nov-11,16.75,16.75,16.75,16.75,0
22-Nov-11,17.37,17.56,17.10,17.10,28348
21-Nov-11,17.63,17.85,17.36,17.41,30526
18-Nov-11,17.70,18.00,17.38,17.86,41715
17-Nov-11,17.71,17.90,17.39,17.56,26593
16-Nov-11,17.23,17.76,17.23,17.41,34030
15-Nov-11,17.03,17.47,17.02,17.40,35145
14-Nov-11,17.35,17.40,16.76,16.88,37768
11-Nov-11,15.19,17.58,15.19,17.40,33415
10-Nov-11,17.36,17.36,17.00,17.12,27323
9-Nov-11,17.45,17.66,17.00,17.04,38791
8-Nov-11,17.84,18.05,17.41,17.86,30082
7-Nov-11,17.36,17.36,17.36,17.36,0
4-Nov-11,17.90,18.25,17.48,17.64,15529
3-Nov-11,17.53,18.21,17.33,18.20,28620
2-Nov-11,17.38,17.64,17.38,17.53,22066
1-Nov-11,17.78,17.99,17.05,17.06,35640
31-Oct-11,18.37,18.77,18.09,18.36,20044
28-Oct-11,19.20,19.22,18.54,18.68,21376
27-Oct-11,18.75,19.25,18.39,19.20,63904
26-Oct-11,17.74,18.09,17.41,17.97,23680
25-Oct-11,18.09,18.09,17.24,17.41,21677
24-Oct-11,17.92,18.55,17.67,18.16,26695
21-Oct-11,17.69,17.92,17.32,17.92,26485
20-Oct-11,17.34,17.48,16.80,17.36,13161
19-Oct-11,17.88,17.93,17.13,17.24,20996
18-Oct-11,17.50,18.07,17.36,17.91,37042
17-Oct-11,18.15,18.20,17.28,17.34,25983
14-Oct-11,18.08,18.43,17.59,18.35,21768
13-Oct-11,17.88,17.96,17.49,17.96,11214
12-Oct-11,17.59,18.16,17.59,17.98,23482
11-Oct-11,17.23,17.66,16.99,17.54,26697
10-Oct-11,16.80,17.39,16.64,17.35,29172
7-Oct-11,17.15,17.17,16.44,16.52,41695
6-Oct-11,17.07,17.31,16.76,17.19,32128
5-Oct-11,17.45,17.45,16.80,17.14,29681
4-Oct-11,15.82,17.96,15.75,17.51,61298
3-Oct-11,16.40,16.96,16.05,16.06,47795
30-Sep-11,16.29,17.14,16.28,16.57,60941
29-Sep-11,16.49,16.62,16.12,16.56,17362
