Date,Open,High,Low,Close,Volume
27-Sep-12,1.06,1.06,1.05,1.06,116324
26-Sep-12,1.05,1.06,1.05,1.06,103707
25-Sep-12,1.06,1.06,1.04,1.05,168683
24-Sep-12,1.05,1.06,1.02,1.05,81528
21-Sep-12,1.02,1.06,1.02,1.04,159158
20-Sep-12,1.02,1.06,1.02,1.04,42579
19-Sep-12,1.05,1.06,1.01,1.05,113239
18-Sep-12,1.07,1.07,1.03,1.05,128299
17-Sep-12,1.04,1.08,1.03,1.07,84381
14-Sep-12,1.07,1.08,1.05,1.06,145635
13-Sep-12,1.05,1.09,1.04,1.06,129305
12-Sep-12,1.04,1.06,1.04,1.05,105332
11-Sep-12,1.05,1.06,1.00,1.05,146949
10-Sep-12,1.05,1.06,1.05,1.06,108853
7-Sep-12,1.10,1.11,1.05,1.05,227628
6-Sep-12,1.14,1.16,1.05,1.08,234225
5-Sep-12,1.17,1.17,1.08,1.13,159334
4-Sep-12,1.14,1.15,1.12,1.15,64512
31-Aug-12,1.15,1.16,1.14,1.16,43123
30-Aug-12,1.15,1.16,1.13,1.13,33489
29-Aug-12,1.17,1.18,1.16,1.17,43499
28-Aug-12,1.16,1.18,1.16,1.18,76235
27-Aug-12,1.14,1.18,1.12,1.18,43322
24-Aug-12,1.12,1.15,1.12,1.14,36214
23-Aug-12,1.14,1.14,1.12,1.12,39019
22-Aug-12,1.15,1.16,1.14,1.14,51509
21-Aug-12,1.16,1.18,1.13,1.16,42052
20-Aug-12,1.17,1.17,1.12,1.16,139779
17-Aug-12,1.15,1.19,1.14,1.19,36480
16-Aug-12,1.17,1.17,1.13,1.16,33226
15-Aug-12,1.16,1.18,1.16,1.18,13531
14-Aug-12,1.17,1.19,1.15,1.17,21423
13-Aug-12,1.11,1.15,1.11,1.15,11130
10-Aug-12,1.14,1.14,1.09,1.12,12133
9-Aug-12,1.11,1.14,1.08,1.14,13944
8-Aug-12,1.11,1.12,1.10,1.12,17083
7-Aug-12,1.16,1.16,1.10,1.11,41427
6-Aug-12,1.12,1.15,1.10,1.15,22426
3-Aug-12,1.08,1.14,1.07,1.12,24745
2-Aug-12,1.08,1.09,1.07,1.07,94307
1-Aug-12,1.08,1.10,1.08,1.08,218352
31-Jul-12,1.08,1.10,1.06,1.07,37136
30-Jul-12,1.10,1.15,1.08,1.09,41435
27-Jul-12,1.12,1.12,1.08,1.10,78651
26-Jul-12,1.10,1.13,1.08,1.12,43285
25-Jul-12,1.10,1.10,1.06,1.07,66815
24-Jul-12,1.14,1.14,1.08,1.08,56466
23-Jul-12,1.11,1.13,1.09,1.09,119553
20-Jul-12,1.16,1.17,1.11,1.11,94045
19-Jul-12,1.19,1.21,1.17,1.17,42568
18-Jul-12,1.20,1.22,1.18,1.19,65363
17-Jul-12,1.19,1.20,1.16,1.20,49799
16-Jul-12,1.20,1.22,1.17,1.19,73155
13-Jul-12,1.17,1.22,1.17,1.21,55139
12-Jul-12,1.16,1.19,1.15,1.17,94979
11-Jul-12,1.18,1.19,1.15,1.17,66334
10-Jul-12,1.20,1.20,1.15,1.18,96785
9-Jul-12,1.18,1.20,1.15,1.18,20098
6-Jul-12,1.21,1.23,1.13,1.18,81352
5-Jul-12,1.23,1.24,1.20,1.23,107543
3-Jul-12,1.21,1.24,1.19,1.24,72496
2-Jul-12,1.17,1.21,1.16,1.21,100484
29-Jun-12,1.13,1.19,1.13,1.17,126837
28-Jun-12,1.16,1.17,1.13,1.14,66915
27-Jun-12,1.12,1.19,1.12,1.19,65601
26-Jun-12,1.13,1.14,1.12,1.13,24706
25-Jun-12,1.15,1.15,1.11,1.12,70023
22-Jun-12,1.18,1.22,1.14,1.18,580036
21-Jun-12,1.20,1.22,1.16,1.17,62239
20-Jun-12,1.19,1.21,1.17,1.20,72496
19-Jun-12,1.15,1.20,1.15,1.20,251982
18-Jun-12,1.18,1.19,1.13,1.15,139506
15-Jun-12,1.10,1.21,1.08,1.21,223134
14-Jun-12,1.07,1.12,1.06,1.09,122672
13-Jun-12,1.12,1.13,1.06,1.07,174485
12-Jun-12,1.09,1.15,1.06,1.13,63174
11-Jun-12,1.18,1.18,1.07,1.08,118134
8-Jun-12,1.18,1.19,1.14,1.15,111166
7-Jun-12,1.19,1.20,1.14,1.18,168718
6-Jun-12,1.19,1.20,1.13,1.18,119415
5-Jun-12,1.11,1.19,1.10,1.19,72539
4-Jun-12,1.06,1.13,1.06,1.13,208581
1-Jun-12,1.12,1.20,1.02,1.05,197576
31-May-12,1.20,1.23,1.13,1.14,360499
30-May-12,1.18,1.20,1.17,1.19,129441
29-May-12,1.20,1.21,1.19,1.20,49144
25-May-12,1.21,1.23,1.18,1.19,50633
24-May-12,1.13,1.21,1.10,1.21,132760
23-May-12,1.13,1.14,1.10,1.13,50444
22-May-12,1.17,1.20,1.12,1.14,167733
21-May-12,1.08,1.19,1.06,1.17,136729
18-May-12,1.05,1.12,1.05,1.08,216253
17-May-12,1.02,1.06,1.01,1.05,177587
16-May-12,1.01,1.03,1.00,1.02,113494
15-May-12,1.00,1.04,0.99,1.01,158641
14-May-12,1.00,1.02,0.99,1.01,92550
11-May-12,0.98,1.01,0.96,1.01,113414
10-May-12,0.99,0.99,0.97,0.99,46630
9-May-12,0.95,0.99,0.95,0.97,63248
8-May-12,0.99,1.00,0.97,0.97,97265
7-May-12,0.99,1.01,0.97,0.99,87632
4-May-12,1.01,1.03,0.97,1.00,182638
3-May-12,1.01,1.05,1.00,1.03,84991
2-May-12,0.99,1.04,0.95,1.01,102784
1-May-12,1.07,1.07,0.98,0.99,117077
30-Apr-12,1.05,1.07,1.02,1.06,126880
27-Apr-12,1.03,1.06,0.97,1.06,111901
26-Apr-12,1.00,1.04,0.98,1.03,42577
25-Apr-12,1.07,1.07,0.99,1.00,78176
24-Apr-12,0.94,1.14,0.93,1.10,145616
23-Apr-12,0.94,0.96,0.93,0.93,92299
20-Apr-12,0.99,0.99,0.94,0.95,140624
19-Apr-12,0.93,0.96,0.90,0.93,116480
18-Apr-12,0.97,0.97,0.93,0.93,75692
17-Apr-12,0.94,0.98,0.94,0.97,91915
16-Apr-12,0.99,1.00,0.86,0.96,493738
13-Apr-12,1.00,1.02,0.96,0.98,296273
12-Apr-12,1.03,1.05,1.00,1.01,234653
11-Apr-12,1.03,1.08,1.01,1.03,186752
10-Apr-12,1.09,1.12,1.01,1.01,252829
9-Apr-12,1.10,1.14,1.07,1.08,139754
5-Apr-12,1.13,1.16,1.11,1.12,91588
4-Apr-12,1.17,1.19,1.12,1.14,130919
3-Apr-12,1.24,1.24,1.18,1.18,192000
2-Apr-12,1.21,1.25,1.21,1.25,231148
30-Mar-12,1.24,1.26,1.21,1.22,67242
29-Mar-12,1.25,1.26,1.22,1.22,41590
28-Mar-12,1.28,1.29,1.26,1.26,39961
27-Mar-12,1.28,1.29,1.26,1.27,165925
26-Mar-12,1.29,1.29,1.26,1.28,321252
23-Mar-12,1.29,1.31,1.28,1.29,81771
22-Mar-12,1.28,1.31,1.28,1.29,111683
21-Mar-12,1.26,1.33,1.24,1.28,113307
20-Mar-12,1.25,1.27,1.25,1.25,55571
19-Mar-12,1.24,1.29,1.22,1.26,111700
16-Mar-12,1.26,1.30,1.25,1.25,302530
15-Mar-12,1.26,1.27,1.25,1.27,96847
14-Mar-12,1.25,1.27,1.24,1.25,168518
13-Mar-12,1.25,1.26,1.23,1.26,80301
12-Mar-12,1.25,1.26,1.22,1.23,58357
9-Mar-12,1.23,1.29,1.23,1.25,82501
8-Mar-12,1.24,1.24,1.23,1.24,77872
7-Mar-12,1.23,1.26,1.23,1.24,95493
6-Mar-12,1.26,1.28,1.22,1.23,91892
5-Mar-12,1.22,1.30,1.22,1.28,45358
2-Mar-12,1.28,1.35,1.24,1.24,165536
1-Mar-12,1.23,1.32,1.18,1.28,233866
29-Feb-12,1.27,1.27,1.21,1.22,225726
28-Feb-12,1.28,1.28,1.26,1.27,33742
27-Feb-12,1.31,1.32,1.25,1.28,109269
24-Feb-12,1.32,1.35,1.27,1.33,67032
23-Feb-12,1.36,1.36,1.21,1.33,199047
22-Feb-12,1.41,1.52,1.33,1.36,260442
21-Feb-12,1.44,1.44,1.40,1.41,115642
17-Feb-12,1.47,1.48,1.42,1.43,108278
16-Feb-12,1.43,1.47,1.39,1.46,106154
15-Feb-12,1.46,1.48,1.42,1.44,111475
14-Feb-12,1.47,1.52,1.42,1.46,82295
13-Feb-12,1.43,1.47,1.38,1.47,100499
10-Feb-12,1.45,1.47,1.40,1.41,168383
9-Feb-12,1.48,1.50,1.44,1.47,168628
8-Feb-12,1.40,1.48,1.39,1.47,269325
7-Feb-12,1.37,1.42,1.36,1.38,125736
6-Feb-12,1.38,1.39,1.35,1.37,81583
3-Feb-12,1.35,1.39,1.35,1.38,273393
2-Feb-12,1.34,1.35,1.31,1.33,150455
1-Feb-12,1.34,1.35,1.27,1.34,144333
31-Jan-12,1.29,1.29,1.23,1.26,105752
30-Jan-12,1.32,1.34,1.25,1.27,95521
27-Jan-12,1.30,1.35,1.30,1.34,128360
26-Jan-12,1.30,1.32,1.28,1.31,86612
25-Jan-12,1.25,1.31,1.25,1.30,106341
24-Jan-12,1.27,1.29,1.25,1.25,67262
23-Jan-12,1.29,1.30,1.26,1.29,43482
20-Jan-12,1.28,1.30,1.24,1.30,88766
19-Jan-12,1.30,1.31,1.25,1.27,115272
18-Jan-12,1.25,1.30,1.24,1.28,153027
17-Jan-12,1.22,1.27,1.20,1.25,152964
13-Jan-12,1.22,1.22,1.22,1.22,0
12-Jan-12,1.26,1.26,1.22,1.25,50524
11-Jan-12,1.25,1.29,1.20,1.25,229015
10-Jan-12,1.23,1.29,1.22,1.25,247482
9-Jan-12,1.19,1.23,1.18,1.21,156579
6-Jan-12,1.24,1.27,1.18,1.18,149118
5-Jan-12,1.20,1.25,1.19,1.23,129336
4-Jan-12,1.23,1.26,1.18,1.21,184179
3-Jan-12,1.21,1.29,1.21,1.24,172271
30-Dec-11,1.17,1.17,1.17,1.17,0
29-Dec-11,1.21,1.23,1.11,1.22,309900
28-Dec-11,1.22,1.23,1.16,1.21,161963
27-Dec-11,1.25,1.27,1.17,1.23,126339
23-Dec-11,1.26,1.26,1.26,1.26,0
22-Dec-11,1.27,1.27,1.21,1.27,75756
21-Dec-11,1.25,1.27,1.18,1.27,224797
20-Dec-11,1.28,1.30,1.18,1.27,281136
19-Dec-11,1.32,1.34,1.21,1.26,242793
16-Dec-11,1.35,1.36,1.29,1.31,339653
15-Dec-11,1.37,1.40,1.29,1.31,368922
14-Dec-11,1.29,1.40,1.29,1.39,404514
13-Dec-11,1.28,1.34,1.24,1.29,243022
12-Dec-11,1.20,1.28,1.19,1.26,298083
9-Dec-11,1.13,1.21,1.13,1.21,246182
8-Dec-11,1.17,1.20,1.10,1.11,187685
7-Dec-11,1.12,1.19,1.07,1.19,89332
6-Dec-11,1.11,1.14,1.10,1.14,135572
5-Dec-11,1.12,1.13,1.10,1.12,149617
2-Dec-11,1.10,1.11,1.04,1.11,207801
1-Dec-11,1.11,1.11,1.04,1.10,486175
30-Nov-11,1.06,1.14,1.04,1.13,655003
29-Nov-11,0.98,1.11,0.98,1.04,708420
28-Nov-11,0.95,0.98,0.92,0.98,160036
25-Nov-11,0.93,0.95,0.92,0.92,41381
23-Nov-11,0.93,0.93,0.93,0.93,0
22-Nov-11,0.96,0.99,0.94,0.95,130787
21-Nov-11,0.98,0.99,0.91,0.96,150262
18-Nov-11,1.00,1.01,0.97,1.00,144920
17-Nov-11,0.99,1.01,0.95,1.00,253139
16-Nov-11,0.97,1.01,0.96,0.99,151490
15-Nov-11,1.00,1.03,0.92,0.98,238869
14-Nov-11,0.87,1.08,0.86,1.00,848398
11-Nov-11,0.85,0.91,0.85,0.91,153693
10-Nov-11,0.89,0.89,0.83,0.85,908437
9-Nov-11,0.92,0.93,0.88,0.88,162594
8-Nov-11,0.91,0.95,0.89,0.93,115751
7-Nov-11,0.89,0.93,0.88,0.89,1228681
4-Nov-11,0.88,0.90,0.83,0.89,238013
3-Nov-11,0.93,0.93,0.89,0.92,155478
2-Nov-11,0.93,0.99,0.89,0.93,127050
1-Nov-11,0.94,0.97,0.90,0.90,123804
31-Oct-11,0.99,1.00,0.96,0.96,97360
28-Oct-11,1.00,1.01,0.97,1.00,248200
27-Oct-11,0.96,1.02,0.95,0.99,268461
26-Oct-11,0.90,0.94,0.83,0.92,308410
25-Oct-11,0.93,0.93,0.89,0.89,117322
24-Oct-11,0.90,0.94,0.90,0.94,102819
21-Oct-11,0.88,0.94,0.88,0.91,137385
20-Oct-11,0.91,0.92,0.89,0.90,54201
19-Oct-11,0.90,0.94,0.90,0.91,126870
18-Oct-11,0.91,0.94,0.87,0.92,341406
17-Oct-11,0.99,1.01,0.91,0.91,438456
14-Oct-11,1.05,1.05,0.98,1.01,142592
13-Oct-11,1.00,1.04,0.97,1.02,48088
12-Oct-11,0.97,1.02,0.94,1.02,231142
11-Oct-11,0.96,0.98,0.92,0.96,241263
10-Oct-11,0.95,0.99,0.91,0.99,176997
7-Oct-11,0.99,1.02,0.93,0.94,210961
6-Oct-11,0.97,1.00,0.94,0.99,164887
5-Oct-11,1.01,1.02,0.94,0.99,180534
4-Oct-11,0.89,1.01,0.88,1.00,311917
3-Oct-11,1.00,1.04,0.94,0.94,450929
30-Sep-11,1.04,1.11,1.01,1.02,168840
