Date,Open,High,Low,Close,Volume
26-Sep-12,24.52,24.56,24.07,24.33,38027
25-Sep-12,24.78,24.93,24.38,24.38,74759
24-Sep-12,24.51,24.96,24.38,24.66,63660
21-Sep-12,24.92,24.94,24.45,24.46,100674
20-Sep-12,24.11,24.58,24.11,24.44,13591
19-Sep-12,24.36,24.60,24.24,24.35,20904
18-Sep-12,24.05,24.50,23.75,24.44,22382
17-Sep-12,23.82,24.03,23.75,24.01,16599
14-Sep-12,24.00,24.45,23.73,23.98,33668
13-Sep-12,23.65,24.15,23.33,24.02,23222
12-Sep-12,23.73,23.73,23.44,23.61,13394
11-Sep-12,23.57,23.92,23.39,23.60,17517
10-Sep-12,24.07,24.07,23.55,23.63,23457
7-Sep-12,23.97,24.09,23.79,23.97,47364
6-Sep-12,23.35,23.87,23.25,23.81,59747
5-Sep-12,23.45,23.52,23.02,23.24,77417
4-Sep-12,22.98,23.57,22.83,23.52,39543
31-Aug-12,23.37,23.45,22.77,22.94,52850
30-Aug-12,23.16,23.31,23.05,23.10,21067
29-Aug-12,23.10,23.65,22.95,23.42,33827
28-Aug-12,22.85,23.14,22.73,23.00,42823
27-Aug-12,22.97,23.12,22.68,22.91,40998
24-Aug-12,22.65,23.15,22.65,22.88,25521
23-Aug-12,22.60,23.00,22.60,22.72,19437
22-Aug-12,23.24,23.30,22.84,22.98,23728
21-Aug-12,23.42,23.67,23.04,23.27,75018
20-Aug-12,23.06,23.42,22.95,23.35,20248
17-Aug-12,22.80,23.06,22.68,23.06,40133
16-Aug-12,22.68,22.92,22.42,22.89,33436
15-Aug-12,22.69,22.88,22.51,22.73,34027
14-Aug-12,22.91,22.94,22.50,22.69,39300
13-Aug-12,23.03,23.03,22.41,22.81,26205
10-Aug-12,22.59,23.11,22.59,23.07,51796
9-Aug-12,22.57,22.72,22.48,22.62,20178
8-Aug-12,22.49,22.72,22.39,22.55,23230
7-Aug-12,22.97,23.10,22.60,22.68,50038
6-Aug-12,22.93,23.11,22.74,22.90,36637
3-Aug-12,22.20,22.96,22.20,22.83,51912
2-Aug-12,21.67,22.04,21.65,21.81,33528
1-Aug-12,22.48,22.71,21.90,21.90,73288
31-Jul-12,22.36,22.78,22.35,22.43,54247
30-Jul-12,22.97,22.97,22.47,22.47,18649
27-Jul-12,22.76,23.00,22.44,22.94,54207
26-Jul-12,22.94,22.94,22.43,22.71,39485
25-Jul-12,22.87,22.87,22.48,22.73,67165
24-Jul-12,22.07,22.68,22.07,22.63,56691
23-Jul-12,21.82,22.12,21.56,21.88,39888
20-Jul-12,22.05,22.48,21.99,22.19,83891
19-Jul-12,22.73,22.73,22.24,22.26,31720
18-Jul-12,22.71,22.99,22.59,22.71,33489
17-Jul-12,22.42,22.90,22.02,22.68,27864
16-Jul-12,22.37,22.37,22.16,22.23,42989
13-Jul-12,22.02,22.75,22.02,22.45,41146
12-Jul-12,21.60,22.00,21.60,21.99,48163
11-Jul-12,21.52,21.92,21.50,21.82,35862
10-Jul-12,21.72,21.75,21.34,21.54,36120
9-Jul-12,21.66,21.72,21.39,21.63,34197
6-Jul-12,21.77,22.07,21.66,21.78,41153
5-Jul-12,22.00,22.16,21.70,22.08,60293
3-Jul-12,21.81,22.00,21.70,22.00,30467
2-Jul-12,21.60,21.80,21.16,21.80,63625
29-Jun-12,21.38,21.55,20.82,21.50,81550
28-Jun-12,20.59,20.85,20.40,20.85,52557
27-Jun-12,20.38,20.87,20.38,20.81,29832
26-Jun-12,20.34,20.54,20.09,20.40,30525
25-Jun-12,20.28,20.33,20.12,20.24,68441
22-Jun-12,20.39,20.70,20.24,20.66,121121
21-Jun-12,20.82,21.14,20.17,20.22,59511
20-Jun-12,20.89,21.07,20.72,20.88,37265
19-Jun-12,20.52,21.19,20.48,20.95,113364
18-Jun-12,20.52,20.81,20.46,20.48,85808
15-Jun-12,19.92,20.75,19.92,20.73,139369
14-Jun-12,19.65,20.02,19.65,19.95,64255
13-Jun-12,19.74,20.19,19.55,19.59,88915
12-Jun-12,19.58,19.84,19.33,19.80,62320
11-Jun-12,20.13,20.13,19.45,19.49,105766
8-Jun-12,19.69,20.02,19.65,19.90,287370
7-Jun-12,20.10,20.20,19.75,19.78,154259
6-Jun-12,19.57,19.89,19.42,19.77,86261
5-Jun-12,19.25,19.84,19.25,19.48,80969
4-Jun-12,19.46,19.69,19.26,19.38,72254
1-Jun-12,19.89,20.37,19.26,19.31,158235
31-May-12,20.23,20.51,20.04,20.33,156015
30-May-12,20.43,20.62,20.12,20.17,112040
29-May-12,20.95,21.00,20.53,20.78,106939
25-May-12,21.10,21.15,20.84,20.89,66789
24-May-12,21.05,21.05,20.54,21.04,56546
23-May-12,20.59,21.05,20.45,20.96,72827
22-May-12,21.11,21.58,20.71,20.86,54531
21-May-12,20.99,21.26,20.82,21.09,46933
18-May-12,21.09,21.46,20.79,20.91,80030
17-May-12,21.41,21.46,21.01,21.14,65395
16-May-12,21.52,21.66,21.02,21.46,34625
15-May-12,21.50,21.75,21.35,21.43,134696
14-May-12,21.62,21.77,21.50,21.51,28938
11-May-12,21.97,22.41,21.83,21.95,38830
10-May-12,22.17,22.41,21.98,22.24,51734
9-May-12,22.13,22.45,21.98,22.04,49278
8-May-12,21.98,22.66,21.98,22.48,78581
7-May-12,21.60,22.41,21.60,22.14,60199
4-May-12,21.94,21.94,21.54,21.75,58327
3-May-12,21.99,22.07,21.60,22.00,91353
2-May-12,21.65,22.08,21.59,22.05,73197
1-May-12,22.03,22.55,21.85,21.87,69035
30-Apr-12,22.67,22.67,21.99,22.07,45324
27-Apr-12,22.29,22.69,21.95,22.68,43517
26-Apr-12,22.40,22.44,22.23,22.29,36193
25-Apr-12,22.34,22.80,22.32,22.52,43376
24-Apr-12,21.67,22.06,21.58,22.05,43950
23-Apr-12,21.79,21.97,21.28,21.70,67824
20-Apr-12,22.36,22.48,21.97,22.25,62481
19-Apr-12,22.06,22.45,21.53,21.83,46604
18-Apr-12,22.52,22.53,21.95,22.06,35496
17-Apr-12,22.06,22.89,22.06,22.66,52744
16-Apr-12,21.54,21.98,21.54,21.78,45454
13-Apr-12,21.93,22.10,21.29,21.34,62975
12-Apr-12,21.74,22.18,21.70,22.10,37056
11-Apr-12,21.57,21.82,21.43,21.81,55878
10-Apr-12,21.95,21.99,21.23,21.34,97735
9-Apr-12,22.00,22.20,21.84,21.91,55795
5-Apr-12,22.46,22.61,22.35,22.53,22246
4-Apr-12,23.01,23.03,22.44,22.63,52461
3-Apr-12,23.71,23.71,23.16,23.36,89650
2-Apr-12,23.31,23.77,23.14,23.76,50103
30-Mar-12,23.62,23.67,23.31,23.44,88676
29-Mar-12,23.18,23.46,22.97,23.36,42726
28-Mar-12,23.22,23.46,22.41,23.42,48976
27-Mar-12,23.38,23.45,23.12,23.17,38211
26-Mar-12,23.12,23.55,23.00,23.42,60497
23-Mar-12,22.61,22.95,22.34,22.90,30865
22-Mar-12,22.67,22.68,22.38,22.64,33944
21-Mar-12,23.18,23.26,22.81,23.00,31042
20-Mar-12,23.32,23.57,22.96,23.18,31963
19-Mar-12,23.18,23.85,22.87,23.53,57407
16-Mar-12,22.65,23.40,22.45,23.19,209992
15-Mar-12,22.63,22.70,22.12,22.46,78903
14-Mar-12,22.70,23.01,22.41,22.57,42121
13-Mar-12,22.11,22.85,21.94,22.76,49864
12-Mar-12,21.98,21.98,21.64,21.84,22603
9-Mar-12,21.60,22.29,21.49,21.95,45804
8-Mar-12,21.49,21.68,21.21,21.60,27610
7-Mar-12,21.24,21.60,21.13,21.42,32895
6-Mar-12,21.64,21.78,21.11,21.18,59619
5-Mar-12,21.06,22.04,21.04,21.97,79904
2-Mar-12,21.93,21.93,21.10,21.18,96917
1-Mar-12,22.24,22.60,21.81,21.93,70649
29-Feb-12,22.64,22.85,22.05,22.06,141265
28-Feb-12,23.24,23.36,22.67,22.85,87065
27-Feb-12,23.15,23.25,22.84,23.17,82268
24-Feb-12,23.79,23.79,23.40,23.45,19534
23-Feb-12,23.16,23.79,23.12,23.74,49420
22-Feb-12,23.71,23.83,23.01,23.14,78587
21-Feb-12,23.83,23.92,23.52,23.78,35549
17-Feb-12,23.98,23.99,23.61,23.85,36240
16-Feb-12,22.92,23.89,22.91,23.86,49197
15-Feb-12,23.06,23.18,22.68,22.98,59662
14-Feb-12,23.15,23.15,22.66,22.98,29854
13-Feb-12,23.01,23.24,22.78,23.22,25382
10-Feb-12,23.01,23.18,22.69,22.72,26241
9-Feb-12,23.34,23.34,23.34,23.34,0
8-Feb-12,23.71,24.03,23.47,23.78,29051
7-Feb-12,23.64,24.02,23.64,23.71,24475
6-Feb-12,23.70,23.70,23.70,23.70,0
3-Feb-12,23.78,24.32,23.68,24.19,96728
2-Feb-12,23.41,23.66,23.12,23.51,65461
1-Feb-12,23.30,23.30,23.30,23.30,0
31-Jan-12,23.01,23.24,22.50,22.63,68808
30-Jan-12,22.60,22.60,22.60,22.60,0
27-Jan-12,22.03,22.55,22.03,22.44,55229
26-Jan-12,23.00,23.00,21.55,22.16,92029
25-Jan-12,22.74,23.00,22.52,22.95,57718
24-Jan-12,22.16,22.90,21.96,22.82,53292
23-Jan-12,22.21,22.49,21.95,22.32,34271
20-Jan-12,21.73,22.28,21.58,22.18,82708
19-Jan-12,21.85,21.88,21.61,21.85,51187
18-Jan-12,21.70,21.91,21.38,21.89,64365
17-Jan-12,21.85,21.85,21.85,21.85,0
13-Jan-12,21.76,21.76,21.76,21.76,0
12-Jan-12,21.93,21.98,21.55,21.98,40725
11-Jan-12,21.74,21.90,21.52,21.90,37376
10-Jan-12,21.78,21.97,21.62,21.88,61479
9-Jan-12,21.48,21.48,21.48,21.48,0
6-Jan-12,21.80,21.80,21.38,21.56,51555
5-Jan-12,21.55,21.99,21.17,21.88,47586
4-Jan-12,21.56,21.90,21.52,21.72,38072
3-Jan-12,21.78,21.95,21.70,21.77,63281
30-Dec-11,21.32,21.32,21.32,21.32,0
29-Dec-11,21.25,21.25,21.25,21.25,0
28-Dec-11,21.74,21.74,21.09,21.16,39213
27-Dec-11,21.65,21.80,21.54,21.78,34967
23-Dec-11,21.71,21.71,21.71,21.71,0
22-Dec-11,21.42,21.42,21.42,21.42,0
21-Dec-11,20.86,21.32,20.63,21.26,53995
20-Dec-11,20.53,21.03,20.53,21.00,95611
19-Dec-11,20.70,20.90,20.02,20.10,55827
16-Dec-11,20.68,21.00,20.08,20.53,187257
15-Dec-11,20.40,20.58,20.06,20.45,89064
14-Dec-11,19.82,20.52,19.82,20.07,50703
13-Dec-11,19.97,19.97,19.97,19.97,0
12-Dec-11,20.22,20.59,19.87,20.22,44927
9-Dec-11,19.86,20.73,19.86,20.58,79286
8-Dec-11,20.62,20.62,19.67,19.71,57195
7-Dec-11,20.59,20.59,20.59,20.59,0
6-Dec-11,20.60,20.77,20.29,20.63,77097
5-Dec-11,20.76,20.80,20.37,20.65,110633
2-Dec-11,20.66,20.76,20.40,20.54,64480
1-Dec-11,20.18,20.18,20.18,20.18,0
30-Nov-11,19.02,20.60,18.87,20.56,206961
29-Nov-11,18.73,18.87,18.32,18.55,107115
28-Nov-11,18.45,18.45,18.45,18.45,0
25-Nov-11,17.87,18.34,17.56,17.56,26291
23-Nov-11,17.98,17.98,17.98,17.98,0
22-Nov-11,19.01,19.15,18.56,18.57,69819
21-Nov-11,19.10,19.45,18.76,18.87,63970
18-Nov-11,19.31,19.71,19.23,19.58,53182
17-Nov-11,19.27,19.90,19.10,19.28,42464
16-Nov-11,19.38,20.05,19.24,19.28,41098
15-Nov-11,18.99,19.83,18.91,19.65,56835
14-Nov-11,19.38,19.46,18.85,19.12,56611
11-Nov-11,19.37,19.37,19.37,19.37,0
10-Nov-11,19.13,19.34,18.96,19.09,38411
9-Nov-11,19.84,19.84,18.83,18.84,82250
8-Nov-11,20.11,20.53,19.62,20.38,33810
7-Nov-11,20.08,20.15,19.41,19.89,39490
4-Nov-11,20.29,20.39,19.75,19.97,34798
3-Nov-11,19.80,19.80,19.80,19.80,0
2-Nov-11,19.35,20.11,19.27,20.06,70852
1-Nov-11,19.39,20.08,18.79,18.95,94215
31-Oct-11,20.07,20.70,19.71,20.13,84819
28-Oct-11,20.31,20.60,20.01,20.44,114582
27-Oct-11,20.42,20.42,20.42,20.42,0
26-Oct-11,18.55,19.45,17.81,19.39,157854
25-Oct-11,18.61,18.64,18.03,18.15,104059
24-Oct-11,18.04,18.81,17.80,18.70,85724
21-Oct-11,18.05,18.08,17.56,18.01,359591
20-Oct-11,17.61,17.61,17.61,17.61,0
19-Oct-11,18.38,18.65,17.81,17.87,122202
18-Oct-11,17.73,18.61,17.62,18.47,117957
17-Oct-11,18.03,18.49,17.66,17.75,162148
14-Oct-11,18.04,18.33,17.51,18.27,47629
13-Oct-11,18.06,18.21,17.50,17.86,33821
12-Oct-11,17.64,18.43,17.31,18.25,99076
11-Oct-11,17.26,17.55,16.77,17.54,123964
10-Oct-11,16.85,17.55,16.54,17.50,97240
7-Oct-11,17.23,17.47,16.44,16.57,97203
6-Oct-11,16.57,17.34,16.36,17.21,108790
5-Oct-11,16.57,16.57,16.57,16.57,0
4-Oct-11,14.60,16.86,14.60,16.58,148883
3-Oct-11,15.20,15.73,14.70,14.70,108320
30-Sep-11,15.35,15.35,15.35,15.35,0
29-Sep-11,15.24,15.57,15.01,15.52,43008
