Date,Open,High,Low,Close,Volume
27-Sep-12,8.84,9.04,8.71,8.87,2336778
26-Sep-12,8.41,8.86,8.35,8.84,2568672
25-Sep-12,8.57,8.73,8.36,8.40,1149832
24-Sep-12,8.44,8.73,8.44,8.57,2012456
21-Sep-12,8.74,8.79,8.50,8.54,2150114
20-Sep-12,8.24,8.81,8.19,8.76,3091312
19-Sep-12,7.81,8.49,7.65,8.48,6218064
18-Sep-12,7.80,7.87,7.64,7.76,2696401
17-Sep-12,8.19,8.20,7.75,7.80,1908212
14-Sep-12,8.57,8.67,8.25,8.27,2431753
13-Sep-12,8.82,9.21,8.74,9.00,1221903
12-Sep-12,8.85,8.93,8.68,8.90,1138593
11-Sep-12,8.58,8.88,8.52,8.81,1046355
10-Sep-12,8.26,8.73,8.18,8.53,1826284
7-Sep-12,8.37,8.49,8.21,8.24,1767858
6-Sep-12,8.15,8.39,8.07,8.31,1941048
5-Sep-12,8.16,8.23,8.03,8.12,794694
4-Sep-12,8.11,8.32,8.01,8.20,723688
31-Aug-12,8.02,8.19,7.92,8.15,1120530
30-Aug-12,7.82,7.98,7.63,7.96,1143230
29-Aug-12,7.88,7.99,7.76,7.88,968583
28-Aug-12,8.19,8.23,7.88,7.88,1519128
27-Aug-12,8.37,8.42,8.18,8.22,745214
24-Aug-12,8.38,8.48,8.28,8.31,631759
23-Aug-12,8.51,8.61,8.34,8.39,734488
22-Aug-12,8.31,8.64,8.22,8.55,627675
21-Aug-12,8.45,8.54,8.33,8.36,918190
20-Aug-12,8.69,8.74,8.38,8.41,1195236
17-Aug-12,8.86,8.94,8.65,8.75,91538
16-Aug-12,8.62,8.90,8.52,8.88,148108
15-Aug-12,8.25,8.68,8.25,8.63,92321
14-Aug-12,8.21,8.38,8.12,8.29,138417
13-Aug-12,8.06,8.18,8.00,8.14,70416
10-Aug-12,8.11,8.20,7.94,8.08,138255
9-Aug-12,8.09,8.24,8.04,8.12,59626
8-Aug-12,8.17,8.31,7.92,8.07,112348
7-Aug-12,8.30,8.40,8.26,8.27,49963
6-Aug-12,8.42,8.60,8.15,8.18,80899
3-Aug-12,8.06,8.50,8.06,8.39,141100
2-Aug-12,7.67,7.88,7.58,7.85,1667527
1-Aug-12,8.38,8.44,7.83,7.85,2218103
31-Jul-12,8.21,8.42,8.07,8.30,1214604
30-Jul-12,8.39,8.48,8.03,8.25,1039728
27-Jul-12,7.88,8.50,7.84,8.40,2632079
26-Jul-12,8.07,8.14,7.70,7.81,1281137
25-Jul-12,8.07,8.11,7.83,7.87,699657
24-Jul-12,8.03,8.15,7.80,7.95,999951
23-Jul-12,7.72,8.10,7.47,7.95,2630739
20-Jul-12,8.50,8.75,7.85,7.94,7041737
19-Jul-12,8.36,8.38,7.84,7.96,2853406
18-Jul-12,8.15,8.48,8.15,8.33,2108448
17-Jul-12,8.07,8.35,8.00,8.23,1959732
16-Jul-12,8.39,8.44,7.98,8.23,1836354
13-Jul-12,8.34,8.57,8.31,8.56,3330056
12-Jul-12,8.37,8.44,8.18,8.29,2091522
11-Jul-12,8.29,8.53,8.04,8.48,2362068
10-Jul-12,9.26,9.26,8.19,8.48,2865834
9-Jul-12,9.02,9.21,8.98,9.12,2096147
6-Jul-12,9.21,9.23,8.99,9.01,915840
5-Jul-12,9.44,9.48,9.09,9.38,829825
3-Jul-12,9.73,9.79,9.44,9.49,543618
2-Jul-12,9.44,9.72,9.10,9.71,1886405
29-Jun-12,9.23,9.51,9.17,9.45,1160807
28-Jun-12,8.94,9.08,8.80,9.08,515087
27-Jun-12,8.91,9.20,8.83,9.07,940245
26-Jun-12,9.23,9.34,8.80,8.85,2693427
25-Jun-12,9.60,9.60,9.00,9.17,1312130
22-Jun-12,10.07,10.13,9.50,9.75,3545682
21-Jun-12,10.92,10.96,9.93,10.01,1129960
20-Jun-12,10.88,10.97,10.72,10.95,917118
19-Jun-12,10.30,10.96,10.16,10.92,1407066
18-Jun-12,9.96,10.45,9.89,10.32,1188243
15-Jun-12,9.99,10.15,9.90,10.10,970165
14-Jun-12,10.02,10.06,9.76,9.94,968852
13-Jun-12,9.90,10.10,9.74,9.99,1299514
12-Jun-12,9.67,9.97,9.60,9.93,714950
11-Jun-12,10.00,10.03,9.63,9.65,559510
8-Jun-12,9.58,9.96,9.58,9.82,1267152
7-Jun-12,10.25,10.41,9.60,9.67,1121378
6-Jun-12,9.66,10.16,9.64,10.00,1294578
5-Jun-12,9.00,9.56,8.97,9.54,1409308
4-Jun-12,9.39,9.39,8.83,9.10,2503801
1-Jun-12,10.15,10.15,9.20,9.29,4694021
31-May-12,10.32,10.70,9.98,10.61,1524948
30-May-12,10.69,10.74,10.27,10.37,1016759
29-May-12,10.87,10.96,10.66,10.88,824309
25-May-12,10.41,10.76,10.32,10.71,695725
24-May-12,10.40,10.40,10.10,10.39,1503261
23-May-12,10.45,10.52,10.25,10.39,1256942
22-May-12,10.83,11.00,10.45,10.57,1447680
21-May-12,10.23,10.87,10.17,10.80,1076331
18-May-12,10.21,10.45,10.07,10.14,1035408
17-May-12,10.45,10.64,10.04,10.16,2253929
16-May-12,10.33,10.83,10.30,10.37,2027932
15-May-12,10.06,10.32,10.00,10.23,895114
14-May-12,10.02,10.22,9.96,10.03,698704
11-May-12,9.92,10.24,9.92,10.22,608347
10-May-12,10.13,10.27,10.00,10.06,891116
9-May-12,10.22,10.25,9.91,10.00,2650119
8-May-12,10.19,10.43,10.07,10.41,863186
7-May-12,10.22,10.41,10.10,10.28,1017879
4-May-12,10.38,10.50,10.11,10.30,968504
3-May-12,10.81,10.88,10.40,10.50,938733
2-May-12,10.43,11.16,10.35,10.85,1534346
1-May-12,10.50,11.00,10.44,10.56,1466924
30-Apr-12,10.73,10.80,10.42,10.49,1329571
27-Apr-12,10.31,10.86,10.11,10.78,1952271
26-Apr-12,10.20,10.37,10.05,10.31,1528070
25-Apr-12,10.34,10.50,10.10,10.27,903828
24-Apr-12,10.07,10.28,9.90,10.15,1525263
23-Apr-12,9.83,10.04,9.61,10.01,2518700
20-Apr-12,10.32,10.48,10.05,10.07,2790603
19-Apr-12,10.71,11.06,9.90,10.10,4724395
18-Apr-12,10.58,10.58,10.10,10.20,3368414
17-Apr-12,10.62,10.86,10.51,10.70,1510980
16-Apr-12,10.33,10.62,10.28,10.52,1574644
13-Apr-12,11.00,11.00,10.17,10.21,3230766
12-Apr-12,10.63,11.25,10.63,11.08,1671532
11-Apr-12,10.60,10.72,10.50,10.64,1736098
10-Apr-12,10.49,10.69,10.33,10.46,1641750
9-Apr-12,10.92,10.92,10.39,10.52,3494320
5-Apr-12,11.15,11.42,11.13,11.27,974945
4-Apr-12,11.26,11.28,10.92,11.21,2029147
3-Apr-12,11.93,12.00,11.41,11.50,1621141
2-Apr-12,11.50,12.06,11.38,11.99,1310593
30-Mar-12,11.66,11.78,11.18,11.54,2129870
29-Mar-12,11.43,11.56,11.02,11.52,2607033
28-Mar-12,11.82,11.99,11.37,11.58,2017318
27-Mar-12,12.19,12.30,11.75,11.83,1234060
26-Mar-12,12.36,12.46,12.01,12.15,1060974
23-Mar-12,12.27,12.34,11.90,12.17,444549
22-Mar-12,12.29,12.32,12.08,12.32,919829
21-Mar-12,12.37,12.55,12.26,12.48,1138291
20-Mar-12,12.19,12.36,12.03,12.35,596846
19-Mar-12,12.44,12.82,12.32,12.36,957983
16-Mar-12,12.10,12.49,12.10,12.45,1945352
15-Mar-12,11.59,12.14,11.53,12.10,1064612
14-Mar-12,11.91,11.94,11.40,11.60,947572
13-Mar-12,11.59,11.95,11.51,11.89,865444
12-Mar-12,11.45,11.75,11.42,11.49,888997
9-Mar-12,11.05,11.66,11.05,11.49,1268772
8-Mar-12,11.08,11.35,10.94,11.01,2325673
7-Mar-12,10.83,11.01,10.74,10.90,1280870
6-Mar-12,11.37,11.37,10.74,10.75,3014703
5-Mar-12,11.29,11.74,10.99,11.57,2088039
2-Mar-12,11.95,11.95,11.24,11.30,1786937
1-Mar-12,11.79,12.06,11.55,11.90,1292654
29-Feb-12,11.99,12.16,11.71,11.72,1180945
28-Feb-12,12.09,12.11,11.90,11.97,900671
27-Feb-12,11.82,12.22,11.82,12.12,832615
24-Feb-12,12.19,12.30,11.94,12.00,996555
23-Feb-12,12.06,12.31,11.66,12.22,1414897
22-Feb-12,11.84,12.22,11.77,12.09,853626
21-Feb-12,12.48,12.48,11.71,11.95,1126629
17-Feb-12,12.46,12.55,12.31,12.41,1174501
16-Feb-12,11.98,12.50,11.95,12.40,1929415
15-Feb-12,12.44,12.52,11.95,12.01,1593691
14-Feb-12,12.18,12.60,12.14,12.33,1289495
13-Feb-12,12.17,12.37,12.11,12.31,939732
10-Feb-12,11.79,12.03,11.58,11.95,648562
9-Feb-12,11.96,12.13,11.66,12.03,1384717
8-Feb-12,12.10,12.15,11.80,11.95,983544
7-Feb-12,12.00,12.13,11.85,12.05,1487610
6-Feb-12,11.82,12.16,11.74,12.09,1486361
3-Feb-12,11.86,12.24,11.77,11.91,1970968
2-Feb-12,11.89,12.14,11.58,11.67,1830450
1-Feb-12,11.84,12.02,11.67,11.89,2358635
31-Jan-12,11.54,11.60,11.12,11.53,1582226
30-Jan-12,11.28,11.51,11.10,11.43,1398152
27-Jan-12,11.08,11.56,11.00,11.45,1967177
26-Jan-12,10.78,11.15,10.76,11.10,2448808
25-Jan-12,10.76,11.20,10.13,10.73,5384886
24-Jan-12,9.52,10.03,9.36,10.00,3059268
23-Jan-12,10.03,10.10,9.33,9.61,1580487
20-Jan-12,10.45,10.53,9.96,10.03,3496806
19-Jan-12,10.03,10.62,9.96,10.58,3557256
18-Jan-12,9.87,10.00,9.54,9.96,1201288
17-Jan-12,10.15,10.18,9.60,9.67,1202249
13-Jan-12,9.92,9.92,9.92,9.92,0
12-Jan-12,10.15,10.36,9.74,10.06,3065874
11-Jan-12,10.00,10.15,9.87,10.13,2436250
10-Jan-12,9.54,10.02,9.51,10.01,2700229
9-Jan-12,9.46,9.50,9.34,9.38,940341
6-Jan-12,9.50,9.59,9.33,9.44,1358816
5-Jan-12,8.76,9.50,8.76,9.50,4164842
4-Jan-12,8.50,9.08,8.45,9.00,3243021
3-Jan-12,8.57,8.66,8.45,8.51,2078939
30-Dec-11,8.24,8.24,8.24,8.24,0
29-Dec-11,8.08,8.21,8.07,8.17,700074
28-Dec-11,8.39,8.52,8.01,8.06,718649
27-Dec-11,8.53,8.56,8.31,8.41,559447
23-Dec-11,8.59,8.59,8.59,8.59,0
22-Dec-11,8.31,8.48,8.30,8.40,1526428
21-Dec-11,8.39,8.40,8.17,8.26,971976
20-Dec-11,8.31,8.55,8.21,8.36,2001419
19-Dec-11,8.68,8.85,7.83,7.98,1905781
16-Dec-11,8.59,8.72,8.41,8.57,1172270
15-Dec-11,8.52,8.66,8.41,8.51,1467785
14-Dec-11,8.64,8.67,8.17,8.31,1168618
13-Dec-11,9.29,9.43,8.65,8.73,1962257
12-Dec-11,9.25,9.28,8.95,9.16,1191688
9-Dec-11,9.04,9.50,8.93,9.47,1542209
8-Dec-11,9.27,9.31,8.84,9.00,1499331
7-Dec-11,9.28,9.42,9.11,9.34,2432139
6-Dec-11,9.11,9.37,9.00,9.36,4194073
5-Dec-11,8.99,9.44,8.96,9.09,4512157
2-Dec-11,8.61,8.76,8.34,8.72,2695451
1-Dec-11,8.45,8.50,8.24,8.48,1378971
30-Nov-11,8.25,8.53,8.10,8.52,3002819
29-Nov-11,7.78,7.81,7.64,7.76,1499462
28-Nov-11,7.63,8.01,7.50,7.72,1477196
25-Nov-11,7.49,7.62,7.22,7.24,328640
23-Nov-11,7.54,7.54,7.54,7.54,0
22-Nov-11,8.00,8.02,7.65,7.68,681899
21-Nov-11,8.00,8.12,7.77,7.99,1226486
18-Nov-11,8.54,8.61,8.26,8.27,1278689
17-Nov-11,8.99,9.00,8.39,8.49,1384767
16-Nov-11,9.15,9.30,8.96,8.99,750021
15-Nov-11,9.12,9.34,8.91,9.30,617575
14-Nov-11,9.18,9.36,9.02,9.16,1032876
11-Nov-11,8.77,9.33,8.77,9.22,1278094
10-Nov-11,8.43,8.65,8.25,8.61,1079144
9-Nov-11,8.56,8.68,8.21,8.26,1942195
8-Nov-11,9.03,9.09,8.66,8.90,681603
7-Nov-11,9.04,9.20,8.52,8.88,967374
4-Nov-11,8.89,9.07,8.71,9.00,1203088
3-Nov-11,8.86,9.11,8.39,9.04,1516268
2-Nov-11,8.59,8.80,8.43,8.73,1206645
1-Nov-11,8.36,8.71,8.16,8.44,2606156
31-Oct-11,9.27,9.29,8.89,8.90,1369926
28-Oct-11,9.46,9.61,9.30,9.47,1268630
27-Oct-11,9.44,9.64,8.95,9.52,4830646
26-Oct-11,8.91,9.06,8.46,8.70,2563961
25-Oct-11,9.35,9.41,8.61,8.69,1837550
24-Oct-11,9.18,9.74,9.04,9.46,2452112
21-Oct-11,9.36,9.45,8.81,9.04,2791151
20-Oct-11,8.91,9.19,8.35,9.18,6313716
19-Oct-11,8.50,8.52,8.05,8.09,2413448
18-Oct-11,8.21,8.62,7.96,8.58,3090936
17-Oct-11,8.21,8.28,7.72,7.77,1831558
14-Oct-11,8.45,8.69,8.11,8.28,2971605
13-Oct-11,8.01,8.28,7.88,8.24,2632703
12-Oct-11,7.94,8.38,7.85,8.06,2956122
11-Oct-11,7.30,7.98,7.25,7.77,2486114
10-Oct-11,7.21,7.50,6.98,7.41,1542533
7-Oct-11,6.91,7.25,6.87,7.02,3220265
6-Oct-11,6.45,6.72,6.29,6.72,1476286
5-Oct-11,6.02,6.32,5.82,6.29,2212532
4-Oct-11,5.70,6.03,5.39,5.98,2153996
3-Oct-11,6.35,6.39,5.67,5.68,2716846
30-Sep-11,6.81,6.81,6.33,6.44,2939476
