Date,Open,High,Low,Close,Volume
27-Sep-12,34.18,34.74,34.04,34.62,14412
26-Sep-12,34.01,34.20,33.70,33.78,7600
25-Sep-12,35.20,35.32,34.44,34.49,25527
24-Sep-12,35.10,35.18,34.86,35.03,9381
21-Sep-12,35.58,35.58,35.36,35.36,584
20-Sep-12,35.18,35.18,35.15,35.15,361
19-Sep-12,36.00,36.00,35.41,35.49,10410
18-Sep-12,36.35,36.38,35.87,35.92,5800
17-Sep-12,37.06,37.15,36.94,37.15,528
14-Sep-12,36.39,37.18,36.39,37.18,1600
13-Sep-12,35.39,35.45,35.39,35.45,435
12-Sep-12,35.04,35.45,35.04,35.16,425
11-Sep-12,34.60,34.92,34.60,34.92,388
10-Sep-12,34.65,35.00,34.55,34.55,2093
7-Sep-12,33.83,34.77,33.83,34.76,12326
6-Sep-12,33.28,34.22,33.28,33.78,87181
5-Sep-12,32.78,33.46,32.78,33.02,2497
4-Sep-12,32.87,32.94,32.13,32.72,83339
31-Aug-12,32.38,32.78,32.19,32.70,2856
30-Aug-12,32.40,32.40,32.30,32.31,2725
29-Aug-12,32.97,33.10,32.97,33.05,950
28-Aug-12,33.12,33.15,33.07,33.13,2187
27-Aug-12,33.02,33.23,32.97,33.01,26526
24-Aug-12,32.76,33.17,32.59,33.00,62964
23-Aug-12,33.23,33.39,33.07,33.19,3294
22-Aug-12,33.36,33.36,33.13,33.16,3013
21-Aug-12,33.79,34.29,33.43,33.54,53981
20-Aug-12,33.57,33.72,33.38,33.55,37715
17-Aug-12,33.65,33.76,33.65,33.70,1083
16-Aug-12,33.36,34.11,33.36,34.08,1456
15-Aug-12,33.43,33.43,33.43,33.43,154
14-Aug-12,33.37,33.39,33.34,33.39,759
13-Aug-12,33.67,33.67,32.96,33.25,1760
10-Aug-12,33.43,33.78,33.43,33.77,4375
9-Aug-12,33.25,33.92,33.25,33.80,1783
8-Aug-12,32.83,33.40,32.83,33.00,1056
7-Aug-12,32.64,33.03,32.64,33.03,1860
6-Aug-12,31.90,32.38,31.90,32.36,3600
3-Aug-12,30.98,31.81,30.98,31.81,4094
2-Aug-12,30.70,31.05,30.28,30.42,2755
1-Aug-12,31.77,32.08,31.60,31.60,23360
31-Jul-12,32.20,32.20,31.83,31.83,585
30-Jul-12,32.42,32.42,32.00,32.16,1430
27-Jul-12,32.20,33.00,31.79,32.90,3328
26-Jul-12,31.88,32.18,31.57,31.78,18594
25-Jul-12,31.64,31.64,31.18,31.18,1550
24-Jul-12,31.96,32.06,31.22,31.22,3415
23-Jul-12,32.19,32.19,32.10,32.10,830
20-Jul-12,32.77,33.06,32.41,33.02,20456
19-Jul-12,32.74,33.03,32.68,32.89,5880
18-Jul-12,32.40,32.87,32.40,32.76,119553
17-Jul-12,32.22,32.34,31.68,32.34,1876
16-Jul-12,31.47,31.99,31.47,31.98,3610
13-Jul-12,31.54,32.00,31.54,31.92,7300
12-Jul-12,31.12,31.55,30.99,31.55,1130
11-Jul-12,31.60,31.84,31.60,31.84,496
10-Jul-12,32.01,32.01,31.01,31.01,3333
9-Jul-12,31.64,32.05,31.64,32.05,900
6-Jul-12,31.84,32.05,31.68,31.89,2903
5-Jul-12,32.61,32.89,32.48,32.49,6245
3-Jul-12,31.79,32.88,31.79,32.80,233655
2-Jul-12,31.77,31.77,31.11,31.47,7377
29-Jun-12,31.40,31.74,31.27,31.71,8690
28-Jun-12,29.32,29.80,29.30,29.79,59405
27-Jun-12,28.45,29.70,28.45,29.66,5270
26-Jun-12,28.07,28.46,27.98,28.39,13720
25-Jun-12,28.62,28.63,28.13,28.22,6396
22-Jun-12,29.14,29.33,28.70,29.20,4626
21-Jun-12,29.55,29.70,29.03,29.03,1575
20-Jun-12,30.45,30.64,30.31,30.31,3368
19-Jun-12,30.02,30.61,29.83,30.61,7448
18-Jun-12,29.95,29.95,29.53,29.59,4032
15-Jun-12,29.40,30.20,29.40,30.09,9701
14-Jun-12,28.86,29.44,28.86,29.40,16802
13-Jun-12,29.14,29.83,28.76,28.86,6900
12-Jun-12,29.16,29.75,28.91,29.67,28569
11-Jun-12,30.22,30.22,29.08,29.08,12686
8-Jun-12,30.08,30.61,29.56,30.00,9815
7-Jun-12,31.24,31.48,30.21,30.22,9976
6-Jun-12,29.81,30.60,29.81,30.58,13249
5-Jun-12,28.47,29.42,28.47,29.34,6573
4-Jun-12,28.80,28.86,28.20,28.69,11158
1-Jun-12,29.49,29.49,28.73,28.73,17014
31-May-12,30.58,30.58,29.50,30.30,50233
30-May-12,31.55,31.55,30.47,30.63,21897
29-May-12,31.84,32.20,31.58,32.11,51057
25-May-12,31.10,31.26,30.81,31.11,5500
24-May-12,32.00,32.00,30.64,31.00,13940
23-May-12,31.03,31.62,30.48,31.61,13917
22-May-12,31.78,32.39,31.27,31.27,12502
21-May-12,30.66,32.08,30.66,32.08,12700
18-May-12,31.08,31.31,30.41,30.56,23790
17-May-12,31.38,31.75,30.80,30.85,23420
16-May-12,31.94,32.55,31.29,31.30,19973
15-May-12,32.70,32.72,31.67,31.87,54585
14-May-12,33.03,33.03,32.60,32.63,20726
11-May-12,33.40,34.28,33.40,33.53,9155
10-May-12,34.02,34.38,33.70,33.93,7719
9-May-12,33.04,34.00,32.78,33.77,19223
8-May-12,33.37,34.04,32.87,34.02,26620
7-May-12,34.01,34.28,33.34,33.89,11654
4-May-12,35.20,35.20,34.06,34.26,11417
3-May-12,36.50,36.50,35.38,35.53,6264
2-May-12,36.11,36.38,36.10,36.30,9798
1-May-12,36.39,37.38,36.11,36.86,26268
30-Apr-12,36.04,36.46,35.93,36.46,16178
27-Apr-12,35.87,36.21,35.84,36.21,7888
26-Apr-12,35.17,35.94,35.14,35.85,15416
25-Apr-12,35.08,35.51,34.80,35.51,8208
24-Apr-12,34.10,34.63,33.98,34.27,25365
23-Apr-12,33.19,34.14,33.00,33.97,15947
20-Apr-12,34.65,35.00,33.98,34.01,12405
19-Apr-12,34.36,34.81,34.10,34.31,8783
18-Apr-12,34.91,34.91,34.26,34.26,1150
17-Apr-12,34.69,35.22,34.69,34.88,62159
16-Apr-12,35.28,35.28,34.28,34.39,15748
13-Apr-12,35.62,35.62,35.13,35.13,5819
12-Apr-12,34.83,36.23,34.83,36.08,26624
11-Apr-12,35.26,35.48,34.74,34.83,5360
10-Apr-12,35.32,35.92,34.65,34.85,52524
9-Apr-12,35.11,36.04,35.11,35.70,31441
5-Apr-12,36.22,36.84,36.06,36.13,19590
4-Apr-12,36.80,36.80,36.44,36.48,8661
3-Apr-12,37.68,37.68,37.18,37.48,43670
2-Apr-12,37.31,37.95,37.18,37.86,83552
30-Mar-12,37.25,37.45,37.10,37.25,5253
29-Mar-12,36.94,37.06,36.34,36.91,37727
28-Mar-12,37.55,37.55,36.85,37.26,16632
27-Mar-12,38.45,38.45,37.81,37.88,3901
26-Mar-12,38.23,38.31,38.03,38.27,11607
23-Mar-12,36.68,37.97,36.68,37.83,40230
22-Mar-12,37.08,37.21,36.48,36.75,12115
21-Mar-12,38.03,38.23,37.55,37.87,15788
20-Mar-12,38.59,38.59,38.12,38.31,5896
19-Mar-12,38.89,39.70,38.74,39.33,23581
16-Mar-12,38.10,39.00,37.94,38.79,10756
15-Mar-12,37.51,38.11,37.41,37.96,13913
14-Mar-12,38.13,38.28,37.50,37.56,4263
13-Mar-12,37.76,38.28,37.31,38.25,4827
12-Mar-12,37.79,37.79,37.12,37.38,7461
9-Mar-12,37.42,38.31,37.42,37.90,6686
8-Mar-12,37.20,37.65,36.69,37.50,18705
7-Mar-12,36.39,37.02,36.22,37.01,53656
6-Mar-12,36.40,36.56,36.05,36.37,90988
5-Mar-12,37.70,37.70,36.67,37.18,100403
2-Mar-12,38.43,38.59,37.63,37.71,296861
1-Mar-12,38.67,39.00,38.50,38.62,7018
29-Feb-12,39.48,39.48,38.18,38.18,128567
28-Feb-12,39.80,40.10,39.25,39.37,26231
27-Feb-12,39.96,40.19,39.42,39.79,29445
24-Feb-12,40.30,40.50,39.97,40.14,66244
23-Feb-12,39.56,40.16,39.02,40.11,23978
22-Feb-12,39.83,39.83,39.35,39.47,46836
21-Feb-12,39.66,39.89,39.37,39.61,25643
17-Feb-12,39.24,39.61,39.14,39.36,9508
16-Feb-12,37.93,39.06,37.90,39.04,11538
15-Feb-12,38.50,38.59,37.93,38.02,17307
14-Feb-12,37.96,38.24,37.82,38.17,32717
13-Feb-12,38.03,38.10,37.60,38.07,7718
10-Feb-12,37.47,37.87,37.27,37.48,17664
9-Feb-12,38.70,38.70,38.21,38.54,19817
8-Feb-12,39.00,39.08,38.15,38.54,73721
7-Feb-12,38.24,38.72,37.74,38.67,41353
6-Feb-12,37.49,38.28,37.46,38.23,8781
3-Feb-12,37.63,37.95,37.44,37.81,12346
2-Feb-12,36.49,37.13,36.44,37.03,34336
1-Feb-12,36.43,36.68,36.03,36.30,20461
31-Jan-12,36.57,36.57,35.80,36.22,17018
30-Jan-12,36.37,36.37,35.69,36.27,7357
27-Jan-12,36.11,36.81,36.09,36.76,70660
26-Jan-12,37.50,37.50,36.15,36.24,29602
25-Jan-12,36.02,37.30,36.00,37.14,9334
24-Jan-12,35.82,36.50,35.63,36.44,4949
23-Jan-12,36.80,36.80,35.79,36.15,10471
20-Jan-12,36.09,36.35,35.60,35.88,6232
19-Jan-12,36.35,36.43,35.91,36.07,39425
18-Jan-12,35.01,35.95,35.01,35.95,10145
17-Jan-12,35.08,35.16,34.66,34.78,8022
13-Jan-12,34.50,34.50,34.50,34.50,0
12-Jan-12,35.55,35.75,35.22,35.31,14263
11-Jan-12,35.87,35.87,35.37,35.38,26015
10-Jan-12,35.62,36.08,35.62,35.96,41213
9-Jan-12,35.49,35.49,34.87,34.98,16428
6-Jan-12,35.41,35.44,35.05,35.44,2603
5-Jan-12,35.19,35.52,34.49,35.30,4844
4-Jan-12,35.55,35.60,35.09,35.53,15713
3-Jan-12,35.13,35.97,35.13,35.74,18538
30-Dec-11,34.30,34.30,34.30,34.30,0
29-Dec-11,33.97,34.67,33.68,34.62,26453
28-Dec-11,35.07,35.21,34.05,34.12,13504
27-Dec-11,34.68,35.37,34.65,35.18,9417
23-Dec-11,34.88,34.88,34.88,34.88,0
22-Dec-11,34.46,35.09,34.44,35.00,7240
21-Dec-11,33.77,34.41,33.06,34.29,30150
20-Dec-11,33.00,34.05,33.00,33.88,20353
19-Dec-11,33.23,33.48,31.95,32.03,15521
16-Dec-11,32.40,33.18,32.40,33.02,19426
15-Dec-11,32.79,32.79,32.04,32.20,18110
14-Dec-11,33.11,33.11,32.07,32.36,21729
13-Dec-11,35.11,35.28,33.42,33.61,10343
12-Dec-11,34.75,34.75,33.87,34.54,25297
9-Dec-11,34.23,35.41,34.00,35.41,2858
8-Dec-11,34.76,34.76,34.03,34.32,8979
7-Dec-11,36.14,36.14,34.95,35.42,8007
6-Dec-11,35.76,36.18,35.23,35.98,17593
5-Dec-11,35.41,35.94,35.32,35.59,6700
2-Dec-11,35.21,35.66,34.96,34.96,12840
1-Dec-11,34.83,35.03,34.45,34.73,19367
30-Nov-11,33.83,34.83,33.83,34.83,33611
29-Nov-11,32.99,32.99,32.19,32.58,33423
28-Nov-11,32.05,32.81,31.99,32.62,11545
25-Nov-11,30.51,31.28,30.47,30.47,15263
23-Nov-11,30.90,30.90,30.90,30.90,0
22-Nov-11,32.81,33.18,32.32,32.60,20897
21-Nov-11,33.04,33.23,32.30,33.00,15259
18-Nov-11,34.21,34.21,33.75,34.12,12752
17-Nov-11,35.26,35.41,34.00,34.00,20341
16-Nov-11,34.80,36.33,34.75,35.24,119750
15-Nov-11,34.51,35.44,34.51,35.44,8464
14-Nov-11,34.97,34.97,34.46,34.73,5830
11-Nov-11,34.92,35.59,34.92,35.39,11638
10-Nov-11,33.98,34.65,33.34,34.41,42189
9-Nov-11,33.94,34.51,33.28,33.28,22152
8-Nov-11,35.15,35.49,34.12,35.34,68092
7-Nov-11,35.21,35.50,34.21,34.77,40244
4-Nov-11,34.39,35.27,34.20,35.10,17492
3-Nov-11,34.20,34.88,33.72,34.88,17523
2-Nov-11,33.20,33.92,33.09,33.92,10757
1-Nov-11,31.94,33.08,30.84,32.37,16981
31-Oct-11,34.55,34.55,33.57,33.57,9375
28-Oct-11,35.06,35.73,35.04,35.28,25858
27-Oct-11,34.48,35.90,34.25,35.35,56079
26-Oct-11,32.43,33.09,31.61,33.06,8685
25-Oct-11,32.95,32.95,31.83,31.84,17518
24-Oct-11,32.19,33.15,32.09,33.09,8843
21-Oct-11,31.80,32.04,31.35,31.93,9859
20-Oct-11,30.93,31.48,30.45,31.40,11070
19-Oct-11,32.20,32.20,30.97,30.97,7680
18-Oct-11,30.82,32.14,30.00,32.04,15464
17-Oct-11,31.50,31.59,30.60,30.60,41573
14-Oct-11,31.00,31.76,31.00,31.70,16904
13-Oct-11,30.18,30.73,29.65,30.52,69467
12-Oct-11,30.42,31.08,30.30,30.39,18268
11-Oct-11,29.16,30.13,28.96,30.04,22737
10-Oct-11,28.21,29.52,28.21,29.48,22638
7-Oct-11,28.25,28.29,27.20,27.62,85828
6-Oct-11,27.37,28.26,27.11,28.16,86228
5-Oct-11,27.23,27.77,26.17,27.49,80065
4-Oct-11,24.94,27.08,24.23,27.08,127136
3-Oct-11,26.76,26.85,25.19,25.28,237390
30-Sep-11,27.31,27.31,27.31,27.31,0
29-Sep-11,28.86,28.86,27.30,28.12,106132
