Date,Open,High,Low,Close,Volume
26-Sep-12,19.35,19.53,19.11,19.39,29291
25-Sep-12,19.61,19.84,19.27,19.35,138935
24-Sep-12,19.04,19.66,18.97,19.44,68557
21-Sep-12,19.88,19.88,19.10,19.26,58033
20-Sep-12,20.66,20.66,19.39,19.53,13826
19-Sep-12,21.00,21.03,20.44,20.84,8485
18-Sep-12,20.98,20.99,20.72,20.94,14701
17-Sep-12,20.36,20.98,20.36,20.94,26237
14-Sep-12,19.77,20.67,19.61,20.36,24333
13-Sep-12,19.03,19.78,19.03,19.78,32860
12-Sep-12,18.96,19.02,18.73,19.02,12999
11-Sep-12,18.75,18.98,18.71,18.97,15877
10-Sep-12,18.57,18.81,18.51,18.64,7753
7-Sep-12,18.74,18.75,18.51,18.63,30146
6-Sep-12,18.00,18.73,17.91,18.70,43154
5-Sep-12,18.06,18.06,17.75,17.91,57164
4-Sep-12,18.07,18.07,17.73,17.97,33384
31-Aug-12,18.42,18.49,18.03,18.13,27004
30-Aug-12,18.53,18.53,18.22,18.27,9556
29-Aug-12,18.59,18.66,18.31,18.58,16938
28-Aug-12,18.24,18.63,18.00,18.50,21204
27-Aug-12,18.31,18.33,17.89,18.32,32366
24-Aug-12,18.28,18.44,18.02,18.30,37890
23-Aug-12,18.36,18.42,18.25,18.32,50704
22-Aug-12,18.32,18.50,18.23,18.36,35436
21-Aug-12,18.62,18.84,18.27,18.37,49520
20-Aug-12,18.54,18.63,18.38,18.60,18961
17-Aug-12,18.70,18.74,18.34,18.53,56624
16-Aug-12,18.61,18.86,18.40,18.74,47061
15-Aug-12,18.28,18.59,18.27,18.59,60982
14-Aug-12,18.52,18.52,18.20,18.36,59021
13-Aug-12,18.15,18.56,18.15,18.53,36922
10-Aug-12,18.02,18.36,17.85,18.12,42622
9-Aug-12,18.20,18.62,17.80,18.01,72164
8-Aug-12,18.48,18.53,17.94,18.17,222511
7-Aug-12,19.12,19.12,18.33,18.51,107344
6-Aug-12,19.26,19.40,18.95,19.09,43149
3-Aug-12,18.62,19.20,18.62,18.98,46282
2-Aug-12,18.39,18.67,18.37,18.40,32994
1-Aug-12,19.19,19.19,18.31,18.31,41899
31-Jul-12,18.95,19.14,18.83,19.05,27658
30-Jul-12,18.90,19.34,18.86,18.98,22288
27-Jul-12,18.61,19.19,18.19,18.88,48558
26-Jul-12,18.55,18.68,18.32,18.59,31053
25-Jul-12,19.05,19.28,18.09,18.30,84987
24-Jul-12,19.12,19.12,18.51,18.99,55888
23-Jul-12,19.04,19.76,19.00,19.11,99721
20-Jul-12,19.24,19.36,19.16,19.29,62303
19-Jul-12,19.58,19.61,19.38,19.38,29152
18-Jul-12,19.40,19.90,19.11,19.58,33829
17-Jul-12,19.45,19.60,19.08,19.49,58888
16-Jul-12,19.50,19.50,19.24,19.28,41980
13-Jul-12,19.35,19.61,19.27,19.50,25418
12-Jul-12,19.35,19.50,19.10,19.32,50038
11-Jul-12,19.36,19.63,19.20,19.43,114731
10-Jul-12,19.76,19.76,19.20,19.43,24728
9-Jul-12,19.36,19.90,18.82,19.59,25136
6-Jul-12,19.38,19.50,19.06,19.31,26123
5-Jul-12,19.85,19.88,19.55,19.63,25721
3-Jul-12,19.48,19.90,19.34,19.85,24655
2-Jul-12,19.32,19.42,18.95,19.42,68203
29-Jun-12,19.46,19.50,19.25,19.35,49750
28-Jun-12,18.94,19.16,18.66,19.06,26758
27-Jun-12,18.53,19.23,18.53,19.05,42213
26-Jun-12,18.39,18.75,18.31,18.50,56399
25-Jun-12,18.56,18.63,18.34,18.41,27250
22-Jun-12,18.41,18.92,18.41,18.83,107639
21-Jun-12,18.63,18.63,18.09,18.23,76324
20-Jun-12,18.91,19.04,18.51,18.69,23888
19-Jun-12,18.97,19.32,18.80,18.92,66046
18-Jun-12,19.26,19.34,18.77,18.81,35220
15-Jun-12,19.07,19.44,19.05,19.34,71604
14-Jun-12,18.24,19.11,18.24,19.08,60093
13-Jun-12,18.94,19.05,18.11,18.21,137687
12-Jun-12,18.91,19.00,18.53,18.97,41748
11-Jun-12,18.95,19.05,18.68,18.86,92720
8-Jun-12,18.76,18.88,18.48,18.74,51669
7-Jun-12,18.60,18.97,18.01,18.86,182174
6-Jun-12,17.88,18.42,17.76,18.39,58937
5-Jun-12,18.05,18.36,17.76,17.80,100682
4-Jun-12,17.85,18.12,17.75,18.09,78054
1-Jun-12,17.95,18.39,17.77,17.80,58806
31-May-12,18.42,18.52,18.09,18.28,146879
30-May-12,18.83,18.83,18.00,18.31,84012
29-May-12,18.45,19.26,18.45,19.12,81788
25-May-12,18.17,18.50,18.05,18.18,57831
24-May-12,18.28,18.34,18.00,18.22,42151
23-May-12,17.75,18.50,17.60,18.34,72205
22-May-12,19.21,19.21,17.81,17.95,72332
21-May-12,18.79,19.10,18.53,19.09,56012
18-May-12,18.83,19.28,18.51,18.81,101116
17-May-12,19.06,19.61,18.87,18.87,108480
16-May-12,19.23,19.49,19.01,19.12,74870
15-May-12,19.75,19.90,19.19,19.20,66346
14-May-12,19.51,19.87,19.51,19.79,91943
11-May-12,19.08,20.36,19.08,19.88,134728
10-May-12,20.14,20.74,19.39,19.81,208698
9-May-12,21.03,21.03,20.34,20.73,29164
8-May-12,21.14,21.34,20.82,21.23,40275
7-May-12,20.77,21.68,20.77,21.36,53882
4-May-12,21.34,21.34,20.82,20.89,36306
3-May-12,21.71,21.79,21.06,21.38,40850
2-May-12,21.59,21.86,21.23,21.68,53134
1-May-12,21.50,22.66,21.48,21.70,112237
30-Apr-12,21.40,21.65,21.18,21.48,134906
27-Apr-12,21.27,21.46,21.04,21.40,49549
26-Apr-12,21.37,21.56,21.05,21.24,34932
25-Apr-12,21.04,21.95,21.04,21.49,87699
24-Apr-12,20.48,20.97,20.48,20.94,46229
23-Apr-12,20.31,20.71,20.27,20.40,1062341
20-Apr-12,20.63,20.78,20.33,20.70,55412
19-Apr-12,20.77,20.83,20.30,20.42,45522
18-Apr-12,20.85,20.87,20.09,20.19,41930
17-Apr-12,20.38,21.25,20.01,20.97,69360
16-Apr-12,20.19,20.50,19.93,20.16,32767
13-Apr-12,19.88,20.11,19.75,20.00,43597
12-Apr-12,19.96,20.50,19.96,20.03,41467
11-Apr-12,20.56,20.84,19.76,20.00,67790
10-Apr-12,20.98,21.71,20.31,20.36,48850
9-Apr-12,20.77,21.12,20.56,20.92,55188
5-Apr-12,20.86,21.19,20.76,21.05,38903
4-Apr-12,21.17,21.17,20.76,21.02,38042
3-Apr-12,21.82,21.82,21.23,21.33,38909
2-Apr-12,21.01,22.12,21.01,21.85,78095
30-Mar-12,21.44,21.60,21.08,21.10,41466
29-Mar-12,21.57,21.68,21.25,21.28,33478
28-Mar-12,22.10,22.13,21.62,21.69,43723
27-Mar-12,22.01,22.19,21.98,22.00,44667
26-Mar-12,21.97,22.46,21.85,22.04,63796
23-Mar-12,21.50,21.92,21.05,21.82,68217
22-Mar-12,21.68,22.00,21.52,21.57,47882
21-Mar-12,22.19,22.33,21.81,21.89,67455
20-Mar-12,22.20,22.53,22.01,22.04,93155
19-Mar-12,22.16,22.60,22.00,22.30,36537
16-Mar-12,22.48,22.50,22.15,22.25,69289
15-Mar-12,22.39,22.50,22.12,22.48,35116
14-Mar-12,22.64,22.70,22.17,22.39,27677
13-Mar-12,22.21,22.62,22.02,22.62,69956
12-Mar-12,22.12,22.26,22.00,22.14,30845
9-Mar-12,22.12,22.38,22.04,22.25,37946
8-Mar-12,22.03,22.48,21.75,22.13,28805
7-Mar-12,22.31,22.69,21.86,21.96,56100
6-Mar-12,22.25,22.26,21.90,22.13,53307
5-Mar-12,22.31,22.46,21.89,22.37,54519
2-Mar-12,22.64,22.80,22.28,22.41,70923
1-Mar-12,22.81,23.27,22.61,22.64,50731
29-Feb-12,23.35,23.55,22.65,22.65,72396
28-Feb-12,23.25,23.59,23.25,23.36,37284
27-Feb-12,23.35,23.56,23.09,23.18,48309
24-Feb-12,23.60,23.64,23.26,23.43,43478
23-Feb-12,22.87,23.51,22.78,23.49,68174
22-Feb-12,23.25,23.25,22.78,22.80,58971
21-Feb-12,23.46,23.56,22.92,23.38,53077
17-Feb-12,23.50,23.70,23.22,23.52,67812
16-Feb-12,22.68,23.86,22.68,23.83,71860
15-Feb-12,22.85,23.12,22.52,22.65,69054
14-Feb-12,22.83,23.34,22.64,22.90,54382
13-Feb-12,22.83,23.15,22.54,23.02,76964
10-Feb-12,22.50,22.50,22.50,22.50,0
9-Feb-12,25.50,25.50,22.00,22.54,299277
8-Feb-12,26.77,26.81,26.22,26.51,31974
7-Feb-12,26.84,26.84,26.84,26.84,0
6-Feb-12,26.54,27.34,26.54,27.26,98702
3-Feb-12,27.00,27.00,26.25,26.78,70274
2-Feb-12,26.06,26.84,25.89,26.73,44239
1-Feb-12,25.91,26.15,25.83,26.05,83035
31-Jan-12,25.90,25.99,25.25,25.66,56063
30-Jan-12,25.34,25.75,25.03,25.70,28709
27-Jan-12,25.18,25.18,25.18,25.18,0
26-Jan-12,25.65,25.99,25.53,25.92,38974
25-Jan-12,25.38,25.38,25.38,25.38,0
24-Jan-12,25.71,25.96,25.57,25.91,56591
23-Jan-12,25.83,25.83,25.83,25.83,0
20-Jan-12,25.00,25.94,25.00,25.85,106002
19-Jan-12,25.00,25.07,24.65,25.02,43055
18-Jan-12,24.43,25.00,24.43,25.00,71357
17-Jan-12,24.60,24.60,24.60,24.60,0
13-Jan-12,24.84,24.84,24.84,24.84,0
12-Jan-12,24.80,24.84,24.44,24.82,33973
11-Jan-12,24.52,24.64,24.43,24.63,31296
10-Jan-12,24.68,24.68,24.68,24.68,0
9-Jan-12,24.22,24.28,23.79,24.27,34451
6-Jan-12,24.15,24.42,23.87,24.16,34434
5-Jan-12,23.87,23.87,23.87,23.87,0
4-Jan-12,24.17,24.25,23.67,24.16,33110
3-Jan-12,24.09,24.50,23.79,24.37,51136
30-Dec-11,23.57,23.57,23.57,23.57,0
29-Dec-11,23.67,23.93,23.62,23.79,26404
28-Dec-11,23.73,23.73,23.73,23.73,0
27-Dec-11,24.25,24.27,24.01,24.13,22078
23-Dec-11,24.18,24.18,24.18,24.18,0
22-Dec-11,24.69,24.69,24.69,24.69,0
21-Dec-11,24.07,24.07,22.86,23.74,54730
20-Dec-11,23.52,24.13,23.23,24.05,79434
19-Dec-11,23.67,23.93,22.51,22.63,55203
16-Dec-11,24.89,24.89,23.35,23.55,97087
15-Dec-11,24.75,24.90,24.37,24.65,39584
14-Dec-11,24.42,24.42,24.42,24.42,0
13-Dec-11,24.38,24.88,24.17,24.24,64736
12-Dec-11,24.56,24.56,23.85,24.28,47122
9-Dec-11,24.30,24.90,24.15,24.90,63889
8-Dec-11,24.72,24.72,23.72,23.75,34876
7-Dec-11,24.55,24.90,24.23,24.89,39705
6-Dec-11,24.62,25.00,24.48,24.70,37163
5-Dec-11,24.88,25.06,24.25,24.69,57458
2-Dec-11,24.85,24.98,24.50,24.55,26308
1-Dec-11,24.81,24.81,24.81,24.81,0
30-Nov-11,24.18,24.90,23.96,24.89,141689
29-Nov-11,23.20,23.20,23.20,23.20,0
28-Nov-11,22.30,23.48,22.25,23.30,50338
25-Nov-11,22.61,22.75,22.12,22.15,29170
23-Nov-11,22.60,22.60,22.60,22.60,0
22-Nov-11,23.84,23.84,23.84,23.84,0
21-Nov-11,23.98,24.17,23.62,23.77,21841
18-Nov-11,24.19,24.48,23.64,24.35,28693
17-Nov-11,24.50,24.85,24.00,24.19,31723
16-Nov-11,24.47,24.47,24.47,24.47,0
15-Nov-11,24.01,24.94,23.77,24.82,40532
14-Nov-11,24.69,24.71,24.06,24.26,38100
11-Nov-11,24.80,24.90,24.61,24.72,31036
10-Nov-11,24.42,24.42,24.42,24.42,0
9-Nov-11,24.33,24.98,23.95,24.00,54978
8-Nov-11,24.24,24.98,23.52,24.81,67313
7-Nov-11,23.86,24.10,23.07,23.98,23618
4-Nov-11,24.04,24.04,24.04,24.04,0
3-Nov-11,24.43,24.94,23.50,24.89,52972
2-Nov-11,24.05,24.05,24.05,24.05,0
1-Nov-11,23.48,24.15,23.00,23.19,57021
31-Oct-11,24.28,25.00,24.08,24.24,55399
28-Oct-11,24.89,25.05,24.71,24.76,36662
27-Oct-11,24.45,25.18,24.03,24.93,124027
26-Oct-11,23.56,24.42,23.15,24.28,38306
25-Oct-11,24.29,24.29,23.09,23.20,37600
24-Oct-11,23.68,24.35,23.09,24.30,34980
21-Oct-11,23.93,23.93,22.90,23.51,46728
20-Oct-11,23.66,23.80,22.53,23.50,36052
19-Oct-11,23.79,23.79,23.79,23.79,0
18-Oct-11,23.15,24.05,22.84,23.99,49232
17-Oct-11,24.11,24.13,23.01,23.11,47637
14-Oct-11,23.77,23.77,23.77,23.77,0
13-Oct-11,23.29,23.74,23.01,23.65,20997
12-Oct-11,23.24,23.67,23.17,23.52,36372
11-Oct-11,22.86,22.86,22.86,22.86,0
10-Oct-11,21.66,22.48,21.40,22.48,66602
7-Oct-11,21.23,21.23,21.23,21.23,0
6-Oct-11,22.01,22.43,21.82,22.30,35389
5-Oct-11,21.57,22.09,21.19,22.00,57329
4-Oct-11,20.50,21.83,20.36,21.61,86487
3-Oct-11,20.67,21.56,20.51,20.53,72829
30-Sep-11,21.21,21.34,20.72,20.76,89675
29-Sep-11,21.25,21.78,20.83,21.42,48633
