Date,Open,High,Low,Close,Volume
27-Sep-12,45.80,46.38,45.47,46.20,227850
26-Sep-12,45.73,46.14,45.10,45.70,240198
25-Sep-12,47.02,47.21,45.97,46.03,280760
24-Sep-12,47.37,47.50,46.78,46.92,252286
21-Sep-12,48.55,48.64,47.33,47.34,228752
20-Sep-12,48.35,48.53,48.04,48.40,40593
19-Sep-12,49.54,49.54,48.60,48.66,52892
18-Sep-12,50.06,50.06,49.24,49.27,107013
17-Sep-12,50.45,50.47,49.63,50.04,108466
14-Sep-12,49.36,50.52,49.36,50.35,80660
13-Sep-12,49.58,49.91,49.13,49.35,184011
12-Sep-12,49.51,49.61,49.11,49.30,67777
11-Sep-12,49.12,49.36,48.94,49.10,68363
10-Sep-12,49.61,49.82,48.95,49.00,123274
7-Sep-12,49.38,49.66,49.17,49.45,437208
6-Sep-12,48.67,49.48,48.60,49.35,395802
5-Sep-12,49.09,49.39,47.96,48.32,672238
4-Sep-12,48.65,49.46,48.37,49.25,551555
31-Aug-12,48.80,48.92,48.15,48.58,334817
30-Aug-12,49.41,49.54,48.27,48.38,376737
29-Aug-12,49.30,49.65,48.88,49.51,341744
28-Aug-12,49.21,49.58,49.00,49.18,273679
27-Aug-12,49.32,49.66,49.04,49.15,359488
24-Aug-12,49.00,49.31,48.84,49.10,447007
23-Aug-12,48.23,49.26,47.98,49.03,628447
22-Aug-12,48.99,49.41,48.31,48.49,365890
21-Aug-12,49.40,50.57,48.12,49.24,1774521
20-Aug-12,50.85,52.46,50.68,52.15,623083
17-Aug-12,50.92,51.44,50.50,50.93,531690
16-Aug-12,50.28,51.05,49.89,50.81,480546
15-Aug-12,48.61,50.44,48.61,50.28,413493
14-Aug-12,49.82,49.85,49.23,49.46,467517
13-Aug-12,49.53,49.56,48.91,49.32,301611
10-Aug-12,48.54,49.43,48.39,49.36,257901
9-Aug-12,48.03,49.80,47.75,49.12,467280
8-Aug-12,47.30,48.04,47.07,47.95,290403
7-Aug-12,47.85,48.03,47.35,47.57,416297
6-Aug-12,47.30,47.82,46.86,47.51,456904
3-Aug-12,46.11,48.00,45.77,47.28,648098
2-Aug-12,46.60,47.14,45.56,45.65,606632
1-Aug-12,48.63,49.13,47.00,47.37,1004318
31-Jul-12,50.76,50.93,49.92,50.10,407657
30-Jul-12,50.47,50.87,50.17,50.77,410312
27-Jul-12,48.78,51.01,48.69,50.65,649033
26-Jul-12,46.43,48.53,46.43,48.29,494375
25-Jul-12,45.74,46.44,45.58,46.07,200677
24-Jul-12,46.54,46.60,45.46,45.78,262362
23-Jul-12,46.77,46.77,45.65,46.52,152408
20-Jul-12,47.50,47.90,47.16,47.30,192290
19-Jul-12,47.86,48.61,47.67,47.68,263756
18-Jul-12,46.70,48.11,46.40,47.69,238808
17-Jul-12,46.81,47.00,46.14,46.71,157424
16-Jul-12,46.57,47.16,46.26,46.81,152597
13-Jul-12,46.98,47.32,46.71,46.85,250140
12-Jul-12,47.04,47.31,46.43,47.11,336268
11-Jul-12,47.57,47.90,47.03,47.33,351728
10-Jul-12,48.07,48.25,47.23,47.44,374719
9-Jul-12,47.93,48.22,47.33,47.71,292992
6-Jul-12,47.80,48.31,47.50,48.13,418052
5-Jul-12,48.88,49.24,48.33,48.37,324447
3-Jul-12,48.36,49.10,48.23,49.09,133497
2-Jul-12,48.23,48.98,47.98,48.31,347251
29-Jun-12,47.74,48.31,47.52,48.17,312301
28-Jun-12,46.90,47.17,46.37,46.94,349903
27-Jun-12,46.80,47.58,46.76,47.15,271234
26-Jun-12,46.17,46.90,45.97,46.68,326632
25-Jun-12,46.70,46.70,46.10,46.26,562575
22-Jun-12,47.15,47.33,46.79,47.09,455533
21-Jun-12,47.92,47.94,46.61,46.74,421523
20-Jun-12,47.59,48.13,47.44,47.86,398285
19-Jun-12,47.49,47.99,47.36,47.61,397237
18-Jun-12,46.65,47.66,46.60,47.39,283176
15-Jun-12,46.68,47.10,46.41,46.81,636227
14-Jun-12,46.96,47.00,46.07,46.40,811243
13-Jun-12,47.09,47.40,46.74,47.06,616903
12-Jun-12,46.94,47.11,46.32,47.00,708718
11-Jun-12,47.59,47.65,46.83,46.89,548349
8-Jun-12,46.73,47.56,46.73,47.43,408941
7-Jun-12,47.95,48.36,46.94,47.02,588075
6-Jun-12,46.75,47.61,46.63,47.59,632476
5-Jun-12,46.22,46.80,46.01,46.33,812394
4-Jun-12,47.00,47.32,45.96,46.37,866834
1-Jun-12,46.89,47.64,46.64,47.14,679139
31-May-12,47.94,48.00,47.21,47.61,504953
30-May-12,47.86,48.16,47.45,48.00,506740
29-May-12,48.21,48.70,47.94,48.33,255038
25-May-12,48.21,48.36,47.66,47.77,254137
24-May-12,47.93,48.52,47.67,48.13,345767
23-May-12,47.88,48.20,47.07,47.99,565889
22-May-12,47.99,48.93,47.27,48.33,573593
21-May-12,47.63,49.87,47.03,47.88,841968
18-May-12,47.99,48.20,47.20,47.46,734626
17-May-12,48.96,49.37,47.60,47.79,1217908
16-May-12,51.20,51.45,49.00,49.06,911787
15-May-12,51.69,52.24,51.10,51.37,495095
14-May-12,50.46,52.07,50.13,51.81,689003
11-May-12,50.89,51.70,50.66,50.88,444451
10-May-12,51.76,51.83,50.91,51.12,395513
9-May-12,51.19,51.87,50.81,51.53,307527
8-May-12,50.95,51.96,50.78,51.76,399868
7-May-12,52.04,52.36,51.87,51.97,259823
4-May-12,52.60,52.63,52.07,52.49,230762
3-May-12,53.65,54.12,52.78,52.89,373179
2-May-12,53.20,53.98,53.20,53.79,265542
1-May-12,53.64,54.72,53.64,53.66,243196
30-Apr-12,54.63,54.66,53.79,53.79,312183
27-Apr-12,54.44,55.00,53.92,54.69,319463
26-Apr-12,53.13,54.49,53.13,54.22,290491
25-Apr-12,53.21,53.66,52.74,53.33,341895
24-Apr-12,52.59,53.10,52.28,52.44,376998
23-Apr-12,52.73,52.83,52.10,52.44,362641
20-Apr-12,53.44,54.07,53.33,53.42,274034
19-Apr-12,53.86,54.51,52.96,53.38,401445
18-Apr-12,53.79,54.22,53.66,53.84,203243
17-Apr-12,53.40,54.44,53.11,53.99,281255
16-Apr-12,53.45,53.65,52.51,53.00,318932
13-Apr-12,53.35,53.80,52.84,53.30,287720
12-Apr-12,52.64,53.87,52.54,53.59,221518
11-Apr-12,52.39,52.88,52.32,52.64,261916
10-Apr-12,52.52,53.05,51.98,52.04,439456
9-Apr-12,52.65,53.10,52.61,52.70,286133
5-Apr-12,53.23,53.59,52.83,53.42,389038
4-Apr-12,53.86,53.86,53.02,53.63,580037
3-Apr-12,54.28,54.79,53.88,54.22,374487
2-Apr-12,54.04,54.71,53.90,54.21,394056
30-Mar-12,54.62,54.90,54.24,54.26,291406
29-Mar-12,54.22,54.60,53.89,54.45,219307
28-Mar-12,54.55,54.74,53.96,54.60,273063
27-Mar-12,54.75,55.08,54.46,54.74,255711
26-Mar-12,54.34,55.33,54.22,54.95,301034
23-Mar-12,54.14,54.34,53.45,54.13,196707
22-Mar-12,53.70,54.21,53.47,54.00,290798
21-Mar-12,54.06,54.47,53.88,54.11,263678
20-Mar-12,53.93,54.33,53.68,54.03,274501
19-Mar-12,54.16,54.83,53.65,54.34,408191
16-Mar-12,54.54,54.81,53.98,54.00,642550
15-Mar-12,54.54,54.97,54.08,54.81,390093
14-Mar-12,54.80,55.20,54.02,54.52,353864
13-Mar-12,54.98,55.13,54.40,54.95,401358
12-Mar-12,54.62,54.99,54.42,54.52,212871
9-Mar-12,54.30,54.88,54.19,54.52,270791
8-Mar-12,54.15,54.85,54.09,54.23,267831
7-Mar-12,53.46,53.99,53.16,53.91,389470
6-Mar-12,52.99,53.26,52.84,53.06,446325
5-Mar-12,53.39,53.88,53.22,53.57,458528
2-Mar-12,53.32,54.80,53.32,53.63,410301
1-Mar-12,53.83,54.88,53.83,54.23,537080
29-Feb-12,54.45,55.56,53.48,53.48,801707
28-Feb-12,53.21,56.00,53.10,53.99,1262933
27-Feb-12,56.58,59.29,56.42,57.44,811488
24-Feb-12,56.41,57.32,56.10,57.26,346103
23-Feb-12,55.10,56.31,54.90,56.27,228839
22-Feb-12,55.30,55.44,54.70,55.12,366150
21-Feb-12,55.76,56.39,55.15,55.56,392579
17-Feb-12,56.40,56.40,54.84,55.51,349552
16-Feb-12,53.95,56.45,53.68,56.23,483758
15-Feb-12,54.58,54.98,53.75,53.89,164485
14-Feb-12,53.46,54.53,53.38,54.42,301384
13-Feb-12,53.57,54.40,53.00,53.66,239241
10-Feb-12,53.71,54.05,52.90,52.90,195569
9-Feb-12,54.04,54.04,54.04,54.04,0
8-Feb-12,54.12,54.80,53.82,54.39,386264
7-Feb-12,53.03,54.36,52.72,54.12,417945
6-Feb-12,53.74,53.88,53.32,53.57,250578
3-Feb-12,53.04,54.44,53.01,53.90,550052
2-Feb-12,53.26,53.26,52.29,52.35,181897
1-Feb-12,52.39,53.29,52.24,53.00,298388
31-Jan-12,52.67,52.84,51.51,51.92,291598
30-Jan-12,52.30,52.30,52.30,52.30,0
27-Jan-12,52.57,53.30,52.51,53.24,167196
26-Jan-12,52.49,52.86,52.18,52.78,268533
25-Jan-12,52.41,52.63,51.78,52.33,269784
24-Jan-12,52.74,52.86,52.42,52.50,201750
23-Jan-12,52.60,53.00,52.29,52.80,318188
20-Jan-12,51.50,52.74,51.40,52.33,563425
19-Jan-12,51.77,51.99,51.02,51.51,380328
18-Jan-12,50.77,51.85,50.48,51.77,331420
17-Jan-12,50.55,50.99,50.37,50.53,252583
13-Jan-12,50.12,50.12,50.12,50.12,0
12-Jan-12,51.85,51.95,51.22,51.75,248003
11-Jan-12,51.50,51.88,51.32,51.78,311972
10-Jan-12,51.77,51.77,51.77,51.77,0
9-Jan-12,50.60,51.52,49.86,49.96,596300
6-Jan-12,50.49,51.25,50.10,50.49,630598
5-Jan-12,50.25,50.90,49.55,50.41,433144
4-Jan-12,49.90,50.50,49.64,50.35,369263
3-Jan-12,50.48,51.50,49.99,50.20,405818
30-Dec-11,49.41,49.41,49.41,49.41,0
29-Dec-11,50.09,50.41,49.86,50.18,482815
28-Dec-11,51.33,51.40,49.86,49.89,387134
27-Dec-11,51.59,51.59,51.59,51.59,0
23-Dec-11,51.51,51.51,51.51,51.51,0
22-Dec-11,51.19,51.19,51.19,51.19,0
21-Dec-11,50.73,50.90,49.51,50.33,492846
20-Dec-11,49.51,51.12,49.21,50.84,308496
19-Dec-11,49.87,50.29,48.49,48.62,305178
16-Dec-11,49.34,50.16,48.92,49.57,576327
15-Dec-11,49.79,49.91,48.89,48.99,460117
14-Dec-11,49.57,49.78,48.90,49.10,532575
13-Dec-11,50.98,51.30,49.78,49.92,538400
12-Dec-11,50.73,50.78,49.76,50.54,480708
9-Dec-11,50.88,50.88,50.88,50.88,0
8-Dec-11,50.42,50.71,49.79,49.98,426667
7-Dec-11,50.67,51.12,50.00,50.78,468711
6-Dec-11,50.47,51.48,50.03,51.14,596198
5-Dec-11,50.81,51.43,50.33,50.66,401600
2-Dec-11,50.00,50.92,49.71,49.96,733868
1-Dec-11,49.10,50.03,48.83,49.65,431995
30-Nov-11,48.19,49.30,48.19,49.23,503523
29-Nov-11,47.29,47.40,46.41,46.77,322767
28-Nov-11,46.74,47.25,46.65,47.23,387715
25-Nov-11,45.85,46.57,45.67,45.71,107464
23-Nov-11,46.04,46.04,46.04,46.04,0
22-Nov-11,47.26,47.71,46.37,47.08,510184
21-Nov-11,45.05,47.91,44.16,47.48,1311773
18-Nov-11,49.05,49.06,47.40,47.90,851167
17-Nov-11,49.20,49.44,48.25,48.66,629698
16-Nov-11,49.00,49.95,48.84,49.14,507344
15-Nov-11,48.27,50.00,48.27,49.64,452959
14-Nov-11,48.64,48.92,47.86,48.33,241099
11-Nov-11,47.93,49.22,47.72,48.82,371566
10-Nov-11,48.58,48.68,47.27,47.41,454651
9-Nov-11,47.93,47.93,47.93,47.93,0
8-Nov-11,50.27,50.44,49.34,50.16,403704
7-Nov-11,49.56,49.81,48.92,49.73,429104
4-Nov-11,50.00,50.60,49.53,50.45,206223
3-Nov-11,50.03,50.58,49.01,50.40,413989
2-Nov-11,49.03,49.46,48.47,49.43,337921
1-Nov-11,48.23,48.23,48.23,48.23,0
31-Oct-11,50.04,50.29,49.15,49.18,450616
28-Oct-11,51.14,51.42,50.14,50.50,486071
27-Oct-11,51.23,52.05,50.97,51.20,604059
26-Oct-11,48.58,50.70,47.50,50.32,1053566
25-Oct-11,48.54,48.69,47.65,47.91,726251
24-Oct-11,47.02,48.62,46.88,48.55,621962
21-Oct-11,46.27,46.94,45.98,46.82,362704
20-Oct-11,44.66,45.81,44.31,45.75,872741
19-Oct-11,45.34,45.37,44.56,44.65,663275
18-Oct-11,45.18,45.79,44.25,45.44,1036731
17-Oct-11,47.17,47.17,47.17,47.17,0
14-Oct-11,47.98,48.27,47.50,48.20,286981
13-Oct-11,46.63,47.62,46.35,47.42,574789
12-Oct-11,46.31,47.06,46.24,46.81,1104629
11-Oct-11,47.22,47.36,45.89,46.09,783440
10-Oct-11,46.88,47.76,46.31,47.72,364034
7-Oct-11,46.55,46.99,45.96,46.24,602828
6-Oct-11,45.50,46.44,45.02,46.29,447616
5-Oct-11,45.38,45.38,45.38,45.38,0
4-Oct-11,41.15,44.12,41.15,44.02,513509
3-Oct-11,42.97,43.73,41.39,41.61,365543
30-Sep-11,44.00,44.60,43.20,43.23,513995
29-Sep-11,44.48,44.48,44.48,44.48,0
