Date,Open,High,Low,Close,Volume
26-Sep-12,7.69,7.69,7.59,7.63,2383
25-Sep-12,7.73,7.73,7.73,7.73,300
24-Sep-12,7.84,7.84,7.66,7.67,812
21-Sep-12,7.87,7.87,7.80,7.80,1735
20-Sep-12,7.75,7.83,7.75,7.83,7884
19-Sep-12,7.64,7.79,7.64,7.70,2353
18-Sep-12,7.67,7.67,7.67,7.67,716
17-Sep-12,7.63,7.67,7.63,7.67,1338
14-Sep-12,7.56,7.56,7.52,7.52,2470
13-Sep-12,7.80,7.80,7.65,7.68,3541
12-Sep-12,7.66,7.66,7.51,7.51,1007
11-Sep-12,7.70,7.75,7.59,7.59,2485
10-Sep-12,7.61,7.75,7.61,7.75,742
7-Sep-12,7.45,7.45,7.45,7.45,100
6-Sep-12,7.49,7.49,7.39,7.47,1700
5-Sep-12,7.49,7.50,7.42,7.42,602
4-Sep-12,7.54,7.55,7.48,7.48,4400
31-Aug-12,7.58,7.58,7.43,7.43,3638
30-Aug-12,7.38,7.38,7.36,7.38,371
29-Aug-12,7.52,7.58,7.36,7.58,1715
28-Aug-12,7.41,7.46,7.41,7.46,735
27-Aug-12,7.59,7.59,7.40,7.44,1600
24-Aug-12,7.40,7.40,7.40,7.40,100
23-Aug-12,7.46,7.46,7.45,7.45,200
22-Aug-12,7.42,7.42,7.42,7.42,600
21-Aug-12,7.43,7.43,7.43,7.43,300
20-Aug-12,7.39,7.41,7.39,7.41,250
17-Aug-12,7.36,7.40,7.36,7.38,700
16-Aug-12,7.42,7.42,7.41,7.41,1300
15-Aug-12,7.54,7.60,7.45,7.45,1300
14-Aug-12,7.50,7.50,7.47,7.47,1394
13-Aug-12,7.60,7.60,7.60,7.60,174
10-Aug-12,7.45,7.45,7.45,7.45,150
9-Aug-12,7.46,7.46,7.41,7.41,884
8-Aug-12,7.59,7.59,7.47,7.47,1100
7-Aug-12,7.41,7.53,7.41,7.53,1120
6-Aug-12,7.45,7.45,7.45,7.45,1201
3-Aug-12,7.77,7.85,7.45,7.45,754
2-Aug-12,7.83,7.88,7.83,7.87,995
1-Aug-12,7.84,7.84,7.84,7.84,300
31-Jul-12,7.93,7.93,7.93,7.93,266
30-Jul-12,7.91,8.18,7.91,7.98,2986
27-Jul-12,7.96,7.96,7.78,7.86,300
26-Jul-12,8.17,8.18,8.17,8.18,200
25-Jul-12,8.06,8.15,8.06,8.13,600
24-Jul-12,8.14,8.14,8.00,8.00,576
23-Jul-12,8.18,8.18,8.01,8.07,894
20-Jul-12,7.68,8.25,7.68,8.12,2405
19-Jul-12,7.91,7.91,7.61,7.85,1500
18-Jul-12,7.81,7.98,7.81,7.82,862
17-Jul-12,7.73,7.73,7.73,7.73,240
16-Jul-12,7.91,7.91,7.85,7.85,800
13-Jul-12,7.75,7.90,7.75,7.90,1400
12-Jul-12,7.42,7.42,7.42,7.42,218
11-Jul-12,7.75,7.75,7.45,7.45,1779
10-Jul-12,7.72,7.75,7.71,7.71,778
9-Jul-12,7.55,7.75,7.55,7.71,2397
6-Jul-12,7.45,7.45,7.40,7.40,2400
5-Jul-12,7.35,7.40,7.35,7.40,6530
3-Jul-12,7.60,7.72,7.39,7.45,3493
2-Jul-12,7.70,7.70,7.70,7.70,185
29-Jun-12,7.55,7.70,7.55,7.70,3175
28-Jun-12,7.63,7.63,7.62,7.62,200
27-Jun-12,7.62,7.64,7.62,7.64,600
26-Jun-12,7.88,7.88,7.70,7.75,3000
25-Jun-12,7.88,7.88,7.76,7.76,800
22-Jun-12,7.86,7.86,7.80,7.80,400
21-Jun-12,7.72,7.72,7.72,7.72,100
20-Jun-12,7.71,7.71,7.71,7.71,200
19-Jun-12,7.70,7.83,7.70,7.73,1138
18-Jun-12,7.74,7.77,7.70,7.70,1358
15-Jun-12,7.67,7.77,7.67,7.77,1790
14-Jun-12,7.73,7.76,7.73,7.76,454
13-Jun-12,7.70,7.70,7.65,7.65,994
12-Jun-12,7.68,7.78,7.68,7.78,796
11-Jun-12,7.60,7.67,7.60,7.67,2285
8-Jun-12,7.70,7.71,7.56,7.56,1721
7-Jun-12,7.73,7.73,7.73,7.73,100
6-Jun-12,7.92,7.92,7.89,7.89,300
5-Jun-12,7.78,8.01,7.78,8.01,534
4-Jun-12,7.98,7.98,7.89,7.89,600
1-Jun-12,7.86,7.97,7.86,7.97,534
31-May-12,8.21,8.21,7.87,7.87,2100
30-May-12,7.79,8.10,7.79,8.02,6531
29-May-12,8.25,8.25,8.25,8.25,179
25-May-12,8.40,8.40,8.30,8.30,1152
24-May-12,8.56,8.56,8.50,8.50,1250
23-May-12,8.40,8.50,8.40,8.50,500
22-May-12,8.25,8.60,8.25,8.44,1145
21-May-12,8.33,8.38,8.28,8.28,1300
18-May-12,8.27,8.40,8.27,8.40,3609
17-May-12,8.20,8.40,8.00,8.40,2500
16-May-12,8.25,8.25,8.16,8.25,735
15-May-12,8.16,8.16,8.15,8.15,700
14-May-12,8.15,8.25,8.15,8.25,472
11-May-12,8.30,8.30,8.20,8.26,625
10-May-12,8.12,8.38,8.12,8.27,855
9-May-12,8.26,8.26,8.26,8.26,2100
8-May-12,8.23,8.26,8.15,8.26,1125
7-May-12,8.18,8.29,8.18,8.29,200
4-May-12,8.21,8.21,8.21,8.21,900
3-May-12,8.26,8.26,8.26,8.26,100
2-May-12,8.26,8.26,8.15,8.15,230
1-May-12,8.33,8.39,8.31,8.31,300
30-Apr-12,8.20,8.41,8.20,8.41,932
27-Apr-12,8.24,8.24,8.15,8.15,7200
26-Apr-12,8.23,8.29,8.20,8.29,1247
25-Apr-12,8.41,8.41,8.22,8.29,1100
24-Apr-12,8.20,8.37,8.20,8.37,642
23-Apr-12,8.30,8.32,8.25,8.25,1324
20-Apr-12,8.41,8.41,8.41,8.41,100
19-Apr-12,8.60,8.60,8.44,8.44,400
18-Apr-12,8.55,8.55,8.55,8.55,734
17-Apr-12,8.73,8.73,8.51,8.62,3799
16-Apr-12,8.60,8.60,8.59,8.60,300
13-Apr-12,8.65,8.65,8.65,8.65,600
12-Apr-12,8.66,8.71,8.66,8.68,1320
11-Apr-12,8.65,8.72,8.65,8.72,1600
10-Apr-12,8.67,8.67,8.64,8.65,635
9-Apr-12,8.61,8.70,8.61,8.70,3451
5-Apr-12,8.62,8.67,8.55,8.55,1092
4-Apr-12,8.48,8.50,8.45,8.50,517
3-Apr-12,8.56,8.57,8.42,8.52,1563
2-Apr-12,8.63,8.63,8.41,8.49,2917
30-Mar-12,8.74,8.74,8.56,8.56,3670
29-Mar-12,8.78,8.80,8.69,8.69,1514
28-Mar-12,8.63,8.86,8.63,8.84,1200
27-Mar-12,8.74,9.00,8.74,8.77,4500
26-Mar-12,8.77,8.77,8.65,8.65,1573
23-Mar-12,8.59,8.70,8.59,8.67,2324
22-Mar-12,8.56,8.60,8.53,8.60,6320
21-Mar-12,8.35,8.50,8.34,8.43,7499
20-Mar-12,8.30,8.36,8.30,8.36,2703
19-Mar-12,8.41,8.45,8.39,8.45,5821
16-Mar-12,8.15,8.46,8.15,8.30,9877
15-Mar-12,7.48,8.10,7.48,8.10,15535
14-Mar-12,7.34,7.50,7.29,7.50,2300
13-Mar-12,7.39,7.39,7.23,7.34,1246
12-Mar-12,7.23,7.25,7.20,7.20,900
9-Mar-12,7.33,7.33,7.27,7.27,500
8-Mar-12,7.20,7.44,7.20,7.44,555
7-Mar-12,7.23,7.24,7.05,7.18,2227
6-Mar-12,7.25,7.31,7.23,7.24,1995
5-Mar-12,7.37,7.37,7.30,7.30,578
2-Mar-12,7.39,7.39,7.31,7.31,200
1-Mar-12,7.28,7.40,7.28,7.34,812
29-Feb-12,7.37,7.37,7.23,7.23,385
28-Feb-12,7.29,7.36,7.29,7.36,200
27-Feb-12,7.17,7.40,7.15,7.40,1161
24-Feb-12,7.35,7.35,7.17,7.17,1303
23-Feb-12,7.25,7.26,7.25,7.25,474
22-Feb-12,7.12,7.33,7.12,7.33,448
21-Feb-12,7.45,7.45,7.01,7.14,12100
17-Feb-12,7.46,7.46,7.28,7.46,1757
16-Feb-12,7.48,7.48,7.40,7.46,900
15-Feb-12,7.52,7.54,7.40,7.54,5587
14-Feb-12,7.50,7.50,7.48,7.50,3980
13-Feb-12,7.51,7.60,7.49,7.60,14037
10-Feb-12,7.63,7.63,7.49,7.51,9210
9-Feb-12,7.66,7.70,7.60,7.70,6397
8-Feb-12,7.55,7.70,7.55,7.65,10667
7-Feb-12,7.64,7.76,7.64,7.76,1293
6-Feb-12,7.62,7.76,7.62,7.76,1291
3-Feb-12,7.71,7.78,7.71,7.76,10700
2-Feb-12,7.70,7.74,7.67,7.74,2300
1-Feb-12,7.60,7.71,7.60,7.71,1000
31-Jan-12,7.56,7.65,7.56,7.63,1250
30-Jan-12,7.76,7.76,7.64,7.65,2417
27-Jan-12,7.70,7.70,7.70,7.70,200
26-Jan-12,7.63,7.75,7.63,7.75,1827
25-Jan-12,7.49,7.63,7.46,7.63,715
24-Jan-12,7.35,7.59,7.35,7.50,8586
23-Jan-12,7.24,7.35,7.24,7.35,9449
20-Jan-12,7.26,7.30,7.26,7.29,6201
19-Jan-12,7.26,7.26,7.26,7.26,100
18-Jan-12,7.15,7.35,7.15,7.32,1301
17-Jan-12,6.95,7.28,6.95,7.28,6538
13-Jan-12,7.26,7.26,7.26,7.26,0
12-Jan-12,7.40,7.40,7.26,7.27,450
11-Jan-12,7.40,7.40,7.33,7.33,703
10-Jan-12,7.55,7.55,7.33,7.41,785
9-Jan-12,7.49,7.50,7.37,7.40,4601
6-Jan-12,7.30,7.30,7.11,7.11,501
5-Jan-12,7.18,7.25,7.18,7.25,850
4-Jan-12,7.07,7.25,7.07,7.25,1513
3-Jan-12,6.97,7.01,6.97,7.01,662
30-Dec-11,6.99,6.99,6.99,6.99,1100
29-Dec-11,7.06,7.06,7.06,7.06,400
28-Dec-11,7.10,7.18,7.03,7.10,2672
27-Dec-11,7.13,7.23,7.13,7.13,2025
23-Dec-11,7.22,7.22,7.22,7.22,0
22-Dec-11,7.10,7.10,7.10,7.10,100
21-Dec-11,7.10,7.10,7.10,7.10,703
20-Dec-11,7.14,7.14,7.08,7.08,240
19-Dec-11,7.25,7.25,7.06,7.07,1227
16-Dec-11,7.17,7.19,7.05,7.17,2084
15-Dec-11,7.20,7.20,7.10,7.10,593
14-Dec-11,7.17,7.22,7.11,7.22,875
13-Dec-11,7.28,7.28,7.17,7.17,1600
12-Dec-11,7.17,7.17,7.17,7.17,462
9-Dec-11,7.12,7.28,7.05,7.21,1640
8-Dec-11,7.26,7.26,7.15,7.15,1350
7-Dec-11,7.16,7.21,7.16,7.21,300
6-Dec-11,7.25,7.25,7.24,7.24,900
5-Dec-11,7.41,7.41,7.25,7.25,1800
2-Dec-11,7.18,7.27,7.18,7.19,1233
1-Dec-11,7.24,7.27,7.04,7.27,1427
30-Nov-11,7.41,7.41,7.22,7.35,4116
29-Nov-11,7.22,7.22,7.22,7.22,0
28-Nov-11,7.29,7.29,7.29,7.29,130
25-Nov-11,7.07,7.07,7.07,7.07,100
23-Nov-11,7.09,7.09,7.09,7.09,0
22-Nov-11,7.39,7.39,7.39,7.39,200
21-Nov-11,7.25,7.25,7.25,7.25,126
18-Nov-11,7.39,7.39,7.33,7.33,800
17-Nov-11,7.35,7.37,7.16,7.37,1000
16-Nov-11,7.44,7.44,7.35,7.35,1106
15-Nov-11,7.36,7.45,7.36,7.45,1500
14-Nov-11,7.34,7.40,7.32,7.34,1200
11-Nov-11,7.44,7.45,7.40,7.40,448
10-Nov-11,7.25,7.44,7.24,7.44,1230
9-Nov-11,6.85,7.17,6.84,7.17,4318
8-Nov-11,7.60,7.60,7.45,7.45,400
7-Nov-11,7.61,7.71,7.52,7.59,634
4-Nov-11,7.68,7.68,7.55,7.55,1685
3-Nov-11,7.80,7.80,7.75,7.75,1300
2-Nov-11,7.82,7.82,7.82,7.82,1100
1-Nov-11,7.70,7.89,7.70,7.82,367
31-Oct-11,7.69,7.74,7.69,7.74,230
28-Oct-11,7.81,7.81,7.81,7.81,299
27-Oct-11,7.78,7.78,7.75,7.75,601
26-Oct-11,7.75,7.75,7.75,7.75,1100
25-Oct-11,7.55,7.83,7.55,7.83,1022
24-Oct-11,7.68,7.68,7.55,7.68,1431
21-Oct-11,7.60,7.86,7.60,7.86,1300
20-Oct-11,7.50,7.50,7.50,7.50,470
19-Oct-11,7.54,7.54,7.54,7.54,200
18-Oct-11,7.65,7.65,7.57,7.57,337
17-Oct-11,7.70,7.70,7.70,7.70,600
14-Oct-11,7.66,7.66,7.66,7.66,100
13-Oct-11,7.70,7.70,7.60,7.60,788
12-Oct-11,7.92,7.92,7.74,7.74,879
11-Oct-11,7.77,7.77,7.77,7.77,3096
10-Oct-11,7.30,7.49,7.30,7.49,701
7-Oct-11,7.32,7.32,7.13,7.30,1454
6-Oct-11,7.10,7.28,7.10,7.28,1601
5-Oct-11,7.65,7.65,7.20,7.28,1601
4-Oct-11,7.65,7.65,7.65,7.65,1000
3-Oct-11,7.74,7.74,7.72,7.72,400
30-Sep-11,7.79,7.80,7.79,7.80,1300
29-Sep-11,7.74,7.74,7.74,7.74,100
