Date,Open,High,Low,Close,Volume
27-Sep-12,15.50,15.67,15.45,15.66,19473
26-Sep-12,15.42,15.63,15.32,15.47,29351
25-Sep-12,15.73,15.80,15.40,15.43,53957
24-Sep-12,15.43,15.68,15.27,15.68,48059
21-Sep-12,15.60,15.61,15.36,15.43,74315
20-Sep-12,15.65,15.66,15.16,15.43,9744
19-Sep-12,15.85,15.90,15.67,15.72,18456
18-Sep-12,15.53,15.88,15.37,15.86,13029
17-Sep-12,15.29,15.61,15.29,15.59,12164
14-Sep-12,15.44,15.65,15.34,15.39,15876
13-Sep-12,15.08,15.65,15.05,15.34,24544
12-Sep-12,15.36,15.36,14.95,15.09,16938
11-Sep-12,15.30,15.33,15.18,15.28,12002
10-Sep-12,15.27,15.50,15.24,15.24,14401
7-Sep-12,15.60,15.60,15.25,15.33,52008
6-Sep-12,15.38,15.69,15.35,15.49,99973
5-Sep-12,15.10,15.50,15.03,15.34,116092
4-Sep-12,14.79,15.04,14.68,15.04,53294
31-Aug-12,14.69,14.80,14.57,14.72,98366
30-Aug-12,14.80,14.87,14.50,14.57,44369
29-Aug-12,14.71,14.94,14.66,14.88,52210
28-Aug-12,14.75,14.86,14.54,14.69,49098
27-Aug-12,14.68,14.77,14.59,14.71,33037
24-Aug-12,14.45,14.71,14.45,14.69,31858
23-Aug-12,14.52,14.66,14.35,14.53,34573
22-Aug-12,14.79,14.85,14.48,14.60,25287
21-Aug-12,14.98,15.31,14.62,14.86,86377
20-Aug-12,14.49,14.98,14.44,14.90,70422
17-Aug-12,14.39,14.63,14.20,14.58,73382
16-Aug-12,14.15,14.49,14.15,14.46,33185
15-Aug-12,13.68,14.33,13.68,14.15,23044
14-Aug-12,14.10,14.11,13.67,13.76,19279
13-Aug-12,13.88,14.09,13.69,14.07,37602
10-Aug-12,14.07,14.19,13.90,13.95,26021
9-Aug-12,14.10,14.17,13.94,14.07,21169
8-Aug-12,14.27,14.40,14.05,14.09,38610
7-Aug-12,14.45,14.60,14.31,14.45,38382
6-Aug-12,14.38,14.59,14.25,14.35,34734
3-Aug-12,14.03,14.54,14.03,14.41,43600
2-Aug-12,13.69,14.03,13.57,13.93,40756
1-Aug-12,14.39,14.40,13.74,13.78,66997
31-Jul-12,14.50,14.50,14.28,14.30,78123
30-Jul-12,14.67,14.68,14.45,14.51,16103
27-Jul-12,14.42,14.69,14.23,14.69,53642
26-Jul-12,14.40,14.40,14.19,14.30,15682
25-Jul-12,14.59,14.59,14.20,14.26,40119
24-Jul-12,14.53,14.56,14.30,14.47,38429
23-Jul-12,14.38,14.68,14.38,14.52,38897
20-Jul-12,14.34,14.66,14.34,14.60,50317
19-Jul-12,14.69,14.69,14.28,14.46,43847
18-Jul-12,14.62,14.70,14.41,14.69,38922
17-Jul-12,14.65,14.74,14.61,14.66,71396
16-Jul-12,14.56,14.74,14.43,14.70,33149
13-Jul-12,14.37,14.75,14.36,14.64,73429
12-Jul-12,14.37,14.48,14.20,14.36,101289
11-Jul-12,14.16,14.40,14.12,14.35,58939
10-Jul-12,14.09,14.20,13.98,14.18,26752
9-Jul-12,14.11,14.20,13.96,14.03,31940
6-Jul-12,14.04,14.23,13.96,14.09,26910
5-Jul-12,14.08,14.25,13.98,14.23,26170
3-Jul-12,14.07,14.34,13.97,14.15,35964
2-Jul-12,13.99,14.15,13.71,14.14,50226
29-Jun-12,13.76,14.00,13.65,14.00,74735
28-Jun-12,13.59,13.67,13.22,13.54,39931
27-Jun-12,13.47,13.80,13.47,13.72,46785
26-Jun-12,13.29,13.61,13.11,13.54,30588
25-Jun-12,13.36,13.69,13.14,13.21,58875
22-Jun-12,13.89,13.90,13.26,13.62,465333
21-Jun-12,14.00,14.04,13.66,13.92,161959
20-Jun-12,13.74,14.05,13.66,14.04,77415
19-Jun-12,13.44,13.84,13.44,13.84,96482
18-Jun-12,13.27,13.50,13.11,13.45,88445
15-Jun-12,12.98,13.42,12.91,13.42,141600
14-Jun-12,12.80,13.20,12.80,13.19,53198
13-Jun-12,12.78,12.88,12.63,12.78,65868
12-Jun-12,12.60,12.89,12.54,12.87,32593
11-Jun-12,12.92,12.94,12.53,12.53,52313
8-Jun-12,12.75,12.88,12.64,12.77,21618
7-Jun-12,12.85,12.88,12.55,12.79,50225
6-Jun-12,12.44,12.71,12.35,12.71,50513
5-Jun-12,12.35,12.65,12.25,12.37,39878
4-Jun-12,12.24,12.45,12.16,12.45,49104
1-Jun-12,12.10,12.39,12.10,12.20,67003
31-May-12,12.09,12.44,12.01,12.42,63858
30-May-12,12.18,12.32,12.09,12.09,29848
29-May-12,12.47,12.47,12.11,12.27,29773
25-May-12,12.76,12.78,12.36,12.40,39730
24-May-12,12.68,12.82,12.46,12.81,38663
23-May-12,12.49,12.86,12.32,12.65,49775
22-May-12,12.18,12.31,12.05,12.11,47917
21-May-12,12.09,12.23,11.89,12.20,44312
18-May-12,11.86,12.13,11.86,12.08,87663
17-May-12,11.81,12.06,11.79,11.89,60266
16-May-12,11.94,12.03,11.83,11.83,17597
15-May-12,11.88,12.05,11.85,11.92,21178
14-May-12,11.89,12.10,11.89,11.89,54555
11-May-12,11.99,12.12,11.91,11.97,35217
10-May-12,12.09,12.23,12.00,12.14,19073
9-May-12,12.02,12.24,12.00,12.02,25675
8-May-12,11.79,12.30,11.79,12.21,46587
7-May-12,11.75,12.09,11.75,11.87,28606
4-May-12,12.04,12.05,11.81,11.83,54775
3-May-12,12.23,12.36,12.02,12.09,59300
2-May-12,12.24,12.38,12.04,12.28,41223
1-May-12,12.60,12.90,12.24,12.28,63469
30-Apr-12,12.87,12.87,12.54,12.64,57595
27-Apr-12,12.60,12.96,12.48,12.96,72729
26-Apr-12,12.60,12.71,12.43,12.60,31713
25-Apr-12,12.88,12.88,12.53,12.56,37147
24-Apr-12,12.81,12.90,12.49,12.71,95961
23-Apr-12,12.55,13.02,12.53,12.83,127615
20-Apr-12,12.79,13.07,12.58,12.82,70926
19-Apr-12,12.88,12.97,12.44,12.53,42071
18-Apr-12,13.23,13.35,12.83,12.88,40669
17-Apr-12,13.20,13.48,13.17,13.36,130071
16-Apr-12,12.64,13.20,12.58,13.10,129924
13-Apr-12,13.14,13.14,12.49,12.54,65467
12-Apr-12,12.98,13.29,12.83,13.09,79030
11-Apr-12,12.39,13.02,12.39,12.94,123217
10-Apr-12,13.00,13.06,12.35,12.40,78279
9-Apr-12,12.74,13.17,12.74,13.05,102190
5-Apr-12,12.85,13.11,12.83,13.04,46831
4-Apr-12,12.94,13.02,12.72,12.95,40718
3-Apr-12,13.31,13.40,12.93,13.11,78614
2-Apr-12,13.00,13.38,12.98,13.36,48197
30-Mar-12,13.35,13.35,12.97,13.10,47786
29-Mar-12,13.27,13.27,13.00,13.20,40689
28-Mar-12,13.83,14.20,13.26,13.43,140580
27-Mar-12,13.57,14.02,13.39,13.88,86268
26-Mar-12,13.35,13.59,13.17,13.59,88545
23-Mar-12,12.79,13.23,12.79,13.19,50135
22-Mar-12,13.16,13.23,12.76,12.83,38324
21-Mar-12,13.26,13.41,13.15,13.35,63640
20-Mar-12,13.16,13.35,13.14,13.21,115784
19-Mar-12,13.05,13.45,12.85,13.31,72054
16-Mar-12,12.91,13.10,12.61,13.07,136013
15-Mar-12,12.84,12.91,12.71,12.87,40605
14-Mar-12,13.06,13.10,12.82,12.90,17513
13-Mar-12,13.00,13.19,12.78,13.14,134978
12-Mar-12,12.84,12.96,12.77,12.84,23739
9-Mar-12,12.78,13.11,12.64,12.85,49050
8-Mar-12,12.82,12.82,12.52,12.81,54771
7-Mar-12,12.63,12.80,12.56,12.75,68915
6-Mar-12,12.38,12.65,12.24,12.62,46781
5-Mar-12,12.14,12.58,12.10,12.54,29852
2-Mar-12,12.58,12.62,12.08,12.14,75656
1-Mar-12,12.66,12.85,12.48,12.51,69769
29-Feb-12,12.95,13.06,12.53,12.54,50990
28-Feb-12,13.16,13.17,12.88,12.92,14348
27-Feb-12,12.96,13.20,12.89,13.14,17393
24-Feb-12,13.35,13.35,13.11,13.12,20124
23-Feb-12,13.10,13.59,13.08,13.37,130263
22-Feb-12,13.32,13.48,13.06,13.07,43987
21-Feb-12,13.53,13.58,13.29,13.34,87454
17-Feb-12,13.54,13.54,13.31,13.49,49745
16-Feb-12,13.14,13.50,13.14,13.49,41352
15-Feb-12,13.50,13.50,13.10,13.15,174350
14-Feb-12,13.52,13.54,13.29,13.41,24545
13-Feb-12,13.47,13.60,13.45,13.59,30251
10-Feb-12,13.35,13.54,13.34,13.42,53352
9-Feb-12,14.00,14.00,13.57,13.64,26516
8-Feb-12,13.80,14.01,13.77,13.97,67369
7-Feb-12,13.89,14.00,13.75,13.79,94162
6-Feb-12,14.07,14.07,13.72,13.92,46823
3-Feb-12,14.13,14.13,13.71,14.10,131976
2-Feb-12,13.59,13.97,13.47,13.95,59844
1-Feb-12,12.90,13.59,12.77,13.54,74184
31-Jan-12,13.06,13.06,12.75,12.82,22811
30-Jan-12,12.89,13.04,12.89,12.93,30291
27-Jan-12,12.78,13.06,12.76,13.00,33871
26-Jan-12,12.78,12.78,12.78,12.78,0
25-Jan-12,12.89,13.15,12.72,13.00,39635
24-Jan-12,12.66,12.95,12.59,12.93,49680
23-Jan-12,13.05,13.05,12.66,12.74,47965
20-Jan-12,12.67,13.11,12.62,13.06,58718
19-Jan-12,12.66,12.66,12.66,12.66,0
18-Jan-12,12.52,12.80,12.34,12.75,95170
17-Jan-12,12.57,12.57,12.57,12.57,0
13-Jan-12,12.49,12.49,12.49,12.49,0
12-Jan-12,12.29,12.43,12.04,12.43,68010
11-Jan-12,11.98,12.25,11.93,12.19,58290
10-Jan-12,11.99,11.99,11.99,11.99,0
9-Jan-12,12.09,12.21,11.87,11.99,57791
6-Jan-12,11.98,11.98,11.98,11.98,0
5-Jan-12,11.87,12.13,11.81,12.11,23532
4-Jan-12,12.20,12.22,11.93,11.98,38671
3-Jan-12,12.23,12.48,12.14,12.33,52608
30-Dec-11,11.88,11.88,11.88,11.88,0
29-Dec-11,11.87,12.14,11.87,12.11,40959
28-Dec-11,11.87,11.87,11.87,11.87,0
27-Dec-11,12.42,12.45,12.04,12.24,53689
23-Dec-11,12.32,12.32,12.32,12.32,0
22-Dec-11,12.48,12.50,12.28,12.39,97167
21-Dec-11,12.32,12.32,12.32,12.32,0
20-Dec-11,11.97,11.97,11.97,11.97,0
19-Dec-11,12.08,12.24,11.66,11.70,81555
16-Dec-11,12.37,12.37,11.85,11.96,137986
15-Dec-11,12.29,12.33,12.05,12.24,82721
14-Dec-11,11.65,12.20,11.65,12.12,80795
13-Dec-11,12.18,12.23,11.68,11.74,127353
12-Dec-11,12.11,12.27,11.85,12.09,56266
9-Dec-11,11.87,12.42,11.87,12.40,48875
8-Dec-11,12.15,12.15,12.15,12.15,0
7-Dec-11,12.34,12.59,12.14,12.45,57314
6-Dec-11,12.38,12.38,12.38,12.38,0
5-Dec-11,12.23,12.55,12.13,12.37,82777
2-Dec-11,11.87,12.14,11.76,12.11,74248
1-Dec-11,11.76,11.76,11.76,11.76,0
30-Nov-11,11.39,12.07,11.17,12.07,165691
29-Nov-11,10.90,10.90,10.90,10.90,0
28-Nov-11,11.28,11.29,10.97,11.24,76942
25-Nov-11,11.23,11.55,10.83,10.83,31558
23-Nov-11,11.30,11.30,11.30,11.30,0
22-Nov-11,12.26,12.26,12.26,12.26,0
21-Nov-11,12.16,12.59,12.02,12.35,160645
18-Nov-11,12.15,12.43,11.96,12.39,55135
17-Nov-11,12.03,12.22,11.95,12.13,75492
16-Nov-11,11.95,11.95,11.95,11.95,0
15-Nov-11,11.65,12.15,11.65,12.12,59094
14-Nov-11,12.20,12.20,11.56,11.74,68825
11-Nov-11,12.13,12.13,12.13,12.13,0
10-Nov-11,11.67,11.84,11.40,11.78,48117
9-Nov-11,11.74,12.01,11.37,11.45,63324
8-Nov-11,12.08,12.14,11.66,12.10,44691
7-Nov-11,11.75,12.05,11.53,11.94,36003
4-Nov-11,12.16,12.34,11.69,11.82,38852
3-Nov-11,12.10,12.10,12.10,12.10,0
2-Nov-11,11.77,11.94,11.50,11.94,62003
1-Nov-11,11.62,12.01,11.43,11.50,115112
31-Oct-11,12.46,12.46,12.46,12.46,0
28-Oct-11,13.03,13.03,12.62,12.71,79617
27-Oct-11,12.48,13.10,12.20,13.08,228447
26-Oct-11,11.77,12.20,11.54,12.14,80307
25-Oct-11,12.18,12.40,11.45,11.54,88074
24-Oct-11,12.01,12.34,11.96,12.28,83023
21-Oct-11,11.90,11.90,11.90,11.90,0
20-Oct-11,12.30,12.30,11.58,11.80,64507
19-Oct-11,12.57,12.66,12.17,12.24,73038
18-Oct-11,12.33,12.62,12.25,12.56,136724
17-Oct-11,12.44,12.57,12.09,12.22,112001
14-Oct-11,12.38,12.38,12.38,12.38,0
13-Oct-11,12.53,12.57,12.21,12.52,82189
12-Oct-11,12.33,12.53,12.07,12.41,146358
11-Oct-11,11.76,11.76,11.76,11.76,0
10-Oct-11,11.64,12.04,11.39,12.03,103354
7-Oct-11,11.64,11.68,11.13,11.38,70955
6-Oct-11,11.43,11.43,11.43,11.43,0
5-Oct-11,11.59,11.59,11.34,11.50,55221
4-Oct-11,10.48,11.65,10.19,11.64,145835
3-Oct-11,10.91,11.29,10.50,10.50,115269
30-Sep-11,11.14,11.14,11.14,11.14,0
29-Sep-11,11.01,11.08,10.68,11.08,48531
