Date,Open,High,Low,Close,Volume
26-Sep-12,0.37,0.37,0.34,0.35,93690
25-Sep-12,0.37,0.38,0.34,0.36,322824
24-Sep-12,0.40,0.40,0.37,0.38,173762
21-Sep-12,0.40,0.40,0.36,0.40,24100
20-Sep-12,0.45,0.45,0.40,0.41,52447
19-Sep-12,0.42,0.48,0.40,0.44,303369
18-Sep-12,0.37,0.39,0.36,0.38,49900
17-Sep-12,0.34,0.35,0.34,0.35,9499
14-Sep-12,0.36,0.36,0.36,0.36,3758
13-Sep-12,0.34,0.34,0.34,0.34,2058
12-Sep-12,0.34,0.34,0.34,0.34,700
11-Sep-12,0.34,0.34,0.34,0.34,935
10-Sep-12,0.33,0.35,0.34,0.34,58600
7-Sep-12,0.34,0.35,0.34,0.34,69324
6-Sep-12,0.35,0.36,0.34,0.35,121787
5-Sep-12,0.36,0.36,0.35,0.36,32684
4-Sep-12,0.35,0.37,0.35,0.36,114253
31-Aug-12,0.38,0.38,0.35,0.35,146518
30-Aug-12,0.39,0.39,0.35,0.37,254035
29-Aug-12,0.37,0.40,0.37,0.37,363543
28-Aug-12,0.38,0.38,0.37,0.37,117702
27-Aug-12,0.37,0.39,0.36,0.37,224822
24-Aug-12,0.37,0.39,0.35,0.36,316434
23-Aug-12,0.37,0.38,0.34,0.35,234573
22-Aug-12,0.36,0.36,0.34,0.34,54279
21-Aug-12,0.35,0.36,0.34,0.36,61778
20-Aug-12,0.37,0.37,0.34,0.34,119924
17-Aug-12,0.42,0.42,0.36,0.36,185632
16-Aug-12,0.32,0.36,0.32,0.36,229200
15-Aug-12,0.32,0.35,0.32,0.34,91067
14-Aug-12,0.32,0.35,0.32,0.34,28796
13-Aug-12,0.33,0.34,0.31,0.34,34850
10-Aug-12,0.34,0.35,0.32,0.34,72268
9-Aug-12,0.37,0.37,0.34,0.34,150060
8-Aug-12,0.40,0.40,0.37,0.37,76933
7-Aug-12,0.39,0.39,0.37,0.37,71174
6-Aug-12,0.39,0.39,0.38,0.38,53502
3-Aug-12,0.52,0.52,0.38,0.39,387901
2-Aug-12,0.48,0.48,0.45,0.45,60842
1-Aug-12,0.49,0.49,0.48,0.48,25151
31-Jul-12,0.50,0.52,0.48,0.48,79510
30-Jul-12,0.50,0.51,0.50,0.50,27664
27-Jul-12,0.53,0.53,0.50,0.50,60461
26-Jul-12,0.51,0.53,0.50,0.50,31209
25-Jul-12,0.54,0.54,0.50,0.52,27536
24-Jul-12,0.51,0.54,0.50,0.52,108026
23-Jul-12,0.56,0.56,0.50,0.51,44657
20-Jul-12,0.60,0.60,0.55,0.55,57022
19-Jul-12,0.56,0.58,0.54,0.58,167845
18-Jul-12,0.51,0.58,0.50,0.54,343126
17-Jul-12,0.56,0.57,0.51,0.51,112070
16-Jul-12,0.48,0.61,0.47,0.55,287755
13-Jul-12,0.44,0.48,0.44,0.45,64330
12-Jul-12,0.46,0.47,0.46,0.46,13600
11-Jul-12,0.45,0.48,0.45,0.46,5330
10-Jul-12,0.51,0.51,0.45,0.46,12155
9-Jul-12,0.48,0.48,0.45,0.46,25740
6-Jul-12,0.50,0.50,0.45,0.48,24378
5-Jul-12,0.48,0.48,0.45,0.48,14387
3-Jul-12,0.46,0.47,0.44,0.44,12428
2-Jul-12,0.49,0.49,0.44,0.44,11759
29-Jun-12,0.50,0.50,0.47,0.48,27467
28-Jun-12,0.45,0.48,0.45,0.47,7980
27-Jun-12,0.45,0.47,0.45,0.47,82750
26-Jun-12,0.51,0.51,0.45,0.45,30950
25-Jun-12,0.48,0.53,0.45,0.47,32595
22-Jun-12,0.50,0.51,0.48,0.50,73588
21-Jun-12,0.52,0.52,0.50,0.50,69415
20-Jun-12,0.50,0.52,0.50,0.52,49800
19-Jun-12,0.52,0.52,0.50,0.50,40828
18-Jun-12,0.50,0.52,0.50,0.52,35679
15-Jun-12,0.53,0.53,0.50,0.51,10214
14-Jun-12,0.48,0.53,0.47,0.52,62945
13-Jun-12,0.53,0.55,0.49,0.50,22558
12-Jun-12,0.51,0.51,0.48,0.51,46866
11-Jun-12,0.46,0.51,0.46,0.50,37971
8-Jun-12,0.44,0.52,0.44,0.47,153934
7-Jun-12,0.46,0.48,0.45,0.45,17650
6-Jun-12,0.49,0.49,0.45,0.48,18526
5-Jun-12,0.46,0.48,0.44,0.44,129566
4-Jun-12,0.51,0.51,0.46,0.48,51441
1-Jun-12,0.47,0.54,0.47,0.50,97671
31-May-12,0.59,0.62,0.47,0.47,181750
30-May-12,0.62,0.66,0.55,0.60,121667
29-May-12,0.70,0.78,0.63,0.63,209730
25-May-12,0.63,0.83,0.61,0.69,1147824
24-May-12,0.43,0.68,0.41,0.55,353443
23-May-12,0.47,0.47,0.42,0.43,14346
22-May-12,0.45,0.45,0.41,0.44,28658
21-May-12,0.47,0.47,0.41,0.44,5997
18-May-12,0.40,0.47,0.40,0.43,12229
17-May-12,0.41,0.44,0.40,0.42,27372
16-May-12,0.41,0.47,0.41,0.41,44165
15-May-12,0.50,0.52,0.43,0.44,76461
14-May-12,0.52,0.53,0.46,0.52,64951
11-May-12,0.44,0.52,0.44,0.52,41218
10-May-12,0.45,0.52,0.43,0.47,37947
9-May-12,0.50,0.53,0.37,0.48,163861
8-May-12,0.53,0.54,0.50,0.52,57222
7-May-12,0.56,0.61,0.51,0.53,49690
4-May-12,0.59,0.62,0.56,0.56,56398
3-May-12,0.64,0.64,0.56,0.58,33850
2-May-12,0.66,0.69,0.65,0.67,25520
1-May-12,0.67,0.70,0.66,0.67,59659
30-Apr-12,0.70,0.71,0.68,0.70,12400
27-Apr-12,0.71,0.75,0.61,0.68,52789
26-Apr-12,0.72,0.73,0.71,0.73,45500
25-Apr-12,0.70,0.72,0.68,0.72,32460
24-Apr-12,0.73,0.73,0.69,0.70,15100
23-Apr-12,0.69,0.74,0.68,0.69,48464
20-Apr-12,0.75,0.75,0.70,0.71,23470
19-Apr-12,0.68,0.75,0.68,0.72,23783
18-Apr-12,0.73,0.73,0.68,0.70,15417
17-Apr-12,0.72,0.75,0.64,0.70,51850
16-Apr-12,0.71,0.75,0.71,0.75,1800
13-Apr-12,0.75,0.77,0.70,0.72,38221
12-Apr-12,0.71,0.77,0.71,0.76,9311
11-Apr-12,0.70,0.77,0.70,0.71,41435
10-Apr-12,0.76,0.78,0.70,0.72,60513
9-Apr-12,0.86,0.86,0.71,0.75,98048
5-Apr-12,0.88,0.88,0.86,0.86,16493
4-Apr-12,0.89,0.90,0.82,0.88,91985
3-Apr-12,0.90,0.93,0.89,0.89,44669
2-Apr-12,0.95,0.95,0.89,0.91,17800
30-Mar-12,0.88,0.91,0.88,0.91,47578
29-Mar-12,0.91,0.91,0.88,0.88,42342
28-Mar-12,0.90,0.95,0.90,0.90,44488
27-Mar-12,0.94,0.94,0.90,0.91,121803
26-Mar-12,0.98,1.15,0.91,0.94,1031786
23-Mar-12,0.92,0.95,0.92,0.95,10200
22-Mar-12,0.95,0.95,0.90,0.94,52350
21-Mar-12,0.97,0.97,0.95,0.96,24600
20-Mar-12,0.95,0.98,0.93,0.97,132048
19-Mar-12,0.92,0.94,0.90,0.94,14582
16-Mar-12,0.94,0.95,0.93,0.93,7336
15-Mar-12,0.90,0.96,0.90,0.93,23229
14-Mar-12,0.98,0.98,0.91,0.93,88316
13-Mar-12,0.95,0.97,0.93,0.97,62510
12-Mar-12,0.96,0.98,0.93,0.96,10182
9-Mar-12,0.97,0.98,0.94,0.96,97782
8-Mar-12,0.91,0.95,0.91,0.95,78729
7-Mar-12,0.92,0.92,0.89,0.91,37560
6-Mar-12,0.93,0.93,0.87,0.92,160682
5-Mar-12,0.95,0.97,0.94,0.95,102799
2-Mar-12,1.00,1.00,0.95,0.97,126926
1-Mar-12,1.01,1.01,0.97,0.98,77683
29-Feb-12,1.01,1.01,0.98,0.98,43566
28-Feb-12,1.02,1.02,1.00,1.01,50223
27-Feb-12,1.00,1.03,1.00,1.01,70128
24-Feb-12,1.01,1.02,1.00,1.00,45906
23-Feb-12,0.99,1.02,0.98,1.00,75474
22-Feb-12,1.00,1.00,0.98,0.99,24175
21-Feb-12,1.00,1.01,0.98,0.98,59284
17-Feb-12,1.01,1.01,0.99,1.00,92335
16-Feb-12,1.03,1.03,1.00,1.00,66100
15-Feb-12,1.02,1.02,1.00,1.00,70088
14-Feb-12,1.04,1.04,1.00,1.00,79083
13-Feb-12,1.01,1.04,1.00,1.03,109121
10-Feb-12,1.02,1.02,1.02,1.02,0
9-Feb-12,1.03,1.05,1.03,1.04,85300
8-Feb-12,1.05,1.05,1.02,1.04,140245
7-Feb-12,1.02,1.06,1.02,1.03,277727
6-Feb-12,1.00,1.08,1.00,1.02,434569
3-Feb-12,1.01,1.02,0.99,1.01,350492
2-Feb-12,0.98,1.02,0.98,1.02,334714
1-Feb-12,0.99,1.01,0.98,0.98,214584
31-Jan-12,1.01,1.01,0.98,0.98,269509
30-Jan-12,1.00,1.01,0.98,0.99,424783
27-Jan-12,1.01,1.01,1.01,1.01,0
26-Jan-12,1.03,1.06,1.03,1.04,106908
25-Jan-12,1.02,1.11,1.00,1.03,844517
24-Jan-12,1.01,1.01,1.01,1.01,0
23-Jan-12,1.01,1.12,1.01,1.02,1055876
20-Jan-12,1.02,1.04,1.01,1.01,142625
19-Jan-12,1.02,1.05,1.01,1.02,186860
18-Jan-12,1.00,1.00,1.00,1.00,0
17-Jan-12,1.01,1.03,1.01,1.01,64288
13-Jan-12,1.02,1.02,1.02,1.02,0
12-Jan-12,1.02,1.04,1.01,1.03,66508
11-Jan-12,1.00,1.02,1.00,1.02,56863
10-Jan-12,1.02,1.04,1.00,1.00,79656
9-Jan-12,1.02,1.02,1.01,1.01,39748
6-Jan-12,0.98,1.01,0.98,1.00,35600
5-Jan-12,0.99,1.00,0.98,0.98,35645
4-Jan-12,0.99,0.99,0.97,0.99,28399
3-Jan-12,1.00,1.01,0.97,1.00,71284
30-Dec-11,1.00,1.00,1.00,1.00,0
29-Dec-11,0.95,1.00,0.95,0.99,40907
28-Dec-11,1.01,1.01,0.97,0.99,69760
27-Dec-11,0.99,1.01,0.99,1.00,114639
23-Dec-11,1.01,1.01,1.01,1.01,0
22-Dec-11,1.02,1.02,1.02,1.02,0
21-Dec-11,1.34,1.36,1.34,1.35,11628
20-Dec-11,1.27,1.37,1.27,1.36,28205
19-Dec-11,1.34,1.35,1.25,1.33,51133
16-Dec-11,1.37,1.37,1.33,1.33,18453
15-Dec-11,1.37,1.38,1.34,1.38,36547
14-Dec-11,1.41,1.41,1.33,1.37,26037
13-Dec-11,1.40,1.42,1.36,1.39,40048
12-Dec-11,1.34,1.38,1.34,1.36,30788
9-Dec-11,1.31,1.38,1.31,1.36,100004
8-Dec-11,1.34,1.38,1.31,1.31,33616
7-Dec-11,1.36,1.37,1.31,1.35,56215
6-Dec-11,1.37,1.38,1.34,1.35,44205
5-Dec-11,1.39,1.45,1.34,1.38,58634
2-Dec-11,1.37,1.40,1.35,1.36,69027
1-Dec-11,1.38,1.40,1.35,1.35,96678
30-Nov-11,1.32,1.49,1.32,1.38,344383
29-Nov-11,1.32,1.37,1.28,1.34,32401
28-Nov-11,1.30,1.40,1.30,1.34,92996
25-Nov-11,1.25,1.33,1.20,1.27,44282
23-Nov-11,1.24,1.24,1.24,1.24,0
22-Nov-11,1.42,1.44,1.29,1.35,97983
21-Nov-11,1.29,1.42,1.27,1.42,316735
18-Nov-11,1.41,1.49,1.30,1.30,297167
17-Nov-11,1.69,1.76,1.30,1.40,716335
16-Nov-11,1.24,1.24,1.24,1.24,0
15-Nov-11,1.16,1.20,1.11,1.19,10973
14-Nov-11,1.18,1.24,1.10,1.20,29950
11-Nov-11,1.18,1.20,1.11,1.15,7751
10-Nov-11,1.15,1.18,1.11,1.15,10399
9-Nov-11,1.18,1.23,1.14,1.14,26599
8-Nov-11,1.16,1.23,1.16,1.19,23223
7-Nov-11,1.20,1.20,1.14,1.14,14712
4-Nov-11,1.21,1.25,1.11,1.16,12298
3-Nov-11,1.18,1.23,1.11,1.21,33570
2-Nov-11,1.15,1.19,1.13,1.19,20243
1-Nov-11,1.12,1.13,1.11,1.12,7954
31-Oct-11,1.15,1.15,1.12,1.14,4972
28-Oct-11,1.18,1.23,1.15,1.16,4841
27-Oct-11,1.25,1.28,1.20,1.22,53857
26-Oct-11,1.25,1.25,1.20,1.20,20740
25-Oct-11,1.24,1.25,1.20,1.24,18139
24-Oct-11,1.24,1.25,1.21,1.23,14200
21-Oct-11,1.11,1.25,1.11,1.23,40980
20-Oct-11,1.17,1.18,1.13,1.13,9915
19-Oct-11,1.12,1.17,1.10,1.15,13540
18-Oct-11,1.11,1.17,1.10,1.16,3981
17-Oct-11,1.19,1.22,1.10,1.13,7620
14-Oct-11,1.18,1.24,1.15,1.22,3532
13-Oct-11,1.22,1.22,1.15,1.18,27899
12-Oct-11,1.19,1.25,1.16,1.24,13728
11-Oct-11,1.16,1.19,1.15,1.19,2008
10-Oct-11,1.14,1.21,1.14,1.15,9000
7-Oct-11,1.18,1.22,1.15,1.17,7100
6-Oct-11,1.08,1.17,1.08,1.17,24346
5-Oct-11,1.09,1.11,1.07,1.10,7150
4-Oct-11,1.05,1.12,1.01,1.07,40436
3-Oct-11,1.10,1.10,1.04,1.07,16280
30-Sep-11,1.16,1.17,1.10,1.12,27293
29-Sep-11,1.23,1.25,1.14,1.18,35940
