Date,Open,High,Low,Close,Volume
26-Sep-12,23.13,23.47,22.90,23.32,72927
25-Sep-12,23.70,24.21,22.90,22.98,57568
24-Sep-12,23.73,24.08,23.40,23.71,38701
21-Sep-12,23.67,23.67,23.02,23.50,77737
20-Sep-12,23.48,23.48,22.83,23.22,9479
19-Sep-12,23.83,23.83,23.51,23.56,7863
18-Sep-12,23.59,23.83,23.48,23.69,29224
17-Sep-12,23.71,23.93,23.38,23.66,20710
14-Sep-12,23.58,23.89,23.47,23.72,15879
13-Sep-12,23.38,24.00,23.15,23.40,37443
12-Sep-12,23.75,23.74,22.99,23.26,9206
11-Sep-12,23.74,23.84,23.51,23.60,16936
10-Sep-12,23.32,23.93,23.12,23.66,9454
7-Sep-12,23.77,24.00,23.11,23.21,35064
6-Sep-12,22.58,23.80,22.50,23.49,46189
5-Sep-12,21.15,22.57,21.14,22.27,70240
4-Sep-12,20.80,21.40,19.70,21.27,56799
31-Aug-12,21.74,21.74,20.96,21.06,29892
30-Aug-12,22.10,22.47,21.42,21.63,44531
29-Aug-12,21.48,22.30,21.16,22.22,55225
28-Aug-12,20.88,21.57,20.82,21.39,51693
27-Aug-12,21.04,21.36,20.32,20.80,26005
24-Aug-12,20.85,21.54,20.67,20.86,33249
23-Aug-12,21.63,21.65,20.37,20.93,78248
22-Aug-12,21.91,22.23,21.57,21.62,26432
21-Aug-12,22.79,23.02,21.88,21.91,44857
20-Aug-12,22.79,22.84,22.20,22.55,47940
17-Aug-12,22.68,23.15,22.20,22.85,39802
16-Aug-12,21.23,22.88,20.85,22.74,55999
15-Aug-12,21.25,21.25,20.84,21.21,23986
14-Aug-12,22.04,22.04,21.01,21.26,16628
13-Aug-12,22.43,22.71,21.65,21.81,16331
10-Aug-12,22.76,22.91,22.30,22.35,17477
9-Aug-12,23.02,23.02,22.50,22.80,23383
8-Aug-12,23.00,23.31,22.80,23.00,26971
7-Aug-12,23.13,23.53,22.89,23.00,48506
6-Aug-12,22.77,23.08,22.21,22.95,49780
3-Aug-12,20.73,23.18,20.73,22.78,77391
2-Aug-12,20.04,20.50,19.56,20.45,37805
1-Aug-12,21.27,21.27,20.03,20.07,46269
31-Jul-12,22.08,22.08,21.05,21.08,27951
30-Jul-12,22.83,22.84,22.11,22.14,13369
27-Jul-12,22.10,22.95,22.10,22.72,53205
26-Jul-12,21.63,22.21,21.38,22.00,41786
25-Jul-12,21.33,21.34,20.99,21.20,17572
24-Jul-12,22.08,22.09,21.05,21.27,20206
23-Jul-12,22.11,22.50,21.74,21.95,47795
20-Jul-12,23.59,23.59,22.44,22.63,30617
19-Jul-12,24.57,24.57,23.76,23.78,21730
18-Jul-12,24.44,24.60,23.98,24.50,71048
17-Jul-12,23.96,24.58,23.82,24.47,45991
16-Jul-12,23.59,23.85,23.10,23.71,38543
13-Jul-12,23.95,24.02,23.52,23.68,65183
12-Jul-12,23.80,23.99,23.63,23.84,46609
11-Jul-12,23.99,24.45,23.81,24.00,70519
10-Jul-12,24.51,24.51,23.82,23.97,93522
9-Jul-12,24.01,24.39,23.70,24.32,30677
6-Jul-12,24.16,24.36,23.88,24.08,63595
5-Jul-12,23.71,24.77,23.48,24.50,55489
3-Jul-12,22.99,23.57,22.68,23.57,65619
2-Jul-12,22.83,22.96,22.49,22.91,88247
29-Jun-12,22.81,23.00,22.49,22.78,74855
28-Jun-12,22.36,22.52,21.82,22.20,59021
27-Jun-12,22.48,22.72,22.41,22.60,46319
26-Jun-12,22.51,22.72,22.06,22.49,67999
25-Jun-12,22.10,22.56,21.86,22.48,37769
22-Jun-12,22.90,22.90,22.37,22.60,242828
21-Jun-12,22.65,22.91,22.38,22.76,171310
20-Jun-12,22.77,22.90,22.65,22.74,104233
19-Jun-12,23.06,23.27,22.50,22.81,108639
18-Jun-12,22.71,23.18,22.67,22.89,50425
15-Jun-12,22.76,23.24,22.73,22.95,89055
14-Jun-12,22.84,23.31,22.71,22.80,69739
13-Jun-12,22.81,22.98,22.57,22.77,97471
12-Jun-12,22.90,23.10,22.55,22.80,65969
11-Jun-12,22.93,23.05,22.31,22.75,98152
8-Jun-12,22.60,23.20,22.55,23.05,39225
7-Jun-12,23.54,23.54,22.68,22.76,33833
6-Jun-12,22.89,23.10,22.40,23.07,42951
5-Jun-12,22.18,22.73,22.18,22.68,72888
4-Jun-12,22.28,22.62,22.00,22.36,93265
1-Jun-12,22.30,22.62,22.12,22.15,38281
31-May-12,23.16,23.24,22.73,22.98,116398
30-May-12,23.34,23.55,23.07,23.16,46220
29-May-12,23.90,23.90,23.30,23.80,30326
25-May-12,23.72,23.91,23.52,23.70,14508
24-May-12,23.84,23.84,23.26,23.70,51278
23-May-12,23.17,23.85,23.15,23.70,51987
22-May-12,24.54,24.97,23.42,23.62,54386
21-May-12,24.10,24.64,23.80,24.47,34875
18-May-12,24.30,24.72,23.89,24.05,71143
17-May-12,24.80,24.82,24.16,24.37,36791
16-May-12,24.36,24.93,24.36,24.77,78927
15-May-12,23.47,24.49,23.38,24.12,74933
14-May-12,23.17,23.98,23.09,23.51,86956
11-May-12,23.43,23.70,23.26,23.57,38820
10-May-12,23.50,23.90,23.09,23.84,57545
9-May-12,23.05,23.56,22.87,23.25,77584
8-May-12,23.12,23.57,22.27,23.50,54354
7-May-12,23.48,23.78,23.13,23.39,60382
4-May-12,25.06,25.06,24.07,24.08,32486
3-May-12,25.42,25.66,24.87,25.15,41212
2-May-12,25.94,26.55,25.27,25.61,58758
1-May-12,26.93,27.51,26.17,26.25,44817
30-Apr-12,27.80,27.85,26.90,27.00,45421
27-Apr-12,27.01,27.87,26.85,27.80,36582
26-Apr-12,25.45,27.00,25.45,26.81,63532
25-Apr-12,25.27,25.53,24.93,25.48,33397
24-Apr-12,24.53,25.11,24.32,24.79,22320
23-Apr-12,24.69,25.28,24.34,24.42,26634
20-Apr-12,25.64,25.64,24.88,25.28,40212
19-Apr-12,25.34,25.77,24.87,25.13,64872
18-Apr-12,25.17,25.41,24.86,25.22,30838
17-Apr-12,24.80,25.84,24.79,25.46,52497
16-Apr-12,24.30,24.80,23.99,24.61,26305
13-Apr-12,24.64,24.64,23.86,24.14,41306
12-Apr-12,23.74,24.90,23.47,24.80,41718
11-Apr-12,23.60,23.79,23.17,23.79,56311
10-Apr-12,23.63,23.78,23.06,23.24,51740
9-Apr-12,23.46,24.40,23.44,23.76,32002
5-Apr-12,23.38,24.41,22.82,24.23,39854
4-Apr-12,23.70,23.97,23.04,23.49,26902
3-Apr-12,24.40,24.52,23.89,23.99,16967
2-Apr-12,23.71,24.57,23.71,24.54,21795
30-Mar-12,24.57,24.57,23.82,23.88,41460
29-Mar-12,24.14,24.47,23.85,24.28,28421
28-Mar-12,25.18,25.42,24.22,24.45,25950
27-Mar-12,25.36,25.59,25.18,25.19,26149
26-Mar-12,25.50,25.68,25.12,25.36,42268
23-Mar-12,24.02,25.48,23.61,25.48,67487
22-Mar-12,23.60,23.75,23.26,23.75,34763
21-Mar-12,24.53,24.53,23.91,23.94,38452
20-Mar-12,24.62,24.73,23.97,24.34,21675
19-Mar-12,24.31,25.35,24.23,24.95,37852
16-Mar-12,25.00,25.00,24.21,24.25,40089
15-Mar-12,24.88,24.90,24.41,24.87,15209
14-Mar-12,25.01,25.08,24.70,24.77,15553
13-Mar-12,24.74,25.19,24.24,25.05,36540
12-Mar-12,24.24,24.55,24.18,24.39,48635
9-Mar-12,23.25,24.55,23.25,24.11,28289
8-Mar-12,23.37,23.45,22.60,23.25,23617
7-Mar-12,22.70,23.24,22.66,23.14,36493
6-Mar-12,23.44,23.44,22.51,22.59,46159
5-Mar-12,23.30,23.93,23.07,23.89,35781
2-Mar-12,24.55,24.57,23.34,23.34,66071
1-Mar-12,25.20,25.75,24.44,24.49,61077
29-Feb-12,25.85,26.13,24.89,24.95,63726
28-Feb-12,26.03,26.05,25.60,25.82,61300
27-Feb-12,24.96,26.43,24.63,25.91,121548
24-Feb-12,25.57,25.57,24.99,25.22,40354
23-Feb-12,24.58,25.62,24.28,25.60,34700
22-Feb-12,24.66,24.74,24.52,24.59,24070
21-Feb-12,25.60,25.60,24.66,24.71,47977
17-Feb-12,25.93,25.93,25.40,25.55,22094
16-Feb-12,24.78,25.89,24.64,25.86,45313
15-Feb-12,25.17,25.50,24.35,24.67,40604
14-Feb-12,24.90,25.17,24.36,25.03,70253
13-Feb-12,25.22,25.26,24.70,24.95,76203
10-Feb-12,24.94,24.94,24.94,24.94,0
9-Feb-12,26.24,26.24,25.26,25.41,48704
8-Feb-12,26.01,26.35,25.67,26.00,55574
7-Feb-12,24.99,26.06,24.83,26.02,47880
6-Feb-12,25.10,25.10,25.10,25.10,0
3-Feb-12,25.52,25.81,24.96,25.12,77012
2-Feb-12,25.02,25.22,24.62,24.80,24974
1-Feb-12,25.05,25.05,25.05,25.05,0
31-Jan-12,23.84,23.99,23.19,23.81,56505
30-Jan-12,23.46,23.73,23.18,23.51,23224
27-Jan-12,24.03,24.24,23.46,23.85,21538
26-Jan-12,24.31,24.99,23.98,24.15,42031
25-Jan-12,23.52,24.63,23.13,24.09,50394
24-Jan-12,22.82,23.70,22.81,23.60,29434
23-Jan-12,23.71,23.79,22.81,23.13,28333
20-Jan-12,23.14,23.82,23.14,23.66,24720
19-Jan-12,23.25,23.27,22.79,23.19,20462
18-Jan-12,22.38,23.08,22.38,23.04,31378
17-Jan-12,22.78,22.78,22.78,22.78,0
13-Jan-12,22.83,22.83,22.83,22.83,0
12-Jan-12,23.36,23.38,22.67,23.18,25917
11-Jan-12,23.42,23.73,23.12,23.25,45114
10-Jan-12,23.50,23.91,23.34,23.56,86096
9-Jan-12,22.93,23.25,22.57,23.11,92058
6-Jan-12,22.98,23.14,22.34,22.74,40264
5-Jan-12,22.19,23.04,21.89,22.91,49643
4-Jan-12,22.75,23.02,22.13,22.36,43201
3-Jan-12,23.26,23.26,23.26,23.26,0
30-Dec-11,22.23,22.23,22.23,22.23,0
29-Dec-11,22.90,22.90,22.62,22.84,36279
28-Dec-11,23.10,23.14,22.62,22.71,59589
27-Dec-11,22.77,23.15,22.76,23.10,54480
23-Dec-11,22.97,22.97,22.97,22.97,0
22-Dec-11,23.22,23.78,22.74,23.37,67535
21-Dec-11,22.32,23.36,21.86,23.01,55797
20-Dec-11,21.47,22.51,21.07,22.42,100250
19-Dec-11,21.62,21.62,21.62,21.62,0
16-Dec-11,22.38,22.65,22.03,22.05,85241
15-Dec-11,22.04,22.04,22.04,22.04,0
14-Dec-11,21.84,22.17,21.05,21.59,94223
13-Dec-11,23.14,23.22,21.94,22.15,63538
12-Dec-11,23.39,23.93,22.62,22.84,80023
9-Dec-11,23.02,24.17,22.59,23.78,72140
8-Dec-11,22.90,22.90,22.90,22.90,0
7-Dec-11,23.84,23.96,23.01,23.89,82290
6-Dec-11,24.77,24.92,24.03,24.14,86309
5-Dec-11,24.87,24.97,24.00,24.80,118472
2-Dec-11,24.30,25.43,24.02,24.27,39312
1-Dec-11,23.76,23.76,23.76,23.76,0
30-Nov-11,22.41,24.36,22.22,24.33,163573
29-Nov-11,21.02,21.49,20.58,21.15,38305
28-Nov-11,20.72,20.72,20.72,20.72,0
25-Nov-11,19.69,20.01,19.02,19.07,22567
23-Nov-11,19.85,19.85,19.85,19.85,0
22-Nov-11,21.71,21.88,21.04,21.04,49191
21-Nov-11,21.87,21.87,21.87,21.87,0
18-Nov-11,21.62,22.13,21.62,22.09,25800
17-Nov-11,21.25,22.24,21.15,21.54,36361
16-Nov-11,22.25,22.68,21.27,21.30,111437
15-Nov-11,21.68,22.80,21.68,22.61,85755
14-Nov-11,21.91,23.10,21.68,21.90,47578
11-Nov-11,21.36,22.18,21.19,22.07,44582
10-Nov-11,20.47,20.47,20.47,20.47,0
9-Nov-11,21.10,21.62,20.09,20.10,83904
8-Nov-11,21.38,22.41,21.16,22.26,65780
7-Nov-11,21.22,21.56,20.22,21.12,23745
4-Nov-11,21.25,21.49,20.77,21.44,26099
3-Nov-11,21.63,21.63,21.63,21.63,0
2-Nov-11,19.47,20.74,19.33,20.66,56905
1-Nov-11,19.30,20.09,18.54,18.99,54397
31-Oct-11,20.46,21.28,20.33,20.53,64402
28-Oct-11,21.19,21.66,20.89,20.99,44125
27-Oct-11,20.10,21.60,20.10,21.44,106608
26-Oct-11,18.35,19.33,17.77,19.16,59130
25-Oct-11,18.65,19.00,17.60,18.07,63963
24-Oct-11,18.29,18.85,18.02,18.80,51179
21-Oct-11,17.95,18.33,17.38,18.22,47789
20-Oct-11,17.36,17.36,17.36,17.36,0
19-Oct-11,18.22,18.46,17.35,17.39,28890
18-Oct-11,17.52,18.55,16.93,18.34,55191
17-Oct-11,18.47,18.47,17.13,17.32,31246
14-Oct-11,18.14,18.91,17.76,18.79,26264
13-Oct-11,17.62,17.92,17.25,17.85,67310
12-Oct-11,18.38,18.39,17.93,18.15,48898
11-Oct-11,16.94,18.31,16.90,18.22,72737
10-Oct-11,16.42,17.16,16.14,17.12,66114
7-Oct-11,16.03,16.03,16.03,16.03,0
6-Oct-11,15.47,16.67,15.23,16.63,68684
5-Oct-11,15.80,15.92,15.04,15.58,35079
4-Oct-11,12.59,16.01,12.42,16.01,109375
3-Oct-11,13.48,14.50,12.53,12.71,70512
30-Sep-11,13.93,14.46,13.45,13.57,38498
29-Sep-11,14.65,14.65,13.66,14.21,27636
