Date,Open,High,Low,Close,Volume
27-Sep-12,1.23,1.24,1.18,1.20,7515523
26-Sep-12,1.23,1.24,1.20,1.21,5918949
25-Sep-12,1.26,1.27,1.23,1.23,5464406
24-Sep-12,1.26,1.29,1.25,1.27,2954174
21-Sep-12,1.28,1.28,1.24,1.28,8767352
20-Sep-12,1.34,1.35,1.23,1.27,23413995
19-Sep-12,1.30,1.34,1.29,1.31,4740406
18-Sep-12,1.32,1.33,1.28,1.30,4293051
17-Sep-12,1.33,1.35,1.31,1.32,5161497
14-Sep-12,1.30,1.33,1.29,1.33,6207080
13-Sep-12,1.29,1.30,1.25,1.30,6086565
12-Sep-12,1.28,1.29,1.27,1.29,3990176
11-Sep-12,1.29,1.30,1.25,1.28,3729256
10-Sep-12,1.27,1.29,1.25,1.27,4070426
7-Sep-12,1.26,1.27,1.22,1.27,4019475
6-Sep-12,1.23,1.26,1.22,1.26,5379830
5-Sep-12,1.23,1.23,1.20,1.22,3996301
4-Sep-12,1.20,1.22,1.18,1.21,3789966
31-Aug-12,1.19,1.20,1.18,1.19,1744944
30-Aug-12,1.21,1.21,1.18,1.19,2856938
29-Aug-12,1.23,1.23,1.21,1.22,1559027
28-Aug-12,1.22,1.24,1.20,1.23,2516839
27-Aug-12,1.22,1.24,1.22,1.23,1769315
24-Aug-12,1.21,1.23,1.20,1.23,1994983
23-Aug-12,1.22,1.23,1.21,1.21,1843004
22-Aug-12,1.22,1.24,1.21,1.22,1606444
21-Aug-12,1.25,1.27,1.21,1.21,3435504
20-Aug-12,1.25,1.26,1.23,1.25,2085840
17-Aug-12,1.21,1.26,1.20,1.25,751419
16-Aug-12,1.20,1.22,1.19,1.22,565692
15-Aug-12,1.17,1.21,1.17,1.20,331247
14-Aug-12,1.18,1.21,1.17,1.17,328609
13-Aug-12,1.18,1.19,1.17,1.19,250714
10-Aug-12,1.17,1.18,1.16,1.18,491582
9-Aug-12,1.18,1.20,1.14,1.15,2138413
8-Aug-12,1.17,1.19,1.17,1.19,555719
7-Aug-12,1.16,1.18,1.16,1.18,644519
6-Aug-12,1.17,1.17,1.15,1.15,512614
3-Aug-12,1.17,1.18,1.16,1.18,596895
2-Aug-12,1.14,1.16,1.13,1.15,5650635
1-Aug-12,1.16,1.18,1.05,1.12,20217920
31-Jul-12,1.17,1.17,1.15,1.16,5325953
30-Jul-12,1.17,1.20,1.16,1.16,4185386
27-Jul-12,1.19,1.19,1.15,1.17,7333574
26-Jul-12,1.17,1.19,1.15,1.18,4627425
25-Jul-12,1.17,1.18,1.15,1.15,3245478
24-Jul-12,1.20,1.21,1.16,1.17,7996834
23-Jul-12,1.20,1.21,1.18,1.19,4234065
20-Jul-12,1.18,1.22,1.17,1.20,5966774
19-Jul-12,1.24,1.26,1.16,1.20,21340930
18-Jul-12,1.26,1.29,1.25,1.28,4589541
17-Jul-12,1.31,1.35,1.26,1.26,7892055
16-Jul-12,1.33,1.34,1.30,1.30,2312864
13-Jul-12,1.34,1.36,1.32,1.34,3627281
12-Jul-12,1.35,1.36,1.30,1.33,4460913
11-Jul-12,1.40,1.43,1.33,1.35,6999681
10-Jul-12,1.40,1.42,1.38,1.41,4891375
9-Jul-12,1.40,1.42,1.38,1.38,2007272
6-Jul-12,1.38,1.42,1.38,1.41,3611736
5-Jul-12,1.40,1.44,1.40,1.40,7648414
3-Jul-12,1.44,1.46,1.42,1.45,3480905
2-Jul-12,1.38,1.46,1.37,1.45,8982134
29-Jun-12,1.38,1.40,1.37,1.40,7144906
28-Jun-12,1.34,1.35,1.32,1.35,3462063
27-Jun-12,1.32,1.36,1.31,1.35,5323801
26-Jun-12,1.32,1.34,1.28,1.32,3957664
25-Jun-12,1.32,1.33,1.28,1.32,3882542
22-Jun-12,1.29,1.34,1.27,1.34,22526496
21-Jun-12,1.23,1.30,1.23,1.25,22757352
20-Jun-12,1.21,1.22,1.17,1.17,13565025
19-Jun-12,1.20,1.22,1.15,1.20,17179637
18-Jun-12,1.18,1.24,1.17,1.22,5987445
15-Jun-12,1.23,1.24,1.18,1.18,14528502
14-Jun-12,1.19,1.23,1.15,1.22,6036509
13-Jun-12,1.22,1.25,1.16,1.17,5415382
12-Jun-12,1.19,1.23,1.18,1.22,5465736
11-Jun-12,1.25,1.25,1.14,1.18,9839740
8-Jun-12,1.24,1.26,1.21,1.23,6561439
7-Jun-12,1.31,1.32,1.24,1.24,5769822
6-Jun-12,1.27,1.29,1.26,1.29,6684767
5-Jun-12,1.27,1.29,1.22,1.25,4403597
4-Jun-12,1.24,1.29,1.21,1.27,5464253
1-Jun-12,1.28,1.29,1.22,1.22,6491479
31-May-12,1.32,1.33,1.27,1.30,5271089
30-May-12,1.28,1.33,1.24,1.31,9476372
29-May-12,1.33,1.35,1.22,1.30,19577086
25-May-12,1.34,1.35,1.30,1.31,2822302
24-May-12,1.34,1.34,1.30,1.34,2554936
23-May-12,1.31,1.34,1.25,1.33,7704500
22-May-12,1.26,1.39,1.26,1.33,10537756
21-May-12,1.22,1.26,1.21,1.26,3769693
18-May-12,1.17,1.24,1.16,1.21,10441523
17-May-12,1.23,1.25,1.14,1.18,15984018
16-May-12,1.32,1.35,1.22,1.23,18581011
15-May-12,1.37,1.37,1.31,1.33,10018215
14-May-12,1.39,1.40,1.36,1.37,3750020
11-May-12,1.42,1.44,1.39,1.41,3947554
10-May-12,1.41,1.45,1.40,1.43,3889935
9-May-12,1.40,1.44,1.38,1.39,4886615
8-May-12,1.43,1.48,1.36,1.44,11987262
7-May-12,1.46,1.50,1.44,1.45,5467326
4-May-12,1.50,1.63,1.45,1.49,11739245
3-May-12,1.46,1.52,1.42,1.51,13738215
2-May-12,1.43,1.44,1.40,1.44,5498839
1-May-12,1.44,1.48,1.42,1.43,8249501
30-Apr-12,1.48,1.50,1.41,1.45,9622368
27-Apr-12,1.46,1.48,1.43,1.48,10445680
26-Apr-12,1.42,1.46,1.39,1.44,11883773
25-Apr-12,1.42,1.46,1.36,1.43,39072322
24-Apr-12,1.48,1.48,1.38,1.41,16649015
23-Apr-12,1.56,1.56,1.47,1.48,10482688
20-Apr-12,1.55,1.59,1.34,1.55,73518020
19-Apr-12,1.49,1.55,1.48,1.53,11455154
18-Apr-12,1.53,1.54,1.48,1.49,16571347
17-Apr-12,1.55,1.61,1.52,1.55,21608236
16-Apr-12,1.66,1.66,1.52,1.55,17137141
13-Apr-12,1.70,1.71,1.65,1.66,7112589
12-Apr-12,1.68,1.72,1.61,1.72,16669186
11-Apr-12,1.68,1.70,1.65,1.70,19420007
10-Apr-12,1.70,1.76,1.64,1.65,13779007
9-Apr-12,1.70,1.74,1.69,1.69,8323201
5-Apr-12,1.74,1.82,1.71,1.73,16197837
4-Apr-12,1.71,1.74,1.67,1.71,8094596
3-Apr-12,1.78,1.80,1.73,1.75,6189603
2-Apr-12,1.75,1.78,1.73,1.78,7340043
30-Mar-12,1.79,1.80,1.74,1.74,13215010
29-Mar-12,1.81,1.81,1.74,1.77,6576256
28-Mar-12,1.83,1.87,1.81,1.81,7181993
27-Mar-12,1.86,1.89,1.81,1.81,7592087
26-Mar-12,1.82,1.83,1.78,1.83,7179619
23-Mar-12,1.78,1.80,1.71,1.79,10221241
22-Mar-12,1.84,1.85,1.71,1.78,26451571
21-Mar-12,1.91,1.94,1.82,1.86,13989138
20-Mar-12,1.94,1.95,1.82,1.91,22041555
19-Mar-12,1.98,1.99,1.94,1.95,9424485
16-Mar-12,2.01,2.02,1.93,2.00,20884743
15-Mar-12,2.10,2.10,1.95,1.99,25647538
14-Mar-12,1.91,2.12,1.90,2.05,54359415
13-Mar-12,1.89,1.90,1.86,1.88,11401672
12-Mar-12,1.85,1.88,1.80,1.86,8655733
9-Mar-12,1.77,1.86,1.75,1.84,15348738
8-Mar-12,1.74,1.81,1.68,1.77,20145883
7-Mar-12,1.66,1.71,1.63,1.69,8133071
6-Mar-12,1.64,1.66,1.61,1.66,7339448
5-Mar-12,1.67,1.68,1.61,1.66,5510290
2-Mar-12,1.53,1.69,1.53,1.67,33585221
1-Mar-12,1.55,1.57,1.53,1.53,5031078
29-Feb-12,1.58,1.59,1.54,1.54,7821059
28-Feb-12,1.56,1.60,1.56,1.58,7385070
27-Feb-12,1.53,1.57,1.52,1.57,4735648
24-Feb-12,1.60,1.63,1.54,1.54,7313667
23-Feb-12,1.55,1.61,1.54,1.61,5058959
22-Feb-12,1.57,1.60,1.53,1.54,4526351
21-Feb-12,1.59,1.60,1.56,1.57,5027766
17-Feb-12,1.60,1.63,1.58,1.60,5621332
16-Feb-12,1.53,1.62,1.52,1.61,5971544
15-Feb-12,1.61,1.62,1.55,1.57,6060649
14-Feb-12,1.50,1.64,1.46,1.61,24082777
13-Feb-12,1.56,1.58,1.43,1.46,12160171
10-Feb-12,1.57,1.58,1.54,1.54,3474050
9-Feb-12,1.60,1.61,1.57,1.59,6866331
8-Feb-12,1.55,1.59,1.55,1.58,6924589
7-Feb-12,1.48,1.58,1.48,1.54,9409695
6-Feb-12,1.48,1.52,1.47,1.51,5128453
3-Feb-12,1.53,1.54,1.49,1.50,12249075
2-Feb-12,1.41,1.50,1.40,1.50,21168597
1-Feb-12,1.40,1.41,1.39,1.40,8717961
31-Jan-12,1.38,1.40,1.36,1.39,4225264
30-Jan-12,1.39,1.40,1.38,1.39,2660666
27-Jan-12,1.39,1.40,1.39,1.40,2970915
26-Jan-12,1.38,1.42,1.38,1.41,5947957
25-Jan-12,1.38,1.40,1.36,1.37,6003961
24-Jan-12,1.39,1.40,1.36,1.37,5639732
23-Jan-12,1.37,1.42,1.37,1.40,7865669
20-Jan-12,1.37,1.38,1.36,1.38,4811618
19-Jan-12,1.38,1.39,1.35,1.37,7670019
18-Jan-12,1.34,1.38,1.32,1.38,6866819
17-Jan-12,1.31,1.35,1.29,1.33,8495881
13-Jan-12,1.29,1.29,1.29,1.29,0
12-Jan-12,1.34,1.34,1.31,1.32,3361285
11-Jan-12,1.30,1.34,1.28,1.34,3728137
10-Jan-12,1.36,1.37,1.31,1.31,6524924
9-Jan-12,1.34,1.35,1.31,1.35,5656021
6-Jan-12,1.31,1.40,1.29,1.34,20358773
5-Jan-12,1.28,1.32,1.27,1.31,25059458
4-Jan-12,1.29,1.29,1.23,1.25,4860910
3-Jan-12,1.27,1.29,1.25,1.29,7057814
30-Dec-11,1.26,1.26,1.26,1.26,0
29-Dec-11,1.20,1.24,1.20,1.24,3952260
28-Dec-11,1.24,1.25,1.20,1.20,4485971
27-Dec-11,1.21,1.25,1.20,1.25,4931238
23-Dec-11,1.21,1.21,1.21,1.21,0
22-Dec-11,1.21,1.23,1.20,1.22,2758563
21-Dec-11,1.20,1.21,1.18,1.20,2633312
20-Dec-11,1.18,1.21,1.18,1.21,4578619
19-Dec-11,1.22,1.22,1.16,1.16,4646291
16-Dec-11,1.20,1.22,1.18,1.22,7988429
15-Dec-11,1.21,1.22,1.16,1.18,10325691
14-Dec-11,1.20,1.21,1.14,1.14,6258632
13-Dec-11,1.24,1.25,1.19,1.20,6022801
12-Dec-11,1.22,1.24,1.19,1.23,2956819
9-Dec-11,1.19,1.25,1.18,1.25,6013769
8-Dec-11,1.18,1.21,1.17,1.19,5193335
7-Dec-11,1.19,1.21,1.16,1.21,4919815
6-Dec-11,1.20,1.20,1.17,1.19,4952124
5-Dec-11,1.21,1.22,1.19,1.20,4003465
2-Dec-11,1.21,1.22,1.18,1.20,4266000
1-Dec-11,1.22,1.23,1.20,1.20,4957888
30-Nov-11,1.21,1.22,1.15,1.22,15564294
29-Nov-11,1.18,1.20,1.14,1.17,8032209
28-Nov-11,1.15,1.20,1.14,1.18,9634930
25-Nov-11,1.12,1.14,1.10,1.10,2324530
23-Nov-11,1.12,1.12,1.12,1.12,0
22-Nov-11,1.14,1.17,1.13,1.16,4128658
21-Nov-11,1.15,1.17,1.13,1.14,5840292
18-Nov-11,1.18,1.21,1.16,1.17,4526408
17-Nov-11,1.20,1.23,1.15,1.16,6640205
16-Nov-11,1.26,1.27,1.18,1.19,16357889
15-Nov-11,1.25,1.30,1.24,1.28,7073694
14-Nov-11,1.30,1.31,1.25,1.28,8191778
11-Nov-11,1.21,1.38,1.20,1.33,21768051
10-Nov-11,1.18,1.20,1.15,1.20,10161526
9-Nov-11,1.12,1.20,1.12,1.15,18939965
8-Nov-11,1.11,1.14,1.09,1.13,6632440
7-Nov-11,1.10,1.13,1.09,1.11,4712954
4-Nov-11,1.11,1.13,1.09,1.10,5494073
3-Nov-11,1.14,1.15,1.09,1.13,7147303
2-Nov-11,1.15,1.15,1.12,1.14,4220559
1-Nov-11,1.10,1.16,1.07,1.12,8580720
31-Oct-11,1.16,1.18,1.15,1.16,4021366
28-Oct-11,1.17,1.19,1.14,1.19,8725968
27-Oct-11,1.09,1.19,1.09,1.18,28436931
26-Oct-11,1.06,1.07,0.98,1.07,5992693
25-Oct-11,1.07,1.08,1.04,1.04,3694463
24-Oct-11,1.09,1.10,1.06,1.08,8156464
21-Oct-11,1.06,1.10,1.06,1.09,10351109
20-Oct-11,1.04,1.06,1.02,1.06,5532442
19-Oct-11,1.05,1.07,1.03,1.03,6788106
18-Oct-11,1.03,1.08,1.02,1.07,8625584
17-Oct-11,1.03,1.06,1.02,1.03,5491263
14-Oct-11,1.03,1.06,1.02,1.06,9790380
13-Oct-11,1.00,1.03,1.00,1.03,7922029
12-Oct-11,1.00,1.03,0.96,1.03,9064819
11-Oct-11,0.95,0.99,0.92,0.99,4136190
10-Oct-11,0.94,0.98,0.92,0.96,5751517
7-Oct-11,1.02,1.02,0.92,0.93,8898709
6-Oct-11,0.99,1.02,0.96,1.02,6961677
5-Oct-11,0.97,0.99,0.90,0.99,6097351
4-Oct-11,0.98,0.98,0.85,0.96,12407968
3-Oct-11,0.98,0.99,0.91,0.91,12201156
30-Sep-11,1.02,1.02,0.98,0.98,7621778
