Date,Open,High,Low,Close,Volume
26-Sep-12,39.06,39.23,37.18,38.80,640496
25-Sep-12,37.94,39.48,37.61,38.79,811548
24-Sep-12,35.90,37.92,35.44,37.13,657576
21-Sep-12,34.60,36.00,34.27,35.90,104846
20-Sep-12,35.00,35.18,33.80,34.35,35691
19-Sep-12,34.59,35.66,34.50,35.33,59595
18-Sep-12,34.97,36.34,34.97,35.07,36148
17-Sep-12,36.64,36.64,35.42,35.80,36800
14-Sep-12,34.01,36.50,33.85,36.00,147663
13-Sep-12,32.25,34.68,32.04,33.92,142602
12-Sep-12,33.68,34.00,33.35,33.50,69439
11-Sep-12,33.00,33.75,31.21,33.55,322276
10-Sep-12,36.00,36.20,34.77,34.80,143744
7-Sep-12,35.85,35.90,34.80,35.38,346471
6-Sep-12,33.05,35.98,32.66,35.88,436736
5-Sep-12,33.33,33.50,32.50,32.89,122307
4-Sep-12,32.57,33.25,31.72,33.20,114097
31-Aug-12,32.60,32.60,32.00,32.14,108913
30-Aug-12,31.50,32.61,31.16,32.42,174286
29-Aug-12,32.13,32.33,31.26,31.55,115021
28-Aug-12,31.06,32.40,30.98,32.15,175048
27-Aug-12,31.18,32.74,30.87,31.00,323586
24-Aug-12,30.04,31.29,30.00,30.90,201081
23-Aug-12,31.38,31.64,30.00,30.22,299659
22-Aug-12,29.82,31.31,29.63,31.19,354246
21-Aug-12,30.15,30.47,29.62,29.96,347322
20-Aug-12,31.09,31.10,29.80,30.15,240026
17-Aug-12,32.50,32.50,30.56,31.26,465699
16-Aug-12,33.25,33.25,32.00,32.30,293383
15-Aug-12,33.12,33.49,32.50,33.25,384772
14-Aug-12,32.36,32.73,32.00,32.51,167069
13-Aug-12,32.49,32.70,31.47,32.11,560419
10-Aug-12,33.97,33.97,32.39,32.71,304279
9-Aug-12,33.01,33.52,32.77,33.13,182867
8-Aug-12,33.00,33.40,32.47,32.88,289404
7-Aug-12,31.55,33.00,31.00,32.43,568983
6-Aug-12,29.95,31.49,29.68,31.16,227232
3-Aug-12,29.90,29.90,29.21,29.79,166951
2-Aug-12,28.99,29.90,28.79,29.42,192050
1-Aug-12,29.85,29.85,28.79,29.14,199557
31-Jul-12,30.00,30.00,28.70,29.34,293615
30-Jul-12,30.01,30.72,29.09,29.81,260496
27-Jul-12,28.30,29.96,27.01,29.65,226705
26-Jul-12,27.59,28.25,26.97,27.89,294756
25-Jul-12,27.91,28.23,26.92,27.05,426061
24-Jul-12,28.35,29.35,27.30,27.60,343441
23-Jul-12,27.24,28.24,26.77,27.55,233351
20-Jul-12,26.21,29.40,26.10,27.27,969181
