Date,Open,High,Low,Close,Volume
27-Sep-12,122.79,126.54,121.85,126.00,5035
26-Sep-12,125.87,126.09,121.84,121.84,7565
25-Sep-12,128.75,130.42,125.70,125.70,7503
24-Sep-12,130.44,130.44,126.84,127.06,3355
21-Sep-12,129.31,129.31,129.31,129.31,134
20-Sep-12,127.52,127.52,127.52,127.52,210
19-Sep-12,129.74,129.87,127.00,128.30,1200
18-Sep-12,127.68,128.95,127.68,128.94,919
17-Sep-12,126.00,126.00,125.87,125.87,1023
14-Sep-12,124.31,125.10,124.31,125.10,630
13-Sep-12,121.34,121.85,120.41,121.85,2165
12-Sep-12,121.31,120.47,120.47,120.47,1000
11-Sep-12,121.87,121.87,121.87,121.87,364
10-Sep-12,123.08,123.08,123.08,123.08,265
7-Sep-12,124.99,124.99,121.82,123.15,7303
6-Sep-12,119.96,123.39,119.96,123.19,9925
5-Sep-12,119.87,119.87,117.50,117.96,4469
4-Sep-12,115.63,119.64,115.25,119.42,2385
31-Aug-12,114.62,115.23,112.19,114.37,11051
30-Aug-12,112.80,114.00,112.27,114.00,2341
29-Aug-12,115.00,115.40,114.46,114.46,869
28-Aug-12,114.00,115.03,114.00,115.03,500
27-Aug-12,114.20,115.07,113.25,114.82,2707
24-Aug-12,112.43,114.98,112.43,114.15,4326
23-Aug-12,112.00,112.20,111.20,111.47,1135
22-Aug-12,108.11,111.85,108.11,111.14,1035
21-Aug-12,110.73,110.73,108.83,109.23,2195
20-Aug-12,109.89,109.89,107.92,108.51,21037
17-Aug-12,109.72,110.56,108.16,110.55,8287
16-Aug-12,111.00,111.20,109.59,110.73,5110
15-Aug-12,111.07,113.31,111.07,112.37,2237
14-Aug-12,110.04,111.21,110.04,111.06,1965
13-Aug-12,109.43,109.43,108.62,108.62,2374
10-Aug-12,108.15,109.54,108.15,109.00,1190
9-Aug-12,109.34,110.30,108.50,109.18,1664
8-Aug-12,111.21,111.21,109.00,109.00,3558
7-Aug-12,111.92,112.04,109.94,111.36,3015
6-Aug-12,110.00,111.31,104.42,110.18,10166
3-Aug-12,110.66,111.69,108.43,108.43,3625
2-Aug-12,105.75,107.60,103.95,106.07,4314
1-Aug-12,111.31,113.65,108.00,108.00,6761
31-Jul-12,114.66,114.66,111.18,111.18,4970
30-Jul-12,117.98,117.98,114.06,114.13,7203
27-Jul-12,115.08,118.29,115.08,118.00,13817
26-Jul-12,111.00,114.01,111.00,112.86,20769
25-Jul-12,106.91,108.44,105.06,108.26,2458
24-Jul-12,108.01,108.01,103.70,103.70,5745
23-Jul-12,106.79,107.39,103.00,107.39,25930
20-Jul-12,109.96,110.04,109.74,110.04,700
19-Jul-12,113.55,113.55,110.79,112.18,4591
18-Jul-12,112.25,114.25,112.25,113.35,5831
17-Jul-12,111.48,112.40,108.36,112.07,10482
16-Jul-12,108.00,110.35,105.96,109.50,8401
13-Jul-12,107.70,108.64,107.49,107.62,2666
12-Jul-12,102.40,106.69,101.25,106.69,6386
11-Jul-12,104.12,105.97,102.89,104.46,5476
10-Jul-12,111.88,111.88,106.32,106.40,13637
9-Jul-12,110.41,110.51,108.85,110.40,4898
6-Jul-12,109.52,109.70,108.30,108.88,5982
5-Jul-12,112.96,112.96,110.30,111.77,7311
3-Jul-12,110.91,112.58,110.00,111.47,6450
2-Jul-12,104.26,109.77,104.26,109.77,6155
29-Jun-12,103.79,105.11,103.36,104.75,4180
28-Jun-12,103.21,103.39,97.16,98.27,6505
27-Jun-12,103.60,105.89,102.92,105.24,3192
26-Jun-12,100.61,103.18,100.61,102.80,4327
25-Jun-12,102.83,102.83,91.62,100.05,6221
22-Jun-12,99.91,102.56,99.75,102.40,6609
21-Jun-12,103.45,103.71,99.44,99.50,13066
20-Jun-12,103.74,103.76,101.70,103.00,15393
19-Jun-12,100.79,103.00,100.79,102.26,24199
18-Jun-12,98.23,100.27,95.23,99.45,7521
15-Jun-12,94.82,97.57,94.82,97.57,5266
14-Jun-12,93.19,95.24,93.19,93.89,5153
13-Jun-12,94.98,95.09,94.32,95.09,895
12-Jun-12,93.38,94.12,91.59,94.12,2807
11-Jun-12,97.30,97.30,92.57,92.57,2206
8-Jun-12,93.00,95.82,93.00,95.82,3851
7-Jun-12,97.55,98.20,93.11,93.11,3015
6-Jun-12,94.40,95.18,94.40,94.79,1900
5-Jun-12,89.88,92.77,89.88,92.77,1970
4-Jun-12,89.21,90.94,87.51,90.08,7318
1-Jun-12,92.00,92.54,88.77,89.30,11798
31-May-12,95.32,95.90,93.47,95.45,3705
30-May-12,97.16,97.16,95.55,97.11,4372
29-May-12,97.70,98.31,96.38,97.57,7512
25-May-12,97.39,98.16,97.15,97.98,2809
24-May-12,96.27,96.75,95.35,95.96,1650
23-May-12,94.93,95.35,92.24,95.35,13027
22-May-12,96.82,98.30,94.86,94.86,6714
21-May-12,91.88,95.82,91.88,95.78,5798
18-May-12,94.51,94.51,90.49,90.59,9183
17-May-12,99.89,99.89,94.02,94.02,13034
16-May-12,100.24,100.88,99.14,99.15,13802
15-May-12,100.99,101.02,98.62,99.11,20829
14-May-12,98.96,100.20,98.06,99.90,1422
11-May-12,96.66,100.80,96.66,100.20,3500
10-May-12,96.52,97.98,96.52,97.98,580
9-May-12,96.15,96.90,95.83,96.03,2910
8-May-12,96.15,98.10,95.16,98.10,1080
7-May-12,91.67,97.63,89.88,97.39,3546
4-May-12,95.00,95.00,92.99,92.99,6855
3-May-12,99.41,99.41,96.49,96.49,1726
2-May-12,96.87,99.67,96.87,99.41,2780
1-May-12,98.01,99.72,94.84,99.20,4639
30-Apr-12,100.04,100.33,98.34,98.34,955
27-Apr-12,98.56,100.02,96.56,99.42,3762
26-Apr-12,97.43,98.36,97.30,98.21,3525
25-Apr-12,95.00,96.69,94.70,96.60,4595
24-Apr-12,93.10,93.10,92.77,92.77,200
23-Apr-12,91.92,92.55,90.24,92.41,4912
20-Apr-12,93.80,93.80,93.68,93.68,400
19-Apr-12,90.93,94.08,90.93,92.03,3256
18-Apr-12,89.62,89.81,88.91,89.29,6513
17-Apr-12,88.06,90.82,88.06,90.05,2672
16-Apr-12,88.09,88.43,85.33,87.59,4128
13-Apr-12,90.21,90.21,87.70,87.70,1852
12-Apr-12,89.84,90.73,89.84,90.46,3634
11-Apr-12,88.81,90.54,87.32,89.45,3260
10-Apr-12,92.71,92.71,87.43,87.92,10334
9-Apr-12,95.53,95.53,92.81,93.30,3242
5-Apr-12,95.33,96.70,95.33,96.68,5211
4-Apr-12,96.99,96.99,94.06,95.35,7144
3-Apr-12,97.02,98.72,97.02,97.66,2412
2-Apr-12,96.00,97.69,95.00,97.69,2352
30-Mar-12,96.39,96.55,95.41,96.07,4928
29-Mar-12,94.61,95.06,93.64,95.06,1460
28-Mar-12,97.01,97.01,93.54,93.57,2303
27-Mar-12,97.76,97.76,95.77,95.77,7812
26-Mar-12,95.97,96.97,95.37,96.56,5691
23-Mar-12,92.45,93.60,91.99,93.60,2420
22-Mar-12,91.50,92.45,90.61,92.45,2730
21-Mar-12,91.70,93.51,91.70,92.72,737
20-Mar-12,91.83,92.47,91.43,91.91,5325
19-Mar-12,91.84,93.88,91.83,93.12,3673
16-Mar-12,92.57,94.09,91.82,92.01,2700
15-Mar-12,90.68,92.50,90.68,92.49,6740
14-Mar-12,91.85,91.85,90.18,90.66,3130
13-Mar-12,90.55,91.00,89.67,90.46,12552
12-Mar-12,90.45,90.53,89.38,89.90,890
9-Mar-12,89.75,90.18,89.34,89.62,2734
8-Mar-12,88.75,89.95,88.04,89.48,8393
7-Mar-12,86.00,86.84,86.00,86.79,2110
6-Mar-12,86.71,87.42,84.69,85.65,12225
5-Mar-12,91.09,91.09,88.42,89.15,7270
2-Mar-12,91.55,91.87,90.31,90.72,3734
1-Mar-12,89.89,91.66,89.89,91.42,1538
29-Feb-12,90.52,91.61,89.56,89.66,6622
28-Feb-12,90.22,91.30,89.78,90.97,1490
27-Feb-12,88.44,90.61,88.05,90.18,6462
24-Feb-12,90.22,90.60,89.80,90.14,4132
23-Feb-12,87.89,90.12,87.07,90.03,6959
22-Feb-12,85.53,86.57,84.35,86.14,9945
21-Feb-12,89.91,89.91,85.54,86.03,33786
17-Feb-12,92.57,92.57,89.38,89.44,7926
16-Feb-12,91.00,94.15,91.00,93.39,10972
15-Feb-12,93.78,93.78,91.51,91.53,6890
14-Feb-12,93.46,95.39,91.42,92.10,12122
13-Feb-12,91.19,93.90,91.19,93.74,8352
10-Feb-12,89.82,89.82,88.43,89.33,8648
9-Feb-12,91.09,91.09,89.80,90.23,4302
8-Feb-12,92.90,92.90,89.14,90.91,17559
7-Feb-12,95.00,95.00,92.26,92.72,11483
6-Feb-12,91.39,95.52,90.98,94.10,21371
3-Feb-12,92.59,93.30,91.00,92.03,11082
2-Feb-12,89.06,90.32,89.00,90.14,9950
1-Feb-12,86.73,89.38,86.73,89.05,10117
31-Jan-12,85.01,85.56,84.50,85.56,4990
30-Jan-12,83.39,84.70,82.73,84.57,8880
27-Jan-12,83.94,85.52,83.94,85.00,5600
26-Jan-12,85.46,85.46,82.93,82.95,8094
25-Jan-12,82.01,85.09,82.00,84.98,12038
24-Jan-12,79.25,81.05,79.25,81.00,3580
23-Jan-12,81.61,81.92,79.51,80.22,12276
20-Jan-12,82.22,82.22,80.53,81.18,5265
19-Jan-12,83.92,83.92,82.11,82.11,12344
18-Jan-12,80.46,82.95,80.46,82.93,15001
17-Jan-12,81.87,81.87,80.72,80.96,9615
13-Jan-12,79.94,79.94,79.94,79.94,0
12-Jan-12,79.44,80.01,77.50,79.95,14185
11-Jan-12,78.26,79.16,77.00,79.16,7936
10-Jan-12,77.35,78.10,76.38,78.00,10280
9-Jan-12,75.79,75.79,74.40,75.16,13389
6-Jan-12,72.90,73.53,72.10,73.26,11469
5-Jan-12,72.00,72.56,72.00,72.17,1115
4-Jan-12,70.46,70.48,70.27,70.43,1380
3-Jan-12,71.55,71.55,70.00,70.38,2461
30-Dec-11,69.52,69.52,69.52,69.52,0
29-Dec-11,67.86,68.97,67.83,68.97,2255
28-Dec-11,69.32,69.32,67.56,67.56,500
27-Dec-11,67.61,69.20,67.03,69.17,4702
23-Dec-11,67.75,67.75,67.75,67.75,0
22-Dec-11,67.35,67.76,67.35,67.76,631
21-Dec-11,66.51,67.20,66.51,67.11,500
20-Dec-11,66.14,66.74,66.14,66.54,810
19-Dec-11,65.27,65.27,63.68,63.68,700
16-Dec-11,64.37,64.37,63.57,63.57,2510
15-Dec-11,62.87,63.40,62.87,63.40,300
14-Dec-11,62.68,62.82,61.88,62.44,4350
13-Dec-11,64.64,65.40,62.68,62.68,2025
12-Dec-11,64.99,64.99,63.71,63.84,1715
9-Dec-11,65.08,65.94,65.08,65.55,518
8-Dec-11,64.67,65.12,63.35,63.35,2200
7-Dec-11,65.17,65.55,64.00,65.41,3735
6-Dec-11,65.95,65.95,65.95,65.95,100
5-Dec-11,67.01,67.01,65.54,65.63,10580
2-Dec-11,67.27,67.59,65.88,65.88,15112
1-Dec-11,66.46,66.83,66.30,66.80,1884
30-Nov-11,64.99,66.49,64.94,66.49,8527
29-Nov-11,62.55,62.75,61.98,62.46,800
28-Nov-11,60.12,62.15,60.12,61.94,4547
25-Nov-11,59.47,59.47,58.66,58.82,900
23-Nov-11,60.00,60.00,60.00,60.00,0
22-Nov-11,59.55,61.75,59.55,61.42,3920
21-Nov-11,58.72,60.20,58.72,59.84,9535
18-Nov-11,55.36,55.36,53.55,54.60,2250
17-Nov-11,56.39,56.62,54.55,54.92,1405
16-Nov-11,57.07,58.00,56.11,56.11,2250
15-Nov-11,56.81,58.29,56.81,58.29,2277
14-Nov-11,57.99,57.99,57.25,57.25,1844
11-Nov-11,58.02,58.09,57.56,58.06,5150
10-Nov-11,57.00,57.00,55.00,56.06,2600
9-Nov-11,57.88,58.12,56.03,56.26,3204
8-Nov-11,59.58,60.00,57.64,59.24,2422
7-Nov-11,59.12,59.55,57.54,59.03,2690
4-Nov-11,59.80,59.91,58.48,58.92,2700
3-Nov-11,59.66,61.22,59.66,61.00,2000
2-Nov-11,60.00,60.25,58.00,59.39,1650
1-Nov-11,58.61,60.51,58.61,59.40,3450
31-Oct-11,62.80,62.89,61.87,62.62,1785
28-Oct-11,64.69,64.76,64.25,64.67,739
27-Oct-11,63.99,64.51,62.64,63.94,6046
26-Oct-11,60.71,61.78,59.73,61.70,2975
25-Oct-11,63.36,63.36,59.42,59.42,6346
24-Oct-11,60.85,62.81,60.85,62.81,4084
21-Oct-11,61.13,61.57,58.81,60.91,2887
20-Oct-11,58.97,59.10,58.85,59.10,1085
19-Oct-11,59.30,60.00,58.26,58.49,15336
18-Oct-11,58.44,59.30,57.80,59.30,2614
17-Oct-11,59.66,60.31,59.07,59.07,1729
14-Oct-11,62.28,62.28,59.91,60.62,6496
13-Oct-11,59.33,60.51,59.33,60.51,1999
12-Oct-11,60.99,60.99,59.22,59.43,2395
11-Oct-11,60.69,60.69,59.38,59.38,750
10-Oct-11,59.43,60.21,59.43,59.85,2600
7-Oct-11,58.10,58.52,56.92,57.08,3980
6-Oct-11,57.21,59.20,57.00,59.14,2713
5-Oct-11,53.15,56.62,53.15,56.62,4061
4-Oct-11,50.00,53.18,49.87,53.18,11411
3-Oct-11,55.46,55.87,51.50,51.50,9135
30-Sep-11,56.54,58.10,56.54,56.61,5500
29-Sep-11,59.36,59.36,54.72,57.25,7935
