Date,Open,High,Low,Close,Volume
27-Sep-12,47.26,47.55,46.80,47.36,130462
26-Sep-12,46.95,47.50,46.73,47.02,115471
25-Sep-12,46.90,47.89,46.61,46.85,213315
24-Sep-12,45.97,47.14,45.97,46.77,101052
21-Sep-12,46.90,47.09,46.67,46.72,122722
20-Sep-12,47.41,47.55,46.64,46.88,34164
19-Sep-12,47.14,48.03,46.72,47.46,66816
18-Sep-12,46.82,47.23,46.56,47.20,30947
17-Sep-12,46.17,46.92,46.17,46.74,62123
14-Sep-12,47.33,47.38,46.80,47.31,62576
13-Sep-12,46.38,47.49,46.38,47.07,64568
12-Sep-12,46.19,46.38,45.95,46.28,43551
11-Sep-12,46.01,46.15,45.73,45.99,53895
10-Sep-12,45.78,46.12,45.77,46.00,48596
7-Sep-12,47.09,47.29,45.76,45.84,151930
6-Sep-12,46.08,46.97,45.94,46.90,228238
5-Sep-12,45.65,46.25,45.06,45.74,274776
4-Sep-12,44.18,45.93,44.18,45.84,274298
31-Aug-12,44.39,44.50,43.85,44.33,160188
30-Aug-12,44.27,44.39,43.92,44.17,136860
29-Aug-12,43.64,44.49,43.46,44.40,217250
28-Aug-12,42.71,43.80,42.53,43.75,207835
27-Aug-12,42.89,43.27,42.54,42.66,230582
24-Aug-12,42.69,43.51,42.69,43.15,265380
23-Aug-12,41.37,43.16,41.29,43.00,475452
22-Aug-12,40.11,41.54,40.11,41.29,706874
21-Aug-12,41.75,42.50,40.95,41.08,289507
20-Aug-12,41.14,42.06,39.73,41.77,393091
17-Aug-12,42.00,42.19,41.65,42.05,219318
16-Aug-12,41.71,42.02,41.59,41.86,117805
15-Aug-12,41.12,42.22,40.97,41.84,162335
14-Aug-12,42.52,42.60,41.83,41.93,139614
13-Aug-12,42.22,42.76,41.71,42.36,227979
10-Aug-12,42.42,42.65,42.14,42.43,258726
9-Aug-12,42.53,42.66,42.27,42.39,303232
8-Aug-12,42.46,42.80,42.20,42.46,424022
7-Aug-12,42.87,43.47,42.36,42.38,281978
6-Aug-12,43.39,44.09,42.76,42.80,337994
3-Aug-12,43.92,44.27,43.18,43.52,407047
2-Aug-12,43.85,44.20,43.03,43.74,442373
1-Aug-12,44.19,45.60,42.27,43.86,760928
31-Jul-12,45.22,45.66,44.94,44.99,287175
30-Jul-12,45.31,46.33,45.24,45.31,322661
27-Jul-12,45.02,46.75,44.40,46.10,318650
26-Jul-12,45.07,45.54,44.92,45.08,217866
25-Jul-12,44.90,45.02,44.00,44.70,238884
24-Jul-12,45.13,45.48,44.34,44.65,301276
23-Jul-12,45.50,45.77,44.86,45.34,334046
20-Jul-12,48.40,48.79,45.88,46.84,539561
19-Jul-12,49.52,49.88,48.88,48.90,136129
18-Jul-12,50.20,50.20,49.19,49.50,109164
17-Jul-12,50.80,50.95,50.17,50.21,146505
16-Jul-12,50.23,50.66,50.14,50.41,335879
13-Jul-12,50.62,51.66,50.62,51.22,122458
12-Jul-12,50.52,51.05,50.20,50.64,117443
11-Jul-12,49.84,50.88,49.84,50.58,224352
10-Jul-12,50.89,51.46,50.33,50.40,124249
9-Jul-12,50.32,50.73,49.23,50.57,132177
6-Jul-12,50.95,51.45,50.72,50.87,50761
5-Jul-12,51.20,51.93,50.59,51.47,177791
3-Jul-12,51.02,51.47,51.02,51.47,81143
2-Jul-12,49.14,51.25,49.14,51.24,217385
29-Jun-12,49.12,49.60,48.91,49.59,237740
28-Jun-12,48.44,48.71,47.38,48.07,216007
27-Jun-12,47.98,48.84,47.87,48.69,269260
26-Jun-12,47.83,48.32,47.69,48.08,149863
25-Jun-12,48.33,48.76,47.34,47.80,327716
22-Jun-12,48.60,49.21,48.60,49.10,478642
21-Jun-12,49.67,50.21,48.66,48.87,256955
20-Jun-12,50.56,50.72,49.14,49.54,338081
19-Jun-12,0.00,50.97,47.95,50.41,426421
18-Jun-12,47.96,48.35,47.68,48.02,331282
15-Jun-12,48.02,48.38,47.89,48.00,414340
14-Jun-12,47.37,48.20,47.34,48.10,226256
13-Jun-12,47.94,47.94,47.25,47.46,207614
12-Jun-12,47.65,47.94,46.94,47.89,171574
11-Jun-12,48.00,48.14,47.28,47.34,332170
8-Jun-12,47.40,47.76,47.08,47.65,165628
7-Jun-12,47.36,47.94,47.20,47.50,350402
6-Jun-12,47.68,48.06,47.24,47.32,467308
5-Jun-12,47.08,47.34,46.75,47.23,308946
4-Jun-12,47.43,48.35,47.00,47.20,284992
1-Jun-12,47.67,47.86,47.28,47.40,177154
31-May-12,48.12,48.66,47.89,48.44,207554
30-May-12,48.32,48.43,47.82,48.00,270072
29-May-12,47.74,49.02,47.32,48.82,256108
25-May-12,48.10,48.24,47.00,47.30,222500
24-May-12,47.50,48.16,47.20,48.14,175882
23-May-12,47.70,47.89,47.29,47.71,228890
22-May-12,48.00,48.18,47.24,47.90,249136
21-May-12,47.20,47.98,46.70,47.89,238172
18-May-12,47.14,47.42,47.10,47.34,341162
17-May-12,47.50,47.83,46.98,47.32,246202
16-May-12,47.00,47.82,46.82,47.52,327728
15-May-12,46.88,47.31,46.74,47.07,302342
14-May-12,46.40,47.02,46.40,46.93,240166
11-May-12,46.46,47.24,46.30,46.96,296928
10-May-12,46.25,46.50,45.84,46.48,288964
9-May-12,46.00,46.63,45.50,46.02,323772
8-May-12,46.26,46.85,45.92,46.47,296308
7-May-12,45.84,47.10,45.84,46.64,312532
4-May-12,48.29,48.29,46.90,46.94,325584
3-May-12,45.70,49.16,45.70,48.30,668406
2-May-12,45.44,45.96,45.44,45.78,247474
1-May-12,45.21,46.52,45.20,45.75,290112
30-Apr-12,45.50,46.00,45.11,45.58,217000
27-Apr-12,44.22,46.16,43.40,45.74,357904
26-Apr-12,44.18,44.64,43.96,44.28,84100
25-Apr-12,44.42,44.88,43.84,44.23,194644
24-Apr-12,44.14,44.52,43.70,44.14,158548
23-Apr-12,44.05,44.38,43.48,44.04,156480
20-Apr-12,45.01,45.23,44.38,45.06,214498
19-Apr-12,44.19,44.70,43.75,44.34,182498
18-Apr-12,43.76,44.58,43.71,44.27,162116
17-Apr-12,43.98,44.34,43.63,43.83,291380
16-Apr-12,42.62,43.67,42.61,43.56,271848
13-Apr-12,42.50,43.04,42.41,42.96,307030
12-Apr-12,42.70,42.88,42.32,42.63,485286
11-Apr-12,43.14,43.14,42.50,42.82,221728
10-Apr-12,43.26,43.98,42.62,42.84,217410
9-Apr-12,41.78,43.58,41.76,43.41,255080
5-Apr-12,42.60,43.29,42.52,42.76,291546
4-Apr-12,43.06,43.89,42.55,42.67,261772
3-Apr-12,43.96,44.09,43.38,43.46,214586
2-Apr-12,43.90,44.32,43.60,44.00,366586
30-Mar-12,44.56,44.64,43.99,44.31,212372
29-Mar-12,44.52,44.55,43.78,44.22,152918
28-Mar-12,44.90,44.94,44.25,44.62,204172
27-Mar-12,44.58,45.02,44.24,44.78,199994
26-Mar-12,43.28,44.70,43.26,44.62,213592
23-Mar-12,43.10,43.36,42.64,43.35,121700
22-Mar-12,42.52,43.03,41.90,42.81,131688
21-Mar-12,42.50,43.58,42.04,42.76,112474
20-Mar-12,42.55,42.88,42.28,42.30,128630
19-Mar-12,43.18,43.78,42.24,42.72,199334
16-Mar-12,43.26,43.38,42.62,43.36,233682
15-Mar-12,42.76,43.25,42.36,43.16,170134
14-Mar-12,42.34,43.56,42.32,42.80,314950
13-Mar-12,42.08,42.50,41.72,42.50,183352
12-Mar-12,41.70,42.12,41.03,42.08,198920
9-Mar-12,41.48,42.21,41.40,41.60,128294
8-Mar-12,41.30,41.59,41.00,41.50,159628
7-Mar-12,41.10,41.10,40.56,41.00,177636
6-Mar-12,40.91,41.25,40.24,40.90,607284
5-Mar-12,40.00,41.21,39.83,41.16,252562
2-Mar-12,40.98,41.10,39.79,39.89,369150
1-Mar-12,40.78,41.48,40.26,41.08,295140
29-Feb-12,40.67,40.88,40.32,40.47,377672
28-Feb-12,40.63,41.00,40.12,40.66,393646
27-Feb-12,39.20,40.80,39.10,40.57,380352
24-Feb-12,38.98,39.54,38.47,39.39,228196
23-Feb-12,38.34,39.28,38.06,38.96,161522
22-Feb-12,38.36,38.36,37.95,38.16,136998
21-Feb-12,38.20,38.76,38.02,38.42,188386
17-Feb-12,38.29,38.29,37.86,38.15,120884
16-Feb-12,37.84,38.48,37.80,38.15,98166
15-Feb-12,38.29,38.42,37.82,37.94,223692
14-Feb-12,36.71,38.44,36.71,38.10,634042
13-Feb-12,36.72,37.24,36.68,36.72,106570
10-Feb-12,36.64,36.70,36.18,36.42,194902
9-Feb-12,36.38,37.04,36.38,36.84,202280
8-Feb-12,36.28,36.28,36.28,36.28,0
7-Feb-12,36.84,36.88,36.33,36.52,287160
6-Feb-12,37.00,37.00,37.00,37.00,0
3-Feb-12,37.58,38.18,37.48,37.72,241158
2-Feb-12,38.42,38.50,36.94,36.96,552136
1-Feb-12,38.18,38.18,38.18,38.18,0
31-Jan-12,39.23,39.32,38.01,38.11,284424
30-Jan-12,39.52,39.52,38.60,38.98,340484
27-Jan-12,39.59,40.35,39.56,39.61,106492
26-Jan-12,39.56,39.87,39.45,39.78,147790
25-Jan-12,39.68,39.85,39.22,39.61,220154
24-Jan-12,39.14,39.84,39.00,39.73,146384
23-Jan-12,39.20,39.40,38.95,39.18,255160
20-Jan-12,39.06,39.18,38.95,39.02,93168
19-Jan-12,38.92,39.60,38.88,39.18,254596
18-Jan-12,37.78,38.95,37.18,38.88,353664
17-Jan-12,37.66,38.08,37.24,37.58,144048
13-Jan-12,37.38,37.38,37.38,37.38,0
12-Jan-12,37.38,37.96,37.28,37.34,134894
11-Jan-12,37.23,37.44,37.00,37.24,134596
10-Jan-12,37.20,37.36,36.70,37.26,208238
9-Jan-12,37.06,37.26,36.21,36.72,282492
6-Jan-12,37.50,37.66,36.69,36.70,68520
5-Jan-12,37.52,38.36,36.84,37.44,258218
4-Jan-12,37.80,37.80,37.80,37.80,0
3-Jan-12,37.82,38.23,36.46,36.78,169244
30-Dec-11,37.10,37.10,37.10,37.10,0
29-Dec-11,36.66,36.85,36.48,36.72,49232
28-Dec-11,37.00,37.00,36.50,36.56,73280
27-Dec-11,37.00,37.00,37.00,37.00,0
23-Dec-11,37.34,37.34,37.34,37.34,0
22-Dec-11,36.77,36.77,36.77,36.77,0
21-Dec-11,35.90,36.78,35.71,36.78,135212
20-Dec-11,36.00,36.41,35.44,35.82,467142
19-Dec-11,36.31,36.31,35.45,35.49,126974
16-Dec-11,36.15,36.20,35.71,36.00,350310
15-Dec-11,35.80,35.80,35.80,35.80,0
14-Dec-11,34.94,35.42,34.46,34.52,167986
13-Dec-11,35.07,36.04,35.07,35.27,88710
12-Dec-11,35.74,35.96,34.99,35.48,119800
9-Dec-11,35.78,36.45,35.45,36.22,151870
8-Dec-11,36.60,36.83,35.60,35.62,172898
7-Dec-11,36.68,37.08,36.53,36.86,129490
6-Dec-11,36.65,37.04,36.54,36.93,162928
5-Dec-11,36.52,36.56,36.02,36.54,126430
2-Dec-11,36.20,36.20,36.20,36.20,0
1-Dec-11,36.23,36.58,36.10,36.20,199380
30-Nov-11,36.16,36.45,35.58,36.19,317246
29-Nov-11,34.86,35.00,34.50,34.98,256714
28-Nov-11,34.60,34.60,34.60,34.60,0
25-Nov-11,33.76,33.76,33.10,33.25,91354
23-Nov-11,33.87,33.87,33.87,33.87,0
22-Nov-11,33.98,34.28,33.78,34.00,98242
21-Nov-11,33.92,34.23,33.88,34.06,142814
18-Nov-11,34.60,34.70,34.06,34.40,79558
17-Nov-11,34.98,35.54,34.47,34.55,90902
16-Nov-11,35.22,35.91,34.82,35.02,213658
15-Nov-11,35.00,35.90,34.74,35.66,194936
14-Nov-11,35.52,35.68,35.00,35.16,330196
11-Nov-11,34.68,35.64,34.06,35.60,209600
10-Nov-11,34.40,34.40,34.40,34.40,0
9-Nov-11,35.16,35.84,34.51,34.60,143734
8-Nov-11,35.50,36.04,35.08,35.98,267820
7-Nov-11,36.07,36.07,34.62,35.50,219076
4-Nov-11,34.84,36.18,34.66,36.02,355676
3-Nov-11,33.98,36.39,33.36,35.08,1160696
2-Nov-11,30.68,31.43,30.30,30.96,271744
1-Nov-11,30.01,30.01,30.01,30.01,0
31-Oct-11,30.61,30.90,30.34,30.62,248368
28-Oct-11,31.26,31.50,30.81,30.88,273696
27-Oct-11,31.25,31.44,31.02,31.29,526752
26-Oct-11,31.01,31.01,29.98,30.74,146436
25-Oct-11,31.08,31.40,30.46,30.54,232782
24-Oct-11,31.12,31.12,31.12,31.12,0
21-Oct-11,31.92,31.92,30.86,31.20,282364
20-Oct-11,32.08,32.12,31.18,31.36,90012
19-Oct-11,32.91,32.91,32.91,32.91,0
18-Oct-11,32.05,33.33,32.02,33.00,161278
17-Oct-11,32.28,32.45,31.79,31.90,195042
14-Oct-11,31.86,32.56,31.75,32.50,66224
13-Oct-11,31.50,31.50,31.50,31.50,0
12-Oct-11,31.70,31.82,30.90,31.54,261968
11-Oct-11,31.64,32.50,31.43,31.44,326430
10-Oct-11,30.53,31.95,30.43,31.84,187800
7-Oct-11,30.72,30.72,29.80,30.00,219784
6-Oct-11,30.40,30.40,30.40,30.40,0
5-Oct-11,30.81,30.84,29.78,30.23,251838
4-Oct-11,29.26,30.94,28.72,30.94,293948
3-Oct-11,32.10,32.34,29.33,29.36,421978
30-Sep-11,31.64,32.64,31.39,32.26,179262
29-Sep-11,32.13,32.84,31.50,32.14,216268
