Date,Open,High,Low,Close,Volume
26-Sep-12,1.34,1.34,1.25,1.26,20325
25-Sep-12,1.34,1.35,1.23,1.24,33010
24-Sep-12,1.32,1.32,1.28,1.28,15113
21-Sep-12,1.37,1.37,1.27,1.27,4432
20-Sep-12,1.26,1.37,1.26,1.37,1350
19-Sep-12,1.27,1.34,1.27,1.34,2400
18-Sep-12,1.36,1.36,1.27,1.27,7800
17-Sep-12,1.29,1.35,1.29,1.34,2835
14-Sep-12,1.32,1.35,1.26,1.31,4329
13-Sep-12,1.39,1.39,1.25,1.34,7725
12-Sep-12,1.37,1.41,1.37,1.41,1537
11-Sep-12,1.42,1.42,1.33,1.33,2985
10-Sep-12,1.42,1.42,1.41,1.41,2100
7-Sep-12,1.38,1.43,1.38,1.42,20170
6-Sep-12,1.40,1.43,1.39,1.41,16083
5-Sep-12,1.36,1.40,1.28,1.40,34983
4-Sep-12,1.20,1.40,1.16,1.36,146752
31-Aug-12,1.30,1.45,1.21,1.21,44675
30-Aug-12,0.00,1.42,1.30,1.40,29700
29-Aug-12,1.32,1.36,1.32,1.36,4553
28-Aug-12,1.32,1.36,1.32,1.36,11288
27-Aug-12,1.38,1.46,1.36,1.38,22194
24-Aug-12,1.32,1.46,1.32,1.36,10000
23-Aug-12,1.44,1.44,1.34,1.34,28029
22-Aug-12,1.46,1.46,1.30,1.44,20584
21-Aug-12,1.38,1.44,1.36,1.44,11262
20-Aug-12,1.46,1.46,1.36,1.44,23882
17-Aug-12,1.42,1.46,1.38,1.40,6360
16-Aug-12,1.40,1.44,1.38,1.42,24750
15-Aug-12,1.44,1.44,1.38,1.41,4008
14-Aug-12,1.43,1.47,1.38,1.44,36305
13-Aug-12,1.50,1.50,1.42,1.43,12504
10-Aug-12,1.44,1.52,1.42,1.51,7346
9-Aug-12,1.46,1.52,1.44,1.50,3996
8-Aug-12,1.44,1.48,1.42,1.44,17805
7-Aug-12,1.44,1.49,1.42,1.43,49317
6-Aug-12,1.40,1.56,1.40,1.42,21172
3-Aug-12,1.52,1.52,1.44,1.46,1952
2-Aug-12,1.56,1.56,1.40,1.48,7925
1-Aug-12,1.46,1.54,1.46,1.46,29818
31-Jul-12,1.54,1.56,1.46,1.50,23788
30-Jul-12,1.46,1.54,1.46,1.50,19508
27-Jul-12,1.56,1.58,1.46,1.47,13950
26-Jul-12,1.50,1.58,1.44,1.50,26550
25-Jul-12,1.52,1.52,1.46,1.50,20750
24-Jul-12,1.60,1.60,1.50,1.51,22512
23-Jul-12,1.56,1.60,1.49,1.60,16158
20-Jul-12,1.50,1.63,1.48,1.52,19406
19-Jul-12,1.50,1.50,1.46,1.50,14864
18-Jul-12,1.58,1.58,1.46,1.52,18822
17-Jul-12,1.50,1.60,1.50,1.58,71949
16-Jul-12,1.50,1.52,1.45,1.50,19006
13-Jul-12,1.46,1.52,1.46,1.52,37305
12-Jul-12,1.48,1.50,1.40,1.44,28947
11-Jul-12,1.50,1.50,1.44,1.50,19111
10-Jul-12,1.46,1.50,1.40,1.49,63298
9-Jul-12,1.42,1.46,1.40,1.46,72849
6-Jul-12,1.38,1.42,1.36,1.36,18119
5-Jul-12,1.40,1.42,1.34,1.40,43731
3-Jul-12,1.28,1.40,1.28,1.40,18730
2-Jul-12,1.29,1.33,1.28,1.30,10506
29-Jun-12,1.28,1.40,1.26,1.30,29082
28-Jun-12,1.20,1.26,1.18,1.20,37966
27-Jun-12,1.24,1.34,1.22,1.25,37842
26-Jun-12,1.28,1.36,1.24,1.24,23276
25-Jun-12,1.28,1.38,1.22,1.28,20888
22-Jun-12,1.40,1.40,1.26,1.26,87468
21-Jun-12,1.33,1.36,1.30,1.30,38366
20-Jun-12,1.40,1.40,1.31,1.32,38208
19-Jun-12,1.31,1.40,1.30,1.31,44382
18-Jun-12,1.34,1.38,1.31,1.31,33084
15-Jun-12,1.40,1.48,1.34,1.38,117948
14-Jun-12,1.36,1.40,1.32,1.40,11848
13-Jun-12,1.38,1.40,1.31,1.40,11279
12-Jun-12,1.32,1.34,1.31,1.31,10458
11-Jun-12,1.36,1.36,1.31,1.32,17850
8-Jun-12,1.33,1.38,1.33,1.33,9440
7-Jun-12,1.34,1.42,1.33,1.36,11730
6-Jun-12,1.38,1.38,1.34,1.34,17746
5-Jun-12,1.36,1.48,1.36,1.36,38704
4-Jun-12,1.38,1.42,1.36,1.36,54956
1-Jun-12,1.46,1.46,1.41,1.41,9520
31-May-12,1.44,1.50,1.44,1.50,8410
30-May-12,1.54,1.54,1.42,1.42,7834
29-May-12,1.54,1.56,1.44,1.44,44566
25-May-12,1.45,1.55,1.38,1.40,9741
24-May-12,1.44,1.46,1.44,1.46,1630
23-May-12,1.46,1.51,1.40,1.51,4907
22-May-12,1.36,1.52,1.36,1.40,23824
21-May-12,1.44,1.44,1.36,1.40,5501
18-May-12,1.40,1.44,1.40,1.44,8942
17-May-12,1.46,1.48,1.40,1.40,12710
16-May-12,1.44,1.56,1.44,1.45,12304
15-May-12,1.56,1.58,1.44,1.54,16325
14-May-12,1.48,1.56,1.48,1.56,11070
11-May-12,1.52,1.53,1.46,1.53,10028
10-May-12,1.49,1.57,1.46,1.57,9739
9-May-12,1.50,1.50,1.44,1.49,3900
8-May-12,1.48,1.50,1.44,1.46,21304
7-May-12,1.54,1.56,1.46,1.50,24854
4-May-12,1.46,1.56,1.46,1.48,9004
3-May-12,1.58,1.58,1.50,1.50,10868
2-May-12,1.62,1.64,1.46,1.58,16507
1-May-12,1.50,1.64,1.44,1.62,49278
30-Apr-12,1.37,1.59,1.37,1.50,88645
27-Apr-12,1.36,1.40,1.36,1.37,20050
26-Apr-12,1.40,1.50,1.36,1.36,108246
25-Apr-12,1.43,1.44,1.38,1.40,34298
24-Apr-12,1.46,1.50,1.40,1.42,57846
23-Apr-12,1.38,1.46,1.38,1.38,50120
20-Apr-12,1.36,1.40,1.36,1.36,9218
19-Apr-12,1.34,1.40,1.34,1.36,5988
18-Apr-12,1.40,1.40,1.34,1.34,65566
17-Apr-12,1.40,1.40,1.33,1.34,41844
16-Apr-12,1.36,1.40,1.34,1.36,14200
13-Apr-12,1.36,1.40,1.34,1.36,16602
12-Apr-12,1.44,1.47,1.32,1.32,49985
11-Apr-12,1.54,1.54,1.43,1.45,32954
10-Apr-12,1.54,1.58,1.44,1.54,39794
9-Apr-12,1.54,1.60,1.46,1.54,22718
5-Apr-12,1.62,1.64,1.53,1.60,34065
4-Apr-12,1.60,1.60,1.54,1.58,23792
3-Apr-12,1.46,1.62,1.44,1.59,88752
2-Apr-12,1.44,1.56,1.40,1.44,10091
30-Mar-12,1.46,1.56,1.46,1.46,4480
29-Mar-12,1.52,1.56,1.44,1.44,26842
28-Mar-12,1.52,1.58,1.46,1.46,36342
27-Mar-12,1.40,1.58,1.40,1.50,79246
26-Mar-12,1.46,1.52,1.44,1.44,17832
23-Mar-12,1.44,1.54,1.43,1.46,61816
22-Mar-12,1.46,1.46,1.40,1.46,24286
21-Mar-12,1.44,1.46,1.36,1.42,19250
20-Mar-12,1.46,1.46,1.38,1.45,15500
19-Mar-12,1.36,1.46,1.36,1.44,123000
16-Mar-12,1.36,1.38,1.32,1.32,22151
15-Mar-12,1.36,1.40,1.32,1.36,98572
14-Mar-12,1.36,1.36,1.31,1.33,19267
13-Mar-12,1.40,1.40,1.30,1.33,36004
12-Mar-12,1.36,1.36,1.30,1.34,13328
9-Mar-12,1.34,1.36,1.32,1.32,7838
8-Mar-12,1.34,1.36,1.34,1.36,16727
7-Mar-12,1.30,1.35,1.30,1.34,15431
6-Mar-12,1.35,1.35,1.30,1.30,12644
5-Mar-12,1.37,1.37,1.32,1.34,7432
2-Mar-12,1.30,1.37,1.30,1.30,25175
1-Mar-12,1.30,1.40,1.30,1.37,13784
29-Feb-12,1.43,1.43,1.30,1.30,37844
28-Feb-12,1.36,1.40,1.34,1.38,84798
27-Feb-12,1.42,1.42,1.34,1.36,55283
24-Feb-12,1.40,1.40,1.36,1.37,22024
23-Feb-12,1.44,1.44,1.36,1.40,28031
22-Feb-12,1.40,1.42,1.36,1.39,18898
21-Feb-12,1.44,1.48,1.40,1.40,81085
17-Feb-12,1.40,1.48,1.36,1.41,18202
16-Feb-12,1.37,1.40,1.34,1.40,26267
15-Feb-12,1.40,1.46,1.34,1.36,36428
14-Feb-12,1.36,1.40,1.36,1.40,15426
13-Feb-12,1.54,1.54,1.35,1.40,27526
10-Feb-12,1.50,1.50,1.40,1.40,40494
9-Feb-12,1.58,1.58,1.46,1.49,63611
8-Feb-12,1.46,1.56,1.40,1.52,30924
7-Feb-12,1.44,1.50,1.44,1.46,14213
6-Feb-12,1.58,1.58,1.40,1.44,32736
3-Feb-12,1.40,1.56,1.40,1.54,130334
2-Feb-12,1.36,1.44,1.36,1.44,18132
1-Feb-12,1.46,1.46,1.34,1.42,16300
31-Jan-12,1.38,1.44,1.28,1.42,32873
30-Jan-12,1.40,1.42,1.28,1.35,36576
27-Jan-12,1.38,1.40,1.36,1.40,27660
26-Jan-12,1.40,1.46,1.38,1.40,62652
25-Jan-12,1.48,1.54,1.40,1.43,62126
24-Jan-12,1.50,1.54,1.44,1.46,17953
23-Jan-12,1.50,1.50,1.44,1.46,20776
20-Jan-12,1.50,1.52,1.44,1.44,26228
19-Jan-12,1.60,1.60,1.42,1.42,44080
18-Jan-12,1.46,1.58,1.41,1.46,21552
17-Jan-12,1.56,1.60,1.45,1.48,38266
13-Jan-12,1.50,1.50,1.50,1.50,0
12-Jan-12,1.58,1.60,1.52,1.57,58256
11-Jan-12,1.58,1.58,1.54,1.58,26764
10-Jan-12,1.58,1.58,1.54,1.58,48348
9-Jan-12,1.48,1.54,1.48,1.54,33100
6-Jan-12,1.42,1.47,1.42,1.47,23377
5-Jan-12,1.48,1.48,1.40,1.40,21826
4-Jan-12,1.42,1.48,1.40,1.48,17110
3-Jan-12,1.42,1.48,1.38,1.45,43165
30-Dec-11,1.36,1.36,1.36,1.36,0
29-Dec-11,1.42,1.42,1.38,1.40,13288
28-Dec-11,1.42,1.42,1.38,1.38,49884
27-Dec-11,1.44,1.44,1.38,1.42,15700
23-Dec-11,1.48,1.48,1.48,1.48,0
22-Dec-11,1.38,1.48,1.34,1.45,45439
21-Dec-11,1.36,1.44,1.30,1.40,41852
20-Dec-11,1.42,1.46,1.28,1.40,47647
19-Dec-11,1.42,1.46,1.28,1.44,128946
16-Dec-11,1.50,1.54,1.40,1.40,46151
15-Dec-11,1.50,1.54,1.44,1.54,37724
14-Dec-11,1.48,1.48,1.38,1.44,71081
13-Dec-11,1.50,1.54,1.40,1.54,45789
12-Dec-11,1.44,1.54,1.40,1.47,23634
9-Dec-11,1.56,1.56,1.48,1.52,72383
8-Dec-11,1.58,1.58,1.48,1.48,43072
7-Dec-11,1.52,1.59,1.48,1.56,17988
6-Dec-11,1.64,1.64,1.40,1.58,51476
5-Dec-11,1.60,1.70,1.50,1.62,32053
2-Dec-11,1.58,1.60,1.45,1.60,36224
1-Dec-11,1.54,1.60,1.44,1.58,14994
30-Nov-11,1.62,1.62,1.46,1.58,38940
29-Nov-11,1.58,1.62,1.52,1.54,27282
28-Nov-11,1.46,1.56,1.40,1.50,29726
25-Nov-11,1.40,1.46,1.36,1.44,44296
23-Nov-11,1.48,1.48,1.48,1.48,0
22-Nov-11,1.58,1.62,1.54,1.60,16600
21-Nov-11,1.66,1.66,1.46,1.62,55770
18-Nov-11,1.70,1.70,1.62,1.68,26782
17-Nov-11,1.64,1.68,1.60,1.68,29320
16-Nov-11,1.67,1.67,1.54,1.62,10587
15-Nov-11,1.60,1.70,1.60,1.65,24874
14-Nov-11,1.66,1.70,1.50,1.62,32502
11-Nov-11,1.72,1.72,1.58,1.66,64819
10-Nov-11,1.80,1.80,1.68,1.76,35620
9-Nov-11,1.62,1.76,1.60,1.68,65120
8-Nov-11,1.52,1.60,1.52,1.60,54370
7-Nov-11,1.40,1.54,1.40,1.52,46588
4-Nov-11,1.41,1.41,1.38,1.40,35944
3-Nov-11,1.40,1.48,1.38,1.41,67306
2-Nov-11,1.44,1.44,1.40,1.40,4768
1-Nov-11,1.38,1.44,1.34,1.43,42807
31-Oct-11,1.36,1.42,1.35,1.36,50892
28-Oct-11,1.36,1.40,1.32,1.36,26608
27-Oct-11,1.32,1.38,1.28,1.33,73030
26-Oct-11,1.31,1.32,1.28,1.28,11237
25-Oct-11,1.30,1.32,1.24,1.30,22900
24-Oct-11,1.28,1.30,1.24,1.28,82160
21-Oct-11,1.30,1.30,1.24,1.26,49075
20-Oct-11,1.30,1.34,1.26,1.26,26470
19-Oct-11,1.36,1.36,1.31,1.34,33892
18-Oct-11,1.38,1.38,1.27,1.30,72508
17-Oct-11,1.44,1.44,1.32,1.33,81757
14-Oct-11,1.44,1.44,1.32,1.32,38903
13-Oct-11,1.40,1.40,1.34,1.36,38480
12-Oct-11,1.44,1.44,1.34,1.36,143782
11-Oct-11,1.30,1.38,1.30,1.36,64243
10-Oct-11,1.40,1.40,1.34,1.34,52320
7-Oct-11,1.54,1.54,1.22,1.39,485080
6-Oct-11,1.78,1.78,1.44,1.64,30426
5-Oct-11,1.52,1.87,1.52,1.74,40630
4-Oct-11,1.64,1.70,1.10,1.52,65309
3-Oct-11,1.66,1.72,1.64,1.64,30062
30-Sep-11,1.74,1.86,1.72,1.85,11462
29-Sep-11,1.75,1.88,1.72,1.74,17205
