Date,Open,High,Low,Close,Volume
26-Sep-12,4.23,4.31,4.17,4.30,855165
25-Sep-12,4.27,4.35,4.20,4.21,1682998
24-Sep-12,4.34,4.34,4.20,4.26,1363175
21-Sep-12,4.27,4.36,4.19,4.34,409593
20-Sep-12,4.26,4.38,4.18,4.21,213248
19-Sep-12,4.19,4.32,4.12,4.32,265275
18-Sep-12,4.09,4.20,4.04,4.17,171903
17-Sep-12,4.08,4.14,4.05,4.09,112288
14-Sep-12,4.11,4.18,4.04,4.12,217851
13-Sep-12,3.87,4.16,3.87,4.10,269859
12-Sep-12,3.81,3.92,3.75,3.91,174728
11-Sep-12,3.76,3.81,3.73,3.80,94664
10-Sep-12,3.74,3.85,3.74,3.75,111771
7-Sep-12,3.83,3.85,3.76,3.78,504904
6-Sep-12,3.87,3.91,3.79,3.80,605740
5-Sep-12,3.91,3.91,3.80,3.86,391315
4-Sep-12,3.80,3.91,3.75,3.86,452906
31-Aug-12,3.93,3.94,3.75,3.81,801711
30-Aug-12,3.91,3.96,3.86,3.91,1081326
29-Aug-12,3.80,3.92,3.80,3.92,1458892
28-Aug-12,3.75,3.80,3.71,3.79,1483414
27-Aug-12,3.70,3.76,3.68,3.75,584558
24-Aug-12,3.59,3.72,3.59,3.68,621926
23-Aug-12,3.61,3.63,3.52,3.60,847715
22-Aug-12,3.73,3.74,3.56,3.62,1379059
21-Aug-12,3.89,3.98,3.66,3.67,1068631
20-Aug-12,3.93,3.98,3.87,3.88,561200
17-Aug-12,4.00,4.03,3.85,3.86,715688
16-Aug-12,4.11,4.13,4.01,4.02,365077
15-Aug-12,4.09,4.14,4.03,4.10,830986
14-Aug-12,4.09,4.13,4.01,4.03,508376
13-Aug-12,4.04,4.06,3.99,4.05,1172177
10-Aug-12,4.06,4.06,4.01,4.04,462413
9-Aug-12,4.14,4.14,4.06,4.06,483732
8-Aug-12,4.15,4.22,4.09,4.13,388978
7-Aug-12,4.25,4.32,4.15,4.18,794156
6-Aug-12,4.11,4.18,4.02,4.04,513499
3-Aug-12,4.06,4.15,4.02,4.11,877580
2-Aug-12,4.01,4.14,3.90,3.96,992494
1-Aug-12,4.23,4.43,3.96,4.09,1140919
31-Jul-12,4.16,4.25,4.08,4.19,649551
30-Jul-12,4.30,4.31,4.13,4.14,415042
27-Jul-12,4.17,4.35,4.13,4.30,453279
26-Jul-12,4.26,4.28,4.13,4.16,406281
25-Jul-12,4.07,4.26,4.02,4.17,775999
24-Jul-12,4.35,4.36,3.97,4.06,1851778
23-Jul-12,4.30,4.37,4.26,4.33,520065
20-Jul-12,4.50,4.50,4.30,4.39,766080
19-Jul-12,4.60,4.60,4.45,4.51,325532
18-Jul-12,4.50,4.61,4.49,4.54,449468
17-Jul-12,4.47,4.54,4.37,4.50,553737
16-Jul-12,4.49,4.56,4.42,4.46,441941
13-Jul-12,4.44,4.58,4.44,4.52,431059
12-Jul-12,4.31,4.52,4.25,4.43,775201
11-Jul-12,4.31,4.40,4.25,4.37,1476259
10-Jul-12,4.49,4.49,4.37,4.41,1064048
9-Jul-12,4.49,4.56,4.46,4.48,612889
6-Jul-12,4.53,4.59,4.48,4.54,427963
5-Jul-12,4.68,4.72,4.53,4.56,684081
3-Jul-12,4.64,4.71,4.58,4.69,478657
2-Jul-12,4.50,4.66,4.48,4.65,1169638
29-Jun-12,4.73,4.73,4.64,4.69,1217754
28-Jun-12,4.65,4.70,4.57,4.64,622911
27-Jun-12,4.61,4.70,4.59,4.69,1210701
26-Jun-12,4.65,4.69,4.53,4.58,738086
25-Jun-12,4.69,4.69,4.58,4.65,898115
22-Jun-12,4.67,4.73,4.62,4.65,1590270
21-Jun-12,4.70,4.75,4.61,4.65,1776092
20-Jun-12,4.68,4.71,4.59,4.70,7074864
19-Jun-12,5.00,5.23,4.61,4.70,10635478
18-Jun-12,5.07,5.50,5.05,5.39,871736
15-Jun-12,5.05,5.16,4.98,5.09,801104
14-Jun-12,4.99,5.10,4.96,5.07,392934
13-Jun-12,4.91,5.04,4.87,5.00,493087
12-Jun-12,4.89,4.97,4.79,4.93,316769
11-Jun-12,4.90,4.90,4.78,4.87,535288
8-Jun-12,4.93,4.96,4.80,4.84,808837
7-Jun-12,4.84,5.00,4.78,4.95,1036944
6-Jun-12,4.51,4.77,4.51,4.77,511591
5-Jun-12,4.54,4.64,4.47,4.49,775025
4-Jun-12,4.58,4.69,4.40,4.56,618414
1-Jun-12,4.62,4.72,4.52,4.57,395211
31-May-12,4.86,4.90,4.64,4.74,1122434
30-May-12,4.88,4.91,4.79,4.84,510155
29-May-12,4.99,5.05,4.93,4.95,484497
25-May-12,4.95,5.04,4.91,4.96,392614
24-May-12,4.84,5.00,4.81,4.93,578760
23-May-12,4.82,4.88,4.70,4.83,618823
22-May-12,4.96,5.01,4.81,4.86,493060
21-May-12,4.82,4.97,4.73,4.96,460022
18-May-12,4.83,4.94,4.73,4.79,530236
17-May-12,5.08,5.08,4.80,4.84,522864
16-May-12,5.04,5.09,4.91,5.07,408356
15-May-12,4.98,5.05,4.93,5.03,595680
14-May-12,4.99,5.06,4.93,4.98,495268
11-May-12,5.03,5.10,4.95,5.07,606892
10-May-12,4.98,5.08,4.88,5.06,889769
9-May-12,4.84,5.05,4.72,4.93,1097273
8-May-12,4.74,4.96,4.72,4.85,1921334
7-May-12,4.55,4.81,4.43,4.81,1566612
4-May-12,4.17,4.62,4.17,4.54,4607352
3-May-12,4.26,4.37,4.15,4.33,511252
2-May-12,4.21,4.31,4.18,4.27,511003
1-May-12,4.41,4.45,4.25,4.25,652289
30-Apr-12,4.48,4.55,4.41,4.42,390155
27-Apr-12,4.44,4.50,4.32,4.48,521792
26-Apr-12,4.41,4.47,4.36,4.44,285708
25-Apr-12,4.47,4.50,4.39,4.44,485356
24-Apr-12,4.19,4.41,4.10,4.39,581861
23-Apr-12,4.25,4.29,4.16,4.20,491936
20-Apr-12,4.13,4.31,4.05,4.28,2164512
19-Apr-12,4.03,4.15,3.99,4.06,393011
18-Apr-12,4.06,4.07,4.00,4.01,386329
17-Apr-12,4.05,4.12,4.03,4.09,511239
16-Apr-12,4.09,4.09,3.96,3.99,515465
13-Apr-12,4.16,4.20,4.02,4.05,524600
12-Apr-12,4.03,4.25,4.03,4.18,525636
11-Apr-12,4.07,4.13,4.01,4.02,422098
10-Apr-12,4.15,4.19,4.01,4.01,834538
9-Apr-12,4.18,4.20,4.15,4.15,390062
5-Apr-12,4.23,4.27,4.20,4.25,283714
4-Apr-12,4.33,4.36,4.22,4.26,400765
3-Apr-12,4.41,4.51,4.38,4.40,702264
2-Apr-12,4.25,4.44,4.25,4.43,573742
30-Mar-12,4.35,4.35,4.27,4.27,391675
29-Mar-12,4.32,4.34,4.26,4.30,425142
28-Mar-12,4.35,4.42,4.31,4.35,336656
27-Mar-12,4.38,4.43,4.31,4.32,462110
26-Mar-12,4.29,4.39,4.27,4.35,504532
23-Mar-12,4.35,4.40,4.18,4.25,1319474
22-Mar-12,4.39,4.44,4.31,4.39,385661
21-Mar-12,4.49,4.58,4.44,4.45,437518
20-Mar-12,4.39,4.53,4.38,4.50,434841
19-Mar-12,4.42,4.63,4.35,4.44,742052
16-Mar-12,4.45,4.52,4.36,4.44,602215
15-Mar-12,4.48,4.54,4.42,4.45,447462
14-Mar-12,4.40,4.50,4.35,4.44,526692
13-Mar-12,4.26,4.42,4.23,4.41,754516
12-Mar-12,4.20,4.27,4.14,4.22,349802
9-Mar-12,4.17,4.26,4.13,4.21,590926
8-Mar-12,4.15,4.19,4.11,4.16,328087
7-Mar-12,4.15,4.24,4.07,4.11,481650
6-Mar-12,4.12,4.24,4.08,4.14,808577
5-Mar-12,4.25,4.30,4.20,4.25,414950
2-Mar-12,4.30,4.38,4.21,4.27,709102
1-Mar-12,4.18,4.32,4.15,4.30,827851
29-Feb-12,4.42,4.57,4.15,4.17,1450208
28-Feb-12,4.36,4.45,4.33,4.41,1234682
27-Feb-12,4.38,4.40,4.26,4.34,1133267
24-Feb-12,4.47,4.55,4.46,4.49,391302
23-Feb-12,4.40,4.49,4.40,4.46,460850
22-Feb-12,4.54,4.55,4.36,4.40,737350
21-Feb-12,4.70,4.72,4.50,4.56,531242
17-Feb-12,4.62,4.64,4.54,4.61,558569
16-Feb-12,4.69,4.82,4.59,4.62,646969
15-Feb-12,4.59,4.68,4.54,4.63,427959
14-Feb-12,4.63,4.70,4.54,4.58,504980
13-Feb-12,4.69,4.71,4.55,4.64,582649
10-Feb-12,4.70,4.70,4.61,4.65,640228
9-Feb-12,4.95,5.00,4.68,4.77,1359255
8-Feb-12,5.14,5.23,5.11,5.21,649278
7-Feb-12,5.19,5.31,5.08,5.15,584647
6-Feb-12,5.10,5.22,4.86,5.18,395810
3-Feb-12,5.21,5.25,5.00,5.14,656854
2-Feb-12,5.06,5.15,5.00,5.14,563225
1-Feb-12,4.84,5.07,4.84,5.06,677800
31-Jan-12,4.91,4.96,4.76,4.81,414048
30-Jan-12,4.61,4.92,4.56,4.86,789244
27-Jan-12,4.71,4.77,4.63,4.66,1146599
26-Jan-12,4.87,4.95,4.63,4.72,1209025
25-Jan-12,5.09,5.33,4.77,4.85,2795319
24-Jan-12,4.60,4.82,4.46,4.75,571271
23-Jan-12,4.71,4.74,4.59,4.62,439187
20-Jan-12,4.62,4.77,4.57,4.75,1027449
19-Jan-12,4.77,4.82,4.60,4.63,409744
18-Jan-12,4.62,4.76,4.54,4.75,452913
17-Jan-12,4.67,4.74,4.60,4.61,774727
13-Jan-12,4.63,4.63,4.63,4.63,0
12-Jan-12,4.44,4.77,4.34,4.66,1168755
11-Jan-12,4.24,4.45,4.19,4.44,638298
10-Jan-12,4.18,4.38,4.13,4.26,631376
9-Jan-12,4.30,4.31,4.13,4.15,673610
6-Jan-12,4.16,4.38,4.16,4.31,676105
5-Jan-12,4.26,4.32,4.15,4.16,429405
4-Jan-12,4.20,4.35,4.13,4.26,837632
3-Jan-12,4.19,4.22,4.14,4.19,609025
30-Dec-11,4.09,4.09,4.09,4.09,0
29-Dec-11,4.18,4.20,4.12,4.20,392847
28-Dec-11,4.13,4.19,4.11,4.14,810338
27-Dec-11,4.12,4.16,4.09,4.15,337836
23-Dec-11,4.15,4.15,4.15,4.15,0
22-Dec-11,4.00,4.22,4.00,4.18,805943
21-Dec-11,3.94,4.02,3.85,3.99,637931
20-Dec-11,3.80,3.97,3.80,3.96,713657
19-Dec-11,3.83,3.88,3.68,3.70,926051
16-Dec-11,3.88,3.96,3.75,3.80,1439849
15-Dec-11,3.93,3.95,3.77,3.86,1236881
14-Dec-11,3.90,3.99,3.77,3.78,1343486
13-Dec-11,3.91,4.01,3.85,3.92,1236937
12-Dec-11,3.87,3.87,3.87,3.87,0
9-Dec-11,4.08,4.11,3.94,3.96,1367598
8-Dec-11,4.20,4.24,4.04,4.05,1056794
7-Dec-11,4.23,4.26,4.16,4.23,749633
6-Dec-11,4.35,4.36,4.25,4.26,711848
5-Dec-11,4.38,4.41,4.27,4.35,938044
2-Dec-11,4.44,4.44,4.22,4.29,1105584
1-Dec-11,4.51,4.53,4.36,4.36,1684411
30-Nov-11,4.48,4.85,4.45,4.52,2967123
29-Nov-11,4.62,4.63,4.53,4.63,510049
28-Nov-11,4.47,4.63,4.47,4.63,804004
25-Nov-11,4.32,4.44,4.27,4.29,267200
23-Nov-11,4.39,4.39,4.39,4.39,0
22-Nov-11,4.59,4.65,4.51,4.53,465454
21-Nov-11,4.65,4.70,4.49,4.58,759343
18-Nov-11,4.75,4.75,4.75,4.75,0
17-Nov-11,4.91,5.10,4.80,4.85,1038636
16-Nov-11,4.95,5.01,4.86,4.89,677164
15-Nov-11,4.95,4.95,4.95,4.95,0
14-Nov-11,4.85,5.02,4.85,4.97,879545
11-Nov-11,4.83,4.91,4.82,4.90,759358
10-Nov-11,4.79,4.87,4.71,4.76,807029
9-Nov-11,4.78,4.93,4.69,4.70,625641
8-Nov-11,4.92,4.99,4.76,4.95,1026522
7-Nov-11,4.91,5.00,4.78,4.89,550084
4-Nov-11,4.88,5.05,4.84,4.91,875555
3-Nov-11,4.78,4.98,4.61,4.95,3437062
2-Nov-11,5.34,5.34,4.85,5.00,2586931
1-Nov-11,5.31,5.45,5.14,5.23,996053
31-Oct-11,5.61,5.61,5.61,5.61,0
28-Oct-11,5.71,5.95,5.50,5.83,1203235
27-Oct-11,5.61,5.86,5.35,5.73,1430033
26-Oct-11,5.46,5.50,5.35,5.40,1244017
25-Oct-11,5.42,5.47,5.21,5.36,949318
24-Oct-11,5.26,5.49,5.10,5.48,2601107
21-Oct-11,5.00,5.29,5.00,5.24,1804807
20-Oct-11,4.91,4.98,4.74,4.88,585015
19-Oct-11,5.02,5.02,4.86,4.92,1016755
18-Oct-11,5.01,5.18,4.84,5.06,727885
17-Oct-11,5.36,5.36,4.99,5.00,1264116
14-Oct-11,5.37,5.46,5.19,5.43,811844
13-Oct-11,5.32,5.50,5.21,5.26,874886
12-Oct-11,5.55,5.56,5.31,5.34,1252391
11-Oct-11,5.31,5.49,5.28,5.46,1109443
10-Oct-11,5.52,5.60,5.26,5.37,1221393
7-Oct-11,5.34,5.50,5.15,5.42,1798002
6-Oct-11,5.47,5.70,5.38,5.69,910414
5-Oct-11,5.17,5.56,5.17,5.48,1601440
4-Oct-11,4.68,5.21,4.56,5.21,2795255
3-Oct-11,4.85,5.01,4.74,4.74,2343277
30-Sep-11,4.99,5.14,4.90,4.90,1102263
29-Sep-11,5.16,5.22,4.90,5.10,1659284
