Date,Open,High,Low,Close,Volume
26-Sep-12,32.12,32.30,31.95,32.04,46722
25-Sep-12,32.61,32.79,31.95,31.99,73391
24-Sep-12,31.62,32.46,31.62,32.38,115062
21-Sep-12,31.98,31.98,31.33,31.80,96634
20-Sep-12,31.41,31.60,31.33,31.52,14855
19-Sep-12,31.45,31.52,31.24,31.47,38056
18-Sep-12,31.21,31.50,31.21,31.49,34898
17-Sep-12,31.26,31.35,30.94,31.34,25815
14-Sep-12,31.35,31.39,31.27,31.35,47700
13-Sep-12,31.16,31.35,31.15,31.32,36350
12-Sep-12,31.26,31.35,30.99,31.20,15217
11-Sep-12,31.00,31.33,30.83,31.27,39781
10-Sep-12,31.25,31.35,31.22,31.22,20965
7-Sep-12,31.35,31.39,31.03,31.29,94934
6-Sep-12,30.81,31.31,30.61,31.30,83954
5-Sep-12,30.57,30.65,30.06,30.61,73919
4-Sep-12,29.60,30.45,29.07,30.40,68764
31-Aug-12,29.94,29.94,29.13,29.56,253311
30-Aug-12,29.80,29.98,29.40,29.73,43247
29-Aug-12,30.18,30.18,29.84,29.98,49661
28-Aug-12,29.66,30.18,29.66,30.07,58482
27-Aug-12,29.96,30.00,29.67,29.73,41498
24-Aug-12,30.02,30.24,29.77,29.85,52824
23-Aug-12,30.99,30.99,30.07,30.16,51136
22-Aug-12,31.07,31.28,30.87,30.97,56642
21-Aug-12,30.98,31.36,30.76,31.15,71722
20-Aug-12,31.17,31.19,30.66,30.93,71883
17-Aug-12,30.19,30.76,30.19,30.68,67591
16-Aug-12,30.50,30.51,29.79,30.34,92136
15-Aug-12,30.30,30.67,30.26,30.61,37469
14-Aug-12,30.88,31.00,30.27,30.43,52078
13-Aug-12,31.16,31.34,30.62,30.86,36621
10-Aug-12,31.25,31.25,31.00,31.25,62801
9-Aug-12,31.35,31.35,31.23,31.35,55264
8-Aug-12,31.02,31.35,31.02,31.32,55970
7-Aug-12,30.64,31.35,29.65,31.10,53102
6-Aug-12,30.12,30.80,30.12,30.57,44822
3-Aug-12,29.14,30.34,29.14,30.14,58062
2-Aug-12,28.59,29.18,28.59,28.97,44863
1-Aug-12,29.46,29.73,28.72,28.72,94650
31-Jul-12,30.04,30.04,29.39,29.41,66049
30-Jul-12,30.19,30.48,30.15,30.22,32732
27-Jul-12,29.26,30.26,29.20,30.13,71028
26-Jul-12,29.38,29.40,29.00,29.09,48491
25-Jul-12,28.96,29.20,28.81,29.03,31992
24-Jul-12,29.45,29.45,28.61,28.78,52531
23-Jul-12,29.26,29.53,28.94,29.28,37439
20-Jul-12,29.92,29.92,29.55,29.61,62170
19-Jul-12,30.31,31.00,29.77,29.92,42760
18-Jul-12,30.72,30.77,30.22,30.28,72964
17-Jul-12,30.85,30.93,30.35,30.80,45948
16-Jul-12,30.74,30.85,30.65,30.68,29183
13-Jul-12,30.55,30.99,30.46,30.80,55797
12-Jul-12,30.57,30.59,30.20,30.51,51885
11-Jul-12,30.69,30.91,30.62,30.73,51740
10-Jul-12,30.66,30.79,30.57,30.67,41839
9-Jul-12,30.51,30.82,30.41,30.59,42181
6-Jul-12,30.01,30.63,29.92,30.40,41073
5-Jul-12,30.71,30.86,30.32,30.33,48128
3-Jul-12,30.33,30.75,30.20,30.73,41475
2-Jul-12,29.38,30.23,29.38,30.23,76393
29-Jun-12,28.86,29.33,28.09,29.27,69887
28-Jun-12,28.32,28.41,28.00,28.37,38647
27-Jun-12,27.75,28.49,27.68,28.44,52268
26-Jun-12,27.73,27.98,27.60,27.76,55026
25-Jun-12,27.93,28.02,27.71,27.71,34246
22-Jun-12,28.06,28.49,27.98,28.20,144751
21-Jun-12,28.14,28.30,27.87,27.94,52462
20-Jun-12,28.45,28.54,28.11,28.21,109134
19-Jun-12,28.55,28.65,28.32,28.51,377111
18-Jun-12,28.64,29.97,28.49,28.53,77365
15-Jun-12,28.49,28.88,28.32,28.79,236156
14-Jun-12,28.34,28.62,28.29,28.57,31417
13-Jun-12,28.53,28.66,28.16,28.27,76339
12-Jun-12,28.73,28.73,28.29,28.55,37416
11-Jun-12,29.41,29.41,28.59,28.59,62661
8-Jun-12,28.94,29.24,28.67,29.11,36518
7-Jun-12,29.34,30.00,28.95,28.99,76135
6-Jun-12,28.38,29.11,28.38,29.06,83818
5-Jun-12,27.83,28.36,27.83,28.34,61611
4-Jun-12,27.73,28.19,27.60,27.99,140647
1-Jun-12,27.60,27.89,27.42,27.62,137269
31-May-12,27.85,28.09,27.50,27.98,263568
30-May-12,28.53,28.75,27.79,27.81,142563
29-May-12,28.95,29.10,28.66,28.80,227408
25-May-12,28.11,28.91,28.08,28.82,146101
24-May-12,27.93,28.05,27.50,28.05,99981
23-May-12,27.77,28.10,27.49,27.88,93998
22-May-12,28.25,28.41,27.94,28.04,92095
21-May-12,28.33,28.58,28.10,28.30,77150
18-May-12,28.55,28.55,28.28,28.29,78192
17-May-12,28.78,28.95,28.62,28.65,79836
16-May-12,28.69,29.04,28.69,28.81,89450
15-May-12,28.40,28.78,28.40,28.67,86473
14-May-12,28.25,28.59,28.25,28.48,74992
11-May-12,28.65,28.82,28.44,28.56,51095
10-May-12,28.95,29.03,28.84,28.94,72792
9-May-12,28.95,29.00,28.65,28.84,121698
8-May-12,28.76,29.41,28.70,29.15,112266
7-May-12,28.77,29.20,28.77,29.00,102509
4-May-12,28.92,29.11,28.79,28.87,113721
3-May-12,28.83,29.23,28.83,29.03,101267
2-May-12,28.59,29.09,28.41,28.95,63725
1-May-12,28.80,29.23,28.79,28.84,78557
30-Apr-12,29.00,29.32,28.80,28.86,89103
27-Apr-12,29.01,29.17,28.68,29.09,54009
26-Apr-12,28.62,29.15,28.62,29.05,52781
25-Apr-12,28.80,28.92,28.54,28.77,50286
24-Apr-12,28.25,28.58,28.25,28.54,43202
23-Apr-12,28.25,28.36,28.25,28.27,76402
20-Apr-12,28.83,28.98,28.42,28.44,85171
19-Apr-12,28.33,28.66,28.26,28.29,54828
18-Apr-12,28.79,28.79,28.31,28.37,50321
17-Apr-12,28.94,29.14,28.75,28.87,92439
16-Apr-12,28.31,28.75,28.26,28.68,75381
13-Apr-12,28.46,28.54,28.25,28.25,105442
12-Apr-12,28.68,28.74,28.46,28.47,115652
11-Apr-12,28.92,28.92,28.42,28.72,53015
10-Apr-12,28.95,28.95,28.50,28.52,82600
9-Apr-12,28.98,29.13,28.90,28.96,51328
5-Apr-12,29.25,29.58,29.25,29.48,36398
4-Apr-12,29.47,29.62,29.38,29.42,63977
3-Apr-12,30.07,30.10,29.56,29.67,91481
2-Apr-12,29.74,30.31,29.69,30.15,89313
30-Mar-12,30.44,30.44,29.87,29.87,84447
29-Mar-12,30.19,30.61,30.05,30.22,172884
28-Mar-12,30.14,30.49,30.11,30.27,84974
27-Mar-12,30.26,30.52,30.02,30.10,84696
26-Mar-12,30.12,30.20,30.02,30.16,122641
23-Mar-12,29.85,29.85,29.61,29.80,81769
22-Mar-12,29.47,29.90,29.37,29.80,107622
21-Mar-12,29.79,29.95,29.56,29.71,73131
20-Mar-12,29.57,29.88,29.56,29.67,43634
19-Mar-12,29.65,29.96,29.55,29.77,57797
16-Mar-12,29.78,29.91,29.53,29.59,130405
15-Mar-12,29.48,29.73,29.28,29.65,39088
14-Mar-12,29.50,29.65,29.26,29.40,41333
13-Mar-12,29.52,29.68,29.36,29.53,80760
12-Mar-12,29.42,29.43,29.17,29.28,40127
9-Mar-12,28.36,29.48,28.36,29.38,93939
8-Mar-12,28.39,28.69,28.25,28.38,42582
7-Mar-12,28.34,28.53,28.26,28.35,49401
6-Mar-12,28.25,28.44,28.25,28.30,123873
5-Mar-12,27.74,28.27,27.52,28.24,106364
2-Mar-12,29.01,29.02,27.73,27.89,116389
1-Mar-12,29.98,30.04,28.94,28.97,85945
29-Feb-12,30.00,30.27,29.78,29.85,103056
28-Feb-12,29.91,30.17,29.79,29.92,88241
27-Feb-12,29.63,30.07,29.40,29.99,41964
24-Feb-12,29.49,29.86,29.28,29.83,85103
23-Feb-12,29.16,29.65,29.16,29.65,74017
22-Feb-12,30.03,30.13,29.09,29.12,40427
21-Feb-12,29.80,30.49,29.77,30.05,128908
17-Feb-12,29.84,30.03,29.73,29.88,69209
16-Feb-12,29.37,29.86,29.13,29.77,79362
15-Feb-12,30.10,30.11,29.29,29.31,90880
14-Feb-12,30.13,30.13,29.41,29.97,55487
13-Feb-12,30.27,30.50,29.96,30.21,43227
10-Feb-12,29.89,30.08,29.80,29.96,44712
9-Feb-12,30.35,30.37,30.04,30.20,25244
8-Feb-12,30.27,30.27,30.27,30.27,0
7-Feb-12,30.20,30.55,30.20,30.27,43170
6-Feb-12,30.03,30.37,30.02,30.31,51286
3-Feb-12,30.10,30.39,29.89,30.25,120025
2-Feb-12,29.61,29.76,29.55,29.65,58779
1-Feb-12,28.93,29.77,28.82,29.62,91710
31-Jan-12,28.82,28.97,28.40,28.81,52097
30-Jan-12,28.53,28.76,28.27,28.61,41930
27-Jan-12,28.65,28.65,28.65,28.65,0
26-Jan-12,28.38,28.66,28.26,28.65,43842
25-Jan-12,28.01,28.45,28.01,28.38,52684
24-Jan-12,27.98,28.18,27.97,28.04,80267
23-Jan-12,28.26,28.26,28.26,28.26,0
20-Jan-12,28.00,28.61,28.00,28.45,228583
19-Jan-12,28.61,28.86,27.99,28.10,134036
18-Jan-12,28.69,28.93,26.93,28.59,93235
17-Jan-12,29.08,29.20,28.65,28.84,89442
13-Jan-12,28.99,28.99,28.99,28.99,0
12-Jan-12,29.52,29.55,29.25,29.40,37746
11-Jan-12,29.01,29.42,28.98,29.35,45804
10-Jan-12,28.85,29.31,28.64,29.16,53088
9-Jan-12,28.45,28.60,28.14,28.53,70735
6-Jan-12,28.86,28.91,28.51,28.51,26232
5-Jan-12,28.82,29.00,28.51,28.93,44982
4-Jan-12,29.06,29.54,28.88,29.04,52436
3-Jan-12,29.52,29.53,29.09,29.23,104338
30-Dec-11,28.96,28.96,28.96,28.96,0
29-Dec-11,29.07,29.07,29.07,29.07,0
28-Dec-11,28.91,29.09,28.85,28.91,51684
27-Dec-11,29.31,29.31,29.31,29.31,0
23-Dec-11,29.35,29.35,29.35,29.35,0
22-Dec-11,29.02,29.02,29.02,29.02,0
21-Dec-11,28.70,29.02,28.55,28.90,61755
20-Dec-11,28.61,28.72,28.24,28.66,88998
19-Dec-11,28.93,29.27,28.20,28.25,70616
16-Dec-11,28.77,29.06,28.62,28.77,166814
15-Dec-11,28.60,28.89,28.29,28.55,76926
14-Dec-11,28.73,29.15,28.18,28.20,145442
13-Dec-11,29.37,29.37,28.84,28.99,106751
12-Dec-11,29.23,29.27,28.94,29.10,66065
9-Dec-11,29.37,31.31,29.16,29.55,98886
8-Dec-11,29.40,29.43,29.15,29.25,107885
7-Dec-11,29.60,29.60,29.60,29.60,0
6-Dec-11,29.08,29.72,29.08,29.43,224933
5-Dec-11,29.33,29.33,28.86,29.11,142079
2-Dec-11,29.32,29.48,28.93,28.98,59918
1-Dec-11,29.23,29.33,28.98,28.99,77661
30-Nov-11,29.09,29.56,28.48,29.30,281972
29-Nov-11,28.22,28.53,28.13,28.21,83413
28-Nov-11,28.53,28.53,27.75,28.31,182570
25-Nov-11,28.02,28.41,27.80,27.80,27752
23-Nov-11,28.04,28.04,28.04,28.04,0
22-Nov-11,28.78,28.78,28.78,28.78,0
21-Nov-11,29.27,29.69,28.81,28.84,85780
18-Nov-11,29.22,29.79,29.18,29.71,80764
17-Nov-11,29.40,29.40,29.40,29.40,0
16-Nov-11,29.70,30.38,29.51,29.84,73077
15-Nov-11,29.88,30.17,29.61,29.97,112525
14-Nov-11,30.05,30.05,30.05,30.05,0
11-Nov-11,30.37,30.73,30.27,30.54,191561
10-Nov-11,30.10,30.32,29.94,30.18,152189
9-Nov-11,30.09,30.41,29.38,29.86,117884
8-Nov-11,30.89,31.29,30.70,30.71,131899
7-Nov-11,30.93,30.93,30.93,30.93,0
4-Nov-11,29.88,31.59,29.85,31.05,282102
3-Nov-11,29.59,30.21,29.39,30.00,79147
2-Nov-11,29.38,29.70,29.28,29.60,144495
1-Nov-11,29.35,29.64,28.67,28.90,92891
31-Oct-11,29.88,30.55,29.88,30.19,75349
28-Oct-11,30.52,30.52,30.52,30.52,0
27-Oct-11,31.37,31.37,30.50,30.79,304690
26-Oct-11,30.02,30.22,29.70,30.00,115094
25-Oct-11,29.98,29.98,29.98,29.98,0
24-Oct-11,30.52,30.82,30.39,30.51,119402
21-Oct-11,30.35,30.35,30.35,30.35,0
20-Oct-11,29.99,30.31,29.50,29.99,61521
19-Oct-11,30.00,30.82,29.85,29.95,94857
18-Oct-11,29.48,30.20,29.48,30.10,99899
17-Oct-11,29.48,29.48,29.48,29.48,0
14-Oct-11,29.63,29.77,28.85,29.72,58400
13-Oct-11,29.47,29.61,29.06,29.40,31968
12-Oct-11,29.61,29.61,29.61,29.61,0
11-Oct-11,29.18,29.75,29.18,29.67,53091
10-Oct-11,28.71,29.40,28.71,29.40,83429
7-Oct-11,28.57,28.57,28.57,28.57,0
6-Oct-11,29.36,29.79,29.18,29.50,84910
5-Oct-11,29.12,29.72,28.72,29.48,68019
4-Oct-11,28.56,28.56,28.56,28.56,0
3-Oct-11,28.16,28.62,27.04,27.05,167647
30-Sep-11,28.68,29.35,28.34,28.37,127604
29-Sep-11,28.65,29.41,28.27,29.04,130903
