Date,Open,High,Low,Close,Volume
26-Sep-12,3.60,3.60,3.42,3.51,223876
25-Sep-12,3.46,3.60,3.43,3.60,361069
24-Sep-12,3.67,3.67,3.43,3.50,44968
21-Sep-12,3.46,3.83,3.46,3.73,13250
20-Sep-12,3.52,3.52,3.47,3.47,1631
19-Sep-12,3.46,3.52,3.44,3.51,11188
18-Sep-12,3.42,3.46,3.40,3.46,3892
17-Sep-12,3.43,3.46,3.42,3.42,4081
14-Sep-12,3.35,3.42,3.32,3.40,9809
13-Sep-12,3.35,3.36,3.33,3.35,2200
12-Sep-12,3.35,3.40,3.26,3.36,7894
11-Sep-12,3.31,3.39,3.29,3.39,4802
10-Sep-12,3.34,3.31,3.22,3.28,17983
7-Sep-12,3.30,3.39,3.22,3.32,28067
6-Sep-12,3.30,3.35,3.22,3.31,82034
5-Sep-12,3.28,3.34,3.24,3.30,18275
4-Sep-12,3.30,3.34,3.24,3.31,20046
31-Aug-12,3.30,3.33,3.23,3.33,14319
30-Aug-12,3.32,3.35,3.27,3.31,44286
29-Aug-12,3.40,3.45,3.26,3.32,49132
28-Aug-12,3.26,3.40,3.26,3.34,38599
27-Aug-12,3.23,3.26,3.23,3.26,4952
24-Aug-12,3.27,3.27,3.20,3.25,9803
23-Aug-12,3.27,3.27,3.22,3.26,17302
22-Aug-12,3.24,3.25,3.18,3.23,25200
21-Aug-12,3.30,3.30,3.25,3.26,29047
20-Aug-12,3.26,3.35,3.24,3.26,45597
17-Aug-12,3.23,3.30,3.16,3.28,44200
16-Aug-12,3.04,3.24,3.03,3.21,94793
15-Aug-12,3.03,3.06,2.99,3.05,6831
14-Aug-12,3.05,3.06,3.00,3.05,14458
13-Aug-12,3.09,3.09,2.98,3.01,27290
10-Aug-12,3.05,3.05,2.97,3.05,15335
9-Aug-12,2.98,3.05,2.98,3.02,25365
8-Aug-12,3.01,3.07,2.98,3.04,26141
7-Aug-12,3.07,3.07,2.97,3.02,20652
6-Aug-12,3.07,3.07,3.03,3.05,19385
3-Aug-12,3.10,3.10,3.00,3.05,59807
2-Aug-12,2.95,3.04,2.93,3.04,84747
1-Aug-12,2.88,3.03,2.86,2.98,122722
31-Jul-12,2.77,2.95,2.77,2.83,82975
30-Jul-12,2.74,2.83,2.74,2.75,40564
27-Jul-12,2.70,2.75,2.67,2.72,60659
26-Jul-12,2.81,2.81,2.71,2.72,84847
25-Jul-12,2.78,2.85,2.72,2.80,114498
24-Jul-12,2.82,2.82,2.69,2.76,83323
23-Jul-12,2.75,2.80,2.69,2.80,39145
20-Jul-12,2.86,2.87,2.80,2.81,41864
19-Jul-12,2.84,2.87,2.74,2.85,41668
18-Jul-12,2.78,2.81,2.74,2.78,25241
17-Jul-12,2.85,2.85,2.72,2.76,24438
16-Jul-12,2.68,2.91,2.64,2.86,48701
13-Jul-12,2.70,2.70,2.62,2.68,28422
12-Jul-12,2.75,2.77,2.67,2.67,49080
11-Jul-12,2.66,2.76,2.65,2.76,18699
10-Jul-12,2.81,2.81,2.64,2.66,80320
9-Jul-12,2.67,2.79,2.67,2.78,54717
6-Jul-12,2.69,2.72,2.65,2.71,37391
5-Jul-12,2.75,2.80,2.67,2.70,57672
3-Jul-12,2.66,2.74,2.64,2.70,16221
2-Jul-12,2.59,2.71,2.57,2.64,72807
29-Jun-12,2.63,2.63,2.41,2.55,45920
28-Jun-12,2.57,2.62,2.50,2.57,136800
27-Jun-12,2.51,2.65,2.51,2.64,167339
26-Jun-12,2.72,2.73,2.41,2.49,275345
25-Jun-12,2.66,2.80,2.65,2.71,209276
22-Jun-12,2.57,2.70,2.57,2.66,3282346
21-Jun-12,2.65,2.69,2.50,2.54,349976
20-Jun-12,2.70,2.75,2.63,2.66,206371
19-Jun-12,2.62,2.81,2.60,2.69,227371
18-Jun-12,2.57,2.65,2.56,2.62,132618
15-Jun-12,2.58,2.60,2.53,2.58,196002
14-Jun-12,2.55,2.62,2.54,2.60,159988
13-Jun-12,2.57,2.65,2.54,2.56,122390
12-Jun-12,2.60,2.64,2.50,2.56,148188
11-Jun-12,2.51,2.62,2.45,2.59,128286
8-Jun-12,2.48,2.48,2.38,2.46,94023
7-Jun-12,2.53,2.53,2.43,2.49,182943
6-Jun-12,2.32,2.50,2.32,2.47,101167
5-Jun-12,2.30,2.39,2.25,2.31,119679
4-Jun-12,2.40,2.47,2.28,2.30,147259
1-Jun-12,2.53,2.64,2.35,2.39,155764
31-May-12,2.74,2.74,2.59,2.59,680334
30-May-12,2.67,2.83,2.64,2.73,105366
29-May-12,2.72,2.81,2.65,2.70,56287
25-May-12,2.75,2.85,2.70,2.71,111827
24-May-12,2.81,2.83,2.74,2.76,36383
23-May-12,2.83,2.94,2.80,2.81,88552
22-May-12,2.91,2.91,2.83,2.85,62889
21-May-12,3.01,3.01,2.87,2.92,74495
18-May-12,2.96,3.03,2.96,3.01,166494
17-May-12,3.01,3.05,2.95,2.97,92245
16-May-12,3.05,3.09,3.01,3.01,119487
15-May-12,3.00,3.11,3.00,3.05,100346
14-May-12,3.01,3.05,3.01,3.01,75119
11-May-12,3.03,3.10,3.01,3.04,67681
10-May-12,3.03,3.14,2.98,3.06,61714
9-May-12,3.00,3.10,3.00,3.01,104600
8-May-12,3.01,3.04,3.01,3.01,52131
7-May-12,3.00,3.05,3.00,3.03,24948
4-May-12,3.00,3.15,3.00,3.01,67494
3-May-12,3.08,3.08,3.00,3.01,114083
2-May-12,3.05,3.14,3.02,3.09,44671
1-May-12,3.18,3.38,3.07,3.08,93813
30-Apr-12,3.17,3.30,3.15,3.19,100147
27-Apr-12,3.18,3.22,3.05,3.18,96974
26-Apr-12,3.35,3.35,3.11,3.17,236205
25-Apr-12,3.07,3.44,3.07,3.36,206376
24-Apr-12,2.92,3.07,2.90,3.03,76776
23-Apr-12,2.90,3.01,2.88,2.92,67459
20-Apr-12,2.95,3.06,2.91,2.95,95516
19-Apr-12,2.94,2.95,2.88,2.90,46725
18-Apr-12,3.06,3.06,2.88,2.94,65972
17-Apr-12,2.83,3.07,2.80,3.06,108961
16-Apr-12,2.80,2.86,2.76,2.80,33679
13-Apr-12,2.75,2.83,2.73,2.80,61758
12-Apr-12,2.79,2.83,2.75,2.77,39318
11-Apr-12,2.81,2.85,2.76,2.80,71197
10-Apr-12,2.84,2.92,2.74,2.77,91582
9-Apr-12,2.80,2.90,2.71,2.85,88326
5-Apr-12,2.77,2.93,2.77,2.84,53631
4-Apr-12,2.71,2.83,2.68,2.79,82899
3-Apr-12,2.71,2.88,2.71,2.74,38355
2-Apr-12,2.72,2.83,2.66,2.70,156453
30-Mar-12,2.80,2.86,2.70,2.70,74062
29-Mar-12,2.85,2.89,2.76,2.77,72853
28-Mar-12,2.93,2.94,2.86,2.87,63208
27-Mar-12,3.09,3.11,2.90,2.92,87938
26-Mar-12,2.86,3.10,2.84,3.09,204084
23-Mar-12,2.76,2.85,2.68,2.84,335890
22-Mar-12,2.66,2.72,2.66,2.71,104721
21-Mar-12,2.67,2.72,2.63,2.71,86357
20-Mar-12,2.75,2.77,2.65,2.66,270095
19-Mar-12,2.77,2.96,2.73,2.76,195655
16-Mar-12,2.81,2.89,2.72,2.77,110272
15-Mar-12,2.75,2.83,2.75,2.81,21489
14-Mar-12,2.79,2.85,2.73,2.80,35840
13-Mar-12,2.87,2.88,2.73,2.81,118821
12-Mar-12,2.87,2.92,2.82,2.84,47930
9-Mar-12,2.82,2.90,2.82,2.87,72384
8-Mar-12,2.73,2.86,2.66,2.82,432969
7-Mar-12,2.63,2.75,2.62,2.72,33320
6-Mar-12,2.74,2.77,2.58,2.63,445971
5-Mar-12,2.74,2.87,2.74,2.75,37310
2-Mar-12,2.78,2.84,2.74,2.75,71275
1-Mar-12,2.75,2.84,2.75,2.77,44199
29-Feb-12,2.84,2.88,2.74,2.74,139812
28-Feb-12,2.82,2.90,2.72,2.76,155669
27-Feb-12,2.88,2.91,2.80,2.83,33488
24-Feb-12,2.90,2.92,2.90,2.90,27643
23-Feb-12,2.97,2.99,2.90,2.91,32707
22-Feb-12,2.88,2.99,2.86,2.97,37498
21-Feb-12,2.97,3.01,2.80,2.88,43766
17-Feb-12,2.95,2.99,2.87,2.98,35345
16-Feb-12,2.91,2.97,2.91,2.94,36789
15-Feb-12,2.97,3.03,2.83,2.86,66760
14-Feb-12,3.02,3.04,2.96,2.97,53208
13-Feb-12,3.01,3.07,3.00,3.04,39212
10-Feb-12,2.98,3.04,2.90,2.97,55937
9-Feb-12,3.06,3.07,2.99,2.99,23710
8-Feb-12,3.05,3.07,2.92,3.06,88990
7-Feb-12,3.11,3.15,3.00,3.00,117417
6-Feb-12,3.03,3.10,2.98,3.09,137443
3-Feb-12,2.97,3.07,2.97,3.04,113716
2-Feb-12,3.04,3.07,3.00,3.03,95091
1-Feb-12,3.05,3.06,2.90,3.05,83917
31-Jan-12,3.18,3.18,3.06,3.06,104380
30-Jan-12,3.17,3.22,3.13,3.15,19381
27-Jan-12,3.16,3.22,3.13,3.20,32899
26-Jan-12,3.19,3.22,3.13,3.17,36919
25-Jan-12,3.17,3.19,3.06,3.17,71109
24-Jan-12,3.18,3.18,3.10,3.16,42361
23-Jan-12,3.11,3.20,3.09,3.14,17879
20-Jan-12,3.07,3.12,3.06,3.11,42185
19-Jan-12,3.02,3.10,2.95,3.07,43998
18-Jan-12,2.93,3.04,2.90,3.01,48769
17-Jan-12,2.96,3.09,2.90,2.93,67701
13-Jan-12,2.95,2.95,2.95,2.95,0
12-Jan-12,3.00,3.05,2.90,2.97,84642
11-Jan-12,2.99,3.03,2.91,3.00,47803
10-Jan-12,2.88,3.08,2.84,2.99,84511
9-Jan-12,2.88,2.98,2.81,2.85,113453
6-Jan-12,2.93,2.94,2.81,2.88,113419
5-Jan-12,2.84,2.99,2.80,2.93,55151
4-Jan-12,2.87,2.91,2.85,2.87,16511
3-Jan-12,2.99,2.99,2.80,2.89,88222
30-Dec-11,2.93,2.93,2.93,2.93,0
29-Dec-11,2.91,2.95,2.88,2.93,32376
28-Dec-11,2.91,2.97,2.88,2.89,68665
27-Dec-11,2.77,2.95,2.69,2.91,100128
23-Dec-11,2.77,2.77,2.77,2.77,0
22-Dec-11,2.79,2.89,2.78,2.85,88507
21-Dec-11,2.73,2.87,2.71,2.80,109410
20-Dec-11,2.62,2.78,2.56,2.74,241841
19-Dec-11,2.66,2.70,2.56,2.56,73726
16-Dec-11,2.72,2.72,2.55,2.65,186927
15-Dec-11,2.77,2.81,2.52,2.69,171448
14-Dec-11,2.30,2.83,2.30,2.75,363715
13-Dec-11,2.29,2.34,2.25,2.32,202341
12-Dec-11,2.26,2.31,2.22,2.24,134638
9-Dec-11,2.24,2.35,2.21,2.30,287126
8-Dec-11,2.36,2.36,2.22,2.22,273451
7-Dec-11,2.47,2.48,2.29,2.36,495703
6-Dec-11,2.51,2.55,2.42,2.49,167738
5-Dec-11,2.38,2.63,2.33,2.50,187988
2-Dec-11,2.37,2.45,2.30,2.34,133760
1-Dec-11,2.26,2.38,2.20,2.33,157670
30-Nov-11,2.14,2.30,2.14,2.29,351492
29-Nov-11,2.18,2.21,2.08,2.09,179423
28-Nov-11,2.28,2.28,2.11,2.18,137426
25-Nov-11,2.12,2.25,2.09,2.21,59968
23-Nov-11,2.12,2.12,2.12,2.12,0
22-Nov-11,2.23,2.25,2.16,2.17,153333
21-Nov-11,2.30,2.34,2.19,2.23,113304
18-Nov-11,2.34,2.42,2.23,2.37,620131
17-Nov-11,2.38,2.40,2.30,2.34,133653
16-Nov-11,2.42,2.49,2.31,2.38,195660
15-Nov-11,2.49,2.54,2.37,2.41,185220
14-Nov-11,2.62,2.63,2.38,2.45,306885
11-Nov-11,2.65,2.69,2.55,2.62,127746
10-Nov-11,2.75,2.80,2.56,2.62,209030
9-Nov-11,2.93,2.93,2.63,2.68,158453
8-Nov-11,3.18,3.24,2.97,3.01,116890
7-Nov-11,3.07,3.22,3.02,3.19,60789
4-Nov-11,3.22,3.23,3.06,3.12,43639
3-Nov-11,3.09,3.27,3.07,3.25,75578
2-Nov-11,3.11,3.17,3.03,3.11,86524
1-Nov-11,3.11,3.24,3.01,3.05,86497
31-Oct-11,3.41,3.41,3.18,3.21,82844
28-Oct-11,3.47,3.59,3.40,3.47,99980
27-Oct-11,3.07,3.50,3.00,3.48,164795
26-Oct-11,3.55,3.59,2.84,2.99,267027
25-Oct-11,3.50,3.61,3.39,3.51,111058
24-Oct-11,3.40,3.54,3.27,3.53,111685
21-Oct-11,3.55,3.65,3.34,3.39,107871
20-Oct-11,3.30,3.51,3.29,3.49,70373
19-Oct-11,3.29,3.36,3.24,3.31,66923
18-Oct-11,3.03,3.35,3.01,3.31,86881
17-Oct-11,3.09,3.15,3.01,3.02,453922
14-Oct-11,3.05,3.12,3.00,3.10,101476
13-Oct-11,2.87,3.09,2.87,3.02,143043
12-Oct-11,2.98,3.05,2.80,2.90,164729
11-Oct-11,2.97,2.99,2.89,2.93,103939
10-Oct-11,3.10,3.10,2.90,3.00,115588
7-Oct-11,3.26,3.26,3.00,3.04,124570
6-Oct-11,3.22,3.22,3.22,3.22,0
5-Oct-11,3.15,3.20,3.06,3.15,74517
4-Oct-11,2.87,3.17,2.87,3.14,167419
3-Oct-11,2.80,3.00,2.71,2.88,148351
30-Sep-11,2.91,3.00,2.80,2.82,148477
29-Sep-11,2.99,3.03,2.92,2.95,162463
