Date,Open,High,Low,Close,Volume
26-Sep-12,12.68,12.75,12.42,12.49,80336
25-Sep-12,12.68,12.78,12.49,12.66,128773
24-Sep-12,12.23,12.59,12.23,12.59,79357
21-Sep-12,12.52,12.52,12.30,12.33,163718
20-Sep-12,12.23,12.40,12.23,12.39,15021
19-Sep-12,12.34,12.35,12.25,12.26,15921
18-Sep-12,12.20,12.30,12.20,12.29,14133
17-Sep-12,12.32,12.36,12.13,12.19,30012
14-Sep-12,12.31,12.42,12.24,12.30,44103
13-Sep-12,12.02,12.34,11.96,12.24,32851
12-Sep-12,11.92,12.00,11.86,12.00,19144
11-Sep-12,11.96,12.05,11.81,11.90,45721
10-Sep-12,12.08,12.09,11.77,11.92,39936
7-Sep-12,12.23,12.23,11.97,12.12,144833
6-Sep-12,11.71,12.26,11.71,12.17,264695
5-Sep-12,11.68,11.77,11.52,11.71,211941
4-Sep-12,11.47,11.67,11.33,11.61,117602
31-Aug-12,11.41,11.59,11.25,11.44,147596
30-Aug-12,11.32,11.38,11.29,11.31,101751
29-Aug-12,11.17,11.44,11.07,11.39,137541
28-Aug-12,11.09,11.18,11.03,11.15,77924
27-Aug-12,11.02,11.16,10.96,11.12,100647
24-Aug-12,10.76,11.06,10.76,11.00,115192
23-Aug-12,10.59,10.86,10.50,10.81,137669
22-Aug-12,10.73,10.75,10.54,10.62,72839
21-Aug-12,10.75,10.96,10.74,10.77,94068
20-Aug-12,10.60,10.75,10.55,10.74,44696
17-Aug-12,10.41,10.73,10.34,10.63,111902
16-Aug-12,10.52,10.55,10.40,10.44,210607
15-Aug-12,10.60,10.70,10.43,10.56,231414
14-Aug-12,10.68,10.74,10.59,10.65,100397
13-Aug-12,10.65,10.71,10.56,10.66,78271
10-Aug-12,10.71,10.74,10.62,10.70,76576
9-Aug-12,10.63,10.76,10.61,10.72,58827
8-Aug-12,10.61,10.67,10.58,10.66,50239
7-Aug-12,10.69,10.78,10.62,10.68,92227
6-Aug-12,10.53,10.80,10.53,10.66,74023
3-Aug-12,10.56,10.85,10.46,10.70,99576
2-Aug-12,10.61,10.66,10.41,10.48,130221
1-Aug-12,11.03,11.14,10.67,10.68,113078
31-Jul-12,11.07,11.17,11.00,11.01,83942
30-Jul-12,11.04,11.25,10.97,11.12,175659
27-Jul-12,10.47,11.14,10.38,11.03,301231
26-Jul-12,10.82,10.92,10.35,10.41,268883
25-Jul-12,10.88,11.05,10.68,10.72,209681
24-Jul-12,10.97,10.97,10.77,10.86,206245
23-Jul-12,11.17,11.23,10.89,10.97,222402
20-Jul-12,11.34,11.38,11.20,11.28,170326
19-Jul-12,11.57,11.66,11.40,11.42,86720
18-Jul-12,11.48,11.66,11.35,11.49,224445
17-Jul-12,11.72,11.83,11.46,11.48,170092
16-Jul-12,11.75,11.82,11.50,11.60,505053
13-Jul-12,11.83,12.40,11.67,11.85,379985
12-Jul-12,11.35,11.52,10.97,11.27,1103305
11-Jul-12,11.50,11.72,11.35,11.39,204168
10-Jul-12,12.02,12.02,11.46,11.50,195020
9-Jul-12,11.92,12.00,11.86,11.95,61448
6-Jul-12,11.90,12.07,11.90,11.97,72590
5-Jul-12,12.09,12.15,12.00,12.01,105400
3-Jul-12,12.07,12.17,12.05,12.11,69119
2-Jul-12,12.05,12.08,11.95,12.05,142996
29-Jun-12,12.20,12.23,11.99,12.01,130102
28-Jun-12,12.00,12.08,11.89,12.00,57661
27-Jun-12,12.06,12.29,12.03,12.08,63399
26-Jun-12,12.06,12.11,11.95,12.03,41181
25-Jun-12,11.71,12.16,11.71,12.02,91972
22-Jun-12,12.04,12.12,11.93,12.05,80583
21-Jun-12,12.23,12.23,11.88,11.94,93814
20-Jun-12,12.33,12.34,12.17,12.20,51813
19-Jun-12,12.24,12.44,12.24,12.32,81526
18-Jun-12,12.16,12.35,12.16,12.20,53393
15-Jun-12,12.07,12.31,12.03,12.27,107018
14-Jun-12,11.97,12.18,11.97,12.12,41675
13-Jun-12,12.08,12.28,11.91,11.96,64912
12-Jun-12,11.95,12.12,11.90,12.06,64372
11-Jun-12,12.20,12.55,11.90,11.92,90508
8-Jun-12,12.25,12.43,12.16,12.40,56021
7-Jun-12,12.51,12.51,12.23,12.30,63144
6-Jun-12,12.08,12.41,12.00,12.40,64521
5-Jun-12,11.99,12.12,11.94,11.97,71414
4-Jun-12,11.95,12.14,11.83,12.10,43174
1-Jun-12,11.80,12.14,11.80,11.90,70442
31-May-12,11.99,12.15,11.88,12.04,83191
30-May-12,12.14,12.14,11.94,11.94,48474
29-May-12,12.32,12.32,12.10,12.22,52686
25-May-12,12.35,12.42,12.13,12.20,658639
24-May-12,12.19,12.34,12.10,12.33,56392
23-May-12,12.22,12.39,12.05,12.22,66745
22-May-12,12.42,12.44,12.24,12.34,151036
21-May-12,12.37,12.50,12.27,12.44,77934
18-May-12,12.26,12.41,12.16,12.28,175282
17-May-12,12.30,12.48,12.29,12.30,78167
16-May-12,12.43,12.47,12.30,12.40,87589
15-May-12,12.23,12.44,12.23,12.40,83160
14-May-12,12.16,12.34,12.12,12.28,58532
11-May-12,12.10,12.33,12.10,12.22,60951
10-May-12,12.21,12.34,12.10,12.22,47061
9-May-12,12.05,12.19,12.04,12.10,34783
8-May-12,12.01,12.34,12.01,12.17,83157
7-May-12,12.00,12.14,12.00,12.08,62083
4-May-12,12.12,12.14,12.00,12.00,77419
3-May-12,12.25,12.29,12.12,12.21,52568
2-May-12,12.23,12.37,12.07,12.30,37782
1-May-12,12.36,12.63,12.27,12.34,89134
30-Apr-12,12.44,12.45,12.32,12.38,73873
27-Apr-12,12.35,12.49,12.23,12.49,82243
26-Apr-12,12.35,12.37,12.18,12.33,51744
25-Apr-12,12.44,12.59,12.32,12.39,74881
24-Apr-12,12.08,12.29,12.00,12.27,83342
23-Apr-12,12.06,12.15,12.00,12.12,102459
20-Apr-12,12.33,12.34,12.06,12.26,169363
19-Apr-12,12.02,12.16,11.93,12.12,97187
18-Apr-12,12.09,12.16,11.89,11.98,187211
17-Apr-12,12.10,12.29,12.04,12.13,145126
16-Apr-12,11.99,12.12,11.87,11.99,70922
13-Apr-12,12.05,12.07,11.87,11.87,143205
12-Apr-12,11.75,12.12,11.72,12.03,190110
11-Apr-12,11.89,11.89,11.64,11.75,146345
10-Apr-12,11.62,11.81,11.35,11.71,212822
9-Apr-12,11.74,11.86,11.55,11.61,223613
5-Apr-12,11.84,12.03,11.73,11.86,608365
4-Apr-12,12.38,12.40,12.11,12.26,108873
3-Apr-12,12.40,12.50,12.21,12.46,242876
2-Apr-12,12.25,12.43,12.15,12.42,110699
30-Mar-12,12.37,12.37,12.20,12.25,138348
29-Mar-12,12.30,12.36,12.24,12.27,46871
28-Mar-12,12.48,12.49,12.30,12.33,55362
27-Mar-12,12.62,12.71,12.45,12.47,63823
26-Mar-12,12.62,12.79,12.53,12.58,111712
23-Mar-12,12.50,12.50,12.31,12.47,89959
22-Mar-12,12.47,12.62,12.44,12.51,62951
21-Mar-12,12.63,12.63,12.50,12.55,47036
20-Mar-12,12.77,12.77,12.51,12.59,61041
19-Mar-12,12.59,12.93,12.55,12.86,76650
16-Mar-12,12.54,12.67,12.29,12.58,134865
15-Mar-12,12.35,12.50,12.30,12.50,51933
14-Mar-12,12.55,12.57,12.27,12.35,115534
13-Mar-12,12.39,12.63,12.26,12.59,98782
12-Mar-12,12.48,12.49,12.20,12.31,147426
9-Mar-12,12.39,12.66,12.24,12.44,102783
8-Mar-12,12.37,12.45,12.19,12.39,94353
7-Mar-12,12.28,12.39,12.22,12.30,114763
6-Mar-12,12.32,12.43,12.20,12.22,205104
5-Mar-12,12.42,12.50,12.20,12.42,221541
2-Mar-12,12.78,12.81,12.43,12.45,185718
1-Mar-12,13.09,13.21,12.78,12.79,127666
29-Feb-12,13.19,13.32,13.00,13.02,147081
28-Feb-12,13.17,13.32,13.12,13.19,76139
27-Feb-12,13.21,13.31,13.02,13.18,104723
24-Feb-12,13.30,13.43,13.27,13.29,83302
23-Feb-12,13.25,13.38,13.20,13.26,105162
22-Feb-12,13.33,13.43,13.24,13.26,62594
21-Feb-12,13.49,13.49,13.22,13.29,135733
17-Feb-12,13.54,13.54,13.34,13.48,145772
16-Feb-12,13.32,13.67,13.30,13.48,275782
15-Feb-12,13.23,13.34,13.06,13.27,221190
14-Feb-12,13.25,13.35,13.01,13.12,166949
13-Feb-12,12.79,13.03,12.79,12.94,118158
10-Feb-12,12.61,12.61,12.61,12.61,0
9-Feb-12,13.12,13.21,12.70,12.75,188896
8-Feb-12,13.37,13.56,12.97,13.06,220732
7-Feb-12,13.20,13.32,13.14,13.28,225349
6-Feb-12,13.23,13.23,13.23,13.23,0
3-Feb-12,13.00,13.47,12.94,13.24,293556
2-Feb-12,13.23,13.34,12.79,12.82,501388
1-Feb-12,12.98,13.33,12.75,13.21,557444
31-Jan-12,14.80,14.80,12.84,12.96,810468
30-Jan-12,14.00,14.25,13.91,14.20,50605
27-Jan-12,14.03,14.32,13.99,14.21,87704
26-Jan-12,14.01,14.09,13.87,14.06,63956
25-Jan-12,13.54,13.54,13.54,13.54,0
24-Jan-12,13.24,13.67,12.05,13.59,959881
23-Jan-12,13.21,13.35,13.20,13.27,88795
20-Jan-12,13.25,13.38,13.22,13.27,125138
19-Jan-12,13.39,13.40,13.28,13.28,76578
18-Jan-12,13.28,13.41,13.28,13.35,76070
17-Jan-12,13.34,13.40,13.25,13.28,131300
13-Jan-12,13.43,13.43,13.43,13.43,0
12-Jan-12,13.62,13.64,13.45,13.54,69991
11-Jan-12,13.61,13.70,13.57,13.63,71679
10-Jan-12,13.76,13.80,13.56,13.67,82237
9-Jan-12,13.77,13.91,13.57,13.63,90398
6-Jan-12,13.72,13.72,13.72,13.72,0
5-Jan-12,14.40,14.80,14.28,14.63,219927
4-Jan-12,14.70,15.02,14.49,14.51,46980
3-Jan-12,15.12,15.12,14.04,14.82,72355
30-Dec-11,15.09,15.09,15.09,15.09,0
29-Dec-11,14.81,14.98,14.72,14.91,66878
28-Dec-11,15.00,15.04,14.65,14.74,44364
27-Dec-11,14.95,15.10,14.79,15.02,34852
23-Dec-11,15.00,15.00,15.00,15.00,0
22-Dec-11,15.09,15.39,15.09,15.26,54964
21-Dec-11,15.08,15.08,15.08,15.08,0
20-Dec-11,14.48,15.00,14.47,14.98,107209
19-Dec-11,14.54,14.60,14.15,14.22,74844
16-Dec-11,14.92,15.01,14.30,14.47,108147
15-Dec-11,14.75,14.75,14.75,14.75,0
14-Dec-11,14.31,14.75,14.28,14.72,108025
13-Dec-11,15.00,15.06,14.36,14.43,68966
12-Dec-11,14.60,14.95,14.49,14.92,63825
9-Dec-11,14.46,14.93,14.32,14.78,66949
8-Dec-11,14.81,14.85,14.38,14.39,77078
7-Dec-11,14.95,15.00,14.52,14.94,51786
6-Dec-11,14.99,15.07,14.80,14.95,63749
5-Dec-11,15.00,15.03,14.83,15.00,63623
2-Dec-11,15.03,15.22,14.71,14.80,79408
1-Dec-11,14.88,14.88,14.88,14.88,0
30-Nov-11,14.37,15.17,14.26,15.12,199636
29-Nov-11,14.08,14.08,14.08,14.08,0
28-Nov-11,13.79,14.13,13.59,14.12,90609
25-Nov-11,13.23,13.84,13.23,13.42,55956
23-Nov-11,13.27,13.27,13.27,13.27,0
22-Nov-11,13.76,14.04,13.72,13.77,45510
21-Nov-11,13.96,13.96,13.96,13.96,0
18-Nov-11,14.03,14.22,13.98,14.20,64133
17-Nov-11,13.87,14.19,13.77,14.00,88263
16-Nov-11,14.28,14.46,13.86,13.87,127899
15-Nov-11,14.31,14.31,14.31,14.31,0
14-Nov-11,14.99,14.99,14.21,14.51,160593
11-Nov-11,15.17,15.17,15.17,15.17,0
10-Nov-11,14.71,14.93,14.58,14.71,42550
9-Nov-11,15.01,15.01,15.01,15.01,0
8-Nov-11,14.98,15.45,14.70,15.34,60208
7-Nov-11,15.03,15.10,14.81,14.91,85763
4-Nov-11,14.94,15.09,14.94,15.03,62739
3-Nov-11,15.15,15.17,14.90,15.08,100205
2-Nov-11,14.84,15.06,14.84,15.00,112257
1-Nov-11,14.96,15.08,14.51,14.67,204010
31-Oct-11,15.45,15.45,15.45,15.45,0
28-Oct-11,16.14,16.27,15.74,15.91,115799
27-Oct-11,15.84,16.39,15.71,16.16,221382
26-Oct-11,15.44,15.80,15.26,15.69,95398
25-Oct-11,15.54,15.80,15.18,15.26,96856
24-Oct-11,15.42,15.79,15.27,15.71,481055
21-Oct-11,15.17,15.17,15.17,15.17,0
20-Oct-11,15.19,15.25,14.73,15.07,52727
19-Oct-11,15.50,15.68,15.10,15.22,92681
18-Oct-11,14.87,15.62,14.87,15.50,146997
17-Oct-11,15.39,15.50,14.80,14.83,161101
14-Oct-11,15.05,15.05,15.05,15.05,0
13-Oct-11,14.82,15.19,14.65,15.01,133699
12-Oct-11,14.66,15.01,14.66,14.94,143985
11-Oct-11,14.28,14.70,14.21,14.62,127508
10-Oct-11,14.12,14.48,13.95,14.44,133526
7-Oct-11,14.37,14.66,13.53,13.91,164831
6-Oct-11,13.81,14.29,13.71,14.27,142660
5-Oct-11,13.93,14.14,13.55,13.80,68254
4-Oct-11,12.97,13.94,12.93,13.88,160631
3-Oct-11,13.02,13.20,12.85,13.00,274379
30-Sep-11,13.28,13.53,13.13,13.14,138255
29-Sep-11,13.74,13.84,13.16,13.50,116208
