Date,Open,High,Low,Close,Volume
26-Sep-12,1.86,2.00,1.80,1.84,48728
25-Sep-12,2.01,2.05,1.89,1.90,52819
24-Sep-12,2.08,2.08,1.90,2.00,118841
21-Sep-12,1.92,2.04,1.94,2.04,23547
20-Sep-12,2.09,2.09,1.92,1.95,24834
19-Sep-12,2.08,2.08,1.97,2.07,20008
18-Sep-12,2.05,2.15,1.88,1.98,78813
17-Sep-12,1.82,2.04,1.82,2.02,38756
14-Sep-12,1.95,1.95,1.71,1.82,13666
13-Sep-12,1.90,1.90,1.62,1.87,20970
12-Sep-12,1.95,2.05,1.80,1.87,119236
11-Sep-12,1.43,2.04,1.43,1.83,150358
10-Sep-12,1.48,1.48,1.43,1.44,5317
7-Sep-12,1.48,1.49,1.41,1.47,39222
6-Sep-12,1.48,1.51,1.46,1.47,4935
5-Sep-12,1.50,1.55,1.48,1.51,18965
4-Sep-12,1.55,1.55,1.48,1.55,22938
31-Aug-12,1.45,1.52,1.45,1.50,13979
30-Aug-12,1.47,1.56,1.40,1.45,48511
29-Aug-12,1.47,1.54,1.47,1.51,11451
28-Aug-12,1.55,1.55,1.47,1.47,21411
27-Aug-12,1.61,1.62,1.50,1.51,33265
24-Aug-12,1.56,1.63,1.55,1.60,22154
23-Aug-12,1.57,1.61,1.55,1.60,30182
22-Aug-12,1.63,1.63,1.56,1.60,7932
21-Aug-12,1.58,1.63,1.58,1.62,20703
20-Aug-12,1.65,1.65,1.56,1.57,30852
17-Aug-12,1.62,1.65,1.59,1.65,32087
16-Aug-12,1.60,1.65,1.60,1.63,54986
15-Aug-12,1.66,1.66,1.60,1.61,94721
14-Aug-12,1.67,1.67,1.60,1.67,82715
13-Aug-12,1.65,1.65,1.49,1.60,123124
10-Aug-12,1.48,1.60,1.43,1.59,100370
9-Aug-12,1.45,1.45,1.36,1.41,70417
8-Aug-12,1.58,1.60,1.18,1.33,314773
7-Aug-12,1.59,1.64,1.50,1.52,49334
6-Aug-12,1.55,1.60,1.55,1.55,7648
3-Aug-12,1.57,1.59,1.52,1.55,25500
2-Aug-12,1.64,1.64,1.50,1.53,45412
1-Aug-12,1.59,1.63,1.59,1.60,20262
31-Jul-12,1.69,1.71,1.58,1.67,94715
30-Jul-12,1.80,1.88,1.66,1.66,137016
27-Jul-12,1.70,1.72,1.66,1.68,52357
26-Jul-12,1.68,1.80,1.58,1.60,113688
25-Jul-12,1.55,1.66,1.55,1.64,25394
24-Jul-12,1.70,1.74,1.52,1.56,122655
23-Jul-12,1.93,1.93,1.66,1.70,159998
20-Jul-12,1.90,1.93,1.88,1.92,38447
19-Jul-12,1.97,1.97,1.90,1.93,81131
18-Jul-12,1.92,1.96,1.92,1.93,30573
17-Jul-12,1.88,1.99,1.88,1.94,93516
16-Jul-12,2.00,2.00,1.90,1.91,59318
13-Jul-12,1.90,2.09,1.90,2.00,203772
12-Jul-12,1.92,1.95,1.80,1.95,186773
11-Jul-12,1.92,1.95,1.83,1.90,86367
10-Jul-12,1.98,2.00,1.91,1.95,69029
9-Jul-12,1.88,2.20,1.88,1.94,304396
6-Jul-12,1.88,1.90,1.84,1.88,27182
5-Jul-12,1.92,1.93,1.85,1.88,57678
3-Jul-12,1.90,1.94,1.90,1.91,41850
2-Jul-12,1.96,1.96,1.88,1.90,53462
29-Jun-12,1.88,1.97,1.88,1.88,92641
28-Jun-12,1.91,1.97,1.88,1.95,128867
27-Jun-12,1.87,1.97,1.86,1.96,218973
26-Jun-12,1.99,1.99,1.90,1.94,195596
25-Jun-12,1.99,2.00,1.89,2.00,453092
22-Jun-12,2.00,2.00,1.92,2.00,147032
21-Jun-12,2.00,2.00,1.85,2.00,351191
20-Jun-12,2.00,2.00,1.91,1.98,782544
19-Jun-12,3.06,3.36,2.98,3.12,13854
18-Jun-12,3.00,3.30,2.76,3.06,16625
15-Jun-12,3.24,3.24,3.00,3.12,13412
14-Jun-12,3.12,3.42,2.88,2.94,6694
13-Jun-12,3.00,3.96,2.88,2.89,26651
12-Jun-12,3.18,3.18,2.82,2.82,16537
11-Jun-12,3.24,3.36,3.00,3.12,21986
8-Jun-12,3.36,3.60,3.12,3.12,11752
7-Jun-12,3.18,3.60,2.98,3.12,10325
6-Jun-12,3.03,3.03,2.70,2.94,1321
5-Jun-12,2.64,3.28,2.64,2.72,5332
4-Jun-12,2.87,3.02,2.64,2.64,1794
1-Jun-12,2.88,3.00,2.64,2.87,1992
31-May-12,3.24,3.56,2.71,2.71,22196
30-May-12,2.70,3.28,2.51,3.00,10758
29-May-12,3.90,3.90,2.40,2.46,5332
25-May-12,3.72,3.90,3.72,3.72,267
24-May-12,3.06,3.84,3.06,3.84,4203
23-May-12,3.19,3.78,3.18,3.42,1905
22-May-12,3.60,3.60,3.14,3.30,2512
21-May-12,3.48,3.72,3.24,3.60,1573
18-May-12,3.60,3.84,3.30,3.36,1344
17-May-12,3.72,3.95,3.12,3.84,6524
16-May-12,3.66,3.95,3.66,3.90,140
15-May-12,3.90,4.08,3.90,4.01,517
14-May-12,3.84,4.01,3.54,3.95,4478
11-May-12,3.84,4.02,3.84,4.02,930
10-May-12,3.81,3.84,3.78,3.84,641
9-May-12,3.84,3.84,3.72,3.72,235
8-May-12,3.68,3.84,3.66,3.84,1750
7-May-12,3.96,3.96,3.96,3.96,1257
4-May-12,4.08,4.38,3.90,3.90,3179
3-May-12,3.96,4.02,3.66,3.66,2729
2-May-12,3.78,4.03,3.78,3.82,133
1-May-12,3.78,4.03,3.73,3.84,600
30-Apr-12,4.02,4.02,3.96,3.96,1483
27-Apr-12,3.79,3.96,3.73,3.96,1350
26-Apr-12,4.20,4.20,3.84,3.84,22117
25-Apr-12,4.02,4.38,3.90,3.96,940
24-Apr-12,4.55,4.55,4.08,4.08,3719
23-Apr-12,4.44,4.62,3.96,4.02,12620
20-Apr-12,4.08,4.44,4.02,4.44,4396
19-Apr-12,4.20,4.32,3.90,4.14,8385
18-Apr-12,3.96,4.32,3.90,4.14,5148
17-Apr-12,3.66,3.90,3.66,3.84,705
16-Apr-12,3.83,3.90,3.66,3.84,1653
13-Apr-12,4.20,4.20,3.63,4.02,15854
12-Apr-12,4.08,4.20,4.08,4.20,353
11-Apr-12,4.20,4.20,4.14,4.14,1193
10-Apr-12,4.08,4.20,4.08,4.20,1552
9-Apr-12,4.38,4.38,4.08,4.20,4056
5-Apr-12,4.26,4.26,4.26,4.26,1068
4-Apr-12,4.27,4.38,4.27,4.27,750
3-Apr-12,4.26,4.38,4.26,4.38,1533
2-Apr-12,4.26,4.32,4.26,4.27,1171
30-Mar-12,4.26,4.38,4.26,4.38,3318
29-Mar-12,4.20,4.32,3.98,4.26,6237
28-Mar-12,4.20,4.32,4.03,4.08,8188
27-Mar-12,4.38,4.38,4.33,4.38,1408
26-Mar-12,4.44,4.44,4.38,4.38,925
23-Mar-12,4.50,4.50,3.90,4.26,16304
22-Mar-12,4.50,4.68,4.44,4.50,5501
21-Mar-12,4.62,4.68,4.56,4.68,1056
20-Mar-12,4.26,4.68,4.26,4.62,3291
19-Mar-12,4.56,4.92,4.43,4.50,5277
16-Mar-12,4.26,4.86,4.26,4.50,19092
15-Mar-12,4.20,4.38,4.20,4.26,1351
14-Mar-12,4.62,4.68,4.32,4.32,3592
13-Mar-12,4.74,4.80,4.74,4.74,994
12-Mar-12,4.92,4.92,4.56,4.68,2701
9-Mar-12,4.44,4.80,4.44,4.80,18767
8-Mar-12,4.50,4.50,4.43,4.50,2767
7-Mar-12,4.52,4.92,4.50,4.56,4566
6-Mar-12,4.56,5.04,4.56,4.56,5194
5-Mar-12,4.80,4.98,4.69,4.96,7170
2-Mar-12,4.98,5.04,4.59,4.62,2183
1-Mar-12,5.64,5.64,4.57,5.10,7824
29-Feb-12,6.18,6.18,5.04,5.28,35281
28-Feb-12,5.22,6.54,4.62,5.76,68613
27-Feb-12,4.92,5.10,4.92,4.92,4008
24-Feb-12,4.56,4.86,4.50,4.86,10879
23-Feb-12,3.78,4.56,3.50,4.20,21958
22-Feb-12,3.90,4.02,3.78,3.90,4523
21-Feb-12,4.16,4.16,3.60,3.90,21829
17-Feb-12,4.32,4.32,4.26,4.26,7433
16-Feb-12,4.44,4.44,4.10,4.26,5352
15-Feb-12,4.26,4.32,4.05,4.29,6511
14-Feb-12,4.32,4.53,4.14,4.14,7486
13-Feb-12,4.68,4.68,4.20,4.38,19144
10-Feb-12,4.98,4.98,4.62,4.74,3840
9-Feb-12,4.83,4.88,4.74,4.83,6010
8-Feb-12,4.86,4.93,4.74,4.74,3501
7-Feb-12,4.80,4.86,4.63,4.86,2398
6-Feb-12,4.91,4.92,4.80,4.80,1100
3-Feb-12,4.62,5.04,4.62,4.80,5650
2-Feb-12,4.80,4.91,4.77,4.77,4616
1-Feb-12,5.10,5.40,4.98,5.04,3224
31-Jan-12,5.28,5.28,4.86,4.89,5977
30-Jan-12,5.40,5.40,4.82,5.40,5574
27-Jan-12,5.82,5.82,5.10,5.40,5275
26-Jan-12,5.64,5.64,5.40,5.58,5322
25-Jan-12,5.80,5.80,5.55,5.67,2383
24-Jan-12,5.82,5.82,5.59,5.82,1043
23-Jan-12,5.58,5.82,5.40,5.76,5067
20-Jan-12,5.52,5.76,5.52,5.76,567
19-Jan-12,5.64,5.76,5.64,5.70,1317
18-Jan-12,5.82,5.82,5.64,5.76,1434
17-Jan-12,5.88,5.88,5.64,5.64,1712
13-Jan-12,5.88,5.88,5.88,5.88,0
12-Jan-12,5.46,5.88,5.40,5.76,3714
11-Jan-12,5.52,5.88,5.10,5.58,6059
10-Jan-12,5.82,5.88,5.70,5.88,1769
9-Jan-12,5.82,5.88,5.64,5.82,5215
6-Jan-12,5.70,5.70,5.70,5.70,1183
5-Jan-12,5.88,5.88,5.47,5.70,2735
4-Jan-12,5.82,5.88,5.58,5.88,873
3-Jan-12,5.82,6.00,5.53,5.88,1808
30-Dec-11,5.82,5.82,5.82,5.82,0
29-Dec-11,5.85,6.18,5.85,6.00,7598
28-Dec-11,6.78,6.78,6.18,6.44,12245
27-Dec-11,7.08,7.50,6.60,7.02,14393
23-Dec-11,7.08,7.08,7.08,7.08,0
22-Dec-11,7.62,8.58,7.50,8.22,5647
21-Dec-11,8.46,8.46,7.46,8.10,6468
20-Dec-11,8.94,8.94,7.44,7.92,9917
19-Dec-11,7.80,8.70,6.00,8.40,36298
16-Dec-11,9.66,9.66,8.76,8.94,772
15-Dec-11,9.36,9.48,8.52,9.30,4437
14-Dec-11,9.72,9.72,8.51,9.60,1917
13-Dec-11,9.54,9.90,8.46,9.66,3249
12-Dec-11,10.14,10.20,8.94,9.78,4303
9-Dec-11,10.44,10.74,9.67,10.20,1259
8-Dec-11,10.56,11.39,10.02,10.74,1006
7-Dec-11,11.22,11.34,9.55,10.98,2189
6-Dec-11,11.94,11.94,10.62,11.22,1867
5-Dec-11,12.24,12.24,11.34,11.46,3365
2-Dec-11,11.76,12.00,11.32,11.94,2727
1-Dec-11,11.70,12.84,11.40,11.94,6736
30-Nov-11,12.72,13.14,11.40,11.58,2722
29-Nov-11,12.78,12.78,11.76,12.60,7318
28-Nov-11,13.86,13.86,12.18,13.14,1992
25-Nov-11,12.60,13.20,12.48,13.20,1943
23-Nov-11,13.20,13.20,13.20,13.20,0
22-Nov-11,12.90,13.20,12.90,13.20,1392
21-Nov-11,13.32,13.32,13.32,13.32,0
18-Nov-11,13.20,13.20,12.36,13.20,4086
17-Nov-11,12.96,13.20,12.90,13.20,3072
16-Nov-11,13.32,13.32,12.90,12.96,3119
15-Nov-11,12.30,13.20,11.64,13.20,4890
14-Nov-11,13.08,13.20,12.58,12.78,433
11-Nov-11,12.66,13.20,12.19,13.20,2612
10-Nov-11,13.20,13.20,12.30,12.60,8494
9-Nov-11,12.90,13.20,12.06,13.20,3007
8-Nov-11,12.90,13.26,12.24,13.26,1426
7-Nov-11,20.94,20.94,12.00,13.14,5792
4-Nov-11,13.80,14.40,12.24,13.14,4944
3-Nov-11,14.28,14.28,13.50,13.50,1150
2-Nov-11,14.40,14.40,13.44,14.10,1869
1-Nov-11,13.56,14.10,13.38,14.10,1547
31-Oct-11,13.80,14.10,13.38,14.04,1625
28-Oct-11,14.22,14.94,13.26,13.80,6684
27-Oct-11,14.04,14.40,13.33,14.23,5399
26-Oct-11,13.32,14.10,13.32,13.50,1855
25-Oct-11,14.58,14.94,13.32,14.28,10955
24-Oct-11,14.52,15.66,13.50,14.76,5426
21-Oct-11,14.64,16.26,14.04,14.88,5402
20-Oct-11,16.02,16.20,14.40,14.40,7782
19-Oct-11,15.64,17.40,15.30,16.38,8524
18-Oct-11,15.53,16.44,15.48,16.44,785
17-Oct-11,16.32,16.32,16.22,16.22,89
14-Oct-11,15.54,17.04,15.54,16.74,400
13-Oct-11,15.54,17.04,14.70,16.68,1443
12-Oct-11,16.74,16.74,14.94,16.14,1815
11-Oct-11,16.38,17.46,14.52,16.14,7338
10-Oct-11,16.50,17.40,15.36,15.90,1177
7-Oct-11,16.26,17.34,15.96,17.34,2192
6-Oct-11,16.35,17.40,16.20,17.28,1027
5-Oct-11,17.40,17.76,17.10,17.53,1105
4-Oct-11,17.22,17.40,15.66,17.40,3513
3-Oct-11,18.00,18.00,15.60,17.34,4100
30-Sep-11,18.06,18.06,16.40,18.00,1023
29-Sep-11,16.68,17.82,16.44,17.82,917
