Date,Open,High,Low,Close,Volume
26-Sep-12,27.47,27.56,27.12,27.39,2547723
25-Sep-12,27.99,28.59,27.75,27.97,3689772
24-Sep-12,27.62,27.92,27.59,27.73,1853836
21-Sep-12,28.25,28.36,28.12,28.22,303017
20-Sep-12,28.17,28.23,27.85,28.02,322377
19-Sep-12,28.41,28.55,28.28,28.37,230606
18-Sep-12,28.64,28.79,28.51,28.72,342338
17-Sep-12,28.64,28.71,28.33,28.51,414250
14-Sep-12,28.69,28.81,28.18,28.37,752000
13-Sep-12,26.97,27.62,26.97,27.51,415168
12-Sep-12,26.83,26.90,26.54,26.68,404738
11-Sep-12,26.69,26.70,26.20,26.40,571363
10-Sep-12,26.26,26.53,26.14,26.35,510879
7-Sep-12,26.30,26.36,26.06,26.23,2072859
6-Sep-12,25.39,26.27,25.37,26.27,2599894
5-Sep-12,25.27,25.33,24.95,25.15,4122003
4-Sep-12,26.16,26.29,24.58,24.91,8569126
31-Aug-12,27.36,27.45,27.03,27.24,744369
30-Aug-12,27.38,27.42,26.98,27.08,977254
29-Aug-12,27.46,27.66,27.22,27.54,1105190
28-Aug-12,27.10,27.50,27.09,27.33,1471093
27-Aug-12,27.80,27.90,27.44,27.56,891455
24-Aug-12,27.39,27.84,27.26,27.80,1368715
23-Aug-12,27.63,27.76,27.35,27.45,1893068
22-Aug-12,27.50,27.71,27.36,27.62,1090173
21-Aug-12,27.76,27.86,27.56,27.69,1523625
20-Aug-12,27.62,27.62,27.25,27.50,1649482
17-Aug-12,27.62,27.63,27.29,27.38,998080
16-Aug-12,27.26,27.63,26.94,27.47,1759493
15-Aug-12,27.38,27.67,27.33,27.38,2712673
14-Aug-12,27.03,27.26,26.75,27.11,2745692
13-Aug-12,27.01,27.01,26.64,26.89,4170452
10-Aug-12,26.73,27.16,26.63,27.10,4035851
9-Aug-12,27.06,27.23,26.95,27.14,1309912
8-Aug-12,26.83,27.10,26.77,26.98,1624975
7-Aug-12,26.87,27.40,26.87,27.12,1748442
6-Aug-12,26.72,27.18,26.72,26.83,1858248
3-Aug-12,26.50,27.00,26.38,26.73,2155134
2-Aug-12,25.84,26.25,25.69,25.97,2025586
1-Aug-12,26.25,26.43,26.09,26.18,2180665
31-Jul-12,26.07,26.30,25.87,25.98,2866302
30-Jul-12,26.04,26.29,25.74,25.95,1755612
27-Jul-12,25.50,26.44,25.42,26.25,3740072
26-Jul-12,25.54,25.64,25.19,25.50,4187273
25-Jul-12,24.03,24.81,23.98,24.58,5522322
24-Jul-12,22.61,22.69,22.22,22.34,1979896
23-Jul-12,22.36,22.70,22.22,22.58,2132008
20-Jul-12,23.19,23.40,23.05,23.26,2075719
19-Jul-12,23.00,23.73,22.87,23.61,2525606
18-Jul-12,21.88,22.57,21.82,22.44,3615608
17-Jul-12,22.63,22.66,21.64,21.70,5003428
16-Jul-12,23.00,23.00,22.62,22.72,1357569
13-Jul-12,22.81,23.00,22.76,22.88,1709254
12-Jul-12,22.40,22.64,22.22,22.53,1488473
11-Jul-12,22.71,22.76,22.43,22.64,3483465
10-Jul-12,22.75,22.93,22.00,22.06,3507329
9-Jul-12,23.20,23.25,22.84,22.93,2595354
6-Jul-12,23.88,23.98,23.22,23.52,2029280
5-Jul-12,24.01,24.26,23.88,24.09,1263986
3-Jul-12,24.24,24.33,24.14,24.31,980812
2-Jul-12,24.11,24.12,23.77,23.98,2094737
29-Jun-12,23.50,23.87,23.44,23.79,2445350
28-Jun-12,23.13,23.41,22.89,23.03,2229705
27-Jun-12,23.00,23.50,22.96,23.37,1486298
26-Jun-12,23.13,23.25,22.58,22.89,2011980
25-Jun-12,23.53,23.56,23.05,23.14,1176100
22-Jun-12,23.78,23.84,23.56,23.75,978385
21-Jun-12,24.48,24.48,23.66,23.72,1973040
20-Jun-12,24.53,24.60,24.15,24.38,1907215
19-Jun-12,23.80,24.24,23.72,24.07,2040820
18-Jun-12,23.08,23.49,22.96,23.35,3068452
15-Jun-12,22.76,23.26,22.67,23.22,3054130
14-Jun-12,23.52,23.57,22.83,22.92,4502783
13-Jun-12,23.61,23.93,23.51,23.63,1768374
12-Jun-12,23.18,23.55,23.16,23.50,2566156
11-Jun-12,23.90,23.94,23.07,23.10,2027840
8-Jun-12,23.42,23.57,23.29,23.53,1108295
7-Jun-12,23.96,24.00,23.47,23.62,3673248
6-Jun-12,23.14,23.40,23.14,23.35,1660926
5-Jun-12,22.33,22.95,22.32,22.85,2001756
4-Jun-12,22.59,22.78,22.24,22.42,1616849
1-Jun-12,22.87,23.02,22.60,22.67,1945139
31-May-12,23.70,23.73,23.21,23.49,2637868
30-May-12,23.67,23.76,23.48,23.64,2646402
29-May-12,23.81,23.92,23.65,23.82,2714952
25-May-12,23.11,23.32,22.94,23.23,2692936
24-May-12,23.34,23.35,22.85,23.10,2976397
23-May-12,23.09,23.10,22.46,23.04,4309441
22-May-12,23.23,23.29,22.87,22.99,2656930
21-May-12,22.54,23.14,22.46,23.06,4081059
18-May-12,22.38,22.45,21.96,22.10,4982394
17-May-12,22.80,22.90,22.30,22.35,7469186
16-May-12,23.48,23.48,22.97,23.02,3316305
15-May-12,23.34,23.54,22.35,23.19,3022865
14-May-12,23.77,23.86,23.37,23.39,3596692
11-May-12,24.16,24.53,24.13,24.20,2331067
10-May-12,24.79,24.80,24.31,24.35,6913640
9-May-12,22.90,23.96,22.81,23.79,8469852
8-May-12,24.07,24.15,22.97,23.38,9662722
7-May-12,24.42,24.99,24.29,24.34,3604703
4-May-12,24.87,24.96,24.40,24.41,2663636
3-May-12,25.00,25.24,24.68,25.11,4462352
2-May-12,24.90,25.29,24.75,25.22,4209101
1-May-12,25.24,25.61,25.20,25.21,3674297
30-Apr-12,25.74,25.80,25.15,25.33,4053860
27-Apr-12,26.28,26.30,25.83,26.03,2318018
26-Apr-12,25.60,25.88,25.59,25.72,2647727
25-Apr-12,26.28,26.30,25.38,25.84,7004957
24-Apr-12,26.19,26.22,25.05,25.15,7632807
23-Apr-12,27.37,27.62,27.10,27.58,3481653
20-Apr-12,28.51,28.55,27.80,27.86,3412581
19-Apr-12,29.08,29.41,28.64,28.91,2627379
18-Apr-12,28.83,29.25,28.76,29.01,3123900
17-Apr-12,28.29,28.60,28.23,28.49,1791388
16-Apr-12,28.60,28.60,27.85,27.89,3546946
13-Apr-12,28.14,28.18,27.79,27.94,1380119
12-Apr-12,28.07,28.29,27.90,28.16,2284675
11-Apr-12,27.90,28.06,27.62,27.72,1954078
10-Apr-12,27.68,28.04,27.23,27.24,2898638
9-Apr-12,28.00,28.14,27.82,27.98,1207659
5-Apr-12,28.06,28.58,28.06,28.47,1309086
4-Apr-12,28.45,28.55,28.02,28.33,2202630
3-Apr-12,29.18,29.26,28.78,28.96,2201833
2-Apr-12,28.92,29.24,28.75,29.01,2995936
30-Mar-12,28.44,28.48,28.14,28.29,1277613
29-Mar-12,28.12,28.49,28.04,28.45,2279100
28-Mar-12,28.68,28.73,28.16,28.42,2053313
27-Mar-12,28.61,28.80,28.59,28.64,1649804
26-Mar-12,28.59,28.65,28.43,28.64,1952955
23-Mar-12,28.09,28.30,27.91,28.23,1522489
22-Mar-12,28.10,28.23,27.99,28.11,2213225
21-Mar-12,28.15,28.24,28.00,28.08,2444584
20-Mar-12,27.71,27.95,27.50,27.84,1803952
19-Mar-12,27.65,27.74,27.43,27.56,1696522
16-Mar-12,27.59,27.61,27.26,27.31,2252902
15-Mar-12,26.71,27.11,26.64,27.00,2359788
14-Mar-12,26.97,27.16,26.59,26.68,1944690
13-Mar-12,26.91,27.24,26.90,27.22,1462571
12-Mar-12,26.96,27.10,26.78,26.94,2061199
9-Mar-12,26.88,27.00,26.68,26.98,1925563
8-Mar-12,26.67,27.09,26.61,26.86,4392413
7-Mar-12,25.76,26.03,25.59,25.85,1863451
6-Mar-12,25.21,25.43,25.15,25.37,2936004
5-Mar-12,25.86,25.99,25.78,25.93,3622152
2-Mar-12,26.48,26.75,26.02,26.15,4372232
1-Mar-12,27.31,27.39,26.80,26.96,3665921
29-Feb-12,27.50,27.74,27.11,27.18,4222686
28-Feb-12,27.42,27.96,27.36,27.96,3160195
27-Feb-12,27.00,27.59,26.95,27.42,1412203
24-Feb-12,27.20,27.51,27.16,27.38,1862606
23-Feb-12,27.18,27.28,27.00,27.18,2636542
22-Feb-12,27.10,27.45,27.03,27.31,2342939
21-Feb-12,27.65,27.73,27.35,27.46,1583218
17-Feb-12,27.98,28.04,27.71,27.75,2430204
16-Feb-12,27.41,28.05,27.29,27.86,2016873
15-Feb-12,27.73,27.97,27.49,27.53,3341700
14-Feb-12,27.27,27.68,27.20,27.59,3463481
13-Feb-12,27.24,27.49,27.15,27.45,2449833
10-Feb-12,26.90,26.95,26.63,26.88,3228758
9-Feb-12,26.88,26.90,26.51,26.81,3544276
8-Feb-12,27.17,27.25,26.73,26.96,3213710
7-Feb-12,27.07,27.18,26.77,26.91,4144046
6-Feb-12,27.42,27.55,26.76,26.89,4705100
3-Feb-12,27.69,27.93,27.27,27.88,2598959
2-Feb-12,27.64,27.64,27.07,27.19,4394313
1-Feb-12,28.40,28.51,28.04,28.05,4532791
31-Jan-12,29.68,29.94,28.60,28.88,8697857
30-Jan-12,28.00,28.37,27.90,28.36,3545301
27-Jan-12,27.94,28.20,27.83,28.17,1812811
26-Jan-12,28.31,28.50,27.73,27.94,3966060
25-Jan-12,28.19,28.23,27.45,27.87,4938635
24-Jan-12,27.50,27.65,27.13,27.20,3720438
23-Jan-12,27.08,27.86,27.02,27.73,3940101
20-Jan-12,26.93,27.05,26.77,26.91,2078674
19-Jan-12,26.84,27.04,26.52,26.93,2366714
18-Jan-12,26.90,27.10,26.62,26.66,3784614
17-Jan-12,26.84,26.90,26.49,26.53,1830552
13-Jan-12,26.27,26.27,26.27,26.27,0
12-Jan-12,27.17,27.21,26.78,27.00,2320147
11-Jan-12,27.37,27.40,26.85,26.99,4318404
10-Jan-12,28.50,28.50,27.86,27.92,2558605
9-Jan-12,28.63,28.68,28.12,28.38,4399745
6-Jan-12,28.29,28.34,27.93,28.02,2583757
5-Jan-12,28.46,28.74,28.23,28.71,2026855
4-Jan-12,28.17,28.26,27.64,28.08,2790481
3-Jan-12,28.50,28.74,27.90,28.10,2986512
30-Dec-11,27.67,27.67,27.67,27.67,0
29-Dec-11,27.34,27.42,27.09,27.33,1305539
28-Dec-11,27.49,27.58,26.97,27.01,3047313
27-Dec-11,26.99,27.30,26.93,27.11,1066768
23-Dec-11,27.10,27.10,27.10,27.10,0
22-Dec-11,26.86,27.13,26.86,27.08,2208342
21-Dec-11,26.62,26.91,26.28,26.74,2955351
20-Dec-11,26.40,27.34,26.40,27.19,4734711
19-Dec-11,25.90,26.09,25.70,25.75,2739489
16-Dec-11,25.64,25.96,25.44,25.75,3401751
15-Dec-11,25.68,25.77,25.39,25.68,4231013
14-Dec-11,25.64,25.79,24.97,25.03,5659160
13-Dec-11,26.85,27.09,26.00,26.20,2564837
12-Dec-11,26.68,26.69,26.42,26.66,2230512
9-Dec-11,26.48,26.97,26.29,26.83,3650058
8-Dec-11,27.18,27.31,26.53,26.57,2678252
7-Dec-11,27.17,27.31,26.88,27.08,2702949
6-Dec-11,27.83,27.91,27.46,27.48,2208711
5-Dec-11,28.25,28.30,27.40,27.50,3422558
2-Dec-11,28.18,28.50,27.71,27.85,3200976
1-Dec-11,27.93,28.42,27.86,28.09,3096583
30-Nov-11,28.04,28.31,27.92,28.27,3317899
29-Nov-11,26.87,27.24,26.67,26.88,3177699
28-Nov-11,27.02,27.12,26.42,26.67,2206146
25-Nov-11,25.70,26.11,25.68,25.74,1255688
23-Nov-11,26.06,26.06,26.06,26.06,0
22-Nov-11,26.69,27.12,26.58,26.95,3326236
21-Nov-11,27.19,27.28,26.58,26.94,2323398
18-Nov-11,28.52,28.68,27.64,27.66,4572137
17-Nov-11,29.79,29.84,28.58,28.87,3729605
16-Nov-11,29.79,30.40,29.73,29.82,4599819
15-Nov-11,29.80,30.30,29.77,30.11,3033543
14-Nov-11,30.20,30.48,29.75,29.97,4407476
11-Nov-11,30.04,31.16,30.04,30.97,3217247
10-Nov-11,30.18,30.23,29.61,29.83,3058371
9-Nov-11,29.01,29.91,29.00,29.40,5021132
8-Nov-11,30.41,30.59,29.91,30.48,3123245
7-Nov-11,30.28,30.52,29.60,30.07,3922145
4-Nov-11,30.41,31.55,30.18,31.21,7256631
3-Nov-11,28.75,29.53,28.35,29.46,3717908
2-Nov-11,28.17,28.43,27.72,28.36,4556958
1-Nov-11,26.99,27.98,26.66,27.67,4910954
31-Oct-11,28.59,28.72,28.08,28.09,2646320
28-Oct-11,29.22,29.38,28.89,29.14,3571910
27-Oct-11,28.97,30.46,28.87,29.97,6681601
26-Oct-11,28.88,28.89,27.58,27.72,4113347
25-Oct-11,27.79,28.65,27.66,27.99,4534543
24-Oct-11,27.37,27.86,27.36,27.72,3338099
21-Oct-11,27.21,27.43,26.64,26.88,3635724
20-Oct-11,27.47,27.55,26.42,26.81,3470198
19-Oct-11,27.70,27.93,27.30,27.36,3578269
18-Oct-11,27.86,28.54,27.40,28.40,1931327
17-Oct-11,28.29,28.35,27.75,27.90,1763010
14-Oct-11,28.55,28.70,28.09,28.44,1889805
13-Oct-11,28.07,28.54,27.87,28.45,2854194
12-Oct-11,28.12,28.75,28.01,28.29,3397882
11-Oct-11,27.71,28.14,27.50,27.64,3507102
10-Oct-11,27.17,27.98,26.99,27.90,3344679
7-Oct-11,26.50,26.64,25.72,26.00,3700322
6-Oct-11,25.46,26.11,25.12,26.06,4034513
5-Oct-11,25.54,25.97,25.18,25.72,5207664
4-Oct-11,23.95,25.72,23.88,25.70,6560941
3-Oct-11,25.04,25.46,24.60,24.82,5121043
30-Sep-11,25.89,26.48,25.45,25.50,4238784
29-Sep-11,27.54,27.60,25.88,26.37,3208231
