Date,Open,High,Low,Close,Volume
26-Sep-12,31.57,31.65,31.05,31.39,112652
25-Sep-12,32.59,32.75,31.50,31.55,315357
24-Sep-12,32.20,32.77,31.96,32.39,154921
21-Sep-12,33.15,33.21,32.32,32.32,166996
20-Sep-12,32.78,32.90,32.37,32.71,49364
19-Sep-12,32.45,33.14,32.37,33.05,80361
18-Sep-12,33.02,33.27,32.20,32.40,104857
17-Sep-12,33.88,33.99,33.29,33.47,40964
14-Sep-12,33.24,34.07,33.24,33.78,20297
13-Sep-12,32.35,33.30,32.05,32.99,24860
12-Sep-12,32.15,32.50,31.96,32.35,19306
11-Sep-12,31.87,32.33,31.74,32.13,16021
10-Sep-12,31.48,32.26,31.48,31.84,24955
7-Sep-12,31.01,31.73,30.98,31.59,52534
6-Sep-12,29.67,30.87,29.67,30.83,72281
5-Sep-12,29.41,29.94,29.34,29.43,94338
4-Sep-12,29.30,29.42,28.50,29.29,41898
31-Aug-12,29.57,29.57,28.96,29.33,51581
30-Aug-12,29.38,29.39,29.00,29.22,41840
29-Aug-12,29.62,29.80,29.21,29.55,79870
28-Aug-12,29.06,29.64,29.06,29.49,82570
27-Aug-12,30.07,30.07,29.08,29.08,86261
24-Aug-12,29.96,30.46,29.80,29.98,44172
23-Aug-12,30.50,30.71,30.10,30.12,59459
22-Aug-12,30.50,30.82,30.18,30.54,68525
21-Aug-12,30.71,31.65,30.41,30.51,80251
20-Aug-12,30.62,30.75,30.35,30.72,65799
17-Aug-12,30.60,30.90,29.99,30.80,106248
16-Aug-12,29.63,30.64,29.53,30.62,101795
15-Aug-12,29.46,30.07,29.46,29.73,106689
14-Aug-12,30.53,30.53,29.51,29.65,156319
13-Aug-12,30.60,30.75,29.44,30.31,144955
10-Aug-12,30.83,31.01,30.40,30.69,82149
9-Aug-12,30.41,31.02,30.41,30.86,17401
8-Aug-12,30.09,30.63,30.09,30.44,71056
7-Aug-12,30.07,30.68,30.00,30.13,70962
6-Aug-12,29.41,30.35,29.39,29.75,80925
3-Aug-12,28.36,29.59,28.14,29.26,53565
2-Aug-12,28.05,28.59,27.75,27.92,61765
1-Aug-12,29.54,29.98,28.21,28.22,95254
31-Jul-12,29.02,29.83,28.68,29.20,101812
30-Jul-12,28.25,29.12,28.16,29.02,110725
27-Jul-12,27.54,28.38,27.22,28.32,283186
26-Jul-12,28.07,28.07,27.01,27.38,366617
25-Jul-12,27.59,27.85,27.29,27.52,168703
24-Jul-12,28.99,28.99,27.46,27.52,397984
23-Jul-12,28.92,29.71,28.82,29.31,59525
20-Jul-12,30.10,30.25,29.55,29.59,103666
19-Jul-12,30.63,31.04,30.29,30.29,70936
18-Jul-12,29.92,30.82,29.72,30.49,92438
17-Jul-12,29.92,30.24,29.38,30.03,71275
16-Jul-12,29.78,30.27,29.52,29.66,77729
13-Jul-12,29.24,30.22,29.24,29.91,81758
12-Jul-12,28.36,29.36,28.08,29.18,77665
11-Jul-12,29.01,29.01,28.35,28.51,100486
10-Jul-12,30.69,30.79,28.69,29.04,127592
9-Jul-12,29.71,30.46,29.04,30.32,190035
6-Jul-12,31.01,31.08,30.39,30.56,42838
5-Jul-12,31.04,31.70,30.82,31.45,59207
3-Jul-12,30.44,31.34,30.44,31.23,39163
2-Jul-12,30.73,30.95,29.86,30.37,76477
29-Jun-12,30.20,31.02,28.64,30.68,182839
28-Jun-12,28.31,29.46,28.31,29.41,127119
27-Jun-12,27.88,28.69,27.78,28.66,69473
26-Jun-12,27.92,28.18,27.47,27.89,87167
25-Jun-12,27.14,27.96,27.14,27.88,175786
22-Jun-12,27.75,27.94,27.39,27.67,194558
21-Jun-12,28.87,29.02,27.51,27.60,140491
20-Jun-12,29.20,29.60,28.70,28.75,142678
19-Jun-12,28.29,29.40,28.29,29.25,97419
18-Jun-12,28.31,28.63,28.10,28.23,71928
15-Jun-12,27.69,28.86,27.66,28.55,222554
14-Jun-12,27.54,27.98,27.37,27.68,102560
13-Jun-12,27.50,27.94,27.35,27.54,126023
12-Jun-12,27.64,27.80,27.40,27.62,86654
11-Jun-12,28.89,28.92,27.45,27.46,128476
8-Jun-12,27.69,28.61,27.32,28.49,63557
7-Jun-12,28.49,28.80,27.78,27.84,66265
6-Jun-12,27.57,28.01,27.54,27.99,136973
5-Jun-12,26.92,27.60,26.83,27.23,98317
4-Jun-12,27.09,27.22,26.66,27.12,102878
1-Jun-12,26.80,27.41,26.48,26.96,227828
31-May-12,28.15,28.17,27.18,27.45,133784
30-May-12,28.50,28.80,28.04,28.22,133368
29-May-12,28.66,29.19,28.59,28.89,234539
25-May-12,28.55,28.55,28.22,28.39,85259
24-May-12,28.65,28.88,28.15,28.50,157545
23-May-12,28.28,28.74,28.12,28.58,278022
22-May-12,28.94,29.11,28.34,28.70,139408
21-May-12,28.45,29.18,28.13,28.85,123329
18-May-12,28.41,29.01,28.00,28.25,185839
17-May-12,29.01,29.08,28.37,28.38,242755
16-May-12,30.25,30.25,28.73,28.91,132832
15-May-12,29.68,30.26,29.67,30.00,291443
14-May-12,28.56,30.04,28.43,29.74,351588
11-May-12,28.35,29.08,28.14,29.01,202680
10-May-12,29.89,29.89,28.52,28.67,116947
9-May-12,29.19,29.88,28.94,29.56,239831
8-May-12,29.65,29.89,29.16,29.69,214313
7-May-12,28.75,30.10,28.60,29.97,287855
4-May-12,29.69,29.69,28.74,28.76,120793
3-May-12,30.60,30.60,29.86,29.97,122952
2-May-12,30.75,30.75,30.30,30.69,241576
1-May-12,31.21,31.61,30.52,30.58,126580
30-Apr-12,31.87,31.89,30.92,31.29,115344
27-Apr-12,31.96,32.25,31.55,31.99,111555
26-Apr-12,31.73,32.11,31.14,31.84,139989
25-Apr-12,33.14,33.16,31.52,31.94,240652
24-Apr-12,33.36,33.37,31.89,32.80,334185
23-Apr-12,34.07,34.24,33.07,33.19,271009
20-Apr-12,34.85,35.27,34.52,34.81,174731
19-Apr-12,34.78,35.05,34.03,34.37,105057
18-Apr-12,34.71,35.22,34.43,34.79,136933
17-Apr-12,35.00,35.88,34.67,35.07,186115
16-Apr-12,35.23,35.49,34.59,34.65,74044
13-Apr-12,35.52,35.63,34.87,34.99,105104
12-Apr-12,35.01,36.05,35.01,35.76,143535
11-Apr-12,35.22,35.26,34.28,35.04,231556
10-Apr-12,35.81,35.81,34.34,34.78,153906
9-Apr-12,35.91,35.97,35.52,35.81,80681
5-Apr-12,36.22,37.12,36.22,36.81,73831
4-Apr-12,36.08,36.54,36.00,36.42,100062
3-Apr-12,36.67,37.02,36.44,36.65,128929
2-Apr-12,36.34,37.06,36.22,36.80,175678
30-Mar-12,37.01,37.01,36.40,36.48,155358
29-Mar-12,37.05,37.41,36.11,36.70,191349
28-Mar-12,37.99,37.99,37.11,37.54,87735
27-Mar-12,38.31,38.37,36.75,38.00,105498
26-Mar-12,37.62,38.72,37.62,38.37,114151
23-Mar-12,36.27,37.08,35.59,36.95,128304
22-Mar-12,36.59,36.90,35.50,36.16,65653
21-Mar-12,37.31,37.81,36.80,37.13,65666
20-Mar-12,37.55,37.88,37.13,37.17,111055
19-Mar-12,37.49,38.53,37.49,38.00,54443
16-Mar-12,37.72,37.95,37.34,37.62,111007
15-Mar-12,36.97,37.65,36.50,37.64,51850
14-Mar-12,37.45,37.55,36.63,36.84,51821
13-Mar-12,36.98,37.66,36.71,37.62,84973
12-Mar-12,36.95,37.02,36.40,36.56,78269
9-Mar-12,36.55,37.49,36.31,37.08,122967
8-Mar-12,36.10,36.60,35.40,36.57,68565
7-Mar-12,35.59,36.02,35.37,35.90,179148
6-Mar-12,36.32,36.46,35.03,35.58,82143
5-Mar-12,37.31,37.31,36.31,37.09,82566
2-Mar-12,38.09,38.09,36.76,37.26,119851
1-Mar-12,38.31,38.93,37.78,38.09,84652
29-Feb-12,39.25,39.69,37.84,37.95,119835
28-Feb-12,39.40,39.49,38.76,39.10,126413
27-Feb-12,39.04,39.67,38.34,39.35,145474
24-Feb-12,39.88,40.10,39.44,39.60,122921
23-Feb-12,39.77,40.09,38.97,39.90,144985
22-Feb-12,39.06,40.29,39.06,39.66,232610
21-Feb-12,37.99,40.68,37.54,38.94,479109
17-Feb-12,36.89,36.89,36.26,36.46,131031
16-Feb-12,36.01,36.85,35.69,36.68,86328
15-Feb-12,37.30,37.53,35.75,35.88,138831
14-Feb-12,37.40,37.84,36.85,36.98,125660
13-Feb-12,37.19,37.65,36.96,37.60,41701
10-Feb-12,36.89,36.89,36.89,36.89,0
9-Feb-12,37.86,37.91,37.24,37.52,110154
8-Feb-12,37.07,37.99,36.85,37.80,143668
7-Feb-12,36.92,37.10,36.19,37.03,104873
6-Feb-12,36.93,37.32,36.33,36.93,149550
3-Feb-12,36.35,36.35,36.35,36.35,0
2-Feb-12,34.25,34.64,33.81,33.94,203679
1-Feb-12,34.14,34.70,33.73,34.25,124485
31-Jan-12,34.15,34.21,33.58,33.82,145479
30-Jan-12,34.00,34.00,34.00,34.00,0
27-Jan-12,34.18,34.61,34.02,34.30,119116
26-Jan-12,35.01,35.16,34.07,34.30,105106
25-Jan-12,34.33,35.07,34.20,34.75,81920
24-Jan-12,33.95,33.95,33.95,33.95,0
23-Jan-12,33.90,34.41,33.61,33.98,132726
20-Jan-12,34.45,34.64,33.78,33.91,114032
19-Jan-12,34.43,35.24,34.05,34.57,97892
18-Jan-12,35.00,35.00,35.00,35.00,0
17-Jan-12,35.10,35.55,34.50,34.55,93469
13-Jan-12,34.72,34.72,34.72,34.72,0
12-Jan-12,35.23,35.83,34.35,35.52,61309
11-Jan-12,34.51,35.26,34.49,35.05,71982
10-Jan-12,34.27,35.11,34.27,34.76,134612
9-Jan-12,33.33,33.72,33.09,33.61,140445
6-Jan-12,33.59,34.01,33.09,33.17,106822
5-Jan-12,33.49,34.36,33.32,33.71,127538
4-Jan-12,33.06,33.94,32.69,33.78,79566
3-Jan-12,33.25,33.71,32.60,33.39,99019
30-Dec-11,32.21,32.21,32.21,32.21,0
29-Dec-11,32.54,32.54,32.54,32.54,0
28-Dec-11,33.42,33.42,31.71,31.84,63592
27-Dec-11,33.07,33.80,33.07,33.42,35710
23-Dec-11,33.23,33.23,33.23,33.23,0
22-Dec-11,33.20,33.88,33.20,33.39,62436
21-Dec-11,33.38,33.38,33.38,33.38,0
20-Dec-11,31.62,32.77,31.62,32.74,75065
19-Dec-11,31.97,32.31,30.56,30.72,83346
16-Dec-11,31.81,32.99,31.56,31.68,218552
15-Dec-11,31.31,31.71,30.55,31.49,65857
14-Dec-11,30.75,30.75,30.75,30.75,0
13-Dec-11,33.74,34.17,32.39,32.51,80235
12-Dec-11,33.71,33.71,32.76,33.36,77580
9-Dec-11,32.91,34.67,32.91,34.40,89707
8-Dec-11,33.74,33.98,32.64,32.75,126803
7-Dec-11,33.58,34.41,32.66,34.25,97601
6-Dec-11,33.26,34.53,33.26,33.93,136970
5-Dec-11,33.61,33.89,32.78,33.25,94601
2-Dec-11,33.17,33.70,32.67,32.85,38452
1-Dec-11,33.16,33.16,33.16,33.16,0
30-Nov-11,31.49,33.46,31.49,33.45,178859
29-Nov-11,29.66,29.66,29.66,29.66,0
28-Nov-11,30.03,30.26,29.20,30.12,189518
25-Nov-11,29.48,30.15,28.93,28.94,31029
23-Nov-11,30.38,30.38,30.38,30.38,0
22-Nov-11,31.60,31.74,30.77,30.92,68985
21-Nov-11,31.78,31.98,30.97,31.64,129561
18-Nov-11,32.92,33.34,32.41,32.50,151721
17-Nov-11,33.42,33.98,32.50,32.86,135520
16-Nov-11,33.99,35.00,33.17,33.44,178235
15-Nov-11,33.25,34.66,33.00,34.40,136519
14-Nov-11,34.22,34.45,33.34,33.64,82287
11-Nov-11,34.04,34.04,34.04,34.04,0
10-Nov-11,33.64,33.64,32.83,33.19,106522
9-Nov-11,33.31,33.31,33.31,33.31,0
8-Nov-11,34.01,34.79,33.70,34.71,141972
7-Nov-11,34.47,34.70,33.29,33.82,194397
4-Nov-11,33.86,33.86,33.86,33.86,0
3-Nov-11,34.23,34.57,33.63,34.26,173040
2-Nov-11,33.49,33.49,33.49,33.49,0
1-Nov-11,31.85,33.14,31.50,32.24,154206
31-Oct-11,33.65,33.93,33.00,33.25,135906
28-Oct-11,34.52,34.52,34.52,34.52,0
27-Oct-11,32.01,35.68,32.01,34.70,253960
26-Oct-11,32.32,32.48,30.67,32.00,205900
25-Oct-11,33.63,34.59,31.50,31.70,178829
24-Oct-11,33.43,34.68,33.33,34.60,150814
21-Oct-11,32.24,33.27,31.98,33.19,122945
20-Oct-11,30.70,30.70,30.70,30.70,0
19-Oct-11,33.45,33.90,32.20,32.51,136644
18-Oct-11,32.60,34.35,32.21,33.81,90592
17-Oct-11,34.05,34.05,32.36,32.47,76491
14-Oct-11,34.37,34.37,34.37,34.37,0
13-Oct-11,32.29,32.96,32.29,32.70,84046
12-Oct-11,32.22,32.81,31.91,32.56,78144
11-Oct-11,31.36,32.13,30.72,31.89,100263
10-Oct-11,30.55,31.80,30.42,31.75,72121
7-Oct-11,29.76,29.76,29.76,29.76,0
6-Oct-11,30.28,30.86,29.96,30.77,167695
5-Oct-11,29.99,30.71,29.48,30.24,75730
4-Oct-11,26.74,30.17,26.53,30.03,139832
3-Oct-11,29.06,29.72,27.03,27.07,129741
30-Sep-11,29.85,30.64,29.20,29.28,105274
29-Sep-11,30.41,30.88,29.39,30.57,70849
