Date,Open,High,Low,Close,Volume
26-Sep-12,1.15,1.29,1.15,1.29,10200
25-Sep-12,1.16,1.16,1.15,1.15,12400
24-Sep-12,1.19,1.23,1.18,1.18,63220
21-Sep-12,1.21,1.23,1.18,1.18,3400
20-Sep-12,1.21,1.21,1.21,1.21,0
19-Sep-12,1.24,1.25,1.19,1.21,2300
18-Sep-12,1.26,1.26,1.17,1.25,2691
17-Sep-12,1.30,1.31,1.25,1.25,39779
14-Sep-12,1.17,1.21,1.17,1.20,9400
13-Sep-12,1.21,1.21,1.20,1.21,4000
12-Sep-12,1.22,1.22,1.22,1.22,900
11-Sep-12,1.22,1.22,1.22,1.22,100
10-Sep-12,1.21,1.22,1.21,1.22,2000
7-Sep-12,1.28,1.28,1.20,1.26,21045
6-Sep-12,1.25,1.31,1.25,1.31,800
5-Sep-12,1.34,1.34,1.26,1.27,23300
4-Sep-12,1.31,1.31,1.26,1.26,38787
31-Aug-12,1.25,1.38,1.25,1.25,15759
30-Aug-12,1.28,1.30,1.25,1.27,34967
29-Aug-12,1.28,1.39,1.26,1.34,1898
28-Aug-12,1.33,1.40,1.30,1.33,4658
27-Aug-12,1.32,1.40,1.25,1.30,26853
24-Aug-12,1.38,1.38,1.25,1.36,7050
23-Aug-12,1.40,1.40,1.27,1.34,12149
22-Aug-12,1.36,1.41,1.34,1.40,39202
21-Aug-12,1.39,1.45,1.27,1.31,68114
20-Aug-12,1.08,1.40,1.01,1.35,41502
17-Aug-12,1.16,1.16,1.05,1.08,75928
16-Aug-12,1.15,1.29,1.10,1.26,98799
15-Aug-12,1.07,1.14,1.05,1.09,88613
14-Aug-12,1.08,1.08,0.99,1.05,100091
13-Aug-12,1.01,1.04,0.99,1.04,67545
10-Aug-12,1.01,1.04,1.01,1.01,2082
9-Aug-12,1.00,1.02,1.00,1.00,26481
8-Aug-12,1.05,1.05,1.00,1.00,1360
7-Aug-12,1.02,1.02,1.00,1.00,4544
6-Aug-12,1.00,1.13,1.00,1.00,42447
3-Aug-12,1.15,1.15,1.03,1.14,6276
2-Aug-12,1.08,1.10,1.08,1.10,12600
1-Aug-12,1.05,1.05,1.02,1.02,7943
31-Jul-12,1.05,1.05,1.02,1.02,6721
30-Jul-12,1.05,1.08,1.05,1.05,6536
27-Jul-12,1.03,1.03,1.00,1.00,322
26-Jul-12,1.00,1.05,1.00,1.00,17320
25-Jul-12,1.00,1.00,1.00,1.00,700
24-Jul-12,1.03,1.03,1.00,1.00,19007
23-Jul-12,1.05,1.05,1.05,1.05,650
20-Jul-12,1.01,1.01,1.01,1.01,400
19-Jul-12,1.05,1.05,1.05,1.05,844
18-Jul-12,1.01,1.05,1.00,1.05,1500
17-Jul-12,1.00,1.00,1.00,1.00,5200
16-Jul-12,1.04,1.04,1.04,1.04,0
13-Jul-12,1.00,1.08,0.99,1.02,46611
12-Jul-12,1.00,1.05,0.99,1.00,63969
11-Jul-12,0.99,1.05,0.99,1.01,20723
10-Jul-12,0.97,0.99,0.94,0.95,5100
9-Jul-12,0.90,0.98,0.90,0.94,5836
6-Jul-12,0.90,0.90,0.90,0.90,3480
5-Jul-12,0.90,0.90,0.88,0.88,8700
3-Jul-12,0.86,0.86,0.86,0.86,300
2-Jul-12,0.81,0.99,0.81,0.99,23671
29-Jun-12,0.90,0.90,0.84,0.90,4659
28-Jun-12,0.83,0.83,0.82,0.82,8300
27-Jun-12,0.83,0.86,0.83,0.85,5644
26-Jun-12,0.90,0.90,0.82,0.83,8451
25-Jun-12,0.90,0.90,0.90,0.90,1000
22-Jun-12,0.90,0.90,0.86,0.89,21600
21-Jun-12,0.90,0.90,0.90,0.90,0
20-Jun-12,0.82,0.90,0.82,0.90,2700
19-Jun-12,0.90,0.91,0.90,0.91,5400
18-Jun-12,0.87,0.90,0.84,0.84,7000
15-Jun-12,0.88,0.88,0.88,0.88,2600
14-Jun-12,0.90,0.91,0.90,0.90,14695
13-Jun-12,0.90,0.90,0.90,0.90,0
12-Jun-12,0.95,0.95,0.88,0.90,29167
11-Jun-12,0.99,0.99,0.97,0.99,17300
8-Jun-12,0.99,0.99,0.99,0.99,0
7-Jun-12,1.00,1.04,0.95,0.99,11813
6-Jun-12,1.00,1.00,1.00,1.00,100
5-Jun-12,0.96,1.00,0.92,1.00,9700
4-Jun-12,1.00,1.00,0.96,0.96,800
1-Jun-12,1.10,1.10,1.07,1.10,5999
31-May-12,1.11,1.13,1.05,1.10,4800
30-May-12,1.10,1.18,1.10,1.13,13365
29-May-12,1.12,1.12,1.11,1.11,5900
25-May-12,1.16,1.16,1.11,1.11,2600
24-May-12,1.17,1.28,1.16,1.16,13300
23-May-12,1.11,1.12,1.10,1.12,3300
22-May-12,1.13,1.13,1.12,1.12,4575
21-May-12,1.19,1.19,1.11,1.11,9503
18-May-12,1.18,1.18,1.14,1.18,13068
17-May-12,1.11,1.17,1.11,1.17,4190
16-May-12,1.12,1.12,1.12,1.12,0
15-May-12,1.11,1.15,1.11,1.15,6353
14-May-12,1.15,1.15,1.10,1.11,14400
11-May-12,1.17,1.20,1.12,1.20,12861
10-May-12,1.23,1.24,1.20,1.20,14100
9-May-12,1.20,1.25,1.20,1.22,25929
8-May-12,1.23,1.23,1.16,1.20,7625
7-May-12,1.17,1.25,1.17,1.25,5870
4-May-12,1.21,1.24,1.17,1.17,7149
3-May-12,1.29,1.29,1.23,1.23,8000
2-May-12,1.30,1.30,1.30,1.30,2660
1-May-12,1.30,1.33,1.30,1.32,5935
30-Apr-12,1.30,1.34,1.30,1.34,14380
27-Apr-12,1.31,1.32,1.31,1.32,3200
26-Apr-12,1.38,1.38,1.35,1.35,2300
25-Apr-12,1.37,1.37,1.37,1.37,100
24-Apr-12,1.30,1.31,1.30,1.30,6225
23-Apr-12,1.31,1.34,1.30,1.34,21900
20-Apr-12,1.38,1.38,1.30,1.30,5481
19-Apr-12,1.37,1.37,1.31,1.37,10000
18-Apr-12,1.43,1.43,1.40,1.40,700
17-Apr-12,1.47,1.47,1.45,1.45,500
16-Apr-12,1.34,1.48,1.34,1.43,2550
13-Apr-12,1.35,1.48,1.35,1.40,3200
12-Apr-12,1.32,1.38,1.32,1.35,8400
11-Apr-12,1.38,1.38,1.30,1.35,1200
10-Apr-12,1.34,1.34,1.33,1.33,2598
9-Apr-12,1.35,1.36,1.30,1.36,16105
5-Apr-12,1.33,1.39,1.33,1.38,9375
4-Apr-12,1.34,1.34,1.33,1.33,2100
3-Apr-12,1.35,1.35,1.32,1.33,8652
2-Apr-12,1.29,1.33,1.29,1.33,2851
30-Mar-12,1.30,1.32,1.29,1.29,11000
29-Mar-12,1.28,1.33,1.28,1.33,2455
28-Mar-12,1.34,1.34,1.30,1.30,4700
27-Mar-12,1.30,1.34,1.30,1.34,12943
26-Mar-12,1.25,1.29,1.23,1.29,37981
23-Mar-12,1.23,1.25,1.23,1.23,4956
22-Mar-12,1.25,1.25,1.24,1.24,10100
21-Mar-12,1.23,1.26,1.23,1.25,8972
20-Mar-12,1.21,1.25,1.21,1.25,16699
19-Mar-12,1.20,1.23,1.20,1.23,15361
16-Mar-12,1.25,1.25,1.20,1.20,10119
15-Mar-12,1.19,1.25,1.19,1.19,4084
14-Mar-12,1.15,1.20,1.14,1.20,19509
13-Mar-12,1.14,1.19,1.14,1.19,21456
12-Mar-12,1.11,1.17,1.11,1.16,12100
9-Mar-12,1.19,1.19,1.15,1.16,10013
8-Mar-12,1.20,1.20,1.20,1.20,0
7-Mar-12,1.20,1.24,1.19,1.20,65809
6-Mar-12,1.20,1.24,1.20,1.23,8680
5-Mar-12,1.15,1.22,1.13,1.20,43337
2-Mar-12,1.15,1.18,1.13,1.15,9944
1-Mar-12,1.14,1.18,1.14,1.18,3200
29-Feb-12,1.15,1.18,1.14,1.18,7677
28-Feb-12,1.12,1.15,1.12,1.15,9300
27-Feb-12,1.20,1.20,1.11,1.15,10274
24-Feb-12,1.25,1.26,1.12,1.12,24024
23-Feb-12,1.28,1.28,1.15,1.20,14215
22-Feb-12,1.20,1.20,1.12,1.14,20100
21-Feb-12,1.20,1.20,1.15,1.19,2076
17-Feb-12,1.20,1.25,1.17,1.20,12014
16-Feb-12,1.17,1.27,1.17,1.27,6549
15-Feb-12,1.21,1.27,1.21,1.27,885
14-Feb-12,1.27,1.27,1.27,1.27,1000
13-Feb-12,1.22,1.27,1.20,1.27,800
10-Feb-12,1.16,1.30,1.16,1.22,9687
9-Feb-12,1.28,1.30,1.28,1.30,5195
8-Feb-12,1.23,1.23,1.23,1.23,100
7-Feb-12,1.31,1.31,1.31,1.31,0
6-Feb-12,1.24,1.32,1.20,1.31,17400
3-Feb-12,1.22,1.26,1.15,1.20,32856
2-Feb-12,1.26,1.26,1.22,1.22,8944
1-Feb-12,1.32,1.32,1.22,1.26,39443
31-Jan-12,1.39,1.39,1.22,1.32,14287
30-Jan-12,1.28,1.44,1.28,1.39,22127
27-Jan-12,1.20,1.25,1.20,1.25,9675
26-Jan-12,1.22,1.23,1.18,1.18,33100
25-Jan-12,1.21,1.22,1.21,1.22,2300
24-Jan-12,1.21,1.25,1.21,1.21,11415
23-Jan-12,1.21,1.21,1.21,1.21,2650
20-Jan-12,1.21,1.25,1.21,1.22,4540
18-Jan-12,1.22,1.22,1.22,1.22,0
17-Jan-12,1.32,1.32,1.20,1.22,6790
13-Jan-12,1.25,1.25,1.25,1.25,0
12-Jan-12,1.29,1.30,1.25,1.30,800
11-Jan-12,1.32,1.32,1.29,1.30,5100
10-Jan-12,1.32,1.32,1.31,1.31,1616
9-Jan-12,1.34,1.34,1.34,1.34,0
6-Jan-12,1.31,1.36,1.30,1.33,4375
5-Jan-12,1.35,1.37,1.29,1.35,5600
4-Jan-12,1.33,1.39,1.30,1.35,38203
3-Jan-12,1.32,1.34,1.25,1.27,4400
30-Dec-11,1.25,1.25,1.25,1.25,0
29-Dec-11,1.30,1.35,1.25,1.35,104750
28-Dec-11,1.37,1.37,1.20,1.30,32300
27-Dec-11,1.40,1.47,1.40,1.47,6395
23-Dec-11,1.37,1.37,1.37,1.37,0
22-Dec-11,1.32,1.39,1.32,1.39,5000
21-Dec-11,1.29,1.34,1.25,1.32,3260
20-Dec-11,1.60,1.60,1.25,1.30,51602
19-Dec-11,1.54,1.54,1.31,1.48,4150
16-Dec-11,1.59,1.59,1.31,1.31,11233
15-Dec-11,1.58,1.61,1.54,1.58,1400
14-Dec-11,1.36,1.44,1.36,1.42,11454
13-Dec-11,1.50,1.55,1.50,1.55,9679
12-Dec-11,1.49,1.55,1.46,1.54,8459
9-Dec-11,1.52,1.52,1.46,1.50,11903
8-Dec-11,1.50,1.50,1.46,1.46,1717
7-Dec-11,1.50,1.50,1.50,1.50,1000
6-Dec-11,1.54,1.54,1.51,1.54,2800
2-Dec-11,1.53,1.53,1.53,1.53,0
1-Dec-11,1.47,1.47,1.45,1.45,12600
30-Nov-11,1.45,1.50,1.42,1.48,14602
29-Nov-11,1.45,1.50,1.45,1.50,2000
28-Nov-11,1.47,1.68,1.41,1.58,5551
25-Nov-11,1.36,1.36,1.36,1.36,1400
23-Nov-11,1.37,1.37,1.37,1.37,0
22-Nov-11,1.43,1.43,1.36,1.36,200
21-Nov-11,1.36,1.45,1.36,1.40,10017
18-Nov-11,1.38,1.45,1.38,1.45,3400
16-Nov-11,1.36,1.36,1.36,1.36,0
15-Nov-11,1.40,1.40,1.36,1.36,3650
14-Nov-11,1.33,1.46,1.33,1.43,2908
11-Nov-11,1.33,1.34,1.33,1.34,2000
10-Nov-11,1.31,1.37,1.31,1.37,8700
9-Nov-11,1.48,1.48,1.30,1.30,13673
8-Nov-11,1.35,1.35,1.35,1.35,1000
7-Nov-11,1.39,1.39,1.39,1.39,0
4-Nov-11,1.42,1.49,1.40,1.40,22198
3-Nov-11,1.40,1.42,1.39,1.42,27665
2-Nov-11,1.36,1.39,1.36,1.39,10000
1-Nov-11,1.35,1.36,1.35,1.36,19700
31-Oct-11,1.36,1.40,1.35,1.40,1527
28-Oct-11,1.31,1.36,1.30,1.36,2174
27-Oct-11,1.35,1.48,1.35,1.35,2780
26-Oct-11,1.32,1.32,1.32,1.32,1100
25-Oct-11,1.31,1.31,1.31,1.31,0
24-Oct-11,1.41,1.41,1.32,1.32,3060
21-Oct-11,1.33,1.36,1.26,1.31,3800
20-Oct-11,1.46,1.46,1.31,1.31,4140
19-Oct-11,1.34,1.43,1.26,1.35,9050
18-Oct-11,1.32,1.32,1.32,1.32,100
17-Oct-11,1.39,1.39,1.39,1.39,0
14-Oct-11,1.28,1.35,1.28,1.35,2600
13-Oct-11,1.27,1.36,1.25,1.29,1400
12-Oct-11,1.37,1.37,1.30,1.36,3100
11-Oct-11,1.37,1.37,1.37,1.37,300
7-Oct-11,1.22,1.22,1.22,1.22,0
6-Oct-11,1.32,1.32,1.21,1.27,1000
5-Oct-11,1.36,1.36,1.36,1.36,500
4-Oct-11,1.16,1.48,1.11,1.35,8539
3-Oct-11,1.24,1.27,1.10,1.27,15187
30-Sep-11,1.42,1.42,1.18,1.19,6900
29-Sep-11,1.43,1.60,1.37,1.38,1826
