Date,Open,High,Low,Close,Volume
26-Sep-12,155.74,157.18,151.52,151.62,1785497
25-Sep-12,155.00,155.50,152.64,152.83,956274
24-Sep-12,154.80,155.14,153.00,154.40,832518
21-Sep-12,156.31,156.46,154.02,154.48,882520
20-Sep-12,155.70,156.46,153.90,156.06,400977
19-Sep-12,155.96,156.47,154.59,155.04,439298
18-Sep-12,154.76,156.48,154.48,155.80,268694
17-Sep-12,154.03,155.30,153.50,154.41,427858
14-Sep-12,152.44,154.24,150.68,154.24,437246
13-Sep-12,151.85,153.38,151.29,152.36,354769
12-Sep-12,152.68,153.41,151.85,152.26,228310
11-Sep-12,151.21,152.12,150.00,151.95,204943
10-Sep-12,150.36,152.08,150.09,151.60,212778
7-Sep-12,153.07,153.20,150.62,152.50,666122
6-Sep-12,147.77,152.75,147.77,152.19,1187454
5-Sep-12,147.28,147.74,145.64,146.67,626291
4-Sep-12,145.90,147.69,144.90,147.07,783080
31-Aug-12,147.03,147.28,145.53,146.59,633556
30-Aug-12,145.36,146.32,145.00,145.95,588495
29-Aug-12,147.16,147.21,145.60,145.89,689403
28-Aug-12,146.94,147.37,146.00,146.43,614698
27-Aug-12,146.78,147.69,146.26,147.39,680477
24-Aug-12,144.92,147.79,144.87,147.03,606875
23-Aug-12,144.67,145.67,144.13,145.15,519521
22-Aug-12,143.83,145.80,143.51,144.92,799103
21-Aug-12,144.27,144.83,143.28,143.97,924369
20-Aug-12,145.19,145.19,143.80,144.69,694287
17-Aug-12,147.34,147.34,144.62,145.09,902034
16-Aug-12,147.40,147.75,145.85,146.84,465239
15-Aug-12,145.03,147.52,145.02,146.87,517870
14-Aug-12,145.03,145.90,144.29,145.50,512635
13-Aug-12,145.06,145.15,143.18,144.54,593875
10-Aug-12,143.24,146.32,143.24,145.50,880129
9-Aug-12,144.86,145.33,142.72,143.09,1209798
8-Aug-12,146.15,147.57,144.83,145.05,708923
7-Aug-12,146.04,146.92,145.46,146.18,667574
6-Aug-12,145.29,146.26,144.57,145.46,704811
3-Aug-12,147.01,147.87,144.93,145.06,1002719
2-Aug-12,142.88,144.61,141.88,143.80,1115593
1-Aug-12,146.30,147.89,144.03,144.28,962162
31-Jul-12,146.95,148.07,145.66,145.83,920409
30-Jul-12,149.72,150.29,146.93,147.28,864571
27-Jul-12,149.00,150.23,148.20,149.47,1422219
26-Jul-12,144.44,148.31,144.17,147.75,1429951
25-Jul-12,139.24,143.87,138.10,143.45,1440067
24-Jul-12,142.52,142.68,137.96,139.48,1313204
23-Jul-12,142.12,142.12,137.88,139.23,1128405
20-Jul-12,143.77,144.39,142.11,142.21,1168455
19-Jul-12,144.86,144.86,142.74,143.74,881731
18-Jul-12,145.94,146.67,144.81,144.96,747822
17-Jul-12,146.04,147.49,143.76,145.91,819905
16-Jul-12,144.17,145.40,143.84,145.22,630715
13-Jul-12,143.16,144.90,142.35,144.61,733312
12-Jul-12,141.27,142.85,139.72,142.63,1345166
11-Jul-12,143.30,143.44,140.17,142.00,1060047
10-Jul-12,144.36,145.73,142.90,143.75,1150963
9-Jul-12,142.94,144.34,141.50,143.16,1135292
6-Jul-12,144.03,144.92,141.85,142.46,831338
5-Jul-12,144.72,145.41,143.98,144.12,780992
3-Jul-12,145.53,145.67,144.68,145.63,548297
2-Jul-12,143.50,145.66,143.04,145.61,1202680
29-Jun-12,142.47,144.38,141.05,144.38,1490284
28-Jun-12,142.01,142.33,138.26,140.11,1119544
27-Jun-12,142.70,143.74,141.76,143.16,807643
26-Jun-12,142.15,142.79,141.50,141.97,862805
25-Jun-12,140.38,142.30,140.38,142.03,900854
22-Jun-12,139.62,142.16,139.15,141.74,1050743
21-Jun-12,143.17,143.48,138.99,139.20,1368676
20-Jun-12,142.76,143.46,142.13,142.85,1533861
19-Jun-12,142.28,143.44,141.86,143.09,1190129
18-Jun-12,140.47,142.67,140.20,141.96,1846443
15-Jun-12,139.14,140.68,138.27,140.01,1904322
14-Jun-12,134.67,139.21,134.38,138.66,1597286
13-Jun-12,134.61,136.17,133.64,134.22,1189973
12-Jun-12,132.93,134.49,132.01,134.15,1210480
11-Jun-12,134.52,134.89,132.01,132.26,1456161
8-Jun-12,132.71,134.44,132.23,133.52,919842
7-Jun-12,134.61,135.38,133.19,133.34,1261930
6-Jun-12,133.20,134.12,132.22,134.11,1061691
5-Jun-12,130.26,132.97,129.79,132.43,1579801
4-Jun-12,126.45,130.91,126.39,130.79,1509943
1-Jun-12,128.89,130.84,126.68,126.73,1335805
31-May-12,130.48,131.43,129.48,130.75,1449699
30-May-12,130.92,131.83,130.25,130.84,1272176
29-May-12,132.54,133.71,131.17,131.54,1345723
25-May-12,132.25,132.90,131.07,131.56,757174
24-May-12,131.08,132.62,130.83,131.65,1069529
23-May-12,131.97,132.89,130.88,131.50,1501777
22-May-12,132.33,134.43,131.94,132.33,1343976
21-May-12,132.20,132.74,131.31,132.26,1479512
18-May-12,133.06,133.33,130.46,131.58,1838630
17-May-12,136.93,137.70,132.87,132.88,1519544
16-May-12,137.77,138.50,136.19,136.80,1394172
15-May-12,136.30,137.50,135.92,137.04,1251346
14-May-12,135.87,137.68,135.54,136.87,934235
11-May-12,134.27,137.50,134.23,136.71,1188927
10-May-12,133.36,134.74,132.89,134.31,880931
9-May-12,132.40,133.01,131.05,132.51,1415930
8-May-12,131.60,133.06,130.85,132.93,1273877
7-May-12,130.51,133.09,130.13,132.51,1108114
4-May-12,132.99,133.32,130.52,130.97,1070154
3-May-12,135.52,135.84,133.59,134.26,1270178
2-May-12,131.19,135.39,131.19,135.16,1515256
1-May-12,131.61,134.67,129.92,131.83,2154237
30-Apr-12,132.86,134.50,132.43,134.01,1947392
27-Apr-12,131.47,133.54,130.31,133.16,1322671
26-Apr-12,129.44,130.92,128.99,130.80,1018976
25-Apr-12,128.09,130.81,127.40,129.29,1151122
24-Apr-12,125.85,128.93,125.83,127.74,1317607
23-Apr-12,126.93,126.97,124.88,125.85,625939
20-Apr-12,126.65,128.91,126.16,127.23,1279490
19-Apr-12,126.40,128.73,125.78,125.95,978775
18-Apr-12,127.79,128.64,126.52,126.54,900615
17-Apr-12,126.03,128.99,126.01,128.42,1313048
16-Apr-12,126.08,126.77,124.23,125.78,1106182
13-Apr-12,125.08,126.20,124.79,125.34,825765
12-Apr-12,125.37,126.19,124.69,125.50,907392
11-Apr-12,125.72,127.55,125.03,125.03,1792974
10-Apr-12,126.16,126.84,124.38,125.02,1086993
9-Apr-12,126.82,127.62,125.99,126.61,699964
5-Apr-12,127.14,128.82,126.72,128.62,862044
4-Apr-12,129.99,130.00,127.55,127.82,1520708
3-Apr-12,126.80,128.87,126.80,128.80,911171
2-Apr-12,126.11,127.93,125.00,127.63,854387
30-Mar-12,127.35,127.35,125.18,126.00,1338584
29-Mar-12,125.01,126.72,125.01,126.48,946756
28-Mar-12,126.16,127.37,124.47,125.69,1282233
27-Mar-12,126.34,127.85,125.81,126.23,1899978
26-Mar-12,122.01,125.81,121.84,125.80,1727105
23-Mar-12,121.22,121.37,120.06,120.96,626028
22-Mar-12,119.71,120.96,119.00,120.71,711485
21-Mar-12,118.88,120.81,118.52,119.94,1152340
20-Mar-12,119.85,119.98,118.92,119.28,953817
19-Mar-12,120.00,120.48,119.57,119.97,732790
16-Mar-12,120.42,121.69,119.58,120.04,2196617
15-Mar-12,120.50,121.48,120.03,121.05,1095475
14-Mar-12,121.67,121.93,119.11,120.73,1202311
13-Mar-12,120.98,122.22,120.57,122.18,1233174
12-Mar-12,120.83,121.64,119.76,120.53,866501
9-Mar-12,120.96,121.17,119.50,120.61,1330872
8-Mar-12,117.13,120.80,117.06,120.42,1782133
7-Mar-12,116.86,117.43,116.44,117.00,728486
6-Mar-12,117.83,119.13,116.30,117.03,792996
5-Mar-12,118.16,119.94,116.97,118.42,1198263
2-Mar-12,118.13,119.21,118.08,118.89,997026
1-Mar-12,116.01,118.92,116.01,118.71,1237033
29-Feb-12,115.51,117.96,115.49,116.47,1571936
28-Feb-12,115.03,116.99,115.03,116.68,1327248
27-Feb-12,115.43,117.23,114.53,116.40,836725
24-Feb-12,115.53,117.90,115.52,116.39,964795
23-Feb-12,116.23,117.90,115.90,116.70,836841
22-Feb-12,115.39,116.65,115.28,116.51,955552
21-Feb-12,116.45,116.62,115.25,115.67,1556738
17-Feb-12,118.86,118.90,116.22,116.45,1889895
16-Feb-12,119.08,120.43,118.54,119.17,934160
15-Feb-12,120.05,120.17,118.35,118.49,985772
14-Feb-12,118.61,120.08,118.12,119.70,1029399
13-Feb-12,118.01,120.02,118.01,120.00,1802082
10-Feb-12,116.98,118.16,116.44,118.14,1043268
9-Feb-12,120.04,120.04,116.63,117.78,2101132
8-Feb-12,121.50,122.11,118.02,119.60,1700204
7-Feb-12,121.99,121.99,119.68,121.56,1215786
6-Feb-12,121.03,122.28,120.32,122.09,1263290
3-Feb-12,122.24,122.78,121.06,121.88,1198471
2-Feb-12,121.15,123.23,120.53,121.26,1512513
1-Feb-12,118.46,122.83,118.35,121.26,3018175
31-Jan-12,116.00,119.30,115.54,117.95,2615325
30-Jan-12,116.94,117.26,115.02,116.58,2297261
27-Jan-12,118.35,119.50,118.18,118.56,1551671
26-Jan-12,118.91,118.98,117.23,117.85,1652076
25-Jan-12,116.59,118.61,116.43,118.35,1847167
24-Jan-12,115.97,117.27,115.97,117.03,1900191
23-Jan-12,118.11,118.25,115.82,116.31,1690576
20-Jan-12,117.00,119.56,116.86,118.14,3396315
19-Jan-12,116.83,117.53,116.27,116.78,1694444
18-Jan-12,116.43,117.44,116.20,117.15,1813820
17-Jan-12,117.66,117.79,116.33,116.90,1665945
13-Jan-12,116.03,116.03,116.03,116.03,0
12-Jan-12,115.72,116.41,114.87,116.30,1817010
11-Jan-12,114.90,116.95,114.47,115.71,2587054
10-Jan-12,115.52,116.18,114.32,114.88,1458531
9-Jan-12,115.65,116.66,114.87,114.87,1530543
6-Jan-12,115.00,116.74,114.49,116.01,901532
5-Jan-12,113.75,115.95,113.25,115.26,2312299
4-Jan-12,113.70,114.29,112.71,113.72,1417732
3-Jan-12,111.44,115.01,111.44,113.50,1990761
30-Dec-11,110.05,110.05,110.05,110.05,0
29-Dec-11,110.19,110.76,109.22,110.64,1100433
28-Dec-11,111.53,111.95,109.72,110.20,844897
27-Dec-11,110.41,112.36,110.41,111.32,772137
23-Dec-11,110.71,110.71,110.71,110.71,0
22-Dec-11,111.33,111.93,110.04,110.69,876428
21-Dec-11,111.45,111.45,111.45,111.45,0
20-Dec-11,111.53,112.33,110.52,110.73,2221933
19-Dec-11,110.88,112.93,109.80,109.99,1516263
16-Dec-11,110.66,111.59,109.85,110.29,1910100
15-Dec-11,110.22,110.65,109.05,109.73,1321712
14-Dec-11,109.79,111.60,109.16,109.63,1498250
13-Dec-11,110.86,112.04,109.94,110.09,1186946
12-Dec-11,111.72,111.73,109.83,110.39,1007811
9-Dec-11,109.94,113.49,109.64,112.95,1343488
8-Dec-11,111.32,111.90,109.52,109.71,855776
7-Dec-11,111.72,112.43,110.01,111.76,1004193
6-Dec-11,112.31,112.89,111.32,112.14,940152
5-Dec-11,114.86,114.99,111.64,111.79,1554604
2-Dec-11,117.06,117.55,112.71,113.24,1704801
1-Dec-11,114.95,116.50,114.19,116.48,1326532
30-Nov-11,112.77,115.10,112.21,114.95,1879728
29-Nov-11,110.80,111.28,110.04,110.41,1583635
28-Nov-11,111.15,111.43,110.21,111.05,1788494
25-Nov-11,108.90,110.24,108.90,109.20,864802
23-Nov-11,109.93,109.93,109.93,109.93,0
22-Nov-11,107.68,113.71,107.41,113.50,2597433
21-Nov-11,107.18,108.78,106.30,107.89,1653694
18-Nov-11,109.28,109.28,107.40,107.65,1889710
17-Nov-11,109.85,111.01,108.45,109.63,1680163
16-Nov-11,112.22,112.50,110.20,110.29,1480186
15-Nov-11,113.23,113.92,112.33,113.07,1309032
14-Nov-11,112.57,114.15,112.02,113.94,1295356
11-Nov-11,113.05,114.22,112.86,113.38,1121989
10-Nov-11,112.38,113.07,111.24,112.08,1587303
9-Nov-11,112.04,113.50,110.71,111.24,1751601
8-Nov-11,114.22,114.93,112.46,113.92,1158613
7-Nov-11,113.26,114.60,112.25,114.01,1266016
4-Nov-11,113.53,114.04,112.09,113.49,1591150
3-Nov-11,114.29,114.86,113.20,114.05,2775554
2-Nov-11,114.94,115.30,112.49,113.43,2341555
1-Nov-11,114.37,115.50,113.27,113.96,2724455
31-Oct-11,118.72,119.34,116.33,116.36,3357863
28-Oct-11,117.74,120.66,116.55,118.72,2143255
27-Oct-11,118.50,118.70,114.87,117.74,3484088
26-Oct-11,115.93,119.75,114.28,116.92,5169716
25-Oct-11,109.46,109.85,106.60,106.87,2103627
24-Oct-11,108.63,109.96,106.93,109.52,2287741
21-Oct-11,104.71,108.96,103.74,108.84,4402497
20-Oct-11,102.76,104.25,99.08,101.67,1608253
19-Oct-11,103.08,103.96,101.37,102.08,1646278
18-Oct-11,101.66,103.08,100.53,102.64,1345314
17-Oct-11,102.48,103.07,101.12,101.43,1230628
14-Oct-11,102.05,103.10,99.71,103.08,2081354
13-Oct-11,98.46,102.31,98.11,101.32,2194752
12-Oct-11,99.11,101.44,98.54,98.76,1916185
11-Oct-11,100.40,100.40,98.59,98.92,1306175
10-Oct-11,101.03,101.20,99.95,100.68,1576604
7-Oct-11,99.92,100.77,98.24,100.01,2050936
6-Oct-11,98.26,100.00,97.23,99.41,3047196
5-Oct-11,92.55,98.75,92.18,98.71,3881692
4-Oct-11,88.60,91.94,87.72,91.66,2309261
3-Oct-11,92.55,93.59,88.64,88.96,2133789
30-Sep-11,93.69,94.43,92.12,93.15,1498471
29-Sep-11,96.32,97.14,91.84,94.46,1692102
