Date,Open,High,Low,Close,Volume
26-Sep-12,15.20,15.30,14.50,14.99,734111
25-Sep-12,15.83,16.04,15.10,15.22,428954
24-Sep-12,16.00,16.24,15.50,15.75,535895
21-Sep-12,15.40,16.15,15.15,15.97,250356
20-Sep-12,15.04,15.41,15.03,15.29,70580
19-Sep-12,15.30,15.30,14.97,15.10,60877
18-Sep-12,15.35,15.35,14.95,15.10,116523
17-Sep-12,15.00,15.84,14.71,15.05,211361
14-Sep-12,14.35,14.59,14.02,14.40,85204
13-Sep-12,14.17,14.38,14.12,14.25,53991
12-Sep-12,14.47,14.47,14.12,14.45,47513
11-Sep-12,14.40,14.47,14.02,14.44,73337
10-Sep-12,14.49,14.49,14.31,14.42,21995
7-Sep-12,14.50,14.50,14.03,14.45,213338
6-Sep-12,14.16,14.58,13.94,14.41,292445
5-Sep-12,13.15,14.43,13.10,13.86,961509
4-Sep-12,13.05,13.49,12.90,13.45,574037
31-Aug-12,13.07,13.15,12.75,12.98,83441
30-Aug-12,12.92,13.11,12.60,13.05,290050
29-Aug-12,12.79,13.09,12.64,13.02,148720
28-Aug-12,12.75,12.84,12.50,12.84,137463
27-Aug-12,12.80,12.87,12.68,12.79,180310
24-Aug-12,13.00,13.00,12.65,12.89,408671
23-Aug-12,13.38,13.44,12.98,13.00,503579
22-Aug-12,13.22,13.45,13.00,13.33,299640
21-Aug-12,13.03,13.34,12.75,13.34,188404
20-Aug-12,13.10,13.10,12.90,13.00,137195
17-Aug-12,12.75,13.24,12.75,13.06,559386
16-Aug-12,12.76,12.95,12.60,12.77,301396
15-Aug-12,13.00,13.00,12.50,12.97,540541
14-Aug-12,13.05,13.06,12.86,12.93,490334
13-Aug-12,12.91,13.10,12.50,12.91,395048
10-Aug-12,14.00,14.00,12.80,12.86,1070519
9-Aug-12,12.53,13.67,12.51,13.49,1560978
