Date,Open,High,Low,Close,Volume
26-Sep-12,4.73,4.73,4.52,4.54,67320
25-Sep-12,4.39,4.83,4.37,4.70,163358
24-Sep-12,4.45,4.59,4.39,4.50,77556
21-Sep-12,4.28,4.48,4.27,4.48,51448
20-Sep-12,4.27,4.31,4.20,4.30,6256
19-Sep-12,4.33,4.37,4.27,4.27,5345
18-Sep-12,4.40,4.40,4.19,4.31,11419
17-Sep-12,4.11,4.38,4.11,4.32,25500
14-Sep-12,4.08,4.43,4.08,4.12,50315
13-Sep-12,4.21,4.32,4.11,4.12,24873
12-Sep-12,4.40,4.43,4.21,4.21,11553
11-Sep-12,4.27,4.39,4.10,4.38,9323
10-Sep-12,3.98,4.37,3.97,4.23,42786
7-Sep-12,3.90,3.98,3.80,3.98,66971
6-Sep-12,3.90,3.97,3.80,3.90,74278
5-Sep-12,3.89,3.89,3.76,3.87,52117
4-Sep-12,3.83,3.89,3.75,3.87,28959
31-Aug-12,3.95,3.95,3.73,3.84,29243
30-Aug-12,3.87,3.95,3.77,3.93,24158
29-Aug-12,3.79,3.93,3.79,3.89,27864
28-Aug-12,3.80,3.84,3.74,3.79,21786
27-Aug-12,3.80,3.87,3.70,3.81,63138
24-Aug-12,3.78,3.90,3.78,3.83,61783
23-Aug-12,3.61,3.77,3.50,3.77,80378
22-Aug-12,3.96,3.96,3.61,3.61,115054
21-Aug-12,3.94,4.00,3.80,3.97,81206
20-Aug-12,3.97,4.03,3.86,3.92,100052
17-Aug-12,3.99,4.02,3.75,3.95,128706
16-Aug-12,3.45,4.03,3.45,4.01,439810
15-Aug-12,3.25,3.49,3.23,3.48,130180
14-Aug-12,3.17,3.26,3.15,3.24,49469
13-Aug-12,3.14,3.22,3.14,3.20,32079
10-Aug-12,3.11,3.21,3.09,3.18,98179
9-Aug-12,3.14,3.18,3.11,3.13,25850
8-Aug-12,3.14,3.21,3.10,3.15,44348
7-Aug-12,3.11,3.20,3.02,3.13,44922
6-Aug-12,3.04,3.23,3.04,3.08,86141
3-Aug-12,3.31,3.31,2.96,3.04,240011
2-Aug-12,3.39,3.42,3.25,3.28,123453
1-Aug-12,3.39,3.44,3.34,3.39,148089
31-Jul-12,3.39,3.42,3.32,3.40,92435
30-Jul-12,3.33,3.42,3.33,3.38,87073
27-Jul-12,3.30,3.36,3.22,3.34,43520
26-Jul-12,3.27,3.32,3.19,3.27,67968
25-Jul-12,3.25,3.31,3.19,3.27,41933
24-Jul-12,3.34,3.35,3.19,3.21,99846
23-Jul-12,3.42,3.45,3.31,3.31,104020
20-Jul-12,3.45,3.53,3.32,3.51,121632
19-Jul-12,3.60,3.60,3.44,3.48,112700
18-Jul-12,3.50,3.59,3.49,3.57,80489
17-Jul-12,3.60,3.68,3.46,3.47,170865
16-Jul-12,3.52,3.60,3.41,3.58,96699
13-Jul-12,3.40,3.66,3.34,3.50,363125
12-Jul-12,3.31,3.51,3.22,3.39,188809
11-Jul-12,3.46,3.49,3.11,3.37,609931
10-Jul-12,3.20,3.57,2.98,3.46,1732866
9-Jul-12,2.84,2.95,2.67,2.80,128630
6-Jul-12,2.86,2.89,2.75,2.83,69775
5-Jul-12,2.88,2.90,2.79,2.88,83853
3-Jul-12,2.86,2.89,2.83,2.89,51125
2-Jul-12,2.65,2.90,2.63,2.87,266288
29-Jun-12,2.76,2.76,2.62,2.63,133291
28-Jun-12,2.72,2.76,2.60,2.66,143424
27-Jun-12,2.85,3.03,2.69,2.72,309443
26-Jun-12,3.14,3.20,2.79,2.84,394817
25-Jun-12,3.31,3.36,3.13,3.17,351420
22-Jun-12,3.15,3.78,3.12,3.27,4174574
21-Jun-12,2.70,3.27,2.65,3.15,935739
20-Jun-12,2.61,2.71,2.58,2.70,70041
19-Jun-12,2.61,2.66,2.57,2.60,97574
18-Jun-12,2.64,2.69,2.51,2.63,75872
15-Jun-12,2.51,2.69,2.46,2.67,102402
14-Jun-12,2.57,2.57,2.44,2.50,105140
13-Jun-12,2.60,2.60,2.54,2.56,51914
12-Jun-12,2.63,2.65,2.55,2.62,64176
11-Jun-12,2.68,2.69,2.57,2.63,67790
8-Jun-12,2.56,2.63,2.54,2.63,53511
7-Jun-12,2.61,2.64,2.54,2.56,53843
6-Jun-12,2.58,2.58,2.51,2.58,47120
5-Jun-12,2.55,2.56,2.53,2.56,34858
4-Jun-12,2.52,2.57,2.52,2.56,38611
1-Jun-12,2.48,2.54,2.42,2.49,181003
31-May-12,2.54,2.57,2.44,2.52,100362
30-May-12,2.50,2.55,2.48,2.53,49109
29-May-12,2.46,2.54,2.40,2.52,37571
25-May-12,2.42,2.48,2.40,2.43,43563
24-May-12,2.31,2.48,2.30,2.41,69068
23-May-12,2.27,2.34,2.21,2.31,105675
22-May-12,2.30,2.34,2.23,2.31,88324
21-May-12,2.30,2.31,2.20,2.30,68346
18-May-12,2.28,2.34,2.21,2.31,84290
17-May-12,2.23,2.35,2.18,2.30,160400
16-May-12,2.19,2.34,2.19,2.23,105764
15-May-12,2.34,2.44,2.09,2.18,88557
14-May-12,2.44,2.48,2.31,2.33,69592
11-May-12,2.49,2.54,2.43,2.48,58019
10-May-12,2.51,2.59,2.45,2.52,166027
9-May-12,2.37,2.52,2.37,2.50,137703
8-May-12,2.52,2.60,2.33,2.40,377448
7-May-12,2.47,2.55,2.45,2.53,65795
4-May-12,2.57,2.57,2.44,2.49,128958
3-May-12,2.61,2.63,2.55,2.59,166558
2-May-12,2.60,2.65,2.55,2.65,123714
1-May-12,2.67,2.73,2.64,2.65,100317
30-Apr-12,2.69,2.73,2.66,2.67,59443
27-Apr-12,2.66,2.73,2.62,2.69,113768
26-Apr-12,2.67,2.70,2.63,2.63,68976
25-Apr-12,2.78,2.78,2.61,2.67,100435
24-Apr-12,2.66,2.75,2.65,2.74,137466
23-Apr-12,2.65,2.69,2.60,2.67,118502
20-Apr-12,2.68,2.70,2.62,2.66,112740
19-Apr-12,2.62,2.69,2.59,2.62,87233
18-Apr-12,2.63,2.68,2.56,2.61,133864
17-Apr-12,2.62,2.74,2.59,2.65,131606
16-Apr-12,2.58,2.63,2.45,2.59,74413
13-Apr-12,2.61,2.61,2.50,2.54,109177
12-Apr-12,2.58,2.65,2.58,2.61,78899
11-Apr-12,2.61,2.66,2.54,2.59,124353
10-Apr-12,2.67,2.67,2.50,2.57,216226
9-Apr-12,2.78,2.79,2.60,2.67,229753
5-Apr-12,2.85,2.98,2.70,2.84,457206
4-Apr-12,2.66,3.01,2.65,2.91,878722
3-Apr-12,2.76,2.84,2.63,2.70,354774
2-Apr-12,2.50,2.80,2.47,2.77,629360
30-Mar-12,2.44,2.57,2.38,2.47,344407
29-Mar-12,2.37,2.43,2.33,2.42,172360
28-Mar-12,2.32,2.43,2.31,2.39,232395
27-Mar-12,2.34,2.35,2.26,2.32,81557
26-Mar-12,2.33,2.34,2.29,2.32,146841
23-Mar-12,2.40,2.40,2.26,2.30,164731
22-Mar-12,2.36,2.49,2.33,2.40,308346
21-Mar-12,2.23,2.46,2.20,2.36,577941
20-Mar-12,2.20,2.24,2.17,2.23,173406
19-Mar-12,2.18,2.26,2.13,2.22,202549
16-Mar-12,2.13,2.17,2.08,2.17,150671
15-Mar-12,2.09,2.14,2.04,2.13,106854
14-Mar-12,2.10,2.13,2.01,2.09,430543
13-Mar-12,2.10,2.19,2.10,2.18,124913
12-Mar-12,2.19,2.24,2.05,2.08,148097
9-Mar-12,2.21,2.24,2.14,2.18,70133
8-Mar-12,2.12,2.21,2.10,2.20,139783
7-Mar-12,2.05,2.11,2.02,2.10,155067
6-Mar-12,2.04,2.09,2.02,2.04,179197
5-Mar-12,2.08,2.13,2.05,2.05,76153
2-Mar-12,2.09,2.13,2.06,2.08,115437
1-Mar-12,2.09,2.14,2.06,2.07,142167
29-Feb-12,2.17,2.18,2.07,2.08,190354
28-Feb-12,2.10,2.17,2.08,2.15,154322
27-Feb-12,2.09,2.12,2.08,2.08,119948
24-Feb-12,2.10,2.13,2.09,2.09,108222
23-Feb-12,2.11,2.15,2.08,2.10,165295
22-Feb-12,2.15,2.16,2.12,2.12,163066
21-Feb-12,2.18,2.18,2.14,2.16,174847
17-Feb-12,2.15,2.20,2.09,2.17,167102
16-Feb-12,2.08,2.15,2.06,2.14,178010
15-Feb-12,2.13,2.13,2.05,2.08,194122
14-Feb-12,2.18,2.23,2.03,2.12,308877
13-Feb-12,2.16,2.20,2.14,2.18,273624
10-Feb-12,2.20,2.22,2.11,2.13,291381
9-Feb-12,2.24,2.24,2.24,2.24,0
8-Feb-12,2.33,2.36,2.19,2.29,618834
7-Feb-12,2.51,2.79,2.22,2.24,4572061
6-Feb-12,2.05,2.07,2.05,2.05,89198
3-Feb-12,2.05,2.08,2.00,2.06,178800
2-Feb-12,2.01,2.02,2.00,2.02,50481
1-Feb-12,1.98,2.02,1.93,2.02,109969
31-Jan-12,2.02,2.03,1.91,1.96,100988
30-Jan-12,2.01,2.01,2.01,2.01,0
27-Jan-12,2.05,2.07,2.01,2.03,121215
26-Jan-12,2.05,2.05,2.00,2.04,144940
25-Jan-12,2.02,2.02,2.02,2.02,0
24-Jan-12,1.99,2.02,1.98,2.00,121558
23-Jan-12,2.01,2.05,1.99,2.00,132857
20-Jan-12,2.00,2.05,1.98,2.01,219452
19-Jan-12,1.99,2.01,1.96,2.00,229944
18-Jan-12,1.99,2.00,1.96,1.98,167477
17-Jan-12,1.97,2.02,1.96,2.00,206930
13-Jan-12,1.97,1.97,1.97,1.97,0
12-Jan-12,1.99,2.09,1.95,2.07,390134
11-Jan-12,1.91,2.00,1.87,1.98,173687
10-Jan-12,1.92,2.00,1.88,1.91,555224
9-Jan-12,2.00,2.10,1.87,1.91,705043
6-Jan-12,1.98,1.98,1.98,1.98,0
5-Jan-12,2.48,2.50,2.19,2.21,497045
4-Jan-12,2.63,2.73,2.38,2.39,1240006
3-Jan-12,2.93,2.93,2.83,2.91,99502
30-Dec-11,2.85,2.85,2.85,2.85,0
29-Dec-11,2.80,2.86,2.75,2.82,111908
28-Dec-11,2.84,2.88,2.78,2.78,62994
27-Dec-11,2.90,2.97,2.81,2.85,63222
23-Dec-11,2.90,2.90,2.90,2.90,0
22-Dec-11,2.83,3.00,2.79,2.92,182045
21-Dec-11,2.78,2.90,2.73,2.82,62335
20-Dec-11,2.84,2.86,2.70,2.79,129907
19-Dec-11,2.88,2.93,2.75,2.75,92397
16-Dec-11,2.96,2.99,2.85,2.87,147069
15-Dec-11,2.94,2.95,2.84,2.92,40416
14-Dec-11,2.85,2.85,2.85,2.85,0
13-Dec-11,2.95,3.02,2.82,2.85,76011
12-Dec-11,2.94,2.94,2.94,2.94,0
9-Dec-11,2.74,2.95,2.74,2.89,114525
8-Dec-11,2.79,2.85,2.72,2.73,134502
7-Dec-11,2.96,2.96,2.80,2.81,80187
6-Dec-11,2.83,2.97,2.75,2.97,89736
5-Dec-11,3.06,3.06,2.72,2.83,382089
2-Dec-11,3.04,3.11,2.95,3.01,98762
1-Dec-11,3.12,3.15,2.96,2.98,131504
30-Nov-11,3.09,3.14,2.96,3.14,269691
29-Nov-11,3.07,3.07,2.90,2.94,126126
28-Nov-11,3.05,3.20,2.92,3.07,210649
25-Nov-11,2.86,2.86,2.86,2.86,0
23-Nov-11,2.87,2.87,2.87,2.87,0
22-Nov-11,3.01,3.01,3.01,3.01,0
21-Nov-11,3.03,3.06,2.88,2.88,168456
18-Nov-11,3.01,3.16,2.96,3.13,518008
17-Nov-11,3.01,3.01,3.01,3.01,0
16-Nov-11,3.00,3.09,2.95,3.02,63604
15-Nov-11,3.00,3.06,2.96,3.04,85417
14-Nov-11,3.20,3.22,3.00,3.00,149691
11-Nov-11,3.15,3.25,3.10,3.21,89394
10-Nov-11,3.06,3.27,3.06,3.13,89789
9-Nov-11,3.07,3.14,3.01,3.01,101388
8-Nov-11,3.20,3.31,3.05,3.19,76458
7-Nov-11,3.18,3.21,3.01,3.17,84395
4-Nov-11,3.24,3.28,3.12,3.21,27908
3-Nov-11,3.20,3.32,3.08,3.28,75803
2-Nov-11,3.18,3.18,3.18,3.18,0
1-Nov-11,3.12,3.12,3.00,3.05,191769
31-Oct-11,3.62,3.62,3.23,3.24,155725
28-Oct-11,3.60,3.75,3.49,3.67,78691
27-Oct-11,3.40,3.73,3.30,3.65,191960
26-Oct-11,3.26,3.32,3.02,3.29,122508
25-Oct-11,3.42,3.45,3.20,3.21,177842
24-Oct-11,3.26,3.49,3.26,3.45,115032
21-Oct-11,3.24,3.28,3.14,3.26,141737
20-Oct-11,3.35,3.35,3.14,3.18,97825
19-Oct-11,3.36,3.65,3.29,3.36,403551
18-Oct-11,2.94,3.04,2.86,3.00,100685
17-Oct-11,3.03,3.05,2.93,2.93,131192
14-Oct-11,3.02,3.12,2.99,3.05,115555
13-Oct-11,2.97,3.04,2.95,2.99,59229
12-Oct-11,3.00,3.00,3.00,3.00,0
11-Oct-11,2.99,3.06,2.97,3.03,167719
10-Oct-11,3.08,3.10,2.92,3.01,152308
7-Oct-11,3.09,3.17,2.96,3.01,155469
6-Oct-11,2.89,3.12,2.89,3.07,211376
5-Oct-11,3.14,3.22,2.85,2.88,322889
4-Oct-11,2.80,3.17,2.71,3.14,237649
3-Oct-11,3.27,3.32,2.83,2.83,217225
30-Sep-11,3.44,3.52,3.30,3.30,91311
29-Sep-11,3.51,3.51,3.51,3.51,0
