Date,Open,High,Low,Close,Volume
26-Sep-12,1.76,1.79,1.69,1.79,3349
25-Sep-12,1.80,1.80,1.77,1.77,3654
24-Sep-12,1.77,1.78,1.74,1.76,1600
21-Sep-12,1.78,1.78,1.71,1.71,984
20-Sep-12,1.69,1.80,1.68,1.80,9840
19-Sep-12,1.78,1.78,1.71,1.74,1900
18-Sep-12,1.79,1.79,1.79,1.79,700
17-Sep-12,1.80,1.80,1.78,1.78,2050
14-Sep-12,1.83,1.83,1.83,1.83,100
13-Sep-12,1.80,1.80,1.80,1.80,900
12-Sep-12,1.81,1.81,1.81,1.81,900
11-Sep-12,1.82,1.82,1.82,1.82,100
10-Sep-12,1.90,1.90,1.84,1.84,3800
7-Sep-12,1.81,1.88,1.81,1.88,2154
6-Sep-12,1.83,1.88,1.83,1.88,4425
5-Sep-12,1.81,1.87,1.81,1.84,19491
4-Sep-12,1.85,1.88,1.84,1.84,28645
31-Aug-12,1.83,1.90,1.80,1.82,8421
30-Aug-12,1.82,1.86,1.82,1.86,1070
29-Aug-12,1.87,1.87,1.80,1.86,9470
28-Aug-12,1.85,1.87,1.84,1.87,4237
27-Aug-12,1.82,1.85,1.73,1.84,752
24-Aug-12,1.78,1.86,1.75,1.86,2959
23-Aug-12,1.85,1.86,1.71,1.86,13140
22-Aug-12,1.91,1.92,1.78,1.87,9972
21-Aug-12,1.98,1.99,1.82,1.89,37920
20-Aug-12,1.88,1.97,1.88,1.95,7706
17-Aug-12,1.88,1.98,1.87,1.97,9087
16-Aug-12,1.90,1.93,1.90,1.93,700
15-Aug-12,1.89,2.01,1.88,1.88,13969
14-Aug-12,1.92,1.94,1.92,1.92,3120
13-Aug-12,2.05,2.08,1.94,1.94,13700
10-Aug-12,2.03,2.07,2.02,2.07,3820
9-Aug-12,2.04,2.06,2.02,2.03,4895
8-Aug-12,2.02,2.02,2.02,2.02,200
7-Aug-12,2.01,2.09,2.01,2.09,1100
6-Aug-12,2.00,2.07,1.95,2.07,16100
3-Aug-12,2.15,2.15,2.00,2.00,200
2-Aug-12,2.07,2.16,2.07,2.09,1100
1-Aug-12,2.11,2.22,2.10,2.13,19608
31-Jul-12,2.00,2.16,2.00,2.10,11738
30-Jul-12,1.96,2.04,1.96,2.03,4600
27-Jul-12,2.00,2.07,1.89,2.02,4800
26-Jul-12,1.97,1.99,1.97,1.98,5044
25-Jul-12,1.96,1.96,1.95,1.95,3350
24-Jul-12,2.00,2.03,1.81,1.95,28550
23-Jul-12,2.06,2.06,2.01,2.02,6405
20-Jul-12,2.05,2.09,2.05,2.08,5500
19-Jul-12,2.08,2.11,2.01,2.10,10300
18-Jul-12,2.14,2.15,2.10,2.14,3338
17-Jul-12,2.14,2.24,2.09,2.12,6021
16-Jul-12,2.19,2.22,2.10,2.21,44852
13-Jul-12,2.24,2.25,2.19,2.23,7951
12-Jul-12,2.20,2.25,2.20,2.23,16569
11-Jul-12,2.17,2.23,2.17,2.20,5608
10-Jul-12,2.25,2.25,2.17,2.17,7295
9-Jul-12,2.23,2.26,2.10,2.25,19872
6-Jul-12,2.21,2.26,2.21,2.26,980
5-Jul-12,2.24,2.26,2.24,2.24,1595
3-Jul-12,2.22,2.26,2.21,2.21,2400
2-Jul-12,2.22,2.23,2.22,2.22,16125
29-Jun-12,2.25,2.26,2.24,2.26,1700
28-Jun-12,2.22,2.27,2.18,2.19,17764
27-Jun-12,2.20,2.21,2.15,2.21,25836
26-Jun-12,2.23,2.23,2.21,2.21,1600
25-Jun-12,2.24,2.24,2.23,2.23,1385
22-Jun-12,2.30,2.33,2.30,2.33,500
21-Jun-12,2.24,2.27,2.24,2.24,3100
20-Jun-12,2.21,2.26,2.21,2.24,5500
19-Jun-12,2.31,2.36,2.28,2.34,4700
18-Jun-12,2.35,2.43,2.31,2.35,8799
15-Jun-12,2.39,2.42,2.39,2.42,1200
14-Jun-12,2.42,2.43,2.34,2.39,7496
13-Jun-12,2.36,2.43,2.36,2.42,10060
12-Jun-12,2.40,2.40,2.32,2.38,10082
11-Jun-12,2.32,2.46,2.25,2.40,12091
8-Jun-12,2.22,2.31,2.15,2.30,9800
7-Jun-12,2.36,2.36,2.20,2.32,17650
6-Jun-12,2.18,2.36,2.18,2.36,2108
5-Jun-12,2.08,2.23,2.08,2.23,7915
4-Jun-12,2.09,2.16,2.03,2.16,8634
1-Jun-12,2.05,2.10,2.05,2.08,2750
31-May-12,2.14,2.18,2.05,2.18,8949
30-May-12,2.20,2.20,2.18,2.20,11400
29-May-12,2.24,2.26,2.19,2.22,7850
25-May-12,2.25,2.25,2.25,2.25,2200
24-May-12,2.28,2.30,2.12,2.17,22840
23-May-12,2.25,2.26,2.25,2.25,10270
22-May-12,2.28,2.30,2.27,2.30,599
21-May-12,2.30,2.36,2.30,2.32,5200
18-May-12,2.33,2.35,2.32,2.32,2350
17-May-12,2.45,2.45,2.30,2.38,16506
16-May-12,2.35,2.48,2.27,2.46,13896
15-May-12,2.36,2.37,2.36,2.37,6794
14-May-12,2.36,2.38,2.30,2.38,12733
11-May-12,2.36,2.42,2.36,2.37,2787
10-May-12,2.44,2.52,2.37,2.44,2354
9-May-12,2.37,2.45,2.33,2.44,18497
8-May-12,2.32,2.51,2.32,2.51,38304
7-May-12,2.41,2.44,2.29,2.42,9100
4-May-12,2.47,2.50,2.33,2.42,9338
3-May-12,2.50,2.53,2.35,2.51,46947
2-May-12,2.35,2.43,2.35,2.41,8002
1-May-12,2.44,2.44,2.34,2.41,16824
30-Apr-12,2.39,2.46,2.30,2.39,3200
27-Apr-12,2.37,2.48,2.23,2.35,41475
26-Apr-12,2.44,2.44,2.32,2.33,3570
25-Apr-12,2.41,2.44,2.32,2.40,2835
24-Apr-12,2.25,2.46,2.23,2.41,13149
23-Apr-12,2.33,2.39,2.20,2.39,7260
20-Apr-12,2.37,2.37,2.30,2.37,3258
19-Apr-12,2.39,2.46,2.31,2.36,25593
18-Apr-12,2.31,2.41,2.28,2.41,18333
17-Apr-12,2.38,2.44,2.36,2.43,4659
16-Apr-12,2.35,2.39,2.30,2.34,12826
13-Apr-12,2.40,2.40,2.33,2.38,1309
12-Apr-12,2.38,2.43,2.35,2.36,16567
11-Apr-12,2.35,2.42,2.33,2.39,978
10-Apr-12,2.31,2.33,2.30,2.31,18384
9-Apr-12,2.51,2.51,2.32,2.37,9038
5-Apr-12,2.55,2.56,2.48,2.49,2493
4-Apr-12,2.57,2.63,2.48,2.48,8611
3-Apr-12,2.62,2.65,2.51,2.57,27000
2-Apr-12,2.49,2.62,2.48,2.52,18080
30-Mar-12,2.47,2.50,2.41,2.50,45840
29-Mar-12,2.48,2.48,2.37,2.47,5573
28-Mar-12,2.49,2.51,2.44,2.50,36770
27-Mar-12,2.49,2.50,2.42,2.50,39245
26-Mar-12,2.49,2.51,2.44,2.49,45284
23-Mar-12,2.40,2.44,2.40,2.40,17995
22-Mar-12,2.44,2.44,2.35,2.37,4793
21-Mar-12,2.41,2.45,2.40,2.44,7726
20-Mar-12,2.42,2.42,2.38,2.42,15550
19-Mar-12,2.45,2.45,2.41,2.42,9415
16-Mar-12,2.49,2.49,2.40,2.46,28600
15-Mar-12,2.39,2.48,2.38,2.46,51299
14-Mar-12,2.26,2.37,2.25,2.35,104938
13-Mar-12,2.27,2.27,2.10,2.23,46948
12-Mar-12,2.24,2.24,2.21,2.22,6474
9-Mar-12,2.28,2.29,2.21,2.25,17573
8-Mar-12,2.25,2.30,2.21,2.29,36195
7-Mar-12,2.22,2.28,2.22,2.26,31939
6-Mar-12,2.34,2.34,2.05,2.26,35964
5-Mar-12,2.33,2.33,2.14,2.28,50571
2-Mar-12,2.34,2.35,2.30,2.30,6000
1-Mar-12,2.22,2.40,2.22,2.36,62062
29-Feb-12,2.35,2.35,2.20,2.26,71008
28-Feb-12,2.34,2.36,2.30,2.35,44233
27-Feb-12,2.34,2.39,2.25,2.36,51773
24-Feb-12,2.40,2.41,2.30,2.40,56889
23-Feb-12,2.35,2.44,2.30,2.42,63949
22-Feb-12,2.28,2.38,2.25,2.31,41058
21-Feb-12,2.55,2.55,2.28,2.40,202520
17-Feb-12,2.68,2.71,2.60,2.70,39297
16-Feb-12,2.75,2.76,2.52,2.68,24919
15-Feb-12,2.75,2.79,2.69,2.77,55952
14-Feb-12,2.66,2.75,2.62,2.75,49650
13-Feb-12,2.75,2.81,2.51,2.66,125488
10-Feb-12,2.66,2.71,2.66,2.71,73430
9-Feb-12,2.55,2.65,2.53,2.65,59319
8-Feb-12,2.46,2.53,2.44,2.52,39090
7-Feb-12,2.42,2.48,2.34,2.46,43759
6-Feb-12,2.50,2.50,2.38,2.45,32461
3-Feb-12,2.49,2.54,2.44,2.44,100630
2-Feb-12,2.29,2.48,2.28,2.46,66581
1-Feb-12,2.19,2.29,2.17,2.28,21812
31-Jan-12,2.13,2.20,2.13,2.19,2868
30-Jan-12,2.20,2.20,2.11,2.16,17120
27-Jan-12,2.19,2.22,2.13,2.20,37540
26-Jan-12,2.16,2.22,2.10,2.20,22018
25-Jan-12,2.23,2.23,2.15,2.17,2711
24-Jan-12,2.20,2.23,2.18,2.23,13700
23-Jan-12,2.15,2.24,2.06,2.23,42517
20-Jan-12,2.15,2.18,2.14,2.15,26524
19-Jan-12,2.15,2.22,2.03,2.18,68412
18-Jan-12,2.15,2.19,2.12,2.19,22148
17-Jan-12,2.24,2.24,2.18,2.19,28950
13-Jan-12,2.24,2.24,2.24,2.24,0
12-Jan-12,2.14,2.26,2.10,2.18,107890
11-Jan-12,2.00,2.20,2.00,2.11,100444
10-Jan-12,1.90,1.99,1.84,1.98,114353
9-Jan-12,1.85,1.93,1.76,1.90,28079
6-Jan-12,1.94,1.95,1.83,1.93,13706
5-Jan-12,1.75,1.85,1.75,1.83,21732
4-Jan-12,1.80,1.80,1.75,1.75,7048
3-Jan-12,1.76,1.86,1.65,1.77,10124
30-Dec-11,1.75,1.75,1.75,1.75,0
29-Dec-11,1.80,1.80,1.76,1.76,28231
28-Dec-11,1.77,1.80,1.77,1.77,20273
27-Dec-11,1.81,1.82,1.74,1.78,63268
23-Dec-11,1.79,1.79,1.79,1.79,0
22-Dec-11,1.84,1.84,1.75,1.84,36823
21-Dec-11,1.71,1.78,1.71,1.78,24896
20-Dec-11,1.79,1.83,1.70,1.70,51482
19-Dec-11,1.77,1.80,1.70,1.73,11850
16-Dec-11,1.77,1.80,1.76,1.76,11992
15-Dec-11,1.83,1.83,1.76,1.80,14385
14-Dec-11,1.82,1.84,1.77,1.83,18076
13-Dec-11,1.83,1.86,1.80,1.81,28758
12-Dec-11,1.94,1.94,1.87,1.89,15600
9-Dec-11,1.99,1.99,1.92,1.95,51151
8-Dec-11,1.98,2.05,1.92,1.92,17671
7-Dec-11,2.01,2.07,1.91,2.05,16767
6-Dec-11,2.04,2.09,1.92,2.05,22814
5-Dec-11,1.91,2.15,1.91,2.07,18525
2-Dec-11,1.93,2.04,1.92,1.99,13900
1-Dec-11,1.84,1.96,1.80,1.88,1678
30-Nov-11,1.82,2.03,1.82,1.91,13550
29-Nov-11,1.83,1.86,1.76,1.82,9843
28-Nov-11,1.85,1.99,1.84,1.87,24897
25-Nov-11,1.92,1.92,1.83,1.84,11808
23-Nov-11,1.90,1.90,1.90,1.90,0
22-Nov-11,1.99,2.07,1.98,1.98,6633
21-Nov-11,2.02,2.08,1.99,1.99,12686
18-Nov-11,2.10,2.10,2.01,2.04,8390
17-Nov-11,2.02,2.16,2.02,2.10,8453
16-Nov-11,2.18,2.20,2.07,2.17,21797
15-Nov-11,2.18,2.25,2.18,2.22,9530
14-Nov-11,2.21,2.27,2.20,2.20,19550
11-Nov-11,2.21,2.26,2.20,2.23,8130
10-Nov-11,2.21,2.21,2.20,2.20,24474
9-Nov-11,2.24,2.27,2.15,2.24,29273
8-Nov-11,2.25,2.25,2.20,2.24,19129
7-Nov-11,2.15,2.24,2.15,2.24,16524
4-Nov-11,2.10,2.20,2.10,2.20,11992
3-Nov-11,2.24,2.24,2.15,2.18,110294
2-Nov-11,2.03,2.12,1.96,2.12,9181
1-Nov-11,2.12,2.21,2.08,2.14,4678
31-Oct-11,2.26,2.27,2.11,2.22,22900
28-Oct-11,2.21,2.29,2.20,2.25,67198
27-Oct-11,2.08,2.24,2.08,2.13,16178
26-Oct-11,2.04,2.04,1.94,2.00,9460
25-Oct-11,2.03,2.06,2.01,2.03,2900
24-Oct-11,1.97,2.08,1.97,2.05,12839
21-Oct-11,2.00,2.00,1.94,1.94,7355
20-Oct-11,2.18,2.18,1.92,1.98,3486
19-Oct-11,1.92,2.08,1.91,1.92,19325
18-Oct-11,1.94,2.00,1.93,1.96,10482
17-Oct-11,2.02,2.03,1.86,1.97,19795
14-Oct-11,2.03,2.03,2.03,2.03,0
13-Oct-11,2.00,2.00,1.92,1.94,14526
12-Oct-11,1.94,2.00,1.94,2.00,6431
11-Oct-11,1.85,1.99,1.85,1.98,18149
10-Oct-11,1.85,1.90,1.80,1.83,23604
7-Oct-11,1.87,1.90,1.76,1.90,5181
6-Oct-11,1.83,1.87,1.76,1.83,18073
5-Oct-11,1.71,1.88,1.71,1.78,12398
4-Oct-11,1.68,1.78,1.65,1.69,52208
3-Oct-11,1.79,1.81,1.66,1.68,65925
30-Sep-11,1.81,1.82,1.78,1.80,10738
29-Sep-11,1.85,1.90,1.78,1.83,41515
