Date,Open,High,Low,Close,Volume
26-Sep-12,1.80,1.80,1.75,1.77,6000
25-Sep-12,1.76,1.93,1.75,1.83,31200
24-Sep-12,1.95,1.95,1.74,1.79,45726
21-Sep-12,1.99,2.10,1.99,2.10,3276
20-Sep-12,2.09,2.10,1.98,1.99,3074
19-Sep-12,2.09,2.10,2.02,2.02,1183
18-Sep-12,2.10,2.14,1.99,1.99,7474
17-Sep-12,2.15,2.15,2.05,2.05,14000
14-Sep-12,2.06,2.19,2.03,2.18,2610
13-Sep-12,2.00,2.17,2.00,2.11,7100
12-Sep-12,2.10,2.13,2.05,2.10,4500
11-Sep-12,2.00,2.18,2.00,2.18,3000
10-Sep-12,2.10,2.13,2.00,2.01,24450
7-Sep-12,1.85,2.10,1.85,2.05,33720
6-Sep-12,1.85,1.90,1.85,1.89,9170
5-Sep-12,1.84,1.99,1.79,1.89,3350
4-Sep-12,1.85,1.85,1.85,1.85,1175
31-Aug-12,1.85,1.98,1.80,1.98,2825
30-Aug-12,1.80,1.90,1.75,1.88,9258
29-Aug-12,1.80,1.89,1.80,1.89,3298
28-Aug-12,1.85,1.86,1.80,1.86,4450
27-Aug-12,1.90,1.90,1.80,1.89,5400
24-Aug-12,1.85,1.99,1.83,1.90,2000
23-Aug-12,1.99,1.99,1.99,1.99,400
22-Aug-12,1.99,1.99,1.99,1.99,300
21-Aug-12,1.97,1.97,1.92,1.96,400
20-Aug-12,1.99,1.99,1.99,1.99,500
17-Aug-12,1.99,1.99,1.99,1.99,1200
16-Aug-12,1.99,1.99,1.82,1.99,650
15-Aug-12,1.92,2.00,1.92,1.95,2035
14-Aug-12,1.95,1.95,1.81,1.95,25600
13-Aug-12,1.94,1.95,1.94,1.95,2468
10-Aug-12,1.95,1.95,1.90,1.93,2062
9-Aug-12,1.86,1.99,1.80,1.92,22682
8-Aug-12,1.73,1.89,1.73,1.89,4750
7-Aug-12,1.68,1.85,1.68,1.85,2330
6-Aug-12,1.68,1.68,1.68,1.68,700
3-Aug-12,1.69,1.76,1.65,1.70,7175
2-Aug-12,1.74,1.85,1.74,1.85,500
1-Aug-12,1.66,1.74,1.65,1.72,6981
31-Jul-12,1.67,1.74,1.67,1.74,1158
30-Jul-12,1.75,1.75,1.75,1.75,100
27-Jul-12,1.80,1.80,1.74,1.74,3197
26-Jul-12,1.76,1.87,1.75,1.87,6580
25-Jul-12,1.84,1.84,1.75,1.83,10063
24-Jul-12,1.88,1.88,1.75,1.77,20413
23-Jul-12,1.86,1.88,1.86,1.88,11880
20-Jul-12,1.84,1.88,1.72,1.87,12800
19-Jul-12,1.74,1.84,1.74,1.84,12726
18-Jul-12,1.75,1.75,1.75,1.75,4200
17-Jul-12,1.70,1.74,1.65,1.74,3100
16-Jul-12,1.71,1.71,1.70,1.70,300
13-Jul-12,1.71,1.71,1.70,1.70,3200
12-Jul-12,1.85,1.85,1.70,1.70,9200
11-Jul-12,1.74,1.74,1.74,1.74,400
10-Jul-12,1.73,1.74,1.73,1.74,400
9-Jul-12,1.66,1.67,1.66,1.66,3000
6-Jul-12,1.75,1.75,1.75,1.75,0
5-Jul-12,1.75,1.75,1.75,1.75,0
3-Jul-12,1.75,1.75,1.75,1.75,0
2-Jul-12,1.74,1.74,1.74,1.74,500
29-Jun-12,1.75,1.75,1.72,1.72,5852
28-Jun-12,1.67,1.75,1.67,1.73,50700
27-Jun-12,1.65,1.65,1.65,1.65,0
26-Jun-12,1.74,1.74,1.65,1.65,400
25-Jun-12,1.78,1.78,1.72,1.72,200
22-Jun-12,1.74,1.80,1.74,1.80,2976
21-Jun-12,1.75,1.76,1.75,1.76,1200
20-Jun-12,1.75,1.75,1.73,1.73,2200
19-Jun-12,1.85,1.87,1.75,1.75,5499
18-Jun-12,1.79,1.90,1.70,1.86,3531
15-Jun-12,1.95,1.95,1.60,1.92,15007
14-Jun-12,1.88,2.00,1.88,1.99,7133
13-Jun-12,1.76,1.85,1.76,1.85,1936
12-Jun-12,1.76,1.90,1.66,1.90,25290
11-Jun-12,1.85,1.91,1.85,1.89,700
8-Jun-12,1.85,1.92,1.74,1.91,4380
7-Jun-12,1.86,1.86,1.86,1.86,0
6-Jun-12,1.95,1.95,1.80,1.86,6950
5-Jun-12,1.85,1.98,1.85,1.96,600
4-Jun-12,1.92,1.92,1.80,1.80,8036
1-Jun-12,1.93,1.99,1.92,1.92,5200
31-May-12,1.98,1.99,1.91,1.92,2601
30-May-12,1.95,1.97,1.91,1.96,600
29-May-12,2.03,2.28,1.94,1.94,6600
25-May-12,1.95,2.04,1.95,2.04,2250
24-May-12,2.10,2.11,2.00,2.01,20106
23-May-12,1.96,2.02,1.90,2.02,4610
22-May-12,1.98,2.14,1.94,2.14,11599
21-May-12,1.97,1.97,1.92,1.95,795
18-May-12,1.98,2.00,1.91,1.98,5133
17-May-12,2.12,2.12,1.92,2.04,12300
16-May-12,2.30,2.32,2.05,2.19,38975
15-May-12,2.20,2.35,2.16,2.16,15150
14-May-12,2.26,2.36,2.18,2.18,4000
11-May-12,2.28,2.40,2.17,2.20,17000
10-May-12,2.30,2.44,2.17,2.25,41060
9-May-12,2.21,2.30,2.17,2.23,19545
8-May-12,2.43,2.43,2.10,2.21,9578
7-May-12,2.17,2.30,2.15,2.30,2000
4-May-12,2.25,2.30,2.25,2.30,1086
3-May-12,2.30,2.31,2.17,2.17,580
2-May-12,2.38,2.42,2.26,2.30,7291
1-May-12,2.28,2.58,2.27,2.50,6735
30-Apr-12,2.34,2.75,2.17,2.52,8328
27-Apr-12,2.33,2.33,2.33,2.33,100
26-Apr-12,2.14,2.61,2.14,2.35,36186
25-Apr-12,2.22,2.25,2.20,2.20,4280
24-Apr-12,2.20,2.34,2.14,2.29,2700
23-Apr-12,2.21,2.30,2.10,2.30,6074
20-Apr-12,2.29,2.30,2.11,2.30,9300
19-Apr-12,2.15,2.29,2.15,2.29,1644
18-Apr-12,2.20,2.29,2.14,2.27,1200
17-Apr-12,2.10,2.28,2.10,2.24,2700
16-Apr-12,2.27,2.27,2.25,2.25,700
13-Apr-12,2.17,2.29,2.17,2.29,4400
12-Apr-12,2.11,2.19,2.11,2.19,722
11-Apr-12,2.18,2.22,2.12,2.22,2925
10-Apr-12,2.20,2.34,2.10,2.23,29525
9-Apr-12,2.07,2.33,1.95,2.18,6891
5-Apr-12,2.13,2.33,2.00,2.06,20418
4-Apr-12,2.10,2.19,2.07,2.19,17298
3-Apr-12,2.20,2.20,2.17,2.17,8334
2-Apr-12,2.20,2.20,2.16,2.16,300
30-Mar-12,2.14,2.19,2.14,2.19,3504
29-Mar-12,2.12,2.16,1.90,2.15,5659
28-Mar-12,2.11,2.21,1.97,2.20,7378
27-Mar-12,2.04,2.24,2.04,2.22,3100
26-Mar-12,2.00,2.04,1.95,1.99,6006
23-Mar-12,2.00,2.00,1.98,1.99,6178
22-Mar-12,2.07,2.18,1.96,2.06,10661
21-Mar-12,2.19,2.19,2.04,2.05,6479
20-Mar-12,2.28,2.31,2.12,2.19,22832
19-Mar-12,2.34,2.35,2.20,2.33,6244
16-Mar-12,2.30,2.30,2.20,2.29,4800
15-Mar-12,2.35,2.35,2.24,2.30,8200
14-Mar-12,2.29,2.30,2.29,2.30,500
13-Mar-12,2.31,2.31,2.31,2.31,162
12-Mar-12,2.26,2.32,2.21,2.32,27223
9-Mar-12,2.29,2.29,2.22,2.29,1800
8-Mar-12,2.24,2.35,2.15,2.29,2289
7-Mar-12,2.22,2.30,2.18,2.29,43188
6-Mar-12,2.23,2.30,2.23,2.30,5200
5-Mar-12,2.22,2.30,2.13,2.29,19200
2-Mar-12,2.26,2.35,2.23,2.30,5000
1-Mar-12,2.35,2.47,2.31,2.31,1900
29-Feb-12,2.48,2.48,2.29,2.37,11036
28-Feb-12,2.30,2.48,2.13,2.39,13169
27-Feb-12,2.81,2.98,2.12,2.12,90349
24-Feb-12,2.22,2.31,2.22,2.29,2100
23-Feb-12,2.11,2.29,2.09,2.23,3150
22-Feb-12,2.22,2.25,2.00,2.25,10230
21-Feb-12,2.31,2.33,2.11,2.32,7200
17-Feb-12,1.85,2.50,1.85,2.31,13750
16-Feb-12,1.84,1.85,1.84,1.85,2700
15-Feb-12,1.80,1.84,1.80,1.84,2000
14-Feb-12,1.85,1.85,1.85,1.85,0
13-Feb-12,1.83,1.85,1.83,1.85,16440
10-Feb-12,1.83,1.83,1.83,1.83,100
9-Feb-12,1.83,1.84,1.83,1.83,72486
8-Feb-12,1.80,1.82,1.72,1.82,35300
7-Feb-12,1.85,1.88,1.73,1.82,38362
6-Feb-12,1.70,1.81,1.70,1.81,1050
2-Feb-12,1.80,1.80,1.80,1.80,0
1-Feb-12,1.81,1.86,1.79,1.79,5279
30-Jan-12,1.82,1.82,1.82,1.82,0
27-Jan-12,1.83,1.84,1.83,1.84,1100
26-Jan-12,1.69,1.84,1.68,1.78,10167
25-Jan-12,1.77,1.77,1.77,1.77,500
24-Jan-12,1.68,1.70,1.67,1.68,18800
23-Jan-12,1.72,1.89,1.71,1.82,914
20-Jan-12,1.85,1.86,1.79,1.86,2015
19-Jan-12,1.89,1.89,1.89,1.89,0
18-Jan-12,1.79,1.88,1.73,1.73,43500
17-Jan-12,1.78,1.78,1.78,1.78,100
13-Jan-12,1.78,1.78,1.78,1.78,0
12-Jan-12,1.73,1.79,1.67,1.79,2800
11-Jan-12,1.67,1.75,1.65,1.75,7800
10-Jan-12,1.68,1.78,1.68,1.72,300
9-Jan-12,1.66,1.66,1.66,1.66,0
6-Jan-12,1.67,1.70,1.67,1.70,610
4-Jan-12,1.67,1.67,1.67,1.67,0
3-Jan-12,1.72,1.75,1.62,1.63,4150
30-Dec-11,1.75,1.75,1.75,1.75,0
29-Dec-11,1.58,1.70,1.58,1.66,11250
28-Dec-11,1.68,1.70,1.54,1.61,30732
27-Dec-11,1.53,1.65,1.50,1.64,67450
23-Dec-11,1.52,1.52,1.52,1.52,0
22-Dec-11,1.53,1.55,1.50,1.51,47780
21-Dec-11,1.55,1.58,1.50,1.54,19793
20-Dec-11,1.52,1.56,1.52,1.54,18000
19-Dec-11,1.51,1.52,1.50,1.50,19181
16-Dec-11,1.52,1.52,1.50,1.50,43773
15-Dec-11,1.60,1.60,1.50,1.52,17700
14-Dec-11,1.65,1.65,1.55,1.60,15819
13-Dec-11,1.69,1.70,1.58,1.70,635
12-Dec-11,1.70,1.70,1.63,1.70,7800
9-Dec-11,1.70,1.75,1.70,1.75,2580
8-Dec-11,1.69,1.73,1.69,1.73,1540
7-Dec-11,1.62,1.70,1.60,1.62,13230
6-Dec-11,1.65,1.70,1.60,1.70,42324
5-Dec-11,1.77,1.77,1.73,1.75,4460
1-Dec-11,1.79,1.79,1.79,1.79,0
30-Nov-11,1.79,1.80,1.70,1.77,4900
29-Nov-11,1.75,1.79,1.75,1.78,13700
28-Nov-11,1.64,1.70,1.64,1.69,7500
25-Nov-11,1.67,1.70,1.59,1.65,14135
23-Nov-11,1.75,1.75,1.75,1.75,0
22-Nov-11,1.74,1.74,1.74,1.74,0
21-Nov-11,1.67,1.75,1.58,1.68,53580
18-Nov-11,1.72,1.80,1.71,1.80,27200
16-Nov-11,1.79,1.79,1.79,1.79,0
15-Nov-11,1.76,1.76,1.73,1.73,21300
14-Nov-11,1.84,1.84,1.78,1.78,950
11-Nov-11,1.93,1.93,1.77,1.83,8730
10-Nov-11,1.95,1.95,1.95,1.95,0
9-Nov-11,1.94,1.94,1.94,1.94,0
8-Nov-11,1.86,2.00,1.84,1.99,2500
7-Nov-11,1.85,2.00,1.83,2.00,1300
4-Nov-11,1.75,2.03,1.75,1.95,11542
3-Nov-11,1.89,1.91,1.82,1.83,6400
2-Nov-11,1.86,1.99,1.86,1.99,700
1-Nov-11,1.91,2.00,1.90,2.00,7640
31-Oct-11,1.88,1.99,1.88,1.98,900
27-Oct-11,1.95,1.95,1.95,1.95,0
26-Oct-11,1.79,1.88,1.79,1.88,1801
25-Oct-11,1.80,1.90,1.75,1.90,9000
24-Oct-11,1.85,2.00,1.85,1.90,6348
21-Oct-11,1.88,1.88,1.75,1.87,6700
19-Oct-11,1.87,1.87,1.87,1.87,0
18-Oct-11,1.99,2.00,1.81,1.92,22400
17-Oct-11,1.86,1.95,1.85,1.89,4075
14-Oct-11,1.85,1.89,1.85,1.89,10900
13-Oct-11,1.85,1.93,1.85,1.85,37200
12-Oct-11,1.87,1.88,1.85,1.85,6891
10-Oct-11,1.92,1.92,1.92,1.92,0
5-Oct-11,1.95,1.95,1.95,1.95,0
4-Oct-11,1.85,2.03,1.85,1.94,4900
3-Oct-11,2.02,2.02,1.85,1.97,7400
30-Sep-11,1.92,2.18,1.92,2.16,11000
29-Sep-11,1.98,2.01,1.96,2.00,14761
