Date,Open,High,Low,Close,Volume
26-Sep-12,2.97,3.05,2.85,2.88,298537
25-Sep-12,3.04,3.09,2.96,2.97,325470
24-Sep-12,2.94,3.04,2.93,3.01,339902
21-Sep-12,2.98,3.01,2.88,2.96,408673
20-Sep-12,3.08,3.12,2.90,2.90,67550
19-Sep-12,3.19,3.23,3.08,3.10,59454
18-Sep-12,3.29,3.37,3.18,3.19,85599
17-Sep-12,3.26,3.44,3.18,3.31,149350
14-Sep-12,3.30,3.44,3.11,3.29,295475
13-Sep-12,3.12,3.34,3.11,3.29,274411
12-Sep-12,3.10,3.14,3.06,3.13,95500
11-Sep-12,3.02,3.15,3.02,3.10,96239
10-Sep-12,3.19,3.19,2.86,3.01,127507
7-Sep-12,3.09,3.19,3.06,3.16,478402
6-Sep-12,3.06,3.13,3.03,3.06,620720
5-Sep-12,2.90,3.12,2.89,3.03,950037
4-Sep-12,2.74,2.90,2.70,2.89,565054
31-Aug-12,2.56,2.73,2.51,2.73,543168
30-Aug-12,2.62,2.63,2.51,2.52,435728
29-Aug-12,2.67,2.71,2.62,2.63,463183
28-Aug-12,2.65,2.76,2.64,2.65,408340
27-Aug-12,2.80,2.81,2.60,2.64,628061
24-Aug-12,2.78,2.82,2.75,2.81,237206
23-Aug-12,2.88,2.90,2.77,2.77,266597
22-Aug-12,2.92,2.94,2.88,2.89,203270
21-Aug-12,2.92,3.05,2.91,2.93,445255
20-Aug-12,2.97,2.98,2.84,2.89,330033
17-Aug-12,2.84,3.00,2.81,3.00,506425
16-Aug-12,2.86,2.91,2.81,2.85,288610
15-Aug-12,2.79,2.88,2.78,2.87,196166
14-Aug-12,2.88,2.94,2.77,2.78,234548
13-Aug-12,2.82,2.92,2.82,2.87,184414
10-Aug-12,2.82,2.94,2.76,2.82,285454
9-Aug-12,2.70,2.87,2.70,2.82,345420
8-Aug-12,2.92,3.00,2.86,2.89,242667
7-Aug-12,2.97,3.02,2.86,2.95,489351
6-Aug-12,2.95,3.00,2.78,2.93,435759
3-Aug-12,2.62,3.03,2.62,2.96,1058840
2-Aug-12,3.17,3.18,2.49,2.51,1395605
1-Aug-12,3.25,3.27,3.06,3.19,581861
31-Jul-12,2.99,3.26,2.91,3.26,1184560
30-Jul-12,3.10,3.10,2.96,2.99,260656
27-Jul-12,2.86,3.13,2.85,3.10,733406
26-Jul-12,2.85,2.94,2.65,2.85,642301
25-Jul-12,2.95,3.02,2.80,2.80,339610
24-Jul-12,2.87,2.96,2.87,2.91,320352
23-Jul-12,2.99,3.12,2.88,2.91,525401
20-Jul-12,3.17,3.25,3.03,3.21,486198
19-Jul-12,3.23,3.25,3.05,3.10,391384
18-Jul-12,3.26,3.30,3.15,3.22,310199
17-Jul-12,3.22,3.28,3.15,3.26,324071
16-Jul-12,3.23,3.27,3.16,3.18,247219
13-Jul-12,3.19,3.36,3.12,3.24,432274
12-Jul-12,3.48,3.55,3.16,3.19,1026364
11-Jul-12,3.66,3.68,3.45,3.56,749904
10-Jul-12,3.60,3.85,3.38,3.67,2000966
9-Jul-12,2.73,3.95,2.72,3.70,6703236
6-Jul-12,2.86,2.86,2.75,2.76,352871
5-Jul-12,3.00,3.04,2.89,2.91,550015
3-Jul-12,3.00,3.06,2.96,3.02,554607
2-Jul-12,2.87,3.05,2.82,3.01,1432421
29-Jun-12,2.74,2.90,2.73,2.86,941343
28-Jun-12,2.67,2.70,2.52,2.65,1688965
27-Jun-12,2.71,2.76,2.65,2.71,1395988
26-Jun-12,2.74,2.75,2.66,2.72,428178
25-Jun-12,2.64,2.77,2.64,2.73,730007
22-Jun-12,2.65,2.73,2.62,2.69,1524326
21-Jun-12,2.87,2.89,2.59,2.61,1221053
20-Jun-12,2.87,2.92,2.78,2.79,1034094
19-Jun-12,2.97,2.98,2.85,2.88,1626480
18-Jun-12,2.83,2.90,2.78,2.80,1147552
15-Jun-12,2.90,2.91,2.78,2.82,1477749
14-Jun-12,2.95,2.96,2.81,2.87,1554706
13-Jun-12,2.89,3.15,2.80,2.82,2142792
12-Jun-12,2.87,2.98,2.83,2.90,730819
11-Jun-12,2.98,3.19,2.82,2.85,1108986
8-Jun-12,3.01,3.02,2.76,2.89,1734193
7-Jun-12,3.25,3.30,3.00,3.01,860791
6-Jun-12,3.22,3.29,3.16,3.17,1317270
5-Jun-12,3.51,3.53,3.15,3.17,3235876
4-Jun-12,3.90,3.93,3.51,3.55,1067989
1-Jun-12,3.80,4.01,3.77,3.89,510562
31-May-12,4.15,4.15,3.90,3.92,911908
30-May-12,4.01,4.22,3.97,4.16,499219
29-May-12,4.14,4.14,3.97,4.07,453035
25-May-12,4.01,4.15,3.99,4.04,354156
24-May-12,4.20,4.33,3.94,4.02,697479
23-May-12,3.91,4.19,3.68,4.19,1269061
22-May-12,4.15,4.16,3.93,3.98,536675
21-May-12,4.20,4.22,4.10,4.15,442899
18-May-12,4.27,4.28,4.08,4.21,707663
17-May-12,4.45,4.47,4.26,4.26,545924
16-May-12,4.45,4.56,4.37,4.43,794595
15-May-12,4.37,4.70,4.30,4.58,746274
14-May-12,4.40,4.45,4.31,4.37,582515
11-May-12,4.51,4.60,4.40,4.47,779327
10-May-12,4.82,4.89,4.49,4.50,923890
9-May-12,4.55,4.80,4.47,4.71,854071
8-May-12,4.63,4.71,4.49,4.65,672705
7-May-12,4.46,4.89,4.42,4.71,513390
4-May-12,4.61,4.66,4.38,4.46,659454
3-May-12,4.81,4.96,4.69,4.70,500283
2-May-12,5.06,5.07,4.67,4.80,783413
1-May-12,4.90,5.77,4.90,5.19,2045348
30-Apr-12,4.87,4.90,4.79,4.88,401427
27-Apr-12,4.76,4.93,4.69,4.91,647444
26-Apr-12,4.72,4.81,4.65,4.76,379647
25-Apr-12,4.80,4.89,4.72,4.74,776562
24-Apr-12,4.87,4.89,4.61,4.75,1478928
23-Apr-12,4.79,5.15,4.77,4.85,2514952
20-Apr-12,4.50,4.50,4.22,4.25,713589
19-Apr-12,4.24,4.30,4.18,4.28,666028
18-Apr-12,4.22,4.27,4.15,4.23,600405
17-Apr-12,4.31,4.46,4.19,4.20,791917
16-Apr-12,4.65,4.66,4.21,4.22,699330
13-Apr-12,4.74,4.84,4.53,4.63,727727
12-Apr-12,4.22,4.76,4.22,4.66,1267675
11-Apr-12,4.09,4.32,3.99,4.23,1254446
10-Apr-12,4.18,4.24,3.98,3.98,1316825
9-Apr-12,4.36,4.38,4.06,4.17,828593
5-Apr-12,4.62,4.68,4.47,4.49,735733
4-Apr-12,4.80,4.87,4.63,4.66,611611
3-Apr-12,5.12,5.20,4.83,4.87,603558
2-Apr-12,5.08,5.17,4.96,5.15,605755
30-Mar-12,4.92,5.19,4.86,5.11,450025
29-Mar-12,4.96,5.04,4.78,4.85,449276
28-Mar-12,5.39,5.39,4.96,4.99,556433
27-Mar-12,5.20,5.43,5.17,5.40,522411
26-Mar-12,5.37,5.44,5.27,5.44,556339
23-Mar-12,5.30,5.39,5.18,5.39,442363
22-Mar-12,5.42,5.45,5.30,5.30,722655
21-Mar-12,5.50,5.64,5.37,5.60,707426
20-Mar-12,5.24,5.50,5.14,5.49,1272204
19-Mar-12,5.21,5.33,5.13,5.31,1146187
16-Mar-12,5.09,5.34,5.02,5.26,1744289
15-Mar-12,5.05,5.05,4.87,5.00,698608
14-Mar-12,4.98,5.08,4.79,4.95,829483
13-Mar-12,4.70,4.99,4.59,4.95,1081201
12-Mar-12,4.59,4.64,4.33,4.64,829755
9-Mar-12,4.59,4.95,4.42,4.53,1368550
8-Mar-12,4.24,4.75,4.14,4.60,1588421
7-Mar-12,4.15,4.18,3.99,4.04,1561654
6-Mar-12,3.93,4.08,3.85,4.00,1132168
5-Mar-12,4.13,4.15,3.93,3.99,1173699
2-Mar-12,4.43,4.48,4.09,4.15,1421640
1-Mar-12,4.36,4.58,4.34,4.45,1294072
29-Feb-12,4.05,4.63,3.90,4.36,5041610
28-Feb-12,5.54,5.65,5.33,5.42,1030194
27-Feb-12,5.69,5.72,5.42,5.53,867117
24-Feb-12,5.52,5.85,5.50,5.75,816827
23-Feb-12,5.65,5.75,5.44,5.53,1078527
22-Feb-12,5.80,5.82,5.55,5.69,914990
21-Feb-12,5.89,6.02,5.72,5.81,961180
17-Feb-12,6.11,6.15,5.96,5.97,614660
16-Feb-12,5.79,6.09,5.72,6.05,716376
15-Feb-12,6.34,6.38,5.73,5.76,1626207
14-Feb-12,5.86,6.38,5.75,6.31,2920782
13-Feb-12,5.62,5.94,5.60,5.90,1008197
10-Feb-12,5.68,5.68,5.44,5.56,1002141
9-Feb-12,5.85,6.07,5.67,5.79,1436982
8-Feb-12,5.64,6.04,5.63,5.87,2940241
7-Feb-12,5.82,5.82,5.53,5.56,1252141
6-Feb-12,5.33,6.00,5.29,5.91,2425833
3-Feb-12,5.38,5.43,5.07,5.40,1655030
2-Feb-12,5.46,5.69,5.00,5.28,6009956
1-Feb-12,4.20,4.55,4.10,4.46,2750006
31-Jan-12,4.11,4.17,3.96,4.10,1466626
30-Jan-12,3.98,4.29,3.86,3.92,1882965
27-Jan-12,3.95,3.96,3.82,3.96,816023
26-Jan-12,3.97,4.06,3.92,3.97,803857
25-Jan-12,3.83,4.03,3.77,3.93,964486
24-Jan-12,3.81,3.88,3.70,3.82,685613
23-Jan-12,3.82,3.94,3.70,3.73,724079
20-Jan-12,3.92,3.98,3.78,3.81,924682
19-Jan-12,4.02,4.16,3.91,3.92,1008825
18-Jan-12,3.80,4.02,3.76,4.00,1002596
17-Jan-12,4.00,4.14,3.78,3.80,1866131
13-Jan-12,4.20,4.20,4.20,4.20,0
12-Jan-12,4.59,4.60,4.22,4.34,1355499
11-Jan-12,4.27,4.65,4.23,4.60,1535696
10-Jan-12,4.09,4.33,4.04,4.28,1376368
9-Jan-12,4.05,4.10,3.92,4.02,1113031
6-Jan-12,4.13,4.24,3.97,4.04,682675
5-Jan-12,4.11,4.18,3.95,4.06,1153551
4-Jan-12,4.42,4.46,4.14,4.14,1075478
3-Jan-12,4.50,4.65,4.44,4.46,1218988
30-Dec-11,4.38,4.38,4.38,4.38,0
29-Dec-11,4.26,4.49,4.16,4.41,1091775
28-Dec-11,4.55,4.60,4.16,4.25,1398383
27-Dec-11,4.53,4.60,4.50,4.57,586161
23-Dec-11,4.57,4.57,4.57,4.57,0
22-Dec-11,4.47,4.65,4.38,4.56,1071335
21-Dec-11,4.75,4.79,4.28,4.44,1461298
20-Dec-11,4.64,4.80,4.57,4.76,1361555
19-Dec-11,4.87,4.98,4.45,4.48,1587523
16-Dec-11,5.28,5.48,4.75,4.79,2075998
15-Dec-11,5.49,5.60,5.11,5.16,2758772
14-Dec-11,4.68,4.80,4.48,4.64,1822319
13-Dec-11,5.12,5.24,4.71,4.77,1454448
12-Dec-11,5.45,5.60,4.85,5.01,2574268
9-Dec-11,6.01,6.10,5.56,5.68,2973128
8-Dec-11,5.70,6.48,5.65,6.04,6333343
7-Dec-11,5.01,5.15,4.91,5.11,1109175
6-Dec-11,4.89,5.18,4.83,5.04,1689106
5-Dec-11,4.95,5.04,4.82,4.96,1840762
2-Dec-11,4.74,5.15,4.60,5.01,3095629
1-Dec-11,4.39,4.80,4.36,4.75,2176932
30-Nov-11,4.58,4.76,4.04,4.59,3665061
29-Nov-11,3.65,4.89,3.64,4.39,7517299
28-Nov-11,3.21,3.43,3.17,3.40,3245571
25-Nov-11,3.05,3.09,2.85,3.06,1192345
23-Nov-11,3.05,3.05,3.05,3.05,0
22-Nov-11,3.32,3.32,3.07,3.22,1738505
21-Nov-11,2.98,3.54,2.90,3.37,3337559
18-Nov-11,3.47,3.52,3.06,3.08,6399136
17-Nov-11,3.72,4.00,3.41,3.82,3904172
16-Nov-11,3.01,3.86,3.01,3.80,5866632
15-Nov-11,2.98,3.10,2.96,3.06,1820730
14-Nov-11,3.05,3.12,2.89,3.01,2350822
11-Nov-11,2.93,3.16,2.83,3.05,2430708
10-Nov-11,3.18,3.20,2.75,2.93,4286333
9-Nov-11,3.27,3.28,3.08,3.09,3848459
8-Nov-11,3.51,3.58,3.38,3.41,4134014
7-Nov-11,3.30,3.54,3.28,3.40,4352499
4-Nov-11,3.88,4.00,3.15,3.21,10443532
3-Nov-11,5.16,5.16,4.58,5.04,3329537
2-Nov-11,5.05,5.22,4.97,5.03,1759665
1-Nov-11,5.27,5.28,4.84,4.92,2434855
31-Oct-11,5.73,5.90,5.37,5.40,2326354
28-Oct-11,6.59,6.59,5.71,5.90,2942035
27-Oct-11,6.77,6.84,6.44,6.67,1997748
26-Oct-11,6.56,6.73,6.18,6.43,1717747
25-Oct-11,6.92,6.95,6.48,6.52,1785433
24-Oct-11,7.15,7.50,7.06,7.21,1723607
21-Oct-11,7.26,7.27,6.91,7.19,1094096
20-Oct-11,6.98,7.15,6.70,7.09,984280
19-Oct-11,7.28,7.39,6.88,6.95,1121877
18-Oct-11,6.79,7.35,6.64,7.27,1487941
17-Oct-11,6.75,6.75,6.75,6.75,0
14-Oct-11,7.20,7.22,6.90,7.08,648226
13-Oct-11,7.03,7.09,6.62,7.09,1075725
12-Oct-11,7.09,7.09,7.09,7.09,0
11-Oct-11,6.68,7.05,6.68,6.92,1107854
10-Oct-11,6.59,6.83,6.50,6.77,896531
7-Oct-11,6.92,6.93,6.15,6.41,1280715
6-Oct-11,6.63,6.90,6.47,6.88,1528800
5-Oct-11,6.33,6.57,6.19,6.48,1194389
4-Oct-11,5.87,6.30,5.40,6.29,2493113
3-Oct-11,6.92,6.98,6.03,6.08,1794345
30-Sep-11,7.12,7.29,6.89,7.01,1587687
29-Sep-11,6.84,7.30,6.76,7.30,2296020
