Date,Open,High,Low,Close,Volume
27-Sep-12,25.61,25.88,25.53,25.85,76934
26-Sep-12,25.89,25.94,25.34,25.69,81998
25-Sep-12,26.25,26.40,25.75,25.84,64413
24-Sep-12,26.50,27.00,26.15,26.17,49260
21-Sep-12,26.58,26.72,26.42,26.42,13643
20-Sep-12,26.80,26.99,26.11,26.51,31745
19-Sep-12,27.11,27.14,26.76,26.82,22967
18-Sep-12,27.05,27.26,26.99,27.12,32867
17-Sep-12,27.10,27.40,26.70,27.25,37955
14-Sep-12,26.70,27.15,26.60,27.02,70170
13-Sep-12,26.51,26.88,26.40,26.72,83305
12-Sep-12,27.78,27.78,26.65,26.89,76684
11-Sep-12,26.40,26.77,26.40,26.59,51867
10-Sep-12,26.59,26.59,26.37,26.47,45699
7-Sep-12,26.60,26.85,26.21,26.47,296825
6-Sep-12,26.20,26.61,26.20,26.20,140669
5-Sep-12,26.40,26.60,25.78,26.34,171341
4-Sep-12,27.90,27.90,25.76,26.28,252985
31-Aug-12,26.14,26.31,25.81,26.22,162890
30-Aug-12,25.97,26.00,25.62,25.88,111349
29-Aug-12,25.95,25.95,25.38,25.79,56993
28-Aug-12,25.32,26.00,25.10,25.44,127006
27-Aug-12,25.25,25.32,25.06,25.25,21240
24-Aug-12,25.17,25.41,25.00,25.11,38919
23-Aug-12,25.00,25.19,24.83,25.10,66577
22-Aug-12,25.48,25.48,24.57,24.99,157533
21-Aug-12,24.70,25.21,24.51,25.00,85544
20-Aug-12,25.50,25.50,24.40,24.47,32256
17-Aug-12,25.05,25.12,24.95,25.05,150131
16-Aug-12,25.20,25.20,24.78,24.99,238935
15-Aug-12,24.70,25.08,24.50,24.90,142356
14-Aug-12,24.86,25.23,24.40,24.93,73898
13-Aug-12,23.93,25.10,23.89,24.98,39944
10-Aug-12,24.10,24.36,23.75,23.79,133088
9-Aug-12,24.64,25.95,23.72,24.02,140614
8-Aug-12,24.20,24.64,23.64,24.34,266745
7-Aug-12,25.00,25.24,24.02,24.47,261522
6-Aug-12,24.70,24.89,23.80,24.28,138236
3-Aug-12,24.49,24.50,24.00,24.37,51563
2-Aug-12,23.90,24.25,23.24,23.87,70321
1-Aug-12,24.46,24.84,23.92,24.02,69748
31-Jul-12,24.00,24.52,24.00,24.43,723342
30-Jul-12,24.44,24.50,23.93,24.21,164360
27-Jul-12,23.99,24.50,23.87,24.15,181164
26-Jul-12,23.76,24.00,23.47,24.00,74033
25-Jul-12,23.48,23.90,23.02,23.71,91242
24-Jul-12,23.29,23.95,23.28,23.37,211845
23-Jul-12,23.36,23.45,22.61,22.92,181400
20-Jul-12,22.92,23.44,22.76,23.42,110502
19-Jul-12,23.06,23.27,23.00,23.00,39725
18-Jul-12,23.03,23.22,22.82,22.93,49505
17-Jul-12,23.33,23.34,22.87,23.05,103560
16-Jul-12,23.16,23.25,23.01,23.11,87680
13-Jul-12,22.76,23.15,22.76,23.08,130872
12-Jul-12,23.39,23.48,22.55,22.73,95373
11-Jul-12,23.25,23.46,23.10,23.18,114861
10-Jul-12,23.37,23.37,23.06,23.06,103278
9-Jul-12,23.04,23.35,22.87,23.24,117121
6-Jul-12,23.76,23.76,23.05,23.13,62706
5-Jul-12,22.86,23.49,22.86,23.08,91927
3-Jul-12,22.94,23.01,22.90,22.95,92691
2-Jul-12,22.45,23.00,22.40,22.90,474925
29-Jun-12,22.30,22.44,22.16,22.43,171442
28-Jun-12,21.48,22.16,21.33,22.16,907655
27-Jun-12,21.80,21.98,21.60,21.73,91555
26-Jun-12,21.97,22.00,21.61,21.61,232610
25-Jun-12,21.95,22.00,21.51,21.90,45747
22-Jun-12,21.97,22.02,21.74,21.85,42437
21-Jun-12,21.91,22.03,21.51,21.80,168144
20-Jun-12,21.85,21.95,21.72,21.88,394883
19-Jun-12,21.85,21.92,21.68,21.79,174189
18-Jun-12,21.98,21.98,21.73,21.85,95151
15-Jun-12,21.87,21.95,21.69,21.94,97123
14-Jun-12,21.95,22.06,21.56,21.79,221547
13-Jun-12,21.67,21.90,21.67,21.88,165435
12-Jun-12,21.75,22.01,21.63,21.80,389768
11-Jun-12,21.80,21.89,21.30,21.42,177114
8-Jun-12,21.67,21.88,21.36,21.75,1368050
7-Jun-12,21.50,21.67,21.23,21.60,162473
6-Jun-12,21.10,21.38,20.31,21.38,165826
5-Jun-12,20.32,21.09,20.32,20.94,231459
4-Jun-12,21.17,21.17,20.50,20.96,116884
1-Jun-12,20.66,21.40,20.66,21.02,347614
31-May-12,21.09,21.20,20.71,21.12,366678
30-May-12,20.82,21.40,20.32,21.21,157301
29-May-12,21.73,21.73,20.97,21.06,96911
25-May-12,20.27,21.60,20.27,21.51,305966
24-May-12,20.18,20.62,20.00,20.39,204207
23-May-12,20.83,20.94,20.00,20.14,510414
22-May-12,21.06,21.27,20.24,21.00,333993
21-May-12,22.00,22.00,21.00,21.05,130552
18-May-12,21.00,21.40,21.00,21.11,343862
17-May-12,21.30,21.51,21.00,21.10,329654
16-May-12,21.09,21.60,21.01,21.57,313179
15-May-12,21.22,21.39,21.00,21.12,521457
14-May-12,21.15,21.44,20.98,21.03,359229
11-May-12,21.72,21.83,21.15,21.35,266729
10-May-12,21.50,21.75,21.50,21.72,463888
9-May-12,22.00,22.06,21.02,21.75,4307158
8-May-12,22.01,22.05,22.00,22.00,6862653
7-May-12,22.07,22.09,22.00,22.01,2769711
4-May-12,22.05,22.09,22.00,22.05,6276244
