Date,Open,High,Low,Close,Volume
26-Sep-12,0.97,1.00,0.97,1.00,7615
25-Sep-12,1.00,1.00,0.95,0.95,5881
24-Sep-12,0.92,1.00,0.91,0.93,12600
21-Sep-12,0.96,1.05,0.96,1.04,1897
20-Sep-12,1.04,1.04,0.90,0.91,5334
19-Sep-12,1.03,1.04,1.03,1.04,1106
18-Sep-12,1.01,1.00,0.93,0.93,1566
17-Sep-12,1.07,1.07,1.07,1.07,100
14-Sep-12,1.07,1.07,1.07,1.07,700
13-Sep-12,1.12,1.12,1.11,1.12,500
12-Sep-12,1.08,1.08,1.08,1.08,0
11-Sep-12,1.14,1.15,1.08,1.08,1191
10-Sep-12,1.05,1.15,1.05,1.15,2000
7-Sep-12,1.09,1.09,1.02,1.02,3468
6-Sep-12,1.04,1.13,0.93,1.01,11017
5-Sep-12,1.05,1.13,1.04,1.13,7451
4-Sep-12,1.15,1.15,1.05,1.05,4400
31-Aug-12,1.12,1.16,1.12,1.16,563
30-Aug-12,1.11,1.12,1.11,1.11,3000
29-Aug-12,1.08,1.09,1.08,1.09,566
28-Aug-12,1.04,1.10,1.04,1.10,1811
27-Aug-12,1.04,1.11,1.04,1.04,2700
24-Aug-12,0.96,1.06,0.96,1.06,3547
23-Aug-12,1.04,1.04,0.99,1.00,9538
22-Aug-12,1.13,1.13,1.06,1.06,5655
21-Aug-12,1.16,1.17,1.10,1.10,3446
20-Aug-12,1.14,1.14,1.14,1.14,986
17-Aug-12,1.19,1.20,1.16,1.16,885
16-Aug-12,1.20,1.32,1.11,1.11,9912
15-Aug-12,1.20,1.20,1.20,1.20,5100
14-Aug-12,1.10,1.30,1.10,1.13,4903
13-Aug-12,1.10,1.12,1.10,1.12,11470
10-Aug-12,0.98,1.09,0.98,1.09,11199
9-Aug-12,1.07,1.07,1.03,1.04,2500
8-Aug-12,0.90,1.02,0.90,1.02,2879
7-Aug-12,0.92,0.98,0.90,0.93,8988
6-Aug-12,1.02,1.02,0.90,0.91,19816
3-Aug-12,1.04,1.07,0.92,1.00,22926
2-Aug-12,0.99,1.00,0.99,1.00,4280
1-Aug-12,0.98,1.02,0.85,0.90,14025
31-Jul-12,1.01,1.04,0.95,1.01,19989
30-Jul-12,1.06,1.06,0.80,0.90,29612
27-Jul-12,1.08,1.08,1.02,1.06,12400
26-Jul-12,1.08,1.12,1.08,1.11,13222
25-Jul-12,1.04,1.08,1.00,1.08,39200
24-Jul-12,1.04,1.12,1.04,1.12,10833
23-Jul-12,1.13,1.13,1.03,1.03,31733
20-Jul-12,1.14,1.15,1.10,1.15,3100
19-Jul-12,1.09,1.15,1.09,1.13,3800
18-Jul-12,1.13,1.13,1.08,1.09,5769
17-Jul-12,1.16,1.16,1.08,1.13,11810
16-Jul-12,1.20,1.21,1.12,1.19,23931
13-Jul-12,1.25,1.26,1.24,1.26,1400
12-Jul-12,1.28,1.28,1.22,1.23,2370
11-Jul-12,1.28,1.30,1.24,1.25,15556
10-Jul-12,1.26,1.28,1.26,1.28,8285
9-Jul-12,1.37,1.39,1.31,1.35,8672
6-Jul-12,1.41,1.41,1.25,1.25,8416
5-Jul-12,1.38,1.42,1.35,1.37,4300
3-Jul-12,1.32,1.36,1.32,1.36,6600
2-Jul-12,1.35,1.36,1.16,1.25,38073
29-Jun-12,1.44,1.44,1.33,1.35,12335
28-Jun-12,1.34,1.45,1.34,1.44,2511
27-Jun-12,1.40,1.48,1.35,1.36,23570
26-Jun-12,1.40,1.48,1.36,1.40,13943
25-Jun-12,1.48,1.48,1.40,1.40,15265
22-Jun-12,1.52,1.56,1.41,1.41,41986
21-Jun-12,1.48,1.52,1.45,1.52,4654
20-Jun-12,1.46,1.58,1.46,1.50,8964
19-Jun-12,1.50,1.54,1.50,1.54,4300
18-Jun-12,1.44,1.49,1.44,1.49,1700
15-Jun-12,1.50,1.56,1.48,1.55,12859
14-Jun-12,1.53,1.53,1.49,1.49,3700
13-Jun-12,1.57,1.57,1.51,1.51,3128
12-Jun-12,1.50,1.50,1.41,1.48,10471
11-Jun-12,1.47,1.64,1.47,1.52,3365
8-Jun-12,1.57,1.57,1.46,1.49,4320
7-Jun-12,1.54,1.65,1.54,1.60,23171
6-Jun-12,1.48,1.53,1.41,1.52,6888
5-Jun-12,1.41,1.43,1.41,1.43,2700
4-Jun-12,1.42,1.51,1.41,1.51,19997
1-Jun-12,1.48,1.56,1.48,1.56,14628
31-May-12,1.61,1.61,1.41,1.56,21876
30-May-12,1.61,1.68,1.60,1.67,16189
29-May-12,1.58,1.62,1.55,1.60,11758
25-May-12,1.59,1.59,1.39,1.50,1750
24-May-12,1.39,1.60,1.39,1.60,29517
23-May-12,1.45,1.45,1.36,1.40,9050
22-May-12,1.49,1.49,1.45,1.45,1285
21-May-12,1.42,1.49,1.35,1.48,6404
18-May-12,1.45,1.45,1.45,1.45,0
17-May-12,1.35,1.40,1.35,1.40,6700
16-May-12,1.44,1.50,1.44,1.48,4300
15-May-12,1.42,1.53,1.35,1.35,8988
14-May-12,1.54,1.54,1.41,1.41,1784
11-May-12,1.45,1.57,1.44,1.44,1000
10-May-12,1.46,1.46,1.45,1.45,1093
9-May-12,1.46,1.46,1.44,1.45,1240
8-May-12,1.50,1.50,1.47,1.47,10596
7-May-12,1.50,1.51,1.46,1.50,14452
4-May-12,1.50,1.50,1.46,1.46,5639
3-May-12,1.60,1.60,1.50,1.50,1300
2-May-12,1.49,1.60,1.49,1.59,5551
1-May-12,1.46,1.53,1.46,1.50,7900
30-Apr-12,1.46,1.50,1.46,1.46,3342
27-Apr-12,1.48,1.53,1.39,1.42,13750
26-Apr-12,1.43,1.58,1.37,1.49,19523
25-Apr-12,1.46,1.57,1.46,1.54,10970
24-Apr-12,1.41,1.50,1.40,1.45,2200
23-Apr-12,1.42,1.44,1.40,1.44,3941
20-Apr-12,1.50,1.50,1.40,1.45,16757
19-Apr-12,1.52,1.60,1.41,1.41,6750
18-Apr-12,1.61,1.61,1.51,1.51,9100
17-Apr-12,1.49,1.90,1.49,1.60,30895
16-Apr-12,1.52,1.60,1.52,1.60,2111
13-Apr-12,1.51,1.58,1.51,1.58,600
12-Apr-12,1.46,1.60,1.46,1.60,6292
11-Apr-12,1.54,1.59,1.46,1.59,21517
10-Apr-12,1.53,1.54,1.52,1.54,636
9-Apr-12,1.47,1.62,1.47,1.62,7700
5-Apr-12,1.50,1.64,1.48,1.64,6103
4-Apr-12,1.63,1.63,1.55,1.55,1213
3-Apr-12,1.65,1.66,1.62,1.62,3016
2-Apr-12,1.55,1.63,1.55,1.60,1500
30-Mar-12,1.56,1.65,1.52,1.64,9165
29-Mar-12,1.65,1.77,1.55,1.59,15401
28-Mar-12,1.50,1.66,1.50,1.65,7316
27-Mar-12,1.60,1.61,1.50,1.50,8490
26-Mar-12,1.60,1.62,1.60,1.62,1388
23-Mar-12,1.61,1.62,1.60,1.60,8600
22-Mar-12,1.53,1.64,1.53,1.64,2755
21-Mar-12,1.60,1.60,1.55,1.55,16445
20-Mar-12,1.65,1.65,1.64,1.64,2219
19-Mar-12,1.66,1.66,1.60,1.65,10523
16-Mar-12,1.70,1.73,1.64,1.67,10110
15-Mar-12,1.76,1.76,1.62,1.62,1115
14-Mar-12,1.64,1.68,1.58,1.68,3006
13-Mar-12,1.58,1.80,1.54,1.68,5685
12-Mar-12,1.64,1.64,1.54,1.64,3061
9-Mar-12,1.77,1.77,1.55,1.65,3231
8-Mar-12,1.78,1.78,1.62,1.68,5991
7-Mar-12,1.60,1.78,1.60,1.62,1300
6-Mar-12,1.55,1.55,1.52,1.53,1700
5-Mar-12,1.64,1.80,1.59,1.61,3983
2-Mar-12,1.68,1.69,1.68,1.69,4200
1-Mar-12,1.74,1.74,1.74,1.74,100
29-Feb-12,1.76,1.78,1.75,1.75,2668
28-Feb-12,1.80,1.92,1.73,1.86,1400
27-Feb-12,1.80,1.91,1.72,1.73,3791
24-Feb-12,1.93,1.93,1.78,1.78,940
23-Feb-12,1.82,1.88,1.82,1.83,6621
22-Feb-12,1.91,1.91,1.82,1.82,966
21-Feb-12,1.87,1.92,1.80,1.84,4224
17-Feb-12,1.80,1.85,1.80,1.85,1400
16-Feb-12,1.85,1.96,1.85,1.88,7224
15-Feb-12,1.85,1.92,1.73,1.86,11586
14-Feb-12,1.73,1.88,1.73,1.84,4470
13-Feb-12,1.79,2.00,1.74,1.80,12267
10-Feb-12,1.73,1.85,1.73,1.85,949
9-Feb-12,1.92,1.93,1.63,1.92,10503
8-Feb-12,1.64,1.95,1.64,1.93,24455
7-Feb-12,1.58,1.76,1.55,1.64,11123
6-Feb-12,1.55,1.58,1.55,1.57,10300
3-Feb-12,1.37,1.58,1.37,1.58,13637
2-Feb-12,1.38,1.43,1.37,1.43,7100
1-Feb-12,1.43,1.47,1.37,1.37,37248
31-Jan-12,1.47,1.47,1.47,1.47,2793
30-Jan-12,1.44,1.55,1.44,1.55,800
27-Jan-12,1.52,1.53,1.46,1.50,6168
26-Jan-12,1.57,1.57,1.57,1.57,100
25-Jan-12,1.57,1.57,1.56,1.57,1000
24-Jan-12,1.42,1.55,1.41,1.48,12076
23-Jan-12,1.64,1.64,1.49,1.52,4580
20-Jan-12,1.60,1.67,1.60,1.64,9291
19-Jan-12,1.48,1.63,1.45,1.63,10550
18-Jan-12,1.54,1.69,1.33,1.37,16902
17-Jan-12,1.54,1.67,1.54,1.67,11500
13-Jan-12,1.50,1.50,1.50,1.50,0
12-Jan-12,1.50,1.55,1.43,1.55,2643
10-Jan-12,1.49,1.49,1.49,1.49,0
9-Jan-12,1.53,1.53,1.49,1.49,3300
6-Jan-12,1.49,1.56,1.49,1.49,2810
5-Jan-12,1.56,1.56,1.53,1.53,3933
4-Jan-12,1.39,1.39,1.39,1.39,0
3-Jan-12,1.46,1.46,1.36,1.37,9032
30-Dec-11,1.39,1.39,1.39,1.39,0
29-Dec-11,1.37,1.42,1.32,1.32,32502
28-Dec-11,1.33,1.42,1.33,1.42,1725
27-Dec-11,1.32,1.38,1.30,1.38,15066
23-Dec-11,1.37,1.37,1.37,1.37,0
22-Dec-11,1.31,1.37,1.27,1.27,8545
21-Dec-11,1.35,1.35,1.21,1.27,15804
20-Dec-11,1.30,1.45,1.21,1.40,2313
19-Dec-11,1.32,1.44,1.32,1.44,5455
16-Dec-11,1.34,1.34,1.27,1.27,2546
15-Dec-11,1.26,1.46,1.26,1.37,3304
14-Dec-11,1.28,1.28,1.17,1.28,14658
13-Dec-11,1.22,1.33,1.21,1.30,4784
12-Dec-11,1.18,1.28,1.17,1.20,15925
9-Dec-11,1.42,1.42,1.23,1.27,18760
8-Dec-11,1.27,1.36,1.26,1.36,21042
7-Dec-11,1.28,1.30,1.23,1.30,2938
6-Dec-11,1.22,1.22,1.22,1.22,0
5-Dec-11,1.31,1.32,1.25,1.31,15333
2-Dec-11,1.36,1.36,1.25,1.30,10895
1-Dec-11,1.36,1.36,1.34,1.36,4427
30-Nov-11,1.34,1.34,1.27,1.29,12751
29-Nov-11,1.29,1.34,1.25,1.34,9104
28-Nov-11,1.35,1.37,1.30,1.32,11683
25-Nov-11,1.32,1.48,1.32,1.48,8025
23-Nov-11,1.32,1.32,1.32,1.32,0
22-Nov-11,1.40,1.43,1.35,1.35,857
21-Nov-11,1.39,1.40,1.39,1.40,7750
18-Nov-11,1.44,1.45,1.40,1.45,6161
17-Nov-11,1.33,1.44,1.33,1.44,4700
16-Nov-11,1.38,1.40,1.38,1.40,484
15-Nov-11,1.37,1.40,1.33,1.35,20222
14-Nov-11,1.48,1.48,1.38,1.41,4089
11-Nov-11,1.50,1.50,1.41,1.41,957
10-Nov-11,1.39,1.39,1.39,1.39,0
9-Nov-11,1.48,1.48,1.39,1.46,27116
8-Nov-11,1.50,1.51,1.49,1.49,8397
7-Nov-11,1.51,1.58,1.37,1.46,43324
4-Nov-11,1.58,1.65,1.56,1.58,10844
3-Nov-11,1.60,1.60,1.60,1.60,340
2-Nov-11,1.60,1.60,1.60,1.60,0
1-Nov-11,1.55,1.62,1.51,1.60,16053
31-Oct-11,1.70,1.70,1.65,1.65,12521
28-Oct-11,1.72,1.79,1.67,1.70,7502
27-Oct-11,1.86,1.92,1.72,1.76,18883
26-Oct-11,1.81,1.85,1.81,1.85,1601
25-Oct-11,1.76,1.76,1.76,1.76,0
24-Oct-11,1.85,1.85,1.82,1.82,4514
21-Oct-11,1.92,1.92,1.90,1.90,1000
20-Oct-11,1.90,1.97,1.82,1.89,8159
19-Oct-11,1.87,1.87,1.87,1.87,200
18-Oct-11,1.79,1.95,1.77,1.92,17057
17-Oct-11,1.87,1.87,1.76,1.77,20289
14-Oct-11,1.88,1.90,1.85,1.89,3806
13-Oct-11,1.94,1.95,1.91,1.91,1400
12-Oct-11,1.97,1.97,1.88,1.88,14062
11-Oct-11,2.00,2.00,2.00,2.00,2900
10-Oct-11,2.00,2.02,1.95,1.95,10020
7-Oct-11,1.94,1.97,1.87,1.97,23408
6-Oct-11,1.90,1.99,1.90,1.99,200
5-Oct-11,1.92,1.94,1.87,1.87,424
4-Oct-11,1.85,1.85,1.85,1.85,0
3-Oct-11,1.97,1.97,1.87,1.88,4168
30-Sep-11,1.90,2.00,1.90,2.00,29632
29-Sep-11,2.01,2.01,1.91,1.92,26712
