Date,Open,High,Low,Close,Volume
26-Sep-12,6.42,6.46,6.40,6.46,755
25-Sep-12,6.62,6.62,6.59,6.59,3216
24-Sep-12,6.60,6.61,6.42,6.55,7332
21-Sep-12,6.75,6.79,6.74,6.74,500
20-Sep-12,6.63,6.67,6.60,6.67,1043
19-Sep-12,6.65,6.70,6.65,6.70,408
18-Sep-12,6.61,6.61,6.58,6.61,2000
17-Sep-12,6.54,6.54,6.54,6.54,170
14-Sep-12,6.99,6.99,6.52,6.52,4430
13-Sep-12,6.91,7.06,6.91,7.06,400
12-Sep-12,6.98,6.98,6.98,6.98,0
11-Sep-12,6.92,6.98,6.92,6.98,603
10-Sep-12,7.13,7.13,6.75,6.88,3867
7-Sep-12,7.52,7.66,7.10,7.12,16190
6-Sep-12,7.65,7.74,7.50,7.50,3190
5-Sep-12,7.57,7.67,7.50,7.50,3800
4-Sep-12,7.74,7.75,7.09,7.36,11086
31-Aug-12,7.50,7.74,7.45,7.70,8475
30-Aug-12,7.40,7.50,7.40,7.48,9426
29-Aug-12,7.48,7.48,7.27,7.40,4119
28-Aug-12,7.50,7.94,7.17,7.47,8036
27-Aug-12,6.50,7.79,6.30,7.50,33738
24-Aug-12,6.23,6.50,6.23,6.50,4400
23-Aug-12,6.36,6.36,6.10,6.25,6924
22-Aug-12,6.30,6.46,6.30,6.46,5300
21-Aug-12,6.00,6.40,6.00,6.30,29082
20-Aug-12,6.00,6.00,6.00,6.00,2000
17-Aug-12,5.97,6.03,5.97,6.03,3939
16-Aug-12,5.96,5.96,5.96,5.96,0
15-Aug-12,5.99,5.99,5.75,5.96,2300
14-Aug-12,5.91,6.03,5.76,5.81,5428
13-Aug-12,6.01,6.03,6.01,6.03,3000
10-Aug-12,5.79,6.03,5.76,6.01,3300
9-Aug-12,5.85,6.03,5.85,6.00,12379
8-Aug-12,5.91,6.00,5.91,6.00,1100
7-Aug-12,6.00,6.03,5.97,6.00,1100
6-Aug-12,6.05,6.05,5.76,6.04,9389
3-Aug-12,5.91,6.05,5.80,6.05,18344
2-Aug-12,6.05,6.07,5.76,5.88,19879
1-Aug-12,5.53,6.00,5.32,5.81,19547
31-Jul-12,5.51,5.90,5.26,5.88,42569
30-Jul-12,5.35,5.59,5.26,5.59,5537
27-Jul-12,5.26,5.32,5.20,5.26,1159
26-Jul-12,5.23,5.48,5.20,5.20,4550
25-Jul-12,5.15,5.24,4.60,5.24,2785
24-Jul-12,5.23,5.37,5.13,5.15,5001
23-Jul-12,5.30,5.30,5.28,5.28,860
20-Jul-12,5.20,5.20,5.20,5.20,0
19-Jul-12,5.40,5.60,5.12,5.21,6806
18-Jul-12,5.60,5.60,5.50,5.60,7337
17-Jul-12,5.51,5.60,5.50,5.60,4500
16-Jul-12,5.60,5.60,5.60,5.60,0
13-Jul-12,5.60,5.62,5.55,5.60,5900
12-Jul-12,5.50,5.55,5.50,5.55,5200
11-Jul-12,5.85,5.85,5.52,5.52,1157
10-Jul-12,5.46,5.48,5.45,5.45,484
9-Jul-12,5.79,5.79,5.79,5.79,0
6-Jul-12,5.65,5.85,5.52,5.85,1645
5-Jul-12,5.66,5.66,5.50,5.63,1985
3-Jul-12,5.80,5.80,5.80,5.80,2000
2-Jul-12,5.82,5.82,5.82,5.82,0
29-Jun-12,5.54,5.85,5.54,5.82,3855
28-Jun-12,5.42,5.42,5.42,5.42,300
27-Jun-12,5.48,5.48,5.48,5.48,0
26-Jun-12,5.48,5.48,5.48,5.48,100
25-Jun-12,5.50,5.52,5.50,5.50,5000
22-Jun-12,5.49,5.49,5.49,5.49,300
21-Jun-12,5.50,5.50,5.45,5.45,5200
20-Jun-12,5.55,5.55,5.55,5.55,0
19-Jun-12,5.55,5.55,5.55,5.55,100
18-Jun-12,5.50,5.50,5.50,5.50,100
15-Jun-12,5.48,5.50,5.48,5.50,21321
14-Jun-12,5.75,5.75,5.45,5.51,5034
13-Jun-12,5.75,5.80,5.54,5.54,1268
12-Jun-12,5.62,5.79,5.41,5.58,4460
11-Jun-12,5.53,5.79,5.40,5.48,5170
8-Jun-12,5.76,5.76,5.40,5.62,700
7-Jun-12,5.80,5.80,5.80,5.80,300
6-Jun-12,5.74,5.78,5.74,5.78,400
5-Jun-12,5.40,5.81,5.40,5.60,1912
4-Jun-12,5.04,5.40,5.00,5.40,1637
1-Jun-12,5.47,5.47,5.10,5.10,6313
31-May-12,5.56,5.56,5.42,5.42,478
30-May-12,5.42,5.90,5.42,5.47,5255
29-May-12,5.35,5.35,5.35,5.35,165
25-May-12,5.34,5.88,5.34,5.52,3133
24-May-12,5.71,5.73,5.30,5.30,1378
23-May-12,5.55,5.55,5.50,5.50,1700
22-May-12,5.60,5.79,5.55,5.55,2500
21-May-12,5.42,5.59,5.40,5.59,10067
18-May-12,5.74,5.74,5.30,5.62,5180
17-May-12,6.00,6.00,5.80,5.80,2300
16-May-12,6.15,6.16,5.76,5.90,11280
15-May-12,6.00,6.00,6.00,6.00,0
14-May-12,6.00,6.02,6.00,6.00,3207
11-May-12,6.05,6.15,5.98,6.00,4828
10-May-12,6.17,6.17,6.00,6.15,3012
9-May-12,6.24,6.24,6.00,6.01,5056
8-May-12,6.17,6.17,6.05,6.13,4095
7-May-12,6.08,6.41,5.72,6.04,8078
4-May-12,5.99,6.09,5.72,6.09,17606
3-May-12,5.70,6.00,5.70,5.95,14563
2-May-12,5.28,5.75,5.25,5.60,7188
1-May-12,4.74,6.25,4.74,5.25,52646
30-Apr-12,4.49,4.49,4.49,4.49,0
27-Apr-12,4.49,4.61,4.49,4.61,1217
26-Apr-12,4.50,4.50,4.50,4.50,100
25-Apr-12,4.50,4.50,4.50,4.50,374
24-Apr-12,4.49,4.50,4.49,4.50,5700
23-Apr-12,4.25,4.49,4.25,4.49,4225
20-Apr-12,4.20,4.25,4.20,4.25,7157
19-Apr-12,4.18,4.20,4.12,4.20,2726
18-Apr-12,4.19,4.20,4.10,4.17,4075
17-Apr-12,4.10,4.19,4.10,4.15,339
16-Apr-12,4.10,4.10,4.10,4.10,252
13-Apr-12,4.10,4.10,4.10,4.10,0
12-Apr-12,4.10,4.10,4.10,4.10,0
11-Apr-12,4.10,4.10,4.10,4.10,0
10-Apr-12,4.10,4.11,4.10,4.10,5208
9-Apr-12,4.10,4.14,4.10,4.10,700
5-Apr-12,4.10,4.17,4.10,4.12,2892
4-Apr-12,4.11,4.11,4.11,4.11,1977
3-Apr-12,4.13,4.13,4.13,4.13,300
2-Apr-12,4.11,4.11,4.11,4.11,100
30-Mar-12,4.10,4.11,4.10,4.10,6494
29-Mar-12,4.11,4.20,4.11,4.20,2700
28-Mar-12,4.10,4.11,4.10,4.11,555
27-Mar-12,4.18,4.20,4.18,4.20,1200
26-Mar-12,4.11,4.20,4.11,4.20,694
23-Mar-12,4.10,4.20,4.10,4.20,2300
22-Mar-12,4.20,4.20,4.10,4.10,641
21-Mar-12,4.20,4.20,4.20,4.20,7700
20-Mar-12,4.12,4.12,4.12,4.12,400
19-Mar-12,4.12,4.20,4.12,4.20,2222
16-Mar-12,4.10,4.19,4.10,4.19,1200
15-Mar-12,4.10,4.10,4.10,4.10,2297
14-Mar-12,4.10,4.10,4.10,4.10,500
13-Mar-12,4.11,4.18,4.00,4.18,7440
12-Mar-12,4.12,4.20,4.11,4.20,9100
9-Mar-12,4.14,4.14,4.14,4.14,500
8-Mar-12,4.10,4.20,4.10,4.20,8198
7-Mar-12,4.06,4.06,4.01,4.04,2509
6-Mar-12,4.01,4.05,4.01,4.05,2700
5-Mar-12,4.01,4.01,4.01,4.01,400
2-Mar-12,4.18,4.18,4.18,4.18,100
1-Mar-12,4.13,4.13,4.10,4.10,500
29-Feb-12,4.05,4.12,4.05,4.12,1200
28-Feb-12,4.01,4.01,4.01,4.01,800
27-Feb-12,4.01,4.07,4.01,4.02,4428
24-Feb-12,4.20,4.20,4.20,4.20,500
23-Feb-12,4.35,4.35,4.25,4.26,3690
22-Feb-12,4.34,4.35,4.01,4.34,2000
21-Feb-12,4.39,4.39,4.18,4.18,1006
17-Feb-12,4.06,4.40,4.05,4.40,4093
16-Feb-12,4.12,4.12,4.06,4.10,1550
15-Feb-12,4.19,4.19,4.19,4.19,0
14-Feb-12,4.15,4.30,4.10,4.18,8325
13-Feb-12,3.98,4.05,3.84,4.05,12834
10-Feb-12,3.96,3.96,3.71,3.71,3071
9-Feb-12,3.96,4.00,3.88,4.00,5060
8-Feb-12,3.88,3.95,3.88,3.95,610
7-Feb-12,3.66,3.94,3.66,3.88,2035
6-Feb-12,3.90,3.90,3.71,3.77,2974
3-Feb-12,3.68,4.00,3.63,3.90,9542
2-Feb-12,3.25,3.58,3.25,3.40,2760
1-Feb-12,2.99,3.17,2.93,2.94,27630
30-Jan-12,3.00,3.00,3.00,3.00,0
27-Jan-12,2.95,2.95,2.85,2.85,1188
26-Jan-12,2.90,2.90,2.90,2.90,1000
25-Jan-12,2.82,2.82,2.82,2.82,0
23-Jan-12,2.71,2.71,2.71,2.71,0
20-Jan-12,2.66,2.66,2.66,2.66,0
17-Jan-12,2.69,2.69,2.69,2.69,0
13-Jan-12,2.80,2.80,2.80,2.80,0
12-Jan-12,2.65,2.65,2.65,2.65,3774
11-Jan-12,2.58,2.58,2.58,2.58,0
10-Jan-12,2.56,2.61,2.56,2.61,950
9-Jan-12,2.58,2.58,2.58,2.58,100
6-Jan-12,2.58,2.61,2.58,2.61,300
5-Jan-12,2.62,2.62,2.62,2.62,0
4-Jan-12,2.49,2.64,2.49,2.63,1753
3-Jan-12,2.44,2.66,2.44,2.60,7185
30-Dec-11,2.45,2.45,2.45,2.45,0
29-Dec-11,2.47,2.60,2.40,2.42,5652
28-Dec-11,2.63,2.63,2.43,2.48,4200
27-Dec-11,2.43,2.43,2.43,2.43,0
23-Dec-11,2.54,2.54,2.54,2.54,0
22-Dec-11,2.35,2.39,2.35,2.37,1470
21-Dec-11,2.49,2.49,2.49,2.49,0
20-Dec-11,2.44,2.46,2.43,2.43,7161
19-Dec-11,2.48,2.48,2.45,2.45,1100
16-Dec-11,2.57,2.76,2.45,2.45,10409
15-Dec-11,2.51,2.51,2.51,2.51,120
14-Dec-11,2.75,2.75,2.75,2.75,0
12-Dec-11,2.55,2.55,2.55,2.55,0
9-Dec-11,2.62,2.62,2.62,2.62,0
8-Dec-11,2.86,2.87,2.86,2.87,400
7-Dec-11,2.92,2.92,2.89,2.89,600
2-Dec-11,2.67,2.67,2.67,2.67,0
1-Dec-11,2.57,2.57,2.57,2.57,100
30-Nov-11,3.00,3.00,2.98,2.98,700
28-Nov-11,3.09,3.09,3.09,3.09,0
25-Nov-11,3.09,3.09,3.09,3.09,200
23-Nov-11,3.10,3.10,3.10,3.10,0
22-Nov-11,2.95,2.98,2.95,2.98,420
21-Nov-11,2.95,2.95,2.80,2.80,1100
18-Nov-11,2.95,2.95,2.95,2.95,1000
17-Nov-11,2.95,2.95,2.95,2.95,200
16-Nov-11,3.03,3.03,3.03,3.03,0
14-Nov-11,2.95,2.95,2.95,2.95,0
11-Nov-11,3.10,3.10,3.00,3.00,1182
9-Nov-11,2.99,2.99,2.99,2.99,0
4-Nov-11,2.80,2.80,2.80,2.80,0
3-Nov-11,2.73,3.00,2.73,2.99,4850
2-Nov-11,2.60,2.66,2.64,2.64,2023
31-Oct-11,2.64,2.64,2.64,2.64,0
28-Oct-11,2.36,2.36,2.36,2.36,700
27-Oct-11,2.65,2.65,2.65,2.65,0
26-Oct-11,2.62,2.62,2.62,2.62,600
21-Oct-11,2.48,2.48,2.48,2.48,0
20-Oct-11,2.34,2.40,2.34,2.40,614
19-Oct-11,2.29,2.29,2.29,2.29,936
18-Oct-11,2.29,2.29,2.29,2.29,0
14-Oct-11,2.34,2.34,2.34,2.34,0
13-Oct-11,2.36,2.40,2.28,2.28,2799
7-Oct-11,2.35,2.35,2.35,2.35,0
6-Oct-11,2.40,2.40,2.40,2.40,500
5-Oct-11,2.36,2.36,2.27,2.27,2709
3-Oct-11,2.30,2.30,2.30,2.30,0
30-Sep-11,2.35,2.38,2.35,2.35,1200
