Date,Open,High,Low,Close,Volume
26-Sep-12,1.47,1.55,1.42,1.55,9614404
25-Sep-12,1.48,1.55,1.47,1.48,4817378
24-Sep-12,1.51,1.61,1.47,1.48,8644763
21-Sep-12,1.47,1.56,1.44,1.56,1799172
20-Sep-12,1.50,1.54,1.42,1.44,866236
19-Sep-12,1.38,1.58,1.37,1.56,1619016
18-Sep-12,1.46,1.51,1.36,1.39,1590011
17-Sep-12,1.65,1.65,1.54,1.54,485198
14-Sep-12,1.62,1.66,1.60,1.62,563718
13-Sep-12,1.63,1.64,1.60,1.61,615061
12-Sep-12,1.66,1.66,1.63,1.63,676395
11-Sep-12,1.72,1.72,1.60,1.64,1354581
10-Sep-12,1.68,1.74,1.68,1.69,528025
7-Sep-12,1.63,1.69,1.62,1.66,5926985
6-Sep-12,1.60,1.66,1.59,1.64,5531630
5-Sep-12,1.51,1.61,1.51,1.60,4602261
4-Sep-12,1.62,1.63,1.45,1.54,13364091
31-Aug-12,1.68,1.69,1.58,1.60,10143507
30-Aug-12,1.68,1.69,1.63,1.63,4851475
29-Aug-12,1.67,1.71,1.65,1.68,6393314
28-Aug-12,1.69,1.72,1.65,1.68,5997683
27-Aug-12,1.76,1.77,1.63,1.67,7769358
24-Aug-12,1.73,1.76,1.67,1.74,7107158
23-Aug-12,1.62,1.75,1.60,1.75,9289105
22-Aug-12,1.71,1.75,1.62,1.64,20241495
21-Aug-12,1.86,1.95,1.76,1.80,15955336
20-Aug-12,1.84,1.92,1.82,1.86,9843536
17-Aug-12,1.72,1.83,1.72,1.82,11067462
16-Aug-12,1.74,1.75,1.66,1.74,10337581
15-Aug-12,1.73,1.76,1.68,1.71,9034497
14-Aug-12,1.80,1.85,1.67,1.68,15786534
13-Aug-12,1.60,1.82,1.59,1.75,16183346
10-Aug-12,1.58,1.63,1.47,1.62,12528536
9-Aug-12,1.74,1.74,1.59,1.62,20240947
8-Aug-12,1.60,1.80,1.54,1.78,28991287
7-Aug-12,1.43,1.56,1.43,1.50,15104760
6-Aug-12,1.32,1.43,1.32,1.42,12016467
3-Aug-12,1.25,1.46,1.24,1.30,22269821
2-Aug-12,1.19,1.23,1.14,1.23,10516519
1-Aug-12,1.15,1.19,1.13,1.18,5708730
31-Jul-12,1.16,1.17,1.09,1.14,10890280
30-Jul-12,1.12,1.16,1.06,1.16,20375771
27-Jul-12,1.02,1.16,1.02,1.08,22848154
26-Jul-12,0.93,1.02,0.92,1.01,11485077
25-Jul-12,0.90,0.91,0.85,0.90,8324393
24-Jul-12,1.02,1.04,0.83,0.92,11616948
23-Jul-12,1.01,1.03,1.01,1.02,4735848
20-Jul-12,1.04,1.06,1.02,1.02,3235066
19-Jul-12,1.05,1.05,1.02,1.03,1983692
18-Jul-12,1.09,1.10,1.01,1.02,8556163
17-Jul-12,1.08,1.09,1.06,1.07,3878156
16-Jul-12,1.09,1.11,1.06,1.07,4224556
13-Jul-12,1.11,1.12,1.09,1.10,3307553
12-Jul-12,1.10,1.11,1.07,1.10,4035543
11-Jul-12,1.07,1.11,1.07,1.11,3343399
10-Jul-12,1.09,1.10,1.06,1.08,2818582
9-Jul-12,1.11,1.11,1.05,1.09,8115270
6-Jul-12,1.09,1.10,1.08,1.10,4287722
5-Jul-12,1.13,1.14,1.07,1.11,10427219
3-Jul-12,1.15,1.15,1.12,1.13,3010333
2-Jul-12,1.13,1.15,1.11,1.12,8334016
29-Jun-12,1.16,1.17,1.12,1.12,13556239
28-Jun-12,1.14,1.16,1.12,1.15,4907512
27-Jun-12,1.14,1.18,1.14,1.15,5893882
26-Jun-12,1.17,1.18,1.13,1.18,7189071
25-Jun-12,1.20,1.20,1.15,1.16,5094607
22-Jun-12,1.20,1.21,1.17,1.20,13139178
21-Jun-12,1.19,1.21,1.18,1.20,9002277
20-Jun-12,1.16,1.21,1.13,1.21,13181376
19-Jun-12,1.18,1.18,1.12,1.15,13471860
18-Jun-12,1.17,1.20,1.13,1.14,7848625
15-Jun-12,1.15,1.17,1.10,1.17,5158325
14-Jun-12,1.11,1.15,1.07,1.15,6993082
13-Jun-12,1.18,1.19,1.09,1.10,20102580
12-Jun-12,1.19,1.20,1.18,1.19,3538805
11-Jun-12,1.22,1.22,1.17,1.19,6443658
8-Jun-12,1.18,1.21,1.17,1.19,9485573
7-Jun-12,1.22,1.22,1.18,1.20,3785080
6-Jun-12,1.23,1.23,1.18,1.20,12152298
5-Jun-12,1.21,1.22,1.19,1.19,5021412
4-Jun-12,1.19,1.23,1.18,1.19,12144760
1-Jun-12,1.17,1.20,1.15,1.16,7586645
31-May-12,1.18,1.22,1.16,1.21,10806892
30-May-12,1.16,1.22,1.15,1.20,8469828
29-May-12,1.24,1.25,1.16,1.18,8265947
25-May-12,1.24,1.24,1.19,1.21,5731487
24-May-12,1.25,1.28,1.21,1.22,9411343
23-May-12,1.25,1.29,1.21,1.22,10006579
22-May-12,1.23,1.31,1.20,1.30,48047340
21-May-12,1.17,1.25,1.17,1.20,8684338
18-May-12,1.10,1.18,1.06,1.18,18634517
17-May-12,1.12,1.12,1.00,1.06,19315707
16-May-12,1.19,1.21,1.06,1.14,27501221
15-May-12,1.17,1.21,1.17,1.19,35446311
14-May-12,1.26,1.27,1.17,1.23,11641931
11-May-12,1.28,1.30,1.25,1.26,5576889
10-May-12,1.32,1.35,1.27,1.28,6552625
9-May-12,1.29,1.38,1.27,1.31,20364799
8-May-12,1.32,1.32,1.25,1.31,13258864
7-May-12,1.46,1.48,1.29,1.31,21247765
4-May-12,1.54,1.56,1.50,1.52,5752998
3-May-12,1.55,1.56,1.50,1.55,8560523
2-May-12,1.49,1.57,1.49,1.53,13276733
1-May-12,1.48,1.51,1.45,1.49,17417768
30-Apr-12,1.41,1.55,1.41,1.46,24171928
27-Apr-12,1.45,1.55,1.41,1.42,18952934
26-Apr-12,1.32,1.49,1.30,1.47,20791178
25-Apr-12,1.47,1.50,1.27,1.35,28635956
24-Apr-12,1.53,1.59,1.38,1.40,29877660
23-Apr-12,1.62,1.63,1.53,1.55,14354482
20-Apr-12,1.64,1.69,1.62,1.67,8990518
19-Apr-12,1.72,1.75,1.60,1.66,24188172
18-Apr-12,1.92,1.92,1.52,1.76,53818314
17-Apr-12,1.94,1.98,1.87,1.89,14793840
16-Apr-12,2.17,2.17,1.89,1.92,23473043
13-Apr-12,2.21,2.22,2.11,2.12,3445419
12-Apr-12,2.12,2.20,2.10,2.20,7709880
11-Apr-12,2.05,2.13,2.03,2.12,8165268
10-Apr-12,2.13,2.14,2.00,2.05,11212975
9-Apr-12,2.13,2.15,2.08,2.13,8696408
5-Apr-12,2.23,2.25,2.12,2.15,9482697
4-Apr-12,2.23,2.23,2.18,2.20,3841539
3-Apr-12,2.23,2.25,2.20,2.24,3720283
2-Apr-12,2.24,2.32,2.20,2.24,7293604
30-Mar-12,2.26,2.28,2.14,2.28,14521248
29-Mar-12,2.31,2.31,2.16,2.22,16700936
28-Mar-12,2.35,2.36,2.27,2.30,11703599
27-Mar-12,2.35,2.36,2.28,2.34,10591465
26-Mar-12,2.39,2.40,2.31,2.33,15191818
23-Mar-12,2.30,2.42,2.30,2.40,10783295
22-Mar-12,2.40,2.46,2.31,2.33,12995527
21-Mar-12,2.39,2.48,2.35,2.46,17336836
20-Mar-12,2.28,2.43,2.22,2.38,19186776
19-Mar-12,2.25,2.34,2.20,2.34,23260217
16-Mar-12,2.20,2.27,2.15,2.27,27465621
15-Mar-12,2.14,2.17,2.10,2.15,18262813
14-Mar-12,2.21,2.24,2.17,2.18,11385142
13-Mar-12,2.10,2.16,2.09,2.14,9724427
12-Mar-12,2.11,2.13,2.06,2.07,9762196
9-Mar-12,2.20,2.25,2.10,2.11,17735156
8-Mar-12,2.20,2.22,2.15,2.20,8715549
7-Mar-12,2.15,2.21,2.12,2.18,12287704
6-Mar-12,2.15,2.16,2.07,2.08,11646517
5-Mar-12,2.25,2.27,2.16,2.16,10530189
2-Mar-12,2.25,2.28,2.23,2.24,7450116
1-Mar-12,2.31,2.32,2.17,2.29,32051624
29-Feb-12,2.36,2.42,2.23,2.30,19740359
28-Feb-12,2.24,2.39,2.19,2.36,19922599
27-Feb-12,2.09,2.26,2.05,2.26,23771729
24-Feb-12,2.17,2.19,2.08,2.11,23488147
23-Feb-12,2.17,2.33,2.11,2.26,20512658
22-Feb-12,2.17,2.19,2.07,2.12,12383132
21-Feb-12,2.20,2.22,2.13,2.16,9572622
17-Feb-12,2.18,2.25,2.15,2.21,7371290
16-Feb-12,2.13,2.25,2.01,2.25,22017995
15-Feb-12,2.43,2.48,2.26,2.36,23374832
14-Feb-12,2.25,2.39,2.25,2.29,20350422
13-Feb-12,2.12,2.33,2.05,2.27,21908295
10-Feb-12,1.95,2.11,1.94,2.08,15401312
9-Feb-12,1.98,2.01,1.92,1.99,8745526
8-Feb-12,1.94,1.96,1.85,1.95,9199078
7-Feb-12,1.84,1.91,1.83,1.90,13007282
6-Feb-12,1.82,1.86,1.80,1.81,4241823
3-Feb-12,1.83,1.86,1.80,1.81,6432030
2-Feb-12,1.80,1.82,1.77,1.82,7868065
1-Feb-12,1.72,1.79,1.70,1.78,4895763
31-Jan-12,1.81,1.81,1.69,1.69,10180966
30-Jan-12,1.81,1.82,1.76,1.78,3986170
27-Jan-12,1.77,1.82,1.77,1.80,3853193
26-Jan-12,1.84,1.85,1.78,1.78,6630107
25-Jan-12,1.82,1.85,1.76,1.82,6636134
24-Jan-12,1.82,1.86,1.75,1.80,17476029
23-Jan-12,1.85,1.86,1.70,1.76,12727104
20-Jan-12,1.85,1.89,1.83,1.85,5762134
19-Jan-12,1.89,1.89,1.84,1.85,3529003
18-Jan-12,1.85,1.90,1.82,1.86,8045693
17-Jan-12,1.93,1.94,1.84,1.84,8280022
13-Jan-12,1.87,1.87,1.87,1.87,0
12-Jan-12,1.86,1.94,1.83,1.93,6278783
11-Jan-12,1.80,1.88,1.80,1.86,4762770
10-Jan-12,1.91,1.91,1.79,1.79,8284732
9-Jan-12,1.90,1.90,1.85,1.85,2301794
6-Jan-12,1.80,1.94,1.79,1.90,6736044
5-Jan-12,1.93,1.93,1.79,1.79,12697723
4-Jan-12,1.93,1.96,1.90,1.92,4578636
3-Jan-12,1.97,2.05,1.95,2.00,5935088
30-Dec-11,1.94,1.94,1.94,1.94,0
29-Dec-11,1.92,1.95,1.87,1.92,6987474
28-Dec-11,2.00,2.02,1.91,1.92,5998503
27-Dec-11,2.01,2.04,1.97,2.02,6326353
23-Dec-11,1.96,1.96,1.96,1.96,0
22-Dec-11,2.08,2.08,2.00,2.02,7227446
21-Dec-11,1.93,2.10,1.93,2.03,15266498
20-Dec-11,2.10,2.14,1.84,1.88,21442691
19-Dec-11,2.06,2.11,2.00,2.03,11463442
16-Dec-11,2.04,2.12,2.03,2.09,15278974
15-Dec-11,2.11,2.15,2.02,2.04,8012070
14-Dec-11,2.15,2.25,2.03,2.08,14033561
13-Dec-11,2.22,2.25,2.14,2.15,19222628
12-Dec-11,2.12,2.16,2.09,2.13,7776225
9-Dec-11,2.20,2.27,1.97,2.14,48177181
8-Dec-11,2.09,2.20,2.05,2.19,122877400
7-Dec-11,2.56,2.64,2.25,2.28,31683044
6-Dec-11,2.14,2.52,2.09,2.50,27708293
5-Dec-11,2.14,2.47,2.04,2.25,19809726
2-Dec-11,2.15,2.19,1.95,2.14,25625049
1-Dec-11,2.25,2.43,2.00,2.03,35628346
30-Nov-11,1.60,1.87,1.48,1.78,17557594
29-Nov-11,1.59,1.60,1.48,1.58,7181702
28-Nov-11,1.57,1.63,1.56,1.59,4179117
25-Nov-11,1.54,1.57,1.50,1.54,1665161
23-Nov-11,1.54,1.54,1.54,1.54,0
22-Nov-11,1.60,1.62,1.51,1.52,5721289
21-Nov-11,1.54,1.69,1.47,1.59,8057923
18-Nov-11,1.90,1.90,1.28,1.47,19299187
17-Nov-11,1.80,1.89,1.76,1.86,4706315
16-Nov-11,1.80,1.83,1.75,1.80,3832775
15-Nov-11,1.85,1.85,1.80,1.80,2457376
14-Nov-11,1.92,1.93,1.81,1.84,3466290
11-Nov-11,1.94,1.94,1.89,1.93,2266523
10-Nov-11,1.94,1.94,1.84,1.94,3730513
9-Nov-11,1.86,1.95,1.84,1.90,4463588
8-Nov-11,1.97,1.99,1.86,1.90,5192674
7-Nov-11,1.92,1.97,1.90,1.95,6252933
4-Nov-11,1.80,2.25,1.80,1.89,27514162
3-Nov-11,1.94,1.95,1.74,1.75,11053846
2-Nov-11,1.93,2.05,1.91,2.04,5283799
1-Nov-11,1.89,1.92,1.85,1.85,4136378
31-Oct-11,1.96,2.00,1.92,1.92,3523803
28-Oct-11,2.14,2.14,1.93,2.00,7202399
27-Oct-11,2.05,2.08,1.80,1.91,8872043
26-Oct-11,2.04,2.11,1.91,1.96,22756607
25-Oct-11,1.63,1.73,1.58,1.64,4361050
24-Oct-11,1.60,1.64,1.52,1.64,7903443
21-Oct-11,1.55,1.58,1.47,1.55,5852690
20-Oct-11,1.46,1.63,1.40,1.57,15905637
19-Oct-11,1.41,1.46,1.38,1.39,6486366
18-Oct-11,1.42,1.44,1.38,1.41,3990972
17-Oct-11,1.53,1.53,1.38,1.42,7370769
14-Oct-11,1.80,1.84,1.45,1.59,15093314
13-Oct-11,1.45,1.74,1.41,1.65,23703641
12-Oct-11,1.28,1.41,1.28,1.30,10984474
11-Oct-11,1.29,1.35,1.25,1.28,4776044
10-Oct-11,1.53,1.55,1.24,1.27,14242606
7-Oct-11,2.17,2.20,1.32,1.39,43651714
6-Oct-11,2.10,2.15,2.00,2.05,4229113
5-Oct-11,2.25,2.25,2.10,2.10,2939987
4-Oct-11,2.41,2.45,2.11,2.15,3917387
3-Oct-11,2.35,2.53,2.25,2.42,4584281
30-Sep-11,2.56,2.56,2.33,2.33,4225642
29-Sep-11,2.58,2.60,2.48,2.57,3558743
