Date,Open,High,Low,Close,Volume
26-Sep-12,4.40,4.49,4.39,4.47,89700
25-Sep-12,4.57,4.65,4.34,4.39,230966
24-Sep-12,4.63,4.63,4.42,4.55,295779
21-Sep-12,4.58,4.70,4.55,4.65,128671
20-Sep-12,4.46,4.54,4.45,4.49,66748
19-Sep-12,4.46,4.55,4.43,4.50,22196
18-Sep-12,4.50,4.52,4.30,4.48,64104
17-Sep-12,4.53,4.56,4.38,4.55,23287
14-Sep-12,4.56,4.65,4.55,4.55,64345
13-Sep-12,4.33,4.61,4.33,4.53,35965
12-Sep-12,4.33,4.39,4.32,4.34,20933
11-Sep-12,4.58,4.60,4.33,4.34,70161
10-Sep-12,4.46,4.64,4.44,4.57,56128
7-Sep-12,4.20,4.44,4.19,4.41,236857
6-Sep-12,4.18,4.20,4.15,4.19,147996
5-Sep-12,4.18,4.20,4.14,4.17,178108
4-Sep-12,4.14,4.19,4.07,4.15,141843
31-Aug-12,4.15,4.16,4.09,4.12,69256
30-Aug-12,4.10,4.15,4.06,4.10,31339
29-Aug-12,4.07,4.15,4.07,4.11,126100
28-Aug-12,4.03,4.06,3.99,4.05,48350
27-Aug-12,4.11,4.14,4.02,4.04,63126
24-Aug-12,4.05,4.12,3.98,4.10,49302
23-Aug-12,4.10,4.10,3.99,4.05,42002
22-Aug-12,4.05,4.11,4.02,4.10,53212
21-Aug-12,4.03,4.24,3.58,4.07,373067
20-Aug-12,4.10,4.10,3.97,4.02,343362
17-Aug-12,3.80,4.13,3.46,4.10,796791
16-Aug-12,4.11,4.21,4.11,4.20,502289
15-Aug-12,4.03,4.14,3.96,4.13,91968
14-Aug-12,4.07,4.09,4.02,4.04,353537
13-Aug-12,4.08,4.09,4.00,4.06,124279
10-Aug-12,4.14,4.14,4.09,4.10,97706
9-Aug-12,4.12,4.20,4.11,4.14,191091
8-Aug-12,4.07,4.14,4.01,4.13,167492
7-Aug-12,4.15,4.18,4.06,4.10,189223
6-Aug-12,3.99,4.15,3.98,4.13,180420
3-Aug-12,3.76,4.02,3.76,3.97,223771
2-Aug-12,3.75,3.81,3.65,3.75,90825
1-Aug-12,3.81,3.83,3.70,3.75,118825
31-Jul-12,3.76,3.83,3.75,3.80,114548
30-Jul-12,3.80,3.82,3.76,3.78,201951
27-Jul-12,3.74,3.86,3.65,3.78,283148
26-Jul-12,3.78,3.78,3.68,3.70,49807
25-Jul-12,3.84,3.85,3.59,3.72,207897
24-Jul-12,3.87,3.90,3.75,3.82,145044
23-Jul-12,3.89,3.94,3.85,3.86,293495
20-Jul-12,4.00,4.02,3.93,3.96,98666
19-Jul-12,4.00,4.06,3.89,4.04,176872
18-Jul-12,4.00,4.08,3.98,4.01,148227
17-Jul-12,3.98,4.03,3.94,4.00,132139
16-Jul-12,3.98,4.05,3.92,3.97,142945
13-Jul-12,3.87,4.03,3.86,3.97,403049
12-Jul-12,3.59,3.87,3.57,3.85,346242
11-Jul-12,3.54,3.67,3.46,3.62,285407
10-Jul-12,3.53,3.59,3.44,3.55,169783
9-Jul-12,3.47,3.52,3.43,3.50,71838
6-Jul-12,3.51,3.55,3.48,3.49,197253
5-Jul-12,3.41,3.57,3.41,3.54,790668
3-Jul-12,3.51,3.53,3.39,3.43,168969
2-Jul-12,3.63,3.69,3.48,3.50,279427
29-Jun-12,3.49,3.66,3.36,3.63,309006
28-Jun-12,3.35,3.49,3.28,3.43,344108
27-Jun-12,3.16,3.39,3.15,3.37,201638
26-Jun-12,3.11,3.18,3.02,3.17,138527
25-Jun-12,3.08,3.11,3.03,3.10,79715
22-Jun-12,3.01,3.12,3.00,3.11,237763
21-Jun-12,3.01,3.06,2.99,3.01,142914
20-Jun-12,3.11,3.12,2.98,3.01,105247
19-Jun-12,3.05,3.15,3.03,3.12,131088
18-Jun-12,3.03,3.05,2.97,3.03,140381
15-Jun-12,3.11,3.11,2.98,3.06,411024
14-Jun-12,3.02,3.14,2.98,3.12,91298
13-Jun-12,3.05,3.06,2.96,3.02,97909
12-Jun-12,3.08,3.10,3.02,3.06,87961
11-Jun-12,3.14,3.15,3.06,3.08,173125
8-Jun-12,3.04,3.13,3.04,3.12,88236
7-Jun-12,3.15,3.15,3.03,3.05,113322
6-Jun-12,3.05,3.12,3.03,3.12,185843
5-Jun-12,3.03,3.09,3.01,3.02,118482
4-Jun-12,3.03,3.07,2.99,3.06,204765
1-Jun-12,2.98,3.08,2.98,3.00,143414
31-May-12,3.07,3.08,2.98,3.05,252365
30-May-12,3.11,3.11,3.07,3.08,67605
29-May-12,3.15,3.15,3.06,3.14,113112
25-May-12,3.06,3.13,3.02,3.12,136868
24-May-12,2.92,3.05,2.88,3.04,157041
23-May-12,2.85,2.93,2.84,2.90,210133
22-May-12,2.83,2.88,2.83,2.87,178752
21-May-12,2.83,2.88,2.80,2.84,135467
18-May-12,2.77,2.85,2.76,2.83,362429
17-May-12,2.95,2.96,2.88,2.91,200113
16-May-12,2.92,2.95,2.87,2.94,142737
15-May-12,2.94,3.00,2.76,2.92,144906
14-May-12,2.93,2.98,2.92,2.95,194812
11-May-12,2.90,2.98,2.90,2.97,124189
10-May-12,2.95,2.99,2.88,2.94,192324
9-May-12,2.95,2.98,2.89,2.92,194663
8-May-12,2.89,3.02,2.89,2.99,159611
7-May-12,3.03,3.03,2.93,2.97,247848
4-May-12,3.04,3.05,3.02,3.02,108274
3-May-12,3.12,3.19,3.03,3.07,162630
2-May-12,3.10,3.23,3.06,3.14,294628
1-May-12,3.15,3.17,3.10,3.14,342364
30-Apr-12,3.18,3.18,3.10,3.14,238870
27-Apr-12,3.15,3.17,3.07,3.17,341386
26-Apr-12,3.14,3.19,3.10,3.15,156394
25-Apr-12,3.14,3.15,3.08,3.15,180208
24-Apr-12,3.01,3.12,2.97,3.12,126777
23-Apr-12,3.01,3.05,2.90,3.02,472145
20-Apr-12,3.15,3.15,3.01,3.04,447309
19-Apr-12,3.12,3.17,3.07,3.10,137396
18-Apr-12,3.06,3.16,3.06,3.12,123163
17-Apr-12,3.15,3.17,3.09,3.10,180755
16-Apr-12,3.10,3.26,3.09,3.15,198453
13-Apr-12,3.17,3.19,3.08,3.09,126230
12-Apr-12,3.10,3.21,3.04,3.19,236622
11-Apr-12,3.13,3.19,3.09,3.10,163752
10-Apr-12,3.22,3.25,3.06,3.08,269349
9-Apr-12,3.06,3.24,3.03,3.21,325847
5-Apr-12,3.15,3.22,3.10,3.12,135026
4-Apr-12,3.29,3.29,3.13,3.17,322148
3-Apr-12,3.34,3.40,3.30,3.31,149997
2-Apr-12,3.36,3.40,3.30,3.34,281347
30-Mar-12,3.43,3.43,3.36,3.36,259159
29-Mar-12,3.35,3.43,3.35,3.39,114106
28-Mar-12,3.39,3.42,3.33,3.37,301428
27-Mar-12,3.42,3.45,3.39,3.40,378141
26-Mar-12,3.52,3.58,3.40,3.42,1478762
23-Mar-12,3.43,3.48,3.39,3.48,191689
22-Mar-12,3.36,3.43,3.36,3.42,206711
21-Mar-12,3.47,3.47,3.38,3.41,984611
20-Mar-12,3.28,3.47,3.27,3.45,303084
19-Mar-12,3.36,3.38,3.27,3.31,225611
16-Mar-12,3.43,3.44,3.32,3.34,346135
15-Mar-12,3.50,3.50,3.31,3.41,628097
14-Mar-12,3.55,3.55,3.44,3.49,172192
13-Mar-12,3.65,3.69,3.51,3.56,375614
12-Mar-12,3.54,3.60,3.51,3.58,147321
9-Mar-12,3.38,3.63,3.38,3.50,174852
8-Mar-12,3.37,3.41,3.29,3.38,360082
7-Mar-12,3.18,3.35,3.15,3.32,372932
6-Mar-12,3.08,3.17,3.04,3.13,223336
5-Mar-12,3.06,3.16,3.05,3.12,222580
2-Mar-12,3.17,3.20,3.08,3.08,456550
1-Mar-12,3.19,3.25,3.15,3.15,313018
29-Feb-12,3.26,3.32,3.13,3.15,242735
28-Feb-12,3.25,3.31,3.19,3.23,329167
27-Feb-12,3.19,3.23,3.16,3.21,78052
24-Feb-12,3.25,3.30,3.20,3.20,131077
23-Feb-12,3.15,3.23,3.12,3.20,144529
22-Feb-12,3.16,3.17,3.11,3.13,109124
21-Feb-12,3.29,3.30,3.15,3.15,76677
17-Feb-12,3.36,3.39,3.28,3.29,118606
16-Feb-12,3.16,3.35,3.16,3.33,61253
15-Feb-12,3.22,3.30,3.13,3.16,99368
14-Feb-12,3.25,3.25,3.01,3.20,173414
13-Feb-12,3.12,3.29,3.10,3.28,176338
10-Feb-12,3.10,3.12,3.05,3.08,119943
9-Feb-12,3.25,3.25,3.11,3.12,185379
8-Feb-12,3.37,3.37,3.19,3.19,104678
7-Feb-12,3.38,3.46,3.32,3.35,130450
6-Feb-12,3.43,3.43,3.43,3.43,0
3-Feb-12,3.01,3.35,2.98,3.34,305758
2-Feb-12,3.08,3.08,2.83,2.97,1405323
1-Feb-12,3.18,3.25,3.16,3.24,279040
31-Jan-12,3.28,3.28,3.15,3.16,126966
30-Jan-12,3.33,3.39,3.24,3.26,87207
27-Jan-12,3.20,3.42,3.17,3.35,196700
26-Jan-12,3.36,3.36,3.19,3.22,151548
25-Jan-12,3.38,3.41,3.32,3.36,195529
24-Jan-12,3.38,3.42,3.37,3.38,337061
23-Jan-12,3.40,3.41,3.31,3.40,147809
20-Jan-12,3.31,3.41,3.29,3.40,138474
19-Jan-12,3.29,3.33,3.23,3.33,41069
18-Jan-12,3.22,3.28,3.16,3.28,71993
17-Jan-12,3.26,3.26,3.26,3.26,0
13-Jan-12,3.37,3.37,3.37,3.37,0
12-Jan-12,3.26,3.29,3.22,3.29,48948
11-Jan-12,3.29,3.29,3.21,3.27,74607
10-Jan-12,3.17,3.35,3.17,3.31,136979
9-Jan-12,3.14,3.16,3.08,3.12,122921
6-Jan-12,3.22,3.22,3.13,3.15,31946
5-Jan-12,3.19,3.23,3.13,3.23,47501
4-Jan-12,3.36,3.39,3.20,3.21,52008
3-Jan-12,3.49,3.49,3.36,3.39,97315
30-Dec-11,3.42,3.42,3.42,3.42,0
29-Dec-11,3.26,3.42,3.22,3.40,60107
28-Dec-11,3.32,3.35,3.20,3.23,80585
27-Dec-11,3.31,3.35,3.20,3.33,81035
23-Dec-11,3.32,3.32,3.32,3.32,0
22-Dec-11,3.44,3.44,3.25,3.38,59036
21-Dec-11,3.39,3.39,3.39,3.39,0
20-Dec-11,3.04,3.29,3.04,3.29,243687
19-Dec-11,3.21,3.21,3.06,3.06,127570
16-Dec-11,3.27,3.37,3.12,3.18,247378
15-Dec-11,3.38,3.38,3.20,3.24,116359
14-Dec-11,3.21,3.34,3.15,3.34,114569
13-Dec-11,3.40,3.43,3.21,3.24,78770
12-Dec-11,3.36,3.39,3.27,3.38,100270
9-Dec-11,3.34,3.45,3.30,3.40,253330
8-Dec-11,3.35,3.35,3.35,3.35,0
7-Dec-11,3.47,3.50,3.39,3.46,82410
6-Dec-11,3.50,3.50,3.39,3.47,89901
5-Dec-11,3.49,3.49,3.40,3.49,150048
2-Dec-11,3.33,3.44,3.24,3.42,128021
1-Dec-11,3.21,3.37,3.17,3.28,168300
30-Nov-11,3.19,3.23,3.12,3.23,414625
29-Nov-11,3.19,3.20,3.04,3.06,127002
28-Nov-11,3.22,3.23,3.10,3.19,183602
25-Nov-11,3.04,3.23,3.04,3.11,136637
23-Nov-11,3.05,3.05,3.05,3.05,0
22-Nov-11,3.05,3.19,3.04,3.16,278270
21-Nov-11,3.14,3.20,2.98,3.03,302339
18-Nov-11,3.25,3.33,3.12,3.19,424032
17-Nov-11,3.50,3.54,3.25,3.26,560419
16-Nov-11,3.90,3.95,3.75,3.75,206116
15-Nov-11,3.93,3.93,3.93,3.93,0
14-Nov-11,4.01,4.05,3.91,3.99,136071
11-Nov-11,4.07,4.15,4.02,4.10,78988
10-Nov-11,4.05,4.05,3.93,4.02,118957
9-Nov-11,4.02,4.02,4.02,4.02,0
8-Nov-11,4.08,4.18,4.00,4.16,133046
7-Nov-11,4.06,4.14,3.97,4.07,88933
4-Nov-11,4.15,4.15,4.00,4.08,152455
3-Nov-11,4.09,4.21,3.97,4.20,184012
2-Nov-11,4.08,4.09,3.97,4.05,311382
1-Nov-11,3.99,4.12,3.97,4.00,322484
31-Oct-11,4.03,4.19,3.94,4.15,249338
28-Oct-11,4.18,4.23,4.00,4.09,144548
27-Oct-11,4.17,4.22,3.95,4.20,308143
26-Oct-11,4.01,4.10,3.89,4.05,178734
25-Oct-11,4.10,4.10,3.93,3.93,178749
24-Oct-11,3.97,4.13,3.91,4.13,149195
21-Oct-11,3.99,4.00,3.86,3.95,138042
20-Oct-11,3.77,3.94,3.75,3.91,103259
19-Oct-11,3.97,3.99,3.76,3.77,151862
18-Oct-11,3.84,3.96,3.75,3.93,149597
17-Oct-11,4.03,4.03,3.79,3.81,200328
14-Oct-11,4.07,4.10,3.99,4.08,154803
13-Oct-11,4.00,4.05,3.93,4.04,100924
12-Oct-11,4.04,4.10,3.96,4.04,215892
11-Oct-11,4.01,4.01,4.01,4.01,0
10-Oct-11,3.82,4.08,3.75,4.08,166562
7-Oct-11,4.00,4.02,3.75,3.77,187782
6-Oct-11,3.75,3.99,3.75,3.98,106883
5-Oct-11,4.03,4.03,3.83,3.94,93160
4-Oct-11,3.55,4.03,3.55,4.02,351300
3-Oct-11,3.57,3.57,3.57,3.57,0
30-Sep-11,3.89,4.00,3.76,3.76,138138
29-Sep-11,3.89,4.05,3.79,3.96,92840
