Date,Open,High,Low,Close,Volume
26-Sep-12,11.92,11.93,11.68,11.88,16499
25-Sep-12,12.00,12.00,11.78,11.86,27551
24-Sep-12,11.79,11.99,11.77,11.99,24347
21-Sep-12,11.98,11.99,11.73,11.73,34465
20-Sep-12,11.89,11.85,11.75,11.82,2872
19-Sep-12,11.96,11.99,11.90,11.98,3761
18-Sep-12,11.89,11.99,11.89,11.94,4851
17-Sep-12,11.92,11.95,11.83,11.94,5789
14-Sep-12,11.95,11.95,11.71,11.94,9837
13-Sep-12,11.81,11.90,11.81,11.90,14145
12-Sep-12,11.80,11.90,11.63,11.85,7731
11-Sep-12,11.73,11.85,11.73,11.77,5669
10-Sep-12,11.87,11.90,11.68,11.71,10463
7-Sep-12,11.86,11.90,11.66,11.90,22953
6-Sep-12,11.43,11.90,11.39,11.86,63419
5-Sep-12,11.52,11.52,11.39,11.45,35705
4-Sep-12,11.46,11.49,11.26,11.45,41445
31-Aug-12,11.37,11.44,11.32,11.44,9780
30-Aug-12,11.39,11.41,11.28,11.30,7461
29-Aug-12,11.44,11.50,11.27,11.49,32008
28-Aug-12,11.36,11.47,11.34,11.46,22837
27-Aug-12,11.49,11.49,11.27,11.47,6451
24-Aug-12,11.37,11.48,11.37,11.46,20464
23-Aug-12,11.35,11.35,11.25,11.32,5985
22-Aug-12,11.39,11.44,11.33,11.33,3981
21-Aug-12,11.45,11.52,11.32,11.44,13413
20-Aug-12,11.52,11.52,11.29,11.48,3967
17-Aug-12,11.42,11.49,11.26,11.49,31205
16-Aug-12,11.28,11.52,11.28,11.52,6963
15-Aug-12,11.19,11.47,11.19,11.44,5826
14-Aug-12,11.36,11.47,11.22,11.40,9608
13-Aug-12,11.45,11.49,11.11,11.33,19515
10-Aug-12,11.32,11.35,11.27,11.34,3265
9-Aug-12,11.40,11.51,11.15,11.31,34635
8-Aug-12,11.26,11.52,11.25,11.43,39938
7-Aug-12,11.51,11.51,11.07,11.27,14715
6-Aug-12,11.47,11.57,11.39,11.51,10949
3-Aug-12,11.20,11.47,11.03,11.44,10338
2-Aug-12,10.87,11.11,10.87,11.07,14328
1-Aug-12,11.15,11.33,10.95,10.95,28694
31-Jul-12,11.07,11.28,10.93,11.05,24145
30-Jul-12,11.35,11.39,11.13,11.13,5102
27-Jul-12,10.89,11.33,10.81,11.32,12092
26-Jul-12,10.94,10.94,10.80,10.82,16575
25-Jul-12,10.90,10.98,10.74,10.83,8464
24-Jul-12,11.01,11.19,10.77,10.83,12651
23-Jul-12,11.11,11.11,10.88,10.95,22616
20-Jul-12,11.02,11.38,10.99,11.27,58587
19-Jul-12,11.47,11.50,10.93,11.06,24901
18-Jul-12,11.50,11.55,11.42,11.51,7724
17-Jul-12,11.50,11.55,11.37,11.54,9953
16-Jul-12,11.43,11.55,11.30,11.42,4069
13-Jul-12,11.50,11.50,11.42,11.50,16486
12-Jul-12,11.26,11.44,11.22,11.37,14397
11-Jul-12,11.46,11.46,11.21,11.28,50334
10-Jul-12,11.50,11.50,11.31,11.47,11929
9-Jul-12,11.24,11.48,11.20,11.44,9980
6-Jul-12,11.25,11.40,11.23,11.31,5945
5-Jul-12,11.45,11.45,11.29,11.38,6540
3-Jul-12,11.40,11.43,11.18,11.43,10675
2-Jul-12,11.26,11.44,11.10,11.38,34592
29-Jun-12,11.24,11.34,11.02,11.25,34247
28-Jun-12,11.14,11.29,10.89,11.03,20792
27-Jun-12,11.13,11.36,11.00,11.23,24560
26-Jun-12,11.14,11.22,10.93,10.99,12277
25-Jun-12,10.94,11.15,10.76,11.08,41448
22-Jun-12,10.96,11.25,10.52,11.10,172750
21-Jun-12,10.58,10.90,10.50,10.50,19499
20-Jun-12,10.70,10.70,10.48,10.59,20659
19-Jun-12,10.66,11.21,10.43,10.70,62076
18-Jun-12,10.77,10.99,10.55,10.66,28644
15-Jun-12,10.51,10.88,10.51,10.86,55161
14-Jun-12,10.36,10.60,10.36,10.60,10194
13-Jun-12,10.48,10.58,10.29,10.38,11696
12-Jun-12,10.26,10.46,10.26,10.46,6760
11-Jun-12,10.61,10.61,10.13,10.22,23731
8-Jun-12,10.32,10.53,10.30,10.53,11551
7-Jun-12,10.48,10.57,10.24,10.34,16643
6-Jun-12,10.30,10.48,10.08,10.47,14691
5-Jun-12,10.09,10.32,10.05,10.27,13221
4-Jun-12,10.16,10.26,10.05,10.11,5429
1-Jun-12,10.10,10.36,10.05,10.09,19523
31-May-12,10.06,10.40,10.00,10.31,40781
30-May-12,10.03,10.28,10.02,10.06,16202
29-May-12,10.20,10.20,10.01,10.06,6020
25-May-12,10.14,10.22,10.06,10.11,8864
24-May-12,10.05,10.18,10.01,10.16,14596
23-May-12,10.00,10.13,9.98,10.08,21075
22-May-12,10.11,10.19,10.00,10.03,28225
21-May-12,10.05,10.20,10.03,10.12,13677
18-May-12,9.97,10.11,9.96,10.08,49212
17-May-12,10.20,10.21,10.01,10.02,27390
16-May-12,10.22,10.40,10.12,10.22,13460
15-May-12,10.26,10.42,10.20,10.20,17371
14-May-12,10.25,10.48,10.17,10.20,20885
11-May-12,10.49,10.54,10.30,10.35,12044
10-May-12,10.47,10.66,10.26,10.61,9682
9-May-12,10.37,10.44,10.30,10.36,15965
8-May-12,10.21,10.48,10.21,10.45,10464
7-May-12,10.21,10.51,10.21,10.27,13613
4-May-12,10.43,10.43,10.19,10.23,31045
3-May-12,10.67,10.71,10.45,10.48,20186
2-May-12,10.70,10.74,10.58,10.72,21449
1-May-12,10.60,10.95,10.60,10.74,37308
30-Apr-12,10.59,10.68,10.49,10.57,28127
27-Apr-12,10.71,10.71,10.39,10.58,18863
26-Apr-12,10.18,10.82,10.18,10.73,63410
25-Apr-12,10.12,10.30,10.01,10.10,28100
24-Apr-12,9.93,10.07,9.93,10.06,13756
23-Apr-12,10.02,10.07,9.90,9.94,23915
20-Apr-12,10.25,10.25,10.06,10.18,24990
19-Apr-12,10.10,10.21,9.95,9.96,17373
18-Apr-12,10.08,10.15,9.95,10.06,18252
17-Apr-12,10.05,10.24,9.95,10.16,30131
16-Apr-12,9.93,10.04,9.90,10.03,17912
13-Apr-12,9.93,9.97,9.81,9.90,18425
12-Apr-12,9.97,10.05,9.92,9.99,30981
11-Apr-12,9.89,10.00,9.83,10.00,17367
10-Apr-12,10.01,10.01,9.71,9.75,25539
9-Apr-12,10.29,10.29,10.00,10.00,27645
5-Apr-12,10.00,10.10,10.00,10.00,13714
4-Apr-12,10.00,10.13,10.00,10.00,22834
3-Apr-12,10.08,10.17,10.03,10.06,30884
2-Apr-12,10.00,10.13,9.94,10.13,23526
30-Mar-12,10.14,10.14,10.01,10.03,19664
29-Mar-12,10.12,10.12,10.00,10.04,7812
28-Mar-12,10.19,10.34,10.13,10.20,27021
27-Mar-12,10.29,10.39,10.19,10.25,23224
26-Mar-12,10.10,10.30,10.00,10.27,29044
23-Mar-12,10.01,10.10,10.00,10.10,15561
22-Mar-12,10.01,10.05,9.94,10.03,14339
21-Mar-12,10.13,10.27,10.07,10.11,8240
20-Mar-12,10.18,10.30,10.13,10.26,23008
19-Mar-12,10.17,10.35,10.01,10.30,23105
16-Mar-12,10.37,10.37,10.02,10.21,40778
15-Mar-12,10.24,10.45,10.01,10.33,46883
14-Mar-12,10.49,10.49,10.11,10.24,68459
13-Mar-12,10.09,10.56,9.96,10.45,82994
12-Mar-12,10.00,10.09,9.97,10.05,33837
9-Mar-12,9.81,9.99,9.79,9.97,20098
8-Mar-12,9.78,9.94,9.74,9.83,16016
7-Mar-12,9.78,9.80,9.67,9.77,18181
6-Mar-12,9.52,9.70,9.52,9.59,24012
5-Mar-12,9.48,9.64,9.46,9.63,8861
2-Mar-12,9.68,9.68,9.42,9.50,31008
1-Mar-12,9.64,9.82,9.61,9.64,21737
29-Feb-12,9.70,9.72,9.61,9.61,23073
28-Feb-12,9.80,9.87,9.67,9.69,9046
27-Feb-12,9.76,9.84,9.70,9.77,2915
24-Feb-12,9.92,9.95,9.81,9.83,8261
23-Feb-12,9.78,9.92,9.72,9.92,15616
22-Feb-12,9.85,9.91,9.77,9.77,20683
21-Feb-12,9.97,10.00,9.78,9.82,19071
17-Feb-12,9.97,10.00,9.88,9.97,12233
16-Feb-12,9.90,10.03,9.82,9.98,36052
15-Feb-12,10.04,10.09,9.86,9.86,18985
14-Feb-12,9.98,10.12,9.89,9.93,12638
13-Feb-12,10.13,10.13,9.97,10.00,8018
10-Feb-12,10.01,10.01,10.01,10.01,0
9-Feb-12,10.11,10.18,9.91,10.03,12962
8-Feb-12,10.06,10.15,10.02,10.13,7312
7-Feb-12,10.13,10.13,10.02,10.10,15646
6-Feb-12,10.11,10.13,10.05,10.10,10273
3-Feb-12,10.01,10.24,10.00,10.18,81731
2-Feb-12,9.88,9.93,9.82,9.93,15385
1-Feb-12,9.67,9.90,9.67,9.88,22161
31-Jan-12,9.90,9.90,9.55,9.55,33768
30-Jan-12,9.86,9.90,9.76,9.83,11063
27-Jan-12,9.75,9.90,9.74,9.90,16197
26-Jan-12,9.60,9.88,9.58,9.88,14313
25-Jan-12,9.70,9.83,9.44,9.69,27678
24-Jan-12,9.82,9.86,9.59,9.75,11972
23-Jan-12,9.90,9.90,9.57,9.90,3060
20-Jan-12,9.71,9.94,9.71,9.94,10072
19-Jan-12,9.67,9.71,9.63,9.69,6829
18-Jan-12,9.97,9.97,9.38,9.70,61506
17-Jan-12,10.00,10.00,9.85,9.96,18797
13-Jan-12,9.94,9.94,9.94,9.94,0
12-Jan-12,10.00,10.00,9.88,10.00,2802
11-Jan-12,9.84,9.99,9.84,9.99,5301
10-Jan-12,10.00,10.00,9.88,9.97,13167
9-Jan-12,9.80,9.99,9.80,9.94,13371
6-Jan-12,10.00,10.00,9.75,9.80,17236
5-Jan-12,9.93,10.03,9.86,10.02,8062
4-Jan-12,9.85,10.00,9.85,10.00,19125
3-Jan-12,9.91,9.95,9.73,9.94,11692
30-Dec-11,9.77,9.77,9.77,9.77,0
29-Dec-11,9.78,9.88,9.77,9.88,10160
28-Dec-11,9.76,9.89,9.70,9.78,10821
27-Dec-11,9.80,9.83,9.75,9.79,11710
23-Dec-11,9.84,9.84,9.84,9.84,0
22-Dec-11,9.88,9.90,9.78,9.89,13268
21-Dec-11,9.95,9.95,9.13,9.91,23181
20-Dec-11,9.68,9.93,9.68,9.92,39417
19-Dec-11,9.87,9.87,9.50,9.51,21383
16-Dec-11,9.83,9.85,9.70,9.85,94444
15-Dec-11,9.88,9.90,9.62,9.90,35798
14-Dec-11,9.45,9.88,9.45,9.81,32946
13-Dec-11,9.63,9.76,9.50,9.50,24340
12-Dec-11,9.77,9.77,9.51,9.61,16654
9-Dec-11,9.77,9.90,9.56,9.88,20559
8-Dec-11,9.99,9.99,9.64,9.69,19087
7-Dec-11,9.89,10.00,9.75,10.00,19293
6-Dec-11,9.83,10.00,9.82,9.98,24547
5-Dec-11,9.90,9.96,9.80,9.96,24967
2-Dec-11,9.67,9.93,9.59,9.84,14592
1-Dec-11,9.87,9.92,9.48,9.53,26109
30-Nov-11,9.54,9.96,9.53,9.96,51921
29-Nov-11,9.27,9.42,9.25,9.31,6377
28-Nov-11,9.11,9.33,9.01,9.29,26315
25-Nov-11,9.00,9.10,8.90,8.91,13524
23-Nov-11,9.00,9.00,9.00,9.00,0
22-Nov-11,9.33,9.39,9.21,9.23,8634
21-Nov-11,9.45,9.64,9.30,9.31,20307
18-Nov-11,9.34,9.58,9.34,9.56,16450
17-Nov-11,9.46,9.63,9.33,9.36,11022
16-Nov-11,9.55,9.78,9.41,9.41,33205
15-Nov-11,9.46,9.72,9.35,9.64,7469
14-Nov-11,9.62,9.62,9.25,9.46,18366
11-Nov-11,9.38,9.70,9.30,9.67,14566
10-Nov-11,9.44,9.49,9.27,9.31,9143
9-Nov-11,9.67,9.88,9.32,9.32,31307
8-Nov-11,9.77,9.88,9.46,9.85,13677
7-Nov-11,9.88,9.88,9.53,9.83,5349
4-Nov-11,9.92,9.93,9.84,9.88,15357
3-Nov-11,9.42,9.95,9.33,9.94,25359
2-Nov-11,9.24,9.47,9.07,9.40,32010
1-Nov-11,9.28,9.58,9.01,9.06,34431
31-Oct-11,9.70,9.70,9.27,9.28,38390
28-Oct-11,9.89,9.94,9.60,9.70,21596
27-Oct-11,9.66,9.92,9.60,9.92,68235
26-Oct-11,9.46,9.50,9.37,9.50,18035
25-Oct-11,9.67,9.69,9.23,9.35,14513
24-Oct-11,9.52,9.72,9.49,9.72,15671
21-Oct-11,9.35,9.75,9.15,9.60,27798
20-Oct-11,9.35,9.46,9.07,9.11,10836
19-Oct-11,9.80,9.80,9.32,9.36,13630
18-Oct-11,9.41,9.88,9.31,9.86,23259
17-Oct-11,9.95,9.95,9.40,9.41,16525
14-Oct-11,9.77,10.00,9.50,9.95,17599
13-Oct-11,9.72,9.74,9.62,9.74,8820
12-Oct-11,9.60,9.75,9.44,9.74,30580
11-Oct-11,9.63,9.75,9.50,9.69,24052
10-Oct-11,9.74,9.74,9.36,9.72,24310
7-Oct-11,9.78,9.84,9.21,9.29,26576
6-Oct-11,9.73,9.86,9.59,9.74,27865
5-Oct-11,9.16,9.78,9.16,9.69,18853
4-Oct-11,8.91,9.75,8.91,9.61,47033
3-Oct-11,9.50,9.63,8.91,8.91,37157
30-Sep-11,9.09,9.69,9.00,9.65,41907
29-Sep-11,9.13,9.24,9.00,9.17,10326
