Date,Open,High,Low,Close,Volume
26-Sep-12,52.81,54.17,52.42,53.62,164205
25-Sep-12,51.21,53.60,50.94,52.82,326513
24-Sep-12,51.34,51.61,50.90,51.05,70438
21-Sep-12,52.13,52.35,51.31,51.50,80825
20-Sep-12,51.55,52.34,50.85,51.55,24558
19-Sep-12,52.11,52.29,51.54,51.92,30470
18-Sep-12,52.48,52.48,51.93,52.09,35294
17-Sep-12,52.84,52.84,52.18,52.57,16770
14-Sep-12,52.90,53.45,52.73,53.01,38946
13-Sep-12,52.31,53.29,51.92,52.75,24264
12-Sep-12,51.90,52.41,51.57,52.37,17942
11-Sep-12,52.08,52.08,51.57,51.82,15207
10-Sep-12,52.15,52.58,52.05,52.16,18536
7-Sep-12,52.03,52.74,51.89,52.22,92624
6-Sep-12,52.10,52.36,51.36,51.81,173232
5-Sep-12,52.97,52.97,51.79,51.97,58874
4-Sep-12,52.42,52.88,51.55,52.71,75963
31-Aug-12,52.10,52.91,51.40,52.29,114159
30-Aug-12,51.50,52.37,51.27,51.66,99785
29-Aug-12,51.12,51.90,50.96,51.87,105734
28-Aug-12,50.60,52.14,50.52,51.52,119146
27-Aug-12,50.73,51.06,50.20,50.68,84335
24-Aug-12,50.27,51.17,50.27,50.61,92560
23-Aug-12,50.76,50.81,50.23,50.44,76325
22-Aug-12,51.03,51.11,50.76,50.86,118664
21-Aug-12,50.88,51.56,50.69,51.03,154316
20-Aug-12,50.75,51.00,50.07,50.91,168568
17-Aug-12,50.45,50.80,49.93,50.68,244540
16-Aug-12,51.86,51.94,50.12,50.60,339640
15-Aug-12,51.78,52.16,51.40,52.07,128498
14-Aug-12,53.22,53.41,51.67,51.95,107084
13-Aug-12,52.95,53.33,52.38,53.25,123015
10-Aug-12,53.18,53.18,52.28,52.90,59025
9-Aug-12,53.70,53.99,52.30,53.22,248190
8-Aug-12,54.52,54.54,53.25,53.67,118148
7-Aug-12,53.95,55.25,53.76,54.87,214898
6-Aug-12,52.19,53.72,51.62,53.55,180728
3-Aug-12,51.00,52.50,51.00,52.02,154522
2-Aug-12,49.59,50.50,49.40,50.30,192384
1-Aug-12,50.69,51.34,49.76,49.83,204641
31-Jul-12,51.06,51.40,50.39,50.59,195582
30-Jul-12,51.81,52.14,51.10,51.18,138543
27-Jul-12,51.86,53.50,51.32,51.93,415911
26-Jul-12,51.23,52.38,49.70,52.38,442101
25-Jul-12,52.19,52.19,50.71,50.77,84555
24-Jul-12,52.80,52.80,51.45,51.86,335332
23-Jul-12,52.34,52.87,51.21,52.48,181169
20-Jul-12,52.93,53.20,52.50,52.97,194775
19-Jul-12,52.99,53.63,52.51,53.14,200001
18-Jul-12,52.05,53.79,51.57,52.73,262413
17-Jul-12,52.36,53.24,51.32,52.25,157960
16-Jul-12,53.09,53.09,51.83,52.20,187870
13-Jul-12,52.87,54.36,52.75,53.40,113769
12-Jul-12,52.44,53.23,51.09,52.62,90674
11-Jul-12,53.68,53.68,51.76,52.67,182042
10-Jul-12,53.85,54.65,53.48,53.66,112571
9-Jul-12,54.44,54.48,53.49,53.52,85163
6-Jul-12,54.60,54.91,52.66,54.44,133791
5-Jul-12,53.55,55.80,53.55,55.19,104048
3-Jul-12,52.74,53.84,52.57,53.75,68504
2-Jul-12,53.69,53.85,52.00,52.83,148537
29-Jun-12,52.46,53.73,52.11,53.62,238228
28-Jun-12,51.89,51.92,51.23,51.71,140645
27-Jun-12,52.13,52.46,51.85,52.25,112125
26-Jun-12,52.16,52.38,51.30,51.90,91108
25-Jun-12,52.45,52.74,51.85,51.96,158886
22-Jun-12,52.93,53.21,52.34,53.13,509888
21-Jun-12,53.00,53.33,52.34,52.80,174472
20-Jun-12,53.08,53.49,52.22,52.97,204083
19-Jun-12,51.61,53.86,51.43,53.08,340493
18-Jun-12,49.95,51.41,49.66,51.29,135646
15-Jun-12,49.09,50.29,49.09,50.18,129724
14-Jun-12,49.38,49.99,48.98,49.35,138692
13-Jun-12,49.73,50.69,49.32,49.55,139679
12-Jun-12,49.40,50.05,48.89,49.91,133842
11-Jun-12,50.40,50.73,49.23,49.27,179196
8-Jun-12,49.00,50.21,48.71,50.09,131077
7-Jun-12,49.74,49.88,48.69,49.04,123384
6-Jun-12,48.15,49.31,48.08,49.27,147696
5-Jun-12,46.93,48.11,46.59,47.98,112175
4-Jun-12,46.92,47.46,46.55,47.03,131115
1-Jun-12,47.29,47.58,46.50,46.88,139173
31-May-12,48.09,48.43,47.61,48.09,185891
30-May-12,48.22,48.33,47.87,48.05,83976
29-May-12,49.16,49.20,48.03,48.52,134413
25-May-12,48.75,49.10,48.30,48.90,75284
24-May-12,48.33,48.70,48.14,48.66,88465
23-May-12,47.39,48.33,47.39,48.14,107261
22-May-12,47.82,48.57,47.56,48.29,146261
21-May-12,47.06,47.96,46.41,47.89,164302
18-May-12,46.92,47.20,46.40,46.82,238127
17-May-12,47.46,47.46,46.83,46.97,264312
16-May-12,46.83,47.48,46.42,47.34,158627
15-May-12,46.53,47.36,46.02,46.60,192469
14-May-12,46.79,47.13,46.26,46.93,88681
11-May-12,46.80,47.61,46.80,47.33,92697
10-May-12,47.20,47.32,46.88,47.02,131101
9-May-12,45.93,47.05,45.74,46.82,166430
8-May-12,46.50,46.76,45.37,46.41,279393
7-May-12,46.63,47.06,46.46,47.03,134413
4-May-12,46.78,46.92,46.37,46.71,139923
3-May-12,48.20,48.42,46.98,47.03,101947
2-May-12,0.00,0.00,0.00,48.16,1100
1-May-12,47.09,47.51,46.79,46.99,200934
30-Apr-12,48.15,48.73,46.96,47.10,290802
27-Apr-12,47.03,49.45,46.07,48.61,518211
26-Apr-12,47.88,50.11,47.64,49.84,178411
25-Apr-12,47.76,48.33,47.69,47.98,125421
24-Apr-12,47.26,47.76,47.00,47.33,90780
23-Apr-12,47.71,47.77,46.92,47.44,174949
20-Apr-12,48.07,48.91,47.73,48.42,118833
19-Apr-12,48.65,48.80,47.79,47.94,128118
18-Apr-12,49.13,49.18,48.56,48.79,136832
17-Apr-12,48.58,49.69,48.22,49.36,192299
16-Apr-12,48.70,49.12,47.98,48.47,106105
13-Apr-12,48.38,48.95,48.18,48.58,252488
12-Apr-12,47.43,48.84,47.35,48.79,220770
11-Apr-12,46.64,47.47,46.62,47.39,163044
10-Apr-12,46.45,46.45,45.89,46.17,194682
9-Apr-12,46.00,46.79,46.00,46.65,101319
5-Apr-12,46.58,47.11,46.49,46.78,112601
4-Apr-12,46.12,46.83,46.06,46.71,206075
3-Apr-12,46.75,47.13,46.28,46.78,299072
2-Apr-12,47.24,47.42,46.72,46.99,165583
30-Mar-12,47.76,47.98,47.22,47.45,133841
29-Mar-12,46.95,47.57,46.33,47.33,150416
28-Mar-12,48.12,48.12,46.88,47.18,133816
27-Mar-12,47.97,48.28,47.79,47.96,200101
26-Mar-12,48.12,48.81,47.76,48.00,148163
23-Mar-12,48.31,48.31,47.51,47.75,271769
22-Mar-12,48.39,48.65,47.98,48.24,89419
21-Mar-12,48.92,49.03,48.59,48.75,54240
20-Mar-12,48.58,49.11,48.58,48.75,74604
19-Mar-12,48.94,49.35,48.55,49.00,183505
16-Mar-12,49.03,49.40,48.68,49.06,122981
15-Mar-12,49.54,49.54,48.58,49.09,65715
14-Mar-12,50.12,50.25,49.15,49.41,69137
13-Mar-12,49.49,50.16,49.09,50.11,98167
12-Mar-12,49.53,49.58,48.77,48.97,69018
9-Mar-12,48.54,49.53,48.40,49.44,88597
8-Mar-12,48.53,48.76,48.11,48.40,50376
7-Mar-12,48.33,48.51,47.82,48.22,79519
6-Mar-12,48.63,48.91,48.02,48.05,119252
5-Mar-12,48.91,49.25,48.40,49.14,85843
2-Mar-12,49.87,49.89,48.93,48.96,137878
1-Mar-12,50.42,50.48,49.75,49.76,115608
29-Feb-12,49.58,50.43,49.58,49.93,131231
28-Feb-12,50.11,50.91,49.21,49.65,115600
27-Feb-12,49.88,50.75,49.75,50.00,143841
24-Feb-12,49.70,51.42,49.38,50.64,282202
23-Feb-12,48.92,49.85,48.81,49.52,130735
22-Feb-12,48.75,49.25,48.56,48.76,146770
21-Feb-12,49.51,49.69,48.58,48.94,98846
17-Feb-12,50.19,50.22,49.57,49.67,73773
16-Feb-12,48.96,49.99,48.96,49.91,117134
15-Feb-12,49.94,50.18,48.67,48.82,150374
14-Feb-12,48.97,49.72,48.86,49.69,176017
13-Feb-12,48.77,49.69,48.17,49.30,268829
10-Feb-12,48.58,49.99,48.26,48.86,233356
9-Feb-12,49.65,49.75,48.88,49.14,161838
8-Feb-12,49.64,50.24,48.95,49.64,213589
7-Feb-12,50.00,50.21,49.61,49.79,169450
6-Feb-12,49.75,50.83,49.75,50.09,146813
3-Feb-12,47.00,51.25,46.21,50.00,837865
2-Feb-12,47.22,47.96,46.89,47.90,473035
1-Feb-12,46.28,47.32,46.04,47.03,248257
31-Jan-12,45.00,46.75,44.84,45.85,259209
30-Jan-12,47.09,47.11,45.81,46.01,300801
27-Jan-12,47.52,48.00,47.25,47.62,271714
26-Jan-12,48.49,48.54,47.00,47.70,274907
25-Jan-12,47.85,48.57,47.58,48.40,159110
24-Jan-12,46.23,47.97,45.96,47.92,555136
23-Jan-12,46.17,46.67,46.06,46.34,176418
20-Jan-12,45.85,47.00,45.85,46.35,272209
19-Jan-12,45.22,46.11,45.22,45.90,525310
18-Jan-12,44.93,45.48,44.49,45.33,175239
17-Jan-12,45.45,45.45,44.26,44.94,261966
13-Jan-12,45.02,45.02,45.02,45.02,0
12-Jan-12,45.00,45.05,44.50,44.87,355127
11-Jan-12,45.00,45.16,44.73,45.05,206137
10-Jan-12,44.77,45.11,44.50,45.06,165988
9-Jan-12,44.10,44.91,43.88,44.26,258869
6-Jan-12,44.39,44.51,43.93,44.24,276517
5-Jan-12,44.67,44.86,43.26,44.37,464197
4-Jan-12,45.41,46.09,45.00,45.04,218478
3-Jan-12,46.96,47.11,45.66,45.87,151155
30-Dec-11,46.55,46.55,46.55,46.55,0
29-Dec-11,45.00,46.57,44.50,46.51,193790
28-Dec-11,45.59,45.59,45.59,45.59,0
27-Dec-11,46.12,46.87,46.12,46.50,106086
23-Dec-11,46.53,46.53,46.53,46.53,0
22-Dec-11,46.49,46.81,46.05,46.25,163492
21-Dec-11,46.15,46.15,46.15,46.15,0
20-Dec-11,46.95,47.25,45.47,46.20,258423
19-Dec-11,46.35,46.98,45.43,45.82,231478
16-Dec-11,46.84,46.95,46.09,46.24,197525
15-Dec-11,48.42,48.42,46.28,46.81,190781
14-Dec-11,47.49,48.24,46.59,47.75,140053
13-Dec-11,50.50,50.50,47.45,47.81,192331
12-Dec-11,50.82,50.97,49.59,50.22,174922
9-Dec-11,51.79,52.35,51.33,51.89,144637
8-Dec-11,52.01,52.59,51.44,51.51,129278
7-Dec-11,53.82,54.15,52.00,52.77,165201
6-Dec-11,52.88,54.76,51.86,54.36,493920
5-Dec-11,51.67,53.72,51.17,52.86,511999
2-Dec-11,51.04,51.48,50.77,50.90,103750
1-Dec-11,50.24,50.88,49.68,50.28,325577
30-Nov-11,49.29,50.80,49.29,50.80,237702
29-Nov-11,47.91,48.10,47.32,47.74,137519
28-Nov-11,46.98,48.30,46.69,47.93,152990
25-Nov-11,46.25,46.69,45.74,45.75,91633
23-Nov-11,46.41,46.41,46.41,46.41,0
22-Nov-11,46.81,47.49,46.29,47.05,183931
21-Nov-11,48.09,48.32,47.18,47.34,113106
18-Nov-11,49.47,50.83,48.54,48.81,114285
17-Nov-11,50.62,52.18,48.71,49.48,222712
16-Nov-11,51.56,52.30,50.59,50.90,190000
15-Nov-11,51.98,52.57,51.55,52.10,108515
14-Nov-11,52.13,52.13,52.13,52.13,0
11-Nov-11,52.72,53.89,52.41,53.49,87124
10-Nov-11,52.47,52.57,51.25,52.05,82119
9-Nov-11,52.84,53.42,51.64,51.66,105664
8-Nov-11,54.36,54.91,53.25,54.33,95023
7-Nov-11,53.65,53.65,53.65,53.65,0
4-Nov-11,54.50,54.52,53.94,54.30,81260
3-Nov-11,55.18,55.93,53.32,54.81,133681
2-Nov-11,54.50,54.50,54.50,54.50,0
1-Nov-11,53.13,54.19,52.32,52.98,271964
31-Oct-11,54.93,54.93,53.71,53.74,132090
28-Oct-11,55.47,55.86,54.71,54.89,172798
27-Oct-11,55.96,56.33,53.81,55.36,243828
26-Oct-11,55.51,56.18,52.99,53.94,234856
25-Oct-11,55.52,55.52,55.52,55.52,0
24-Oct-11,50.37,52.97,50.27,52.96,261933
21-Oct-11,49.13,50.17,48.17,49.99,326242
20-Oct-11,47.63,47.63,47.63,47.63,0
19-Oct-11,48.50,48.89,47.54,47.98,79923
18-Oct-11,47.23,47.23,47.23,47.23,0
17-Oct-11,48.84,49.06,46.81,47.11,191100
14-Oct-11,48.91,50.18,48.41,50.09,125232
13-Oct-11,48.13,48.13,48.13,48.13,0
12-Oct-11,48.86,49.51,48.09,48.26,342694
11-Oct-11,48.85,49.29,47.52,48.39,234435
10-Oct-11,47.35,49.06,47.29,49.02,162203
7-Oct-11,47.17,47.77,46.07,46.55,360481
6-Oct-11,47.03,47.03,47.03,47.03,0
5-Oct-11,43.80,46.22,43.38,45.97,185037
4-Oct-11,42.93,43.88,41.13,43.77,513980
3-Oct-11,46.18,47.13,42.98,43.24,315345
30-Sep-11,47.84,48.93,46.31,46.40,192651
29-Sep-11,49.55,50.00,46.68,48.68,159529
