Date,Open,High,Low,Close,Volume
26-Sep-12,2.58,2.60,2.50,2.60,500
25-Sep-12,2.60,2.60,2.40,2.59,8051
24-Sep-12,2.45,2.70,2.45,2.65,8391
21-Sep-12,2.50,2.50,2.50,2.50,200
20-Sep-12,2.55,2.55,2.33,2.55,400
19-Sep-12,2.49,2.54,2.49,2.54,1300
18-Sep-12,2.36,2.36,2.32,2.36,500
17-Sep-12,2.69,2.69,2.33,2.53,4500
14-Sep-12,2.69,2.69,2.69,2.69,400
13-Sep-12,2.57,2.68,2.56,2.68,1500
12-Sep-12,2.43,2.55,2.42,2.54,1960
11-Sep-12,2.53,2.53,2.44,2.44,300
10-Sep-12,2.54,2.54,2.54,2.54,100
7-Sep-12,2.51,2.53,2.51,2.51,600
6-Sep-12,2.59,2.59,2.54,2.59,500
5-Sep-12,2.53,2.60,2.36,2.59,1000
4-Sep-12,2.46,2.60,2.46,2.60,1700
31-Aug-12,2.46,2.53,2.46,2.53,600
30-Aug-12,2.59,2.60,2.59,2.60,200
29-Aug-12,2.63,2.63,2.43,2.63,460
28-Aug-12,2.32,2.65,2.32,2.65,3210
27-Aug-12,2.70,2.70,2.25,2.70,1900
24-Aug-12,2.67,2.67,2.67,2.67,0
23-Aug-12,2.36,2.67,2.20,2.67,3200
22-Aug-12,2.42,2.61,2.40,2.60,900
21-Aug-12,2.70,2.70,2.70,2.70,100
20-Aug-12,2.67,2.68,2.64,2.68,300
17-Aug-12,2.70,2.70,2.56,2.58,900
16-Aug-12,2.65,2.65,2.45,2.65,2700
15-Aug-12,2.58,2.70,2.50,2.70,4418
14-Aug-12,2.61,2.61,2.41,2.60,600
13-Aug-12,2.36,2.59,2.36,2.59,340
10-Aug-12,2.61,2.61,2.61,2.61,200
9-Aug-12,2.62,2.63,2.45,2.63,650
8-Aug-12,2.62,2.64,2.62,2.64,900
7-Aug-12,2.65,2.65,2.63,2.64,1160
6-Aug-12,2.70,2.70,2.70,2.70,100
3-Aug-12,2.29,2.65,2.29,2.64,2220
2-Aug-12,2.66,2.66,2.35,2.54,1590
1-Aug-12,2.20,2.65,2.20,2.61,4200
