Date,Open,High,Low,Close,Volume
26-Sep-12,3.23,3.25,2.99,3.01,13598
25-Sep-12,3.18,3.27,3.01,3.16,7727
24-Sep-12,3.36,3.36,3.21,3.23,9702
21-Sep-12,2.99,3.36,2.99,3.36,29069
20-Sep-12,2.68,3.00,2.68,2.96,10232
19-Sep-12,2.77,2.88,2.77,2.80,2800
18-Sep-12,2.77,2.84,2.77,2.80,2600
17-Sep-12,2.69,2.80,2.66,2.80,1426
14-Sep-12,2.75,2.80,2.67,2.77,6271
13-Sep-12,2.74,2.92,2.68,2.68,4886
12-Sep-12,2.84,2.88,2.60,2.82,17125
11-Sep-12,2.89,3.02,2.86,2.89,1935
10-Sep-12,2.83,3.04,2.83,2.93,5079
7-Sep-12,2.83,3.16,2.68,2.83,76104
6-Sep-12,2.93,2.97,2.79,2.85,9660
5-Sep-12,2.94,2.96,2.80,2.84,21672
4-Sep-12,2.65,3.08,2.65,2.91,82566
31-Aug-12,2.63,2.66,2.57,2.65,3960
30-Aug-12,2.65,2.65,2.53,2.63,10118
29-Aug-12,2.64,2.69,2.60,2.61,7699
28-Aug-12,2.53,2.70,2.53,2.64,16611
27-Aug-12,2.64,2.64,2.54,2.56,18448
24-Aug-12,2.73,2.73,2.64,2.65,21383
23-Aug-12,2.82,2.83,2.73,2.75,35338
22-Aug-12,2.75,2.80,2.75,2.78,6159
21-Aug-12,2.84,2.85,2.75,2.77,25622
20-Aug-12,2.68,2.88,2.68,2.84,107822
17-Aug-12,2.80,2.94,2.75,2.94,60562
16-Aug-12,2.40,2.87,2.32,2.70,143396
15-Aug-12,2.25,2.35,2.21,2.35,66788
14-Aug-12,2.20,2.25,2.20,2.23,38355
13-Aug-12,2.14,2.20,2.11,2.20,20650
10-Aug-12,2.01,2.13,2.01,2.11,14130
9-Aug-12,2.04,2.09,1.99,2.01,12934
8-Aug-12,2.04,2.04,2.03,2.04,9839
7-Aug-12,2.03,2.07,2.03,2.06,4600
6-Aug-12,2.08,2.09,2.07,2.09,8040
3-Aug-12,2.04,2.09,2.00,2.06,12450
2-Aug-12,2.00,2.01,2.00,2.01,3050
1-Aug-12,2.00,2.04,2.00,2.00,6553
31-Jul-12,1.95,2.00,1.95,1.98,7600
30-Jul-12,1.99,1.99,1.96,1.99,3516
27-Jul-12,1.92,2.00,1.92,1.99,8730
26-Jul-12,1.93,1.94,1.90,1.94,4100
25-Jul-12,1.89,1.95,1.89,1.94,4800
24-Jul-12,1.95,1.95,1.90,1.90,12000
23-Jul-12,1.99,1.99,1.98,1.99,440
20-Jul-12,1.96,2.00,1.96,1.98,16602
19-Jul-12,2.00,2.04,1.96,1.96,22706
18-Jul-12,1.92,1.98,1.92,1.98,7300
17-Jul-12,1.94,1.95,1.94,1.95,11178
16-Jul-12,1.94,1.94,1.94,1.94,900
13-Jul-12,1.95,1.95,1.90,1.91,7561
12-Jul-12,1.92,1.95,1.91,1.93,5400
11-Jul-12,1.88,1.91,1.88,1.91,9982
10-Jul-12,1.85,1.88,1.85,1.88,8260
9-Jul-12,1.88,1.90,1.85,1.86,8366
6-Jul-12,1.86,1.94,1.86,1.94,1900
5-Jul-12,1.88,1.90,1.88,1.90,1240
3-Jul-12,1.87,1.90,1.87,1.90,800
2-Jul-12,1.94,1.96,1.87,1.90,7932
29-Jun-12,1.87,1.94,1.87,1.92,10661
28-Jun-12,1.88,1.95,1.88,1.88,7750
27-Jun-12,1.86,1.97,1.86,1.91,9430
26-Jun-12,1.97,1.97,1.91,1.91,6100
25-Jun-12,1.94,2.02,1.93,1.93,30939
22-Jun-12,1.91,2.03,1.85,2.03,60910
21-Jun-12,1.90,1.98,1.87,1.92,16035
20-Jun-12,1.86,1.98,1.86,1.91,12710
19-Jun-12,1.95,1.99,1.86,1.98,9736
18-Jun-12,1.98,1.99,1.94,1.94,5553
15-Jun-12,1.99,2.00,1.93,2.00,5337
14-Jun-12,1.93,1.99,1.88,1.97,1300
13-Jun-12,1.97,2.00,1.80,1.84,6999
12-Jun-12,2.10,2.11,1.96,1.96,9565
11-Jun-12,2.05,2.18,2.05,2.05,6425
8-Jun-12,1.90,2.18,1.86,2.00,10480
7-Jun-12,1.89,1.90,1.89,1.90,10453
6-Jun-12,1.83,1.87,1.83,1.86,5801
5-Jun-12,1.96,1.96,1.75,1.83,22514
4-Jun-12,1.91,1.92,1.80,1.80,41267
1-Jun-12,2.06,2.06,1.90,1.91,56139
31-May-12,2.20,2.20,2.12,2.20,16081
30-May-12,2.13,2.25,2.10,2.21,33356
29-May-12,2.10,2.13,2.05,2.10,20050
25-May-12,1.97,2.05,1.93,2.05,13741
24-May-12,1.98,2.00,1.82,1.90,22082
23-May-12,1.80,1.98,1.72,1.98,31555
22-May-12,1.98,1.98,1.80,1.89,26253
21-May-12,1.71,1.98,1.70,1.98,39314
18-May-12,1.71,1.75,1.71,1.72,19857
17-May-12,1.75,1.75,1.70,1.72,22550
16-May-12,1.74,1.74,1.71,1.72,13700
15-May-12,1.69,1.75,1.69,1.70,19520
14-May-12,1.71,1.74,1.67,1.67,10948
11-May-12,1.67,1.75,1.67,1.75,2400
10-May-12,1.67,1.75,1.67,1.70,16308
9-May-12,1.71,1.75,1.70,1.74,13800
8-May-12,1.85,1.85,1.70,1.71,22891
7-May-12,1.79,1.85,1.79,1.80,18300
4-May-12,1.76,1.80,1.70,1.80,17956
3-May-12,1.80,1.80,1.64,1.78,13319
2-May-12,1.72,1.89,1.72,1.80,40240
1-May-12,1.75,1.75,1.67,1.75,17782
30-Apr-12,1.75,1.75,1.64,1.75,16980
27-Apr-12,1.66,1.74,1.66,1.74,15200
26-Apr-12,1.64,1.74,1.64,1.73,23304
25-Apr-12,1.55,1.70,1.55,1.65,9620
24-Apr-12,1.70,1.75,1.65,1.73,18832
23-Apr-12,1.60,1.75,1.55,1.75,20574
20-Apr-12,1.60,1.60,1.54,1.59,13114
19-Apr-12,1.59,1.62,1.54,1.60,24506
18-Apr-12,1.59,1.60,1.47,1.48,23200
17-Apr-12,1.54,1.58,1.44,1.47,17300
16-Apr-12,1.54,1.56,1.45,1.56,14304
13-Apr-12,1.59,1.67,1.50,1.55,31706
12-Apr-12,2.24,2.24,1.52,1.67,111415
11-Apr-12,1.45,1.69,1.39,1.39,136553
10-Apr-12,1.36,1.36,1.35,1.36,16002
9-Apr-12,1.32,1.43,1.32,1.36,12335
5-Apr-12,1.31,1.39,1.31,1.34,16391
4-Apr-12,1.23,1.31,1.23,1.27,500
3-Apr-12,1.23,1.35,1.20,1.20,15798
2-Apr-12,1.20,1.41,1.17,1.20,29682
30-Mar-12,1.30,1.39,1.25,1.25,52048
29-Mar-12,1.49,1.52,1.26,1.26,51586
28-Mar-12,1.46,1.52,1.40,1.43,13278
27-Mar-12,1.46,1.52,1.45,1.45,11296
26-Mar-12,1.46,1.54,1.40,1.45,11900
23-Mar-12,1.40,1.54,1.40,1.45,19131
22-Mar-12,1.54,1.54,1.34,1.34,20750
21-Mar-12,1.51,1.64,1.48,1.54,22121
20-Mar-12,1.64,1.64,1.50,1.52,5619
19-Mar-12,1.56,1.64,1.56,1.60,19054
16-Mar-12,1.33,1.59,1.26,1.53,55553
15-Mar-12,1.43,1.43,1.28,1.33,15829
14-Mar-12,1.57,1.57,1.40,1.47,38231
13-Mar-12,1.61,1.69,1.56,1.56,13382
12-Mar-12,1.48,1.69,1.45,1.63,59305
9-Mar-12,1.36,1.44,1.36,1.41,19166
8-Mar-12,1.35,1.37,1.25,1.35,16700
7-Mar-12,1.25,1.35,1.20,1.35,31779
6-Mar-12,1.25,1.29,1.20,1.25,30724
5-Mar-12,1.23,1.23,1.20,1.20,9216
2-Mar-12,1.25,1.26,1.23,1.24,20505
1-Mar-12,1.19,1.26,1.17,1.23,7610
29-Feb-12,1.17,1.27,1.17,1.22,10772
28-Feb-12,0.93,1.20,0.91,1.20,12736
27-Feb-12,1.24,1.24,1.21,1.22,6970
24-Feb-12,1.17,1.25,1.15,1.24,12234
23-Feb-12,1.15,1.17,1.15,1.17,7856
22-Feb-12,1.16,1.16,1.10,1.15,6922
21-Feb-12,1.14,1.16,1.14,1.16,4600
17-Feb-12,1.05,1.15,1.05,1.15,4800
16-Feb-12,1.15,1.16,1.06,1.06,8150
15-Feb-12,1.10,1.13,1.04,1.13,7551
14-Feb-12,1.11,1.12,1.11,1.11,2928
13-Feb-12,1.11,1.14,1.01,1.14,6040
10-Feb-12,1.15,1.16,1.11,1.11,6700
9-Feb-12,1.15,1.15,1.03,1.15,9825
8-Feb-12,1.13,1.14,1.10,1.13,6350
7-Feb-12,1.09,1.16,1.07,1.13,22156
6-Feb-12,0.95,1.10,0.95,1.07,5275
3-Feb-12,0.96,1.07,0.96,1.00,16475
2-Feb-12,1.00,1.01,0.96,0.98,28370
1-Feb-12,1.00,1.00,0.96,0.96,14100
31-Jan-12,1.00,1.00,0.99,1.00,5200
30-Jan-12,0.98,1.00,0.98,1.00,5451
27-Jan-12,0.99,1.00,0.99,1.00,2200
26-Jan-12,0.94,1.00,0.94,1.00,5150
25-Jan-12,1.00,1.00,0.94,1.00,22650
24-Jan-12,1.00,1.00,0.94,0.94,12197
23-Jan-12,0.90,1.00,0.90,0.98,12302
20-Jan-12,0.99,1.00,0.99,1.00,5453
19-Jan-12,0.97,0.97,0.95,0.97,4876
18-Jan-12,0.97,1.00,0.97,1.00,5100
17-Jan-12,0.97,1.00,0.97,1.00,1210
13-Jan-12,1.00,1.00,1.00,1.00,0
12-Jan-12,1.00,1.00,1.00,1.00,7950
11-Jan-12,1.04,1.10,0.94,1.00,10620
10-Jan-12,1.03,1.07,1.02,1.07,9800
9-Jan-12,1.02,1.03,0.99,1.00,7400
6-Jan-12,1.02,1.03,1.02,1.03,5200
5-Jan-12,1.01,1.02,1.00,1.02,5500
4-Jan-12,0.96,1.01,0.95,1.01,5125
3-Jan-12,0.97,0.97,0.90,0.95,5982
30-Dec-11,0.89,0.89,0.89,0.89,0
29-Dec-11,0.88,0.95,0.88,0.94,12855
28-Dec-11,0.88,0.97,0.87,0.87,12900
27-Dec-11,0.95,0.97,0.88,0.88,40401
23-Dec-11,0.98,0.98,0.98,0.98,0
22-Dec-11,0.95,1.00,0.95,0.96,8922
21-Dec-11,0.92,1.00,0.92,0.96,8400
20-Dec-11,0.93,0.99,0.91,0.91,20783
19-Dec-11,0.92,1.00,0.91,0.98,6700
16-Dec-11,1.01,1.01,0.98,0.98,24956
15-Dec-11,1.03,1.03,1.01,1.01,3800
14-Dec-11,1.03,1.03,0.98,0.98,13670
13-Dec-11,1.02,1.03,0.98,1.03,11250
12-Dec-11,1.01,1.03,1.01,1.02,5179
9-Dec-11,1.02,1.03,0.98,0.98,8173
8-Dec-11,1.02,1.02,0.98,0.98,13302
7-Dec-11,1.03,1.03,1.00,1.01,9400
6-Dec-11,0.95,1.00,0.95,0.98,8691
5-Dec-11,0.93,1.03,0.93,0.98,8443
2-Dec-11,0.94,0.99,0.94,0.94,5150
1-Dec-11,0.94,0.99,0.94,0.99,5207
30-Nov-11,0.90,0.99,0.90,0.93,15168
29-Nov-11,0.90,0.99,0.89,0.98,6026
28-Nov-11,0.96,0.98,0.90,0.90,4120
25-Nov-11,0.95,0.98,0.95,0.98,5400
23-Nov-11,0.95,0.95,0.95,0.95,0
22-Nov-11,0.90,0.95,0.88,0.89,8745
21-Nov-11,0.96,0.96,0.90,0.94,6370
18-Nov-11,0.98,0.98,0.86,0.92,18994
17-Nov-11,0.95,0.98,0.93,0.95,8900
16-Nov-11,0.95,0.98,0.94,0.94,9710
15-Nov-11,0.96,0.97,0.91,0.91,6400
14-Nov-11,0.92,0.98,0.91,0.91,10200
11-Nov-11,0.99,0.99,0.92,0.92,6398
10-Nov-11,0.95,1.03,0.95,1.03,3000
9-Nov-11,0.97,1.02,0.97,0.99,5812
8-Nov-11,1.02,1.04,0.96,0.96,4900
7-Nov-11,0.97,1.00,0.97,0.99,5200
4-Nov-11,0.99,0.99,0.99,0.99,3500
3-Nov-11,0.98,0.98,0.98,0.98,0
2-Nov-11,0.98,0.98,0.97,0.97,4650
1-Nov-11,0.97,0.98,0.92,0.98,7400
31-Oct-11,0.92,0.98,0.92,0.97,5813
28-Oct-11,0.98,0.98,0.97,0.98,5618
27-Oct-11,0.92,0.98,0.92,0.98,6400
26-Oct-11,0.92,0.95,0.90,0.90,16300
25-Oct-11,1.00,1.00,0.90,0.90,10002
24-Oct-11,0.98,1.02,0.94,1.00,18600
21-Oct-11,1.00,1.01,0.98,0.98,4725
20-Oct-11,0.98,1.00,0.98,1.00,9100
19-Oct-11,1.01,1.02,0.98,1.00,6700
18-Oct-11,1.00,1.02,1.00,1.02,4304
17-Oct-11,0.96,1.01,0.88,1.00,6755
14-Oct-11,0.95,1.03,0.95,1.03,4096
13-Oct-11,0.91,0.91,0.91,0.91,0
12-Oct-11,0.95,0.98,0.93,0.93,10500
11-Oct-11,1.00,1.00,0.88,0.93,9652
10-Oct-11,1.04,1.04,0.96,0.98,8800
7-Oct-11,1.02,1.04,0.97,1.04,4200
6-Oct-11,0.91,1.04,0.88,1.04,6300
5-Oct-11,1.00,1.00,0.98,0.98,14200
4-Oct-11,0.86,0.93,0.86,0.91,2116
30-Sep-11,0.99,0.99,0.99,0.99,0
29-Sep-11,1.03,1.04,1.00,1.00,5900
