Date,Open,High,Low,Close,Volume
26-Sep-12,6.98,7.02,6.97,7.00,55398
25-Sep-12,6.99,7.06,6.95,6.97,223168
24-Sep-12,7.13,7.13,6.97,6.99,260182
21-Sep-12,7.00,7.21,7.00,7.15,36169
20-Sep-12,6.90,7.00,6.88,7.00,20405
19-Sep-12,6.98,7.01,6.94,6.95,3200
18-Sep-12,7.04,7.04,6.97,7.00,3632
17-Sep-12,7.01,7.02,6.98,7.02,1468
14-Sep-12,7.06,7.10,6.99,7.04,33672
13-Sep-12,7.00,7.15,7.00,7.03,10338
12-Sep-12,7.01,7.03,6.98,7.01,9401
11-Sep-12,7.08,7.09,6.98,7.02,12489
10-Sep-12,7.15,7.15,7.06,7.09,29760
7-Sep-12,7.04,7.27,7.04,7.21,84152
6-Sep-12,7.01,7.20,6.98,7.05,53102
5-Sep-12,6.98,7.00,6.92,6.97,47628
4-Sep-12,6.95,7.00,6.86,6.99,39265
31-Aug-12,6.98,7.00,6.96,6.99,18112
30-Aug-12,6.99,7.02,6.92,7.00,38332
29-Aug-12,6.95,7.00,6.95,7.00,23531
28-Aug-12,6.96,7.00,6.92,6.99,34524
27-Aug-12,6.98,7.00,6.95,7.00,21614
24-Aug-12,6.95,7.00,6.93,7.00,16841
23-Aug-12,6.94,6.99,6.90,6.95,24942
22-Aug-12,7.00,7.00,6.90,6.94,26962
21-Aug-12,6.97,7.02,6.83,7.00,73286
20-Aug-12,6.96,7.10,6.93,7.00,22002
17-Aug-12,6.96,7.00,6.93,7.00,24757
16-Aug-12,6.95,6.97,6.87,6.96,29795
15-Aug-12,6.96,7.00,6.83,6.98,53503
14-Aug-12,6.91,6.98,6.80,6.95,43260
13-Aug-12,6.85,6.92,6.78,6.92,13728
10-Aug-12,6.91,6.94,6.80,6.90,20676
9-Aug-12,6.86,6.90,6.83,6.89,12680
8-Aug-12,6.82,6.89,6.75,6.89,6558
7-Aug-12,6.82,6.85,6.69,6.78,27783
6-Aug-12,6.79,6.82,6.67,6.79,8502
3-Aug-12,6.64,6.75,6.64,6.75,14624
2-Aug-12,6.57,6.63,6.55,6.59,9337
1-Aug-12,6.75,6.75,6.58,6.61,10228
31-Jul-12,6.81,6.81,6.66,6.75,13076
30-Jul-12,6.82,6.82,6.71,6.78,10785
27-Jul-12,6.84,6.85,6.75,6.85,21711
26-Jul-12,6.82,6.85,6.72,6.78,18940
25-Jul-12,6.79,6.80,6.73,6.78,6367
24-Jul-12,6.74,6.80,6.72,6.77,4411
23-Jul-12,6.80,6.81,6.71,6.81,3846
20-Jul-12,6.83,6.87,6.74,6.84,26934
19-Jul-12,6.88,6.89,6.81,6.88,14075
18-Jul-12,6.91,6.93,6.88,6.90,63700
17-Jul-12,6.91,6.95,6.87,6.92,32241
16-Jul-12,6.92,6.95,6.88,6.93,2633
13-Jul-12,6.98,6.98,6.86,6.95,17246
12-Jul-12,6.74,7.00,6.74,6.93,17526
11-Jul-12,6.79,6.85,6.78,6.85,10574
10-Jul-12,6.85,6.86,6.75,6.82,14623
9-Jul-12,6.81,6.85,6.76,6.84,23183
6-Jul-12,6.78,6.85,6.74,6.85,29582
5-Jul-12,6.85,6.85,6.79,6.84,20928
3-Jul-12,6.76,6.85,6.73,6.85,154579
2-Jul-12,6.75,6.77,6.67,6.76,35124
29-Jun-12,6.76,6.78,6.70,6.78,70701
28-Jun-12,6.72,6.75,6.60,6.74,5203
27-Jun-12,6.61,6.77,6.61,6.74,41269
26-Jun-12,6.61,6.64,6.60,6.64,41829
25-Jun-12,6.62,6.62,6.47,6.62,11350
22-Jun-12,6.39,6.62,6.39,6.62,85999
21-Jun-12,6.64,6.64,6.40,6.41,14326
20-Jun-12,6.67,6.67,6.54,6.60,27846
19-Jun-12,6.55,6.65,6.53,6.65,54601
18-Jun-12,6.62,6.62,6.51,6.55,211320
15-Jun-12,6.55,6.60,6.49,6.59,45031
14-Jun-12,6.50,6.63,6.50,6.57,6520
13-Jun-12,6.57,6.59,6.48,6.54,23104
12-Jun-12,6.59,6.59,6.42,6.52,29481
11-Jun-12,6.68,6.68,6.50,6.54,13999
8-Jun-12,6.60,6.65,6.54,6.64,220179
7-Jun-12,6.64,6.68,6.61,6.65,24721
6-Jun-12,6.50,6.66,6.49,6.66,340305
5-Jun-12,6.43,6.49,6.43,6.49,88382
4-Jun-12,6.45,6.50,6.40,6.49,58382
1-Jun-12,6.58,6.59,6.33,6.40,42040
31-May-12,6.38,6.58,6.38,6.55,68265
30-May-12,6.34,6.40,6.30,6.34,30483
29-May-12,6.30,6.40,6.30,6.34,96857
25-May-12,6.10,6.36,6.03,6.30,100109
24-May-12,6.05,6.14,6.03,6.14,99857
23-May-12,6.06,6.09,6.03,6.06,178356
22-May-12,6.09,6.10,6.00,6.08,43649
21-May-12,6.15,6.15,6.06,6.09,57795
18-May-12,6.17,6.20,6.14,6.14,31694
17-May-12,6.20,6.21,6.16,6.16,40135
16-May-12,6.18,6.20,6.13,6.20,106728
15-May-12,6.16,6.25,6.10,6.17,219495
14-May-12,6.11,6.44,6.11,6.22,397159
11-May-12,5.15,5.15,5.00,5.00,4449
10-May-12,5.03,5.15,5.00,5.00,2591
9-May-12,5.00,5.03,5.00,5.03,5580
8-May-12,4.96,5.07,4.85,5.07,3821
7-May-12,4.88,5.08,4.73,4.73,3507
4-May-12,4.56,4.88,4.56,4.88,1500
3-May-12,5.00,5.00,5.00,5.00,300
2-May-12,5.00,5.02,5.00,5.00,4800
1-May-12,5.04,5.30,4.80,4.95,14578
30-Apr-12,4.90,5.00,4.80,5.00,19830
27-Apr-12,4.75,4.84,4.75,4.84,1000
26-Apr-12,4.75,4.75,4.75,4.75,1182
25-Apr-12,4.55,4.75,4.55,4.73,16382
24-Apr-12,4.35,4.53,4.32,4.53,135561
23-Apr-12,4.50,4.50,4.45,4.47,14205
20-Apr-12,4.40,4.40,4.40,4.40,372
19-Apr-12,4.34,4.34,4.34,4.34,0
18-Apr-12,4.34,4.40,4.34,4.40,210
17-Apr-12,4.30,4.30,4.30,4.30,0
16-Apr-12,4.40,4.59,4.30,4.56,939
13-Apr-12,4.43,4.43,4.43,4.43,0
12-Apr-12,4.40,4.43,4.40,4.43,323
11-Apr-12,4.63,4.65,4.40,4.40,3493
10-Apr-12,4.30,4.69,4.30,4.66,6802
9-Apr-12,4.33,4.33,4.32,4.32,500
5-Apr-12,4.33,4.34,4.30,4.34,1910
4-Apr-12,4.40,4.46,4.35,4.35,13367
3-Apr-12,4.54,4.54,4.40,4.42,993
2-Apr-12,4.55,4.55,4.55,4.55,0
30-Mar-12,4.55,4.55,4.55,4.55,100
29-Mar-12,4.41,4.45,4.41,4.45,400
28-Mar-12,4.57,4.57,4.45,4.45,372
27-Mar-12,4.40,4.65,4.40,4.65,14881
26-Mar-12,4.40,4.40,4.40,4.40,300
23-Mar-12,4.59,4.59,4.35,4.36,4634
22-Mar-12,4.35,4.60,4.35,4.59,1741
21-Mar-12,4.36,4.36,4.36,4.36,300
20-Mar-12,4.35,4.35,4.35,4.35,1235
19-Mar-12,4.40,4.59,4.25,4.26,10742
16-Mar-12,4.35,4.52,4.35,4.52,3685
15-Mar-12,4.27,4.36,4.27,4.35,2200
14-Mar-12,4.45,4.64,4.31,4.31,2418
13-Mar-12,4.56,4.56,4.35,4.41,2000
12-Mar-12,4.61,4.65,4.55,4.58,3638
9-Mar-12,4.40,4.65,4.40,4.63,3423
8-Mar-12,4.40,4.40,4.36,4.39,800
7-Mar-12,4.37,4.37,4.37,4.37,0
6-Mar-12,4.34,4.44,4.34,4.37,1400
5-Mar-12,4.24,4.39,4.24,4.39,2200
2-Mar-12,4.43,4.46,4.20,4.40,6912
1-Mar-12,4.38,4.50,4.38,4.44,3100
29-Feb-12,4.39,4.50,4.35,4.35,5095
28-Feb-12,4.23,4.49,4.23,4.40,120414
27-Feb-12,4.20,4.23,4.15,4.23,31768
24-Feb-12,4.02,4.21,4.02,4.19,27274
23-Feb-12,4.00,4.13,4.00,4.13,19775
22-Feb-12,4.00,4.00,3.97,3.97,7102
21-Feb-12,4.00,4.00,4.00,4.00,573510
17-Feb-12,4.05,4.06,3.85,4.06,21392
16-Feb-12,3.95,3.95,3.95,3.95,0
15-Feb-12,3.95,3.95,3.95,3.95,400
14-Feb-12,3.85,3.95,3.85,3.95,950
13-Feb-12,3.85,3.85,3.85,3.85,0
10-Feb-12,3.85,3.85,3.85,3.85,0
9-Feb-12,4.10,4.10,4.08,4.10,321
8-Feb-12,3.87,3.98,3.87,3.97,1964
7-Feb-12,3.81,3.86,3.81,3.86,2643
3-Feb-12,3.87,3.87,3.87,3.87,0
2-Feb-12,3.88,3.90,3.85,3.85,843
1-Feb-12,3.76,3.90,3.76,3.81,2200
31-Jan-12,3.79,3.90,3.60,3.90,1827
30-Jan-12,3.84,3.84,3.52,3.79,3750
27-Jan-12,3.81,4.00,3.81,3.84,5688
26-Jan-12,3.77,3.82,3.77,3.82,300
25-Jan-12,3.58,3.76,3.57,3.76,1511
24-Jan-12,3.69,3.79,3.58,3.58,1212
23-Jan-12,3.86,3.86,3.80,3.80,977
20-Jan-12,3.80,3.87,3.79,3.85,39435
19-Jan-12,3.87,3.87,3.81,3.81,12389
18-Jan-12,3.99,4.13,3.81,3.84,16688
17-Jan-12,3.97,3.99,3.94,3.99,6922
13-Jan-12,3.95,3.95,3.95,3.95,0
12-Jan-12,3.75,3.75,3.74,3.75,2956
11-Jan-12,3.61,3.75,3.61,3.74,8725
10-Jan-12,3.61,3.65,3.61,3.64,8710
9-Jan-12,3.67,3.67,3.60,3.60,200
5-Jan-12,3.62,3.62,3.62,3.62,0
4-Jan-12,3.74,3.75,3.59,3.59,3537
3-Jan-12,3.58,3.74,3.50,3.51,7300
30-Dec-11,3.50,3.50,3.50,3.50,0
29-Dec-11,3.67,3.67,3.52,3.55,6122
28-Dec-11,3.55,3.58,3.55,3.58,1864
27-Dec-11,3.58,3.75,3.55,3.65,8500
23-Dec-11,3.59,3.59,3.59,3.59,0
22-Dec-11,3.61,3.69,3.60,3.69,16965
21-Dec-11,3.63,3.68,3.50,3.68,4287
20-Dec-11,2.92,3.77,2.90,3.59,29803
16-Dec-11,3.80,3.80,3.80,3.80,0
15-Dec-11,3.55,3.64,3.55,3.64,638
14-Dec-11,3.51,3.59,3.50,3.50,2800
13-Dec-11,3.65,3.65,3.50,3.60,5885
12-Dec-11,3.65,3.65,3.65,3.65,300
9-Dec-11,3.65,3.70,3.65,3.70,1300
8-Dec-11,3.70,3.70,3.70,3.70,266
7-Dec-11,3.70,3.70,3.60,3.70,2160
6-Dec-11,3.81,3.81,3.54,3.71,1375
5-Dec-11,3.92,4.00,3.65,3.80,5206
2-Dec-11,3.87,3.90,3.85,3.85,10812
1-Dec-11,3.75,3.80,3.74,3.77,11534
30-Nov-11,4.00,4.00,3.69,3.82,2500
29-Nov-11,4.00,4.00,3.64,3.80,5907
28-Nov-11,3.80,3.80,3.80,3.80,100
25-Nov-11,4.03,4.03,4.00,4.00,1320
23-Nov-11,4.00,4.00,4.00,4.00,0
22-Nov-11,4.08,4.08,4.02,4.05,936
21-Nov-11,4.10,4.15,4.10,4.10,1552
18-Nov-11,4.10,4.10,4.10,4.10,100
17-Nov-11,4.00,4.10,4.00,4.09,4655
16-Nov-11,4.10,4.10,4.00,4.00,3445
15-Nov-11,4.05,4.13,4.05,4.13,2400
14-Nov-11,4.00,4.04,4.00,4.00,3117
10-Nov-11,4.14,4.14,4.14,4.14,0
9-Nov-11,4.17,4.19,4.02,4.03,6517
8-Nov-11,4.00,4.19,4.00,4.19,3082
7-Nov-11,3.90,3.90,3.90,3.90,374
4-Nov-11,4.00,4.00,4.00,4.00,0
3-Nov-11,4.03,4.03,4.00,4.00,13402
2-Nov-11,4.01,4.01,3.95,4.00,18935
1-Nov-11,4.02,4.02,3.97,3.97,600
31-Oct-11,4.05,4.05,3.97,4.00,64200
28-Oct-11,4.02,4.16,4.00,4.00,2907
27-Oct-11,4.10,4.10,3.97,4.00,11542
26-Oct-11,4.03,4.10,4.03,4.06,400
25-Oct-11,3.90,4.00,3.81,4.00,13470
24-Oct-11,3.92,3.95,3.90,3.95,3960
21-Oct-11,3.85,4.00,3.81,3.99,3506
20-Oct-11,3.92,3.93,3.76,3.76,10101
19-Oct-11,3.99,3.99,3.99,3.99,100
18-Oct-11,3.98,4.00,3.90,3.90,1915
17-Oct-11,4.00,4.00,3.90,3.90,4123
14-Oct-11,4.00,4.00,4.00,4.00,4692
13-Oct-11,3.88,3.91,3.88,3.90,1142
12-Oct-11,3.89,3.89,3.75,3.89,4370
11-Oct-11,3.86,3.88,3.80,3.88,525
10-Oct-11,4.10,4.10,3.89,3.89,3102
6-Oct-11,4.09,4.09,4.09,4.09,0
5-Oct-11,4.01,4.11,3.90,4.11,4842
4-Oct-11,4.11,4.17,4.10,4.17,3525
3-Oct-11,4.06,4.22,4.06,4.22,11400
30-Sep-11,4.01,4.15,3.90,4.15,3571
29-Sep-11,4.07,4.08,3.90,4.08,1350
