Date,Open,High,Low,Close,Volume
26-Sep-12,13.44,13.69,13.44,13.52,6076
25-Sep-12,13.93,13.93,13.40,13.60,23026
24-Sep-12,13.27,13.90,13.20,13.77,36788
21-Sep-12,13.55,13.71,13.25,13.55,4974
20-Sep-12,13.67,13.76,13.00,13.49,60975
19-Sep-12,13.57,14.52,13.54,13.79,54279
18-Sep-12,13.41,13.80,13.33,13.67,6839
17-Sep-12,13.54,13.55,13.12,13.50,13741
14-Sep-12,12.87,13.65,12.87,13.64,19779
13-Sep-12,12.50,12.79,12.48,12.75,9840
12-Sep-12,12.30,12.55,12.30,12.50,7775
11-Sep-12,12.22,12.49,12.20,12.30,17570
10-Sep-12,11.95,12.11,11.95,12.07,7865
7-Sep-12,11.86,12.11,11.77,11.90,42004
6-Sep-12,11.65,12.00,11.65,11.80,80040
5-Sep-12,11.65,11.71,11.51,11.52,2289
4-Sep-12,11.70,11.84,11.66,11.73,9350
31-Aug-12,11.83,11.83,11.70,11.70,18700
30-Aug-12,11.75,11.88,11.70,11.75,33810
29-Aug-12,11.76,11.93,11.75,11.80,25220
28-Aug-12,11.83,11.83,11.70,11.71,6608
27-Aug-12,11.75,11.98,11.70,11.70,23938
24-Aug-12,11.61,11.95,11.61,11.95,21305
23-Aug-12,11.57,11.85,11.57,11.70,39977
22-Aug-12,11.65,11.86,11.50,11.86,28644
21-Aug-12,11.64,11.96,11.51,11.60,35737
20-Aug-12,11.78,11.84,11.66,11.78,22246
17-Aug-12,11.60,11.87,11.60,11.79,22306
16-Aug-12,11.79,11.90,11.23,11.60,39977
15-Aug-12,11.70,11.75,11.54,11.75,10074
14-Aug-12,10.95,11.72,10.80,11.72,54390
13-Aug-12,10.70,11.00,10.63,10.85,104481
10-Aug-12,11.06,11.06,10.08,10.60,68844
9-Aug-12,11.30,11.45,11.06,11.06,56780
8-Aug-12,11.31,11.40,11.07,11.28,81316
7-Aug-12,11.70,11.95,11.20,11.45,205280
6-Aug-12,11.58,11.77,11.31,11.65,20019
3-Aug-12,11.66,11.75,11.35,11.59,19526
2-Aug-12,11.33,11.75,11.20,11.58,16273
1-Aug-12,11.31,11.75,11.24,11.32,5399
31-Jul-12,11.67,11.74,11.23,11.74,8130
30-Jul-12,11.99,11.99,11.23,11.74,68500
27-Jul-12,11.84,12.07,11.84,11.86,3545
26-Jul-12,12.00,12.02,11.27,11.84,27525
25-Jul-12,11.30,11.97,11.27,11.97,7000
24-Jul-12,11.99,11.99,11.22,11.22,18192
23-Jul-12,11.85,11.85,11.44,11.74,25196
20-Jul-12,11.95,11.95,11.48,11.48,836
19-Jul-12,11.49,11.99,11.49,11.99,8690
18-Jul-12,11.57,11.83,11.12,11.52,14898
17-Jul-12,11.06,11.65,11.06,11.65,12053
16-Jul-12,11.27,11.79,11.06,11.19,28731
13-Jul-12,11.62,11.70,11.30,11.34,45665
12-Jul-12,11.70,11.75,11.60,11.62,15325
11-Jul-12,11.78,11.80,11.53,11.77,5840
10-Jul-12,12.05,12.05,11.63,11.78,6900
9-Jul-12,11.27,11.77,11.20,11.69,1150
6-Jul-12,11.94,12.08,11.75,12.00,29000
5-Jul-12,12.08,12.13,11.97,12.01,21202
3-Jul-12,12.19,12.19,11.91,12.05,16503
2-Jul-12,12.05,12.17,11.80,12.05,18704
29-Jun-12,12.25,12.40,11.84,12.15,60243
28-Jun-12,11.99,12.16,11.81,12.16,17100
27-Jun-12,12.02,12.25,11.90,12.05,39207
26-Jun-12,11.69,12.12,11.69,11.94,13944
25-Jun-12,11.72,11.89,11.64,11.77,12671
22-Jun-12,12.15,12.19,11.72,11.79,57347
21-Jun-12,11.93,12.17,11.93,12.15,22694
20-Jun-12,11.96,12.12,11.91,11.91,9298
19-Jun-12,11.85,12.18,11.85,12.01,22190
18-Jun-12,11.76,11.85,11.57,11.81,58386
15-Jun-12,11.91,12.08,11.72,11.73,23127
14-Jun-12,11.83,12.17,11.82,11.91,75671
13-Jun-12,11.80,11.93,11.70,11.84,21238
12-Jun-12,11.95,12.00,11.69,11.90,15315
11-Jun-12,11.90,12.20,11.57,11.90,107199
8-Jun-12,11.84,11.93,11.80,11.80,8530
7-Jun-12,12.03,12.03,11.85,11.87,62563
6-Jun-12,11.81,12.05,11.51,11.96,75405
5-Jun-12,11.81,11.99,11.61,11.76,97893
4-Jun-12,11.77,12.01,11.49,11.87,37939
1-Jun-12,11.76,11.91,11.50,11.70,24921
31-May-12,11.74,12.06,11.71,12.03,42522
30-May-12,12.08,12.08,11.74,11.78,24116
29-May-12,11.85,12.21,11.76,12.09,121394
25-May-12,11.49,11.85,11.37,11.81,14082
24-May-12,11.05,11.47,11.02,11.45,100794
23-May-12,11.58,11.63,10.75,11.05,227552
22-May-12,12.33,12.58,11.51,11.57,151561
21-May-12,12.65,12.78,12.12,12.25,86056
18-May-12,12.27,12.44,12.24,12.35,55588
17-May-12,12.54,12.69,12.02,12.15,44471
16-May-12,12.78,13.00,12.60,12.60,34380
15-May-12,13.03,13.22,12.68,12.77,125376
14-May-12,13.00,13.19,12.77,12.97,93312
11-May-12,12.91,13.34,12.77,13.00,38586
10-May-12,12.97,13.29,12.69,12.94,150193
9-May-12,12.87,12.98,12.56,12.95,82385
8-May-12,13.66,13.88,12.35,13.00,698122
7-May-12,13.43,13.43,12.95,13.09,123521
4-May-12,13.09,13.34,12.25,12.80,146134
3-May-12,13.05,13.36,13.05,13.25,23643
2-May-12,13.10,13.30,12.78,13.25,112541
1-May-12,12.49,13.37,12.44,13.01,312131
30-Apr-12,12.31,12.49,12.30,12.38,179582
27-Apr-12,12.39,12.39,12.20,12.25,70936
26-Apr-12,12.11,12.39,12.11,12.37,54278
25-Apr-12,12.43,12.43,12.06,12.26,41231
24-Apr-12,12.32,12.40,12.18,12.30,26581
23-Apr-12,12.07,12.31,12.07,12.31,30063
20-Apr-12,12.40,12.46,12.05,12.36,180450
19-Apr-12,12.54,12.54,12.21,12.41,186066
18-Apr-12,12.35,12.41,12.27,12.35,48841
17-Apr-12,12.56,12.56,12.05,12.40,51942
16-Apr-12,12.60,12.60,12.31,12.37,51068
13-Apr-12,12.34,12.48,12.23,12.44,21346
12-Apr-12,12.01,12.47,12.01,12.30,34320
11-Apr-12,12.25,12.27,12.06,12.21,47428
10-Apr-12,12.31,12.75,12.20,12.21,94383
9-Apr-12,12.00,12.32,12.00,12.20,193338
5-Apr-12,11.60,12.39,11.60,12.32,38898
4-Apr-12,11.70,11.81,11.70,11.77,71113
3-Apr-12,11.95,11.95,11.64,11.70,46428
2-Apr-12,11.84,11.84,11.61,11.70,93784
30-Mar-12,11.93,12.00,11.61,11.62,45975
29-Mar-12,11.90,11.95,11.60,11.68,86716
28-Mar-12,11.25,12.33,11.20,11.96,397335
27-Mar-12,11.24,11.25,11.10,11.20,132312
26-Mar-12,11.11,11.25,11.00,11.16,400262
23-Mar-12,11.04,11.56,10.93,11.01,821433
