Date,Open,High,Low,Close,Volume
26-Sep-12,19.62,19.79,19.21,19.58,38157
25-Sep-12,19.23,19.77,19.23,19.46,17046
24-Sep-12,19.40,19.49,19.01,19.12,5145
21-Sep-12,19.42,19.48,19.02,19.48,15261
20-Sep-12,19.13,19.34,19.00,19.01,3818
19-Sep-12,19.40,19.40,19.14,19.14,1398
18-Sep-12,19.51,19.59,19.09,19.38,7275
17-Sep-12,19.82,19.82,19.52,19.52,5925
14-Sep-12,19.73,19.73,19.49,19.64,6018
13-Sep-12,19.17,19.90,18.59,19.68,12303
12-Sep-12,19.00,19.39,18.42,19.19,15232
11-Sep-12,19.49,19.62,19.10,19.18,4901
10-Sep-12,19.61,19.69,19.26,19.26,5365
7-Sep-12,19.99,19.99,19.32,19.66,10671
6-Sep-12,19.58,19.98,19.12,19.85,21184
5-Sep-12,19.80,20.55,19.19,19.44,18910
4-Sep-12,19.70,20.23,19.32,19.69,46189
31-Aug-12,19.69,20.21,19.10,19.70,26327
30-Aug-12,19.65,20.54,19.50,19.50,7336
29-Aug-12,19.95,20.04,19.57,19.83,17238
28-Aug-12,20.06,20.28,19.89,20.02,7559
27-Aug-12,20.06,20.30,19.88,20.00,6080
24-Aug-12,19.92,20.23,19.69,20.18,16976
23-Aug-12,20.40,20.47,19.90,19.90,7197
22-Aug-12,21.01,21.30,20.30,20.30,13410
21-Aug-12,20.71,21.21,20.69,20.98,8144
20-Aug-12,21.50,21.54,20.59,20.67,10134
17-Aug-12,21.47,21.95,21.25,21.63,5671
16-Aug-12,21.33,21.79,20.98,21.73,5179
15-Aug-12,21.35,21.35,20.98,21.30,7289
14-Aug-12,21.87,21.87,21.05,21.25,9925
13-Aug-12,22.65,22.90,21.06,21.52,47521
10-Aug-12,22.77,23.56,22.42,22.51,9139
9-Aug-12,22.39,23.27,22.25,22.92,5933
8-Aug-12,22.88,22.88,22.10,22.33,9484
7-Aug-12,22.95,23.66,21.60,23.62,25442
6-Aug-12,22.36,23.34,21.65,23.02,14717
3-Aug-12,20.53,22.55,20.53,22.45,5570
2-Aug-12,20.12,20.47,19.94,20.31,10140
1-Aug-12,20.15,20.34,20.05,20.05,18381
31-Jul-12,20.73,20.81,19.97,20.30,28670
30-Jul-12,20.54,20.86,20.54,20.75,4284
27-Jul-12,20.56,20.84,20.48,20.84,8628
26-Jul-12,20.89,20.89,20.51,20.69,3772
25-Jul-12,21.51,21.82,20.80,20.81,8930
24-Jul-12,21.43,21.65,21.28,21.31,10534
23-Jul-12,22.44,22.93,21.24,21.35,15311
20-Jul-12,22.51,22.74,22.50,22.50,7990
19-Jul-12,23.04,23.26,22.50,22.60,10724
18-Jul-12,23.94,24.02,23.80,23.88,10626
17-Jul-12,23.42,24.36,23.42,23.82,50293
16-Jul-12,24.03,24.03,23.08,23.30,33503
13-Jul-12,23.55,24.82,23.41,23.95,12819
12-Jul-12,23.88,23.88,23.03,23.58,15238
11-Jul-12,22.28,24.38,22.12,23.96,27421
10-Jul-12,22.42,22.42,21.85,22.37,15721
9-Jul-12,21.89,22.70,21.81,22.70,11350
6-Jul-12,21.89,22.99,21.71,21.89,27972
5-Jul-12,21.94,22.36,21.60,22.03,20952
3-Jul-12,22.27,22.48,21.49,22.08,8276
2-Jul-12,21.46,22.50,20.94,22.50,28002
29-Jun-12,21.33,22.31,20.89,21.73,18990
28-Jun-12,21.25,21.48,20.51,21.03,10742
27-Jun-12,21.74,21.98,21.15,21.51,20970
26-Jun-12,21.30,21.73,21.30,21.39,17509
25-Jun-12,21.20,21.73,20.46,21.32,30476
22-Jun-12,21.35,21.72,20.50,21.39,991224
21-Jun-12,20.19,21.04,20.08,20.97,26850
20-Jun-12,21.60,21.60,19.56,20.14,27784
19-Jun-12,22.30,22.30,20.82,21.47,26985
18-Jun-12,21.29,22.48,20.97,22.19,30446
15-Jun-12,21.26,21.40,20.80,21.28,13167
14-Jun-12,21.38,21.38,20.75,20.97,21148
13-Jun-12,21.03,21.44,20.94,21.37,4724
12-Jun-12,21.44,21.45,20.76,21.03,9734
11-Jun-12,21.44,21.44,20.72,21.40,8531
8-Jun-12,20.34,21.43,20.10,21.40,16851
7-Jun-12,20.20,20.50,20.08,20.08,4510
6-Jun-12,20.86,20.86,19.63,20.15,6166
5-Jun-12,20.48,21.23,19.49,21.07,7363
4-Jun-12,19.13,20.73,18.90,20.70,8549
1-Jun-12,18.95,19.35,18.95,19.35,2225
31-May-12,19.62,19.62,18.85,19.05,8273
30-May-12,20.50,20.75,19.93,19.93,5035
29-May-12,20.21,21.15,20.21,20.89,2756
25-May-12,20.83,20.83,20.11,20.31,2516
24-May-12,20.56,21.00,20.56,20.77,2888
23-May-12,20.69,21.25,20.47,20.60,3465
22-May-12,20.73,21.00,20.34,20.86,4674
21-May-12,21.33,21.34,20.32,20.73,4426
18-May-12,21.49,21.98,20.98,21.27,7299
17-May-12,20.86,21.98,20.63,21.79,5857
16-May-12,21.10,21.10,20.74,20.98,5320
15-May-12,20.61,22.00,20.52,21.25,14164
14-May-12,21.99,21.99,21.00,21.37,17438
11-May-12,21.90,22.09,21.27,21.99,4452
10-May-12,21.41,21.50,20.12,21.08,31647
9-May-12,22.48,22.50,21.23,21.80,8228
8-May-12,21.94,22.59,21.46,22.13,16769
7-May-12,21.48,23.15,21.40,22.29,27853
4-May-12,22.00,22.00,21.00,21.15,11858
3-May-12,21.04,21.99,21.04,21.90,10960
2-May-12,0.00,22.32,19.58,20.71,22846
1-May-12,21.35,21.35,21.04,21.30,7870
30-Apr-12,21.47,22.00,21.04,21.47,9718
27-Apr-12,21.03,21.50,21.03,21.36,2640
26-Apr-12,20.70,22.20,20.19,21.47,24744
25-Apr-12,20.27,20.65,20.25,20.65,5174
24-Apr-12,19.82,20.21,19.82,20.21,4944
23-Apr-12,19.54,20.00,19.54,20.00,4754
20-Apr-12,19.58,19.60,19.02,19.56,4548
19-Apr-12,19.41,19.94,18.86,19.94,4448
18-Apr-12,19.62,19.62,19.44,19.44,1800
17-Apr-12,19.82,19.83,19.14,19.50,15302
16-Apr-12,18.97,19.25,18.97,19.20,13876
13-Apr-12,19.09,19.09,19.00,19.00,7546
12-Apr-12,19.07,19.18,19.00,19.00,4258
11-Apr-12,19.00,19.30,18.96,19.05,7980
10-Apr-12,19.12,19.12,18.83,19.00,5370
9-Apr-12,19.11,19.16,19.00,19.01,8220
5-Apr-12,19.10,19.15,19.00,19.05,7092
4-Apr-12,19.15,19.15,18.96,19.00,8786
3-Apr-12,19.07,19.25,19.00,19.00,3632
2-Apr-12,19.00,19.00,18.85,19.00,3000
30-Mar-12,18.98,19.12,18.82,19.00,9084
29-Mar-12,19.08,19.08,18.93,18.98,3994
28-Mar-12,19.09,19.09,18.99,18.99,6792
27-Mar-12,18.99,19.10,18.86,18.98,3594
26-Mar-12,18.87,19.12,18.82,19.02,12544
23-Mar-12,19.00,19.00,18.96,19.00,4520
22-Mar-12,18.88,19.20,18.88,19.00,8140
21-Mar-12,18.90,19.12,18.90,18.98,9316
20-Mar-12,19.24,19.52,18.92,19.02,12788
19-Mar-12,18.85,19.48,18.82,19.00,8920
16-Mar-12,18.84,19.15,18.82,18.98,5656
15-Mar-12,19.08,19.60,18.82,18.98,28142
14-Mar-12,19.03,19.39,18.82,18.92,4600
13-Mar-12,18.68,19.26,18.68,18.95,8374
12-Mar-12,19.02,19.42,18.90,19.10,19516
9-Mar-12,19.26,19.27,18.64,19.00,11116
8-Mar-12,19.26,19.52,18.66,19.06,11708
7-Mar-12,19.11,19.12,18.98,19.12,9100
6-Mar-12,19.00,19.00,18.78,18.95,10116
5-Mar-12,18.76,19.37,18.60,18.89,7544
2-Mar-12,18.76,19.00,18.76,18.79,2792
1-Mar-12,19.12,19.36,18.60,19.10,9926
29-Feb-12,19.36,19.50,19.04,19.04,9560
28-Feb-12,18.65,19.24,18.60,19.03,15938
27-Feb-12,18.46,18.72,17.76,18.65,17104
24-Feb-12,17.60,17.72,17.50,17.72,6012
23-Feb-12,17.50,17.60,17.48,17.54,8398
22-Feb-12,17.38,17.42,17.13,17.42,5384
21-Feb-12,17.27,17.40,17.06,17.40,10204
17-Feb-12,17.24,17.30,17.05,17.21,51600
16-Feb-12,17.24,17.25,17.04,17.25,2966
15-Feb-12,17.25,17.25,17.20,17.25,3526
14-Feb-12,17.00,17.22,17.00,17.20,1660
13-Feb-12,17.39,17.39,17.00,17.00,4610
10-Feb-12,16.88,17.31,16.88,17.27,16998
9-Feb-12,17.16,17.38,17.10,17.10,8386
8-Feb-12,17.00,17.33,17.00,17.20,2994
7-Feb-12,17.06,17.06,17.00,17.00,400
6-Feb-12,17.04,17.04,17.00,17.00,1854
3-Feb-12,17.20,17.20,17.20,17.20,0
2-Feb-12,17.02,17.02,17.02,17.02,0
1-Feb-12,17.00,17.00,17.00,17.00,220
31-Jan-12,17.00,17.05,17.00,17.05,2200
30-Jan-12,17.00,17.12,17.00,17.00,2188
27-Jan-12,17.19,17.20,17.08,17.12,802
26-Jan-12,17.20,17.20,16.90,16.90,5184
25-Jan-12,17.00,17.00,16.90,16.90,1418
24-Jan-12,17.23,17.23,16.94,17.07,2002
23-Jan-12,16.92,17.36,16.90,17.24,2822
20-Jan-12,16.99,17.32,16.99,17.20,5604
19-Jan-12,16.82,17.09,16.77,16.92,2800
18-Jan-12,17.38,17.38,16.76,17.00,7540
17-Jan-12,17.10,17.10,16.92,17.08,606
13-Jan-12,17.00,17.00,17.00,17.00,0
12-Jan-12,16.99,16.99,16.76,16.76,2536
11-Jan-12,17.24,17.30,16.75,17.05,2100
10-Jan-12,17.20,17.20,16.72,16.85,6888
9-Jan-12,16.80,17.28,16.78,16.92,10552
6-Jan-12,17.02,17.10,16.77,16.80,18282
5-Jan-12,17.10,17.14,17.10,17.14,3632
4-Jan-12,16.73,17.12,16.72,17.10,1640
3-Jan-12,17.38,17.38,16.74,16.96,950
30-Dec-11,17.18,17.18,17.18,17.18,0
29-Dec-11,16.74,17.14,16.72,16.92,10684
28-Dec-11,16.72,16.76,16.72,16.72,1800
27-Dec-11,16.76,16.76,16.72,16.72,800
23-Dec-11,16.80,16.80,16.80,16.80,0
22-Dec-11,16.58,16.66,16.54,16.54,3570
21-Dec-11,16.52,16.67,16.52,16.67,5984
20-Dec-11,16.66,16.67,16.50,16.58,4400
19-Dec-11,16.00,16.00,16.00,16.00,0
16-Dec-11,16.58,16.59,16.53,16.58,816
15-Dec-11,16.50,16.62,16.39,16.40,3140
14-Dec-11,16.39,16.62,16.39,16.50,800
13-Dec-11,16.72,16.72,16.24,16.50,8668
12-Dec-11,16.60,16.74,16.49,16.74,2200
9-Dec-11,15.90,16.34,15.69,16.34,10334
8-Dec-11,15.90,15.90,15.90,15.90,392
7-Dec-11,16.42,16.42,16.03,16.06,13054
6-Dec-11,16.22,16.50,16.22,16.22,3420
5-Dec-11,16.64,16.64,16.22,16.24,12446
2-Dec-11,16.53,16.54,16.35,16.54,3728
1-Dec-11,16.62,16.62,16.34,16.56,4720
30-Nov-11,16.85,16.85,16.57,16.71,888
29-Nov-11,16.38,16.80,16.24,16.54,4052
28-Nov-11,16.62,16.75,16.50,16.75,6996
25-Nov-11,16.90,16.90,16.88,16.90,3028
23-Nov-11,16.82,16.82,16.82,16.82,0
22-Nov-11,16.52,16.54,16.42,16.47,2800
21-Nov-11,16.75,16.76,16.52,16.74,2608
18-Nov-11,16.70,16.76,16.70,16.76,416
17-Nov-11,16.52,16.52,16.40,16.40,2600
16-Nov-11,16.74,16.74,16.40,16.57,3444
15-Nov-11,16.57,16.71,16.57,16.71,1076
14-Nov-11,16.34,16.70,16.15,16.70,9716
11-Nov-11,16.43,16.49,16.20,16.20,800
10-Nov-11,16.24,16.25,16.24,16.25,698
9-Nov-11,16.02,16.25,16.02,16.15,2136
8-Nov-11,16.02,16.02,16.02,16.02,200
7-Nov-11,16.32,16.32,16.19,16.19,1748
4-Nov-11,16.16,16.32,16.00,16.32,3628
3-Nov-11,16.15,16.32,16.10,16.32,2782
2-Nov-11,16.02,16.09,16.00,16.00,3182
1-Nov-11,16.00,16.27,16.00,16.02,5850
31-Oct-11,16.00,16.15,16.00,16.12,1794
28-Oct-11,16.00,16.24,16.00,16.08,4460
27-Oct-11,15.75,16.05,15.75,16.00,7348
26-Oct-11,15.40,15.72,15.40,15.60,7140
25-Oct-11,15.50,15.50,15.16,15.16,5536
24-Oct-11,15.67,15.68,15.14,15.50,2200
21-Oct-11,15.40,15.45,15.24,15.43,6414
20-Oct-11,15.25,15.48,15.25,15.28,3970
19-Oct-11,14.75,15.14,14.75,15.14,11004
18-Oct-11,14.75,14.97,14.75,14.94,2406
17-Oct-11,14.96,14.96,14.74,14.75,4394
14-Oct-11,14.90,14.92,14.80,14.80,2128
13-Oct-11,14.62,14.85,14.62,14.85,12884
12-Oct-11,14.25,14.70,14.18,14.58,23588
11-Oct-11,15.40,15.40,14.12,14.16,87082
10-Oct-11,15.06,15.42,15.06,15.40,606
7-Oct-11,15.31,15.48,15.25,15.34,1700
6-Oct-11,15.38,15.66,15.26,15.26,1500
5-Oct-11,16.00,16.00,16.00,16.00,400
4-Oct-11,15.13,15.13,15.13,15.13,0
3-Oct-11,15.70,15.70,15.70,15.70,1000
30-Sep-11,15.20,15.50,15.15,15.42,4898
29-Sep-11,15.28,15.34,15.25,15.34,1328
