Date,Open,High,Low,Close,Volume
26-Sep-12,14.10,14.15,13.92,14.04,14435
25-Sep-12,14.27,14.32,14.02,14.14,20270
24-Sep-12,14.12,14.25,13.99,14.24,25671
21-Sep-12,14.41,14.41,14.11,14.14,34908
20-Sep-12,14.46,14.46,14.20,14.20,6137
19-Sep-12,14.48,14.50,14.48,14.48,1422
18-Sep-12,14.49,14.51,14.45,14.48,4347
17-Sep-12,14.51,14.57,14.37,14.47,6592
14-Sep-12,14.46,14.52,14.41,14.52,9345
13-Sep-12,14.35,14.39,14.12,14.37,12373
12-Sep-12,14.41,14.41,14.24,14.37,3522
11-Sep-12,14.55,14.75,14.33,14.36,7789
10-Sep-12,14.57,14.60,14.49,14.53,18044
7-Sep-12,14.65,14.93,14.28,14.44,23577
6-Sep-12,14.40,14.64,14.40,14.60,23642
5-Sep-12,14.31,14.49,14.07,14.40,12865
4-Sep-12,14.24,14.31,14.03,14.29,24500
31-Aug-12,14.18,14.40,14.18,14.33,10767
30-Aug-12,14.33,14.40,14.03,14.04,3628
29-Aug-12,14.28,14.49,14.17,14.38,25060
28-Aug-12,14.35,14.55,14.20,14.49,21210
27-Aug-12,14.50,14.50,14.12,14.19,10878
24-Aug-12,14.43,14.67,14.31,14.39,15666
23-Aug-12,14.28,14.50,14.12,14.40,24941
22-Aug-12,14.43,14.77,14.30,14.32,38637
21-Aug-12,14.31,14.72,14.31,14.39,18261
20-Aug-12,14.54,14.80,14.39,14.54,11330
17-Aug-12,14.44,14.61,14.31,14.55,18334
16-Aug-12,14.56,14.85,14.24,14.39,47882
15-Aug-12,14.29,14.60,14.08,14.52,15499
14-Aug-12,14.31,14.55,14.17,14.25,18111
13-Aug-12,14.27,14.33,14.10,14.30,16112
10-Aug-12,14.43,14.53,14.09,14.19,15780
9-Aug-12,13.81,14.57,13.79,14.39,46157
8-Aug-12,13.81,14.19,13.67,14.03,20588
7-Aug-12,13.84,14.02,13.69,13.97,11308
6-Aug-12,13.68,14.08,13.64,13.79,15909
3-Aug-12,13.72,13.98,13.55,13.63,22278
2-Aug-12,13.30,13.49,13.13,13.44,13276
1-Aug-12,13.39,13.97,13.36,13.36,27961
31-Jul-12,13.51,13.96,13.33,13.40,40950
30-Jul-12,13.54,13.62,12.91,13.51,12144
27-Jul-12,13.38,13.73,13.05,13.73,20403
26-Jul-12,13.47,13.55,13.04,13.31,12601
25-Jul-12,13.92,14.34,13.32,13.35,31203
24-Jul-12,14.16,14.16,13.47,13.81,11013
23-Jul-12,13.70,14.40,13.53,14.03,38112
20-Jul-12,13.85,14.07,13.74,13.83,15568
19-Jul-12,13.92,14.08,13.73,13.97,9841
18-Jul-12,14.05,14.24,13.25,14.21,149938
17-Jul-12,14.00,14.27,13.73,14.07,78512
16-Jul-12,14.05,14.14,13.79,13.88,3001
13-Jul-12,13.69,13.85,13.41,13.82,22882
12-Jul-12,13.46,13.63,13.20,13.54,20938
11-Jul-12,13.35,13.44,13.23,13.40,5862
10-Jul-12,13.74,13.78,13.16,13.34,18625
9-Jul-12,13.60,13.81,13.26,13.69,13694
6-Jul-12,13.45,13.99,13.43,13.53,10492
5-Jul-12,13.49,13.80,13.40,13.55,26438
3-Jul-12,13.57,13.62,13.22,13.36,16179
2-Jul-12,13.37,13.50,13.02,13.49,21336
29-Jun-12,13.39,13.41,13.10,13.28,37798
28-Jun-12,13.16,13.26,12.98,13.09,14642
27-Jun-12,13.14,13.38,13.07,13.27,10038
26-Jun-12,13.15,13.32,13.00,13.18,10034
25-Jun-12,13.06,13.43,12.87,13.07,68805
22-Jun-12,13.38,13.65,13.15,13.16,85024
21-Jun-12,14.15,14.25,13.27,13.34,16614
20-Jun-12,14.29,14.44,13.85,14.14,42454
19-Jun-12,14.30,14.55,14.24,14.36,68088
18-Jun-12,14.61,14.61,14.25,14.33,14006
15-Jun-12,14.53,14.84,14.19,14.61,48738
14-Jun-12,14.35,14.75,14.21,14.73,19461
13-Jun-12,14.49,14.55,14.29,14.31,11082
12-Jun-12,14.76,14.76,14.32,14.46,14087
11-Jun-12,15.25,15.25,14.55,14.67,17315
8-Jun-12,15.01,15.23,14.59,15.20,12948
7-Jun-12,14.80,15.23,14.63,15.11,13490
6-Jun-12,14.34,14.88,14.29,14.64,18037
5-Jun-12,14.33,14.50,14.09,14.33,12371
4-Jun-12,14.59,14.84,14.01,14.32,51681
1-Jun-12,14.76,15.03,14.48,14.48,15077
31-May-12,15.16,15.34,14.86,14.87,50885
30-May-12,15.10,15.20,15.00,15.08,15973
29-May-12,15.33,15.33,15.02,15.16,11578
25-May-12,15.23,15.36,15.06,15.31,10400
24-May-12,15.03,15.23,15.02,15.23,19959
23-May-12,15.05,15.19,14.87,14.95,25945
22-May-12,15.05,15.22,14.96,15.05,18559
21-May-12,15.09,15.09,14.85,15.05,14144
18-May-12,14.85,15.17,14.85,15.06,18946
17-May-12,15.14,15.25,14.86,14.89,27765
16-May-12,14.99,15.15,14.89,15.05,12767
15-May-12,14.87,15.00,14.64,14.90,22374
14-May-12,14.68,14.99,14.65,14.94,45439
11-May-12,14.79,14.98,14.63,14.87,11080
10-May-12,14.82,15.00,14.74,15.00,4576
9-May-12,14.75,14.84,14.40,14.71,19646
8-May-12,14.09,14.90,14.09,14.85,17077
7-May-12,13.95,14.37,13.95,14.17,12750
4-May-12,14.14,14.19,13.83,13.97,33290
3-May-12,13.95,14.23,13.95,14.15,16424
2-May-12,13.89,14.04,13.68,14.02,17507
1-May-12,13.66,14.41,13.55,13.91,26319
30-Apr-12,13.87,13.88,13.60,13.62,14635
27-Apr-12,13.77,13.84,13.73,13.84,13796
26-Apr-12,13.79,13.80,13.66,13.79,6935
25-Apr-12,13.66,13.80,13.60,13.74,11493
24-Apr-12,13.36,13.59,13.36,13.54,7386
23-Apr-12,13.53,13.60,13.31,13.41,26982
20-Apr-12,13.84,13.84,13.64,13.76,17449
19-Apr-12,13.68,13.80,13.50,13.51,12585
18-Apr-12,13.68,14.15,13.58,13.70,17610
17-Apr-12,13.43,13.64,13.28,13.47,17508
16-Apr-12,13.57,13.70,13.40,13.40,18819
13-Apr-12,13.45,13.79,13.45,13.56,16461
12-Apr-12,13.61,13.93,13.57,13.76,13775
11-Apr-12,13.53,13.78,13.44,13.68,17682
10-Apr-12,13.29,13.55,13.12,13.35,26190
9-Apr-12,13.30,13.40,13.10,13.25,9496
5-Apr-12,13.41,13.76,13.11,13.56,14524
4-Apr-12,13.42,13.58,13.37,13.43,22626
3-Apr-12,13.78,13.85,13.42,13.51,19064
2-Apr-12,13.63,14.00,13.58,13.86,18674
30-Mar-12,13.89,13.96,13.66,13.67,10901
29-Mar-12,14.07,14.11,13.70,13.82,12753
28-Mar-12,13.79,14.20,13.48,14.12,16412
27-Mar-12,13.98,14.04,13.67,13.79,12144
26-Mar-12,13.84,14.09,13.60,14.02,14330
23-Mar-12,13.34,13.77,13.22,13.68,17811
22-Mar-12,13.23,13.44,13.18,13.32,10114
21-Mar-12,13.65,13.65,13.28,13.34,12772
20-Mar-12,13.64,13.78,13.48,13.58,17416
19-Mar-12,13.64,13.96,13.60,13.77,26125
16-Mar-12,13.95,13.95,13.56,13.61,41837
15-Mar-12,13.89,14.02,13.71,13.98,7345
14-Mar-12,13.96,14.08,13.72,13.82,9353
13-Mar-12,14.07,14.07,13.72,13.88,19905
12-Mar-12,13.50,14.04,13.50,13.91,20266
9-Mar-12,13.91,14.17,13.86,14.07,14851
8-Mar-12,13.95,13.99,13.72,13.85,8890
7-Mar-12,14.01,14.20,13.74,13.92,14695
6-Mar-12,13.60,14.17,13.60,14.00,21390
5-Mar-12,12.73,13.69,12.73,13.69,24934
2-Mar-12,13.50,13.50,12.79,12.82,27452
1-Mar-12,13.76,13.88,13.36,13.55,17401
29-Feb-12,14.47,14.47,13.72,13.77,7885
28-Feb-12,14.41,14.62,14.25,14.50,23789
27-Feb-12,13.95,14.49,13.79,14.36,16857
24-Feb-12,14.59,14.59,13.99,13.99,11091
23-Feb-12,14.27,14.62,14.10,14.59,7554
22-Feb-12,13.99,14.39,13.97,14.19,10493
21-Feb-12,15.14,15.14,14.00,14.11,26335
17-Feb-12,15.22,15.22,15.08,15.17,6972
16-Feb-12,15.04,15.30,14.71,15.15,17778
15-Feb-12,15.74,15.75,14.93,15.00,27742
14-Feb-12,15.50,15.75,15.46,15.65,20951
13-Feb-12,15.73,15.75,15.47,15.67,8225
10-Feb-12,15.37,15.66,15.26,15.51,11766
9-Feb-12,15.71,15.81,15.47,15.57,8807
8-Feb-12,15.34,15.87,15.28,15.66,13970
7-Feb-12,15.11,15.35,14.95,15.35,7796
6-Feb-12,15.60,15.67,15.06,15.18,16082
3-Feb-12,15.63,16.00,15.44,15.73,20510
2-Feb-12,15.51,15.65,14.10,15.62,9796
1-Feb-12,15.05,15.57,15.05,15.56,22586
31-Jan-12,14.96,15.36,14.96,15.26,16904
30-Jan-12,15.10,15.40,14.93,15.29,9310
27-Jan-12,14.86,15.32,14.80,15.27,19512
26-Jan-12,15.20,15.22,14.97,15.13,9992
25-Jan-12,15.16,15.19,14.85,15.19,11718
24-Jan-12,14.55,15.15,14.55,15.11,18460
23-Jan-12,14.73,14.77,14.44,14.62,3516
20-Jan-12,14.52,14.71,14.28,14.65,9821
19-Jan-12,14.16,14.59,14.04,14.51,6263
18-Jan-12,13.76,14.22,13.50,14.22,11100
17-Jan-12,13.92,13.92,13.59,13.77,28470
13-Jan-12,13.83,13.83,13.83,13.83,0
12-Jan-12,14.22,14.23,14.16,14.20,3575
11-Jan-12,13.95,14.20,13.95,14.20,9819
10-Jan-12,13.89,14.05,13.89,14.00,9769
9-Jan-12,13.80,13.82,13.67,13.72,12536
6-Jan-12,14.29,14.29,14.01,14.17,1701
5-Jan-12,14.25,14.42,14.10,14.25,6366
4-Jan-12,14.74,14.74,14.33,14.35,5936
3-Jan-12,14.45,14.90,14.24,14.88,10435
30-Dec-11,14.16,14.16,14.16,14.16,0
29-Dec-11,14.09,14.34,14.09,14.34,10863
28-Dec-11,14.16,14.26,14.05,14.13,9284
27-Dec-11,14.55,14.66,14.29,14.33,9290
23-Dec-11,14.66,14.66,14.66,14.66,0
22-Dec-11,14.61,14.80,14.48,14.80,4984
21-Dec-11,14.51,14.51,14.01,14.38,7647
20-Dec-11,14.30,14.58,14.30,14.51,19854
19-Dec-11,14.51,14.52,14.00,14.04,40056
16-Dec-11,14.91,14.94,14.31,14.40,63876
15-Dec-11,14.42,14.77,14.21,14.77,55169
14-Dec-11,14.00,14.30,14.00,14.30,35380
13-Dec-11,14.00,14.31,14.00,14.08,21698
12-Dec-11,14.17,14.26,14.05,14.14,5855
9-Dec-11,14.21,14.31,14.00,14.27,17646
8-Dec-11,14.00,14.00,13.83,13.92,16782
7-Dec-11,14.00,14.16,13.83,14.05,27428
6-Dec-11,13.77,14.16,13.32,14.03,35488
5-Dec-11,13.62,13.76,12.72,13.76,18575
2-Dec-11,13.50,13.62,13.22,13.47,10227
1-Dec-11,13.54,13.85,13.18,13.29,20175
30-Nov-11,12.69,13.77,12.29,13.65,54217
29-Nov-11,12.30,12.42,12.11,12.22,9820
28-Nov-11,11.92,12.41,11.92,12.35,20005
25-Nov-11,11.87,12.23,11.55,11.62,8377
23-Nov-11,11.94,11.94,11.94,11.94,0
22-Nov-11,13.49,13.54,12.78,12.85,11449
21-Nov-11,13.98,14.05,13.53,13.55,12996
18-Nov-11,14.07,14.28,13.73,14.21,11920
17-Nov-11,13.88,14.11,13.56,14.09,12515
16-Nov-11,14.30,14.37,13.66,13.90,14882
15-Nov-11,13.60,14.50,13.54,14.43,28730
14-Nov-11,13.73,13.90,13.48,13.64,57478
11-Nov-11,13.80,13.83,13.60,13.82,15682
10-Nov-11,13.51,13.86,13.45,13.64,31084
9-Nov-11,13.40,13.70,13.25,13.26,27743
8-Nov-11,13.32,13.70,13.13,13.60,49351
7-Nov-11,13.15,13.26,12.89,13.19,11696
4-Nov-11,13.21,13.25,13.11,13.22,3577
3-Nov-11,12.75,13.39,12.53,13.36,18863
2-Nov-11,12.42,12.65,12.36,12.63,25582
1-Nov-11,12.05,12.67,11.53,12.15,22297
31-Oct-11,12.16,12.65,12.16,12.52,13658
28-Oct-11,12.33,12.65,12.21,12.38,20307
27-Oct-11,12.50,12.50,11.90,12.50,52450
26-Oct-11,12.41,12.57,12.34,12.50,15265
25-Oct-11,12.51,12.53,12.30,12.34,21404
24-Oct-11,12.54,12.65,12.41,12.57,22558
21-Oct-11,12.69,12.69,12.25,12.56,17609
20-Oct-11,12.34,12.55,12.34,12.42,2855
19-Oct-11,12.64,12.70,12.32,12.33,15946
18-Oct-11,12.77,13.30,12.44,12.58,22506
17-Oct-11,12.52,12.98,12.51,12.65,20419
14-Oct-11,12.61,12.73,12.46,12.69,12997
13-Oct-11,12.89,12.90,12.36,12.50,9777
12-Oct-11,12.50,13.16,12.28,13.11,24553
11-Oct-11,12.65,12.71,12.31,12.50,29249
10-Oct-11,12.32,12.74,12.23,12.73,23230
7-Oct-11,13.09,13.19,12.06,12.29,24107
6-Oct-11,13.15,13.20,12.99,13.20,11109
5-Oct-11,13.10,13.29,13.04,13.25,5120
4-Oct-11,11.94,13.42,11.94,13.17,38073
3-Oct-11,12.06,12.30,11.91,12.00,31679
30-Sep-11,13.08,13.20,12.03,12.04,46210
29-Sep-11,12.30,13.31,12.30,13.25,31263
