Date,Open,High,Low,Close,Volume
26-Sep-12,3.75,3.75,3.70,3.75,1500
25-Sep-12,3.85,3.85,3.70,3.78,17803
24-Sep-12,3.69,3.87,3.69,3.84,773
21-Sep-12,3.79,3.79,3.65,3.65,2033
20-Sep-12,3.77,3.83,3.75,3.83,500
19-Sep-12,3.90,3.90,3.79,3.84,900
18-Sep-12,3.85,3.89,3.85,3.89,200
17-Sep-12,3.90,3.90,3.90,3.90,100
14-Sep-12,3.79,3.89,3.79,3.89,1200
13-Sep-12,3.79,3.80,3.75,3.80,2200
12-Sep-12,3.79,3.79,3.75,3.75,3250
11-Sep-12,3.80,3.80,3.80,3.80,100
10-Sep-12,3.80,3.80,3.75,3.80,800
7-Sep-12,3.75,3.80,3.75,3.80,29201
6-Sep-12,3.76,3.85,3.75,3.85,15571
5-Sep-12,3.82,3.82,3.76,3.81,4719
4-Sep-12,3.82,3.85,3.71,3.85,2300
31-Aug-12,3.75,3.85,3.75,3.85,800
30-Aug-12,3.71,3.80,3.65,3.80,6045
29-Aug-12,3.71,3.75,3.60,3.75,4460
28-Aug-12,3.67,3.75,3.62,3.75,1325
27-Aug-12,3.62,3.72,3.55,3.72,3000
24-Aug-12,3.71,3.72,3.67,3.72,1302
23-Aug-12,3.72,3.75,3.70,3.75,22650
22-Aug-12,3.71,3.72,3.71,3.72,13100
21-Aug-12,3.72,3.72,3.52,3.72,6564
20-Aug-12,3.64,3.75,3.62,3.75,1200
17-Aug-12,3.55,3.75,3.52,3.75,1117
16-Aug-12,3.74,3.79,3.64,3.79,1800
15-Aug-12,3.65,3.80,3.31,3.79,2100
14-Aug-12,3.79,3.85,3.55,3.85,15010
13-Aug-12,3.80,3.85,3.55,3.85,3000
10-Aug-12,3.94,3.94,3.69,3.89,7114
9-Aug-12,4.00,4.00,3.75,3.95,24080
8-Aug-12,4.02,4.17,4.00,4.16,1471
7-Aug-12,4.14,4.17,4.14,4.17,300
6-Aug-12,4.10,4.17,4.08,4.15,3407
3-Aug-12,4.08,4.14,4.08,4.10,600
2-Aug-12,4.01,4.12,3.81,4.12,1400
1-Aug-12,4.13,4.13,3.78,4.13,1700
31-Jul-12,4.00,4.15,4.00,4.14,4300
30-Jul-12,4.10,4.15,3.84,4.14,3618
27-Jul-12,4.16,4.16,4.16,4.16,100
26-Jul-12,3.98,4.20,3.90,4.00,6300
25-Jul-12,4.07,4.20,4.00,4.15,1000
24-Jul-12,4.14,4.15,3.95,4.15,7848
23-Jul-12,4.12,4.20,4.12,4.19,3300
20-Jul-12,4.19,4.19,3.85,4.18,4100
19-Jul-12,4.16,4.20,4.16,4.20,300
18-Jul-12,4.20,4.20,4.20,4.20,100
17-Jul-12,4.20,4.20,3.89,4.20,300
16-Jul-12,4.19,4.20,4.19,4.20,1200
13-Jul-12,4.15,4.15,3.81,4.15,1500
12-Jul-12,4.11,4.15,4.11,4.15,300
11-Jul-12,4.11,4.13,4.11,4.13,200
10-Jul-12,4.10,4.14,4.10,4.14,482
9-Jul-12,4.03,4.17,4.03,4.14,5000
6-Jul-12,4.01,4.21,3.99,4.21,4900
5-Jul-12,4.14,4.14,4.01,4.13,3500
3-Jul-12,4.12,4.16,4.03,4.10,600
2-Jul-12,4.19,4.20,4.03,4.06,2376
29-Jun-12,4.17,4.20,4.17,4.18,1892
28-Jun-12,4.13,4.20,4.13,4.20,500
27-Jun-12,4.04,4.20,4.04,4.20,300
26-Jun-12,4.08,4.08,4.07,4.08,420
25-Jun-12,4.08,4.08,4.05,4.07,900
22-Jun-12,4.12,4.20,3.79,4.16,7300
21-Jun-12,4.20,4.25,4.00,4.20,3044
20-Jun-12,4.11,4.28,4.11,4.24,700
19-Jun-12,4.33,4.33,4.29,4.29,200
18-Jun-12,4.31,4.32,4.31,4.32,300
15-Jun-12,4.20,4.49,4.01,4.32,4172
14-Jun-12,4.45,4.45,4.45,4.45,100
13-Jun-12,4.50,4.50,4.50,4.50,100
12-Jun-12,4.50,4.50,4.50,4.50,100
11-Jun-12,4.50,4.50,4.50,4.50,300
8-Jun-12,4.50,4.50,4.50,4.50,322
7-Jun-12,4.50,4.50,4.50,4.50,829
6-Jun-12,4.48,4.50,4.45,4.50,400
5-Jun-12,4.39,4.50,4.34,4.50,600
4-Jun-12,4.50,4.50,4.20,4.50,1011
1-Jun-12,4.20,4.58,4.10,4.50,6625
31-May-12,4.58,4.58,4.22,4.22,313
30-May-12,4.58,4.58,4.58,4.58,100
29-May-12,4.39,4.57,4.39,4.55,300
25-May-12,4.30,4.39,4.30,4.37,600
24-May-12,4.29,4.30,4.29,4.30,200
23-May-12,4.30,4.30,4.30,4.30,150
22-May-12,4.25,4.30,4.14,4.30,1659
21-May-12,4.24,4.24,4.24,4.24,300
18-May-12,4.18,4.28,4.15,4.28,3830
17-May-12,4.32,4.36,4.30,4.30,300
16-May-12,4.36,4.37,4.15,4.37,800
15-May-12,4.36,4.37,4.34,4.37,300
14-May-12,4.38,4.38,4.11,4.38,300
11-May-12,4.39,4.39,4.05,4.39,900
10-May-12,4.39,4.39,4.39,4.39,350
9-May-12,4.37,4.38,4.27,4.38,3528
8-May-12,4.36,4.39,4.36,4.39,1225
7-May-12,4.36,4.36,4.36,4.36,100
4-May-12,4.36,4.36,4.36,4.36,125
3-May-12,4.39,4.39,4.10,4.38,2400
2-May-12,4.38,4.38,4.34,4.38,300
1-May-12,4.39,4.39,4.39,4.39,300
30-Apr-12,4.37,4.39,4.37,4.39,200
27-Apr-12,4.36,4.39,4.36,4.39,258
26-Apr-12,4.39,4.39,4.25,4.39,6153
25-Apr-12,4.40,4.40,4.10,4.35,1300
24-Apr-12,4.37,4.37,4.37,4.37,100
23-Apr-12,4.31,4.35,4.31,4.35,400
20-Apr-12,4.34,4.38,4.34,4.38,350
19-Apr-12,4.29,4.39,4.29,4.39,3550
18-Apr-12,4.29,4.39,4.29,4.35,2100
17-Apr-12,4.34,4.35,4.11,4.35,2635
16-Apr-12,4.37,4.37,4.34,4.34,354
13-Apr-12,4.25,4.39,4.06,4.33,5971
12-Apr-12,4.27,4.28,4.25,4.25,1000
11-Apr-12,4.27,4.29,4.27,4.29,900
10-Apr-12,4.35,4.40,4.27,4.29,2400
9-Apr-12,4.33,4.35,4.10,4.35,2744
5-Apr-12,4.24,4.35,4.05,4.35,2723
4-Apr-12,4.20,4.35,3.91,4.35,17123
3-Apr-12,4.24,4.27,3.91,4.20,240738
2-Apr-12,4.34,4.34,4.11,4.20,6906
30-Mar-12,4.37,4.42,4.37,4.42,1200
29-Mar-12,4.41,4.43,4.19,4.30,7395
28-Mar-12,4.80,4.80,4.25,4.45,24299
27-Mar-12,4.75,4.75,4.75,4.75,2500
26-Mar-12,4.43,4.63,4.43,4.61,1893
23-Mar-12,4.54,4.63,4.48,4.61,2200
22-Mar-12,4.55,4.62,4.55,4.62,200
21-Mar-12,4.56,4.63,4.54,4.63,800
20-Mar-12,4.50,4.60,4.50,4.60,3025
19-Mar-12,4.50,4.60,4.50,4.58,6011
16-Mar-12,4.58,4.63,4.45,4.57,2959
15-Mar-12,4.71,4.71,4.45,4.45,1402
14-Mar-12,4.72,4.72,4.72,4.72,0
13-Mar-12,4.59,4.72,4.59,4.72,1283
12-Mar-12,4.58,4.71,4.57,4.71,600
9-Mar-12,4.73,4.73,4.73,4.73,100
8-Mar-12,4.73,4.73,4.60,4.72,934
7-Mar-12,4.71,4.73,4.71,4.73,200
6-Mar-12,4.76,4.76,4.76,4.76,100
5-Mar-12,4.76,4.76,4.61,4.75,1200
2-Mar-12,4.73,4.78,4.70,4.76,1400
1-Mar-12,4.73,4.79,4.73,4.75,1534
29-Feb-12,4.64,4.74,4.64,4.74,1400
28-Feb-12,4.69,4.73,4.69,4.73,500
27-Feb-12,4.75,4.79,4.60,4.79,2746
24-Feb-12,4.60,4.79,4.60,4.78,500
23-Feb-12,4.59,4.78,4.52,4.57,4043
22-Feb-12,4.52,4.78,4.41,4.64,46384
21-Feb-12,4.57,4.65,4.36,4.52,23213
17-Feb-12,4.57,4.58,4.43,4.58,51340
16-Feb-12,4.52,4.54,4.37,4.54,14035
15-Feb-12,4.49,4.50,4.40,4.50,114601
14-Feb-12,4.35,4.50,4.35,4.48,31920
13-Feb-12,4.36,4.50,4.00,4.43,538626
10-Feb-12,4.46,4.62,4.45,4.45,5513
9-Feb-12,4.65,4.69,4.35,4.50,19165
8-Feb-12,4.59,4.75,4.59,4.70,1400
7-Feb-12,4.59,4.75,4.55,4.55,38250
6-Feb-12,4.49,4.60,4.46,4.52,17646
3-Feb-12,4.34,4.45,4.34,4.45,3400
2-Feb-12,4.45,4.49,4.33,4.33,5827
1-Feb-12,4.64,4.75,4.42,4.42,18450
31-Jan-12,4.65,4.75,4.44,4.75,10301
30-Jan-12,4.69,4.75,4.60,4.60,9571
27-Jan-12,4.64,4.67,4.64,4.67,11100
26-Jan-12,4.94,4.94,4.60,4.67,6519
25-Jan-12,5.25,5.31,4.92,4.92,8358
24-Jan-12,4.90,5.33,4.90,5.17,700
23-Jan-12,4.89,4.90,4.85,4.90,7034
20-Jan-12,4.80,4.90,4.80,4.90,200
19-Jan-12,4.90,4.90,4.80,4.80,1810
18-Jan-12,4.90,5.00,4.66,4.66,1575
17-Jan-12,4.95,4.95,4.95,4.95,0
13-Jan-12,4.95,4.95,4.95,4.95,0
12-Jan-12,4.77,5.00,4.75,4.90,22550
11-Jan-12,5.00,5.02,4.88,4.88,10000
10-Jan-12,5.13,5.13,4.90,4.90,15882
9-Jan-12,4.58,5.16,4.58,5.00,50955
6-Jan-12,4.32,4.65,4.32,4.62,7285
5-Jan-12,4.22,4.33,4.14,4.33,5894
4-Jan-12,4.01,4.01,4.00,4.00,1159
3-Jan-12,4.10,4.20,4.04,4.07,500
30-Dec-11,4.00,4.00,4.00,4.00,0
29-Dec-11,4.37,4.37,3.80,3.97,2335
28-Dec-11,3.83,4.00,3.59,3.84,2445
27-Dec-11,3.67,3.80,3.43,3.80,1133
23-Dec-11,3.60,3.60,3.60,3.60,0
22-Dec-11,3.68,3.68,3.49,3.56,3030
21-Dec-11,3.36,3.40,3.36,3.40,11906
20-Dec-11,3.40,3.40,3.40,3.40,700
19-Dec-11,3.46,3.55,3.42,3.45,4879
16-Dec-11,4.18,4.40,3.40,3.40,10165
15-Dec-11,3.70,4.01,3.70,3.93,9051
14-Dec-11,3.65,3.77,3.60,3.61,1800
13-Dec-11,3.62,3.62,3.62,3.62,0
12-Dec-11,3.65,3.65,3.65,3.65,0
7-Dec-11,3.64,3.64,3.64,3.64,0
6-Dec-11,3.65,3.65,3.65,3.65,100
5-Dec-11,3.54,3.62,3.53,3.62,370
1-Dec-11,3.60,3.60,3.60,3.60,0
30-Nov-11,3.61,3.67,3.56,3.65,4050
29-Nov-11,3.33,3.58,3.31,3.58,1731
28-Nov-11,3.53,3.55,3.29,3.32,28553
25-Nov-11,3.51,3.55,3.50,3.51,5856
23-Nov-11,3.56,3.56,3.56,3.56,0
22-Nov-11,3.67,3.67,3.67,3.67,100
21-Nov-11,3.68,3.68,3.61,3.61,300
18-Nov-11,3.59,3.75,3.55,3.75,23557
16-Nov-11,3.71,3.71,3.71,3.71,0
15-Nov-11,3.50,3.74,3.50,3.70,17127
14-Nov-11,3.61,3.77,3.61,3.72,700
11-Nov-11,3.75,3.76,3.70,3.70,2800
10-Nov-11,3.70,3.70,3.50,3.55,4836
9-Nov-11,4.07,4.08,3.55,3.70,15396
7-Nov-11,3.70,3.70,3.70,3.70,0
4-Nov-11,3.52,3.62,3.50,3.62,47235
3-Nov-11,3.45,3.70,3.45,3.64,47071
2-Nov-11,3.46,3.46,3.44,3.44,5000
1-Nov-11,3.48,3.49,3.45,3.46,15590
31-Oct-11,3.46,3.47,3.41,3.45,51223
28-Oct-11,3.60,3.60,3.59,3.60,4280
27-Oct-11,3.69,3.69,3.45,3.50,11861
26-Oct-11,3.45,3.45,3.45,3.45,6875
25-Oct-11,3.45,3.47,3.41,3.43,20011
24-Oct-11,3.43,3.46,3.40,3.45,39500
21-Oct-11,3.51,3.51,3.51,3.51,100
20-Oct-11,3.43,3.43,3.43,3.43,0
19-Oct-11,3.42,3.46,3.42,3.45,9200
18-Oct-11,3.43,3.46,3.41,3.41,10875
17-Oct-11,3.43,3.43,3.41,3.41,1918
12-Oct-11,3.55,3.55,3.55,3.55,0
11-Oct-11,3.36,3.52,3.36,3.52,10200
4-Oct-11,3.35,3.35,3.35,3.35,0
29-Sep-11,3.35,3.35,3.35,3.35,0
