Date,Open,High,Low,Close,Volume
26-Sep-12,28.35,28.38,27.70,28.29,99568
25-Sep-12,29.30,29.37,28.28,28.35,103531
24-Sep-12,29.83,29.83,29.07,29.18,93670
21-Sep-12,29.58,30.04,29.41,29.84,166304
20-Sep-12,30.00,30.13,29.14,29.22,44082
19-Sep-12,30.70,30.70,29.90,30.17,28612
18-Sep-12,30.66,30.91,30.29,30.54,38409
17-Sep-12,30.01,30.53,29.39,30.41,42627
14-Sep-12,29.89,30.57,29.77,30.04,46072
13-Sep-12,29.28,29.71,28.94,29.71,104489
12-Sep-12,29.37,29.74,28.55,29.33,43436
11-Sep-12,28.55,29.76,28.55,29.29,60330
10-Sep-12,28.63,28.75,28.34,28.54,69470
7-Sep-12,29.15,29.15,28.47,28.69,131785
6-Sep-12,28.58,29.20,28.44,29.01,155754
5-Sep-12,28.20,28.53,27.01,28.39,69237
4-Sep-12,28.00,28.45,27.82,28.25,147313
31-Aug-12,28.10,28.10,27.86,28.03,45470
30-Aug-12,27.90,28.00,27.71,27.87,37480
29-Aug-12,28.18,28.18,27.88,28.01,95871
28-Aug-12,28.00,28.31,28.00,28.08,70880
27-Aug-12,28.49,28.49,27.96,28.05,63360
24-Aug-12,28.03,28.50,27.98,28.26,117740
23-Aug-12,28.26,28.26,27.78,28.03,143846
22-Aug-12,29.00,29.02,28.11,28.20,131301
21-Aug-12,29.51,29.70,28.93,29.01,218562
20-Aug-12,29.37,29.59,29.18,29.49,229282
17-Aug-12,29.15,29.52,29.01,29.32,87573
16-Aug-12,28.25,29.48,27.81,29.26,138437
15-Aug-12,28.20,28.49,27.95,28.24,93338
14-Aug-12,28.56,28.56,27.95,28.34,113714
13-Aug-12,28.19,28.50,28.00,28.50,60040
10-Aug-12,28.39,28.59,28.11,28.32,70907
9-Aug-12,28.55,28.60,28.43,28.50,113796
8-Aug-12,28.45,29.64,28.17,28.50,506751
7-Aug-12,30.24,30.36,29.82,29.95,90755
6-Aug-12,29.97,30.30,29.91,30.10,129548
3-Aug-12,30.19,30.47,29.27,29.80,273607
2-Aug-12,27.50,29.84,27.13,29.19,315634
1-Aug-12,28.25,28.25,27.33,27.58,96204
31-Jul-12,27.97,28.35,27.85,28.00,80818
30-Jul-12,28.27,28.35,27.65,28.14,60295
27-Jul-12,28.14,28.38,28.10,28.23,87910
26-Jul-12,28.00,28.24,27.62,28.12,93618
25-Jul-12,28.14,28.29,27.64,27.85,72212
24-Jul-12,29.04,29.04,27.64,28.02,118282
23-Jul-12,29.05,29.66,28.54,28.83,72892
20-Jul-12,29.56,29.91,29.56,29.61,62227
19-Jul-12,29.86,30.03,29.58,29.69,41566
18-Jul-12,29.64,30.00,29.64,29.81,34389
17-Jul-12,29.47,29.67,29.24,29.64,86444
16-Jul-12,29.60,29.60,29.28,29.38,70163
13-Jul-12,29.94,30.32,29.64,29.70,57136
12-Jul-12,29.65,30.00,29.33,29.86,57096
11-Jul-12,29.89,30.09,29.48,29.99,82643
10-Jul-12,30.20,30.35,29.84,29.92,51182
9-Jul-12,30.02,30.16,29.75,30.00,126839
6-Jul-12,29.64,30.05,29.45,30.02,86845
5-Jul-12,30.00,30.19,29.87,29.98,163629
3-Jul-12,30.08,30.24,29.95,30.08,114954
2-Jul-12,29.54,30.06,29.49,30.03,199943
29-Jun-12,29.51,29.64,29.34,29.62,123965
28-Jun-12,28.75,28.97,28.39,28.88,105405
27-Jun-12,28.27,29.23,28.25,29.07,169872
26-Jun-12,28.70,28.96,27.53,28.31,402489
25-Jun-12,28.81,28.86,28.49,28.74,115453
22-Jun-12,28.59,29.59,28.40,29.16,975127
21-Jun-12,28.69,28.88,28.25,28.43,178475
20-Jun-12,28.36,28.74,28.36,28.70,194354
19-Jun-12,28.30,28.83,28.03,28.40,173707
18-Jun-12,27.40,28.30,27.40,28.25,127326
15-Jun-12,27.60,27.75,27.49,27.65,137249
14-Jun-12,27.48,27.85,27.34,27.57,108959
13-Jun-12,27.49,28.00,26.98,27.61,188207
12-Jun-12,27.30,27.67,26.96,27.48,94856
11-Jun-12,27.38,27.53,27.03,27.06,187926
8-Jun-12,27.11,27.47,27.01,27.33,124854
7-Jun-12,26.36,28.13,26.12,27.32,571411
6-Jun-12,24.98,26.16,24.98,26.05,133805
5-Jun-12,24.06,24.95,24.03,24.86,76017
4-Jun-12,23.87,24.33,23.59,24.21,102242
1-Jun-12,23.68,24.11,23.54,23.75,78328
31-May-12,24.51,24.53,23.95,24.24,269478
30-May-12,24.53,24.87,24.36,24.57,64179
29-May-12,24.28,24.92,23.98,24.83,161373
25-May-12,24.33,24.36,23.96,24.16,39104
24-May-12,24.23,24.28,23.90,24.23,22167
23-May-12,23.96,24.33,23.76,24.23,37559
22-May-12,25.08,25.13,24.08,24.25,119270
21-May-12,24.53,25.04,24.52,25.00,112475
18-May-12,24.74,25.18,24.18,24.44,71514
17-May-12,25.11,25.26,24.79,24.81,50055
16-May-12,25.24,25.40,25.10,25.16,117192
15-May-12,25.30,25.50,25.11,25.20,77635
14-May-12,25.29,25.60,25.12,25.35,142894
11-May-12,25.37,25.99,25.37,25.50,107941
10-May-12,24.51,26.21,24.40,25.64,354671
9-May-12,23.33,24.38,23.08,24.21,264070
8-May-12,22.89,23.83,22.77,23.68,103252
7-May-12,23.05,23.34,22.85,23.12,36474
4-May-12,23.54,23.64,23.03,23.11,44419
3-May-12,24.04,24.04,23.46,23.74,51341
2-May-12,23.60,24.17,23.30,24.07,81985
1-May-12,23.65,24.75,23.65,23.82,133172
30-Apr-12,23.56,23.74,23.31,23.70,90480
27-Apr-12,22.40,23.72,22.18,23.53,230521
26-Apr-12,22.27,22.56,21.74,22.35,184192
25-Apr-12,22.29,22.56,22.08,22.28,147517
24-Apr-12,22.02,22.42,21.92,22.01,180970
23-Apr-12,21.76,22.19,21.76,22.07,72227
20-Apr-12,22.29,22.30,21.73,22.03,111546
19-Apr-12,21.78,21.93,21.49,21.75,66205
18-Apr-12,21.69,21.85,21.45,21.78,77757
17-Apr-12,21.88,22.37,21.62,21.79,64613
16-Apr-12,21.93,21.99,21.46,21.65,43899
13-Apr-12,22.11,22.21,21.72,21.80,56189
12-Apr-12,21.93,22.26,21.93,22.22,81527
11-Apr-12,21.69,22.17,21.49,21.96,86111
10-Apr-12,21.61,21.72,21.42,21.49,84462
9-Apr-12,21.64,21.80,21.46,21.71,69342
5-Apr-12,21.89,22.19,21.69,22.17,68984
4-Apr-12,22.50,22.55,22.00,22.04,69288
3-Apr-12,22.72,22.78,22.31,22.75,153959
2-Apr-12,22.41,22.80,22.25,22.74,186392
30-Mar-12,22.42,22.70,22.22,22.55,143359
29-Mar-12,22.14,22.42,22.00,22.19,58023
28-Mar-12,22.39,22.47,22.13,22.24,74882
27-Mar-12,22.31,22.70,22.24,22.38,82011
26-Mar-12,21.56,22.34,21.48,22.24,101241
23-Mar-12,21.07,21.35,20.90,21.29,154867
22-Mar-12,21.62,21.62,20.99,21.01,167375
21-Mar-12,21.93,22.49,21.67,21.86,84579
20-Mar-12,22.03,22.08,21.70,21.82,88335
19-Mar-12,22.50,22.60,22.20,22.22,128202
16-Mar-12,22.96,22.96,22.31,22.59,103755
15-Mar-12,22.86,23.19,22.68,22.89,53100
14-Mar-12,23.09,23.30,22.78,22.88,56404
13-Mar-12,22.39,23.40,22.25,23.19,269089
12-Mar-12,22.37,22.43,22.00,22.24,63311
9-Mar-12,22.06,22.52,21.64,22.35,174155
8-Mar-12,22.26,22.26,21.89,22.11,38495
7-Mar-12,22.12,22.39,21.95,22.14,74288
6-Mar-12,21.60,22.34,21.60,21.96,169792
5-Mar-12,21.99,22.31,21.64,21.94,173622
2-Mar-12,22.42,22.42,21.67,21.99,86339
1-Mar-12,22.47,22.56,22.32,22.39,105426
29-Feb-12,22.94,23.15,22.28,22.28,83170
28-Feb-12,23.07,23.11,22.66,22.85,76906
27-Feb-12,23.24,23.24,22.83,22.99,90610
24-Feb-12,23.75,24.06,23.25,23.42,49155
23-Feb-12,23.88,24.02,23.61,23.80,44747
22-Feb-12,24.46,24.46,23.77,23.79,59917
21-Feb-12,24.57,24.73,24.31,24.52,107308
17-Feb-12,24.70,24.75,24.47,24.60,73228
16-Feb-12,23.96,24.91,23.96,24.56,99781
15-Feb-12,24.25,24.38,23.97,24.04,182056
14-Feb-12,23.80,24.31,23.80,24.10,159111
13-Feb-12,23.75,24.06,23.22,23.89,139398
10-Feb-12,23.53,23.84,23.28,23.44,144665
9-Feb-12,24.02,24.02,23.53,23.75,202550
8-Feb-12,23.99,23.99,23.99,23.99,0
7-Feb-12,24.02,24.52,23.94,24.46,100776
6-Feb-12,24.18,24.36,23.75,24.19,120734
3-Feb-12,24.40,24.86,24.34,24.35,155739
2-Feb-12,24.13,24.44,24.03,24.30,98362
1-Feb-12,24.34,24.34,24.34,24.34,0
31-Jan-12,23.68,24.01,23.02,23.50,113948
30-Jan-12,23.48,24.19,23.02,23.50,191917
27-Jan-12,22.96,23.50,22.96,23.48,68476
26-Jan-12,22.99,22.99,22.99,22.99,0
25-Jan-12,23.02,23.37,22.74,23.01,106435
24-Jan-12,22.80,23.24,22.66,23.08,116704
23-Jan-12,22.99,23.15,22.69,23.12,54710
20-Jan-12,22.50,23.03,22.50,22.96,72581
19-Jan-12,22.59,22.59,22.59,22.59,0
18-Jan-12,22.36,22.65,22.12,22.52,148856
17-Jan-12,22.40,22.77,22.17,22.39,109001
13-Jan-12,22.27,22.27,22.27,22.27,0
12-Jan-12,22.42,22.69,22.04,22.35,81569
11-Jan-12,21.93,22.46,21.93,22.42,114935
10-Jan-12,21.77,22.14,21.52,22.07,90737
9-Jan-12,21.81,21.81,21.27,21.48,74965
6-Jan-12,21.80,22.19,21.38,21.90,129839
5-Jan-12,21.23,21.91,20.87,21.74,79518
4-Jan-12,21.57,21.57,21.57,21.57,0
3-Jan-12,21.70,22.37,21.32,22.33,206968
30-Dec-11,21.22,21.22,21.22,21.22,0
29-Dec-11,21.08,21.51,20.88,21.50,120757
28-Dec-11,21.45,21.46,20.88,20.94,71063
27-Dec-11,21.50,21.53,21.21,21.49,88666
23-Dec-11,21.10,21.10,21.10,21.10,0
22-Dec-11,20.70,21.08,20.18,20.98,94394
21-Dec-11,20.64,20.79,20.17,20.66,79015
20-Dec-11,19.92,20.79,19.66,20.63,151729
19-Dec-11,19.54,19.54,19.54,19.54,0
16-Dec-11,19.82,20.22,19.63,19.88,278005
15-Dec-11,20.05,20.17,19.63,19.72,208442
14-Dec-11,20.27,20.27,19.81,19.86,219880
13-Dec-11,21.58,21.58,20.20,20.41,365113
12-Dec-11,21.67,21.76,20.96,21.43,163522
9-Dec-11,21.34,22.09,21.30,22.03,118884
8-Dec-11,21.51,21.70,21.18,21.18,154774
7-Dec-11,21.21,21.78,20.71,21.72,119195
6-Dec-11,21.59,21.65,21.29,21.41,126390
5-Dec-11,21.24,21.94,21.09,21.60,169716
2-Dec-11,21.33,21.70,20.75,20.80,153568
1-Dec-11,21.56,21.89,21.05,21.05,191575
30-Nov-11,21.44,21.96,21.24,21.80,189057
29-Nov-11,20.98,21.18,20.58,20.85,126813
28-Nov-11,20.91,21.28,20.53,20.96,192166
25-Nov-11,19.96,20.30,19.96,20.16,62384
23-Nov-11,20.05,20.05,20.05,20.05,0
22-Nov-11,20.74,20.74,20.05,20.44,173886
21-Nov-11,21.69,21.69,20.67,20.72,224979
18-Nov-11,22.72,23.05,21.92,22.15,116272
17-Nov-11,22.99,23.11,22.48,22.71,156113
16-Nov-11,23.18,23.28,22.87,22.97,269683
15-Nov-11,23.12,23.64,23.05,23.42,208409
14-Nov-11,23.45,23.65,23.22,23.27,184086
11-Nov-11,23.70,23.75,23.45,23.62,143835
10-Nov-11,23.72,23.72,23.04,23.43,263250
9-Nov-11,23.00,23.90,22.71,23.46,352694
8-Nov-11,24.07,24.23,23.26,23.71,396589
7-Nov-11,23.94,24.10,23.40,24.07,186338
4-Nov-11,24.06,24.44,23.51,24.09,370089
3-Nov-11,23.25,24.35,22.14,24.24,3795371
2-Nov-11,26.31,26.36,25.46,26.10,107825
1-Nov-11,25.88,26.49,25.63,25.74,147409
31-Oct-11,26.52,27.50,26.29,27.09,224685
28-Oct-11,27.27,27.51,26.92,27.07,261770
27-Oct-11,27.90,28.50,26.89,27.55,369687
26-Oct-11,27.72,27.72,27.72,27.72,0
25-Oct-11,26.97,27.36,26.50,26.87,138794
24-Oct-11,26.01,27.15,26.01,27.10,136047
21-Oct-11,26.01,26.33,25.60,25.96,192464
20-Oct-11,25.52,25.52,25.52,25.52,0
19-Oct-11,26.08,26.37,25.45,25.82,159069
18-Oct-11,25.94,25.94,25.94,25.94,0
17-Oct-11,26.43,26.67,24.61,24.71,81406
14-Oct-11,26.79,26.92,26.15,26.70,59842
13-Oct-11,26.02,26.55,25.55,26.38,66853
12-Oct-11,26.98,26.98,26.98,26.98,0
11-Oct-11,25.64,26.15,25.30,26.03,108278
10-Oct-11,25.24,26.01,25.02,25.99,141114
7-Oct-11,24.69,24.69,24.69,24.69,0
6-Oct-11,23.01,24.35,23.01,24.27,74031
5-Oct-11,22.39,23.32,22.16,23.05,178636
4-Oct-11,20.68,22.46,20.68,22.42,162013
3-Oct-11,21.58,22.13,20.81,20.87,296140
30-Sep-11,22.33,22.59,21.79,21.85,87724
29-Sep-11,22.55,23.22,21.91,22.79,81679
