Date,Open,High,Low,Close,Volume
26-Sep-12,0.45,0.49,0.45,0.47,65347
25-Sep-12,0.48,0.50,0.46,0.46,47162
24-Sep-12,0.51,0.52,0.48,0.49,102898
21-Sep-12,0.49,0.53,0.45,0.53,19285
20-Sep-12,0.53,0.53,0.44,0.45,18030
19-Sep-12,0.44,0.52,0.44,0.47,19432
18-Sep-12,0.47,0.47,0.44,0.45,5297
17-Sep-12,0.48,0.48,0.45,0.45,12250
14-Sep-12,0.45,0.48,0.44,0.44,12858
13-Sep-12,0.48,0.48,0.45,0.47,25024
12-Sep-12,0.46,0.50,0.45,0.45,25212
11-Sep-12,0.50,0.50,0.46,0.46,5197
10-Sep-12,0.50,0.50,0.47,0.47,58487
7-Sep-12,0.49,0.52,0.49,0.50,45342
6-Sep-12,0.50,0.52,0.49,0.49,38881
5-Sep-12,0.49,0.50,0.49,0.49,80170
4-Sep-12,0.50,0.51,0.49,0.49,26090
31-Aug-12,0.51,0.53,0.49,0.50,32908
30-Aug-12,0.49,0.52,0.49,0.52,33210
29-Aug-12,0.50,0.50,0.49,0.49,44240
28-Aug-12,0.50,0.51,0.49,0.49,49911
27-Aug-12,0.50,0.53,0.50,0.50,47683
24-Aug-12,0.49,0.51,0.49,0.51,72561
23-Aug-12,0.50,0.50,0.48,0.50,15710
22-Aug-12,0.48,0.50,0.48,0.49,15595
21-Aug-12,0.50,0.50,0.48,0.48,30365
20-Aug-12,0.50,0.50,0.48,0.50,59789
17-Aug-12,0.49,0.50,0.48,0.50,42686
16-Aug-12,0.50,0.53,0.48,0.48,101353
15-Aug-12,0.64,0.64,0.47,0.50,462179
14-Aug-12,0.62,0.69,0.57,0.64,158528
13-Aug-12,0.54,0.66,0.54,0.60,120679
10-Aug-12,0.54,0.55,0.54,0.54,52235
9-Aug-12,0.52,0.55,0.52,0.54,43844
8-Aug-12,0.52,0.53,0.50,0.52,96697
7-Aug-12,0.53,0.53,0.50,0.50,65004
6-Aug-12,0.54,0.54,0.51,0.51,64295
3-Aug-12,0.53,0.54,0.50,0.50,61185
2-Aug-12,0.52,0.53,0.50,0.50,125703
1-Aug-12,0.49,0.50,0.44,0.49,140700
31-Jul-12,0.50,0.51,0.49,0.51,9999
30-Jul-12,0.48,0.53,0.48,0.51,50435
27-Jul-12,0.50,0.50,0.47,0.50,30335
26-Jul-12,0.48,0.50,0.47,0.49,22166
25-Jul-12,0.49,0.49,0.47,0.47,25260
24-Jul-12,0.46,0.49,0.46,0.47,73275
23-Jul-12,0.47,0.50,0.46,0.47,113560
20-Jul-12,0.49,0.49,0.46,0.46,41984
19-Jul-12,0.51,0.51,0.46,0.49,160526
18-Jul-12,0.50,0.53,0.50,0.52,51871
17-Jul-12,0.52,0.54,0.48,0.48,53305
16-Jul-12,0.53,0.54,0.51,0.53,46061
13-Jul-12,0.53,0.54,0.50,0.54,37319
12-Jul-12,0.53,0.53,0.50,0.53,61965
11-Jul-12,0.52,0.55,0.52,0.54,68464
10-Jul-12,0.53,0.55,0.52,0.52,60787
9-Jul-12,0.54,0.56,0.51,0.53,15535
6-Jul-12,0.51,0.53,0.50,0.51,74680
5-Jul-12,0.55,0.55,0.49,0.51,123520
3-Jul-12,0.55,0.55,0.51,0.52,33968
2-Jul-12,0.52,0.55,0.51,0.54,76671
29-Jun-12,0.58,0.58,0.51,0.52,117075
28-Jun-12,0.59,0.60,0.56,0.57,127283
27-Jun-12,0.50,0.63,0.46,0.56,338948
26-Jun-12,0.46,0.46,0.41,0.42,302096
25-Jun-12,0.47,0.50,0.46,0.47,53992
22-Jun-12,0.50,0.50,0.47,0.47,140661
21-Jun-12,0.49,0.49,0.48,0.48,66010
20-Jun-12,0.49,0.49,0.47,0.49,56643
19-Jun-12,0.47,0.52,0.46,0.48,151564
18-Jun-12,0.47,0.47,0.45,0.47,42409
15-Jun-12,0.50,0.50,0.45,0.47,133214
14-Jun-12,0.51,0.51,0.48,0.49,88887
13-Jun-12,0.48,0.50,0.48,0.50,276976
12-Jun-12,0.49,0.51,0.49,0.49,249678
11-Jun-12,0.49,0.51,0.48,0.50,200262
8-Jun-12,0.56,0.57,0.49,0.49,319108
7-Jun-12,0.54,0.56,0.52,0.55,131389
6-Jun-12,0.58,0.60,0.54,0.55,143009
5-Jun-12,0.60,0.60,0.57,0.58,46829
4-Jun-12,0.62,0.62,0.59,0.60,78978
1-Jun-12,0.67,0.67,0.62,0.63,43521
31-May-12,0.65,0.66,0.63,0.66,72713
30-May-12,0.70,0.70,0.65,0.66,106616
29-May-12,0.70,0.74,0.69,0.69,82394
25-May-12,0.78,0.78,0.71,0.71,121429
24-May-12,0.80,0.81,0.71,0.74,206805
23-May-12,0.84,0.85,0.77,0.78,220348
22-May-12,1.00,1.25,0.75,0.77,2172441
21-May-12,0.65,0.67,0.65,0.67,46933
18-May-12,0.65,0.72,0.65,0.67,23900
17-May-12,0.65,0.70,0.64,0.68,23069
16-May-12,0.75,0.75,0.65,0.65,55630
15-May-12,0.76,0.79,0.70,0.72,85526
14-May-12,0.65,0.75,0.65,0.75,70559
11-May-12,0.65,0.65,0.64,0.65,37439
10-May-12,0.64,0.65,0.64,0.65,14582
9-May-12,0.63,0.65,0.63,0.65,29625
8-May-12,0.65,0.65,0.63,0.63,6927
7-May-12,0.64,0.65,0.61,0.64,70054
4-May-12,0.65,0.65,0.64,0.64,26306
3-May-12,0.64,0.65,0.64,0.64,41442
2-May-12,0.66,0.66,0.62,0.64,15347
1-May-12,0.66,0.67,0.62,0.62,25258
30-Apr-12,0.70,0.70,0.63,0.66,51721
27-Apr-12,0.66,0.69,0.65,0.67,57684
26-Apr-12,0.60,0.67,0.60,0.65,100986
25-Apr-12,0.63,0.64,0.59,0.60,151585
24-Apr-12,0.68,0.68,0.62,0.62,109565
23-Apr-12,0.75,0.75,0.64,0.66,428354
20-Apr-12,0.80,0.80,0.69,0.73,246093
19-Apr-12,0.85,0.85,0.77,0.77,81379
18-Apr-12,0.91,0.92,0.79,0.82,115229
17-Apr-12,0.92,0.92,0.88,0.91,127504
16-Apr-12,0.87,0.88,0.85,0.88,72043
13-Apr-12,0.87,0.88,0.85,0.87,62596
12-Apr-12,0.88,0.91,0.87,0.89,25925
11-Apr-12,0.89,0.92,0.87,0.89,56536
10-Apr-12,0.95,0.95,0.87,0.89,111442
9-Apr-12,0.95,0.95,0.91,0.94,32289
5-Apr-12,0.99,0.99,0.93,0.95,61534
4-Apr-12,1.00,1.00,0.95,0.98,33657
3-Apr-12,0.99,0.99,0.95,0.98,32937
2-Apr-12,0.97,0.99,0.95,0.99,37759
30-Mar-12,0.98,1.01,0.95,0.98,79505
29-Mar-12,1.02,1.05,0.98,0.99,122361
28-Mar-12,1.00,1.02,0.98,1.00,133879
27-Mar-12,1.04,1.04,0.99,1.00,197851
26-Mar-12,1.04,1.06,1.02,1.02,139597
23-Mar-12,1.06,1.10,1.05,1.05,39702
22-Mar-12,1.13,1.13,1.07,1.07,10138
21-Mar-12,1.05,1.14,1.05,1.08,23765
20-Mar-12,1.05,1.08,1.02,1.06,30360
19-Mar-12,1.01,1.19,0.98,1.05,155341
16-Mar-12,1.02,1.05,1.00,1.05,41707
15-Mar-12,1.05,1.06,1.00,1.03,152401
14-Mar-12,1.08,1.08,1.03,1.05,82476
13-Mar-12,1.00,1.07,1.00,1.04,151484
12-Mar-12,1.04,1.04,1.00,1.00,26829
9-Mar-12,1.00,1.06,1.00,1.02,58438
8-Mar-12,1.05,1.07,0.98,0.99,140702
7-Mar-12,1.10,1.12,1.05,1.06,27270
6-Mar-12,1.14,1.15,1.09,1.09,36730
5-Mar-12,1.10,1.15,1.10,1.15,21076
2-Mar-12,1.13,1.14,1.09,1.09,28276
1-Mar-12,1.12,1.15,1.09,1.12,43674
29-Feb-12,1.13,1.19,1.10,1.10,39308
28-Feb-12,1.16,1.19,1.10,1.14,129437
27-Feb-12,1.20,1.20,1.15,1.20,58997
24-Feb-12,1.18,1.20,1.15,1.15,50123
23-Feb-12,1.15,1.20,1.15,1.15,104784
22-Feb-12,1.20,1.20,1.15,1.16,23880
21-Feb-12,1.23,1.23,1.15,1.18,91205
17-Feb-12,1.26,1.26,1.21,1.22,25192
16-Feb-12,1.21,1.25,1.21,1.23,37861
15-Feb-12,1.19,1.24,1.18,1.18,48480
14-Feb-12,1.29,1.30,1.17,1.19,65104
13-Feb-12,1.27,1.32,1.26,1.27,85449
10-Feb-12,1.25,1.29,1.22,1.26,27518
9-Feb-12,1.26,1.29,1.20,1.22,70160
8-Feb-12,1.21,1.31,1.21,1.27,85221
7-Feb-12,1.18,1.25,1.17,1.20,89412
6-Feb-12,1.16,1.17,1.13,1.16,22254
3-Feb-12,1.15,1.18,1.09,1.13,87741
2-Feb-12,1.11,1.19,1.08,1.12,118962
1-Feb-12,1.11,1.11,1.08,1.10,28007
31-Jan-12,1.14,1.14,1.08,1.10,55487
30-Jan-12,1.13,1.14,1.07,1.14,45514
27-Jan-12,1.14,1.14,1.09,1.11,51003
26-Jan-12,1.13,1.15,1.10,1.14,42385
25-Jan-12,1.12,1.14,1.10,1.11,42762
24-Jan-12,1.11,1.12,1.11,1.12,29856
23-Jan-12,1.14,1.14,1.07,1.09,67037
20-Jan-12,1.17,1.18,1.14,1.14,41433
19-Jan-12,1.10,1.17,1.09,1.10,46917
18-Jan-12,1.20,1.20,1.08,1.10,57802
17-Jan-12,1.15,1.21,1.15,1.18,79729
13-Jan-12,1.13,1.13,1.13,1.13,0
12-Jan-12,1.10,1.13,1.07,1.08,47184
11-Jan-12,1.22,1.22,1.06,1.11,135324
10-Jan-12,1.22,1.22,1.17,1.19,69256
9-Jan-12,1.26,1.31,1.17,1.17,126691
6-Jan-12,1.20,1.23,1.18,1.21,61166
5-Jan-12,1.15,1.28,1.12,1.18,328321
4-Jan-12,1.03,1.08,1.03,1.07,32706
3-Jan-12,1.10,1.10,1.05,1.05,43897
30-Dec-11,1.08,1.08,1.08,1.08,0
29-Dec-11,1.04,1.06,1.01,1.03,41022
28-Dec-11,1.04,1.06,1.00,1.01,99004
27-Dec-11,0.95,1.06,0.94,1.06,110930
23-Dec-11,0.93,0.93,0.93,0.93,0
22-Dec-11,0.91,0.93,0.86,0.91,293021
21-Dec-11,0.95,0.95,0.86,0.87,99417
20-Dec-11,0.94,1.07,0.91,0.95,485448
19-Dec-11,0.96,1.00,0.93,0.93,152246
16-Dec-11,0.96,1.00,0.96,0.96,234933
15-Dec-11,1.02,1.03,0.97,0.97,264805
14-Dec-11,1.05,1.05,0.95,1.02,310127
13-Dec-11,0.98,1.08,0.96,1.04,109282
12-Dec-11,1.11,1.13,0.96,1.00,245486
9-Dec-11,1.33,1.33,0.89,1.12,484421
8-Dec-11,1.39,1.39,1.30,1.33,29710
7-Dec-11,1.45,1.50,1.31,1.37,160265
6-Dec-11,1.49,1.57,1.41,1.45,44727
5-Dec-11,1.49,1.51,1.41,1.45,21935
2-Dec-11,1.43,1.50,1.43,1.49,29482
1-Dec-11,1.50,1.53,1.46,1.46,25540
30-Nov-11,1.50,1.62,1.50,1.50,70641
29-Nov-11,1.62,1.63,1.51,1.51,62480
28-Nov-11,1.85,1.85,1.52,1.52,96803
25-Nov-11,1.77,1.87,1.77,1.83,18238
23-Nov-11,1.75,1.75,1.75,1.75,0
22-Nov-11,1.71,1.83,1.70,1.82,30549
21-Nov-11,1.78,1.82,1.70,1.71,14787
18-Nov-11,1.73,1.83,1.67,1.80,15461
17-Nov-11,1.72,1.80,1.69,1.77,30486
16-Nov-11,1.82,1.83,1.62,1.69,46819
15-Nov-11,1.84,1.86,1.79,1.80,10626
14-Nov-11,1.73,1.88,1.63,1.81,88001
11-Nov-11,1.83,1.83,1.72,1.78,13884
10-Nov-11,1.79,1.84,1.72,1.79,30101
9-Nov-11,1.87,1.92,1.70,1.75,65989
8-Nov-11,1.89,1.89,1.89,1.89,0
7-Nov-11,1.83,1.87,1.77,1.86,29737
4-Nov-11,1.83,1.90,1.77,1.78,32118
3-Nov-11,1.60,1.90,1.54,1.87,122499
2-Nov-11,1.63,1.63,1.39,1.49,73518
1-Nov-11,1.63,1.63,1.54,1.58,82580
31-Oct-11,1.67,1.67,1.61,1.64,25851
28-Oct-11,1.62,1.70,1.54,1.67,106118
27-Oct-11,1.67,1.72,1.62,1.65,82782
26-Oct-11,1.79,1.80,1.55,1.68,85617
25-Oct-11,1.82,1.85,1.75,1.77,14599
24-Oct-11,1.82,1.82,1.76,1.82,25658
21-Oct-11,1.92,1.94,1.77,1.82,30504
20-Oct-11,1.96,1.97,1.84,1.87,45313
19-Oct-11,1.97,1.98,1.93,1.95,32889
18-Oct-11,1.94,1.98,1.87,1.96,38965
17-Oct-11,1.93,1.99,1.89,1.98,27818
14-Oct-11,1.81,1.98,1.80,1.98,63778
13-Oct-11,1.86,1.90,1.75,1.84,26263
12-Oct-11,1.86,1.90,1.81,1.87,15439
11-Oct-11,2.03,2.08,1.84,1.93,31098
10-Oct-11,1.97,2.13,1.97,2.03,61742
7-Oct-11,1.91,1.91,1.91,1.91,0
6-Oct-11,1.91,1.94,1.79,1.84,63589
5-Oct-11,1.42,1.68,1.42,1.65,47685
4-Oct-11,1.58,1.58,1.31,1.42,176058
3-Oct-11,1.85,1.86,1.59,1.60,96441
30-Sep-11,1.87,1.87,1.87,1.87,0
29-Sep-11,2.01,2.01,1.88,1.95,18835
