Date,Open,High,Low,Close,Volume
26-Sep-12,52.43,52.46,52.43,52.43,2000
25-Sep-12,53.78,53.78,53.39,53.54,2234
24-Sep-12,53.35,53.35,53.35,53.35,113
21-Sep-12,54.00,54.00,54.00,54.00,0
20-Sep-12,52.81,52.81,52.81,52.81,100
19-Sep-12,53.74,53.74,53.74,53.74,100
18-Sep-12,53.49,53.49,53.49,53.49,174
17-Sep-12,54.00,54.00,54.00,54.00,100
14-Sep-12,54.00,54.02,54.00,54.02,400
13-Sep-12,51.89,51.89,51.89,51.89,0
12-Sep-12,51.89,51.89,51.89,51.89,470
11-Sep-12,49.62,49.62,49.62,49.62,0
10-Sep-12,49.62,49.62,49.62,49.62,0
7-Sep-12,49.62,49.62,49.62,49.62,0
6-Sep-12,49.62,49.62,49.62,49.62,0
5-Sep-12,49.62,49.62,49.62,49.62,100
4-Sep-12,49.08,50.03,49.08,50.03,370
31-Aug-12,50.32,50.32,50.32,50.32,0
30-Aug-12,49.83,49.83,49.83,49.83,210
29-Aug-12,50.17,50.45,50.08,50.32,3077
28-Aug-12,49.82,50.15,49.82,50.15,229
27-Aug-12,50.63,50.63,50.50,50.50,549
24-Aug-12,50.63,50.68,50.62,50.62,800
23-Aug-12,51.29,51.29,51.29,51.29,0
22-Aug-12,51.29,51.29,51.29,51.29,0
21-Aug-12,51.51,51.51,51.50,51.50,200
20-Aug-12,50.20,51.29,50.20,51.28,10240
17-Aug-12,51.27,51.29,51.02,51.17,3569
16-Aug-12,51.29,51.37,51.29,51.37,591
15-Aug-12,51.25,52.06,51.20,51.20,125903
14-Aug-12,51.76,51.76,51.60,51.60,700
13-Aug-12,51.22,51.22,51.22,51.22,270
10-Aug-12,51.55,51.64,51.55,51.64,300
9-Aug-12,52.78,52.78,51.69,51.73,2850
8-Aug-12,52.00,52.00,51.25,51.25,1326
7-Aug-12,50.38,51.28,50.38,51.28,228
6-Aug-12,50.93,51.01,50.93,51.01,500
3-Aug-12,50.83,51.07,50.74,50.74,2200
2-Aug-12,49.78,49.92,49.30,49.39,57519
1-Aug-12,50.74,50.90,50.36,50.36,819
31-Jul-12,50.43,50.43,50.36,50.36,402
30-Jul-12,49.97,49.97,49.88,49.88,300
27-Jul-12,49.25,50.39,49.25,49.37,2305
26-Jul-12,48.08,48.08,48.08,48.08,0
25-Jul-12,48.08,48.08,48.08,48.08,0
24-Jul-12,47.71,47.71,47.52,47.52,452
23-Jul-12,48.48,48.55,47.35,48.08,3334
20-Jul-12,49.34,49.34,48.91,48.91,400
19-Jul-12,49.60,49.81,48.51,49.81,603
18-Jul-12,48.78,48.98,48.53,48.98,908
17-Jul-12,48.94,49.16,48.50,49.10,194907
16-Jul-12,49.05,49.28,49.04,49.21,1142
13-Jul-12,49.16,49.45,49.16,49.45,406
12-Jul-12,48.48,48.72,48.48,48.72,1152
11-Jul-12,49.44,49.44,49.44,49.44,156
10-Jul-12,49.60,49.61,49.60,49.61,500
9-Jul-12,49.59,49.66,49.59,49.60,731
6-Jul-12,50.12,50.12,49.81,49.99,851
5-Jul-12,50.76,50.92,50.72,50.72,606
3-Jul-12,50.63,51.19,50.63,51.19,300
2-Jul-12,50.21,50.29,50.02,50.10,874
29-Jun-12,49.93,50.20,49.93,50.20,413
28-Jun-12,48.06,48.45,48.02,48.45,676
27-Jun-12,48.61,48.61,48.60,48.60,203
26-Jun-12,48.15,48.26,47.80,48.24,1071
25-Jun-12,47.77,47.85,47.55,47.73,2018
22-Jun-12,48.57,48.75,48.57,48.75,462
21-Jun-12,49.47,49.61,49.00,49.05,1587
20-Jun-12,50.98,51.29,50.97,51.27,1558
19-Jun-12,51.50,51.58,51.17,51.29,1610
18-Jun-12,50.48,50.73,50.48,50.73,1061
15-Jun-12,50.17,50.25,50.08,50.08,480
14-Jun-12,49.74,49.74,49.53,49.53,296
13-Jun-12,49.97,49.97,49.61,49.61,506
12-Jun-12,49.67,49.72,49.67,49.72,400
11-Jun-12,49.38,49.38,49.12,49.17,937
8-Jun-12,48.96,49.31,48.96,49.27,1892
7-Jun-12,49.86,50.20,49.69,49.69,807
6-Jun-12,49.28,49.28,49.25,49.25,1015
5-Jun-12,47.75,47.81,47.50,47.81,915
4-Jun-12,47.41,48.36,47.41,47.47,3206
1-Jun-12,47.77,47.90,47.59,47.59,2941
31-May-12,48.70,48.97,48.52,48.97,2769
30-May-12,48.48,48.69,48.48,48.69,696
29-May-12,49.19,49.19,48.99,48.99,1366
25-May-12,48.03,48.05,47.66,47.66,1154
24-May-12,48.05,48.08,48.04,48.04,326
23-May-12,48.19,48.19,47.92,48.08,870
22-May-12,49.16,49.24,49.16,49.16,1341
21-May-12,48.42,48.95,48.42,48.95,667
18-May-12,48.59,48.72,47.85,47.85,2640
17-May-12,48.83,48.99,48.66,48.86,2028
16-May-12,49.24,49.29,48.86,48.86,1337
15-May-12,50.40,50.42,50.18,50.18,626
14-May-12,50.40,50.52,50.40,50.52,850
11-May-12,51.51,51.66,51.27,51.27,1105
10-May-12,51.99,52.00,51.85,51.85,1129
9-May-12,51.97,51.97,51.50,51.50,3330
8-May-12,52.55,52.74,52.55,52.74,1290
7-May-12,53.38,53.72,53.30,53.72,3138
4-May-12,53.81,54.23,53.30,53.47,3641
3-May-12,54.40,54.48,54.04,54.24,4265
2-May-12,54.28,54.28,54.28,54.28,163
1-May-12,54.61,54.63,54.57,54.57,730
30-Apr-12,54.19,54.19,53.84,53.84,416
27-Apr-12,53.90,53.97,53.80,53.97,1482
26-Apr-12,53.95,53.95,53.94,53.94,383
25-Apr-12,53.38,53.57,53.38,53.57,777
24-Apr-12,53.19,53.19,53.13,53.13,749
23-Apr-12,52.71,53.04,52.61,52.94,3887
20-Apr-12,54.21,56.00,53.86,53.86,1204
19-Apr-12,53.57,53.77,53.57,53.77,464
18-Apr-12,53.85,54.08,53.82,53.83,263886
17-Apr-12,53.50,53.50,53.50,53.50,0
16-Apr-12,53.51,53.51,53.50,53.50,400
13-Apr-12,53.84,53.84,53.84,53.84,100
12-Apr-12,54.48,54.48,54.43,54.43,268
11-Apr-12,53.35,53.35,53.35,53.35,0
10-Apr-12,52.64,52.64,52.64,52.64,100
9-Apr-12,53.35,53.35,53.35,53.35,0
5-Apr-12,53.35,53.35,53.35,53.35,0
4-Apr-12,53.35,53.35,53.35,53.35,0
3-Apr-12,53.35,53.35,53.35,53.35,0
2-Apr-12,53.35,53.35,53.35,53.35,0
30-Mar-12,53.35,53.35,53.35,53.35,0
29-Mar-12,53.35,53.35,53.35,53.35,0
28-Mar-12,53.79,53.79,53.79,53.79,170
27-Mar-12,54.67,54.67,54.67,54.67,0
12-Mar-12,54.32,54.32,54.32,54.32,0
5-Mar-12,55.01,55.01,55.01,55.01,0
29-Feb-12,56.99,56.99,56.99,56.99,0
28-Feb-12,54.94,54.94,54.94,54.94,0
27-Feb-12,53.44,57.00,53.44,54.49,1975
24-Feb-12,55.12,55.12,55.12,55.12,100
23-Feb-12,55.11,57.98,54.90,55.31,2528
22-Feb-12,55.19,55.19,55.19,55.19,250
17-Feb-12,56.58,56.58,56.58,56.58,0
10-Feb-12,53.79,53.79,53.79,53.79,0
9-Feb-12,55.00,55.00,55.00,55.00,0
