Date,Open,High,Low,Close,Volume
26-Sep-12,3.99,3.99,3.99,3.99,500
25-Sep-12,3.84,3.90,3.84,3.90,3869
24-Sep-12,3.97,3.98,3.82,3.82,1650
21-Sep-12,3.99,3.99,3.99,3.99,795
20-Sep-12,3.94,3.94,3.94,3.94,0
19-Sep-12,3.94,3.94,3.94,3.94,0
18-Sep-12,3.83,3.94,3.83,3.94,300
17-Sep-12,3.81,3.81,3.81,3.81,0
14-Sep-12,3.81,3.81,3.81,3.81,0
13-Sep-12,3.81,3.81,3.81,3.81,0
12-Sep-12,3.90,3.90,3.80,3.80,1200
11-Sep-12,3.96,3.96,3.31,3.81,6198
10-Sep-12,4.00,4.00,4.00,4.00,0
7-Sep-12,4.00,4.00,4.00,4.00,0
6-Sep-12,4.00,4.00,4.00,4.00,0
5-Sep-12,4.00,4.00,4.00,4.00,0
4-Sep-12,4.00,4.00,4.00,4.00,0
31-Aug-12,3.99,3.99,3.99,3.99,100
30-Aug-12,4.00,4.00,4.00,4.00,1158
29-Aug-12,3.96,3.96,3.96,3.96,400
28-Aug-12,4.03,4.03,4.03,4.03,0
27-Aug-12,3.96,3.96,3.96,3.96,200
24-Aug-12,4.03,4.03,4.03,4.03,0
23-Aug-12,4.04,4.04,4.00,4.00,1298
22-Aug-12,4.04,4.04,4.03,4.03,1698
21-Aug-12,4.07,4.07,4.07,4.07,2499
20-Aug-12,4.03,4.03,4.03,4.03,0
17-Aug-12,4.12,4.12,4.12,4.12,0
16-Aug-12,4.00,4.00,4.00,4.00,0
15-Aug-12,4.00,4.00,4.00,4.00,0
14-Aug-12,4.04,4.04,4.00,4.00,269
13-Aug-12,4.07,4.07,4.07,4.07,0
10-Aug-12,3.87,4.10,3.87,4.10,1100
9-Aug-12,4.02,4.06,3.93,3.93,1988
8-Aug-12,4.03,4.03,4.01,4.01,400
7-Aug-12,4.12,4.12,4.12,4.12,300
6-Aug-12,4.15,4.15,4.15,4.15,0
3-Aug-12,4.15,4.15,4.15,4.15,0
2-Aug-12,4.15,4.15,4.15,4.15,0
1-Aug-12,4.15,4.15,4.15,4.15,0
31-Jul-12,4.19,4.20,4.15,4.18,3130
30-Jul-12,4.15,4.15,4.15,4.15,0
27-Jul-12,4.06,4.15,4.06,4.10,900
26-Jul-12,4.15,4.15,4.15,4.15,0
25-Jul-12,4.15,4.15,4.15,4.15,0
24-Jul-12,4.15,4.15,4.15,4.15,0
23-Jul-12,4.15,4.15,4.15,4.15,0
20-Jul-12,4.15,4.15,4.15,4.15,0
19-Jul-12,4.15,4.15,4.15,4.15,0
18-Jul-12,4.15,4.15,4.15,4.15,100
17-Jul-12,4.15,4.15,4.15,4.15,0
16-Jul-12,4.11,4.15,4.11,4.15,1098
13-Jul-12,4.20,4.20,4.20,4.20,0
12-Jul-12,4.20,4.20,4.20,4.20,0
11-Jul-12,4.17,4.17,4.17,4.17,0
10-Jul-12,4.17,4.17,4.15,4.15,409
9-Jul-12,4.07,4.13,4.07,4.13,1754
6-Jul-12,4.07,4.10,4.03,4.10,1876
5-Jul-12,4.03,4.03,4.03,4.03,200
3-Jul-12,4.01,4.01,4.01,4.01,470
2-Jul-12,4.07,4.07,4.07,4.07,0
29-Jun-12,4.08,4.08,4.08,4.08,0
28-Jun-12,4.08,4.08,4.08,4.08,0
27-Jun-12,4.08,4.08,4.08,4.08,100
26-Jun-12,4.10,4.10,4.10,4.10,0
25-Jun-12,4.10,4.10,4.10,4.10,0
22-Jun-12,4.10,4.10,4.10,4.10,198
21-Jun-12,4.13,4.13,4.13,4.13,0
20-Jun-12,4.13,4.13,4.13,4.13,0
19-Jun-12,4.13,4.13,4.13,4.13,0
18-Jun-12,4.13,4.13,4.13,4.13,0
15-Jun-12,4.15,4.15,4.01,4.13,410
14-Jun-12,4.05,4.05,4.05,4.05,0
13-Jun-12,4.12,4.15,4.02,4.15,3688
12-Jun-12,4.07,4.07,4.05,4.05,800
11-Jun-12,4.02,4.18,4.02,4.18,329
8-Jun-12,4.36,4.36,4.25,4.25,2100
7-Jun-12,4.22,4.22,4.04,4.04,231
6-Jun-12,4.21,4.21,4.21,4.21,100
5-Jun-12,4.15,4.15,4.15,4.15,0
4-Jun-12,4.15,4.20,4.15,4.20,800
1-Jun-12,4.15,4.15,4.15,4.15,0
31-May-12,4.15,4.15,4.15,4.15,0
30-May-12,4.15,4.15,4.15,4.15,600
29-May-12,4.19,4.19,4.19,4.19,1140
25-May-12,4.20,4.20,4.15,4.19,7525
24-May-12,4.14,4.19,4.14,4.15,13905
23-May-12,4.15,4.16,4.06,4.16,3803
22-May-12,4.15,4.16,4.15,4.15,2400
21-May-12,4.26,4.36,4.13,4.15,2721
18-May-12,4.05,4.07,4.05,4.05,1000
17-May-12,4.07,4.07,4.07,4.07,0
16-May-12,4.07,4.07,4.07,4.07,0
15-May-12,4.08,4.08,4.06,4.06,427
14-May-12,4.12,4.12,4.12,4.12,0
11-May-12,4.12,4.12,4.12,4.12,148
10-May-12,4.40,4.40,4.01,4.12,6247
9-May-12,4.18,4.38,4.18,4.35,2048
8-May-12,4.01,4.23,4.01,4.02,617
7-May-12,4.00,4.40,4.00,4.40,1317
4-May-12,4.40,4.40,4.15,4.15,936
3-May-12,4.24,4.32,4.24,4.32,2060
2-May-12,4.15,4.21,4.15,4.20,2800
1-May-12,4.35,4.35,4.26,4.26,2225
30-Apr-12,4.26,4.26,4.26,4.26,0
27-Apr-12,4.26,4.26,4.25,4.26,2079
26-Apr-12,4.25,4.25,4.25,4.25,2161
25-Apr-12,4.25,4.25,4.25,4.25,1701
24-Apr-12,4.19,4.19,4.11,4.11,3209
23-Apr-12,4.19,4.19,4.19,4.19,0
20-Apr-12,4.18,4.20,4.17,4.20,4959
19-Apr-12,4.06,4.06,4.06,4.06,0
18-Apr-12,4.09,4.09,4.06,4.06,3000
17-Apr-12,4.19,4.20,4.17,4.19,6000
16-Apr-12,4.18,4.19,4.12,4.12,1100
13-Apr-12,4.00,4.00,4.00,4.00,0
12-Apr-12,3.99,3.99,3.99,3.99,100
11-Apr-12,4.00,4.00,4.00,4.00,0
10-Apr-12,4.00,4.00,3.99,3.99,5160
9-Apr-12,4.01,4.01,4.01,4.01,0
5-Apr-12,4.00,4.00,4.00,4.00,300
4-Apr-12,4.01,4.01,4.01,4.01,0
3-Apr-12,4.01,4.01,4.01,4.01,0
2-Apr-12,4.01,4.01,4.01,4.01,0
30-Mar-12,4.18,4.18,4.01,4.01,300
29-Mar-12,4.00,4.00,4.00,4.00,1426
28-Mar-12,3.80,3.90,3.80,3.90,1136
27-Mar-12,4.00,4.00,4.00,4.00,0
26-Mar-12,3.93,4.00,3.93,4.00,600
23-Mar-12,4.00,4.00,3.99,4.00,1231
22-Mar-12,3.82,3.82,3.77,3.79,2029
21-Mar-12,3.90,3.91,3.90,3.90,500
20-Mar-12,4.11,4.11,3.76,3.76,1000
19-Mar-12,3.80,3.80,3.80,3.80,0
16-Mar-12,3.79,3.94,3.75,3.94,1568
15-Mar-12,3.95,3.95,3.94,3.94,976
14-Mar-12,3.95,3.95,3.95,3.95,200
13-Mar-12,3.93,4.10,3.88,3.88,900
12-Mar-12,3.92,3.92,3.59,3.80,13475
9-Mar-12,4.19,4.19,4.18,4.18,400
8-Mar-12,4.29,4.29,4.29,4.29,500
7-Mar-12,3.92,3.92,3.90,3.91,2430
6-Mar-12,3.95,3.95,3.95,3.95,0
5-Mar-12,4.00,4.00,3.95,3.95,2500
2-Mar-12,4.06,4.06,4.06,4.06,0
1-Mar-12,4.07,4.37,4.00,4.00,13452
29-Feb-12,3.91,3.91,3.91,3.91,0
28-Feb-12,3.91,4.06,3.91,3.94,3200
27-Feb-12,4.10,4.10,4.10,4.10,0
24-Feb-12,4.10,4.10,4.10,4.10,0
23-Feb-12,4.09,4.09,4.09,4.09,200
22-Feb-12,3.92,3.92,3.92,3.92,105
21-Feb-12,3.91,3.99,3.90,3.91,6758
17-Feb-12,4.00,4.00,3.90,3.90,1477
16-Feb-12,3.94,3.98,3.93,3.98,934
15-Feb-12,3.99,3.99,3.99,3.99,0
14-Feb-12,3.89,3.99,3.86,3.99,1000
13-Feb-12,4.05,4.05,4.05,4.05,0
9-Feb-12,4.05,4.05,4.05,4.05,0
8-Feb-12,3.66,4.05,3.66,4.05,7215
7-Feb-12,3.82,3.94,3.82,3.93,625
6-Feb-12,4.05,4.05,3.82,3.92,2721
3-Feb-12,4.03,4.03,4.03,4.03,125
2-Feb-12,3.95,3.95,3.95,3.95,0
1-Feb-12,3.96,3.96,3.94,3.95,700
31-Jan-12,3.94,3.97,3.93,3.97,4252
30-Jan-12,3.96,3.96,3.95,3.95,1154
25-Jan-12,3.87,3.87,3.87,3.87,0
20-Jan-12,3.90,3.90,3.90,3.90,0
18-Jan-12,3.86,3.86,3.86,3.86,0
17-Jan-12,3.92,3.92,3.92,3.92,214
13-Jan-12,4.05,4.05,4.05,4.05,0
12-Jan-12,4.05,4.05,3.97,4.02,3530
10-Jan-12,3.98,3.98,3.98,3.98,0
9-Jan-12,3.98,3.98,3.98,3.98,100
6-Jan-12,3.93,4.04,3.93,4.04,2175
5-Jan-12,3.87,3.87,3.87,3.87,0
4-Jan-12,4.05,4.05,4.05,4.05,178
3-Jan-12,3.90,4.08,3.89,3.90,2700
30-Dec-11,3.93,3.93,3.93,3.93,0
29-Dec-11,4.00,4.07,3.90,3.90,1400
28-Dec-11,4.05,4.05,3.84,3.84,400
27-Dec-11,3.94,3.95,3.90,3.91,700
23-Dec-11,3.85,3.85,3.85,3.85,0
22-Dec-11,3.84,3.84,3.84,3.84,300
21-Dec-11,3.90,4.07,3.78,3.78,5600
20-Dec-11,4.00,4.00,3.98,4.00,2002
16-Dec-11,3.87,3.87,3.87,3.87,0
13-Dec-11,4.18,4.18,4.18,4.18,0
12-Dec-11,3.86,3.86,3.86,3.86,0
8-Dec-11,3.84,3.84,3.84,3.84,0
7-Dec-11,4.20,4.20,4.20,4.20,0
6-Dec-11,4.14,4.14,4.10,4.10,500
5-Dec-11,4.00,4.11,4.00,4.11,1443
1-Dec-11,4.10,4.10,4.10,4.10,0
30-Nov-11,4.13,4.13,4.13,4.13,0
29-Nov-11,4.12,4.12,4.12,4.12,0
28-Nov-11,4.35,4.35,3.80,4.12,401
23-Nov-11,4.32,4.32,4.32,4.32,0
22-Nov-11,3.91,3.91,3.91,3.91,100
21-Nov-11,3.91,3.91,3.90,3.90,3101
18-Nov-11,4.36,4.36,4.36,4.36,100
17-Nov-11,4.38,4.38,4.34,4.34,400
15-Nov-11,4.16,4.16,4.16,4.16,0
10-Nov-11,3.93,3.93,3.93,3.93,0
7-Nov-11,3.65,3.65,3.65,3.65,0
1-Nov-11,3.90,3.90,3.90,3.90,0
31-Oct-11,3.86,3.86,3.86,3.86,200
28-Oct-11,3.66,3.66,3.66,3.66,0
27-Oct-11,3.85,3.85,3.80,3.80,825
24-Oct-11,3.81,3.81,3.81,3.81,0
21-Oct-11,3.84,3.84,3.84,3.84,0
20-Oct-11,3.78,3.78,3.77,3.78,2730
18-Oct-11,3.77,3.77,3.77,3.77,0
17-Oct-11,3.75,3.75,3.75,3.75,0
13-Oct-11,3.80,3.80,3.80,3.80,0
12-Oct-11,3.77,3.82,3.70,3.82,6323
5-Oct-11,3.82,3.82,3.82,3.82,0
4-Oct-11,3.56,3.56,3.31,3.31,1200
3-Oct-11,3.58,3.58,3.58,3.58,100
30-Sep-11,3.54,3.56,3.51,3.56,3088
