Date,Open,High,Low,Close,Volume
26-Sep-12,1.05,1.09,1.05,1.06,2400
25-Sep-12,1.05,1.06,1.05,1.05,4132
24-Sep-12,1.10,1.10,1.04,1.04,16136
21-Sep-12,1.10,1.10,1.10,1.10,240
20-Sep-12,1.12,1.12,1.05,1.05,8362
19-Sep-12,1.13,1.13,1.13,1.13,200
18-Sep-12,1.10,1.10,1.10,1.10,0
17-Sep-12,1.14,1.14,1.10,1.10,2000
14-Sep-12,1.14,1.15,1.14,1.15,300
13-Sep-12,1.11,1.12,1.11,1.12,10250
12-Sep-12,1.12,1.12,1.12,1.12,0
11-Sep-12,1.12,1.12,1.12,1.12,200
10-Sep-12,1.14,1.15,1.14,1.15,2800
7-Sep-12,1.15,1.20,1.13,1.15,11627
6-Sep-12,1.12,1.15,1.11,1.15,9129
5-Sep-12,1.12,1.17,1.11,1.12,25200
4-Sep-12,1.11,1.16,1.11,1.12,11600
31-Aug-12,1.16,1.16,1.07,1.13,9100
30-Aug-12,1.14,1.14,1.08,1.10,12250
29-Aug-12,1.20,1.20,1.15,1.19,24771
28-Aug-12,1.37,1.37,1.12,1.18,309211
27-Aug-12,1.33,1.52,1.33,1.37,151184
24-Aug-12,1.27,1.33,1.27,1.33,12500
23-Aug-12,1.29,1.32,1.29,1.31,6920
22-Aug-12,1.26,1.30,1.26,1.30,14300
21-Aug-12,1.29,1.30,1.28,1.28,19925
20-Aug-12,1.29,1.29,1.29,1.29,5200
17-Aug-12,1.26,1.29,1.23,1.28,14000
16-Aug-12,1.17,1.25,1.17,1.25,19090
15-Aug-12,1.23,1.23,1.23,1.23,0
14-Aug-12,1.23,1.23,1.23,1.23,0
13-Aug-12,1.23,1.23,1.15,1.23,3957
10-Aug-12,1.25,1.25,1.25,1.25,100
9-Aug-12,1.23,1.25,1.23,1.25,17185
8-Aug-12,1.21,1.23,1.21,1.23,672
7-Aug-12,1.23,1.23,1.23,1.23,1900
6-Aug-12,1.20,1.20,1.20,1.20,0
3-Aug-12,1.23,1.25,1.15,1.22,24800
2-Aug-12,1.22,1.22,1.22,1.22,100
1-Aug-12,1.21,1.24,1.21,1.24,1650
31-Jul-12,1.22,1.24,1.20,1.20,6817
30-Jul-12,1.24,1.24,1.24,1.24,1000
27-Jul-12,1.24,1.24,1.24,1.24,0
26-Jul-12,1.18,1.24,1.18,1.24,9940
25-Jul-12,1.20,1.20,1.20,1.20,0
24-Jul-12,1.24,1.24,1.14,1.24,23866
23-Jul-12,1.21,1.24,1.20,1.24,3743
20-Jul-12,1.22,1.27,1.20,1.27,24871
19-Jul-12,1.24,1.26,1.24,1.26,850
18-Jul-12,1.22,1.25,1.22,1.25,900
17-Jul-12,1.27,1.28,1.24,1.28,2752
16-Jul-12,1.26,1.30,1.19,1.30,17911
13-Jul-12,1.22,1.22,1.22,1.22,0
12-Jul-12,1.23,1.29,1.22,1.29,2750
11-Jul-12,1.24,1.27,1.24,1.27,18455
10-Jul-12,1.27,1.27,1.24,1.24,7240
9-Jul-12,1.27,1.28,1.27,1.28,2000
6-Jul-12,1.24,1.27,1.24,1.27,1370
5-Jul-12,1.22,1.26,1.22,1.26,3700
3-Jul-12,1.23,1.26,1.23,1.25,34218
2-Jul-12,1.27,1.28,1.19,1.23,3900
29-Jun-12,1.19,1.27,1.19,1.27,5700
28-Jun-12,1.21,1.21,1.17,1.18,47307
27-Jun-12,1.21,1.22,1.20,1.20,16661
26-Jun-12,1.22,1.26,1.20,1.20,9800
25-Jun-12,1.23,1.25,1.22,1.22,18247
22-Jun-12,1.28,1.28,1.28,1.28,0
21-Jun-12,1.29,1.29,1.27,1.28,22831
20-Jun-12,1.30,1.33,1.25,1.31,4986
19-Jun-12,1.30,1.33,1.29,1.33,7800
18-Jun-12,1.32,1.32,1.32,1.32,150
15-Jun-12,1.26,1.26,1.26,1.26,0
14-Jun-12,1.27,1.32,1.26,1.31,7750
13-Jun-12,1.33,1.34,1.25,1.34,1600
12-Jun-12,1.30,1.35,1.30,1.33,8700
11-Jun-12,1.28,1.28,1.27,1.28,9910
8-Jun-12,1.27,1.32,1.27,1.28,3337
7-Jun-12,1.31,1.31,1.31,1.31,0
6-Jun-12,1.31,1.31,1.30,1.30,1000
5-Jun-12,1.31,1.31,1.26,1.29,670
4-Jun-12,1.26,1.28,1.25,1.28,2350
1-Jun-12,1.26,1.34,1.26,1.29,5200
31-May-12,1.26,1.35,1.25,1.35,32400
30-May-12,1.23,1.28,1.21,1.28,10400
29-May-12,1.39,1.39,1.21,1.30,35186
25-May-12,1.32,1.32,1.27,1.27,4510
24-May-12,1.33,1.33,1.28,1.32,750
23-May-12,1.29,1.31,1.27,1.31,3850
22-May-12,1.35,1.38,1.31,1.33,8408
21-May-12,1.26,1.38,1.25,1.33,11283
18-May-12,1.26,1.26,1.21,1.24,6278
17-May-12,1.27,1.30,1.27,1.28,1350
16-May-12,1.26,1.30,1.26,1.28,12358
15-May-12,1.26,1.28,1.14,1.28,14760
14-May-12,1.26,1.31,1.26,1.29,19260
11-May-12,1.22,1.27,1.21,1.26,9400
10-May-12,1.22,1.25,1.22,1.22,10700
9-May-12,1.25,1.29,1.23,1.27,10737
8-May-12,1.28,1.28,1.24,1.26,8429
7-May-12,1.27,1.29,1.26,1.28,9400
4-May-12,1.31,1.31,1.25,1.30,8900
3-May-12,1.31,1.33,1.31,1.33,1350
2-May-12,1.28,1.33,1.27,1.30,20435
1-May-12,1.31,1.31,1.26,1.31,13050
30-Apr-12,1.28,1.35,1.27,1.31,23630
27-Apr-12,1.34,1.38,1.25,1.27,42155
26-Apr-12,1.32,1.36,1.30,1.36,19869
25-Apr-12,1.40,1.40,1.25,1.32,5935
24-Apr-12,1.31,1.46,1.30,1.39,74021
23-Apr-12,1.31,1.32,1.27,1.32,26440
20-Apr-12,1.35,1.36,1.33,1.36,11911
19-Apr-12,1.30,1.37,1.30,1.36,10633
18-Apr-12,1.26,1.28,1.23,1.28,11800
17-Apr-12,1.24,1.31,1.22,1.26,35995
16-Apr-12,1.29,1.29,1.22,1.24,26999
13-Apr-12,1.33,1.33,1.25,1.25,8580
12-Apr-12,1.33,1.36,1.29,1.29,45732
11-Apr-12,1.30,1.34,1.30,1.30,28886
10-Apr-12,1.32,1.35,1.32,1.34,800
9-Apr-12,1.33,1.33,1.30,1.33,43657
5-Apr-12,1.36,1.41,1.32,1.38,36839
4-Apr-12,1.38,1.41,1.30,1.40,26328
3-Apr-12,1.33,1.56,1.33,1.33,116973
2-Apr-12,1.64,1.67,1.27,1.33,145100
30-Mar-12,1.60,1.67,1.60,1.64,12130
29-Mar-12,1.68,1.68,1.58,1.60,56250
28-Mar-12,1.69,1.69,1.66,1.68,34739
27-Mar-12,1.54,1.66,1.54,1.66,110607
26-Mar-12,1.56,1.59,1.49,1.58,4427
23-Mar-12,1.54,1.57,1.48,1.54,3250
22-Mar-12,1.54,1.58,1.48,1.56,2300
21-Mar-12,1.51,1.57,1.49,1.57,1623
20-Mar-12,1.53,1.56,1.48,1.51,3930
19-Mar-12,1.55,1.57,1.46,1.56,23043
16-Mar-12,1.54,1.59,1.54,1.59,42055
15-Mar-12,1.50,1.54,1.45,1.54,14022
14-Mar-12,1.54,1.54,1.50,1.54,3190
13-Mar-12,1.50,1.55,1.50,1.54,10200
12-Mar-12,1.58,1.58,1.52,1.52,3085
9-Mar-12,1.58,1.58,1.54,1.54,9825
8-Mar-12,1.51,1.51,1.51,1.51,850
7-Mar-12,1.50,1.56,1.50,1.55,1200
6-Mar-12,1.52,1.52,1.46,1.47,15225
5-Mar-12,1.54,1.59,1.46,1.54,14143
2-Mar-12,1.48,1.57,1.43,1.53,8533
1-Mar-12,1.53,1.55,1.46,1.51,7204
29-Feb-12,1.48,1.54,1.48,1.51,8007
28-Feb-12,1.52,1.57,1.48,1.48,32955
27-Feb-12,1.54,1.60,1.53,1.53,5799
24-Feb-12,1.62,1.62,1.53,1.54,46482
23-Feb-12,1.64,1.64,1.59,1.60,34640
22-Feb-12,1.60,1.60,1.56,1.59,6755
21-Feb-12,1.60,1.63,1.55,1.61,74535
17-Feb-12,1.51,1.54,1.47,1.54,12236
16-Feb-12,1.48,1.52,1.48,1.50,3000
15-Feb-12,1.50,1.52,1.45,1.52,11395
14-Feb-12,1.43,1.50,1.42,1.49,6098
13-Feb-12,1.48,1.49,1.41,1.46,9554
10-Feb-12,1.47,1.54,1.46,1.49,7884
9-Feb-12,1.58,1.60,1.43,1.46,32129
8-Feb-12,1.52,1.62,1.50,1.55,126953
7-Feb-12,1.49,1.52,1.46,1.52,22232
6-Feb-12,1.49,1.50,1.46,1.49,23630
3-Feb-12,1.40,1.49,1.36,1.49,82926
2-Feb-12,1.34,1.40,1.32,1.39,52642
1-Feb-12,1.34,1.34,1.28,1.34,16050
31-Jan-12,1.33,1.34,1.30,1.34,8400
30-Jan-12,1.27,1.34,1.27,1.34,8780
27-Jan-12,1.32,1.32,1.31,1.32,687
26-Jan-12,1.29,1.29,1.29,1.29,0
25-Jan-12,1.30,1.33,1.28,1.33,22706
24-Jan-12,1.33,1.33,1.33,1.33,400
23-Jan-12,1.35,1.35,1.30,1.34,2350
20-Jan-12,1.34,1.35,1.30,1.33,6000
18-Jan-12,1.34,1.34,1.34,1.34,0
17-Jan-12,1.27,1.35,1.27,1.35,8922
13-Jan-12,1.35,1.35,1.35,1.35,0
12-Jan-12,1.34,1.35,1.33,1.34,3699
11-Jan-12,1.27,1.35,1.27,1.33,6120
10-Jan-12,1.28,1.34,1.28,1.33,37630
9-Jan-12,1.30,1.36,1.30,1.36,11910
6-Jan-12,1.35,1.39,1.21,1.32,17360
5-Jan-12,1.28,1.38,1.28,1.37,41648
4-Jan-12,1.29,1.29,1.24,1.28,1709
3-Jan-12,1.24,1.32,1.24,1.27,12650
30-Dec-11,1.30,1.30,1.30,1.30,0
29-Dec-11,1.25,1.25,1.24,1.25,600
28-Dec-11,1.21,1.21,1.21,1.21,0
27-Dec-11,1.24,1.31,1.21,1.25,8369
23-Dec-11,1.22,1.22,1.22,1.22,0
22-Dec-11,1.27,1.27,1.26,1.27,4273
21-Dec-11,1.27,1.29,1.25,1.29,10225
20-Dec-11,1.24,1.26,1.21,1.26,13540
19-Dec-11,1.24,1.27,1.16,1.24,8750
16-Dec-11,1.22,1.25,1.22,1.25,6100
15-Dec-11,1.29,1.29,1.29,1.29,513
14-Dec-11,1.26,1.26,1.26,1.26,0
13-Dec-11,1.28,1.28,1.13,1.26,143428
12-Dec-11,1.27,1.29,1.27,1.29,7500
9-Dec-11,1.27,1.34,1.27,1.34,4477
8-Dec-11,1.28,1.34,1.28,1.29,1400
7-Dec-11,1.25,1.36,1.25,1.31,28540
6-Dec-11,1.33,1.38,1.26,1.37,79532
5-Dec-11,1.30,1.33,1.29,1.29,20440
2-Dec-11,1.33,1.34,1.25,1.25,41903
1-Dec-11,1.44,1.44,1.24,1.34,68064
30-Nov-11,1.45,1.59,1.30,1.35,707721
29-Nov-11,1.16,1.19,1.16,1.19,24186
28-Nov-11,1.11,1.15,1.11,1.15,15457
25-Nov-11,1.12,1.14,1.09,1.12,14387
23-Nov-11,1.12,1.12,1.12,1.12,0
21-Nov-11,1.23,1.23,1.23,1.23,0
18-Nov-11,1.19,1.19,1.19,1.19,1940
17-Nov-11,1.15,1.22,1.12,1.22,1712
16-Nov-11,1.20,1.25,1.15,1.24,7890
15-Nov-11,1.20,1.20,1.15,1.20,846
14-Nov-11,1.20,1.20,1.19,1.19,240
11-Nov-11,1.20,1.22,1.12,1.12,1760
10-Nov-11,1.19,1.25,1.18,1.20,14100
9-Nov-11,1.19,1.25,1.19,1.25,350
8-Nov-11,1.25,1.25,1.25,1.25,2900
7-Nov-11,1.20,1.25,1.20,1.25,4690
4-Nov-11,1.25,1.25,1.25,1.25,0
3-Nov-11,1.26,1.26,1.20,1.26,1770
2-Nov-11,1.25,1.25,1.25,1.25,3530
1-Nov-11,1.26,1.26,1.26,1.26,0
31-Oct-11,1.23,1.29,1.22,1.29,8442
28-Oct-11,1.13,1.23,1.13,1.22,1969
27-Oct-11,1.22,1.22,1.20,1.20,3800
26-Oct-11,1.15,1.15,1.15,1.15,0
25-Oct-11,1.18,1.18,1.18,1.18,0
24-Oct-11,1.18,1.18,1.18,1.18,0
21-Oct-11,1.19,1.19,1.15,1.18,5547
19-Oct-11,1.17,1.17,1.17,1.17,0
18-Oct-11,1.17,1.17,1.11,1.17,1400
17-Oct-11,1.15,1.15,1.15,1.15,0
14-Oct-11,1.12,1.12,1.12,1.12,1650
13-Oct-11,1.11,1.11,1.11,1.11,250
12-Oct-11,1.10,1.10,1.10,1.10,0
11-Oct-11,0.95,1.11,0.95,1.05,11968
10-Oct-11,0.94,1.01,0.94,0.95,11840
7-Oct-11,1.05,1.05,0.95,0.95,12298
6-Oct-11,0.98,1.05,0.98,1.05,5200
5-Oct-11,0.95,0.95,0.94,0.95,15277
4-Oct-11,0.95,0.95,0.94,0.95,26234
3-Oct-11,0.95,1.00,0.95,1.00,3234
30-Sep-11,0.94,1.10,0.93,0.96,23680
29-Sep-11,1.00,1.00,0.95,1.00,2300
