Date,Open,High,Low,Close,Volume
26-Sep-12,2.15,2.21,2.15,2.15,133173
25-Sep-12,2.25,2.25,2.16,2.17,139315
24-Sep-12,2.20,2.24,2.16,2.24,113283
21-Sep-12,2.36,2.36,2.18,2.18,105455
20-Sep-12,2.30,2.39,2.24,2.32,16851
19-Sep-12,2.41,2.43,2.31,2.35,19487
18-Sep-12,2.37,2.41,2.36,2.40,20961
17-Sep-12,2.27,2.34,2.27,2.34,20525
14-Sep-12,2.18,2.30,2.17,2.26,60309
13-Sep-12,2.21,2.21,2.16,2.19,46715
12-Sep-12,2.21,2.22,2.17,2.22,13736
11-Sep-12,2.20,2.26,2.16,2.20,44516
10-Sep-12,2.22,2.22,2.12,2.20,74612
7-Sep-12,2.45,2.46,2.11,2.22,1317710
6-Sep-12,2.66,2.68,2.59,2.68,304914
5-Sep-12,2.64,2.71,2.58,2.61,301657
4-Sep-12,2.64,2.65,2.58,2.62,109020
31-Aug-12,2.64,2.64,2.55,2.63,53233
30-Aug-12,2.67,2.74,2.60,2.61,336646
29-Aug-12,2.62,2.67,2.55,2.64,161309
28-Aug-12,2.52,2.65,2.50,2.62,345587
27-Aug-12,2.55,2.58,2.50,2.52,86804
24-Aug-12,2.58,2.60,2.50,2.54,99166
23-Aug-12,2.61,2.75,2.51,2.54,546679
22-Aug-12,2.51,2.64,2.44,2.59,406459
21-Aug-12,2.45,2.54,2.42,2.50,159348
20-Aug-12,2.60,2.60,2.42,2.45,484333
17-Aug-12,2.55,2.65,2.52,2.59,386653
16-Aug-12,2.49,2.57,2.32,2.54,766066
15-Aug-12,2.54,2.58,2.43,2.44,810811
14-Aug-12,2.93,2.98,2.43,2.48,4317238
13-Aug-12,5.78,5.92,5.67,5.70,45598
10-Aug-12,6.02,6.02,5.79,5.82,24521
9-Aug-12,6.23,6.23,5.97,6.01,13184
8-Aug-12,6.12,6.30,6.12,6.22,18107
7-Aug-12,6.27,6.36,6.08,6.17,75481
6-Aug-12,6.08,6.50,5.97,6.34,36123
3-Aug-12,5.73,6.12,5.44,6.10,44729
2-Aug-12,5.67,5.68,5.56,5.63,60596
1-Aug-12,6.02,6.02,5.68,5.68,40169
31-Jul-12,6.19,6.23,5.87,5.99,47002
30-Jul-12,6.53,6.53,6.01,6.17,24948
27-Jul-12,6.58,6.65,6.13,6.50,65190
26-Jul-12,6.01,6.61,5.90,6.58,96190
25-Jul-12,5.67,5.99,5.54,5.93,41756
24-Jul-12,5.84,5.84,5.53,5.64,105490
23-Jul-12,5.93,6.00,5.70,5.85,99021
20-Jul-12,6.02,6.16,5.96,5.97,85437
19-Jul-12,6.30,6.38,6.01,6.04,54145
18-Jul-12,5.88,6.33,5.79,6.31,67746
17-Jul-12,5.94,6.00,5.79,5.85,39285
16-Jul-12,5.99,6.00,5.82,5.95,29526
13-Jul-12,6.19,6.19,5.80,6.04,37052
12-Jul-12,6.09,6.17,5.94,6.13,46024
11-Jul-12,6.21,6.25,5.76,6.14,51061
10-Jul-12,6.25,6.47,6.02,6.22,53860
9-Jul-12,6.15,6.30,5.90,6.22,177076
6-Jul-12,6.67,6.67,6.14,6.14,89889
5-Jul-12,6.97,6.98,6.67,6.74,93753
3-Jul-12,6.77,6.99,6.77,6.99,48103
2-Jul-12,6.40,6.78,6.40,6.74,61202
29-Jun-12,6.46,6.46,6.25,6.41,135801
28-Jun-12,6.40,6.47,6.21,6.33,54525
27-Jun-12,6.45,6.53,6.27,6.48,176150
26-Jun-12,6.57,6.68,6.39,6.46,110712
25-Jun-12,6.52,6.60,6.38,6.54,49717
22-Jun-12,6.97,7.02,6.44,6.61,1147288
21-Jun-12,7.30,7.41,6.83,6.90,157798
20-Jun-12,7.75,7.78,7.23,7.30,73984
19-Jun-12,7.98,7.98,7.51,7.79,35249
18-Jun-12,7.84,8.15,7.78,7.96,110863
15-Jun-12,7.76,7.99,7.74,7.89,83762
14-Jun-12,7.82,7.82,7.58,7.77,44001
13-Jun-12,7.79,7.86,7.53,7.77,40103
12-Jun-12,7.80,8.10,7.66,7.80,61910
11-Jun-12,8.14,8.14,7.51,7.79,74506
8-Jun-12,7.70,8.01,7.51,8.01,24884
7-Jun-12,7.65,7.77,7.59,7.68,26515
6-Jun-12,7.50,7.59,7.50,7.50,6066
5-Jun-12,7.49,7.55,7.37,7.50,15451
4-Jun-12,8.26,8.26,7.47,7.59,65192
1-Jun-12,8.21,8.40,7.78,8.23,33455
31-May-12,8.38,8.67,7.04,8.39,202937
30-May-12,8.36,8.69,8.10,8.32,202732
29-May-12,8.30,8.45,8.17,8.30,205100
25-May-12,8.30,8.42,8.13,8.30,106016
24-May-12,8.28,8.40,8.15,8.29,99242
23-May-12,7.94,8.44,7.94,8.18,27088
22-May-12,8.47,8.62,7.95,8.08,86870
21-May-12,8.78,9.00,7.80,8.00,107357
18-May-12,7.90,8.12,7.68,7.71,119350
17-May-12,8.09,8.14,7.52,7.93,62917
16-May-12,8.58,8.58,8.04,8.12,132931
15-May-12,8.65,8.76,8.45,8.58,25401
14-May-12,8.75,8.87,8.52,8.81,39954
11-May-12,8.70,8.89,8.55,8.84,51883
10-May-12,8.91,9.00,8.59,8.72,52700
9-May-12,8.94,9.00,8.75,8.90,52462
8-May-12,8.97,9.23,8.75,9.04,101187
7-May-12,9.02,9.10,8.91,9.03,62206
4-May-12,9.05,9.25,8.70,9.04,215473
3-May-12,8.79,9.05,8.79,9.00,45418
2-May-12,9.00,9.03,8.90,8.90,174459
1-May-12,9.24,9.24,9.00,9.00,219989
30-Apr-12,9.00,9.30,9.00,9.25,104166
27-Apr-12,8.60,9.20,8.50,9.20,335677
26-Apr-12,8.30,8.45,8.10,8.34,357926
25-Apr-12,9.35,9.88,8.11,8.49,4803913
