Date,Open,High,Low,Close,Volume
26-Sep-12,64.83,66.08,63.84,63.97,38901
25-Sep-12,65.34,65.60,64.56,64.56,32894
24-Sep-12,64.45,65.79,64.30,64.87,40725
21-Sep-12,63.35,64.60,62.13,64.60,80403
20-Sep-12,62.83,63.17,62.68,62.96,5180
19-Sep-12,63.48,63.87,62.97,63.30,5917
18-Sep-12,63.96,64.00,63.33,63.78,8730
17-Sep-12,63.26,63.93,63.00,63.64,15996
14-Sep-12,64.50,64.50,63.72,64.00,17591
13-Sep-12,64.10,64.42,63.83,64.42,7321
12-Sep-12,64.46,64.46,63.92,64.16,4188
11-Sep-12,63.68,64.57,63.68,64.54,5422
10-Sep-12,64.07,64.13,63.61,63.65,3402
7-Sep-12,64.02,64.52,63.89,64.10,17187
6-Sep-12,63.92,64.34,62.76,64.20,32434
5-Sep-12,63.22,63.88,62.73,63.10,43029
4-Sep-12,63.84,64.03,62.96,63.53,29029
31-Aug-12,63.98,64.20,63.36,63.77,24794
30-Aug-12,63.44,63.79,62.80,63.70,25478
29-Aug-12,63.93,64.26,62.34,63.85,28445
28-Aug-12,62.90,64.11,62.90,63.61,19507
27-Aug-12,63.18,63.43,62.88,63.11,7738
24-Aug-12,62.90,63.28,62.90,63.04,8545
23-Aug-12,62.61,63.35,62.58,62.80,10264
22-Aug-12,63.44,63.80,62.53,62.64,17944
21-Aug-12,63.21,63.70,62.82,63.22,14202
20-Aug-12,63.65,63.87,63.27,63.50,15123
17-Aug-12,63.36,63.89,63.06,63.54,15920
16-Aug-12,64.19,64.19,62.89,63.42,29180
15-Aug-12,63.13,63.81,62.80,63.73,33442
14-Aug-12,63.51,64.76,63.05,63.18,14675
13-Aug-12,64.33,64.68,63.21,63.69,35706
10-Aug-12,64.98,65.56,63.49,64.41,20845
9-Aug-12,64.15,65.87,63.64,64.97,30563
8-Aug-12,63.76,64.44,61.13,64.06,41891
7-Aug-12,65.73,66.32,63.80,64.15,52385
6-Aug-12,65.97,66.87,65.53,65.75,35641
3-Aug-12,67.00,71.08,65.06,65.93,52354
2-Aug-12,70.36,70.77,70.00,70.43,25944
1-Aug-12,71.75,71.75,70.16,70.46,33030
31-Jul-12,71.59,71.70,70.73,71.29,16874
30-Jul-12,71.75,72.34,71.53,71.76,17257
27-Jul-12,72.52,72.73,71.09,71.81,30363
26-Jul-12,72.00,72.38,70.73,72.14,18955
25-Jul-12,71.23,72.23,71.23,71.61,17732
24-Jul-12,71.93,71.93,70.36,71.00,14547
23-Jul-12,70.82,71.30,69.28,70.89,20939
20-Jul-12,72.16,72.56,71.15,71.48,25296
19-Jul-12,72.34,72.72,71.85,72.12,14380
18-Jul-12,72.02,73.15,72.02,72.31,26173
17-Jul-12,72.00,72.00,71.03,72.00,62063
16-Jul-12,71.53,72.37,71.32,71.83,26657
13-Jul-12,71.13,72.13,70.95,71.96,38870
12-Jul-12,70.75,71.17,70.34,70.85,25358
11-Jul-12,70.83,71.35,70.12,70.77,28104
10-Jul-12,70.82,71.00,70.26,70.52,17523
9-Jul-12,71.15,71.51,70.57,70.88,20666
6-Jul-12,72.06,72.22,71.38,71.89,23544
5-Jul-12,71.84,72.57,71.40,72.35,27829
3-Jul-12,71.27,72.06,71.27,72.06,20075
2-Jul-12,71.97,72.04,71.54,71.88,25507
29-Jun-12,71.23,71.63,70.76,71.61,25623
28-Jun-12,69.62,70.55,69.27,70.55,35151
27-Jun-12,69.83,70.13,69.24,70.01,18899
26-Jun-12,69.85,70.60,69.32,69.46,37667
25-Jun-12,70.30,70.88,69.45,69.56,80327
22-Jun-12,69.66,71.15,69.48,71.11,206088
21-Jun-12,70.62,70.88,69.33,69.37,56667
20-Jun-12,70.24,70.78,70.09,70.76,35557
19-Jun-12,70.56,70.96,69.97,70.63,44461
18-Jun-12,69.02,70.57,69.02,70.16,38479
15-Jun-12,68.50,69.82,68.48,69.77,78292
14-Jun-12,67.95,68.70,67.90,68.65,39355
13-Jun-12,69.00,69.38,67.98,68.28,64053
12-Jun-12,68.60,69.10,68.18,68.91,43006
11-Jun-12,70.88,70.90,67.86,68.81,91367
8-Jun-12,70.60,71.16,70.16,70.83,29374
7-Jun-12,71.38,72.01,70.44,70.62,53669
6-Jun-12,70.55,71.53,69.76,71.32,48585
5-Jun-12,70.40,71.27,69.92,70.36,81838
4-Jun-12,70.58,71.04,70.25,70.66,41264
1-Jun-12,70.94,71.63,70.13,70.25,74196
31-May-12,71.16,72.03,71.15,71.87,80899
30-May-12,72.05,72.17,70.98,71.54,49944
29-May-12,72.07,72.44,71.56,72.37,37114
25-May-12,73.02,73.02,71.06,71.71,36097
24-May-12,70.87,71.60,70.39,71.48,38569
23-May-12,70.56,71.04,69.91,70.99,38840
22-May-12,70.30,71.31,70.30,71.07,70018
21-May-12,70.00,70.42,69.97,70.30,28233
18-May-12,70.43,70.50,69.97,69.98,55900
17-May-12,70.03,70.47,69.68,70.01,36558
16-May-12,70.42,71.09,70.20,70.51,37383
15-May-12,70.73,70.91,70.00,70.57,28064
14-May-12,70.21,70.91,69.78,70.50,49172
11-May-12,70.00,70.70,69.99,70.50,23374
10-May-12,70.92,70.92,69.98,70.13,76597
9-May-12,69.19,70.32,69.19,70.03,33477
8-May-12,68.44,69.79,68.44,69.56,59483
7-May-12,69.27,70.24,67.30,68.52,79000
4-May-12,72.32,75.82,67.69,69.83,97518
3-May-12,76.34,77.12,76.28,76.73,33558
2-May-12,76.42,77.05,76.28,76.79,18242
1-May-12,76.44,77.28,76.15,76.65,42467
30-Apr-12,76.88,77.05,76.77,76.90,18402
27-Apr-12,76.58,77.27,76.14,76.98,32200
26-Apr-12,75.34,76.86,75.25,76.58,41543
25-Apr-12,75.14,75.85,75.14,75.33,38294
24-Apr-12,74.73,75.75,74.73,75.04,28542
23-Apr-12,75.19,75.20,74.17,74.99,28300
20-Apr-12,76.03,76.06,75.20,75.40,14367
19-Apr-12,75.64,75.93,75.27,75.63,18718
18-Apr-12,75.97,75.97,75.31,75.34,21305
17-Apr-12,76.11,76.67,76.03,76.34,29302
16-Apr-12,75.83,76.00,75.33,75.94,22913
13-Apr-12,75.87,76.24,75.13,75.31,30984
12-Apr-12,75.54,76.19,75.23,76.15,24631
11-Apr-12,75.30,75.78,75.05,75.73,30640
10-Apr-12,76.76,76.76,75.14,75.28,34166
9-Apr-12,76.71,77.14,76.22,76.65,32341
5-Apr-12,76.81,77.69,76.49,77.54,28417
4-Apr-12,76.75,77.15,76.10,76.76,61740
3-Apr-12,77.10,77.10,76.14,76.93,56426
2-Apr-12,77.98,77.98,77.27,77.66,41525
30-Mar-12,77.25,78.37,77.25,77.94,19503
29-Mar-12,77.70,78.00,77.54,77.72,22736
28-Mar-12,77.69,78.26,77.32,77.99,24993
27-Mar-12,77.60,78.04,77.60,77.69,28827
26-Mar-12,77.19,77.85,76.74,77.75,35262
23-Mar-12,76.16,76.82,75.79,76.59,21763
22-Mar-12,76.11,76.63,75.83,75.92,31192
21-Mar-12,77.02,77.02,76.35,76.55,18781
20-Mar-12,76.97,77.14,76.52,76.74,38790
19-Mar-12,77.39,78.13,76.06,77.13,33404
16-Mar-12,78.44,78.44,77.37,77.62,31515
15-Mar-12,77.79,78.49,77.34,78.46,25885
14-Mar-12,77.99,78.18,77.64,77.88,25723
13-Mar-12,76.82,78.07,76.52,77.86,44468
12-Mar-12,75.84,77.15,75.84,76.53,37032
9-Mar-12,76.05,76.60,75.34,75.71,56109
8-Mar-12,75.12,76.44,75.12,76.10,33511
7-Mar-12,74.38,75.18,74.00,75.06,56684
6-Mar-12,74.71,75.42,73.74,74.23,58976
5-Mar-12,75.35,75.71,74.89,75.22,54693
2-Mar-12,76.31,76.31,75.26,75.68,16812
1-Mar-12,76.24,76.57,75.68,76.21,27459
29-Feb-12,76.48,76.94,76.00,76.11,49131
28-Feb-12,76.67,77.04,76.04,76.58,40549
27-Feb-12,77.56,77.62,76.49,77.34,20256
24-Feb-12,76.73,77.73,76.73,77.57,14597
23-Feb-12,76.75,77.39,76.75,77.31,34491
22-Feb-12,77.14,77.40,76.46,76.56,26827
21-Feb-12,77.60,77.75,77.16,77.71,19274
17-Feb-12,77.64,77.93,77.40,77.63,34464
16-Feb-12,77.29,78.10,77.29,77.71,37033
15-Feb-12,78.24,78.24,77.15,77.25,27239
14-Feb-12,78.13,78.44,77.47,77.82,48264
13-Feb-12,79.13,79.22,78.26,78.74,64481
10-Feb-12,78.08,78.95,78.08,78.82,25827
9-Feb-12,78.09,78.92,78.09,78.90,14232
8-Feb-12,78.46,78.46,78.46,78.46,0
7-Feb-12,80.63,80.63,78.31,78.78,24809
6-Feb-12,78.79,78.79,78.22,78.38,31440
3-Feb-12,78.00,78.92,77.82,78.92,64697
2-Feb-12,77.41,77.69,76.88,77.64,33345
1-Feb-12,76.97,76.97,76.97,76.97,0
31-Jan-12,76.46,77.17,76.06,76.67,53585
30-Jan-12,76.28,76.28,76.28,76.28,0
27-Jan-12,75.47,75.83,74.92,75.69,63164
26-Jan-12,75.32,75.51,74.20,75.15,31531
25-Jan-12,75.25,75.63,74.82,75.21,21028
24-Jan-12,75.44,75.44,74.96,75.29,17463
23-Jan-12,76.02,76.02,75.17,75.50,16403
20-Jan-12,75.64,76.37,75.48,75.73,25936
19-Jan-12,75.17,76.15,74.81,75.62,32665
18-Jan-12,74.94,74.94,74.94,74.94,0
17-Jan-12,76.35,76.35,75.29,75.33,43439
13-Jan-12,75.52,75.52,75.52,75.52,0
12-Jan-12,75.42,75.78,74.69,75.75,38518
11-Jan-12,75.65,75.67,74.94,75.15,17919
10-Jan-12,76.41,76.50,75.31,75.65,48072
9-Jan-12,76.09,76.56,75.35,75.90,16999
6-Jan-12,75.40,76.38,75.18,75.70,31920
5-Jan-12,77.88,77.88,74.35,75.26,65508
4-Jan-12,76.48,76.82,74.79,75.24,57472
3-Jan-12,78.61,78.61,76.05,76.76,41876
30-Dec-11,78.16,78.16,78.16,78.16,0
29-Dec-11,77.60,78.18,76.33,78.03,24255
28-Dec-11,77.62,78.12,77.19,77.21,33840
27-Dec-11,77.89,77.89,77.89,77.89,0
23-Dec-11,77.49,77.49,77.49,77.49,0
22-Dec-11,76.89,76.89,76.89,76.89,0
21-Dec-11,77.18,77.58,76.96,77.40,26465
20-Dec-11,76.21,77.23,76.17,77.14,35232
19-Dec-11,76.50,76.50,75.06,75.11,25506
16-Dec-11,75.57,75.57,75.57,75.57,0
15-Dec-11,76.32,77.56,75.87,75.99,63028
14-Dec-11,75.22,76.69,75.00,76.06,54402
13-Dec-11,76.77,77.28,75.33,75.80,27537
12-Dec-11,75.85,76.77,75.08,76.16,60585
9-Dec-11,75.41,76.77,75.41,76.68,36142
8-Dec-11,75.15,75.85,75.00,75.09,61349
7-Dec-11,75.37,75.84,74.60,75.67,35291
6-Dec-11,75.60,75.60,75.60,75.60,0
5-Dec-11,75.55,76.43,74.85,75.52,66925
2-Dec-11,75.32,76.43,74.96,75.30,67761
1-Dec-11,73.80,75.56,73.46,75.12,90209
30-Nov-11,71.96,71.96,71.96,71.96,0
29-Nov-11,71.70,71.70,70.56,70.99,80337
28-Nov-11,72.57,72.91,70.94,71.94,65108
25-Nov-11,69.88,71.30,69.88,71.01,13428
23-Nov-11,70.19,70.19,70.19,70.19,0
22-Nov-11,72.46,73.45,72.20,72.65,43929
21-Nov-11,72.99,73.33,71.77,72.36,59736
18-Nov-11,74.86,76.46,73.55,73.70,49560
17-Nov-11,74.71,75.93,74.28,74.42,56994
16-Nov-11,76.85,76.85,74.33,74.45,79342
15-Nov-11,77.43,77.43,77.43,77.43,0
14-Nov-11,77.08,77.35,76.61,76.62,34097
11-Nov-11,77.52,77.81,76.52,77.42,35746
10-Nov-11,76.86,76.86,76.86,76.86,0
9-Nov-11,77.51,77.51,75.75,75.84,64638
8-Nov-11,78.40,78.49,76.84,77.99,52235
7-Nov-11,77.13,77.13,77.13,77.13,0
4-Nov-11,78.27,79.83,78.08,78.58,38800
3-Nov-11,78.07,78.07,78.07,78.07,0
2-Nov-11,77.55,78.95,77.55,78.51,47071
1-Nov-11,77.17,78.50,76.38,76.56,56040
31-Oct-11,78.60,80.46,78.60,78.95,60025
28-Oct-11,80.42,80.42,79.14,79.73,37264
27-Oct-11,80.26,80.26,80.26,80.26,0
26-Oct-11,77.73,78.58,77.35,78.56,41399
25-Oct-11,78.46,79.23,77.00,77.07,62676
24-Oct-11,77.71,79.20,77.43,79.20,51187
21-Oct-11,76.82,77.70,76.32,77.66,48141
20-Oct-11,75.23,75.23,75.23,75.23,0
19-Oct-11,75.14,77.00,75.04,75.42,63703
18-Oct-11,72.48,75.99,72.48,75.93,84605
17-Oct-11,74.53,75.20,73.86,73.99,54523
14-Oct-11,74.42,75.09,74.40,74.88,42141
13-Oct-11,73.76,74.49,73.67,74.17,57972
12-Oct-11,73.65,74.47,73.65,74.29,42848
11-Oct-11,73.90,74.42,73.18,73.43,35856
10-Oct-11,73.28,73.28,73.28,73.28,0
7-Oct-11,73.50,73.99,71.58,71.58,61516
6-Oct-11,72.42,73.49,71.80,73.45,74731
5-Oct-11,71.28,72.86,70.71,72.74,65427
4-Oct-11,68.81,71.99,68.10,71.83,140082
3-Oct-11,71.05,71.96,69.35,69.36,93196
30-Sep-11,70.79,72.84,70.79,71.18,105598
29-Sep-11,70.39,71.78,70.14,71.71,85959
