Date,Open,High,Low,Close,Volume
26-Sep-12,10.10,10.35,10.10,10.35,13264
25-Sep-12,10.10,10.25,10.10,10.13,23855
24-Sep-12,10.02,10.10,10.01,10.04,9228
21-Sep-12,10.11,10.11,9.98,10.07,31766
20-Sep-12,10.00,10.00,10.00,10.00,1904
19-Sep-12,10.06,10.09,9.98,10.03,8981
18-Sep-12,10.06,10.12,9.91,10.02,7430
17-Sep-12,10.19,10.25,9.91,10.02,9739
14-Sep-12,10.15,10.20,10.06,10.19,11304
13-Sep-12,10.12,10.25,10.10,10.15,14319
12-Sep-12,10.23,10.24,10.09,10.12,13544
11-Sep-12,10.19,10.25,10.16,10.25,11208
10-Sep-12,10.23,10.25,10.09,10.21,4338
7-Sep-12,10.35,10.35,10.12,10.24,34343
6-Sep-12,10.26,10.42,10.24,10.35,75953
5-Sep-12,10.12,10.48,10.09,10.24,38258
4-Sep-12,10.14,10.23,10.04,10.06,27841
31-Aug-12,10.23,10.23,10.10,10.14,25886
30-Aug-12,10.25,10.25,10.05,10.16,19345
29-Aug-12,10.48,10.48,10.20,10.26,15014
28-Aug-12,10.14,10.50,10.14,10.48,8588
27-Aug-12,10.25,10.54,10.25,10.50,2531
24-Aug-12,10.12,10.35,10.10,10.25,9835
23-Aug-12,10.14,10.19,10.10,10.18,6441
22-Aug-12,10.37,10.37,10.00,10.20,18418
21-Aug-12,10.40,10.42,10.30,10.33,15401
20-Aug-12,10.53,10.53,10.34,10.49,5122
17-Aug-12,10.48,10.54,10.42,10.54,5221
16-Aug-12,10.50,10.54,10.38,10.53,5392
15-Aug-12,10.34,10.50,10.34,10.46,6201
14-Aug-12,10.57,10.73,10.31,10.38,2710
13-Aug-12,10.50,10.52,10.36,10.52,3740
10-Aug-12,10.66,10.69,10.46,10.53,5083
9-Aug-12,10.62,10.75,10.59,10.71,11013
8-Aug-12,10.64,10.83,10.48,10.75,6946
7-Aug-12,10.76,10.80,10.45,10.71,34114
6-Aug-12,10.90,10.92,10.64,10.73,7822
3-Aug-12,10.50,10.94,10.31,10.92,12786
2-Aug-12,10.39,10.49,10.37,10.38,9988
1-Aug-12,10.57,10.63,10.43,10.45,20182
31-Jul-12,10.80,10.94,10.51,10.57,13210
30-Jul-12,10.87,10.95,10.68,10.82,5201
27-Jul-12,10.64,10.94,10.62,10.92,7846
26-Jul-12,10.31,10.93,10.31,10.57,20724
25-Jul-12,10.26,10.36,10.14,10.17,5267
24-Jul-12,10.25,10.43,10.15,10.17,7980
23-Jul-12,10.35,10.62,10.20,10.20,8592
20-Jul-12,10.79,10.79,10.37,10.44,13757
19-Jul-12,11.00,11.21,10.88,10.88,6438
18-Jul-12,10.94,11.17,10.88,11.08,12146
17-Jul-12,10.83,10.97,10.60,10.95,5692
16-Jul-12,11.31,11.32,10.75,10.75,12070
13-Jul-12,10.93,11.41,10.93,11.38,19742
12-Jul-12,10.70,10.95,10.69,10.90,8429
11-Jul-12,10.81,10.89,10.64,10.75,17878
10-Jul-12,10.86,10.86,10.63,10.78,7953
9-Jul-12,10.77,10.90,10.68,10.77,10934
6-Jul-12,10.72,10.76,10.66,10.76,6181
5-Jul-12,10.89,10.95,10.79,10.81,8371
3-Jul-12,10.97,10.97,10.93,10.95,7298
2-Jul-12,10.79,10.95,10.75,10.95,17477
29-Jun-12,10.79,10.83,10.56,10.80,34912
28-Jun-12,10.60,10.76,10.52,10.73,19247
27-Jun-12,10.57,10.70,10.31,10.64,11123
26-Jun-12,10.57,10.60,10.43,10.52,6895
25-Jun-12,10.62,10.86,10.50,10.60,14403
22-Jun-12,10.41,10.82,10.37,10.79,196858
21-Jun-12,10.45,10.47,10.17,10.33,38782
20-Jun-12,10.46,10.53,10.35,10.47,11611
19-Jun-12,10.34,10.54,10.28,10.51,22542
18-Jun-12,10.32,10.36,10.26,10.36,30913
15-Jun-12,10.33,10.50,10.25,10.39,56484
14-Jun-12,10.34,10.42,10.08,10.36,23000
13-Jun-12,10.31,10.37,10.25,10.30,33599
12-Jun-12,10.41,10.45,10.26,10.36,23214
11-Jun-12,10.50,10.50,10.31,10.41,46633
8-Jun-12,10.29,10.48,10.29,10.47,9652
7-Jun-12,10.44,10.44,10.24,10.29,25276
6-Jun-12,10.35,10.35,10.22,10.35,53157
5-Jun-12,10.24,10.34,10.24,10.30,46559
4-Jun-12,10.25,10.33,10.15,10.33,59699
1-Jun-12,10.18,10.27,10.12,10.23,82246
31-May-12,10.27,10.47,10.20,10.30,95601
30-May-12,10.32,10.39,10.20,10.31,16134
29-May-12,10.43,10.43,10.25,10.35,10791
25-May-12,10.40,10.42,10.30,10.41,67601
24-May-12,10.31,10.40,10.30,10.40,10041
23-May-12,10.38,10.43,10.30,10.42,10528
22-May-12,10.39,10.43,10.30,10.42,46899
21-May-12,10.42,10.44,10.32,10.41,12813
18-May-12,10.26,10.45,9.76,10.42,22193
17-May-12,10.22,10.40,10.20,10.30,50697
16-May-12,10.27,10.34,10.21,10.25,17543
15-May-12,10.24,10.34,10.23,10.25,12298
14-May-12,10.16,10.31,10.16,10.25,38558
11-May-12,10.11,10.27,10.11,10.25,83465
10-May-12,10.24,10.24,10.05,10.18,20291
9-May-12,10.02,10.24,9.89,10.20,19279
8-May-12,9.81,10.20,9.81,10.10,16208
7-May-12,9.81,9.88,9.80,9.87,6997
4-May-12,9.89,9.92,9.80,9.84,22265
3-May-12,9.74,10.00,9.74,9.92,18041
2-May-12,9.63,9.80,9.63,9.80,14964
1-May-12,9.74,9.84,9.57,9.67,20015
30-Apr-12,9.75,9.88,9.71,9.75,17687
27-Apr-12,9.99,9.99,9.78,9.90,9952
26-Apr-12,10.05,10.08,9.96,10.00,24483
25-Apr-12,9.93,10.23,9.85,10.20,19760
24-Apr-12,9.74,9.90,9.74,9.85,7782
23-Apr-12,9.69,9.82,9.69,9.75,20088
20-Apr-12,9.93,9.95,9.78,9.80,17002
19-Apr-12,9.83,9.89,9.76,9.76,15564
18-Apr-12,9.94,9.94,9.75,9.80,11808
17-Apr-12,9.95,10.03,9.89,9.95,25630
16-Apr-12,9.81,9.95,9.79,9.92,6289
13-Apr-12,9.78,9.89,9.63,9.81,19464
12-Apr-12,9.85,9.90,9.80,9.85,17905
11-Apr-12,9.88,9.90,9.80,9.90,29668
10-Apr-12,9.77,9.84,9.72,9.76,42471
9-Apr-12,9.75,9.82,9.75,9.76,41985
5-Apr-12,9.82,9.90,9.80,9.82,7581
4-Apr-12,9.77,9.90,9.75,9.86,21909
3-Apr-12,9.85,9.90,9.78,9.82,12864
2-Apr-12,9.75,9.89,9.72,9.85,18032
30-Mar-12,9.90,9.90,9.80,9.80,11135
29-Mar-12,9.76,9.85,9.71,9.82,12320
28-Mar-12,9.86,9.88,9.75,9.84,7222
27-Mar-12,9.85,10.03,9.75,9.83,14575
26-Mar-12,9.65,9.88,9.65,9.85,27726
23-Mar-12,9.49,9.61,9.49,9.58,12827
22-Mar-12,9.46,9.51,9.45,9.48,24623
21-Mar-12,9.51,9.58,9.50,9.51,18774
20-Mar-12,9.54,9.74,9.50,9.58,23168
19-Mar-12,9.52,9.70,9.49,9.63,17320
16-Mar-12,9.49,9.52,9.45,9.52,40150
15-Mar-12,9.50,9.54,9.45,9.50,172150
14-Mar-12,9.56,9.57,9.50,9.52,7684
13-Mar-12,9.61,9.63,9.48,9.62,59172
12-Mar-12,9.55,9.56,9.50,9.51,30228
9-Mar-12,9.61,9.67,9.46,9.54,48461
8-Mar-12,9.58,9.58,9.50,9.51,23724
7-Mar-12,9.53,9.62,9.44,9.55,28434
6-Mar-12,9.40,9.49,9.40,9.45,24454
5-Mar-12,9.42,9.51,9.38,9.47,34393
2-Mar-12,9.57,9.63,9.34,9.47,116604
1-Mar-12,9.62,9.73,9.53,9.53,23064
29-Feb-12,9.73,9.73,9.60,9.62,23836
28-Feb-12,9.90,9.93,9.60,9.73,25722
27-Feb-12,9.83,9.93,9.80,9.88,5399
24-Feb-12,9.97,10.00,9.90,9.90,27385
23-Feb-12,9.70,10.00,9.60,9.99,456090
22-Feb-12,9.69,9.77,9.65,9.67,15523
21-Feb-12,9.92,9.98,9.70,9.70,16353
17-Feb-12,9.93,9.95,9.89,9.91,69806
16-Feb-12,9.87,9.95,9.81,9.93,25511
15-Feb-12,9.85,9.95,9.71,9.83,94588
14-Feb-12,9.96,10.00,9.76,9.83,15836
13-Feb-12,9.98,10.03,9.90,10.00,23735
10-Feb-12,9.98,9.99,9.79,9.85,175075
9-Feb-12,10.14,10.24,10.01,10.02,21594
8-Feb-12,10.21,10.28,10.14,10.14,96389
7-Feb-12,10.38,10.38,10.17,10.20,51530
6-Feb-12,10.65,10.65,10.30,10.42,13921
3-Feb-12,10.39,10.78,10.29,10.73,18079
2-Feb-12,10.10,10.25,9.97,10.22,37401
1-Feb-12,10.08,10.18,9.92,10.10,34621
31-Jan-12,10.35,10.38,10.05,10.07,21971
30-Jan-12,10.34,10.40,10.25,10.26,11248
27-Jan-12,10.34,10.40,10.26,10.38,17771
26-Jan-12,10.46,10.47,10.34,10.40,20739
25-Jan-12,10.36,10.61,10.36,10.38,14247
24-Jan-12,10.40,10.42,10.33,10.39,20054
23-Jan-12,10.45,10.50,10.38,10.42,8819
20-Jan-12,10.49,10.55,10.32,10.42,15559
19-Jan-12,10.69,10.69,10.43,10.48,12686
18-Jan-12,10.57,10.68,10.40,10.68,15146
17-Jan-12,10.44,10.67,10.44,10.58,27803
13-Jan-12,10.50,10.50,10.50,10.50,0
12-Jan-12,10.40,10.59,10.38,10.50,34896
11-Jan-12,10.27,10.52,10.18,10.30,23210
10-Jan-12,10.49,10.49,10.30,10.33,39795
9-Jan-12,10.43,10.53,10.25,10.37,23961
6-Jan-12,10.51,10.52,10.42,10.43,13198
5-Jan-12,10.56,10.67,10.42,10.55,30122
4-Jan-12,10.72,10.72,10.53,10.60,11043
3-Jan-12,10.70,10.81,10.27,10.79,34115
30-Dec-11,10.47,10.47,10.47,10.47,0
29-Dec-11,10.37,10.69,10.37,10.56,26304
28-Dec-11,10.53,10.61,10.37,10.42,22583
27-Dec-11,10.52,10.69,10.50,10.54,14036
23-Dec-11,10.53,10.53,10.53,10.53,0
22-Dec-11,10.59,10.69,10.46,10.50,16398
21-Dec-11,10.61,10.61,10.61,10.61,0
20-Dec-11,10.74,10.88,10.53,10.70,36829
19-Dec-11,10.54,10.82,10.38,10.55,23065
16-Dec-11,10.77,10.80,10.32,10.46,156500
15-Dec-11,10.58,10.90,10.41,10.67,29912
14-Dec-11,10.21,10.55,10.20,10.49,32019
13-Dec-11,10.28,10.28,10.28,10.28,0
12-Dec-11,10.40,10.40,10.40,10.40,0
9-Dec-11,10.45,10.87,10.45,10.77,19461
8-Dec-11,10.50,10.57,10.40,10.40,71816
7-Dec-11,10.49,10.49,10.49,10.49,0
6-Dec-11,10.72,10.80,10.59,10.69,19845
5-Dec-11,10.97,10.97,10.57,10.70,34718
2-Dec-11,10.69,10.69,10.69,10.69,0
1-Dec-11,11.08,11.15,10.74,10.76,24653
30-Nov-11,11.11,11.19,10.82,11.11,69430
29-Nov-11,10.72,11.00,10.63,10.76,14589
28-Nov-11,10.52,10.85,10.40,10.82,35313
25-Nov-11,10.10,10.71,10.10,10.21,9375
23-Nov-11,10.15,10.15,10.15,10.15,0
22-Nov-11,10.40,10.43,10.29,10.37,21039
21-Nov-11,10.27,10.45,10.27,10.40,19814
18-Nov-11,10.47,10.57,10.35,10.44,45532
17-Nov-11,10.58,10.60,10.40,10.45,32041
16-Nov-11,10.72,10.93,10.57,10.60,11282
15-Nov-11,10.65,10.91,10.60,10.85,18285
14-Nov-11,10.84,10.86,10.60,10.63,20429
11-Nov-11,10.87,10.96,10.79,10.86,19505
10-Nov-11,10.98,10.98,10.69,10.81,20464
9-Nov-11,10.96,11.21,10.80,10.80,35556
8-Nov-11,11.12,11.35,10.98,11.24,18558
7-Nov-11,11.17,11.19,10.93,11.08,14405
4-Nov-11,11.30,11.30,11.10,11.17,13571
3-Nov-11,11.38,11.38,11.14,11.38,34164
2-Nov-11,11.01,11.37,10.90,11.27,25902
1-Nov-11,10.95,10.95,10.95,10.95,0
31-Oct-11,11.00,11.34,10.81,11.04,32263
28-Oct-11,11.27,11.37,11.12,11.17,22690
27-Oct-11,11.19,11.38,10.77,11.36,80679
26-Oct-11,10.56,10.73,10.33,10.72,28187
25-Oct-11,10.63,10.80,10.33,10.35,38762
24-Oct-11,10.89,10.89,10.70,10.81,44483
21-Oct-11,11.18,11.18,10.62,10.90,29544
20-Oct-11,10.83,11.00,10.47,10.94,15636
19-Oct-11,11.19,11.22,10.83,10.85,14845
18-Oct-11,10.88,11.22,10.75,11.20,32026
17-Oct-11,11.20,11.20,10.73,10.79,24065
14-Oct-11,11.34,11.34,11.05,11.33,18811
13-Oct-11,11.19,11.29,11.01,11.28,12779
12-Oct-11,11.29,11.29,11.00,11.27,34317
11-Oct-11,10.92,11.24,10.82,11.18,40487
10-Oct-11,10.51,11.02,10.34,11.02,53159
7-Oct-11,10.89,10.89,10.29,10.37,47438
6-Oct-11,10.73,10.98,10.60,10.96,27222
5-Oct-11,10.57,10.77,10.47,10.73,57684
4-Oct-11,9.87,10.69,9.77,10.58,95970
3-Oct-11,10.27,10.27,10.27,10.27,0
30-Sep-11,10.78,10.98,10.51,10.51,33860
29-Sep-11,11.01,11.01,10.65,10.97,10170
