Date,Open,High,Low,Close,Volume
26-Sep-12,15.05,15.34,14.98,15.07,40368
25-Sep-12,15.19,15.23,14.94,15.02,25767
24-Sep-12,15.01,15.21,14.81,15.14,27510
21-Sep-12,15.27,15.29,15.00,15.00,44546
20-Sep-12,15.25,15.29,14.90,15.07,7440
19-Sep-12,15.09,15.41,15.15,15.28,13502
18-Sep-12,14.94,15.06,14.85,15.01,11563
17-Sep-12,14.80,15.10,14.75,14.99,11097
14-Sep-12,15.00,15.05,14.84,14.87,8536
13-Sep-12,15.09,15.09,14.89,15.05,18046
12-Sep-12,14.98,15.06,14.93,15.06,3613
11-Sep-12,15.18,15.18,14.86,14.98,6984
10-Sep-12,15.00,15.02,14.92,15.02,4931
7-Sep-12,15.00,15.04,14.71,15.01,36058
6-Sep-12,14.98,15.09,14.65,15.04,38299
5-Sep-12,14.64,14.90,14.38,14.44,35561
4-Sep-12,14.74,15.00,14.46,14.66,54280
31-Aug-12,14.77,15.02,14.66,14.88,32025
30-Aug-12,14.86,14.94,14.66,14.67,18755
29-Aug-12,14.84,14.97,14.56,14.94,25075
28-Aug-12,14.76,14.87,14.63,14.82,17453
27-Aug-12,14.77,14.84,14.69,14.80,9187
24-Aug-12,14.76,14.97,14.66,14.85,5934
23-Aug-12,14.63,14.81,14.60,14.72,15421
22-Aug-12,14.55,14.94,14.48,14.77,18167
21-Aug-12,14.93,15.01,14.60,14.60,35410
20-Aug-12,14.54,14.95,14.39,14.92,15818
17-Aug-12,14.25,14.75,14.21,14.69,37251
16-Aug-12,14.19,14.30,14.10,14.30,17930
15-Aug-12,14.16,14.24,14.10,14.20,8841
14-Aug-12,14.37,14.37,14.15,14.25,12752
13-Aug-12,14.10,14.35,14.05,14.35,45185
10-Aug-12,14.30,14.30,14.07,14.10,11385
9-Aug-12,14.20,14.35,14.20,14.29,21741
8-Aug-12,14.43,14.43,14.15,14.27,46774
7-Aug-12,14.82,14.86,14.38,14.43,18524
6-Aug-12,14.97,14.99,14.67,14.74,15635
3-Aug-12,14.48,15.00,14.48,14.93,18050
2-Aug-12,14.40,14.58,14.32,14.44,23890
1-Aug-12,14.53,14.56,14.34,14.37,47901
31-Jul-12,14.50,14.61,14.46,14.50,17047
30-Jul-12,14.81,14.81,14.48,14.50,7195
27-Jul-12,14.40,14.87,14.38,14.86,16744
26-Jul-12,14.32,14.42,14.22,14.31,9774
25-Jul-12,14.21,14.34,14.03,14.23,18724
24-Jul-12,14.18,14.18,14.00,14.14,33037
23-Jul-12,14.15,14.52,13.93,14.11,113263
20-Jul-12,14.10,14.71,14.02,14.36,61205
19-Jul-12,14.10,14.15,14.00,14.11,34945
18-Jul-12,14.45,14.64,13.86,14.09,99827
17-Jul-12,14.98,15.07,14.37,14.41,60321
16-Jul-12,14.97,14.97,14.69,14.86,14994
13-Jul-12,14.77,15.07,14.51,14.94,37179
12-Jul-12,14.51,14.91,14.30,14.75,20793
11-Jul-12,14.90,14.90,14.50,14.66,28862
10-Jul-12,14.98,15.04,14.81,14.83,19556
9-Jul-12,14.90,15.04,14.90,14.97,33727
6-Jul-12,14.77,14.93,14.63,14.82,13876
5-Jul-12,14.89,15.00,14.84,14.93,9681
3-Jul-12,14.98,15.14,14.85,14.98,29934
2-Jul-12,14.88,15.02,14.68,15.02,47004
29-Jun-12,14.19,15.02,14.19,14.94,39906
28-Jun-12,13.86,14.00,13.70,13.93,24423
27-Jun-12,13.80,13.98,13.74,13.97,19776
26-Jun-12,13.94,13.97,13.66,13.79,14168
25-Jun-12,13.57,13.92,13.57,13.84,61539
22-Jun-12,14.19,14.30,13.69,13.70,93694
21-Jun-12,14.61,14.61,14.13,14.17,25086
20-Jun-12,14.89,14.89,14.60,14.64,13348
19-Jun-12,14.98,15.05,14.86,14.93,34717
18-Jun-12,14.81,15.04,14.77,14.94,39144
15-Jun-12,14.90,15.07,14.62,14.86,207351
14-Jun-12,14.97,15.16,14.78,14.98,35251
13-Jun-12,14.91,15.08,14.66,14.91,49190
12-Jun-12,14.93,15.05,14.82,14.98,45150
11-Jun-12,15.07,15.12,14.64,14.90,250352
8-Jun-12,14.70,15.30,14.70,15.01,78214
7-Jun-12,14.84,14.84,14.61,14.78,41522
6-Jun-12,14.55,14.85,14.39,14.76,44217
5-Jun-12,14.51,14.71,14.45,14.52,43362
4-Jun-12,14.14,14.90,14.14,14.58,82322
1-Jun-12,14.17,14.34,14.01,14.12,34466
31-May-12,14.12,14.58,14.01,14.46,47311
30-May-12,14.06,14.26,13.92,14.06,37795
29-May-12,14.14,14.35,13.95,14.22,29127
25-May-12,14.06,14.24,13.82,14.01,15049
24-May-12,14.28,14.28,13.68,14.10,65023
23-May-12,14.10,14.31,13.88,14.21,61053
22-May-12,14.66,14.66,14.06,14.19,41641
21-May-12,14.64,14.87,14.37,14.72,20403
18-May-12,14.46,14.69,14.14,14.56,58326
17-May-12,14.85,14.85,14.43,14.50,23732
16-May-12,14.70,14.96,14.70,14.87,13798
15-May-12,14.71,14.85,14.59,14.69,15392
14-May-12,14.71,14.96,14.52,14.79,39119
11-May-12,14.55,14.96,14.53,14.91,36695
10-May-12,14.67,14.82,14.51,14.63,18164
9-May-12,14.18,14.98,14.07,14.59,86782
8-May-12,13.75,14.45,13.75,14.28,39393
7-May-12,13.71,14.03,13.64,13.89,17727
4-May-12,14.13,14.17,13.77,13.77,44184
3-May-12,14.47,14.47,13.81,14.22,35144
2-May-12,14.42,14.57,14.30,14.44,21924
1-May-12,14.86,15.12,14.49,14.53,34646
30-Apr-12,14.71,15.85,14.61,14.86,94765
27-Apr-12,14.42,14.87,14.42,14.68,36897
26-Apr-12,14.49,14.61,14.40,14.43,28933
25-Apr-12,14.50,14.67,14.35,14.48,39048
24-Apr-12,13.88,14.44,13.85,14.39,45321
23-Apr-12,14.56,14.56,13.74,13.95,56011
20-Apr-12,13.55,14.95,13.39,14.66,109554
19-Apr-12,13.67,14.08,13.30,13.33,53383
18-Apr-12,13.91,14.08,13.50,13.67,68255
17-Apr-12,14.05,14.19,13.98,14.02,33980
16-Apr-12,14.22,14.37,13.81,13.93,31094
13-Apr-12,14.65,14.65,14.12,14.22,23072
12-Apr-12,14.54,14.81,14.51,14.67,20413
11-Apr-12,14.79,14.99,14.27,14.51,41442
10-Apr-12,15.41,15.42,14.59,14.70,54319
9-Apr-12,15.50,15.59,15.39,15.41,31569
5-Apr-12,15.69,15.75,15.50,15.65,22472
4-Apr-12,15.75,15.86,15.54,15.67,34462
3-Apr-12,16.20,16.38,15.84,15.94,31532
2-Apr-12,16.04,16.21,15.91,16.21,23362
30-Mar-12,16.27,16.42,16.03,16.04,60605
29-Mar-12,15.98,16.21,15.98,16.13,19739
28-Mar-12,16.00,16.16,16.00,16.08,40078
27-Mar-12,16.23,16.32,16.03,16.08,54161
26-Mar-12,16.04,16.29,15.93,16.24,29147
23-Mar-12,15.80,15.96,15.74,15.95,21101
22-Mar-12,15.69,15.86,15.68,15.84,18771
21-Mar-12,15.82,15.93,15.60,15.75,30519
20-Mar-12,15.85,16.04,15.82,15.82,14191
19-Mar-12,15.77,16.08,15.70,15.99,29068
16-Mar-12,15.80,15.88,15.66,15.88,50222
15-Mar-12,15.68,15.77,15.57,15.74,23186
14-Mar-12,15.88,15.89,15.62,15.66,26560
13-Mar-12,15.82,15.99,15.54,15.94,31572
12-Mar-12,15.92,15.95,15.61,15.72,30558
9-Mar-12,16.01,16.29,15.65,15.94,96304
8-Mar-12,15.89,16.23,15.68,16.05,45602
7-Mar-12,15.49,15.93,15.41,15.84,29505
6-Mar-12,15.65,15.76,15.45,15.46,32770
5-Mar-12,15.53,15.75,15.53,15.73,25162
2-Mar-12,16.05,16.07,15.41,15.58,43670
1-Mar-12,16.12,16.24,16.08,16.10,16357
29-Feb-12,16.30,16.53,16.01,16.01,34361
28-Feb-12,16.43,16.49,16.22,16.27,85651
27-Feb-12,16.36,16.55,16.32,16.47,10330
24-Feb-12,16.67,16.67,16.49,16.50,6416
23-Feb-12,16.14,16.70,16.14,16.69,21359
22-Feb-12,16.53,16.53,16.38,16.43,9092
21-Feb-12,16.74,16.81,16.51,16.53,6984
17-Feb-12,16.79,16.80,16.60,16.74,12914
16-Feb-12,16.64,16.92,16.60,16.80,35695
15-Feb-12,16.66,16.67,16.46,16.52,24439
14-Feb-12,16.72,16.72,16.50,16.68,11358
13-Feb-12,16.53,16.81,16.48,16.80,26150
10-Feb-12,16.51,16.63,16.40,16.47,24682
9-Feb-12,16.65,16.65,16.47,16.58,17929
8-Feb-12,16.55,16.76,16.44,16.65,13626
7-Feb-12,16.78,16.85,16.70,16.76,7969
6-Feb-12,16.71,16.71,16.71,16.71,0
3-Feb-12,17.01,17.03,16.82,16.94,39262
2-Feb-12,16.83,16.98,16.83,16.97,13122
1-Feb-12,16.77,16.99,16.52,16.90,38854
31-Jan-12,16.64,16.90,16.43,16.73,28247
30-Jan-12,16.60,16.60,16.60,16.60,0
27-Jan-12,16.38,16.80,16.02,16.80,18225
26-Jan-12,16.64,16.64,16.64,16.64,0
25-Jan-12,16.51,16.93,16.44,16.73,28684
24-Jan-12,16.22,16.60,16.07,16.60,62646
23-Jan-12,16.25,16.25,16.25,16.25,0
20-Jan-12,15.95,16.22,15.78,16.17,21142
19-Jan-12,15.94,15.99,15.81,15.98,18886
18-Jan-12,15.61,15.94,15.61,15.93,36000
17-Jan-12,15.72,15.72,15.72,15.72,0
13-Jan-12,15.90,15.90,15.90,15.90,0
12-Jan-12,16.31,16.31,16.09,16.23,20990
11-Jan-12,16.30,16.37,15.93,16.27,25487
10-Jan-12,16.38,16.58,16.28,16.36,85274
9-Jan-12,15.65,16.64,15.65,16.28,52013
6-Jan-12,15.82,15.83,15.64,15.67,29602
5-Jan-12,15.80,15.88,15.61,15.80,19749
4-Jan-12,16.11,16.11,15.87,15.87,24681
3-Jan-12,16.06,16.06,16.06,16.06,0
30-Dec-11,16.07,16.07,16.07,16.07,0
29-Dec-11,15.90,16.12,15.90,16.02,62569
28-Dec-11,16.20,16.20,15.94,15.98,28532
27-Dec-11,16.14,16.28,16.11,16.20,38158
23-Dec-11,16.24,16.24,16.24,16.24,0
22-Dec-11,16.40,16.54,16.15,16.23,64460
21-Dec-11,16.66,16.77,16.36,16.42,57638
20-Dec-11,16.60,16.77,16.52,16.74,39413
19-Dec-11,16.44,16.67,16.27,16.44,33226
16-Dec-11,16.67,16.67,16.14,16.36,107919
15-Dec-11,16.36,16.62,16.25,16.54,33015
14-Dec-11,16.37,16.56,16.10,16.10,47835
13-Dec-11,16.65,16.70,16.44,16.47,26365
12-Dec-11,16.80,16.80,16.45,16.56,37599
9-Dec-11,16.91,16.91,16.91,16.91,0
8-Dec-11,17.19,17.19,16.60,16.61,30265
7-Dec-11,17.22,17.39,16.77,17.24,17174
6-Dec-11,17.08,17.35,16.78,17.26,34513
5-Dec-11,17.09,17.20,16.84,16.96,49268
2-Dec-11,16.98,17.04,16.58,16.99,21532
1-Dec-11,16.72,16.95,16.64,16.82,36233
30-Nov-11,16.50,16.77,16.30,16.72,70869
29-Nov-11,16.50,16.68,16.23,16.26,73071
28-Nov-11,16.42,16.72,15.90,16.50,71962
25-Nov-11,16.29,16.45,16.09,16.09,14020
23-Nov-11,16.30,16.30,16.30,16.30,0
22-Nov-11,16.62,16.62,16.44,16.50,19065
21-Nov-11,16.75,16.91,16.41,16.59,27022
18-Nov-11,16.70,16.99,16.62,16.91,16098
17-Nov-11,16.80,16.98,16.59,16.67,14427
16-Nov-11,16.87,17.09,16.73,16.74,22071
15-Nov-11,16.69,17.05,16.45,17.03,23746
14-Nov-11,16.99,17.05,16.55,16.66,21054
11-Nov-11,17.09,17.15,17.06,17.08,23945
10-Nov-11,16.92,17.09,16.25,16.99,21353
9-Nov-11,16.77,16.94,16.15,16.69,40609
8-Nov-11,17.10,17.10,16.82,17.07,23704
7-Nov-11,17.00,17.15,16.85,17.08,40861
4-Nov-11,17.09,17.15,16.89,17.07,19549
3-Nov-11,16.88,17.23,16.74,17.21,46754
2-Nov-11,16.55,16.88,16.54,16.86,44398
1-Nov-11,16.51,16.70,16.35,16.45,55137
31-Oct-11,17.18,17.72,16.90,16.92,50495
28-Oct-11,17.06,17.76,16.70,17.14,96384
27-Oct-11,16.94,17.30,16.77,17.11,79944
26-Oct-11,16.69,16.84,16.35,16.55,56966
25-Oct-11,16.95,16.95,16.40,16.48,62296
24-Oct-11,16.57,17.13,16.56,17.02,63101
21-Oct-11,16.38,16.68,16.28,16.60,30554
20-Oct-11,16.55,16.55,16.07,16.14,34864
19-Oct-11,16.40,16.65,16.16,16.33,38747
18-Oct-11,16.35,16.61,16.09,16.48,48314
17-Oct-11,16.40,16.62,16.26,16.31,29090
14-Oct-11,16.36,16.52,16.28,16.48,22492
13-Oct-11,16.19,16.34,16.01,16.29,31434
12-Oct-11,16.14,16.36,16.06,16.24,37419
11-Oct-11,16.04,16.16,16.00,16.14,28830
10-Oct-11,16.09,16.13,15.85,16.08,42147
7-Oct-11,16.19,16.25,15.70,15.80,37940
6-Oct-11,16.01,16.20,15.95,16.19,39815
5-Oct-11,15.94,16.05,15.74,16.03,29714
4-Oct-11,15.72,15.72,15.72,15.72,0
3-Oct-11,15.12,15.70,14.98,14.99,53588
30-Sep-11,15.02,15.35,14.81,15.16,34847
29-Sep-11,15.56,15.56,15.00,15.23,44190
