Date,Open,High,Low,Close,Volume
27-Sep-12,31.37,31.45,31.13,31.43,12812
26-Sep-12,31.20,31.30,30.95,31.30,19451
25-Sep-12,31.19,31.50,31.00,31.26,20036
24-Sep-12,31.12,31.37,31.04,31.20,6166
21-Sep-12,31.24,31.24,30.95,31.00,27625
20-Sep-12,30.86,31.01,30.81,30.83,1703
19-Sep-12,30.95,31.00,30.89,30.89,2838
18-Sep-12,30.93,31.00,30.68,30.93,3515
17-Sep-12,31.00,30.99,30.93,30.93,1041
14-Sep-12,31.04,31.23,30.93,31.10,2581
13-Sep-12,30.77,30.99,30.81,30.99,3573
12-Sep-12,30.80,30.90,30.80,30.83,4750
11-Sep-12,30.75,30.90,30.75,30.89,4995
10-Sep-12,30.55,30.71,30.50,30.66,5229
7-Sep-12,30.31,30.73,30.31,30.58,12779
6-Sep-12,29.76,30.37,29.76,30.22,25549
5-Sep-12,30.19,30.19,29.84,29.84,10628
4-Sep-12,30.10,30.30,29.80,30.02,9473
31-Aug-12,30.15,30.23,29.95,29.95,4496
30-Aug-12,30.05,30.15,29.95,30.00,7713
29-Aug-12,30.03,30.20,29.98,30.10,4915
28-Aug-12,29.62,30.07,29.55,30.04,21693
27-Aug-12,29.80,29.85,29.80,29.85,3186
24-Aug-12,29.55,29.86,29.50,29.80,8473
23-Aug-12,29.56,29.79,29.36,29.73,10361
22-Aug-12,29.37,29.78,29.37,29.55,588
21-Aug-12,29.68,29.80,29.31,29.57,6116
20-Aug-12,29.75,29.85,29.12,29.66,9845
17-Aug-12,29.60,29.75,29.05,29.75,10026
16-Aug-12,29.45,29.75,29.24,29.65,14233
15-Aug-12,29.27,29.33,28.86,29.28,5571
14-Aug-12,29.31,29.51,28.73,28.78,2431
13-Aug-12,29.02,29.29,28.99,29.21,3053
10-Aug-12,29.35,29.35,28.87,28.95,7020
9-Aug-12,29.09,29.55,28.97,29.28,12353
8-Aug-12,28.87,29.13,28.45,28.74,4419
7-Aug-12,29.22,29.22,28.64,28.96,10463
6-Aug-12,28.78,29.58,28.50,29.01,14054
3-Aug-12,28.04,28.98,28.04,28.69,9242
2-Aug-12,28.10,28.53,27.78,27.80,9131
1-Aug-12,28.82,28.97,28.16,28.16,16759
31-Jul-12,29.16,29.20,28.55,28.69,12546
30-Jul-12,29.56,29.98,28.00,29.01,5596
27-Jul-12,29.43,29.75,29.22,29.61,18321
26-Jul-12,29.32,29.47,29.00,29.30,10863
25-Jul-12,29.26,29.67,28.72,29.10,7968
24-Jul-12,29.43,29.61,28.76,29.00,16770
23-Jul-12,29.33,29.68,29.12,29.26,60523
20-Jul-12,29.27,30.10,29.22,29.52,46853
19-Jul-12,29.64,29.78,29.47,29.53,6128
18-Jul-12,29.30,29.75,29.30,29.66,13731
17-Jul-12,29.36,29.51,29.12,29.44,7237
16-Jul-12,29.15,29.62,28.94,29.05,3690
13-Jul-12,28.97,29.42,28.82,29.11,14864
12-Jul-12,28.43,29.00,28.42,28.85,13428
11-Jul-12,28.68,29.00,28.38,28.77,40436
10-Jul-12,29.16,29.16,28.53,28.78,7015
9-Jul-12,28.21,29.05,28.21,28.92,14612
6-Jul-12,28.86,29.45,28.70,28.98,16515
5-Jul-12,29.10,29.23,28.96,29.15,4727
3-Jul-12,29.05,29.29,28.95,29.21,5622
2-Jul-12,28.77,29.14,28.41,28.95,22518
29-Jun-12,29.01,29.10,28.58,28.97,10903
28-Jun-12,28.58,28.66,28.00,28.66,4243
27-Jun-12,28.66,28.85,28.41,28.85,6676
26-Jun-12,28.19,28.82,28.08,28.65,32962
25-Jun-12,28.39,28.80,28.13,28.24,8218
22-Jun-12,27.94,28.95,27.86,28.80,93834
21-Jun-12,27.63,27.99,27.45,27.83,29046
20-Jun-12,27.45,27.94,27.34,27.86,5792
19-Jun-12,27.26,27.94,27.13,27.87,16599
18-Jun-12,26.98,27.45,26.80,27.29,27001
15-Jun-12,26.75,27.48,26.75,27.00,36140
14-Jun-12,26.65,26.99,26.65,26.89,13550
13-Jun-12,26.65,26.99,26.56,26.60,6711
12-Jun-12,26.75,26.84,26.51,26.74,19692
11-Jun-12,27.28,27.28,26.65,26.67,10761
8-Jun-12,26.80,27.32,26.80,27.14,11264
7-Jun-12,27.22,27.22,26.72,26.94,11671
6-Jun-12,26.80,27.27,26.56,26.94,17488
5-Jun-12,26.66,26.92,26.31,26.74,18650
4-Jun-12,26.56,26.60,26.35,26.56,28229
1-Jun-12,26.65,26.90,26.27,26.31,44393
31-May-12,26.80,27.19,26.68,26.96,18329
30-May-12,27.00,27.13,26.80,26.86,6576
29-May-12,27.39,27.43,27.04,27.17,7088
25-May-12,27.38,27.45,27.25,27.26,9775
24-May-12,27.40,27.40,27.10,27.38,10845
23-May-12,27.15,27.38,26.82,27.29,12403
22-May-12,27.36,27.44,27.03,27.24,17985
21-May-12,27.20,27.44,27.16,27.36,9325
18-May-12,27.03,27.45,27.03,27.16,21291
17-May-12,27.22,27.42,27.05,27.19,20788
16-May-12,27.43,27.55,27.02,27.22,26774
15-May-12,27.30,27.49,27.04,27.09,4404
14-May-12,26.94,27.64,26.94,27.19,6768
11-May-12,27.12,27.32,27.12,27.22,11876
10-May-12,27.49,27.91,27.25,27.34,2569
9-May-12,27.44,27.60,27.27,27.34,7004
8-May-12,27.25,28.09,27.24,27.57,26637
7-May-12,26.99,27.37,26.99,27.36,25696
4-May-12,27.30,27.34,27.00,27.09,19048
3-May-12,27.21,27.44,27.00,27.32,13018
2-May-12,27.03,27.48,26.86,27.35,16459
1-May-12,27.42,27.45,27.18,27.25,21738
30-Apr-12,27.67,27.67,27.42,27.53,5695
27-Apr-12,27.50,27.75,27.36,27.55,12097
26-Apr-12,27.51,27.74,27.51,27.70,3043
25-Apr-12,27.62,27.72,27.26,27.70,11464
24-Apr-12,27.01,27.41,27.00,27.41,5257
23-Apr-12,27.01,27.25,26.95,27.11,11479
20-Apr-12,27.64,27.70,27.11,27.43,18763
19-Apr-12,26.90,27.15,26.85,27.10,29805
18-Apr-12,27.10,27.46,26.92,27.04,9510
17-Apr-12,27.30,27.48,27.10,27.26,12341
16-Apr-12,26.84,27.29,26.84,27.27,2506
13-Apr-12,27.19,27.24,26.65,26.77,10995
12-Apr-12,26.92,27.30,26.92,27.27,14686
11-Apr-12,26.81,27.00,26.69,27.00,10406
10-Apr-12,26.67,26.71,26.46,26.54,24981
9-Apr-12,26.50,26.65,26.40,26.64,10840
5-Apr-12,26.60,26.80,26.60,26.77,3024
4-Apr-12,26.55,26.88,26.55,26.76,13607
3-Apr-12,26.87,26.94,26.55,26.79,12861
2-Apr-12,26.50,26.92,26.50,26.84,10681
30-Mar-12,27.15,27.15,26.50,26.50,24502
29-Mar-12,26.79,27.12,26.62,26.92,10831
28-Mar-12,26.59,27.03,26.56,26.92,10682
27-Mar-12,27.00,27.00,26.64,26.81,13857
26-Mar-12,27.15,27.19,26.89,27.07,14233
23-Mar-12,26.56,27.11,26.50,27.00,10848
22-Mar-12,26.40,26.61,26.30,26.61,37482
21-Mar-12,26.52,26.71,26.32,26.49,3939
20-Mar-12,26.64,26.80,26.41,26.53,4326
19-Mar-12,26.48,27.00,26.48,26.89,8468
16-Mar-12,26.75,26.75,26.32,26.48,27788
15-Mar-12,26.46,26.75,26.46,26.74,13629
14-Mar-12,26.74,26.75,26.58,26.58,3728
13-Mar-12,26.50,26.75,26.10,26.65,39327
12-Mar-12,26.24,26.35,26.12,26.21,3013
9-Mar-12,25.68,26.40,25.68,26.20,9264
8-Mar-12,25.59,25.75,25.38,25.75,10791
7-Mar-12,25.32,25.52,25.11,25.52,8148
6-Mar-12,25.25,25.44,25.10,25.14,19656
5-Mar-12,25.26,25.55,25.26,25.51,12623
2-Mar-12,25.69,25.89,25.25,25.26,17613
1-Mar-12,26.01,26.02,25.69,25.69,13207
29-Feb-12,26.28,26.34,25.86,25.94,11966
28-Feb-12,26.26,26.39,26.10,26.36,7112
27-Feb-12,26.57,26.96,26.33,26.48,8012
24-Feb-12,27.00,27.00,26.55,26.63,3829
23-Feb-12,27.00,27.00,26.45,26.98,7804
22-Feb-12,26.73,26.96,26.30,26.36,4665
21-Feb-12,26.67,27.00,26.67,26.84,18430
17-Feb-12,26.65,26.73,26.36,26.50,15311
16-Feb-12,26.72,26.92,26.55,26.55,8083
15-Feb-12,26.62,26.66,26.10,26.22,14118
14-Feb-12,26.55,26.92,26.55,26.61,8929
13-Feb-12,26.87,26.87,26.46,26.64,7340
10-Feb-12,26.61,26.83,26.50,26.50,4872
9-Feb-12,27.16,27.16,26.74,26.85,2868
8-Feb-12,27.24,27.34,26.97,27.18,4695
7-Feb-12,27.20,27.34,26.93,27.11,4205
6-Feb-12,27.75,27.75,27.21,27.21,14605
3-Feb-12,27.60,28.25,27.11,27.95,20986
2-Feb-12,26.81,27.36,26.81,27.24,13014
1-Feb-12,26.88,27.14,26.76,27.07,15523
31-Jan-12,27.04,27.34,26.54,26.59,33644
30-Jan-12,27.85,27.85,27.03,27.30,5990
27-Jan-12,27.19,27.99,26.70,27.98,13379
26-Jan-12,27.39,27.60,26.97,27.49,13840
25-Jan-12,26.95,27.36,26.85,27.15,11841
24-Jan-12,26.63,27.12,26.38,26.98,13504
23-Jan-12,26.67,26.94,26.67,26.90,2535
20-Jan-12,26.36,26.63,26.36,26.63,15826
19-Jan-12,26.68,26.75,26.37,26.47,11543
18-Jan-12,26.32,26.50,26.32,26.50,12439
17-Jan-12,26.35,26.91,26.18,26.33,17205
13-Jan-12,26.17,26.17,26.17,26.17,0
12-Jan-12,26.39,26.49,26.03,26.28,19427
11-Jan-12,25.93,26.50,25.63,26.35,34259
10-Jan-12,26.27,26.50,26.03,26.16,9418
9-Jan-12,26.41,26.50,26.04,26.04,22234
6-Jan-12,26.28,26.50,26.28,26.40,8728
5-Jan-12,25.88,26.48,25.88,26.39,10517
4-Jan-12,26.23,26.47,26.05,26.12,11437
3-Jan-12,26.93,26.93,26.28,26.46,13748
30-Dec-11,26.32,26.32,26.32,26.32,0
29-Dec-11,25.96,26.50,25.96,26.40,10135
28-Dec-11,26.31,26.35,26.05,26.18,8827
27-Dec-11,26.79,26.79,26.43,26.46,4115
23-Dec-11,26.85,26.85,26.85,26.85,0
22-Dec-11,26.75,27.00,26.56,26.89,10990
21-Dec-11,26.75,26.96,26.00,26.57,15970
20-Dec-11,26.08,27.10,26.08,26.96,22850
19-Dec-11,26.39,26.65,25.40,25.42,9167
16-Dec-11,26.82,26.82,25.81,26.05,37098
15-Dec-11,26.51,26.60,26.21,26.60,17000
14-Dec-11,25.22,26.57,25.05,26.42,27934
13-Dec-11,26.49,26.66,25.00,25.31,19518
12-Dec-11,26.43,26.63,25.63,25.99,12718
9-Dec-11,25.41,26.99,25.41,26.84,11787
8-Dec-11,26.83,26.83,25.11,25.13,14191
7-Dec-11,26.64,27.10,26.41,26.85,12198
6-Dec-11,27.14,27.14,26.64,26.97,17993
5-Dec-11,26.55,27.10,26.06,27.09,19563
2-Dec-11,26.27,26.50,26.01,26.49,13675
1-Dec-11,25.74,26.53,25.15,25.85,17028
30-Nov-11,24.74,26.00,24.16,25.95,44989
29-Nov-11,24.12,24.24,23.75,23.89,6223
28-Nov-11,24.39,24.49,24.01,24.27,21303
25-Nov-11,23.74,24.69,23.74,23.80,11342
23-Nov-11,23.73,23.73,23.73,23.73,0
22-Nov-11,26.64,26.64,25.02,25.13,16677
21-Nov-11,26.26,26.70,25.57,25.59,30316
18-Nov-11,26.17,26.66,25.96,26.48,9432
17-Nov-11,26.00,26.48,26.00,26.18,10705
16-Nov-11,26.35,26.69,25.93,26.13,10444
15-Nov-11,25.85,26.50,25.20,26.48,17826
14-Nov-11,26.44,26.45,25.53,25.67,12596
11-Nov-11,25.81,26.56,25.69,26.56,12716
10-Nov-11,25.73,25.90,25.44,25.81,6820
9-Nov-11,25.26,25.87,25.16,25.31,30629
8-Nov-11,25.39,25.95,25.10,25.85,15521
7-Nov-11,25.09,25.45,24.50,25.20,11101
4-Nov-11,25.32,25.45,25.03,25.30,6723
3-Nov-11,24.80,25.51,24.13,25.51,13011
2-Nov-11,24.37,25.02,23.63,24.47,24022
1-Nov-11,24.08,25.69,24.05,24.08,25728
31-Oct-11,27.31,27.40,25.55,25.55,13054
28-Oct-11,27.20,27.95,26.99,27.54,17299
27-Oct-11,26.00,27.45,25.62,27.41,37261
26-Oct-11,24.84,25.39,24.33,25.30,13679
25-Oct-11,25.11,25.11,24.50,24.59,9828
24-Oct-11,24.63,25.44,24.48,25.41,19362
21-Oct-11,24.10,24.52,23.90,24.40,19190
20-Oct-11,23.84,23.92,23.16,23.59,8925
19-Oct-11,24.47,24.51,23.54,23.65,9140
18-Oct-11,24.74,24.74,24.05,24.50,21519
17-Oct-11,25.25,25.25,24.35,24.37,17162
14-Oct-11,25.35,25.58,24.98,25.58,12959
13-Oct-11,24.67,25.33,24.49,25.18,8778
12-Oct-11,24.28,24.96,24.07,24.96,21436
11-Oct-11,23.88,24.34,23.80,24.28,17363
10-Oct-11,23.40,24.03,23.05,24.03,13252
7-Oct-11,23.88,23.88,23.14,23.41,13334
6-Oct-11,23.91,23.97,23.56,23.93,15588
5-Oct-11,23.90,24.18,23.19,24.12,47641
4-Oct-11,21.55,24.97,21.55,24.29,47293
3-Oct-11,22.45,22.83,21.77,21.79,29864
30-Sep-11,22.67,22.85,22.53,22.66,20502
29-Sep-11,22.55,22.85,22.35,22.85,11878
