Date,Open,High,Low,Close,Volume
26-Sep-12,14.90,15.01,14.75,14.81,931214
25-Sep-12,15.40,15.45,14.88,14.90,1529573
24-Sep-12,15.17,15.39,15.12,15.31,1482611
21-Sep-12,15.32,15.45,15.20,15.31,1166389
20-Sep-12,15.39,15.43,15.22,15.27,299270
19-Sep-12,15.48,15.55,15.30,15.46,467947
18-Sep-12,15.16,15.41,15.03,15.20,638502
17-Sep-12,15.24,15.29,14.91,14.94,560270
14-Sep-12,15.36,15.43,15.20,15.22,884131
13-Sep-12,15.75,15.91,15.03,15.23,2923168
12-Sep-12,17.09,17.18,17.00,17.16,163429
11-Sep-12,17.05,17.16,16.89,16.99,188769
10-Sep-12,17.04,17.07,16.92,16.99,233242
7-Sep-12,16.75,17.13,16.68,17.02,1327805
6-Sep-12,16.07,16.68,15.95,16.65,1075489
5-Sep-12,16.15,16.15,15.77,15.93,702295
4-Sep-12,15.74,16.12,15.36,16.09,687222
31-Aug-12,15.95,15.96,15.64,15.69,366350
30-Aug-12,15.90,15.90,15.68,15.79,236714
29-Aug-12,15.85,15.97,15.75,15.95,426767
28-Aug-12,15.68,15.90,15.65,15.80,434161
27-Aug-12,15.84,15.96,15.68,15.72,370139
24-Aug-12,15.73,15.90,15.71,15.73,429983
23-Aug-12,15.97,16.03,15.77,15.78,718127
22-Aug-12,16.15,16.24,16.05,16.09,641016
21-Aug-12,15.85,16.25,15.84,16.14,930017
20-Aug-12,15.75,15.84,15.66,15.73,1065166
17-Aug-12,15.67,15.77,15.64,15.70,1046507
16-Aug-12,15.65,15.76,15.61,15.67,1289744
15-Aug-12,15.64,15.70,15.60,15.69,868925
14-Aug-12,15.75,15.75,15.56,15.62,1115720
13-Aug-12,15.68,15.75,15.56,15.65,1176678
10-Aug-12,15.87,15.87,15.61,15.69,947367
9-Aug-12,15.98,16.03,15.84,15.85,959264
8-Aug-12,16.14,16.17,15.93,15.94,1091173
7-Aug-12,16.37,16.41,16.03,16.16,1777762
6-Aug-12,16.41,16.58,16.23,16.24,508794
3-Aug-12,16.01,16.72,16.01,16.35,1134206
2-Aug-12,15.87,15.97,15.74,15.91,495390
1-Aug-12,16.34,16.42,15.98,15.98,780380
31-Jul-12,16.20,16.41,16.15,16.20,495602
30-Jul-12,16.34,16.50,16.17,16.23,422193
27-Jul-12,16.29,16.49,16.03,16.34,866808
26-Jul-12,16.43,16.44,16.19,16.26,512991
25-Jul-12,16.37,16.45,16.01,16.17,685299
24-Jul-12,16.00,16.50,16.00,16.18,636218
23-Jul-12,16.06,16.39,15.93,16.19,694340
20-Jul-12,16.45,16.53,16.30,16.32,430917
19-Jul-12,16.80,16.80,16.51,16.53,641566
18-Jul-12,16.62,16.89,16.60,16.70,411968
17-Jul-12,16.60,16.82,16.36,16.64,890739
16-Jul-12,16.56,16.69,16.43,16.49,267176
13-Jul-12,16.31,16.73,16.30,16.60,534208
12-Jul-12,16.30,16.37,16.16,16.28,415724
11-Jul-12,16.38,16.52,16.26,16.40,515268
10-Jul-12,16.40,16.56,16.18,16.29,380141
9-Jul-12,16.48,16.61,16.24,16.37,348259
6-Jul-12,16.45,16.63,16.45,16.58,266138
5-Jul-12,16.67,16.74,16.53,16.67,326789
3-Jul-12,16.69,16.79,16.48,16.76,293752
2-Jul-12,16.62,16.85,16.40,16.63,700103
29-Jun-12,16.45,16.72,16.39,16.51,1022267
28-Jun-12,16.05,16.18,15.85,16.18,730181
27-Jun-12,15.75,16.23,15.59,16.17,813674
26-Jun-12,15.50,15.73,15.30,15.72,511000
25-Jun-12,15.48,15.50,15.34,15.44,348887
22-Jun-12,15.60,15.81,15.43,15.75,603802
21-Jun-12,15.88,16.04,15.42,15.45,563837
20-Jun-12,15.77,16.05,15.76,15.84,789237
19-Jun-12,15.60,15.92,15.46,15.81,658282
18-Jun-12,15.31,15.58,15.24,15.49,724719
15-Jun-12,15.18,15.61,15.10,15.46,1312420
14-Jun-12,15.11,15.26,14.97,15.22,899910
13-Jun-12,15.14,15.43,15.04,15.12,637242
12-Jun-12,15.14,15.33,14.99,15.22,702164
11-Jun-12,15.69,15.69,15.02,15.04,738175
8-Jun-12,15.06,15.52,14.99,15.47,594626
7-Jun-12,15.17,15.30,15.12,15.14,821959
6-Jun-12,14.82,15.04,14.60,14.95,1094690
5-Jun-12,14.76,15.11,14.76,14.84,603045
4-Jun-12,15.23,15.26,14.81,14.91,910613
1-Jun-12,15.59,15.60,15.10,15.12,770120
31-May-12,15.65,16.03,15.53,15.90,1094037
30-May-12,15.93,15.99,15.73,15.77,619341
29-May-12,16.33,16.36,15.87,16.07,1194046
25-May-12,16.21,16.29,16.05,16.13,401357
24-May-12,16.15,16.20,15.84,16.20,638956
23-May-12,15.84,16.12,15.64,16.07,850901
22-May-12,15.96,16.22,15.84,15.95,1635258
21-May-12,15.97,16.21,15.86,15.99,893827
18-May-12,16.16,16.37,15.86,15.91,765346
17-May-12,16.65,16.67,16.17,16.17,731689
16-May-12,16.62,16.86,16.58,16.61,819965
15-May-12,16.70,16.89,16.54,16.61,565309
14-May-12,16.60,16.85,16.52,16.74,1047884
11-May-12,16.84,17.13,16.71,16.82,717510
10-May-12,16.87,17.12,16.79,17.06,568529
9-May-12,16.77,16.82,16.50,16.72,693798
8-May-12,16.62,17.00,16.61,16.98,1124967
7-May-12,16.35,16.81,16.35,16.71,633511
4-May-12,16.64,16.75,16.43,16.43,695177
3-May-12,16.70,16.88,16.64,16.83,881310
2-May-12,16.60,16.79,16.45,16.75,601239
1-May-12,16.76,17.08,16.68,16.71,843366
30-Apr-12,17.14,17.14,16.75,16.80,508114
27-Apr-12,17.11,17.14,16.79,17.12,764162
26-Apr-12,16.73,17.04,16.64,16.98,799898
25-Apr-12,16.71,16.82,16.47,16.75,1176961
24-Apr-12,16.30,16.73,16.25,16.46,1393182
23-Apr-12,16.05,16.25,16.01,16.17,732806
20-Apr-12,16.36,16.48,16.17,16.33,659264
19-Apr-12,16.12,16.38,15.88,16.13,701907
18-Apr-12,16.26,16.29,16.02,16.09,567018
17-Apr-12,16.16,16.50,16.14,16.33,385459
16-Apr-12,15.85,16.13,15.69,15.98,597348
13-Apr-12,16.23,16.29,15.77,15.77,540800
12-Apr-12,16.16,16.37,16.11,16.34,474657
11-Apr-12,16.17,16.20,15.96,16.13,782629
10-Apr-12,16.32,16.32,15.90,15.92,1000390
9-Apr-12,16.23,16.43,16.10,16.30,594318
5-Apr-12,16.49,16.67,16.46,16.49,356640
4-Apr-12,16.65,16.78,16.53,16.63,615830
3-Apr-12,16.96,16.96,16.61,16.90,682798
2-Apr-12,16.76,17.20,16.66,16.89,899292
30-Mar-12,17.34,17.34,16.83,16.86,538730
29-Mar-12,17.17,17.22,16.79,17.15,493742
28-Mar-12,17.09,17.35,17.00,17.24,515491
27-Mar-12,17.17,17.29,17.05,17.05,442713
26-Mar-12,17.08,17.28,16.98,17.19,614234
23-Mar-12,16.70,16.91,16.49,16.87,420971
22-Mar-12,16.89,16.89,16.50,16.71,468103
21-Mar-12,17.20,17.20,16.86,16.99,497760
20-Mar-12,17.10,17.23,17.00,17.10,438043
19-Mar-12,17.23,17.50,16.94,17.29,484148
16-Mar-12,17.10,17.30,16.93,17.21,867846
15-Mar-12,16.72,17.18,16.62,17.05,557848
14-Mar-12,16.81,16.95,16.54,16.75,776988
13-Mar-12,16.51,16.89,16.46,16.77,1073616
12-Mar-12,16.49,16.49,16.28,16.41,463600
9-Mar-12,16.07,16.53,15.95,16.45,730518
8-Mar-12,15.77,16.03,15.61,16.02,695798
7-Mar-12,15.69,15.80,15.47,15.69,905446
6-Mar-12,15.84,15.89,15.50,15.56,822798
5-Mar-12,15.74,16.01,15.70,16.00,675041
2-Mar-12,16.25,16.30,15.73,15.80,666690
1-Mar-12,16.23,16.46,16.17,16.21,626557
29-Feb-12,16.36,16.47,15.98,16.05,601800
28-Feb-12,16.35,16.46,16.19,16.29,380094
27-Feb-12,15.99,16.52,15.89,16.30,494192
24-Feb-12,16.37,16.43,16.08,16.12,377630
23-Feb-12,16.00,16.44,15.88,16.30,561286
22-Feb-12,16.41,16.49,16.12,16.14,646757
21-Feb-12,16.53,16.58,16.30,16.41,511557
17-Feb-12,16.54,16.63,16.40,16.47,297359
16-Feb-12,15.94,16.57,15.90,16.44,681508
15-Feb-12,16.05,16.13,15.89,15.93,475750
14-Feb-12,16.02,16.05,15.73,15.98,456617
13-Feb-12,16.23,16.26,16.00,16.13,553714
10-Feb-12,16.29,16.31,15.99,16.03,449975
9-Feb-12,16.58,16.75,16.37,16.49,404903
8-Feb-12,16.52,16.70,16.34,16.55,444271
7-Feb-12,16.59,16.70,16.49,16.50,512821
6-Feb-12,16.63,16.77,16.53,16.61,446917
3-Feb-12,16.47,16.87,16.42,16.70,865078
2-Feb-12,16.24,16.32,16.02,16.23,604530
1-Feb-12,16.21,16.21,16.21,16.21,0
31-Jan-12,15.89,15.95,15.53,15.68,653408
30-Jan-12,15.72,15.95,15.60,15.75,518993
27-Jan-12,15.70,15.95,15.68,15.84,605929
26-Jan-12,16.22,16.22,15.54,15.81,898475
25-Jan-12,15.97,16.17,15.67,16.08,1247855
24-Jan-12,15.94,16.19,15.60,15.96,1396130
23-Jan-12,15.99,16.34,15.79,15.83,1097004
20-Jan-12,15.96,16.11,15.81,16.03,1117005
19-Jan-12,16.00,16.00,16.00,16.00,0
18-Jan-12,16.01,16.45,15.90,16.28,735632
17-Jan-12,16.08,16.34,15.90,16.02,552937
13-Jan-12,15.97,15.97,15.97,15.97,0
12-Jan-12,16.35,16.44,15.96,16.30,600414
11-Jan-12,15.92,16.27,15.88,16.25,635614
10-Jan-12,16.07,16.07,16.07,16.07,0
9-Jan-12,15.55,15.84,15.31,15.78,950486
6-Jan-12,15.80,15.85,15.28,15.45,1352289
5-Jan-12,15.62,15.98,15.36,15.89,1082139
4-Jan-12,15.60,15.71,15.27,15.64,492926
3-Jan-12,15.48,15.87,15.48,15.70,786462
30-Dec-11,15.13,15.13,15.13,15.13,0
29-Dec-11,15.12,15.48,15.02,15.29,567775
28-Dec-11,15.60,15.60,15.03,15.05,627532
27-Dec-11,15.40,15.64,15.32,15.57,394554
23-Dec-11,15.64,15.64,15.64,15.64,0
22-Dec-11,15.22,15.49,15.14,15.34,780789
21-Dec-11,15.13,15.13,15.13,15.13,0
20-Dec-11,14.52,14.87,14.44,14.82,774614
19-Dec-11,14.74,14.88,14.15,14.19,722195
16-Dec-11,14.41,14.95,14.41,14.59,3393883
15-Dec-11,14.38,14.47,14.20,14.31,785173
14-Dec-11,13.85,14.28,13.84,14.14,932275
13-Dec-11,14.43,14.53,13.92,14.03,654178
12-Dec-11,14.24,14.37,14.12,14.32,801923
9-Dec-11,14.13,14.58,14.07,14.49,729869
8-Dec-11,14.57,14.66,13.99,14.02,794358
7-Dec-11,14.76,14.76,14.76,14.76,0
6-Dec-11,14.42,14.64,14.23,14.49,559599
5-Dec-11,14.66,14.85,14.36,14.45,1062085
2-Dec-11,14.48,14.86,14.37,14.47,794071
1-Dec-11,14.54,14.69,14.19,14.24,916896
30-Nov-11,13.88,14.64,13.56,14.61,1381611
29-Nov-11,13.42,13.45,13.23,13.30,384833
28-Nov-11,13.43,13.58,13.22,13.36,959344
25-Nov-11,13.05,13.31,12.95,12.96,380991
23-Nov-11,13.04,13.04,13.04,13.04,0
22-Nov-11,13.82,13.94,13.55,13.67,642721
21-Nov-11,14.03,14.12,13.67,13.80,918129
18-Nov-11,14.15,14.37,14.01,14.27,730884
17-Nov-11,14.09,14.09,14.09,14.09,0
16-Nov-11,14.21,14.69,14.10,14.15,639003
15-Nov-11,14.12,14.40,13.97,14.35,722922
14-Nov-11,14.49,14.49,14.07,14.23,720585
11-Nov-11,14.48,14.48,14.48,14.48,0
10-Nov-11,14.29,14.51,14.10,14.19,1037696
9-Nov-11,14.21,14.42,14.02,14.04,1765531
8-Nov-11,14.38,14.70,14.11,14.64,1391111
7-Nov-11,14.01,14.22,13.77,14.19,660635
4-Nov-11,14.07,14.18,13.77,13.99,486181
3-Nov-11,13.98,14.35,13.62,14.29,768551
2-Nov-11,13.55,13.90,13.49,13.81,782250
1-Nov-11,13.52,13.72,13.17,13.31,1313473
31-Oct-11,14.12,14.35,13.95,14.01,979304
28-Oct-11,14.71,14.71,14.31,14.37,986253
27-Oct-11,14.31,15.15,14.15,14.82,2251289
26-Oct-11,13.37,13.95,13.19,13.85,1730207
25-Oct-11,13.61,13.70,13.05,13.14,1331754
24-Oct-11,13.15,13.70,13.00,13.64,1200196
21-Oct-11,12.97,13.12,12.72,13.10,1090061
20-Oct-11,12.66,12.78,12.31,12.73,1070544
19-Oct-11,12.60,12.77,12.42,12.60,1191892
18-Oct-11,12.01,12.69,11.84,12.59,1370107
17-Oct-11,12.38,12.46,11.85,11.90,1026237
14-Oct-11,12.47,12.61,12.18,12.52,784939
13-Oct-11,12.80,12.86,12.10,12.34,1392677
12-Oct-11,12.77,13.08,12.65,12.85,1357714
11-Oct-11,12.40,12.75,12.33,12.68,1178076
10-Oct-11,12.31,12.67,12.24,12.52,1092013
7-Oct-11,12.73,12.73,12.04,12.12,1286817
6-Oct-11,12.34,12.73,12.20,12.67,1542192
5-Oct-11,11.88,12.41,11.61,12.36,1920400
4-Oct-11,10.73,11.92,10.70,11.89,1664728
3-Oct-11,11.39,11.63,10.81,10.81,1369450
30-Sep-11,11.48,11.70,11.27,11.36,1197409
29-Sep-11,11.41,11.75,11.19,11.64,1393357
