Date,Open,High,Low,Close,Volume
26-Sep-12,4.75,4.85,4.62,4.85,4781
25-Sep-12,4.60,4.79,4.60,4.76,14014
24-Sep-12,4.64,4.65,4.60,4.60,4000
21-Sep-12,4.60,4.75,4.60,4.74,4116
20-Sep-12,4.61,4.69,4.61,4.65,743
19-Sep-12,4.55,4.55,4.55,4.55,1400
18-Sep-12,4.60,4.61,4.56,4.56,1075
17-Sep-12,4.61,4.63,4.61,4.63,600
14-Sep-12,4.64,4.65,4.61,4.61,643
13-Sep-12,4.67,4.67,4.56,4.56,4341
12-Sep-12,4.60,4.70,4.55,4.56,1200
11-Sep-12,4.70,4.70,4.69,4.69,200
10-Sep-12,4.67,4.74,4.67,4.70,3450
7-Sep-12,4.46,4.51,4.46,4.51,1604
6-Sep-12,4.26,4.50,4.25,4.42,9504
5-Sep-12,4.35,4.47,4.35,4.36,3122
4-Sep-12,4.21,4.41,4.20,4.41,2300
31-Aug-12,4.25,4.25,4.21,4.21,2194
30-Aug-12,4.25,4.25,4.17,4.17,4562
29-Aug-12,4.20,4.20,4.20,4.20,2200
28-Aug-12,4.25,4.25,4.20,4.20,1876
27-Aug-12,4.20,4.25,4.20,4.25,7600
24-Aug-12,4.17,4.20,4.17,4.20,200
23-Aug-12,4.28,4.28,4.25,4.25,500
22-Aug-12,4.20,4.20,4.19,4.20,1951
21-Aug-12,4.20,4.20,4.20,4.20,703
20-Aug-12,4.22,4.24,4.22,4.24,300
17-Aug-12,4.24,4.24,4.24,4.24,500
16-Aug-12,4.30,4.33,4.15,4.22,15750
15-Aug-12,4.30,4.30,4.30,4.30,0
14-Aug-12,4.30,4.30,4.30,4.30,2585
13-Aug-12,4.30,4.38,4.30,4.38,2600
10-Aug-12,4.30,4.30,4.30,4.30,6050
9-Aug-12,4.20,4.30,4.20,4.29,3756
8-Aug-12,4.16,4.32,4.16,4.20,2406
7-Aug-12,4.17,4.27,4.16,4.20,2112
6-Aug-12,4.36,4.44,4.27,4.28,1000
3-Aug-12,4.40,4.41,4.34,4.41,2117
2-Aug-12,4.34,4.34,4.34,4.34,160
1-Aug-12,4.40,4.42,4.30,4.38,17900
31-Jul-12,4.31,4.31,4.24,4.25,754
30-Jul-12,4.37,4.43,4.30,4.39,1982
27-Jul-12,4.34,4.48,4.30,4.40,2501
26-Jul-12,4.25,4.31,4.25,4.31,9126
25-Jul-12,4.30,4.30,4.25,4.25,3000
24-Jul-12,4.25,4.25,4.25,4.25,1000
23-Jul-12,4.24,4.25,4.23,4.25,1300
20-Jul-12,4.30,4.30,4.30,4.30,0
19-Jul-12,4.22,4.47,4.10,4.28,6137
18-Jul-12,3.96,4.30,3.96,4.30,19011
17-Jul-12,4.05,4.05,4.00,4.00,7700
16-Jul-12,4.15,4.15,4.05,4.05,1300
13-Jul-12,4.14,4.23,4.05,4.23,10689
12-Jul-12,4.01,4.04,4.00,4.00,8161
11-Jul-12,4.13,4.14,4.01,4.07,4350
10-Jul-12,3.80,4.18,3.80,4.18,4122
9-Jul-12,4.21,4.21,3.70,3.70,32536
6-Jul-12,4.31,4.37,4.11,4.11,8512
5-Jul-12,4.36,4.36,4.20,4.20,4561
3-Jul-12,4.15,4.32,4.14,4.31,5119
2-Jul-12,4.01,4.49,4.01,4.13,6857
29-Jun-12,4.03,4.08,4.02,4.05,2043
28-Jun-12,4.06,4.06,4.00,4.01,1803
27-Jun-12,4.09,4.19,3.89,4.05,10165
26-Jun-12,4.09,4.11,4.08,4.11,1949
25-Jun-12,4.04,4.04,4.04,4.04,500
22-Jun-12,4.05,4.08,4.01,4.01,2457
21-Jun-12,4.04,4.04,4.04,4.04,0
20-Jun-12,3.98,4.09,3.98,4.04,6625
19-Jun-12,4.05,4.10,4.00,4.01,9546
18-Jun-12,4.19,4.21,3.80,3.98,8351
15-Jun-12,4.24,4.33,4.16,4.33,3474
14-Jun-12,4.19,4.30,4.15,4.16,4700
13-Jun-12,4.26,4.37,4.23,4.23,8170
12-Jun-12,4.25,4.29,4.18,4.24,13627
11-Jun-12,4.26,4.48,4.16,4.23,8400
8-Jun-12,4.41,4.53,4.21,4.31,10068
7-Jun-12,4.44,4.65,4.38,4.50,3800
6-Jun-12,4.63,4.63,4.28,4.40,4527
5-Jun-12,4.56,4.62,4.51,4.60,7145
4-Jun-12,4.67,4.67,4.50,4.60,17232
1-Jun-12,4.50,4.79,4.50,4.60,5599
31-May-12,4.61,4.64,4.60,4.62,6026
30-May-12,4.51,4.60,4.51,4.60,4500
29-May-12,4.51,4.61,4.45,4.60,4710
25-May-12,4.69,4.72,4.55,4.55,5814
24-May-12,4.55,4.69,4.55,4.55,3000
23-May-12,4.56,4.56,4.54,4.55,1605
22-May-12,4.55,4.62,4.55,4.60,1600
21-May-12,4.49,4.55,4.36,4.55,4829
18-May-12,4.55,4.61,4.20,4.58,9686
17-May-12,4.64,4.65,4.60,4.60,5338
16-May-12,4.81,4.81,4.60,4.60,1340
15-May-12,4.63,4.63,4.51,4.60,4778
14-May-12,4.80,4.85,4.62,4.62,4940
11-May-12,4.67,4.90,4.62,4.71,11403
10-May-12,4.75,4.87,4.75,4.87,472
9-May-12,4.78,4.78,4.78,4.78,0
8-May-12,4.59,4.78,4.59,4.78,2700
7-May-12,4.68,4.68,4.65,4.65,1600
4-May-12,4.61,4.66,4.61,4.61,1000
3-May-12,4.63,4.68,4.63,4.66,4450
2-May-12,4.51,4.79,4.51,4.60,4770
1-May-12,4.31,4.60,4.31,4.60,8222
30-Apr-12,4.38,4.38,4.30,4.31,778
27-Apr-12,4.57,4.58,4.55,4.55,4281
26-Apr-12,4.54,4.80,4.54,4.61,2601
25-Apr-12,4.61,4.75,4.53,4.60,5944
24-Apr-12,4.52,4.61,4.52,4.61,12272
23-Apr-12,4.55,4.55,4.51,4.53,1950
20-Apr-12,4.53,4.61,4.49,4.61,3143
19-Apr-12,4.50,4.60,4.50,4.54,14883
18-Apr-12,4.60,4.60,4.50,4.56,4500
17-Apr-12,4.60,4.60,4.50,4.57,2836
16-Apr-12,4.53,4.55,4.53,4.54,2500
13-Apr-12,4.50,4.55,4.50,4.55,5605
12-Apr-12,4.36,4.55,4.23,4.50,11724
11-Apr-12,4.37,4.37,4.35,4.36,6442
10-Apr-12,4.34,4.50,4.20,4.35,7132
9-Apr-12,4.41,4.50,4.35,4.35,15287
5-Apr-12,4.35,4.50,4.33,4.49,19920
4-Apr-12,4.30,4.46,4.30,4.44,12873
3-Apr-12,4.13,4.47,4.13,4.35,19138
2-Apr-12,3.99,4.20,3.99,4.15,8502
30-Mar-12,4.10,4.14,4.00,4.00,5820
29-Mar-12,4.10,4.14,4.00,4.10,6186
28-Mar-12,4.21,4.21,4.16,4.16,3200
27-Mar-12,4.17,4.23,4.04,4.16,9618
26-Mar-12,4.13,4.19,4.10,4.14,1853
23-Mar-12,4.09,4.19,4.00,4.12,5241
22-Mar-12,4.01,4.20,4.01,4.12,6600
21-Mar-12,4.25,4.25,4.10,4.10,7196
20-Mar-12,4.15,4.25,4.15,4.16,3164
19-Mar-12,4.16,4.26,4.15,4.22,5838
16-Mar-12,4.12,4.17,4.05,4.17,6300
15-Mar-12,4.13,4.20,4.03,4.10,5550
14-Mar-12,4.24,4.24,4.03,4.08,8600
13-Mar-12,4.07,4.28,4.06,4.21,5750
12-Mar-12,4.12,4.27,4.05,4.05,9321
9-Mar-12,4.24,4.35,4.20,4.25,5385
8-Mar-12,4.35,4.35,4.11,4.25,4901
7-Mar-12,4.18,4.31,4.18,4.25,8800
6-Mar-12,4.18,4.25,4.03,4.12,6078
5-Mar-12,4.15,4.29,4.07,4.21,4878
2-Mar-12,4.20,4.38,4.09,4.18,36088
1-Mar-12,4.10,4.39,4.10,4.15,7536
29-Feb-12,4.15,4.16,4.07,4.07,1618
28-Feb-12,4.11,4.46,4.09,4.15,7309
27-Feb-12,4.28,4.28,4.07,4.07,4300
24-Feb-12,4.32,4.35,4.27,4.30,20320
23-Feb-12,4.33,4.50,4.26,4.34,20282
22-Feb-12,4.38,4.49,4.26,4.26,7541
21-Feb-12,4.40,4.64,4.32,4.32,26446
17-Feb-12,3.70,4.51,3.68,4.37,30209
16-Feb-12,3.77,3.77,3.69,3.70,4095
15-Feb-12,3.70,3.79,3.52,3.78,6909
14-Feb-12,3.85,3.85,3.70,3.70,3489
13-Feb-12,3.68,3.86,3.50,3.79,8600
10-Feb-12,3.74,3.82,3.63,3.63,3502
9-Feb-12,3.73,3.79,3.70,3.78,4450
8-Feb-12,3.56,3.64,3.46,3.64,11883
7-Feb-12,3.60,3.62,3.51,3.62,400
6-Feb-12,3.65,3.65,3.51,3.63,9234
3-Feb-12,3.69,3.69,3.62,3.63,11477
2-Feb-12,3.67,3.70,3.60,3.70,1838
1-Feb-12,3.57,3.70,3.53,3.70,9356
31-Jan-12,3.57,3.58,3.52,3.58,1542
30-Jan-12,3.58,3.58,3.58,3.58,700
27-Jan-12,3.52,3.52,3.52,3.52,0
26-Jan-12,3.52,3.59,3.43,3.59,3400
25-Jan-12,3.52,3.53,3.52,3.53,400
24-Jan-12,3.52,3.52,3.52,3.52,0
23-Jan-12,3.53,3.56,3.50,3.50,1200
20-Jan-12,3.50,3.53,3.49,3.53,1200
19-Jan-12,3.50,3.50,3.30,3.50,9600
18-Jan-12,3.48,3.54,3.41,3.49,11253
17-Jan-12,3.39,3.52,3.30,3.40,29099
13-Jan-12,3.25,3.25,3.25,3.25,0
11-Jan-12,3.39,3.39,3.39,3.39,0
10-Jan-12,3.45,3.45,3.35,3.45,6507
9-Jan-12,3.38,3.39,3.31,3.38,3800
6-Jan-12,3.29,3.35,3.20,3.30,7000
5-Jan-12,3.23,3.33,3.22,3.33,4301
4-Jan-12,3.24,3.39,3.20,3.20,4700
3-Jan-12,3.26,3.36,3.23,3.25,3450
30-Dec-11,3.20,3.20,3.20,3.20,0
29-Dec-11,3.14,3.18,3.01,3.14,24833
28-Dec-11,3.17,3.20,3.08,3.12,11179
27-Dec-11,3.31,3.31,3.21,3.21,16629
23-Dec-11,3.37,3.37,3.37,3.37,0
22-Dec-11,3.32,3.40,3.20,3.39,8460
21-Dec-11,3.47,3.49,3.31,3.33,12808
20-Dec-11,3.47,3.52,3.47,3.52,17755
19-Dec-11,3.49,3.55,3.29,3.44,9584
16-Dec-11,3.46,3.55,3.46,3.55,2262
15-Dec-11,3.55,3.55,3.48,3.54,2700
14-Dec-11,3.60,3.60,3.46,3.55,2240
13-Dec-11,3.60,3.60,3.47,3.55,2704
12-Dec-11,3.49,3.60,3.46,3.60,2350
9-Dec-11,3.49,3.59,3.45,3.59,2705
8-Dec-11,3.50,3.54,3.48,3.48,2651
7-Dec-11,3.56,3.64,3.53,3.58,5124
6-Dec-11,3.58,3.64,3.39,3.63,29617
5-Dec-11,3.63,3.64,3.52,3.61,5708
2-Dec-11,3.55,3.57,3.55,3.57,1822
1-Dec-11,3.59,3.60,3.59,3.60,3803
30-Nov-11,3.65,3.65,3.50,3.65,1859
29-Nov-11,3.57,3.67,3.55,3.55,7168
28-Nov-11,3.65,3.65,3.65,3.65,100
25-Nov-11,3.68,3.68,3.62,3.62,500
23-Nov-11,3.68,3.68,3.68,3.68,0
22-Nov-11,3.61,3.70,3.61,3.69,4721
21-Nov-11,3.60,3.60,3.56,3.60,2993
18-Nov-11,3.69,3.74,3.63,3.70,4408
17-Nov-11,3.69,3.69,3.60,3.64,3600
16-Nov-11,3.64,3.74,3.59,3.69,3900
15-Nov-11,3.57,3.74,3.56,3.65,4927
14-Nov-11,3.65,3.74,3.55,3.74,4500
11-Nov-11,3.58,3.72,3.58,3.68,4805
10-Nov-11,3.78,3.78,3.55,3.55,15335
9-Nov-11,3.87,3.87,3.75,3.75,10879
8-Nov-11,3.81,3.90,3.78,3.90,2250
7-Nov-11,3.80,3.82,3.80,3.82,1590
4-Nov-11,3.77,3.90,3.77,3.80,7400
3-Nov-11,3.98,3.98,3.77,3.85,2000
2-Nov-11,3.90,3.99,3.85,3.91,8602
1-Nov-11,3.92,3.92,3.85,3.89,4938
31-Oct-11,3.85,4.00,3.68,3.91,9757
28-Oct-11,3.90,3.95,3.90,3.90,3700
27-Oct-11,3.75,3.90,3.75,3.90,6525
26-Oct-11,3.68,3.70,3.68,3.70,1042
25-Oct-11,3.60,3.60,3.60,3.60,0
24-Oct-11,3.67,3.71,3.66,3.70,2689
21-Oct-11,3.76,3.81,3.65,3.77,5383
20-Oct-11,3.64,3.85,3.63,3.63,21768
19-Oct-11,3.60,3.64,3.55,3.63,1150
18-Oct-11,3.61,3.64,3.45,3.63,10598
17-Oct-11,3.63,3.63,3.49,3.61,12715
14-Oct-11,3.75,3.75,3.59,3.67,2800
13-Oct-11,3.65,3.68,3.51,3.68,2900
12-Oct-11,3.75,3.84,3.75,3.84,3381
11-Oct-11,3.70,3.70,3.70,3.70,0
10-Oct-11,3.80,3.80,3.62,3.80,2330
6-Oct-11,3.76,3.76,3.76,3.76,0
5-Oct-11,3.40,3.74,3.40,3.60,2300
4-Oct-11,3.45,3.45,3.04,3.35,9180
3-Oct-11,3.58,3.58,3.40,3.41,13176
30-Sep-11,3.60,3.65,3.50,3.65,2500
29-Sep-11,3.74,3.74,3.56,3.57,3000
