Date,Open,High,Low,Close,Volume
26-Sep-12,15.37,15.58,15.29,15.50,23966
25-Sep-12,15.53,15.65,15.26,15.29,25947
24-Sep-12,15.37,15.62,15.32,15.52,29841
21-Sep-12,15.59,15.64,15.32,15.38,53996
20-Sep-12,15.42,15.45,15.30,15.37,6373
19-Sep-12,15.55,15.49,15.36,15.45,2386
18-Sep-12,15.54,15.55,15.24,15.48,10857
17-Sep-12,15.42,15.55,15.39,15.47,5649
14-Sep-12,15.49,15.49,15.41,15.47,8392
13-Sep-12,15.10,15.50,15.02,15.45,9939
12-Sep-12,15.05,15.15,15.01,15.15,5045
11-Sep-12,14.94,15.05,14.94,15.05,16236
10-Sep-12,14.86,14.94,14.86,14.90,5006
7-Sep-12,15.05,15.05,14.83,14.96,17982
6-Sep-12,14.99,15.00,14.94,14.97,31406
5-Sep-12,14.80,15.08,14.71,14.98,22899
4-Sep-12,15.10,15.10,14.68,14.77,106283
31-Aug-12,14.94,15.22,14.85,15.10,32269
30-Aug-12,14.83,14.90,14.83,14.83,3847
29-Aug-12,14.85,14.90,14.77,14.88,14161
28-Aug-12,14.74,14.87,14.73,14.85,60885
27-Aug-12,14.79,14.86,14.72,14.83,14555
24-Aug-12,14.69,14.85,14.69,14.75,13089
23-Aug-12,14.82,14.85,14.71,14.72,10367
22-Aug-12,14.85,14.85,14.79,14.82,54358
21-Aug-12,14.96,15.00,14.85,14.87,67190
20-Aug-12,14.90,14.97,13.27,14.97,34243
17-Aug-12,14.90,15.00,14.90,15.00,22410
16-Aug-12,14.90,14.97,14.89,14.94,15357
15-Aug-12,14.75,14.90,14.75,14.90,21237
14-Aug-12,14.92,14.92,14.74,14.75,6673
13-Aug-12,14.80,14.95,14.60,14.85,7409
10-Aug-12,14.87,14.87,14.62,14.82,12826
9-Aug-12,14.93,14.96,14.90,14.93,4158
8-Aug-12,14.97,14.97,14.86,14.92,11366
7-Aug-12,14.95,15.00,14.75,15.00,18857
6-Aug-12,14.98,15.00,14.77,14.92,20814
3-Aug-12,14.90,15.00,14.80,14.97,14057
2-Aug-12,14.63,14.71,14.63,14.69,12568
1-Aug-12,14.89,14.97,14.62,14.67,35172
31-Jul-12,14.90,14.97,14.82,14.90,17467
30-Jul-12,15.00,15.00,14.85,14.90,7478
27-Jul-12,14.79,14.99,14.72,14.97,69922
26-Jul-12,14.74,14.79,14.65,14.75,8076
25-Jul-12,14.68,14.78,14.54,14.65,24395
24-Jul-12,14.63,14.64,14.51,14.55,15998
23-Jul-12,14.41,14.56,14.41,14.55,15683
20-Jul-12,14.60,14.71,14.50,14.57,51339
19-Jul-12,14.59,14.59,14.45,14.50,22494
18-Jul-12,14.46,14.60,14.37,14.55,21925
17-Jul-12,14.42,14.54,14.04,14.46,9330
16-Jul-12,14.27,14.55,14.27,14.38,4196
13-Jul-12,14.57,14.74,13.99,14.35,67102
12-Jul-12,14.67,14.67,14.44,14.58,14667
11-Jul-12,14.68,15.02,14.57,14.74,24271
10-Jul-12,14.60,14.72,14.57,14.70,14937
9-Jul-12,14.81,14.90,14.59,14.61,12190
6-Jul-12,14.85,15.00,14.78,14.89,10778
5-Jul-12,14.73,15.05,14.73,15.00,19167
3-Jul-12,14.63,14.99,14.63,14.80,42567
2-Jul-12,14.45,14.62,14.37,14.60,77592
29-Jun-12,14.58,14.58,14.29,14.44,32523
28-Jun-12,14.41,14.45,14.24,14.36,12294
27-Jun-12,14.25,14.60,14.25,14.50,16436
26-Jun-12,14.23,14.29,14.15,14.23,12648
25-Jun-12,14.00,14.25,13.96,14.18,26714
22-Jun-12,14.00,14.22,13.94,14.21,127006
21-Jun-12,13.95,14.02,13.90,13.95,41110
20-Jun-12,14.09,14.09,13.94,13.95,22957
19-Jun-12,13.99,14.18,13.83,14.16,78152
18-Jun-12,13.50,14.00,13.50,13.96,217505
15-Jun-12,13.19,13.51,13.19,13.50,70775
14-Jun-12,13.21,13.24,13.13,13.23,25319
13-Jun-12,13.13,13.23,13.01,13.10,22584
12-Jun-12,13.05,13.17,12.96,13.15,23509
11-Jun-12,13.21,13.23,12.89,12.95,19222
8-Jun-12,13.13,13.18,13.04,13.13,10528
7-Jun-12,13.21,13.21,12.95,13.10,33158
6-Jun-12,12.82,13.15,12.80,13.14,19170
5-Jun-12,12.58,12.84,12.58,12.79,16587
4-Jun-12,12.65,12.84,12.56,12.66,70935
1-Jun-12,12.66,12.82,12.62,12.65,29408
31-May-12,12.70,12.90,12.69,12.82,110395
30-May-12,12.70,12.87,12.68,12.73,37499
29-May-12,12.89,12.89,12.70,12.74,258963
25-May-12,12.89,13.05,12.75,12.85,21454
24-May-12,13.07,13.07,12.81,12.95,11931
23-May-12,13.00,13.07,12.95,13.02,6422
22-May-12,13.14,13.16,12.98,13.11,45155
21-May-12,13.14,13.18,12.98,13.15,54214
18-May-12,12.91,13.15,12.91,13.10,28248
17-May-12,12.94,13.02,12.91,12.95,31663
16-May-12,12.95,13.05,12.95,12.96,15042
15-May-12,13.00,13.16,12.92,12.93,13504
14-May-12,12.89,13.17,12.89,13.05,12712
11-May-12,12.99,13.13,12.99,13.04,13019
10-May-12,13.06,13.18,13.00,13.11,11137
9-May-12,12.95,13.06,12.91,12.99,24324
8-May-12,12.98,13.04,12.94,12.98,15585
7-May-12,13.05,13.16,12.96,13.04,9251
4-May-12,13.08,13.13,13.03,13.06,23940
3-May-12,13.11,13.18,13.07,13.13,26814
2-May-12,13.00,13.19,13.00,13.18,26233
1-May-12,12.75,13.08,12.65,13.00,32124
30-Apr-12,13.37,13.37,12.70,12.72,16064
27-Apr-12,13.21,13.49,13.13,13.41,16487
26-Apr-12,13.09,13.10,12.97,13.07,8957
25-Apr-12,13.16,13.18,13.02,13.17,10244
24-Apr-12,12.88,13.10,12.88,13.07,9939
23-Apr-12,13.04,13.04,12.87,12.88,13168
20-Apr-12,13.06,13.28,12.88,13.24,22535
19-Apr-12,12.96,12.96,12.75,12.87,23654
18-Apr-12,13.17,13.18,12.92,12.92,18264
17-Apr-12,13.16,13.37,13.12,13.21,39717
16-Apr-12,12.96,13.25,12.95,13.11,23943
13-Apr-12,13.11,13.18,12.93,12.94,23969
12-Apr-12,13.03,13.21,13.03,13.18,14572
11-Apr-12,13.02,13.15,12.95,13.08,13758
10-Apr-12,12.63,13.07,12.50,12.99,33875
9-Apr-12,12.81,12.89,12.51,12.60,23172
5-Apr-12,13.11,13.11,12.99,12.99,5630
4-Apr-12,13.22,13.33,13.13,13.18,21352
3-Apr-12,13.25,13.50,13.24,13.31,19742
2-Apr-12,13.07,13.30,13.03,13.30,103473
30-Mar-12,13.23,13.23,12.81,13.00,63613
29-Mar-12,13.05,13.20,13.03,13.14,31246
28-Mar-12,13.11,13.18,12.98,13.15,16167
27-Mar-12,13.13,13.18,12.92,13.02,22057
26-Mar-12,12.99,13.22,12.90,13.20,19474
23-Mar-12,12.59,12.90,12.50,12.90,22253
22-Mar-12,12.59,12.64,12.52,12.59,13057
21-Mar-12,12.97,12.97,12.66,12.71,16487
20-Mar-12,13.08,13.18,12.86,12.91,21136
19-Mar-12,13.13,13.25,13.10,13.16,16002
16-Mar-12,13.19,13.19,12.81,13.00,41402
15-Mar-12,13.13,13.19,12.94,13.19,11741
14-Mar-12,13.04,13.21,12.93,13.14,148159
13-Mar-12,12.78,13.13,12.69,13.06,236292
12-Mar-12,12.90,12.90,12.68,12.68,10582
9-Mar-12,12.72,12.99,12.71,12.94,32835
8-Mar-12,12.81,12.95,12.57,12.75,16175
7-Mar-12,12.28,12.84,12.28,12.81,56185
6-Mar-12,12.39,12.46,12.25,12.29,38337
5-Mar-12,12.29,12.48,12.25,12.44,5031
2-Mar-12,12.52,12.54,12.26,12.31,47266
1-Mar-12,12.58,12.66,12.45,12.50,41906
29-Feb-12,12.65,12.67,12.50,12.51,28382
28-Feb-12,12.58,12.73,12.56,12.64,71786
27-Feb-12,12.51,12.63,12.50,12.58,21107
24-Feb-12,12.64,12.64,12.60,12.60,11598
23-Feb-12,12.57,12.69,12.53,12.68,33493
22-Feb-12,12.61,12.64,12.51,12.53,11737
21-Feb-12,12.61,12.62,12.52,12.61,39403
17-Feb-12,12.52,12.70,12.46,12.61,50353
16-Feb-12,12.30,12.52,12.27,12.46,54824
15-Feb-12,12.31,12.37,12.19,12.26,36716
14-Feb-12,12.29,12.30,12.20,12.28,17775
13-Feb-12,12.38,12.38,12.16,12.30,29349
10-Feb-12,12.40,12.43,12.28,12.30,20043
9-Feb-12,12.48,12.66,12.48,12.56,4179
8-Feb-12,12.68,12.75,12.57,12.71,9969
7-Feb-12,12.77,12.77,12.60,12.63,22398
6-Feb-12,12.75,12.81,12.73,12.79,42253
3-Feb-12,12.85,12.89,12.77,12.80,61177
2-Feb-12,12.57,12.81,12.57,12.70,39995
1-Feb-12,12.65,12.85,12.63,12.73,48658
31-Jan-12,12.75,12.75,12.40,12.64,24493
30-Jan-12,12.73,12.84,12.65,12.73,24558
27-Jan-12,12.67,12.78,12.67,12.78,10770
26-Jan-12,12.80,12.80,12.62,12.73,16489
25-Jan-12,12.75,12.82,12.68,12.72,45324
24-Jan-12,12.59,12.83,12.43,12.76,16524
23-Jan-12,12.70,12.70,12.58,12.62,16061
20-Jan-12,12.60,12.84,12.60,12.81,8781
19-Jan-12,12.67,12.70,12.58,12.64,14941
18-Jan-12,12.35,12.67,12.35,12.66,25677
17-Jan-12,12.61,12.71,12.41,12.41,26068
13-Jan-12,12.55,12.55,12.55,12.55,0
12-Jan-12,12.74,12.84,12.65,12.82,10875
11-Jan-12,12.72,12.80,12.65,12.70,12363
10-Jan-12,12.71,12.73,12.62,12.73,73103
9-Jan-12,12.64,12.64,12.51,12.60,28209
6-Jan-12,12.63,12.75,12.63,12.70,9275
5-Jan-12,12.65,12.77,12.59,12.64,80421
4-Jan-12,12.67,12.79,12.61,12.65,20978
3-Jan-12,12.75,12.79,12.60,12.75,47610
30-Dec-11,12.63,12.63,12.63,12.63,0
29-Dec-11,12.71,12.71,12.58,12.63,11972
28-Dec-11,12.69,12.69,12.55,12.60,9934
27-Dec-11,12.56,12.70,12.50,12.69,5723
23-Dec-11,12.72,12.72,12.72,12.72,0
22-Dec-11,12.75,12.75,12.65,12.75,10534
21-Dec-11,12.70,12.75,12.51,12.73,18666
20-Dec-11,12.48,12.75,12.48,12.75,43243
19-Dec-11,12.74,12.75,12.25,12.31,24109
16-Dec-11,12.65,12.72,12.52,12.70,122956
15-Dec-11,12.76,12.76,12.51,12.65,16587
14-Dec-11,12.14,12.74,12.14,12.74,33990
13-Dec-11,12.40,12.54,12.15,12.16,25336
12-Dec-11,12.39,12.40,12.25,12.34,25074
9-Dec-11,12.40,12.58,12.40,12.50,57045
8-Dec-11,12.75,12.75,12.25,12.32,27125
7-Dec-11,12.79,12.89,12.41,12.83,16682
6-Dec-11,12.79,12.90,12.69,12.87,19791
5-Dec-11,12.73,12.85,12.58,12.82,27786
2-Dec-11,12.64,12.74,12.37,12.72,12492
1-Dec-11,12.65,12.74,12.33,12.47,48027
30-Nov-11,12.75,12.75,12.58,12.71,58061
29-Nov-11,12.56,12.59,12.45,12.48,10907
28-Nov-11,12.70,12.74,12.35,12.54,29577
25-Nov-11,12.29,12.60,12.29,12.42,19806
23-Nov-11,12.41,12.41,12.41,12.41,0
22-Nov-11,12.50,12.62,12.44,12.44,9133
21-Nov-11,12.53,12.65,12.50,12.51,12704
18-Nov-11,12.63,12.74,12.63,12.68,13406
17-Nov-11,12.53,12.73,12.53,12.65,18867
16-Nov-11,12.59,12.74,12.56,12.63,27234
15-Nov-11,12.53,12.74,12.53,12.71,13313
14-Nov-11,12.40,12.74,12.33,12.43,63832
11-Nov-11,12.53,12.64,12.39,12.61,24862
10-Nov-11,12.21,12.50,12.21,12.48,16911
9-Nov-11,12.53,12.53,12.02,12.09,46126
8-Nov-11,12.50,12.87,12.50,12.77,63001
7-Nov-11,12.48,12.58,12.10,12.46,14012
4-Nov-11,12.75,12.75,12.47,12.49,6656
3-Nov-11,12.57,12.84,12.52,12.83,30844
2-Nov-11,12.53,12.72,12.33,12.63,36678
1-Nov-11,12.37,12.74,12.22,12.32,49573
31-Oct-11,12.75,12.94,12.65,12.66,20276
28-Oct-11,12.89,12.95,12.83,12.88,28336
27-Oct-11,12.78,12.78,12.78,12.78,0
26-Oct-11,12.86,12.93,12.70,12.93,27865
25-Oct-11,12.82,12.91,12.60,12.67,25617
24-Oct-11,12.88,12.88,12.88,12.88,0
21-Oct-11,12.91,12.97,12.79,12.94,35175
20-Oct-11,12.66,12.84,12.57,12.74,23764
19-Oct-11,12.89,13.00,12.70,12.71,18077
18-Oct-11,12.61,12.99,12.61,12.93,48383
17-Oct-11,12.85,12.85,12.48,12.51,25248
14-Oct-11,12.97,12.97,12.80,12.95,30017
13-Oct-11,12.86,12.97,12.79,12.95,15557
12-Oct-11,12.81,13.00,12.77,12.95,73308
11-Oct-11,12.80,12.83,12.72,12.79,72465
10-Oct-11,12.63,12.80,12.43,12.80,39682
7-Oct-11,12.80,12.84,12.36,12.46,32380
6-Oct-11,12.72,12.87,12.68,12.84,27895
5-Oct-11,12.62,12.62,12.62,12.62,0
4-Oct-11,12.28,13.00,12.09,12.95,109731
3-Oct-11,12.58,12.83,12.31,12.33,77836
30-Sep-11,12.73,12.73,12.73,12.73,0
29-Sep-11,12.31,12.59,12.13,12.56,32246
