Date,Open,High,Low,Close,Volume
26-Sep-12,0.25,0.25,0.25,0.25,0
25-Sep-12,0.25,0.25,0.25,0.25,0
24-Sep-12,0.25,0.25,0.25,0.25,0
21-Sep-12,0.25,0.25,0.25,0.25,0
20-Sep-12,0.25,0.25,0.25,0.25,0
19-Sep-12,0.25,0.25,0.25,0.25,0
18-Sep-12,0.25,0.25,0.25,0.25,0
17-Sep-12,0.25,0.25,0.25,0.25,0
14-Sep-12,0.25,0.25,0.25,0.25,0
13-Sep-12,0.25,0.25,0.25,0.25,12000
12-Sep-12,0.25,0.25,0.25,0.25,0
11-Sep-12,0.25,0.25,0.25,0.25,0
10-Sep-12,0.25,0.25,0.25,0.25,0
7-Sep-12,0.25,0.25,0.25,0.25,0
6-Sep-12,0.25,0.25,0.25,0.25,0
5-Sep-12,0.25,0.25,0.25,0.25,0
4-Sep-12,0.25,0.25,0.25,0.25,0
31-Aug-12,0.25,0.25,0.25,0.25,0
30-Aug-12,0.25,0.25,0.25,0.25,0
29-Aug-12,0.25,0.25,0.25,0.25,0
28-Aug-12,0.25,0.25,0.25,0.25,0
27-Aug-12,0.25,0.25,0.25,0.25,0
24-Aug-12,0.25,0.25,0.25,0.25,0
23-Aug-12,0.25,0.25,0.25,0.25,0
22-Aug-12,0.25,0.25,0.25,0.25,0
21-Aug-12,0.25,0.25,0.25,0.25,0
20-Aug-12,0.25,0.25,0.25,0.25,0
17-Aug-12,0.25,0.25,0.25,0.25,0
16-Aug-12,0.25,0.25,0.25,0.25,0
15-Aug-12,0.25,0.25,0.25,0.25,0
14-Aug-12,0.25,0.25,0.25,0.25,0
13-Aug-12,0.25,0.25,0.25,0.25,0
10-Aug-12,0.25,0.25,0.25,0.25,0
9-Aug-12,0.25,0.25,0.25,0.25,0
8-Aug-12,0.25,0.25,0.25,0.25,0
7-Aug-12,0.25,0.25,0.25,0.25,0
6-Aug-12,0.25,0.25,0.25,0.25,0
3-Aug-12,0.25,0.25,0.25,0.25,1272
2-Aug-12,0.25,0.25,0.25,0.25,0
1-Aug-12,0.25,0.25,0.25,0.25,0
31-Jul-12,0.25,0.25,0.25,0.25,0
30-Jul-12,0.25,0.25,0.25,0.25,0
27-Jul-12,0.25,0.25,0.25,0.25,0
26-Jul-12,0.25,0.25,0.25,0.25,345
25-Jul-12,0.25,0.25,0.25,0.25,0
24-Jul-12,0.25,0.25,0.25,0.25,0
23-Jul-12,0.25,0.25,0.25,0.25,0
20-Jul-12,0.25,0.25,0.25,0.25,0
19-Jul-12,0.25,0.25,0.25,0.25,0
18-Jul-12,0.25,0.25,0.25,0.25,0
17-Jul-12,0.25,0.25,0.25,0.25,0
16-Jul-12,0.25,0.25,0.25,0.25,0
13-Jul-12,0.25,0.25,0.25,0.25,0
11-Jul-12,0.25,0.25,0.25,0.25,0
10-Jul-12,0.25,0.25,0.25,0.25,0
9-Jul-12,0.25,0.25,0.25,0.25,0
6-Jul-12,0.25,0.25,0.25,0.25,0
5-Jul-12,0.25,0.25,0.25,0.25,0
3-Jul-12,0.25,0.25,0.25,0.25,0
2-Jul-12,0.25,0.25,0.25,0.25,0
29-Jun-12,0.25,0.25,0.25,0.25,0
28-Jun-12,0.25,0.25,0.25,0.25,0
27-Jun-12,0.25,0.25,0.25,0.25,235
4-Jun-12,0.25,0.25,0.25,0.25,215
21-May-12,0.25,0.25,0.25,0.25,900
16-May-12,0.25,0.25,0.25,0.25,976
