Date,Open,High,Low,Close,Volume
26-Sep-12,11.05,11.49,10.65,11.49,3435
25-Sep-12,11.08,11.08,11.08,11.08,0
24-Sep-12,11.08,11.08,11.08,11.08,0
21-Sep-12,11.13,11.14,11.08,11.08,600
20-Sep-12,11.01,11.01,11.01,11.01,200
19-Sep-12,11.13,11.13,11.13,11.13,100
18-Sep-12,11.15,11.15,11.15,11.15,300
17-Sep-12,11.14,11.14,11.14,11.14,0
14-Sep-12,11.14,11.14,11.14,11.14,0
13-Sep-12,11.14,11.14,11.14,11.14,123
12-Sep-12,11.01,11.01,11.01,11.01,0
11-Sep-12,11.01,11.01,11.01,11.01,1300
10-Sep-12,11.00,11.00,11.00,11.00,0
7-Sep-12,11.00,11.00,11.00,11.00,100
6-Sep-12,10.95,11.15,10.75,11.15,17550
5-Sep-12,10.80,10.80,10.80,10.80,0
4-Sep-12,10.80,10.80,10.80,10.80,0
31-Aug-12,10.76,11.18,10.76,11.18,2900
30-Aug-12,10.69,10.72,10.69,10.70,600
29-Aug-12,10.75,10.75,10.75,10.75,0
28-Aug-12,10.75,10.75,10.75,10.75,0
27-Aug-12,10.76,10.76,10.66,10.66,2259
24-Aug-12,10.75,10.75,10.75,10.75,300
23-Aug-12,10.90,10.90,10.90,10.90,0
22-Aug-12,10.90,10.90,10.90,10.90,0
21-Aug-12,10.90,10.90,10.90,10.90,0
20-Aug-12,10.90,10.90,10.90,10.90,0
17-Aug-12,10.90,10.90,10.90,10.90,0
16-Aug-12,10.90,10.90,10.90,10.90,0
15-Aug-12,10.90,10.90,10.90,10.90,0
14-Aug-12,10.90,10.90,10.66,10.66,1220
13-Aug-12,10.30,10.30,10.30,10.30,0
10-Aug-12,10.30,11.05,10.27,11.05,700
9-Aug-12,11.49,11.49,11.49,11.49,0
8-Aug-12,11.49,11.49,11.49,11.49,0
7-Aug-12,11.49,11.49,11.49,11.49,0
6-Aug-12,11.49,11.49,11.49,11.49,0
3-Aug-12,11.49,11.49,11.49,11.49,300
2-Aug-12,11.34,11.34,11.34,11.34,0
1-Aug-12,11.34,11.34,11.34,11.34,0
31-Jul-12,10.88,11.35,10.88,11.35,1359
30-Jul-12,10.41,10.41,10.41,10.41,954
27-Jul-12,10.52,10.52,10.52,10.52,0
26-Jul-12,10.52,10.52,10.52,10.52,701
25-Jul-12,10.52,10.57,10.52,10.52,2828
24-Jul-12,10.52,10.52,10.52,10.52,485
23-Jul-12,10.52,10.56,10.52,10.56,300
20-Jul-12,10.55,10.55,10.52,10.52,418
19-Jul-12,10.52,10.52,10.52,10.52,0
18-Jul-12,10.51,10.51,10.51,10.51,200
17-Jul-12,10.46,10.51,10.46,10.50,2393
16-Jul-12,10.49,10.49,10.40,10.40,400
13-Jul-12,10.20,10.30,10.20,10.30,506
12-Jul-12,10.27,10.27,10.27,10.27,300
11-Jul-12,10.80,10.80,10.30,10.30,732
10-Jul-12,10.81,10.90,10.81,10.90,467
9-Jul-12,10.90,10.90,10.90,10.90,129
6-Jul-12,10.51,10.56,10.51,10.54,850
5-Jul-12,10.90,10.90,10.90,10.90,440
3-Jul-12,10.68,10.90,10.50,10.90,2130
2-Jul-12,10.65,10.65,10.65,10.65,0
29-Jun-12,10.52,10.85,10.52,10.65,500
28-Jun-12,10.89,10.90,10.89,10.90,200
27-Jun-12,10.90,10.90,10.90,10.90,300
26-Jun-12,11.20,11.20,10.99,10.99,200
25-Jun-12,11.32,11.32,10.93,11.28,1300
22-Jun-12,10.91,11.31,10.40,11.23,2400
21-Jun-12,11.39,11.39,11.39,11.39,200
20-Jun-12,10.65,10.90,10.65,10.85,2200
19-Jun-12,10.95,10.95,10.95,10.95,0
18-Jun-12,10.40,10.95,10.40,10.90,1100
15-Jun-12,10.40,10.95,10.40,10.94,1750
14-Jun-12,10.92,10.92,10.92,10.92,100
13-Jun-12,10.95,10.95,10.95,10.95,0
12-Jun-12,10.95,10.95,10.95,10.95,400
11-Jun-12,10.77,10.77,10.77,10.77,300
8-Jun-12,10.80,10.80,10.80,10.80,300
7-Jun-12,10.80,10.80,10.80,10.80,116
6-Jun-12,10.80,10.80,10.80,10.80,0
5-Jun-12,10.80,10.80,10.80,10.80,224
4-Jun-12,10.80,10.80,10.80,10.80,500
1-Jun-12,10.47,10.47,10.47,10.47,116
31-May-12,10.30,10.33,10.19,10.30,1972
30-May-12,10.21,10.30,9.69,10.30,3189
29-May-12,10.55,10.55,10.20,10.25,800
25-May-12,10.55,10.55,10.55,10.55,0
24-May-12,10.64,10.64,10.55,10.55,600
23-May-12,10.66,10.67,10.20,10.67,1900
22-May-12,10.51,10.75,10.50,10.75,1633
21-May-12,10.80,10.80,10.80,10.80,398
18-May-12,10.78,10.78,10.78,10.78,200
17-May-12,10.54,10.62,10.50,10.60,1800
16-May-12,10.86,10.86,10.50,10.50,1500
15-May-12,10.95,10.95,10.95,10.95,200
14-May-12,10.47,10.54,10.47,10.54,700
11-May-12,10.63,10.63,10.48,10.50,3446
10-May-12,10.25,10.60,10.25,10.60,2505
9-May-12,10.15,10.15,10.15,10.15,0
8-May-12,10.01,10.15,10.01,10.15,1202
7-May-12,10.15,10.15,10.15,10.15,700
4-May-12,10.10,10.10,10.10,10.10,300
3-May-12,10.13,10.13,10.00,10.00,600
2-May-12,10.11,10.30,10.11,10.30,635
1-May-12,10.09,10.30,10.09,10.22,1700
30-Apr-12,10.03,10.03,10.03,10.03,0
27-Apr-12,10.15,10.44,9.81,10.07,3393
26-Apr-12,11.20,11.20,10.10,10.10,5969
25-Apr-12,10.60,11.20,10.60,11.20,850
24-Apr-12,10.59,10.59,10.50,10.50,548
23-Apr-12,10.45,10.45,10.45,10.45,0
20-Apr-12,10.03,10.59,10.03,10.45,700
19-Apr-12,10.00,10.00,9.99,10.00,2700
18-Apr-12,10.05,10.05,10.00,10.00,1100
17-Apr-12,10.00,10.21,10.00,10.00,3434
16-Apr-12,10.25,10.25,9.83,9.83,7268
13-Apr-12,9.94,10.05,9.94,10.00,2400
12-Apr-12,9.95,10.25,9.80,10.00,12128
11-Apr-12,9.95,10.00,9.95,10.00,1700
10-Apr-12,10.00,10.00,9.98,10.00,1050
9-Apr-12,10.09,10.09,9.81,9.81,2850
5-Apr-12,9.99,10.08,9.99,10.00,7263
4-Apr-12,10.14,10.63,10.00,10.00,2601
3-Apr-12,10.23,10.23,9.88,10.00,3664
2-Apr-12,10.12,10.12,10.00,10.00,2454
30-Mar-12,10.00,10.01,9.93,10.00,5200
29-Mar-12,10.13,10.13,9.90,9.90,4398
28-Mar-12,10.05,10.40,9.90,9.95,2900
27-Mar-12,10.00,10.00,9.90,9.90,10500
26-Mar-12,10.90,10.90,9.99,10.00,1904
23-Mar-12,10.13,10.13,10.00,10.00,3900
22-Mar-12,9.90,10.00,9.90,10.00,8200
21-Mar-12,10.00,10.10,9.95,10.00,2145
20-Mar-12,10.00,10.00,9.81,10.00,1600
19-Mar-12,9.83,9.90,9.83,9.90,877
16-Mar-12,9.72,9.90,9.72,9.90,3307
15-Mar-12,9.89,9.89,9.48,9.48,260
14-Mar-12,9.75,9.90,9.35,9.39,4274
13-Mar-12,9.34,9.78,9.30,9.38,7427
12-Mar-12,9.90,9.90,9.90,9.90,4100
9-Mar-12,10.00,10.00,9.93,9.93,1851
8-Mar-12,9.97,10.00,9.92,10.00,1100
7-Mar-12,10.00,10.00,9.91,9.91,200
6-Mar-12,9.80,9.80,9.80,9.80,0
5-Mar-12,9.84,10.00,9.80,9.80,4900
2-Mar-12,9.30,9.40,9.30,9.30,1600
1-Mar-12,9.39,9.52,9.30,9.40,2200
29-Feb-12,9.56,9.56,9.56,9.56,0
28-Feb-12,9.95,9.95,9.87,9.87,300
27-Feb-12,9.36,9.54,9.36,9.54,700
24-Feb-12,10.00,10.00,10.00,10.00,300
23-Feb-12,9.99,10.00,9.91,9.91,600
22-Feb-12,9.35,9.95,9.35,9.79,500
21-Feb-12,9.52,9.52,9.52,9.52,220
17-Feb-12,9.78,9.78,9.41,9.41,802
16-Feb-12,9.30,10.00,9.30,9.84,1500
15-Feb-12,9.31,9.31,9.31,9.31,300
14-Feb-12,9.50,9.50,9.30,9.30,1400
13-Feb-12,9.50,9.50,9.50,9.50,3900
9-Feb-12,9.50,9.50,9.50,9.50,0
8-Feb-12,9.44,9.78,9.40,9.65,15552
7-Feb-12,9.68,9.75,9.30,9.30,6600
6-Feb-12,9.68,9.71,9.68,9.71,400
3-Feb-12,9.53,10.50,9.02,9.90,36603
2-Feb-12,9.85,10.70,9.84,10.54,1891
1-Feb-12,9.15,10.90,9.15,10.90,2168
31-Jan-12,10.00,10.00,10.00,10.00,400
30-Jan-12,9.50,10.00,9.25,9.98,1998
27-Jan-12,8.52,8.91,8.52,8.91,2200
26-Jan-12,8.85,8.93,8.85,8.85,300
25-Jan-12,8.66,8.99,8.66,8.99,8584
24-Jan-12,8.25,8.70,8.25,8.70,11544
23-Jan-12,8.30,8.30,8.30,8.30,1500
20-Jan-12,8.30,8.30,8.30,8.30,0
19-Jan-12,8.30,8.30,8.30,8.30,1100
18-Jan-12,8.24,8.30,8.24,8.30,1898
17-Jan-12,8.29,8.29,8.25,8.25,462
12-Jan-12,8.10,8.10,8.10,8.10,0
10-Jan-12,8.22,8.22,8.22,8.22,0
9-Jan-12,8.21,8.21,8.21,8.21,144
6-Jan-12,8.21,8.25,8.21,8.25,941
5-Jan-12,8.20,8.25,8.20,8.25,501
4-Jan-12,8.20,8.25,8.20,8.25,1892
3-Jan-12,8.21,8.21,8.20,8.20,864
30-Dec-11,8.15,8.15,8.15,8.15,0
29-Dec-11,8.23,8.25,8.20,8.20,2000
28-Dec-11,8.15,8.20,8.12,8.12,900
27-Dec-11,8.17,8.17,8.17,8.17,0
23-Dec-11,8.20,8.20,8.20,8.20,0
21-Dec-11,8.24,8.24,8.24,8.24,0
20-Dec-11,8.00,8.20,8.00,8.07,4600
19-Dec-11,8.25,8.25,8.25,8.25,100
15-Dec-11,8.20,8.20,8.20,8.20,0
14-Dec-11,7.96,7.99,7.96,7.99,2600
5-Dec-11,7.94,7.94,7.94,7.94,0
2-Dec-11,8.22,8.22,8.05,8.05,1100
1-Dec-11,8.20,8.22,8.14,8.14,600
30-Nov-11,8.02,8.02,8.02,8.02,0
29-Nov-11,8.00,8.00,7.99,7.99,900
28-Nov-11,7.86,7.86,7.84,7.85,1543
25-Nov-11,8.00,8.00,8.00,8.00,300
23-Nov-11,7.90,7.90,7.90,7.90,0
21-Nov-11,8.13,8.13,8.13,8.13,0
18-Nov-11,8.18,8.18,8.18,8.18,0
16-Nov-11,7.84,7.84,7.84,7.84,0
14-Nov-11,7.85,7.85,7.85,7.85,0
8-Nov-11,8.01,8.01,8.01,8.01,0
7-Nov-11,7.95,7.95,7.95,7.95,300
4-Nov-11,8.00,8.00,8.00,8.00,2172
3-Nov-11,7.80,8.13,7.80,8.03,2445
2-Nov-11,7.81,7.85,7.81,7.82,900
1-Nov-11,7.77,7.85,7.77,7.80,1546
31-Oct-11,7.81,8.07,7.81,8.07,480
27-Oct-11,8.19,8.19,8.19,8.19,0
19-Oct-11,7.60,7.60,7.60,7.60,0
17-Oct-11,7.55,7.55,7.55,7.55,0
11-Oct-11,7.85,7.85,7.85,7.85,0
10-Oct-11,7.91,7.91,7.91,7.91,0
7-Oct-11,7.90,7.90,7.90,7.90,0
6-Oct-11,8.25,8.25,8.25,8.25,204
4-Oct-11,7.85,7.85,7.85,7.85,0
3-Oct-11,8.22,8.22,8.22,8.22,0
