Date,Open,High,Low,Close,Volume
26-Sep-12,3.09,3.10,3.05,3.09,434564
25-Sep-12,3.09,3.11,3.09,3.10,952462
24-Sep-12,3.08,3.11,3.07,3.09,401213
21-Sep-12,3.07,3.13,3.06,3.13,342412
20-Sep-12,3.06,3.07,3.05,3.07,202007
19-Sep-12,3.06,3.07,3.05,3.06,419082
18-Sep-12,3.03,3.07,3.03,3.04,463283
17-Sep-12,3.09,3.09,3.02,3.02,1159285
14-Sep-12,2.70,2.75,2.60,2.67,102012
13-Sep-12,2.85,2.85,2.62,2.70,199537
12-Sep-12,2.73,2.83,2.71,2.80,153997
11-Sep-12,2.90,2.90,2.60,2.69,336768
10-Sep-12,3.13,3.14,2.98,3.04,188339
7-Sep-12,3.10,3.24,2.98,3.15,891804
6-Sep-12,3.09,3.30,3.02,3.04,1750190
5-Sep-12,3.10,3.14,2.95,3.08,726883
4-Sep-12,3.02,3.16,2.92,3.10,715834
31-Aug-12,3.13,3.22,2.91,3.04,2490959
30-Aug-12,2.85,3.17,2.82,3.10,2618868
29-Aug-12,2.78,2.95,2.71,2.85,1386700
28-Aug-12,2.60,2.79,2.56,2.74,456730
27-Aug-12,2.67,2.67,2.55,2.62,241049
24-Aug-12,2.65,2.74,2.51,2.63,370344
23-Aug-12,2.57,2.78,2.57,2.66,925256
22-Aug-12,2.53,2.60,2.52,2.54,178664
21-Aug-12,2.52,2.62,2.52,2.53,292967
20-Aug-12,2.52,2.64,2.47,2.51,538380
17-Aug-12,2.51,2.55,2.45,2.54,195191
16-Aug-12,2.47,2.60,2.45,2.53,257421
15-Aug-12,2.47,2.50,2.40,2.48,177281
14-Aug-12,2.54,2.59,2.41,2.48,367608
13-Aug-12,2.68,2.75,2.47,2.50,424975
10-Aug-12,2.70,2.70,2.54,2.66,365762
9-Aug-12,2.50,2.78,2.50,2.72,1797645
8-Aug-12,2.30,2.39,2.25,2.35,279131
7-Aug-12,2.40,2.45,2.29,2.33,359351
6-Aug-12,2.25,2.49,2.20,2.39,1392538
3-Aug-12,2.20,2.30,2.13,2.26,404940
2-Aug-12,2.25,2.25,2.10,2.13,433157
1-Aug-12,2.31,2.35,2.10,2.25,517580
31-Jul-12,2.50,2.50,2.25,2.27,1199434
30-Jul-12,2.70,2.76,2.50,2.50,778520
27-Jul-12,2.90,2.90,2.65,2.70,1169668
26-Jul-12,2.91,3.02,2.83,2.87,1814866
25-Jul-12,2.80,3.01,2.74,2.83,1779986
24-Jul-12,2.97,3.10,2.74,2.77,2025401
23-Jul-12,2.88,3.10,2.74,2.92,1992313
20-Jul-12,2.87,2.94,2.65,2.94,1544748
19-Jul-12,2.95,3.00,2.75,2.87,1397071
18-Jul-12,2.81,3.13,2.76,2.88,4273572
17-Jul-12,2.60,3.07,2.48,2.81,5702375
16-Jul-12,2.50,2.68,2.35,2.55,4211600
13-Jul-12,2.50,2.74,2.32,2.44,5001091
12-Jul-12,3.18,3.34,2.47,2.55,11733713
11-Jul-12,2.02,3.03,2.02,2.93,9717906
10-Jul-12,2.26,2.26,2.02,2.04,608342
9-Jul-12,2.07,2.33,1.97,2.18,2664940
6-Jul-12,1.90,2.09,1.88,2.06,508345
5-Jul-12,1.95,1.99,1.88,1.90,286072
3-Jul-12,2.10,2.16,1.96,1.97,354042
2-Jul-12,1.87,2.09,1.87,2.07,468835
29-Jun-12,1.90,1.93,1.85,1.87,230095
28-Jun-12,1.82,1.90,1.82,1.82,251747
27-Jun-12,1.92,1.93,1.82,1.85,432990
26-Jun-12,1.89,2.07,1.88,1.89,1058576
25-Jun-12,1.95,1.95,1.90,1.90,239700
22-Jun-12,1.91,1.98,1.90,1.91,2037257
21-Jun-12,2.08,2.09,1.88,1.91,810489
20-Jun-12,2.11,2.24,2.00,2.03,728338
19-Jun-12,2.23,2.35,2.10,2.13,1677455
18-Jun-12,1.90,2.28,1.85,2.20,2001878
15-Jun-12,2.02,2.02,1.89,1.96,433579
14-Jun-12,1.80,2.07,1.75,2.02,1348419
13-Jun-12,1.82,1.84,1.71,1.79,506679
12-Jun-12,1.85,1.85,1.70,1.80,616483
11-Jun-12,1.93,1.95,1.82,1.82,476876
8-Jun-12,1.88,1.98,1.83,1.88,702488
7-Jun-12,2.15,2.18,1.87,1.91,816821
6-Jun-12,2.19,2.20,2.06,2.14,1965200
5-Jun-12,2.25,2.39,2.06,2.18,2448142
4-Jun-12,2.20,2.24,1.93,2.04,1187375
1-Jun-12,2.24,2.44,2.17,2.19,1967781
31-May-12,2.31,2.46,2.26,2.33,1245500
30-May-12,2.55,2.55,2.25,2.31,2535328
29-May-12,3.08,3.20,2.60,2.61,6804343
25-May-12,2.80,3.32,2.72,3.00,16199219
24-May-12,1.88,2.59,1.88,2.33,8193604
23-May-12,1.77,1.90,1.72,1.84,538435
22-May-12,1.63,1.83,1.63,1.75,495395
21-May-12,1.65,1.67,1.57,1.65,449450
18-May-12,1.70,1.70,1.57,1.64,370078
17-May-12,1.78,1.78,1.64,1.69,298014
16-May-12,1.68,1.93,1.68,1.75,938377
15-May-12,1.84,1.84,1.63,1.69,902241
14-May-12,1.93,1.97,1.83,1.87,485947
11-May-12,2.05,2.08,1.79,1.98,1188565
10-May-12,2.04,2.20,2.04,2.05,670628
9-May-12,2.21,2.30,2.00,2.02,1132576
8-May-12,2.60,2.60,2.22,2.24,1350664
7-May-12,2.45,2.69,2.40,2.68,719596
4-May-12,2.53,2.54,2.41,2.45,260736
3-May-12,2.51,2.64,2.32,2.53,788329
2-May-12,2.67,2.70,2.51,2.54,680584
1-May-12,2.69,2.72,2.62,2.64,1408774
30-Apr-12,2.65,2.75,2.65,2.70,391002
27-Apr-12,2.80,2.80,2.65,2.71,608888
26-Apr-12,2.80,2.83,2.76,2.78,279879
25-Apr-12,2.86,2.86,2.72,2.82,550940
24-Apr-12,2.88,2.88,2.75,2.82,459101
23-Apr-12,2.80,2.82,2.67,2.74,635844
20-Apr-12,2.85,2.91,2.75,2.80,1244773
19-Apr-12,2.80,2.95,2.68,2.72,3758990
18-Apr-12,2.65,2.86,2.58,2.60,2788953
17-Apr-12,2.75,2.77,2.67,2.68,694434
16-Apr-12,2.89,2.95,2.65,2.72,1789471
13-Apr-12,2.79,3.10,2.70,2.83,1170962
12-Apr-12,2.74,2.89,2.67,2.75,415647
11-Apr-12,2.76,2.97,2.71,2.75,731356
10-Apr-12,2.93,2.98,2.65,2.75,808483
9-Apr-12,2.92,3.04,2.80,2.92,756823
5-Apr-12,3.21,3.23,2.94,2.97,1108426
4-Apr-12,3.33,3.50,3.21,3.25,1117327
3-Apr-12,3.01,3.46,3.01,3.36,3299610
2-Apr-12,2.88,3.01,2.80,3.01,1121234
30-Mar-12,2.84,2.88,2.77,2.82,298001
29-Mar-12,2.85,2.85,2.75,2.81,376719
28-Mar-12,2.94,2.98,2.77,2.77,695235
27-Mar-12,2.85,2.99,2.75,2.93,885703
26-Mar-12,2.80,2.85,2.72,2.82,562020
23-Mar-12,2.70,2.80,2.61,2.77,419148
22-Mar-12,2.97,2.97,2.62,2.73,1082763
21-Mar-12,2.87,2.95,2.82,2.87,609344
20-Mar-12,2.89,3.02,2.83,2.89,1314006
19-Mar-12,2.97,3.00,2.82,2.89,1103854
16-Mar-12,2.85,3.01,2.76,2.91,1744659
15-Mar-12,3.04,3.08,2.84,2.86,1461339
14-Mar-12,3.21,3.22,2.98,3.03,1491974
13-Mar-12,3.11,3.29,3.10,3.19,1197823
12-Mar-12,3.55,3.55,3.04,3.09,1335874
9-Mar-12,3.70,3.74,3.34,3.49,2174526
8-Mar-12,3.78,3.95,3.77,3.83,1074812
7-Mar-12,3.79,3.91,3.65,3.69,712617
6-Mar-12,4.08,4.08,3.70,3.74,1491346
5-Mar-12,4.02,4.25,3.92,4.12,1800589
2-Mar-12,3.66,4.19,3.65,4.00,2752011
1-Mar-12,3.77,3.77,3.58,3.68,792200
29-Feb-12,3.75,3.85,3.56,3.72,1194124
28-Feb-12,3.95,3.95,3.68,3.78,1019498
27-Feb-12,4.10,4.17,3.84,3.90,1487378
24-Feb-12,4.18,4.34,4.06,4.12,1182690
23-Feb-12,4.32,4.35,4.02,4.16,1710099
22-Feb-12,4.25,4.53,4.11,4.30,4168726
21-Feb-12,3.93,4.20,3.85,4.03,5077828
17-Feb-12,4.05,4.05,3.84,3.92,1423657
16-Feb-12,3.93,4.19,3.82,4.00,2209472
15-Feb-12,4.19,4.49,4.00,4.05,4367884
14-Feb-12,4.41,4.75,4.01,4.04,6424767
13-Feb-12,4.06,5.42,3.93,4.66,27376698
10-Feb-12,3.52,3.72,3.27,3.29,1253280
9-Feb-12,3.45,3.45,3.45,3.45,0
8-Feb-12,3.30,3.38,3.18,3.28,557341
7-Feb-12,3.50,3.54,3.22,3.29,1830965
6-Feb-12,3.44,3.44,3.44,3.44,0
3-Feb-12,3.05,3.06,2.95,3.01,626358
2-Feb-12,3.00,3.06,2.90,3.00,447898
1-Feb-12,3.00,3.10,2.91,3.00,1662017
31-Jan-12,2.94,3.07,2.88,2.96,739305
30-Jan-12,2.95,3.11,2.80,2.97,1488287
27-Jan-12,2.85,3.05,2.81,2.98,1079807
26-Jan-12,3.00,3.00,2.80,2.84,729856
25-Jan-12,3.03,3.03,3.03,3.03,0
24-Jan-12,2.41,2.55,2.35,2.50,437478
23-Jan-12,2.45,2.45,2.45,2.45,0
20-Jan-12,2.62,2.64,2.36,2.39,878267
19-Jan-12,2.52,2.70,2.50,2.58,587691
18-Jan-12,2.55,2.55,2.55,2.55,0
17-Jan-12,2.94,2.96,2.67,2.71,529993
13-Jan-12,2.84,2.84,2.84,2.84,0
12-Jan-12,2.99,3.05,2.70,2.86,572495
11-Jan-12,2.95,3.10,2.90,2.99,782872
10-Jan-12,3.02,3.02,3.02,3.02,0
9-Jan-12,3.75,4.18,3.75,3.89,1080988
6-Jan-12,3.38,3.55,3.28,3.48,180575
5-Jan-12,3.53,3.74,3.30,3.38,615345
4-Jan-12,3.53,3.53,3.53,3.53,0
3-Jan-12,3.01,3.02,2.82,2.90,111549
30-Dec-11,2.93,2.93,2.93,2.93,0
29-Dec-11,2.65,3.04,2.60,2.88,594052
28-Dec-11,2.75,2.75,2.57,2.63,165178
27-Dec-11,2.85,2.85,2.67,2.72,108960
23-Dec-11,2.85,2.85,2.85,2.85,0
22-Dec-11,3.11,3.29,3.01,3.18,276739
21-Dec-11,3.02,3.02,3.02,3.02,0
20-Dec-11,2.85,3.08,2.85,3.04,247547
19-Dec-11,2.70,2.90,2.70,2.76,289512
16-Dec-11,2.70,2.70,2.70,2.70,0
15-Dec-11,2.87,3.15,2.69,2.73,356568
14-Dec-11,3.19,3.19,3.19,3.19,0
13-Dec-11,2.97,3.10,2.90,2.97,219727
12-Dec-11,2.95,3.01,2.91,2.97,270940
9-Dec-11,3.00,3.00,3.00,3.00,0
8-Dec-11,3.00,3.06,2.93,2.94,330253
7-Dec-11,3.00,3.00,3.00,3.00,0
6-Dec-11,3.30,3.31,2.99,3.11,597620
5-Dec-11,3.38,3.38,3.38,3.38,0
2-Dec-11,3.66,3.74,3.43,3.49,549027
1-Dec-11,3.68,3.77,3.56,3.64,145162
30-Nov-11,3.70,3.91,3.60,3.70,445083
29-Nov-11,3.87,3.97,3.49,3.52,369985
28-Nov-11,4.16,4.44,3.78,3.88,382031
25-Nov-11,4.07,4.12,4.00,4.01,31803
23-Nov-11,4.15,4.15,4.15,4.15,0
22-Nov-11,4.02,4.68,3.96,4.59,380689
21-Nov-11,4.24,4.24,3.94,4.02,287347
18-Nov-11,4.40,4.40,4.40,4.40,0
17-Nov-11,4.39,4.50,4.18,4.35,346024
16-Nov-11,4.44,4.67,4.33,4.41,446841
15-Nov-11,4.45,4.62,4.32,4.53,247609
14-Nov-11,4.97,4.97,4.31,4.48,387170
11-Nov-11,4.56,5.14,4.54,4.97,368343
10-Nov-11,4.50,4.64,4.22,4.43,479787
9-Nov-11,4.61,4.68,4.37,4.38,600871
8-Nov-11,5.01,5.12,4.60,4.84,591907
7-Nov-11,5.49,5.49,4.97,5.05,372935
4-Nov-11,5.43,5.60,5.25,5.39,238175
3-Nov-11,5.31,5.61,4.98,5.52,250495
2-Nov-11,5.62,5.62,5.13,5.21,229905
1-Nov-11,5.52,5.52,5.52,5.52,0
31-Oct-11,5.00,5.80,4.90,5.70,436170
28-Oct-11,5.19,5.32,4.96,5.00,201199
27-Oct-11,5.46,5.48,5.12,5.21,257319
26-Oct-11,5.16,5.16,5.16,5.16,0
25-Oct-11,5.17,5.29,4.93,5.01,321775
24-Oct-11,5.34,5.60,5.18,5.20,379995
21-Oct-11,5.17,5.40,5.01,5.30,274732
20-Oct-11,5.14,5.35,4.97,5.01,302015
19-Oct-11,5.42,5.42,5.08,5.11,490385
18-Oct-11,5.39,5.39,5.39,5.39,0
17-Oct-11,5.38,5.63,5.10,5.50,348899
14-Oct-11,4.85,5.80,4.80,5.50,923949
13-Oct-11,4.99,4.99,4.99,4.99,0
12-Oct-11,5.42,5.42,4.94,4.95,465483
11-Oct-11,5.71,5.71,5.33,5.37,298996
10-Oct-11,5.32,5.96,5.32,5.75,171022
7-Oct-11,5.88,5.90,5.14,5.23,308409
6-Oct-11,5.91,5.91,5.91,5.91,0
5-Oct-11,5.47,5.68,5.32,5.66,211350
4-Oct-11,5.24,5.50,4.76,5.48,408839
3-Oct-11,5.83,6.19,5.30,5.30,302855
30-Sep-11,5.93,6.15,5.76,5.87,295880
29-Sep-11,6.17,6.17,5.48,5.97,301673
