Date,Open,High,Low,Close,Volume
26-Sep-12,1.32,1.33,1.32,1.33,600
25-Sep-12,1.40,1.40,1.40,1.40,0
24-Sep-12,1.36,1.45,1.33,1.40,2839
21-Sep-12,1.31,1.44,1.31,1.44,1420
20-Sep-12,1.36,1.36,1.36,1.36,0
19-Sep-12,1.28,1.36,1.25,1.36,1312
18-Sep-12,1.39,1.45,1.39,1.45,1140
17-Sep-12,1.38,1.49,1.38,1.49,1100
14-Sep-12,1.33,1.50,1.20,1.34,4449
13-Sep-12,1.47,1.47,1.47,1.47,300
12-Sep-12,1.38,1.40,1.38,1.39,1780
11-Sep-12,1.55,1.55,1.48,1.48,1815
10-Sep-12,1.52,1.56,1.56,1.56,500
7-Sep-12,1.42,1.59,1.40,1.55,8326
6-Sep-12,1.39,1.50,1.35,1.50,1609
5-Sep-12,1.43,1.43,1.43,1.43,150
4-Sep-12,1.39,1.45,1.33,1.45,1740
31-Aug-12,1.45,1.50,1.21,1.40,13155
30-Aug-12,1.61,1.61,1.45,1.45,6491
29-Aug-12,1.73,1.73,1.51,1.69,7350
28-Aug-12,1.76,1.76,1.74,1.76,1600
27-Aug-12,1.74,1.77,1.74,1.75,882
24-Aug-12,1.79,2.00,1.70,1.75,12062
23-Aug-12,1.71,1.78,1.71,1.78,2205
22-Aug-12,1.83,1.84,1.70,1.79,4621
21-Aug-12,1.83,1.84,1.83,1.83,748
20-Aug-12,1.79,1.83,1.70,1.74,4023
17-Aug-12,1.80,1.80,1.79,1.79,2700
16-Aug-12,1.76,1.84,1.76,1.78,11526
15-Aug-12,1.74,1.82,1.72,1.75,9925
14-Aug-12,1.86,1.86,1.70,1.85,23398
13-Aug-12,1.95,1.99,1.89,1.89,4325
10-Aug-12,1.95,2.00,1.95,2.00,1245
9-Aug-12,1.95,1.95,1.95,1.95,100
8-Aug-12,1.96,2.04,1.96,2.04,2000
7-Aug-12,1.98,1.98,1.96,1.96,500
6-Aug-12,1.95,2.04,1.95,1.96,5430
3-Aug-12,2.05,2.05,1.95,1.95,4560
2-Aug-12,1.99,1.99,1.99,1.99,0
1-Aug-12,2.02,2.05,2.02,2.05,3806
31-Jul-12,2.01,2.01,1.95,1.95,4000
30-Jul-12,2.01,2.10,2.01,2.10,598
27-Jul-12,2.12,2.14,2.06,2.06,1464
26-Jul-12,2.07,2.07,1.95,2.07,19678
25-Jul-12,2.01,2.18,1.95,2.15,12662
24-Jul-12,2.03,2.03,2.00,2.01,3622
23-Jul-12,1.95,2.04,1.95,2.00,3041
20-Jul-12,1.99,1.99,1.99,1.99,960
19-Jul-12,2.04,2.04,1.98,2.04,4810
18-Jul-12,1.96,2.05,1.96,2.05,2430
17-Jul-12,1.97,2.10,1.97,2.04,13480
16-Jul-12,2.03,2.03,2.03,2.03,150
13-Jul-12,2.05,2.19,2.01,2.01,6406
12-Jul-12,2.01,2.10,2.01,2.08,1300
11-Jul-12,2.12,2.20,2.05,2.20,3930
10-Jul-12,2.15,2.15,2.14,2.14,600
9-Jul-12,2.23,2.28,2.08,2.15,4150
6-Jul-12,2.00,2.25,2.00,2.07,14567
5-Jul-12,2.00,2.06,2.00,2.06,1360
3-Jul-12,1.98,2.29,1.98,2.01,9542
2-Jul-12,2.08,2.09,1.97,2.07,2200
29-Jun-12,2.02,2.16,1.92,1.95,17485
28-Jun-12,2.05,2.34,2.00,2.08,19032
27-Jun-12,2.13,2.17,2.10,2.10,5153
26-Jun-12,2.27,2.35,2.05,2.15,28699
25-Jun-12,2.46,2.46,2.26,2.29,2790
22-Jun-12,2.33,2.37,2.25,2.37,2668
21-Jun-12,2.48,2.48,2.26,2.34,12125
20-Jun-12,2.47,2.50,2.30,2.49,9770
19-Jun-12,2.42,2.50,2.01,2.41,22880
18-Jun-12,2.74,2.74,2.08,2.46,57121
15-Jun-12,2.03,2.74,1.88,2.74,99373
14-Jun-12,2.03,2.04,1.87,2.03,20335
13-Jun-12,2.11,2.15,1.87,1.87,8277
12-Jun-12,2.15,2.26,2.11,2.11,4040
11-Jun-12,2.18,2.22,2.18,2.20,2053
8-Jun-12,2.14,2.31,2.14,2.30,4080
7-Jun-12,2.10,2.58,2.10,2.12,47670
6-Jun-12,2.05,2.24,2.05,2.10,26122
5-Jun-12,2.12,2.28,1.96,2.00,7490
4-Jun-12,2.14,2.20,2.06,2.20,9335
1-Jun-12,2.27,2.27,2.14,2.25,8688
31-May-12,2.21,2.38,2.21,2.28,10847
30-May-12,2.35,2.35,2.18,2.20,5052
29-May-12,2.29,2.46,2.17,2.34,24142
25-May-12,2.48,2.48,2.25,2.33,25814
24-May-12,2.20,2.68,2.17,2.31,116673
23-May-12,1.90,2.57,1.90,2.23,195420
22-May-12,2.03,2.09,1.78,1.82,26224
21-May-12,2.05,2.21,2.05,2.05,10706
18-May-12,1.99,2.22,1.99,2.06,20892
17-May-12,2.10,2.10,2.01,2.01,21604
16-May-12,2.11,2.20,2.02,2.15,22093
15-May-12,2.25,2.25,2.01,2.01,26473
14-May-12,2.05,2.37,2.05,2.32,58049
11-May-12,2.31,2.39,2.17,2.28,69028
10-May-12,2.59,2.77,2.25,2.35,107574
9-May-12,2.90,2.90,2.40,2.56,93355
8-May-12,2.68,2.71,2.50,2.57,66588
7-May-12,2.90,2.90,2.66,2.68,95569
4-May-12,3.23,3.40,2.94,2.95,57459
3-May-12,3.15,3.34,3.14,3.15,49207
2-May-12,3.63,3.63,3.14,3.14,127522
1-May-12,4.10,4.10,3.40,3.62,76583
30-Apr-12,4.00,4.12,3.78,3.96,65363
27-Apr-12,3.76,4.50,3.69,3.78,173071
26-Apr-12,4.58,4.93,3.85,4.13,346080
25-Apr-12,4.55,5.64,4.50,5.00,847262
24-Apr-12,3.10,5.98,3.10,4.55,1707584
23-Apr-12,2.27,3.00,2.20,2.81,305415
20-Apr-12,2.25,2.74,2.12,2.23,286595
19-Apr-12,1.65,2.45,1.63,2.06,481837
18-Apr-12,1.67,1.73,1.54,1.59,27558
17-Apr-12,1.58,1.96,1.55,1.66,128160
16-Apr-12,1.86,2.00,1.42,1.67,217510
13-Apr-12,1.19,3.34,1.19,2.07,2134710
12-Apr-12,1.29,1.32,1.10,1.10,17063
11-Apr-12,1.20,1.45,1.13,1.15,56412
10-Apr-12,1.60,1.60,1.16,1.27,28858
9-Apr-12,1.21,1.59,1.11,1.35,75243
5-Apr-12,0.99,1.46,0.99,1.11,96383
4-Apr-12,0.90,0.90,0.90,0.90,200
3-Apr-12,0.90,0.95,0.90,0.95,1290
2-Apr-12,1.11,1.11,1.11,1.11,0
30-Mar-12,0.99,0.99,0.99,0.99,300
29-Mar-12,1.09,1.09,0.95,0.95,400
28-Mar-12,1.12,1.16,1.10,1.10,5943
27-Mar-12,1.05,1.12,0.95,1.11,15912
26-Mar-12,1.10,1.10,0.71,0.91,14816
23-Mar-12,1.13,1.13,1.13,1.13,134
22-Mar-12,1.10,1.10,1.10,1.10,0
21-Mar-12,1.17,1.17,1.09,1.12,7113
20-Mar-12,1.25,1.25,1.17,1.17,1004
19-Mar-12,1.24,1.24,1.24,1.24,111
16-Mar-12,1.24,1.27,1.18,1.27,2600
15-Mar-12,1.24,1.24,1.24,1.24,899
14-Mar-12,1.26,1.26,1.26,1.26,0
13-Mar-12,1.37,1.37,1.37,1.37,0
12-Mar-12,1.37,1.37,1.37,1.37,0
9-Mar-12,1.37,1.37,1.37,1.37,0
8-Mar-12,1.36,1.37,1.36,1.37,1883
7-Mar-12,1.26,1.26,1.26,1.26,433
6-Mar-12,1.34,1.34,1.34,1.34,0
5-Mar-12,1.34,1.34,1.34,1.34,0
2-Mar-12,1.34,1.34,1.34,1.34,0
1-Mar-12,1.35,1.37,1.35,1.37,400
29-Feb-12,1.20,1.30,1.17,1.30,8932
28-Feb-12,1.30,1.30,1.30,1.30,0
27-Feb-12,1.30,1.30,1.30,1.30,0
24-Feb-12,1.38,1.38,1.38,1.38,500
23-Feb-12,1.30,1.30,1.30,1.30,0
22-Feb-12,1.39,1.39,1.39,1.39,100
21-Feb-12,1.28,1.33,1.28,1.30,367
17-Feb-12,1.20,1.27,1.20,1.21,365
16-Feb-12,1.40,1.42,1.25,1.34,802
15-Feb-12,1.15,1.42,1.15,1.40,11451
14-Feb-12,1.26,1.27,1.26,1.27,500
13-Feb-12,1.16,1.22,1.16,1.22,250
10-Feb-12,1.13,1.13,1.13,1.13,0
8-Feb-12,1.16,1.16,1.16,1.16,0
7-Feb-12,1.15,1.15,1.15,1.15,368
6-Feb-12,1.18,1.22,1.18,1.18,1916
1-Feb-12,1.25,1.25,1.25,1.25,0
31-Jan-12,1.24,1.25,1.24,1.25,1750
30-Jan-12,1.19,1.19,1.19,1.19,0
26-Jan-12,1.25,1.25,1.25,1.25,0
24-Jan-12,1.26,1.26,1.26,1.26,0
20-Jan-12,1.35,1.35,1.35,1.35,0
19-Jan-12,1.40,1.40,1.40,1.40,100
18-Jan-12,1.26,1.40,1.25,1.40,2589
17-Jan-12,1.42,1.42,1.42,1.42,0
13-Jan-12,1.40,1.40,1.40,1.40,0
12-Jan-12,1.44,1.44,1.25,1.25,665
11-Jan-12,1.45,1.45,1.25,1.32,6875
10-Jan-12,1.39,1.45,1.37,1.37,616
9-Jan-12,1.44,1.44,1.26,1.26,417
6-Jan-12,1.40,1.46,1.15,1.45,6509
5-Jan-12,1.08,1.40,1.08,1.39,5379
4-Jan-12,1.34,1.34,1.34,1.34,0
3-Jan-12,1.22,1.22,1.22,1.22,0
30-Dec-11,1.15,1.15,1.15,1.15,0
29-Dec-11,1.15,1.15,1.15,1.15,0
28-Dec-11,1.26,1.26,1.06,1.06,2133
27-Dec-11,1.21,1.46,1.15,1.28,11075
22-Dec-11,1.36,1.36,1.36,1.36,0
21-Dec-11,1.20,1.20,1.19,1.19,1033
20-Dec-11,1.33,1.33,1.19,1.19,400
19-Dec-11,1.36,1.36,1.19,1.19,2308
16-Dec-11,1.45,1.45,1.30,1.30,2204
15-Dec-11,1.31,1.45,1.31,1.39,1758
14-Dec-11,1.29,1.29,1.29,1.29,100
13-Dec-11,1.30,1.31,1.30,1.31,224
12-Dec-11,1.30,1.30,1.30,1.30,400
9-Dec-11,1.30,1.30,1.30,1.30,900
8-Dec-11,1.25,1.25,1.25,1.25,0
7-Dec-11,1.30,1.30,1.30,1.30,0
6-Dec-11,1.25,1.30,1.25,1.30,1300
5-Dec-11,1.28,1.28,1.24,1.24,5933
2-Dec-11,1.44,1.44,1.25,1.25,1200
28-Nov-11,1.27,1.27,1.27,1.27,0
23-Nov-11,1.45,1.45,1.45,1.45,0
18-Nov-11,1.41,1.41,1.41,1.41,0
16-Nov-11,1.48,1.48,1.48,1.48,0
14-Nov-11,1.49,1.49,1.49,1.49,0
11-Nov-11,1.41,1.41,1.41,1.41,0
8-Nov-11,1.40,1.40,1.40,1.40,0
1-Nov-11,1.40,1.40,1.40,1.40,0
31-Oct-11,1.40,1.40,1.40,1.40,1000
28-Oct-11,1.43,1.48,1.40,1.48,7866
27-Oct-11,1.43,1.43,1.43,1.43,566
25-Oct-11,1.43,1.43,1.43,1.43,0
24-Oct-11,1.46,1.46,1.40,1.44,3212
21-Oct-11,1.46,1.48,1.46,1.46,500
20-Oct-11,1.47,1.47,1.47,1.47,400
19-Oct-11,1.70,1.70,1.46,1.46,1550
18-Oct-11,1.44,1.76,1.40,1.65,9900
17-Oct-11,1.40,1.40,1.40,1.40,250
14-Oct-11,1.45,1.45,1.45,1.45,1000
13-Oct-11,1.43,1.43,1.43,1.43,0
12-Oct-11,1.42,1.42,1.42,1.42,0
10-Oct-11,1.52,1.52,1.52,1.52,0
5-Oct-11,1.53,1.53,1.53,1.53,0
4-Oct-11,1.50,1.50,1.50,1.50,1500
3-Oct-11,1.53,1.53,1.53,1.53,0
30-Sep-11,1.57,1.57,1.55,1.55,1083
