Date,Open,High,Low,Close,Volume
26-Sep-12,32.25,32.40,31.57,31.97,117809
25-Sep-12,33.25,33.45,32.21,32.29,220561
24-Sep-12,33.59,33.64,32.97,33.17,174023
21-Sep-12,34.35,34.45,33.67,33.83,157988
20-Sep-12,33.58,34.20,33.58,33.90,28695
19-Sep-12,33.77,34.13,33.73,33.89,21259
18-Sep-12,33.76,33.89,33.50,33.70,29387
17-Sep-12,33.50,34.01,33.50,33.94,34054
14-Sep-12,33.73,34.13,33.61,33.74,33133
13-Sep-12,33.17,33.98,32.94,33.68,43484
12-Sep-12,32.81,33.19,32.62,33.18,37404
11-Sep-12,33.18,33.39,32.54,32.69,55078
10-Sep-12,33.24,33.71,33.08,33.10,38283
7-Sep-12,33.22,33.63,33.21,33.47,152226
6-Sep-12,32.59,33.41,32.36,33.21,169592
5-Sep-12,32.31,32.60,32.02,32.31,172730
4-Sep-12,31.40,32.25,31.21,32.12,101291
31-Aug-12,31.64,31.64,31.02,31.44,74281
30-Aug-12,31.55,31.62,31.21,31.28,39496
29-Aug-12,31.50,31.93,31.30,31.68,128613
28-Aug-12,30.79,31.60,30.54,31.47,315652
27-Aug-12,31.05,31.32,30.63,30.79,126825
24-Aug-12,30.58,31.17,29.43,30.97,275095
23-Aug-12,31.20,31.30,30.55,30.73,103325
22-Aug-12,31.13,31.55,31.00,31.16,64216
21-Aug-12,31.05,32.02,31.04,31.19,72654
20-Aug-12,31.21,31.47,30.91,31.19,60670
17-Aug-12,30.88,31.43,30.41,31.40,72292
16-Aug-12,30.21,31.20,29.81,30.98,115997
15-Aug-12,29.95,30.39,29.95,30.20,100713
14-Aug-12,30.13,30.68,29.92,30.10,215494
13-Aug-12,30.25,30.42,29.44,29.85,185631
10-Aug-12,30.13,30.36,29.96,30.27,86736
9-Aug-12,30.57,30.74,29.70,30.16,118523
8-Aug-12,30.73,31.00,30.47,30.52,91077
7-Aug-12,30.65,31.17,30.57,30.88,84516
6-Aug-12,30.72,31.01,30.23,30.52,111265
3-Aug-12,30.58,31.40,30.58,30.76,93056
2-Aug-12,29.61,30.22,29.61,30.18,142706
1-Aug-12,30.70,31.21,29.80,29.80,316682
31-Jul-12,30.63,31.08,30.17,30.46,136542
30-Jul-12,31.70,31.72,30.56,30.71,73258
27-Jul-12,31.12,31.70,31.08,31.69,150471
26-Jul-12,31.02,31.07,30.49,31.07,120257
25-Jul-12,31.03,31.03,30.24,30.43,102806
24-Jul-12,30.94,30.94,30.49,30.75,85418
23-Jul-12,30.38,30.95,29.97,30.80,71976
20-Jul-12,30.69,31.17,30.65,31.04,104938
19-Jul-12,31.15,31.26,30.69,31.11,77055
18-Jul-12,30.86,31.25,30.77,30.94,97662
17-Jul-12,31.28,31.36,30.81,30.98,87404
16-Jul-12,31.00,31.28,30.51,31.16,82674
13-Jul-12,31.35,31.49,30.94,31.22,175353
12-Jul-12,31.03,31.47,30.57,31.32,184899
11-Jul-12,29.60,31.47,29.60,31.43,307548
10-Jul-12,31.11,31.50,29.20,29.44,667041
9-Jul-12,33.74,35.00,33.58,34.03,143308
6-Jul-12,33.87,34.13,33.58,33.87,87768
5-Jul-12,34.43,34.73,34.05,34.31,82752
3-Jul-12,34.07,34.53,33.75,34.45,39247
2-Jul-12,34.07,34.13,33.48,34.00,105835
29-Jun-12,33.58,34.17,32.92,33.89,96091
28-Jun-12,32.60,32.97,32.22,32.80,112760
27-Jun-12,32.74,33.36,32.34,32.97,156551
26-Jun-12,32.00,32.93,31.92,32.72,107682
25-Jun-12,31.84,32.35,31.78,32.00,92985
22-Jun-12,31.59,32.48,31.59,32.44,281272
21-Jun-12,32.07,32.21,31.20,31.31,159091
20-Jun-12,32.46,32.46,31.67,31.92,149589
19-Jun-12,31.80,32.88,31.78,32.38,182257
18-Jun-12,31.52,31.87,31.43,31.57,136123
15-Jun-12,32.44,32.45,31.52,31.60,383207
14-Jun-12,31.79,32.60,31.79,32.59,95513
13-Jun-12,31.97,32.42,31.55,31.84,102819
12-Jun-12,31.85,32.21,31.66,32.16,127839
11-Jun-12,32.57,32.57,31.56,31.63,175180
8-Jun-12,31.79,32.47,31.48,32.34,76423
7-Jun-12,32.30,32.30,31.80,31.88,128524
6-Jun-12,30.99,32.01,30.96,31.99,110369
5-Jun-12,30.20,30.88,30.20,30.85,103348
4-Jun-12,30.50,30.50,29.77,30.32,135980
1-Jun-12,30.66,31.03,30.21,30.30,152713
31-May-12,31.62,31.70,30.63,31.48,159722
30-May-12,32.00,32.10,31.41,31.53,79007
29-May-12,32.02,32.68,31.67,32.30,96710
25-May-12,31.90,31.92,31.68,31.85,88710
24-May-12,31.70,32.29,31.35,31.84,112862
23-May-12,31.84,32.53,31.12,31.64,151789
22-May-12,32.58,32.88,32.02,32.19,156336
21-May-12,32.16,32.70,31.85,32.65,321218
18-May-12,32.57,32.57,31.76,32.16,182508
17-May-12,33.98,34.24,32.65,32.70,164954
16-May-12,33.78,34.21,33.78,34.08,149522
15-May-12,33.43,34.09,33.37,33.74,92457
14-May-12,33.11,33.58,32.93,33.49,107942
11-May-12,33.27,34.00,33.20,33.45,119437
10-May-12,33.37,34.00,33.30,33.52,102384
9-May-12,32.88,33.48,32.88,33.27,91954
8-May-12,32.93,33.55,32.93,33.44,89001
7-May-12,33.00,33.74,33.00,33.66,103566
4-May-12,34.01,34.02,33.35,33.36,116005
3-May-12,34.69,34.71,34.15,34.27,202283
2-May-12,34.33,34.89,34.20,34.57,211219
1-May-12,34.52,35.24,34.27,34.72,289274
30-Apr-12,35.16,35.16,34.32,34.60,189786
27-Apr-12,33.51,35.35,33.43,35.29,229916
26-Apr-12,33.12,33.98,33.08,33.85,144813
25-Apr-12,33.21,33.45,33.00,33.29,102737
24-Apr-12,32.44,33.22,32.35,32.81,85786
23-Apr-12,32.42,32.76,32.24,32.52,148116
20-Apr-12,33.09,33.52,32.64,33.04,128377
19-Apr-12,32.75,32.83,32.12,32.50,111816
18-Apr-12,32.87,32.94,32.55,32.79,107973
17-Apr-12,32.97,33.27,32.85,32.99,131090
16-Apr-12,32.51,32.91,32.04,32.54,100261
13-Apr-12,32.70,32.71,32.24,32.38,154860
12-Apr-12,32.37,33.13,32.21,32.94,114212
11-Apr-12,32.18,32.29,32.01,32.27,110501
10-Apr-12,33.15,33.25,31.69,31.76,188796
9-Apr-12,33.06,33.40,32.96,33.16,86219
5-Apr-12,33.26,34.15,33.26,33.65,134959
4-Apr-12,33.51,33.66,32.95,33.50,158280
3-Apr-12,34.20,34.51,33.75,33.93,111536
2-Apr-12,34.02,34.25,33.81,34.22,176927
30-Mar-12,34.88,34.88,34.00,34.01,189617
29-Mar-12,34.69,34.91,33.98,34.51,239866
28-Mar-12,34.71,35.11,34.47,35.11,169246
27-Mar-12,34.79,35.10,34.63,34.76,149331
26-Mar-12,34.13,34.98,34.13,34.82,160979
23-Mar-12,33.81,33.94,33.12,33.87,149067
22-Mar-12,33.52,33.78,33.24,33.70,124505
21-Mar-12,33.51,33.89,33.23,33.69,84446
20-Mar-12,33.27,33.67,33.01,33.58,134457
19-Mar-12,32.91,33.72,32.90,33.60,144539
16-Mar-12,33.89,33.89,32.83,32.91,293150
15-Mar-12,33.45,33.90,32.99,33.88,87512
14-Mar-12,33.99,33.99,33.30,33.46,86710
13-Mar-12,33.98,33.98,33.32,33.80,178969
12-Mar-12,33.78,33.85,33.64,33.72,78690
9-Mar-12,33.57,33.98,33.33,33.89,110521
8-Mar-12,33.23,33.75,32.84,33.62,266004
7-Mar-12,32.43,33.08,32.40,33.07,129705
6-Mar-12,32.25,32.75,32.17,32.36,121581
5-Mar-12,32.25,32.65,32.13,32.63,70763
2-Mar-12,32.87,33.15,32.28,32.43,146643
1-Mar-12,32.83,33.35,32.55,32.88,162432
29-Feb-12,33.27,33.40,32.34,32.50,193617
28-Feb-12,33.50,33.78,32.64,33.14,83520
27-Feb-12,32.87,33.60,32.81,33.39,96677
24-Feb-12,33.45,33.47,32.89,33.27,145067
23-Feb-12,32.98,33.43,32.91,33.37,110407
22-Feb-12,33.54,33.60,32.91,32.93,137478
21-Feb-12,33.34,33.60,33.08,33.53,164683
17-Feb-12,33.40,33.65,33.32,33.38,82904
16-Feb-12,32.53,33.39,32.53,33.32,118126
15-Feb-12,33.07,33.24,32.14,32.44,150581
14-Feb-12,33.49,33.54,32.74,32.98,99843
13-Feb-12,33.15,33.74,33.11,33.60,82514
10-Feb-12,32.89,32.89,32.89,32.89,0
9-Feb-12,33.85,33.85,33.26,33.54,57256
8-Feb-12,33.72,33.86,33.40,33.74,61526
7-Feb-12,33.71,34.00,33.50,33.75,80098
6-Feb-12,34.04,34.18,33.69,33.99,51493
3-Feb-12,33.86,33.86,33.86,33.86,0
2-Feb-12,33.85,34.01,33.52,33.79,132459
1-Feb-12,32.28,33.85,32.18,33.72,222702
31-Jan-12,32.18,32.18,32.18,32.18,0
30-Jan-12,32.54,32.70,32.16,32.29,211849
27-Jan-12,32.58,32.58,32.58,32.58,0
26-Jan-12,32.68,32.77,32.42,32.55,190033
25-Jan-12,32.38,32.79,32.31,32.51,109706
24-Jan-12,31.87,32.54,31.59,32.50,152685
23-Jan-12,32.05,32.05,32.05,32.05,0
20-Jan-12,31.99,32.28,31.63,32.14,113380
19-Jan-12,32.11,32.28,31.64,31.96,87458
18-Jan-12,31.86,32.17,31.68,32.05,105237
17-Jan-12,32.09,32.10,31.64,31.85,107059
13-Jan-12,31.71,31.71,31.71,31.71,0
12-Jan-12,32.00,32.00,31.40,32.00,144222
11-Jan-12,32.15,32.35,31.86,31.98,163029
10-Jan-12,32.63,32.63,32.08,32.20,223859
9-Jan-12,32.49,32.50,31.76,32.23,158413
6-Jan-12,32.42,32.42,32.42,32.42,0
5-Jan-12,32.15,32.81,31.12,32.73,319729
4-Jan-12,31.25,31.87,30.70,31.45,315695
3-Jan-12,31.37,31.92,30.91,31.57,230842
30-Dec-11,30.70,30.70,30.70,30.70,0
29-Dec-11,30.61,31.57,30.54,31.44,111628
28-Dec-11,30.34,30.34,30.34,30.34,0
27-Dec-11,30.38,30.98,30.19,30.84,88951
23-Dec-11,30.58,30.58,30.58,30.58,0
22-Dec-11,30.41,30.41,30.41,30.41,0
21-Dec-11,30.20,30.49,29.45,30.35,95184
20-Dec-11,29.08,30.22,29.08,30.17,155790
19-Dec-11,29.33,29.51,28.34,28.36,190451
16-Dec-11,29.92,30.34,28.92,29.04,673643
15-Dec-11,29.38,29.71,29.04,29.56,146880
14-Dec-11,28.75,29.34,28.66,28.83,167867
13-Dec-11,29.56,29.98,28.95,29.07,231884
12-Dec-11,29.81,29.81,29.06,29.31,165710
9-Dec-11,29.80,30.55,29.80,30.19,219566
8-Dec-11,29.67,29.67,29.67,29.67,0
7-Dec-11,31.04,31.04,30.07,30.65,192883
6-Dec-11,29.91,31.47,29.80,31.22,378305
5-Dec-11,29.87,30.18,29.20,29.56,117148
2-Dec-11,29.37,29.68,29.00,29.27,111587
1-Dec-11,29.60,29.85,29.03,29.04,125539
30-Nov-11,29.18,29.90,28.84,29.87,246747
29-Nov-11,28.21,28.55,27.89,28.20,48773
28-Nov-11,27.99,27.99,27.99,27.99,0
25-Nov-11,27.05,27.78,26.96,26.96,138997
23-Nov-11,27.45,27.45,27.45,27.45,0
22-Nov-11,26.74,27.71,26.74,27.53,155226
21-Nov-11,27.38,28.00,26.61,26.72,244893
18-Nov-11,27.70,28.21,27.51,28.07,109140
17-Nov-11,27.47,27.47,27.47,27.47,0
16-Nov-11,28.24,28.85,27.94,28.04,93305
15-Nov-11,28.35,28.80,28.19,28.67,125641
14-Nov-11,29.18,29.31,28.25,28.50,129025
11-Nov-11,28.17,29.31,28.17,29.25,139560
10-Nov-11,27.68,27.68,27.68,27.68,0
9-Nov-11,28.33,28.84,27.23,27.29,152402
8-Nov-11,28.90,29.31,28.13,29.21,111252
7-Nov-11,28.72,28.76,27.70,28.68,112613
4-Nov-11,28.89,29.29,28.40,28.83,138408
3-Nov-11,29.14,29.66,28.12,29.36,103250
2-Nov-11,28.58,28.58,28.58,28.58,0
1-Nov-11,27.71,29.01,27.39,27.90,201300
31-Oct-11,29.13,29.87,28.89,28.93,96070
28-Oct-11,30.03,30.40,29.46,29.72,154408
27-Oct-11,29.94,29.94,29.94,29.94,0
26-Oct-11,28.50,28.98,27.76,28.60,164490
25-Oct-11,28.69,28.69,28.69,28.69,0
24-Oct-11,28.56,29.60,28.42,29.48,175786
21-Oct-11,28.44,28.71,28.15,28.50,212457
20-Oct-11,27.25,28.00,26.55,27.89,210331
19-Oct-11,27.47,27.47,27.47,27.47,0
18-Oct-11,26.11,27.79,25.57,27.58,237076
17-Oct-11,26.35,26.47,25.85,26.05,156448
14-Oct-11,26.47,26.88,26.27,26.50,204904
13-Oct-11,25.86,25.86,25.86,25.86,0
12-Oct-11,26.90,27.30,26.30,26.46,320241
11-Oct-11,25.92,26.68,25.83,26.56,197910
10-Oct-11,25.76,25.76,25.76,25.76,0
7-Oct-11,26.31,26.38,25.17,25.48,348064
6-Oct-11,24.77,26.61,24.28,26.51,718976
5-Oct-11,27.44,28.21,26.96,28.17,238546
4-Oct-11,24.50,24.50,24.50,24.50,0
3-Oct-11,24.90,25.57,23.83,23.85,184406
30-Sep-11,25.34,26.33,25.09,25.12,153938
29-Sep-11,25.67,26.06,24.75,25.82,124021
