Date,Open,High,Low,Close,Volume
26-Sep-12,7.50,7.53,7.41,7.53,10755
25-Sep-12,7.50,7.50,7.50,7.50,400
24-Sep-12,7.62,7.75,7.60,7.75,3585
21-Sep-12,7.55,7.55,7.55,7.55,485
20-Sep-12,7.58,7.58,7.50,7.50,100
19-Sep-12,7.50,7.50,7.31,7.31,1913
18-Sep-12,7.44,7.50,7.30,7.30,1319
17-Sep-12,7.30,7.30,7.30,7.30,1899
14-Sep-12,7.35,7.35,7.30,7.30,1899
13-Sep-12,7.36,7.36,7.27,7.33,500
12-Sep-12,7.43,7.43,7.31,7.31,352
11-Sep-12,7.68,7.68,7.68,7.68,300
10-Sep-12,7.52,7.72,7.52,7.72,300
7-Sep-12,7.75,7.75,7.56,7.56,5170
6-Sep-12,7.80,7.80,7.80,7.80,100
5-Sep-12,7.64,7.76,7.64,7.76,422
4-Sep-12,7.73,7.73,7.65,7.69,10374
31-Aug-12,7.38,7.73,7.38,7.73,4481
30-Aug-12,7.36,7.36,7.36,7.36,0
29-Aug-12,7.37,7.44,7.36,7.44,3200
28-Aug-12,7.38,7.45,7.36,7.45,8271
27-Aug-12,7.36,7.44,7.36,7.43,6096
24-Aug-12,7.36,7.39,7.35,7.39,1126
23-Aug-12,7.40,7.44,7.35,7.35,9940
22-Aug-12,7.49,7.49,7.40,7.40,4170
21-Aug-12,7.48,7.48,7.40,7.40,7961
20-Aug-12,7.41,7.41,7.40,7.40,1000
17-Aug-12,7.25,7.43,7.25,7.39,18108
16-Aug-12,7.30,7.33,7.25,7.30,199056
15-Aug-12,7.06,7.30,7.04,7.30,38473
14-Aug-12,7.46,7.50,6.92,7.16,31717
13-Aug-12,7.50,7.50,7.45,7.50,7300
10-Aug-12,7.49,7.55,7.49,7.55,1600
9-Aug-12,7.51,7.62,7.40,7.50,16483
8-Aug-12,7.58,7.58,7.30,7.50,3700
7-Aug-12,7.49,7.59,7.40,7.59,13138
6-Aug-12,7.60,7.80,7.38,7.50,5899
3-Aug-12,7.60,7.60,7.55,7.55,1710
2-Aug-12,7.27,7.65,7.27,7.59,1009
1-Aug-12,7.57,7.60,7.57,7.60,3100
31-Jul-12,7.42,7.61,7.42,7.60,22906
30-Jul-12,7.30,7.71,7.25,7.50,2762
27-Jul-12,7.26,7.30,7.25,7.26,3728
26-Jul-12,7.40,7.40,7.40,7.40,5377
25-Jul-12,7.40,7.40,7.36,7.40,6015
24-Jul-12,7.54,7.54,7.50,7.52,3741
23-Jul-12,7.60,7.60,7.36,7.51,3916
20-Jul-12,7.28,7.43,7.26,7.43,822
19-Jul-12,7.40,7.48,7.37,7.44,2470
18-Jul-12,7.30,7.72,7.30,7.58,6497
17-Jul-12,7.25,7.25,7.25,7.25,189
16-Jul-12,7.47,7.59,7.40,7.59,1873
13-Jul-12,7.43,7.60,7.35,7.55,1206
12-Jul-12,7.50,7.59,7.00,7.51,11711
11-Jul-12,7.61,7.61,7.36,7.60,14989
10-Jul-12,7.45,7.75,7.45,7.75,6696
9-Jul-12,7.41,7.48,7.41,7.47,1102
6-Jul-12,7.25,7.59,7.25,7.59,23549
5-Jul-12,7.34,7.45,7.31,7.38,16453
3-Jul-12,7.28,7.35,7.25,7.33,21810
2-Jul-12,7.22,7.30,7.22,7.25,22126
29-Jun-12,7.25,7.25,7.10,7.20,30825
28-Jun-12,7.11,7.20,7.11,7.20,21705
27-Jun-12,7.31,7.31,7.31,7.31,425
26-Jun-12,7.05,7.05,7.05,7.05,0
25-Jun-12,6.91,7.08,6.91,7.08,705
22-Jun-12,7.08,7.09,7.06,7.07,10000
21-Jun-12,6.90,6.90,6.90,6.90,0
20-Jun-12,6.91,7.00,6.90,7.00,4632
19-Jun-12,6.90,7.00,6.90,7.00,7484
18-Jun-12,6.95,7.02,6.95,7.00,6064
15-Jun-12,7.03,7.03,7.03,7.03,585
14-Jun-12,7.00,7.02,7.00,7.02,5400
13-Jun-12,7.05,7.10,7.00,7.00,6390
12-Jun-12,7.05,7.05,7.05,7.05,1000
11-Jun-12,6.90,7.05,6.90,7.04,2300
8-Jun-12,6.90,7.00,6.90,7.00,2072
7-Jun-12,7.01,7.01,7.01,7.01,200
6-Jun-12,6.90,6.95,6.90,6.95,1354
5-Jun-12,6.90,6.95,6.81,6.95,7258
4-Jun-12,6.90,6.90,6.90,6.90,0
1-Jun-12,6.89,6.95,6.89,6.95,5100
31-May-12,6.99,6.99,6.96,6.96,681
30-May-12,7.00,7.01,6.98,6.98,1732
29-May-12,7.01,7.04,7.01,7.04,244
25-May-12,7.05,7.05,6.96,7.05,1991
24-May-12,7.33,7.33,7.00,7.16,16441
23-May-12,7.29,7.35,7.15,7.35,14379
22-May-12,7.45,7.45,7.26,7.38,10484
21-May-12,7.45,7.45,7.25,7.43,3868
18-May-12,7.50,7.50,7.49,7.50,3756
17-May-12,7.52,7.55,7.52,7.52,932
16-May-12,7.48,7.49,7.25,7.31,1832
15-May-12,7.53,7.82,7.53,7.60,2897
14-May-12,7.26,7.81,7.26,7.77,7700
11-May-12,7.31,7.50,7.31,7.50,1240
10-May-12,7.30,7.50,7.30,7.50,2100
9-May-12,7.23,7.23,7.23,7.23,0
8-May-12,7.05,7.25,6.95,7.25,15001
7-May-12,7.20,7.39,7.11,7.25,23321
4-May-12,7.26,7.26,7.01,7.20,10125
3-May-12,8.70,8.70,7.50,7.50,51897
2-May-12,8.77,8.80,8.63,8.80,8736
1-May-12,8.81,8.81,8.81,8.81,300
30-Apr-12,8.90,8.93,8.75,8.76,2187
27-Apr-12,8.75,8.95,8.75,8.95,6449
26-Apr-12,8.52,8.90,8.48,8.89,16756
25-Apr-12,8.88,8.88,8.75,8.75,1730
24-Apr-12,8.65,8.89,8.65,8.85,2803
23-Apr-12,8.74,8.74,8.74,8.74,0
20-Apr-12,8.74,8.74,8.65,8.65,937
19-Apr-12,8.47,8.65,8.47,8.65,761
18-Apr-12,8.86,8.88,8.64,8.85,3057
17-Apr-12,8.72,8.88,8.68,8.88,1740
16-Apr-12,8.77,8.80,8.07,8.77,25360
13-Apr-12,8.78,8.78,8.77,8.77,400
12-Apr-12,8.47,8.89,8.44,8.71,8841
11-Apr-12,8.35,8.53,8.35,8.51,2714
10-Apr-12,9.04,9.05,8.41,8.60,3136
9-Apr-12,8.57,8.85,8.57,8.85,2788
5-Apr-12,8.79,8.80,8.66,8.66,3200
4-Apr-12,8.80,8.80,8.58,8.80,1950
3-Apr-12,8.40,8.95,8.27,8.89,11502
2-Apr-12,8.45,8.46,8.39,8.41,25423
30-Mar-12,8.75,8.85,8.38,8.38,3972
29-Mar-12,8.53,8.53,8.53,8.53,600
28-Mar-12,8.67,8.75,8.35,8.75,5700
27-Mar-12,8.76,8.76,8.76,8.76,0
26-Mar-12,8.76,8.76,8.76,8.76,0
23-Mar-12,8.26,8.76,8.26,8.76,678
22-Mar-12,8.90,8.90,8.90,8.90,100
21-Mar-12,8.96,8.96,8.92,8.92,500
20-Mar-12,8.77,8.95,8.64,8.95,2888
19-Mar-12,8.45,8.76,8.45,8.76,3850
16-Mar-12,8.89,9.04,8.82,8.82,17836
15-Mar-12,8.60,8.89,8.60,8.81,6984
14-Mar-12,8.77,8.87,8.77,8.87,7388
13-Mar-12,8.55,8.75,8.55,8.67,14169
12-Mar-12,8.61,8.61,8.45,8.56,906
9-Mar-12,8.62,8.62,8.27,8.55,3608
8-Mar-12,8.49,8.55,8.45,8.55,12416
7-Mar-12,8.43,8.46,8.43,8.45,1048
6-Mar-12,8.27,8.41,8.27,8.41,5904
5-Mar-12,8.48,8.48,8.48,8.48,500
2-Mar-12,8.48,8.50,8.41,8.49,4372
1-Mar-12,8.44,8.44,8.44,8.44,200
29-Feb-12,8.26,8.50,8.26,8.35,4784
28-Feb-12,8.26,8.31,8.26,8.26,520
27-Feb-12,8.39,8.39,8.39,8.39,0
24-Feb-12,8.50,8.50,8.39,8.45,2600
23-Feb-12,8.39,8.39,8.39,8.39,0
22-Feb-12,8.29,8.40,8.29,8.40,300
21-Feb-12,8.45,8.45,8.26,8.40,2933
17-Feb-12,8.55,8.55,8.31,8.54,1660
16-Feb-12,8.54,8.54,8.54,8.54,0
15-Feb-12,8.42,8.55,8.42,8.54,8003
14-Feb-12,8.30,8.44,8.30,8.44,1594
13-Feb-12,8.32,8.35,8.25,8.32,1913
10-Feb-12,8.29,8.43,8.25,8.35,6607
9-Feb-12,8.20,8.25,8.16,8.25,3598
8-Feb-12,8.24,8.25,8.00,8.20,6875
7-Feb-12,7.95,8.09,7.91,8.09,15366
6-Feb-12,7.75,7.90,7.75,7.75,16630
3-Feb-12,7.86,7.86,7.75,7.75,4013
2-Feb-12,7.84,7.84,7.84,7.84,200
1-Feb-12,7.45,7.45,7.45,7.45,0
31-Jan-12,7.12,7.98,7.12,7.70,9958
30-Jan-12,6.73,7.00,6.73,6.97,48193
27-Jan-12,6.70,6.70,6.54,6.54,5572
26-Jan-12,6.69,6.69,6.55,6.65,3064
25-Jan-12,6.75,6.75,6.64,6.64,5209
24-Jan-12,6.70,6.85,6.65,6.65,2216
23-Jan-12,6.90,6.90,6.75,6.75,3833
20-Jan-12,6.84,6.84,6.84,6.84,0
19-Jan-12,6.80,6.80,6.80,6.80,0
18-Jan-12,6.89,6.89,6.65,6.69,7337
17-Jan-12,6.95,6.95,6.80,6.80,818
13-Jan-12,6.95,6.95,6.95,6.95,0
12-Jan-12,7.00,7.00,6.93,6.93,200
11-Jan-12,6.92,7.00,6.91,7.00,2300
10-Jan-12,6.80,6.91,6.80,6.89,6923
9-Jan-12,6.65,6.65,6.65,6.65,227
6-Jan-12,6.66,6.70,6.62,6.63,1737
5-Jan-12,6.68,6.70,6.56,6.56,4837
3-Jan-12,6.70,6.70,6.70,6.70,0
30-Dec-11,6.45,6.45,6.45,6.45,0
29-Dec-11,6.50,6.89,6.50,6.55,8783
28-Dec-11,6.49,6.54,6.36,6.50,19582
27-Dec-11,6.18,6.73,6.18,6.50,55950
23-Dec-11,6.05,6.05,6.05,6.05,0
22-Dec-11,6.00,6.07,5.90,6.07,28688
21-Dec-11,6.00,6.02,5.90,6.00,46809
20-Dec-11,5.86,6.19,5.81,5.96,10481
19-Dec-11,6.00,6.00,5.80,5.90,23193
16-Dec-11,5.96,6.08,5.95,5.95,6115
15-Dec-11,6.00,6.00,5.95,5.95,4399
14-Dec-11,6.15,6.23,5.90,5.95,58409
13-Dec-11,6.10,6.11,6.10,6.10,12116
12-Dec-11,6.10,6.15,6.10,6.10,8138
9-Dec-11,6.15,6.15,6.10,6.12,9738
8-Dec-11,6.10,6.27,6.06,6.17,5396
7-Dec-11,5.94,6.18,5.91,6.12,3310
6-Dec-11,6.00,6.27,6.00,6.00,16819
5-Dec-11,6.03,6.10,6.00,6.07,2487
2-Dec-11,6.03,6.27,6.03,6.21,2949
1-Dec-11,6.00,6.10,5.99,6.05,2203
30-Nov-11,6.10,6.10,6.01,6.05,3951
29-Nov-11,6.00,6.01,5.99,6.01,2476
28-Nov-11,6.03,6.03,5.91,6.02,2070
23-Nov-11,5.95,5.95,5.95,5.95,0
22-Nov-11,6.10,6.15,6.10,6.15,897
21-Nov-11,6.10,6.22,6.10,6.10,7702
18-Nov-11,6.20,6.20,6.08,6.08,9300
17-Nov-11,6.15,6.15,6.10,6.10,1100
16-Nov-11,6.15,6.15,6.15,6.15,0
15-Nov-11,6.10,6.24,6.10,6.24,9825
11-Nov-11,6.20,6.20,6.20,6.20,0
10-Nov-11,6.11,6.15,6.09,6.11,13566
9-Nov-11,6.12,6.12,6.10,6.10,2100
8-Nov-11,6.10,6.12,6.03,6.10,2137
7-Nov-11,6.15,6.16,6.12,6.12,4221
4-Nov-11,6.20,6.25,6.15,6.16,9650
3-Nov-11,6.13,6.20,6.00,6.10,2900
2-Nov-11,6.02,6.15,6.00,6.06,8910
1-Nov-11,5.90,6.10,5.88,6.10,20144
31-Oct-11,5.91,6.14,5.91,6.03,11203
28-Oct-11,6.10,6.10,5.90,6.05,20696
27-Oct-11,5.65,6.19,5.65,6.00,23554
26-Oct-11,5.50,5.56,5.48,5.48,3160
25-Oct-11,5.58,5.58,5.54,5.54,813
24-Oct-11,5.35,5.59,5.35,5.59,2320
21-Oct-11,5.46,5.46,5.46,5.46,0
20-Oct-11,5.55,5.57,5.41,5.54,3298
19-Oct-11,5.61,5.61,5.45,5.52,7041
18-Oct-11,5.55,5.57,5.42,5.57,8118
17-Oct-11,5.49,5.58,5.49,5.58,1260
14-Oct-11,5.55,5.60,5.50,5.51,2953
13-Oct-11,5.55,5.57,5.55,5.55,3788
12-Oct-11,5.56,5.60,5.53,5.56,2897
11-Oct-11,5.61,5.65,5.60,5.60,6125
10-Oct-11,5.61,5.61,5.54,5.54,7506
7-Oct-11,5.65,5.65,5.65,5.65,0
6-Oct-11,5.70,5.70,5.60,5.60,1400
5-Oct-11,5.63,5.63,5.60,5.60,11662
4-Oct-11,5.60,5.60,5.60,5.60,0
3-Oct-11,5.71,5.71,5.64,5.64,20283
30-Sep-11,5.65,5.73,5.62,5.73,12918
