Date,Open,High,Low,Close,Volume
26-Sep-12,1.84,1.93,1.72,1.79,211279
25-Sep-12,1.58,1.88,1.58,1.74,287079
24-Sep-12,1.57,1.72,1.55,1.55,77756
21-Sep-12,1.87,1.88,1.55,1.55,60962
20-Sep-12,1.81,1.88,1.73,1.73,42038
19-Sep-12,1.98,1.98,1.77,1.79,15183
18-Sep-12,1.93,2.00,1.92,1.96,46720
17-Sep-12,1.96,1.96,1.89,1.93,15052
14-Sep-12,1.95,2.02,1.93,1.98,3515
13-Sep-12,2.03,2.03,1.96,1.98,15122
12-Sep-12,1.93,2.01,1.93,2.00,12450
11-Sep-12,1.97,1.97,1.94,1.96,5128
10-Sep-12,1.94,1.96,1.88,1.89,32481
7-Sep-12,1.85,1.90,1.82,1.90,44719
6-Sep-12,1.82,1.88,1.81,1.86,113086
5-Sep-12,1.99,2.12,1.78,1.78,290085
4-Sep-12,1.93,2.00,1.92,1.94,14475
31-Aug-12,1.85,2.00,1.85,2.00,97400
30-Aug-12,1.92,1.99,1.91,1.94,68155
29-Aug-12,1.95,1.99,1.92,1.97,99320
28-Aug-12,1.99,2.03,1.89,2.00,67795
27-Aug-12,2.07,2.07,1.92,2.03,31770
24-Aug-12,2.00,2.03,1.91,2.02,28658
23-Aug-12,2.03,2.05,1.99,2.00,31310
22-Aug-12,2.00,2.10,1.97,2.01,38880
21-Aug-12,1.98,2.16,1.98,2.02,23170
20-Aug-12,2.00,2.17,1.98,2.07,17014
17-Aug-12,1.93,2.05,1.92,1.96,18391
16-Aug-12,1.85,2.05,1.79,1.96,58780
15-Aug-12,1.85,1.97,1.70,1.83,35125
14-Aug-12,1.83,1.84,1.69,1.71,22906
13-Aug-12,1.84,1.88,1.71,1.78,19193
10-Aug-12,1.75,1.92,1.75,1.92,4025
9-Aug-12,1.75,1.80,1.70,1.72,10616
8-Aug-12,1.90,1.90,1.72,1.80,41614
7-Aug-12,2.15,2.15,1.85,1.90,46085
6-Aug-12,1.98,2.14,1.98,1.98,14645
3-Aug-12,1.82,1.97,1.65,1.92,28613
2-Aug-12,2.03,2.03,1.76,1.84,33861
1-Aug-12,2.13,2.16,1.72,1.72,78882
31-Jul-12,2.04,2.12,2.01,2.09,43699
30-Jul-12,2.30,2.30,2.00,2.09,85003
27-Jul-12,1.86,2.66,1.86,2.24,194403
26-Jul-12,1.71,1.84,1.70,1.82,18482
25-Jul-12,1.82,1.89,1.65,1.70,101077
24-Jul-12,1.68,1.71,1.66,1.69,42250
23-Jul-12,1.66,1.68,1.64,1.65,52579
20-Jul-12,1.66,1.78,1.55,1.68,28770
19-Jul-12,1.64,1.68,1.60,1.67,33083
18-Jul-12,1.50,1.65,1.50,1.60,36504
17-Jul-12,1.58,1.59,1.52,1.54,31513
16-Jul-12,1.59,1.60,1.52,1.56,50338
13-Jul-12,1.59,1.59,1.41,1.55,56385
12-Jul-12,1.50,1.55,1.37,1.49,52455
11-Jul-12,1.57,1.69,1.38,1.45,291131
10-Jul-12,1.27,1.37,1.25,1.37,411525
9-Jul-12,1.65,1.65,1.25,1.27,252643
6-Jul-12,1.50,1.54,1.34,1.37,267485
5-Jul-12,1.25,1.69,1.24,1.58,442838
3-Jul-12,1.20,1.27,1.20,1.24,7697
2-Jul-12,1.27,1.27,1.16,1.19,23728
29-Jun-12,1.29,1.29,1.09,1.09,46003
28-Jun-12,1.16,1.29,1.10,1.16,16098
27-Jun-12,1.15,1.23,1.11,1.14,22090
26-Jun-12,1.14,1.25,1.14,1.16,18411
25-Jun-12,1.21,1.32,1.15,1.15,26644
22-Jun-12,1.25,1.32,1.18,1.21,1213779
21-Jun-12,1.28,1.32,1.25,1.26,66036
20-Jun-12,1.26,1.29,1.25,1.29,40022
19-Jun-12,1.21,1.28,1.21,1.24,27285
18-Jun-12,1.29,1.29,1.18,1.20,55610
15-Jun-12,1.24,1.31,1.20,1.30,52073
14-Jun-12,1.23,1.24,1.20,1.23,26016
13-Jun-12,1.25,1.28,1.22,1.23,31550
12-Jun-12,1.22,1.25,1.20,1.24,30315
11-Jun-12,1.22,1.25,1.19,1.20,56264
8-Jun-12,1.17,1.24,1.17,1.21,36237
7-Jun-12,1.26,1.28,1.16,1.17,62829
6-Jun-12,1.28,1.31,1.23,1.25,60021
5-Jun-12,1.32,1.35,1.23,1.25,85113
4-Jun-12,1.50,1.50,1.28,1.32,184654
1-Jun-12,1.42,1.42,1.31,1.35,146345
31-May-12,1.70,1.70,1.36,1.40,287390
30-May-12,1.93,1.93,1.71,1.71,136710
29-May-12,2.00,2.00,1.71,1.76,510046
25-May-12,3.34,3.65,3.12,3.51,109009
24-May-12,3.00,3.43,2.99,3.35,106433
23-May-12,2.78,3.02,2.78,3.02,193224
22-May-12,2.54,3.10,2.45,2.86,296972
21-May-12,3.29,3.32,3.17,3.32,78138
18-May-12,3.21,3.31,3.15,3.29,43743
17-May-12,3.03,3.32,2.97,3.23,49364
16-May-12,3.11,3.12,3.01,3.03,14127
15-May-12,2.99,3.03,2.92,2.98,26167
14-May-12,2.92,2.99,2.92,2.96,30822
11-May-12,2.90,2.98,2.88,2.96,27411
10-May-12,2.85,2.95,2.82,2.92,11945
9-May-12,2.81,2.90,2.81,2.85,12198
8-May-12,2.91,2.95,2.86,2.94,13057
7-May-12,2.82,2.99,2.81,2.92,11870
4-May-12,2.94,2.95,2.85,2.85,41289
3-May-12,3.00,3.00,2.94,2.95,45273
2-May-12,3.09,3.09,2.86,3.04,75763
1-May-12,3.18,3.25,3.13,3.14,20391
30-Apr-12,3.18,3.23,3.16,3.16,18597
27-Apr-12,3.22,3.24,3.19,3.23,12951
26-Apr-12,3.17,3.20,3.13,3.20,32683
25-Apr-12,3.17,3.22,3.13,3.17,14515
24-Apr-12,3.07,3.17,3.06,3.17,18036
23-Apr-12,2.99,3.10,2.98,3.07,39047
20-Apr-12,3.15,3.15,3.00,3.06,27289
19-Apr-12,3.05,3.05,2.98,3.00,12360
18-Apr-12,3.07,3.08,3.03,3.06,14097
17-Apr-12,3.14,3.14,3.06,3.11,17777
16-Apr-12,3.08,3.10,2.92,3.10,35727
13-Apr-12,3.26,3.26,3.06,3.07,20019
12-Apr-12,3.20,3.30,3.11,3.30,35444
11-Apr-12,3.01,3.27,3.01,3.25,29938
10-Apr-12,2.97,3.07,2.97,3.00,48825
9-Apr-12,2.84,3.05,2.84,2.99,44488
5-Apr-12,2.88,2.95,2.81,2.91,22771
4-Apr-12,2.90,2.92,2.89,2.90,30877
3-Apr-12,3.04,3.04,2.88,2.90,33499
2-Apr-12,3.04,3.04,2.87,3.04,47960
30-Mar-12,3.31,3.31,3.00,3.03,32718
29-Mar-12,3.30,3.30,3.15,3.19,33663
28-Mar-12,3.00,3.35,2.96,3.25,78814
27-Mar-12,2.90,3.20,2.84,3.11,47040
26-Mar-12,2.72,2.90,2.68,2.90,36159
23-Mar-12,2.46,2.74,2.44,2.71,60131
22-Mar-12,2.45,2.47,2.41,2.47,23701
21-Mar-12,2.48,2.54,2.43,2.50,23443
20-Mar-12,2.40,2.59,2.38,2.49,20706
19-Mar-12,2.36,2.45,2.32,2.45,17377
16-Mar-12,2.49,2.49,2.36,2.36,43715
15-Mar-12,2.46,2.49,2.45,2.49,8365
14-Mar-12,2.45,2.45,2.41,2.44,12681
13-Mar-12,2.40,2.49,2.37,2.45,26863
12-Mar-12,2.45,2.45,2.36,2.39,12962
9-Mar-12,2.35,2.49,2.35,2.44,14343
8-Mar-12,2.36,2.48,2.34,2.38,35333
7-Mar-12,2.38,2.38,2.25,2.33,23086
6-Mar-12,2.45,2.45,2.23,2.39,23697
5-Mar-12,2.56,2.56,2.34,2.41,47513
2-Mar-12,2.60,2.64,2.56,2.56,58646
1-Mar-12,2.61,2.70,2.60,2.60,15444
29-Feb-12,2.60,2.65,2.60,2.60,19332
28-Feb-12,2.68,2.68,2.60,2.61,25565
27-Feb-12,2.60,2.85,2.53,2.72,43413
24-Feb-12,2.61,2.69,2.56,2.63,27343
23-Feb-12,2.59,2.65,2.45,2.62,24448
22-Feb-12,2.70,2.75,2.58,2.58,25089
21-Feb-12,2.89,2.89,2.70,2.72,20467
17-Feb-12,2.84,2.92,2.81,2.92,80823
16-Feb-12,2.83,2.86,2.80,2.86,98448
15-Feb-12,2.90,2.90,2.80,2.84,56741
14-Feb-12,2.94,3.00,2.80,2.90,56594
13-Feb-12,3.10,3.10,2.97,3.04,11498
10-Feb-12,3.09,3.15,3.02,3.05,8991
9-Feb-12,3.10,3.15,3.03,3.05,19319
8-Feb-12,3.08,3.09,3.05,3.08,11854
7-Feb-12,3.15,3.15,3.01,3.07,15485
6-Feb-12,3.23,3.23,3.06,3.23,30204
3-Feb-12,3.01,3.19,2.98,3.19,24486
2-Feb-12,3.00,3.04,2.91,3.00,14297
1-Feb-12,2.98,3.03,2.91,2.98,25145
31-Jan-12,3.26,3.26,2.94,2.95,51826
30-Jan-12,3.19,3.27,3.18,3.21,17790
27-Jan-12,3.17,3.22,3.02,3.22,12763
26-Jan-12,3.25,3.37,3.12,3.19,30773
25-Jan-12,3.06,3.30,3.06,3.25,31365
24-Jan-12,2.94,3.08,2.94,3.08,28703
23-Jan-12,2.92,3.00,2.87,3.00,19737
20-Jan-12,2.89,2.94,2.84,2.91,20202
19-Jan-12,2.80,2.97,2.76,2.91,52380
18-Jan-12,2.75,2.85,2.75,2.84,6945
17-Jan-12,2.83,2.83,2.75,2.78,31877
13-Jan-12,2.81,2.81,2.81,2.81,0
12-Jan-12,2.86,2.90,2.85,2.89,8428
11-Jan-12,2.87,2.90,2.81,2.87,10646
10-Jan-12,3.05,3.05,2.89,2.90,24642
9-Jan-12,3.40,3.40,3.01,3.03,57851
6-Jan-12,2.71,3.01,2.71,2.98,10396
5-Jan-12,2.71,2.81,2.69,2.70,13501
4-Jan-12,2.77,2.82,2.70,2.71,10056
3-Jan-12,2.84,2.90,2.75,2.80,19382
30-Dec-11,2.74,2.74,2.74,2.74,0
29-Dec-11,2.74,2.74,2.69,2.70,21316
28-Dec-11,2.78,2.78,2.65,2.72,29561
27-Dec-11,2.74,2.76,2.70,2.74,12631
23-Dec-11,2.76,2.76,2.76,2.76,0
22-Dec-11,2.62,2.75,2.59,2.72,35804
21-Dec-11,2.70,2.70,2.58,2.61,17391
20-Dec-11,2.75,2.92,2.56,2.73,44479
19-Dec-11,2.73,2.77,2.64,2.70,22542
16-Dec-11,2.72,2.80,2.70,2.72,66042
15-Dec-11,2.78,2.78,2.65,2.71,35325
14-Dec-11,2.70,2.94,2.67,2.74,52245
13-Dec-11,2.85,2.94,2.70,2.74,29938
12-Dec-11,2.92,2.99,2.79,2.83,35750
9-Dec-11,2.88,3.03,2.88,3.00,20411
8-Dec-11,2.86,2.86,2.86,2.86,0
7-Dec-11,2.94,3.07,2.89,2.99,48418
6-Dec-11,3.15,3.15,2.93,2.94,23051
5-Dec-11,2.99,3.32,2.98,3.11,55916
2-Dec-11,3.01,3.05,2.90,2.99,39937
1-Dec-11,3.08,3.08,2.93,2.97,36283
30-Nov-11,2.97,3.20,2.89,3.11,116189
29-Nov-11,2.90,3.05,2.83,2.88,28394
28-Nov-11,2.92,2.95,2.85,2.93,46214
25-Nov-11,2.88,2.88,2.81,2.81,31947
23-Nov-11,2.90,2.90,2.90,2.90,0
22-Nov-11,2.95,3.16,2.93,3.03,47211
21-Nov-11,2.88,2.99,2.85,2.95,28401
18-Nov-11,3.00,3.00,2.85,2.93,68218
17-Nov-11,3.05,3.14,2.92,2.93,44222
16-Nov-11,3.31,3.33,3.03,3.05,41358
15-Nov-11,3.38,3.40,3.32,3.37,28776
14-Nov-11,3.88,3.90,3.40,3.41,50789
11-Nov-11,3.89,4.01,3.79,3.92,34138
10-Nov-11,4.19,4.19,3.70,3.84,34738
9-Nov-11,4.47,4.47,3.95,4.09,66899
8-Nov-11,4.37,4.43,4.21,4.42,36925
7-Nov-11,4.27,4.37,4.21,4.33,18712
4-Nov-11,4.39,4.39,4.21,4.30,43492
3-Nov-11,4.45,4.45,4.27,4.40,28902
2-Nov-11,4.30,4.42,4.21,4.38,54986
1-Nov-11,4.30,4.49,4.15,4.19,126965
31-Oct-11,5.82,5.82,4.26,4.39,122719
28-Oct-11,5.85,6.00,5.58,5.95,15141
27-Oct-11,5.24,6.28,5.24,5.86,73870
26-Oct-11,4.99,5.17,4.85,5.16,22882
25-Oct-11,5.07,5.15,4.75,4.82,40220
24-Oct-11,4.91,5.09,4.77,5.09,24741
21-Oct-11,4.88,4.96,4.76,4.87,23849
20-Oct-11,4.54,4.80,4.37,4.67,26147
19-Oct-11,4.74,4.76,4.50,4.51,15490
18-Oct-11,4.33,4.84,4.15,4.74,32296
17-Oct-11,4.68,4.75,4.15,4.24,39885
14-Oct-11,4.98,4.98,4.46,4.76,31329
13-Oct-11,4.89,4.92,4.71,4.92,9365
12-Oct-11,5.26,5.36,4.76,4.92,43969
11-Oct-11,5.12,5.30,5.10,5.22,31466
10-Oct-11,4.83,5.21,4.54,5.20,45798
7-Oct-11,5.04,5.08,4.66,4.72,32075
6-Oct-11,5.11,5.28,4.56,4.96,25064
5-Oct-11,4.76,5.28,4.50,5.19,30322
4-Oct-11,4.18,4.79,4.00,4.74,48975
3-Oct-11,4.48,4.48,4.48,4.48,0
30-Sep-11,4.89,4.89,4.56,4.70,39976
29-Sep-11,5.26,5.26,4.91,4.98,31601
