Date,Open,High,Low,Close,Volume
27-Sep-12,10.81,10.96,10.72,10.88,209054
26-Sep-12,10.85,10.85,10.08,10.84,191885
25-Sep-12,10.97,11.00,10.74,10.89,273987
24-Sep-12,11.05,11.23,10.96,11.00,229443
21-Sep-12,10.30,11.21,10.30,11.12,118788
20-Sep-12,10.17,10.30,10.17,10.27,36600
19-Sep-12,10.21,10.28,10.19,10.20,31571
18-Sep-12,10.14,10.30,10.14,10.24,18913
17-Sep-12,10.21,10.30,10.18,10.26,27840
14-Sep-12,10.25,10.37,10.14,10.19,27485
13-Sep-12,9.85,10.36,9.85,10.28,51683
12-Sep-12,10.08,10.23,10.08,10.18,53251
11-Sep-12,9.86,10.16,9.86,10.06,44767
10-Sep-12,10.00,10.00,9.89,9.89,10492
7-Sep-12,10.14,10.15,9.96,9.99,63507
6-Sep-12,10.16,10.22,10.05,10.16,36135
5-Sep-12,10.18,10.31,10.15,10.18,61295
4-Sep-12,10.10,10.24,10.03,10.17,119738
31-Aug-12,10.05,10.09,10.00,10.05,27271
30-Aug-12,10.11,10.21,10.00,10.04,131267
29-Aug-12,10.03,10.19,10.03,10.15,151922
28-Aug-12,9.91,10.07,9.80,10.01,99356
27-Aug-12,9.90,10.06,9.79,9.94,110752
24-Aug-12,9.79,10.00,9.79,9.98,94451
23-Aug-12,9.73,9.79,9.62,9.78,147602
22-Aug-12,9.72,9.81,9.62,9.77,65491
21-Aug-12,10.10,10.10,9.68,9.80,209005
20-Aug-12,10.10,10.20,10.05,10.12,89518
17-Aug-12,10.15,10.26,10.10,10.16,81752
16-Aug-12,10.30,10.35,10.08,10.18,187121
15-Aug-12,10.40,10.43,10.27,10.34,144135
14-Aug-12,10.39,10.47,10.25,10.43,79446
13-Aug-12,10.30,10.38,10.23,10.36,140925
10-Aug-12,10.27,10.40,10.22,10.34,89943
9-Aug-12,10.02,10.38,9.91,10.29,148661
8-Aug-12,10.05,10.40,10.04,10.14,311285
7-Aug-12,10.24,10.42,10.07,10.11,91035
6-Aug-12,10.31,10.43,10.23,10.24,64961
3-Aug-12,10.39,10.50,10.21,10.43,48783
2-Aug-12,10.29,10.40,10.19,10.32,59137
1-Aug-12,10.30,10.46,10.23,10.34,41857
31-Jul-12,10.40,10.57,10.30,10.30,123586
30-Jul-12,10.23,10.61,10.23,10.44,158738
27-Jul-12,10.13,10.27,10.05,10.23,59832
26-Jul-12,10.24,10.28,10.06,10.13,80157
25-Jul-12,10.20,10.34,10.17,10.24,208152
24-Jul-12,10.12,10.22,9.91,10.13,86973
23-Jul-12,10.13,10.22,10.01,10.14,79988
20-Jul-12,10.15,10.35,10.00,10.18,246223
19-Jul-12,10.10,10.25,10.04,10.19,76167
18-Jul-12,10.30,10.33,10.05,10.12,162554
17-Jul-12,10.42,10.45,10.15,10.29,92920
16-Jul-12,10.49,10.61,10.30,10.40,257891
13-Jul-12,10.62,10.83,10.43,10.54,333964
12-Jul-12,10.66,10.86,10.53,10.58,385983
11-Jul-12,9.99,11.02,9.99,10.75,504029
10-Jul-12,9.84,10.10,9.77,10.00,245533
9-Jul-12,9.91,10.00,9.80,9.81,129739
6-Jul-12,9.80,10.09,9.80,10.00,99672
5-Jul-12,9.82,9.90,9.77,9.83,86628
3-Jul-12,9.69,9.94,9.52,9.85,323417
2-Jul-12,9.26,9.75,9.22,9.72,150318
29-Jun-12,9.29,9.32,9.15,9.21,167114
28-Jun-12,9.13,9.25,9.10,9.23,87415
27-Jun-12,9.20,9.27,9.15,9.15,55005
26-Jun-12,9.22,9.29,9.18,9.24,38425
25-Jun-12,9.18,9.27,9.14,9.25,59941
22-Jun-12,9.27,9.28,9.14,9.27,111297
21-Jun-12,9.29,9.39,9.25,9.29,53878
20-Jun-12,9.24,9.33,9.24,9.30,93768
19-Jun-12,9.23,9.28,9.16,9.25,57619
18-Jun-12,9.30,9.34,9.11,9.25,98807
15-Jun-12,9.38,9.39,9.10,9.37,337675
14-Jun-12,9.28,9.39,9.15,9.37,88375
13-Jun-12,9.18,9.35,9.15,9.33,158579
12-Jun-12,9.37,9.47,9.20,9.24,65787
11-Jun-12,9.26,9.45,9.21,9.38,91144
8-Jun-12,9.15,9.38,9.15,9.24,82723
7-Jun-12,9.28,9.36,9.13,9.18,58894
6-Jun-12,9.10,9.33,9.08,9.22,120376
5-Jun-12,9.08,9.24,9.00,9.06,137732
4-Jun-12,9.32,9.33,9.00,9.10,193496
1-Jun-12,9.43,9.46,9.23,9.35,366657
31-May-12,9.50,9.56,9.32,9.45,133103
30-May-12,9.60,9.70,9.46,9.54,116471
29-May-12,9.50,9.77,9.50,9.74,156050
25-May-12,9.34,9.54,9.30,9.49,53801
24-May-12,9.25,9.41,9.25,9.34,89242
23-May-12,9.31,9.45,9.07,9.23,200887
22-May-12,9.66,9.80,9.35,9.38,268505
21-May-12,9.79,9.97,9.51,9.69,257273
18-May-12,9.73,9.98,9.63,9.91,364521
17-May-12,9.72,9.90,9.67,9.72,268810
16-May-12,9.69,9.84,9.64,9.75,143522
15-May-12,9.65,9.85,9.60,9.70,171059
14-May-12,9.74,9.84,9.62,9.76,110964
11-May-12,9.50,9.85,9.44,9.82,204164
10-May-12,9.40,9.85,9.30,9.59,344858
9-May-12,9.54,9.63,9.38,9.56,174923
8-May-12,9.75,9.75,9.56,9.63,193295
7-May-12,9.66,10.00,9.60,9.85,216601
4-May-12,9.59,9.75,9.58,9.73,77982
3-May-12,9.70,9.74,9.56,9.67,136881
2-May-12,9.72,9.77,9.65,9.73,62909
1-May-12,9.44,9.78,9.44,9.78,134138
30-Apr-12,9.72,9.74,9.35,9.44,282083
27-Apr-12,9.62,9.78,9.62,9.74,122086
26-Apr-12,9.77,9.85,9.56,9.62,115904
25-Apr-12,9.64,9.86,9.53,9.82,97637
24-Apr-12,9.44,9.62,9.29,9.59,110471
23-Apr-12,9.58,9.58,9.26,9.44,265559
20-Apr-12,9.63,9.80,9.52,9.69,223628
19-Apr-12,9.46,9.95,9.46,9.78,284017
18-Apr-12,9.39,9.68,9.32,9.50,335400
17-Apr-12,9.30,9.55,9.20,9.48,246430
16-Apr-12,9.68,9.75,9.29,9.38,433473
13-Apr-12,9.60,10.00,9.50,9.70,1286693
12-Apr-12,9.56,9.60,9.28,9.50,350485
11-Apr-12,9.82,9.82,9.48,9.56,379804
10-Apr-12,10.00,10.00,9.65,9.83,290157
9-Apr-12,9.50,10.45,8.26,10.04,2225285
5-Apr-12,10.60,10.78,10.50,10.53,319949
4-Apr-12,10.87,10.88,10.45,10.60,681695
3-Apr-12,10.99,11.13,10.88,10.96,472668
2-Apr-12,11.25,11.27,10.83,11.00,561626
30-Mar-12,11.24,11.30,11.20,11.25,398945
29-Mar-12,11.20,11.35,11.11,11.27,782168
28-Mar-12,11.10,11.55,10.59,11.30,1392523
27-Mar-12,10.00,12.25,10.00,11.22,3905259
26-Mar-12,9.60,9.64,9.10,9.21,408902
23-Mar-12,9.07,9.64,8.96,9.60,1572755
22-Mar-12,8.66,9.23,8.57,9.05,1376556
21-Mar-12,8.43,8.74,8.43,8.74,594912
20-Mar-12,8.35,8.55,8.35,8.50,786865
19-Mar-12,8.11,8.39,8.11,8.35,661489
16-Mar-12,8.40,8.48,8.28,8.29,1036772
15-Mar-12,8.44,8.48,8.27,8.31,1804176
14-Mar-12,9.50,9.65,8.30,8.36,3189377
13-Mar-12,10.16,10.60,10.15,10.52,288509
12-Mar-12,10.33,10.45,10.01,10.11,219361
9-Mar-12,10.58,10.62,10.23,10.30,223705
8-Mar-12,10.50,10.64,10.35,10.48,116892
7-Mar-12,10.31,10.52,10.22,10.37,88371
6-Mar-12,10.29,10.34,10.14,10.27,125213
5-Mar-12,10.60,10.65,10.41,10.41,154106
2-Mar-12,11.10,11.11,10.65,10.68,278692
1-Mar-12,11.00,11.20,10.75,11.12,254474
29-Feb-12,11.23,11.67,11.02,11.02,308948
28-Feb-12,10.73,11.28,10.73,11.26,237591
27-Feb-12,11.19,11.20,10.58,10.75,173214
24-Feb-12,10.64,11.27,10.63,11.21,237508
23-Feb-12,10.59,10.79,10.54,10.65,187554
22-Feb-12,10.31,10.72,10.21,10.62,145598
21-Feb-12,10.34,10.62,10.30,10.33,238368
17-Feb-12,10.76,10.82,10.30,10.36,291190
16-Feb-12,10.83,10.97,10.70,10.75,143842
15-Feb-12,11.16,11.20,10.86,10.86,124069
14-Feb-12,11.04,11.24,10.96,11.14,268369
13-Feb-12,11.11,11.15,11.00,11.07,147847
10-Feb-12,10.90,11.12,10.82,11.02,219782
9-Feb-12,11.07,11.07,11.07,11.07,0
8-Feb-12,11.14,11.15,10.71,10.91,235899
7-Feb-12,10.97,10.97,10.97,10.97,0
6-Feb-12,11.80,11.86,11.22,11.36,186606
3-Feb-12,11.41,11.82,11.40,11.78,189583
2-Feb-12,11.32,11.47,11.30,11.39,106041
1-Feb-12,11.29,11.29,11.29,11.29,0
31-Jan-12,11.45,11.47,11.01,11.36,319089
30-Jan-12,11.20,11.34,11.15,11.24,123566
27-Jan-12,11.26,11.35,11.22,11.22,131335
26-Jan-12,11.36,11.46,11.23,11.30,102914
25-Jan-12,11.44,11.44,11.44,11.44,0
24-Jan-12,11.73,12.00,11.53,11.68,274164
23-Jan-12,12.25,12.42,11.78,11.85,274223
20-Jan-12,12.50,12.50,12.12,12.25,318507
19-Jan-12,12.05,12.37,11.67,12.11,445387
18-Jan-12,10.95,11.56,10.59,11.50,362398
17-Jan-12,10.86,11.17,10.70,10.93,531681
13-Jan-12,10.44,10.44,10.44,10.44,0
12-Jan-12,10.49,10.49,10.49,10.49,0
11-Jan-12,10.06,10.39,10.02,10.22,144968
10-Jan-12,10.66,10.85,10.17,10.21,336396
9-Jan-12,10.34,10.61,10.14,10.52,347684
6-Jan-12,9.79,9.79,9.79,9.79,0
5-Jan-12,8.80,9.55,8.77,9.52,639561
4-Jan-12,8.73,8.94,8.66,8.80,163998
3-Jan-12,8.76,8.76,8.76,8.76,0
30-Dec-11,8.52,8.52,8.52,8.52,0
29-Dec-11,8.44,8.44,8.44,8.44,0
28-Dec-11,8.82,8.82,8.28,8.55,129792
27-Dec-11,8.60,8.76,8.37,8.70,454670
23-Dec-11,8.58,8.58,8.58,8.58,0
22-Dec-11,8.32,8.47,8.25,8.39,110532
21-Dec-11,8.26,8.38,8.16,8.32,108417
20-Dec-11,8.58,8.59,8.22,8.31,213048
19-Dec-11,8.55,8.55,8.55,8.55,0
16-Dec-11,8.35,8.59,8.07,8.53,214579
15-Dec-11,8.52,8.52,8.52,8.52,0
14-Dec-11,9.04,9.20,8.50,8.51,234216
13-Dec-11,9.31,9.44,9.05,9.10,83935
12-Dec-11,9.30,9.37,9.05,9.26,90202
9-Dec-11,9.27,9.47,9.27,9.44,91129
8-Dec-11,9.49,9.54,9.25,9.28,115637
7-Dec-11,9.45,9.56,9.45,9.45,81945
6-Dec-11,9.56,9.62,9.41,9.45,164611
5-Dec-11,9.60,9.75,9.54,9.55,165455
2-Dec-11,9.53,9.63,9.38,9.47,150209
1-Dec-11,9.49,9.49,9.49,9.49,0
30-Nov-11,9.77,9.77,9.36,9.42,218787
29-Nov-11,9.56,9.75,9.45,9.51,1074197
28-Nov-11,9.64,9.70,9.42,9.55,237283
25-Nov-11,9.60,9.84,9.34,9.39,75307
23-Nov-11,9.60,9.60,9.60,9.60,0
22-Nov-11,9.38,10.00,9.38,9.75,115813
21-Nov-11,9.82,10.03,9.64,9.74,336828
18-Nov-11,10.00,10.00,10.00,10.00,0
17-Nov-11,9.71,10.03,9.71,9.92,297939
16-Nov-11,9.01,9.70,8.91,9.70,282792
15-Nov-11,8.98,8.98,8.98,8.98,0
14-Nov-11,8.94,9.08,8.93,8.99,106948
11-Nov-11,9.00,9.32,8.82,8.95,175587
10-Nov-11,9.53,9.69,8.92,9.00,276090
9-Nov-11,10.01,10.19,9.19,9.24,375804
8-Nov-11,9.48,9.96,9.48,9.91,378632
7-Nov-11,9.24,9.50,9.22,9.48,93813
4-Nov-11,9.40,9.45,9.11,9.31,175819
3-Nov-11,9.45,9.75,9.21,9.49,354680
2-Nov-11,9.00,9.43,9.00,9.39,420713
1-Nov-11,8.90,8.90,8.90,8.90,0
31-Oct-11,10.95,10.95,9.13,9.23,364955
28-Oct-11,9.66,9.66,9.40,9.50,244277
27-Oct-11,8.74,10.45,8.74,9.73,962843
26-Oct-11,8.69,8.83,8.60,8.64,184873
25-Oct-11,8.69,8.84,8.45,8.65,203014
24-Oct-11,8.76,8.76,8.76,8.76,0
21-Oct-11,8.47,8.68,8.43,8.68,127763
20-Oct-11,8.50,8.53,8.31,8.45,292353
19-Oct-11,8.82,8.82,8.40,8.53,235847
18-Oct-11,9.08,9.08,8.71,8.80,1084258
17-Oct-11,8.78,8.89,8.53,8.80,488714
14-Oct-11,9.09,9.09,9.09,9.09,0
13-Oct-11,7.85,8.75,7.78,8.75,602584
12-Oct-11,6.90,8.18,6.88,7.95,690340
11-Oct-11,6.70,6.97,6.60,6.69,495640
10-Oct-11,7.18,7.18,6.61,6.73,280101
7-Oct-11,7.19,7.50,6.66,6.74,294865
6-Oct-11,6.74,7.44,6.71,7.17,489501
5-Oct-11,7.00,7.00,6.65,6.76,478349
4-Oct-11,7.32,7.52,6.75,7.00,607476
3-Oct-11,7.57,7.99,7.37,7.49,338504
30-Sep-11,7.94,8.10,7.60,7.60,243355
29-Sep-11,8.37,8.38,7.94,8.03,167359
