Date,Open,High,Low,Close,Volume
26-Sep-12,9.00,9.00,8.75,9.00,542
25-Sep-12,9.00,9.00,9.00,9.00,0
24-Sep-12,9.00,9.00,9.00,9.00,399
21-Sep-12,8.58,8.95,8.58,8.95,2619
20-Sep-12,8.99,8.99,8.99,8.99,300
19-Sep-12,8.96,8.96,8.96,8.96,300
18-Sep-12,9.04,9.04,9.04,9.04,0
17-Sep-12,9.14,9.14,9.04,9.04,2200
14-Sep-12,9.04,9.10,9.00,9.00,3800
13-Sep-12,9.10,9.10,9.10,9.10,0
12-Sep-12,9.10,9.10,9.10,9.10,0
11-Sep-12,9.12,9.12,9.10,9.10,803
10-Sep-12,9.13,9.13,9.13,9.13,100
7-Sep-12,8.98,8.98,8.98,8.98,0
6-Sep-12,8.98,8.98,8.98,8.98,0
5-Sep-12,8.98,8.98,8.98,8.98,0
4-Sep-12,9.00,9.14,8.84,8.98,5200
31-Aug-12,8.89,8.89,8.89,8.89,0
30-Aug-12,9.00,9.00,9.00,9.00,0
29-Aug-12,8.80,9.00,8.80,9.00,3567
28-Aug-12,8.79,9.06,8.79,9.06,2100
27-Aug-12,8.90,9.07,8.76,9.00,3697
24-Aug-12,9.00,9.10,8.94,9.10,7536
23-Aug-12,8.76,8.76,8.76,8.76,131
22-Aug-12,8.76,8.76,8.76,8.76,0
21-Aug-12,8.91,8.91,8.76,8.89,2320
20-Aug-12,8.80,8.86,8.77,8.86,1075
17-Aug-12,9.05,9.05,9.05,9.05,0
16-Aug-12,9.05,9.05,9.05,9.05,0
15-Aug-12,9.05,9.15,8.77,9.15,4259
14-Aug-12,8.93,8.93,8.93,8.93,0
13-Aug-12,8.93,8.93,8.93,8.93,0
10-Aug-12,9.00,9.05,9.00,9.05,1644
9-Aug-12,8.91,9.00,8.91,9.00,10200
8-Aug-12,9.00,9.00,9.00,9.00,35483
7-Aug-12,8.94,9.01,8.94,9.01,600
6-Aug-12,9.03,9.03,9.00,9.00,1436
3-Aug-12,9.34,9.34,9.34,9.34,300
2-Aug-12,9.00,9.00,9.00,9.00,100
1-Aug-12,9.37,9.37,9.37,9.37,164
31-Jul-12,9.11,9.44,9.11,9.44,1165
30-Jul-12,9.49,9.49,9.49,9.49,366
27-Jul-12,8.78,8.78,8.75,8.75,200
26-Jul-12,8.65,8.71,8.65,8.71,400
25-Jul-12,8.53,8.60,8.50,8.55,13141
24-Jul-12,8.52,8.71,8.45,8.53,10553
23-Jul-12,9.11,9.11,9.11,9.11,0
20-Jul-12,9.05,9.12,9.00,9.11,2317
19-Jul-12,9.06,9.06,9.06,9.06,0
18-Jul-12,8.77,9.15,8.77,9.07,4200
17-Jul-12,8.99,9.00,8.76,9.00,3100
16-Jul-12,9.20,9.20,8.85,8.90,8887
13-Jul-12,9.26,9.45,8.90,9.25,11787
12-Jul-12,9.13,10.16,9.10,9.30,1341
11-Jul-12,9.30,9.33,9.29,9.30,7797
10-Jul-12,9.32,9.32,9.32,9.32,100
9-Jul-12,9.31,9.45,9.28,9.32,1800
6-Jul-12,9.34,9.34,9.34,9.34,1899
5-Jul-12,9.53,9.58,9.00,9.21,3125
3-Jul-12,9.17,10.38,9.17,9.32,5000
2-Jul-12,9.41,9.41,9.04,9.40,2927
29-Jun-12,9.21,9.23,9.15,9.23,1100
28-Jun-12,9.15,9.25,9.10,9.10,2500
27-Jun-12,9.05,9.85,9.05,9.20,4810
26-Jun-12,9.24,9.30,9.20,9.25,5260
25-Jun-12,9.06,9.06,9.06,9.06,0
22-Jun-12,9.25,9.25,9.08,9.08,500
21-Jun-12,9.20,9.20,9.06,9.20,3639
20-Jun-12,9.26,9.26,9.05,9.20,5906
19-Jun-12,9.25,9.30,9.25,9.26,1636
18-Jun-12,9.35,9.36,9.19,9.24,7698
15-Jun-12,9.97,9.97,9.97,9.97,419
14-Jun-12,9.50,9.50,9.50,9.50,0
13-Jun-12,9.50,9.50,9.50,9.50,100
12-Jun-12,9.36,9.36,9.36,9.36,0
11-Jun-12,8.87,9.62,8.87,9.62,5530
8-Jun-12,9.24,9.24,9.24,9.24,0
7-Jun-12,8.81,9.36,8.81,9.36,624
6-Jun-12,8.89,8.89,8.70,8.70,545
5-Jun-12,8.80,8.80,8.80,8.80,4368
4-Jun-12,8.80,8.80,8.65,8.80,2268
1-Jun-12,9.45,9.62,9.13,9.62,2163
31-May-12,9.13,9.59,9.13,9.59,1302
30-May-12,8.78,8.78,8.78,8.78,0
29-May-12,8.78,8.78,8.78,8.78,0
25-May-12,8.88,8.90,8.70,8.78,2090
24-May-12,8.73,8.73,8.73,8.73,0
23-May-12,9.03,9.03,8.65,8.73,738
22-May-12,9.87,9.87,9.13,9.13,1611
21-May-12,8.81,9.81,8.81,9.81,728
18-May-12,8.91,8.91,8.91,8.91,0
17-May-12,9.33,9.71,8.66,8.71,9462
16-May-12,8.84,8.84,8.84,8.84,0
15-May-12,8.84,8.84,8.84,8.84,0
14-May-12,8.17,8.84,8.17,8.84,678
11-May-12,9.17,9.23,8.86,8.97,5146
10-May-12,8.48,9.76,8.19,8.80,24855
9-May-12,8.13,8.82,8.13,8.82,1442
8-May-12,7.62,7.69,7.62,7.69,832
7-May-12,7.60,7.64,7.60,7.64,394
4-May-12,7.63,7.63,7.63,7.63,0
3-May-12,7.63,7.63,7.55,7.55,444
2-May-12,7.38,7.55,7.14,7.55,3886
1-May-12,7.39,7.39,7.38,7.39,936
30-Apr-12,7.11,7.11,7.11,7.11,0
27-Apr-12,7.11,7.11,7.11,7.11,0
26-Apr-12,6.97,7.12,6.97,7.12,3572
25-Apr-12,7.32,7.32,7.32,7.32,0
24-Apr-12,7.32,7.32,7.32,7.32,0
23-Apr-12,7.32,7.32,7.31,7.31,312
20-Apr-12,7.10,7.12,7.05,7.12,832
19-Apr-12,7.38,7.39,7.38,7.39,416
18-Apr-12,7.30,7.40,7.30,7.40,208
17-Apr-12,7.00,7.36,6.92,7.31,8638
16-Apr-12,7.10,7.10,6.97,6.98,416
13-Apr-12,7.07,7.07,6.99,6.99,312
12-Apr-12,7.03,7.12,7.03,7.05,312
11-Apr-12,7.52,7.52,6.92,7.04,2843
10-Apr-12,7.62,7.65,7.62,7.65,416
9-Apr-12,7.22,7.22,7.22,7.22,0
5-Apr-12,7.22,7.22,7.22,7.22,0
4-Apr-12,7.55,7.55,7.03,7.22,4071
3-Apr-12,7.67,7.67,7.66,7.67,473
2-Apr-12,7.39,7.64,7.29,7.57,6532
30-Mar-12,7.22,7.22,7.22,7.22,4118
29-Mar-12,7.10,7.10,7.00,7.00,208
28-Mar-12,7.12,7.46,6.96,6.96,931
27-Mar-12,6.93,7.15,6.93,7.12,1640
26-Mar-12,7.55,7.59,7.29,7.42,1225
23-Mar-12,7.55,7.55,7.55,7.55,0
22-Mar-12,7.21,7.55,6.92,7.55,2047
21-Mar-12,6.97,6.97,6.97,6.97,0
20-Mar-12,6.97,6.97,6.97,6.97,0
19-Mar-12,7.02,7.12,6.98,7.03,832
16-Mar-12,7.11,7.11,7.11,7.11,208
15-Mar-12,7.15,7.40,7.15,7.25,2218
14-Mar-12,7.24,7.69,6.99,7.15,3328
13-Mar-12,7.08,7.47,7.08,7.47,6468
12-Mar-12,7.07,7.18,7.07,7.18,591
9-Mar-12,7.12,7.21,7.11,7.11,1556
8-Mar-12,7.17,7.31,6.99,7.15,10030
7-Mar-12,7.20,7.55,7.16,7.20,2722
6-Mar-12,7.20,7.20,7.20,7.20,0
5-Mar-12,7.20,7.20,7.20,7.20,0
2-Mar-12,7.20,7.20,7.20,7.20,0
1-Mar-12,7.63,7.69,7.20,7.20,1040
29-Feb-12,7.32,7.83,7.22,7.24,2685
28-Feb-12,7.77,7.77,7.77,7.77,0
27-Feb-12,7.52,7.52,7.52,7.52,153
24-Feb-12,7.24,7.47,7.07,7.21,3437
23-Feb-12,8.00,8.00,8.00,8.00,374
22-Feb-12,7.55,7.70,7.27,7.69,4472
21-Feb-12,7.70,7.70,7.70,7.70,0
17-Feb-12,7.70,7.70,7.70,7.70,0
16-Feb-12,7.02,7.82,7.02,7.70,1539
15-Feb-12,7.39,7.46,7.39,7.46,208
14-Feb-12,7.23,7.49,7.08,7.38,1669
13-Feb-12,6.95,7.11,6.95,7.07,4132
10-Feb-12,6.96,6.98,6.96,6.98,210
9-Feb-12,7.13,7.23,6.92,7.20,2912
8-Feb-12,6.88,7.07,6.88,7.07,1560
7-Feb-12,7.06,7.06,6.78,6.78,714
6-Feb-12,7.06,7.06,7.06,7.06,416
3-Feb-12,6.60,6.97,6.60,6.96,4968
2-Feb-12,6.30,6.30,6.30,6.30,125
1-Feb-12,6.62,6.62,6.25,6.35,1040
31-Jan-12,6.26,6.27,6.25,6.27,783
30-Jan-12,5.87,6.62,5.87,6.42,832
26-Jan-12,6.20,6.20,6.20,6.20,0
25-Jan-12,5.86,6.49,5.86,6.34,2392
23-Jan-12,5.90,5.90,5.90,5.90,0
20-Jan-12,6.11,6.25,5.91,6.01,4732
17-Jan-12,6.14,6.14,6.14,6.14,0
13-Jan-12,6.20,6.20,6.20,6.20,0
12-Jan-12,6.32,6.32,6.32,6.32,104
11-Jan-12,6.10,6.54,6.10,6.32,3743
10-Jan-12,5.96,5.96,5.73,5.82,3149
6-Jan-12,5.90,5.90,5.90,5.90,0
5-Jan-12,6.02,6.02,6.02,6.02,0
4-Jan-12,6.13,6.13,6.13,6.13,171
3-Jan-12,6.07,6.13,5.87,6.07,7607
30-Dec-11,5.82,5.82,5.82,5.82,0
29-Dec-11,5.86,5.86,5.29,5.53,16776
28-Dec-11,5.93,5.93,5.60,5.60,10971
27-Dec-11,5.55,5.83,5.53,5.76,1560
23-Dec-11,5.53,5.53,5.53,5.53,0
22-Dec-11,5.71,5.72,5.53,5.62,3320
21-Dec-11,5.65,5.86,5.65,5.69,2175
20-Dec-11,5.93,5.93,5.53,5.66,4160
19-Dec-11,5.58,5.65,5.53,5.53,2524
16-Dec-11,5.61,5.62,5.53,5.58,3432
15-Dec-11,5.61,5.72,5.47,5.62,2157
14-Dec-11,5.61,5.67,5.53,5.61,645
13-Dec-11,5.61,5.62,5.61,5.62,360
12-Dec-11,5.66,5.67,5.58,5.58,2962
9-Dec-11,5.59,5.59,5.58,5.58,520
8-Dec-11,5.95,5.96,5.58,5.58,4408
7-Dec-11,6.20,6.20,6.20,6.20,520
6-Dec-11,6.00,6.20,6.00,6.20,1040
5-Dec-11,5.77,6.63,5.77,6.24,3859
2-Dec-11,6.00,6.00,6.00,6.00,1169
1-Dec-11,5.77,5.77,5.70,5.77,1356
30-Nov-11,5.67,5.67,5.67,5.67,1215
29-Nov-11,5.68,5.68,5.68,5.68,104
28-Nov-11,5.85,5.85,5.85,5.85,0
25-Nov-11,6.00,6.00,6.00,6.00,0
23-Nov-11,5.77,5.77,5.77,5.77,0
22-Nov-11,5.69,5.69,5.69,5.69,0
21-Nov-11,5.94,5.94,5.94,5.94,0
18-Nov-11,6.00,6.00,6.00,6.00,0
17-Nov-11,6.01,6.01,5.97,5.97,208
16-Nov-11,6.04,6.04,6.04,6.04,0
14-Nov-11,5.82,5.82,5.82,5.82,0
11-Nov-11,5.70,5.94,5.67,5.85,2288
10-Nov-11,6.15,6.35,5.53,5.77,6289
9-Nov-11,6.14,6.60,6.14,6.25,387
8-Nov-11,5.99,6.50,5.98,6.50,756
7-Nov-11,5.45,6.09,5.45,6.06,5948
4-Nov-11,5.62,5.77,5.62,5.77,416
3-Nov-11,5.43,6.00,5.43,5.94,1456
1-Nov-11,5.64,5.64,5.64,5.64,0
31-Oct-11,5.77,5.77,5.43,5.43,5535
28-Oct-11,5.38,5.43,5.38,5.43,583
27-Oct-11,5.66,5.72,5.56,5.56,692
26-Oct-11,5.30,5.71,5.30,5.32,3381
25-Oct-11,6.68,6.68,5.29,5.29,21904
24-Oct-11,6.22,6.22,6.05,6.05,700
21-Oct-11,5.96,5.96,5.88,5.96,728
20-Oct-11,6.12,6.12,5.84,5.87,6760
19-Oct-11,5.92,5.96,5.84,5.89,3433
18-Oct-11,6.28,6.28,5.72,5.83,1461
17-Oct-11,6.04,6.35,6.04,6.12,865
14-Oct-11,6.43,6.68,5.88,6.11,1976
13-Oct-11,6.11,6.25,6.01,6.20,1040
12-Oct-11,6.49,6.49,6.20,6.20,3726
7-Oct-11,6.60,6.60,6.60,6.60,0
6-Oct-11,6.80,6.88,6.68,6.68,3847
5-Oct-11,6.87,6.88,6.73,6.81,1040
4-Oct-11,6.90,7.79,6.83,6.83,3056
3-Oct-11,6.75,7.05,6.75,6.91,5271
30-Sep-11,6.49,7.40,6.47,6.97,6005
29-Sep-11,6.68,6.68,6.59,6.59,312
