Date,Open,High,Low,Close,Volume
26-Sep-12,31.10,31.39,31.10,31.30,1730
25-Sep-12,31.29,31.68,30.96,31.10,2373
24-Sep-12,31.08,31.40,31.03,31.26,5102
21-Sep-12,31.39,31.45,31.45,31.45,159
20-Sep-12,31.58,31.25,31.17,31.25,600
19-Sep-12,31.50,31.70,31.50,31.66,2602
18-Sep-12,31.56,31.56,31.56,31.56,200
17-Sep-12,31.63,31.63,31.61,31.61,200
14-Sep-12,32.10,32.20,32.10,32.11,1517
13-Sep-12,31.31,31.31,31.31,31.31,300
12-Sep-12,30.92,31.00,30.86,31.00,1979
11-Sep-12,30.78,30.78,30.78,30.78,100
10-Sep-12,30.57,30.57,30.57,30.57,300
7-Sep-12,30.51,30.71,30.71,30.71,200
6-Sep-12,30.25,30.36,30.25,30.36,378
5-Sep-12,29.94,30.10,29.72,29.92,7770
4-Sep-12,29.74,29.96,29.74,29.77,1523
31-Aug-12,29.91,30.20,29.83,30.13,1593
30-Aug-12,30.04,30.04,29.63,29.86,10226
29-Aug-12,30.30,30.47,30.30,30.46,6593
28-Aug-12,30.01,30.30,30.01,30.30,2932
27-Aug-12,30.22,30.36,30.15,30.26,3353
24-Aug-12,30.37,30.40,30.30,30.30,1946
23-Aug-12,30.51,30.57,30.25,30.29,34793
22-Aug-12,30.17,30.45,30.15,30.36,89879
21-Aug-12,30.13,30.35,30.10,30.23,1260
20-Aug-12,30.35,30.49,30.16,30.16,2450
17-Aug-12,30.23,30.24,30.23,30.24,334
16-Aug-12,30.22,30.32,30.10,30.25,6534
15-Aug-12,30.00,30.18,30.00,30.02,13848
14-Aug-12,30.14,30.32,30.14,30.24,2907
13-Aug-12,30.57,30.57,30.13,30.48,3986
10-Aug-12,30.05,30.42,30.05,30.42,1718
9-Aug-12,30.56,30.56,30.22,30.23,724
8-Aug-12,30.34,30.54,30.03,30.18,2921
7-Aug-12,30.44,30.49,30.44,30.49,344
6-Aug-12,30.69,30.69,30.38,30.62,641
3-Aug-12,30.45,30.53,30.09,30.24,18979
2-Aug-12,29.72,29.84,29.63,29.84,2721
1-Aug-12,30.15,30.15,29.84,29.84,434
31-Jul-12,29.97,30.11,29.55,29.59,3314
30-Jul-12,29.90,30.00,29.81,29.81,3200
27-Jul-12,29.31,29.67,29.31,29.34,2385
26-Jul-12,28.86,29.08,28.86,29.08,2915
25-Jul-12,29.11,29.11,28.60,28.71,62874
24-Jul-12,28.90,28.90,28.54,28.54,2400
23-Jul-12,28.82,28.85,28.79,28.85,2000
20-Jul-12,29.60,29.60,29.60,29.60,0
19-Jul-12,29.64,29.64,29.64,29.64,252
18-Jul-12,29.40,29.60,29.37,29.60,1845
17-Jul-12,29.02,29.33,29.00,29.19,3300
16-Jul-12,28.94,28.99,28.54,28.99,1398
13-Jul-12,28.72,28.72,28.72,28.72,0
12-Jul-12,28.72,28.72,28.61,28.61,1500
11-Jul-12,28.68,28.93,28.67,28.93,6213
10-Jul-12,28.88,28.94,28.40,28.40,980
9-Jul-12,28.58,28.58,28.58,28.58,0
6-Jul-12,28.78,28.82,28.48,28.82,2136
5-Jul-12,28.55,29.09,28.55,29.04,38181
3-Jul-12,28.77,28.98,28.77,28.98,550
2-Jul-12,28.34,28.77,28.34,28.45,2706
29-Jun-12,28.21,28.26,28.21,28.26,429
28-Jun-12,27.52,27.84,27.52,27.83,1091
27-Jun-12,27.57,27.57,27.57,27.57,0
26-Jun-12,27.06,27.06,27.06,27.06,100
25-Jun-12,27.10,27.10,27.07,27.07,1500
22-Jun-12,26.99,27.38,26.98,27.38,878
21-Jun-12,27.76,27.76,27.01,27.01,29628
20-Jun-12,27.76,27.78,27.03,27.78,5000
19-Jun-12,28.04,28.17,27.79,28.17,5390
18-Jun-12,27.66,27.69,27.36,27.69,2489
15-Jun-12,27.23,27.50,27.08,27.50,2710
14-Jun-12,27.21,27.22,26.86,27.01,8239
13-Jun-12,27.08,27.20,26.89,26.89,5358
12-Jun-12,27.09,27.23,26.88,27.21,64101
11-Jun-12,27.06,27.06,26.64,26.68,14807
8-Jun-12,26.46,26.82,26.42,26.71,32180
7-Jun-12,27.27,27.37,26.91,26.91,36453
6-Jun-12,26.65,27.03,26.65,26.96,47909
5-Jun-12,25.76,26.08,25.76,26.04,17582
4-Jun-12,25.95,25.99,25.66,25.78,11125
1-Jun-12,26.06,26.35,26.06,26.25,5929
31-May-12,26.20,26.52,26.20,26.50,16856
30-May-12,26.55,26.55,26.11,26.29,13560
29-May-12,26.92,26.92,26.56,26.78,3663
25-May-12,26.00,26.00,26.00,26.00,0
24-May-12,26.08,26.08,25.76,26.00,2823
23-May-12,25.82,25.82,25.82,25.82,500
22-May-12,26.48,26.48,26.25,26.25,1600
21-May-12,26.24,26.44,26.16,26.27,1296
18-May-12,26.15,26.15,25.72,25.77,7396
17-May-12,26.48,26.48,26.48,26.48,400
16-May-12,26.71,26.72,26.33,26.33,7479
15-May-12,26.82,26.84,26.82,26.82,1400
14-May-12,27.13,27.13,26.82,26.82,4077
11-May-12,27.23,27.49,27.09,27.09,4600
10-May-12,27.90,27.90,27.90,27.90,0
9-May-12,27.90,27.90,27.90,27.90,0
8-May-12,27.61,27.61,27.61,27.61,400
7-May-12,28.05,28.19,27.84,28.19,6367
4-May-12,28.03,28.21,27.90,27.97,12141
3-May-12,28.55,28.55,28.31,28.43,16169
2-May-12,28.73,28.73,28.73,28.73,0
1-May-12,28.72,28.73,28.72,28.73,1800
30-Apr-12,28.63,28.64,28.63,28.63,900
27-Apr-12,28.77,28.77,28.77,28.77,0
26-Apr-12,28.77,28.84,28.51,28.84,2255
25-Apr-12,28.60,28.60,28.57,28.57,200
24-Apr-12,28.18,28.48,28.18,28.44,796
23-Apr-12,28.00,28.16,27.92,27.94,3757
20-Apr-12,28.38,28.38,28.37,28.37,856
19-Apr-12,28.33,28.35,28.19,28.20,23805
18-Apr-12,28.26,28.51,28.26,28.51,563
17-Apr-12,28.15,28.25,28.15,28.25,620
16-Apr-12,28.40,28.40,28.14,28.14,477
13-Apr-12,28.18,28.18,28.18,28.18,0
12-Apr-12,27.60,28.29,27.60,28.16,34910
11-Apr-12,27.72,28.02,27.67,27.83,39742
10-Apr-12,27.62,27.62,27.62,27.62,945
9-Apr-12,27.81,27.84,27.41,27.57,2253
5-Apr-12,27.76,28.06,27.76,28.04,1939
4-Apr-12,27.86,27.86,27.45,27.80,5014
3-Apr-12,28.17,28.20,27.96,27.96,2605
2-Apr-12,28.38,28.50,28.26,28.48,10411
30-Mar-12,28.25,28.32,28.25,28.25,2128
29-Mar-12,27.95,28.19,27.67,27.77,70610
28-Mar-12,28.54,28.55,28.30,28.35,3833
27-Mar-12,28.58,28.82,28.58,28.80,690
26-Mar-12,28.27,28.56,28.27,28.56,3714
23-Mar-12,28.02,28.29,27.96,27.99,8623
22-Mar-12,28.37,28.40,28.16,28.19,188845
20-Mar-12,29.20,29.27,29.17,29.17,1381
16-Mar-12,29.55,29.55,29.55,29.55,0
15-Mar-12,29.61,29.61,29.61,29.61,0
14-Mar-12,29.66,29.66,29.42,29.44,984
13-Mar-12,29.64,29.64,29.64,29.64,100
12-Mar-12,29.28,29.28,29.28,29.28,0
9-Mar-12,29.30,29.38,29.30,29.35,1263
8-Mar-12,29.28,29.61,29.28,29.61,17343
7-Mar-12,29.06,29.11,29.06,29.11,1516
6-Mar-12,28.84,28.84,28.84,28.84,0
5-Mar-12,29.78,29.78,29.46,29.65,11009
2-Mar-12,29.93,29.97,29.72,29.93,7352
1-Mar-12,29.73,29.78,29.57,29.72,99525
29-Feb-12,30.17,30.17,29.79,29.86,3966
28-Feb-12,29.84,30.20,29.83,30.10,2943
27-Feb-12,29.62,29.79,29.62,29.77,6584
24-Feb-12,29.63,30.08,29.63,29.91,34461
23-Feb-12,29.10,29.45,29.10,29.45,57633
22-Feb-12,28.95,29.23,28.95,29.23,1325
21-Feb-12,29.08,29.30,29.08,29.25,1440
17-Feb-12,29.31,29.31,29.31,29.31,0
16-Feb-12,28.88,29.14,28.87,29.14,25083
15-Feb-12,28.72,28.99,28.72,28.91,39511
14-Feb-12,28.20,28.20,28.00,28.17,1300
13-Feb-12,27.96,27.96,27.66,27.66,1304
10-Feb-12,27.97,27.97,27.42,27.84,1435
9-Feb-12,28.07,28.11,28.00,28.11,783
8-Feb-12,27.72,27.98,27.72,27.80,1494
7-Feb-12,27.64,27.64,27.64,27.64,0
6-Feb-12,27.63,27.73,27.50,27.73,6205
3-Feb-12,27.93,28.00,27.61,27.96,7795
2-Feb-12,27.66,27.66,27.66,27.66,300
1-Feb-12,27.63,27.63,27.63,27.63,0
30-Jan-12,27.10,27.10,27.10,27.10,0
26-Jan-12,27.21,27.21,27.21,27.21,0
25-Jan-12,26.95,27.10,26.86,27.10,1183
24-Jan-12,26.89,26.90,26.80,26.88,3830
23-Jan-12,27.08,27.14,26.88,26.94,10701
20-Jan-12,26.62,26.76,26.62,26.76,658
19-Jan-12,26.34,26.58,26.34,26.58,1700
18-Jan-12,25.82,26.10,25.82,26.02,1450
17-Jan-12,25.99,25.99,25.97,25.97,532
13-Jan-12,25.50,25.50,25.50,25.50,0
12-Jan-12,25.33,25.33,25.33,25.33,0
10-Jan-12,25.19,25.19,25.19,25.19,0
9-Jan-12,24.73,24.97,24.70,24.97,35395
6-Jan-12,24.64,24.90,24.64,24.68,750
5-Jan-12,24.75,24.98,24.41,24.86,42378
4-Jan-12,25.00,25.00,25.00,25.00,400
3-Jan-12,24.80,24.80,24.80,24.80,0
30-Dec-11,24.15,24.15,24.15,24.15,0
29-Dec-11,23.96,24.17,23.96,24.16,5071
28-Dec-11,24.23,24.29,24.10,24.10,1895
27-Dec-11,24.49,24.49,24.49,24.49,831
23-Dec-11,24.62,24.62,24.62,24.62,0
22-Dec-11,24.49,24.60,24.46,24.57,8312
21-Dec-11,24.12,24.37,24.02,24.23,14207
20-Dec-11,24.19,24.51,24.19,24.51,2250
19-Dec-11,23.90,24.12,23.90,24.00,1538
16-Dec-11,24.24,24.40,24.24,24.25,3485
15-Dec-11,24.43,24.43,24.43,24.43,900
14-Dec-11,24.22,24.22,24.22,24.22,0
13-Dec-11,24.58,24.82,24.52,24.52,629
12-Dec-11,24.46,24.59,24.40,24.59,3134
9-Dec-11,24.94,25.47,24.94,25.47,8075
8-Dec-11,25.57,25.57,25.10,25.12,435
7-Dec-11,25.32,25.62,25.32,25.52,1485
6-Dec-11,25.74,25.74,25.43,25.64,530
5-Dec-11,26.10,26.10,25.86,25.86,3595
2-Dec-11,25.76,25.76,25.50,25.50,5020
1-Dec-11,25.77,25.77,25.52,25.52,8283
30-Nov-11,25.49,25.85,25.39,25.82,2278
29-Nov-11,24.84,24.84,24.60,24.60,400
28-Nov-11,24.72,24.72,24.72,24.72,0
23-Nov-11,23.82,23.82,23.82,23.82,0
22-Nov-11,24.41,24.43,24.04,24.31,1114
21-Nov-11,24.40,24.40,23.91,24.16,2567
18-Nov-11,25.03,25.03,25.03,25.03,0
17-Nov-11,24.66,24.66,24.66,24.66,0
16-Nov-11,25.24,25.24,25.24,25.24,750
15-Nov-11,25.76,25.76,25.76,25.76,0
14-Nov-11,25.81,25.84,25.81,25.84,440
11-Nov-11,26.04,26.15,26.02,26.02,1162
10-Nov-11,25.52,25.52,25.52,25.52,0
9-Nov-11,26.07,26.19,25.60,25.60,14934
8-Nov-11,26.77,26.87,26.77,26.87,300
7-Nov-11,26.35,26.35,26.35,26.35,500
4-Nov-11,26.46,26.49,26.44,26.44,4510
3-Nov-11,26.38,26.67,26.38,26.67,2324
2-Nov-11,26.50,26.50,26.06,26.06,1667
1-Nov-11,26.08,26.08,26.08,26.08,0
31-Oct-11,27.10,27.10,26.68,26.87,5514
28-Oct-11,27.52,27.52,27.52,27.52,100
27-Oct-11,27.55,27.81,27.52,27.52,102744
26-Oct-11,25.87,26.17,25.70,26.17,2511
25-Oct-11,26.00,26.04,25.84,25.87,12518
24-Oct-11,26.44,26.50,26.28,26.28,300
21-Oct-11,25.78,25.78,25.56,25.68,2237
20-Oct-11,25.34,25.34,25.32,25.32,700
19-Oct-11,25.48,25.48,25.48,25.48,0
18-Oct-11,25.14,25.64,25.14,25.64,1760
17-Oct-11,25.64,25.64,25.64,25.64,0
14-Oct-11,25.98,26.05,25.98,25.98,300
13-Oct-11,25.41,25.70,25.41,25.70,1588
12-Oct-11,25.25,25.70,25.25,25.70,1182
11-Oct-11,24.47,24.77,24.47,24.77,4252
10-Oct-11,24.93,25.08,24.93,25.08,1303
7-Oct-11,24.43,24.43,24.43,24.43,200
6-Oct-11,23.30,23.30,23.30,23.30,0
5-Oct-11,23.49,23.59,23.49,23.59,300
4-Oct-11,23.30,23.30,23.30,23.30,0
3-Oct-11,23.17,23.28,22.95,22.98,3903
30-Sep-11,24.01,24.01,23.57,23.58,3568
29-Sep-11,24.53,24.58,24.28,24.28,1186
