Date,Open,High,Low,Close,Volume
26-Sep-12,28.61,28.69,28.61,28.69,704
25-Sep-12,28.99,28.99,28.52,28.52,380
24-Sep-12,28.75,28.81,28.75,28.81,240
21-Sep-12,29.11,29.11,29.11,29.11,100
20-Sep-12,29.00,29.00,29.00,29.00,1160
19-Sep-12,29.55,29.55,29.55,29.55,0
18-Sep-12,29.23,29.30,29.23,29.29,697
17-Sep-12,29.55,29.55,29.55,29.55,125
14-Sep-12,29.54,29.54,29.54,29.54,100
13-Sep-12,28.99,28.99,28.99,28.99,300
12-Sep-12,28.77,28.91,28.77,28.78,1046
11-Sep-12,28.53,28.53,28.53,28.53,100
10-Sep-12,28.59,28.59,28.59,28.59,1700
7-Sep-12,28.64,28.77,28.64,28.77,12259
6-Sep-12,28.19,28.29,28.19,28.29,3000
5-Sep-12,27.70,27.70,27.70,27.70,0
4-Sep-12,27.70,27.78,27.70,27.70,2412
31-Aug-12,28.18,28.18,27.71,27.71,648
30-Aug-12,27.70,27.71,27.70,27.70,2182
29-Aug-12,28.01,28.01,27.66,27.66,2451
28-Aug-12,27.59,27.59,27.59,27.59,0
27-Aug-12,27.59,28.07,27.59,28.02,987
24-Aug-12,27.80,27.80,27.70,27.70,1405
23-Aug-12,28.10,28.10,28.08,28.08,382
22-Aug-12,28.22,28.22,28.22,28.22,282
21-Aug-12,28.24,28.24,28.08,28.10,3000
20-Aug-12,27.79,27.79,27.79,27.79,300
17-Aug-12,28.21,28.21,28.21,28.21,0
16-Aug-12,28.01,28.21,28.01,28.15,4900
15-Aug-12,28.02,28.02,28.02,28.02,0
14-Aug-12,28.04,28.04,28.04,28.04,500
13-Aug-12,28.02,28.02,27.98,28.00,984
10-Aug-12,28.00,28.00,28.00,28.00,216
9-Aug-12,28.04,28.04,28.04,28.04,142
8-Aug-12,28.00,28.00,27.93,27.93,1242
7-Aug-12,28.18,28.18,28.18,28.18,300
6-Aug-12,28.11,28.11,27.95,28.00,20490
3-Aug-12,28.17,28.17,28.17,28.17,983
2-Aug-12,27.30,27.49,27.12,27.27,10184
1-Aug-12,27.50,27.60,27.25,27.25,23230
31-Jul-12,27.70,27.81,27.31,27.33,1783
30-Jul-12,27.73,27.73,27.73,27.73,0
27-Jul-12,27.82,27.82,27.82,27.82,120
26-Jul-12,26.42,26.42,26.42,26.42,0
25-Jul-12,26.42,26.42,26.42,26.42,0
24-Jul-12,26.42,26.42,26.42,26.42,0
23-Jul-12,26.42,26.42,26.42,26.42,1490
20-Jul-12,27.12,27.31,26.85,26.85,1449
19-Jul-12,27.02,27.67,27.00,27.67,32760
18-Jul-12,26.81,26.81,26.81,26.81,118
17-Jul-12,26.68,27.00,26.68,26.99,834
16-Jul-12,26.89,27.46,26.89,27.46,349
13-Jul-12,26.34,26.34,26.34,26.34,0
12-Jul-12,26.63,26.65,26.63,26.65,331
11-Jul-12,26.41,26.41,26.36,26.36,350
10-Jul-12,26.34,26.34,26.34,26.34,0
9-Jul-12,26.34,26.94,26.22,26.22,913
6-Jul-12,27.01,27.01,26.50,26.96,2909
5-Jul-12,26.26,26.87,25.99,26.45,1439
3-Jul-12,27.00,27.00,27.00,27.00,100
2-Jul-12,26.55,26.55,26.55,26.55,700
29-Jun-12,26.41,27.12,26.17,27.12,410
28-Jun-12,25.50,25.85,25.50,25.85,200
27-Jun-12,25.56,25.95,25.49,25.61,14278
26-Jun-12,25.76,25.76,25.76,25.76,0
25-Jun-12,25.76,25.76,25.76,25.76,0
22-Jun-12,25.39,25.39,25.39,25.39,0
21-Jun-12,25.43,25.96,25.18,25.96,7501
20-Jun-12,26.11,26.16,26.11,26.16,400
19-Jun-12,26.06,26.06,26.06,26.06,0
18-Jun-12,26.06,26.06,26.06,26.06,400
15-Jun-12,26.11,26.11,26.11,26.11,744
14-Jun-12,26.49,26.49,26.49,26.49,185
13-Jun-12,25.64,25.64,25.64,25.64,0
12-Jun-12,25.46,25.50,25.46,25.50,260
11-Jun-12,26.11,26.11,25.68,25.68,322
8-Jun-12,26.01,26.01,26.01,26.01,125
7-Jun-12,27.09,27.09,26.12,26.18,19936
6-Jun-12,27.00,27.03,26.41,26.41,599
5-Jun-12,25.91,26.26,25.91,26.26,953
4-Jun-12,25.46,25.46,25.46,25.46,173
1-Jun-12,25.90,26.01,25.20,25.79,4308
31-May-12,26.40,26.67,26.05,26.55,1200
30-May-12,26.57,26.85,25.75,26.45,18177
29-May-12,27.16,27.18,26.70,27.10,10999
25-May-12,26.84,27.12,26.84,27.04,2416
24-May-12,26.96,26.96,26.96,26.96,454
23-May-12,27.08,27.08,27.08,27.08,0
22-May-12,27.30,27.30,27.02,27.02,942
21-May-12,27.07,27.08,26.98,26.98,9020
18-May-12,26.82,26.82,26.72,26.72,661
17-May-12,26.85,26.87,26.85,26.87,2692
16-May-12,27.52,27.52,26.50,26.92,2555
15-May-12,27.00,27.29,27.00,27.02,1330
14-May-12,27.26,27.27,27.26,27.26,400
11-May-12,27.38,27.65,27.38,27.65,400
10-May-12,27.50,27.86,27.42,27.45,1793
9-May-12,27.19,27.67,26.95,27.67,2200
8-May-12,27.42,27.56,27.42,27.56,290
7-May-12,28.31,28.31,28.26,28.26,625
4-May-12,28.01,28.01,27.92,27.92,415
3-May-12,28.28,28.39,27.87,28.38,1233
2-May-12,27.65,28.40,27.65,28.15,2525
1-May-12,28.24,28.79,28.24,28.68,2191
30-Apr-12,27.66,27.66,27.66,27.66,125
27-Apr-12,28.34,28.36,28.34,28.36,347
26-Apr-12,28.06,28.06,27.94,28.02,600
25-Apr-12,27.68,28.00,27.63,27.99,23474
24-Apr-12,27.95,27.95,27.35,27.59,3483
23-Apr-12,26.84,27.29,26.84,27.16,4591
20-Apr-12,27.77,27.77,27.77,27.77,456
19-Apr-12,27.62,27.63,27.18,27.44,1607
18-Apr-12,27.68,27.68,27.68,27.68,148
17-Apr-12,27.13,27.50,27.13,27.50,5461
16-Apr-12,26.90,27.20,26.90,27.20,1000
13-Apr-12,27.16,27.16,27.16,27.16,3875
12-Apr-12,27.28,27.55,27.28,27.55,1700
11-Apr-12,26.96,27.14,26.94,27.14,3679
10-Apr-12,26.81,26.81,26.77,26.77,631
9-Apr-12,26.95,27.10,26.82,27.08,1616
5-Apr-12,27.11,27.19,27.01,27.01,51844
4-Apr-12,27.31,27.31,27.14,27.20,1206
3-Apr-12,27.78,27.79,27.78,27.79,400
2-Apr-12,27.94,28.20,27.84,28.20,848
30-Mar-12,27.80,28.10,27.80,28.10,2346
29-Mar-12,27.41,27.65,27.38,27.62,15472
28-Mar-12,28.06,28.06,27.74,27.74,2244
27-Mar-12,28.26,28.48,28.26,28.35,947
26-Mar-12,28.26,28.26,28.12,28.12,2394
23-Mar-12,27.84,27.84,27.61,27.83,6569
22-Mar-12,28.19,28.19,28.00,28.00,2364
20-Mar-12,28.49,28.51,28.49,28.51,424
19-Mar-12,28.55,28.76,28.41,28.74,3009
16-Mar-12,28.54,28.64,28.54,28.64,5600
15-Mar-12,27.78,28.10,27.78,28.10,3101
14-Mar-12,27.95,27.98,27.95,27.98,604
13-Mar-12,27.79,27.98,27.79,27.95,2072
12-Mar-12,27.64,27.64,27.64,27.64,0
9-Mar-12,27.43,27.43,27.25,27.26,14252
8-Mar-12,27.05,27.05,27.05,27.05,0
7-Mar-12,26.44,26.44,26.39,26.39,300
6-Mar-12,26.56,26.56,25.96,25.96,7467
5-Mar-12,27.28,27.28,27.14,27.19,2930
2-Mar-12,27.25,27.28,27.12,27.27,2952
1-Mar-12,27.20,27.20,27.20,27.20,100
29-Feb-12,27.16,27.16,27.16,27.16,550
27-Feb-12,26.94,26.94,26.94,26.94,0
24-Feb-12,27.10,27.34,27.10,27.34,2137
23-Feb-12,26.67,26.75,26.67,26.75,935
22-Feb-12,26.54,26.68,26.54,26.68,2775
21-Feb-12,26.76,26.99,26.76,26.99,466
17-Feb-12,26.97,26.97,26.97,26.97,0
16-Feb-12,26.50,26.92,26.43,26.88,1750
15-Feb-12,26.59,26.68,26.59,26.64,9371
14-Feb-12,26.85,26.89,26.64,26.67,2139
13-Feb-12,26.96,27.35,26.96,27.24,2385
10-Feb-12,27.12,27.60,27.03,27.03,1605
9-Feb-12,27.66,27.66,27.63,27.63,964
8-Feb-12,27.24,27.57,27.24,27.57,1709
7-Feb-12,27.17,27.29,27.16,27.25,2100
6-Feb-12,27.03,27.24,27.03,27.16,1793
3-Feb-12,27.16,27.16,26.91,27.13,3002
2-Feb-12,26.98,26.98,26.98,26.98,0
1-Feb-12,27.12,27.12,27.12,27.12,220
30-Jan-12,26.42,26.42,26.42,26.42,0
27-Jan-12,26.76,26.76,26.52,26.52,875
25-Jan-12,26.46,26.46,26.46,26.46,0
24-Jan-12,26.02,26.10,25.89,25.89,1735
23-Jan-12,26.54,26.54,26.20,26.20,2125
20-Jan-12,26.11,26.14,26.11,26.12,540
19-Jan-12,25.27,25.75,25.14,25.68,1607
18-Jan-12,24.82,24.92,24.76,24.76,7594
17-Jan-12,24.34,24.59,24.34,24.57,5100
13-Jan-12,24.22,24.22,24.22,24.22,0
12-Jan-12,24.37,24.70,24.37,24.66,598
11-Jan-12,24.10,24.29,24.10,24.29,531
10-Jan-12,24.32,24.32,24.32,24.32,227
9-Jan-12,23.68,23.87,23.68,23.83,380
5-Jan-12,24.49,24.49,24.49,24.49,0
4-Jan-12,25.09,25.09,25.09,25.09,0
3-Jan-12,25.18,25.18,25.18,25.18,0
30-Dec-11,24.69,24.69,24.69,24.69,0
29-Dec-11,24.33,24.57,24.33,24.57,473
27-Dec-11,24.35,24.35,24.35,24.35,0
23-Dec-11,24.44,24.44,24.44,24.44,0
22-Dec-11,24.49,24.51,24.49,24.51,1123
21-Dec-11,24.27,24.27,24.27,24.27,340
20-Dec-11,24.00,24.00,24.00,24.00,0
19-Dec-11,23.47,23.59,23.46,23.46,1579
16-Dec-11,23.78,23.78,23.78,23.78,140
15-Dec-11,23.92,23.92,23.92,23.92,125
14-Dec-11,23.62,23.62,23.62,23.62,0
13-Dec-11,24.08,24.32,23.92,23.92,4865
12-Dec-11,24.99,24.99,24.53,24.53,972
9-Dec-11,25.58,25.65,25.45,25.65,3710
8-Dec-11,25.54,25.54,25.19,25.19,1700
7-Dec-11,26.00,26.25,26.00,26.09,853
6-Dec-11,26.09,26.30,26.09,26.26,4012
5-Dec-11,26.12,26.12,25.91,26.07,855
2-Dec-11,26.35,26.35,26.35,26.35,0
1-Dec-11,26.29,26.41,26.22,26.36,3210
30-Nov-11,25.72,26.41,25.72,26.41,809
29-Nov-11,24.76,25.11,24.68,25.11,4000
28-Nov-11,24.89,24.91,24.67,24.91,1435
25-Nov-11,23.69,23.69,23.61,23.61,200
23-Nov-11,23.96,23.96,23.96,23.96,0
22-Nov-11,24.77,24.77,24.77,24.77,0
21-Nov-11,24.87,24.87,24.65,24.69,855
18-Nov-11,25.47,25.54,25.26,25.26,19603
17-Nov-11,25.38,25.38,24.90,24.90,1080
16-Nov-11,26.11,26.11,25.82,25.82,1907
15-Nov-11,26.28,26.34,26.28,26.34,1750
14-Nov-11,26.97,26.97,26.97,26.97,0
11-Nov-11,27.24,27.44,27.23,27.44,1949
10-Nov-11,26.78,26.83,26.75,26.83,2252
9-Nov-11,27.18,27.18,27.18,27.18,0
8-Nov-11,27.72,28.24,27.72,28.24,800
7-Nov-11,27.18,27.44,27.11,27.32,2805
4-Nov-11,27.75,27.75,27.61,27.61,1150
3-Nov-11,27.75,27.75,27.75,27.75,0
2-Nov-11,27.36,27.36,27.36,27.36,0
1-Nov-11,27.11,27.47,27.01,27.06,1415
31-Oct-11,28.59,28.81,28.59,28.68,715
28-Oct-11,29.30,29.30,29.30,29.30,2000
27-Oct-11,29.00,29.43,28.90,29.31,32091
26-Oct-11,27.80,28.00,27.46,27.89,1838
24-Oct-11,28.24,28.24,28.24,28.24,0
21-Oct-11,28.16,28.16,27.84,28.16,3864
20-Oct-11,27.08,27.08,27.08,27.08,0
19-Oct-11,27.86,27.86,27.43,27.43,1425
18-Oct-11,28.07,28.07,28.07,28.07,0
17-Oct-11,28.08,28.08,28.04,28.04,680
13-Oct-11,27.83,27.83,27.83,27.83,0
12-Oct-11,28.09,28.09,28.09,28.09,0
10-Oct-11,27.52,27.52,27.52,27.52,0
7-Oct-11,26.77,26.77,26.77,26.77,0
6-Oct-11,25.79,26.54,25.79,26.54,1386
4-Oct-11,24.65,24.65,24.65,24.65,0
3-Oct-11,24.86,24.86,24.86,24.86,0
30-Sep-11,25.85,25.85,25.82,25.84,1410
29-Sep-11,26.78,26.78,26.78,26.78,0
