Date,Open,High,Low,Close,Volume
26-Sep-12,23.26,23.44,22.50,22.96,290684
25-Sep-12,23.50,24.00,23.07,23.15,290862
24-Sep-12,23.10,23.88,23.03,23.35,166868
21-Sep-12,22.99,23.67,22.87,23.60,192758
20-Sep-12,22.62,22.81,22.30,22.73,63016
19-Sep-12,22.13,22.85,22.05,22.73,96276
18-Sep-12,21.04,22.13,21.04,22.10,77524
17-Sep-12,20.70,21.18,20.70,21.13,86641
14-Sep-12,20.35,21.17,20.35,20.69,93563
13-Sep-12,20.53,20.81,20.17,20.32,163699
12-Sep-12,19.26,21.51,19.21,20.72,213347
11-Sep-12,18.22,19.17,18.22,19.08,77310
10-Sep-12,18.12,18.34,17.94,18.29,54894
7-Sep-12,17.64,18.31,17.64,18.29,223024
6-Sep-12,17.57,17.89,17.36,17.87,301459
5-Sep-12,17.52,18.47,17.10,17.46,441630
4-Sep-12,18.21,18.53,17.95,18.49,235117
31-Aug-12,17.92,18.27,17.32,18.16,686897
30-Aug-12,17.85,17.94,17.59,17.78,165388
29-Aug-12,18.21,18.50,17.99,18.07,188013
28-Aug-12,17.86,18.25,17.68,18.23,216820
27-Aug-12,17.53,17.85,17.41,17.83,198211
24-Aug-12,17.65,17.83,17.40,17.48,429214
23-Aug-12,17.67,17.83,17.47,17.78,100905
22-Aug-12,17.71,18.00,17.61,17.74,133900
21-Aug-12,17.74,18.20,17.47,17.77,391098
20-Aug-12,17.26,17.72,17.02,17.65,320587
17-Aug-12,17.26,17.33,17.00,17.25,223513
16-Aug-12,16.96,17.57,16.64,17.30,181145
15-Aug-12,16.47,17.12,16.41,17.05,248808
14-Aug-12,15.95,16.60,15.60,16.57,382755
13-Aug-12,14.95,15.88,14.88,15.79,386337
10-Aug-12,15.63,15.80,15.20,15.50,363907
9-Aug-12,15.16,16.06,14.84,15.88,1592040
8-Aug-12,15.24,15.39,14.59,15.16,327967
7-Aug-12,16.42,16.42,14.91,15.36,430398
6-Aug-12,16.83,17.34,16.66,16.68,182235
3-Aug-12,16.79,17.24,16.60,16.77,167358
2-Aug-12,16.80,16.82,16.16,16.53,235644
1-Aug-12,17.53,17.61,16.85,16.97,297425
31-Jul-12,17.50,17.66,17.03,17.46,255042
30-Jul-12,18.23,18.23,17.38,17.83,261800
27-Jul-12,16.54,18.37,16.54,18.22,418752
26-Jul-12,16.60,16.98,16.40,16.57,232297
25-Jul-12,16.05,16.48,16.05,16.34,231342
24-Jul-12,15.85,16.15,15.66,15.99,225926
23-Jul-12,15.31,16.00,14.93,15.85,451455
20-Jul-12,16.24,16.24,15.54,15.68,707402
19-Jul-12,16.21,16.55,15.70,16.48,375728
18-Jul-12,14.41,16.71,14.25,16.39,769606
17-Jul-12,15.28,15.28,14.39,14.69,267942
16-Jul-12,15.45,15.56,15.05,15.28,161919
13-Jul-12,15.84,16.15,15.70,15.75,85656
12-Jul-12,15.90,16.20,15.76,15.84,140737
11-Jul-12,16.03,16.16,15.58,16.09,207098
10-Jul-12,16.18,16.44,15.99,16.01,223411
9-Jul-12,15.50,16.20,15.25,15.99,242817
6-Jul-12,15.02,15.90,14.97,15.54,233652
5-Jul-12,14.38,15.35,14.33,15.21,259475
3-Jul-12,13.95,14.50,13.80,14.37,192291
2-Jul-12,13.54,14.00,13.45,14.00,194919
29-Jun-12,13.70,13.85,13.52,13.56,204788
28-Jun-12,13.35,13.56,13.20,13.40,207439
27-Jun-12,13.48,13.83,13.37,13.43,139184
26-Jun-12,13.30,13.57,13.08,13.40,253228
25-Jun-12,12.99,13.27,12.85,13.16,131961
22-Jun-12,13.03,13.30,12.88,13.22,150390
21-Jun-12,12.94,13.31,12.90,12.99,145758
20-Jun-12,12.83,13.02,12.71,12.92,157646
19-Jun-12,12.84,13.03,12.60,12.88,248153
18-Jun-12,11.39,13.48,11.02,12.86,1772381
15-Jun-12,13.40,14.15,13.35,13.88,442384
14-Jun-12,13.08,13.59,13.06,13.45,189955
13-Jun-12,13.11,13.23,12.88,13.05,194774
12-Jun-12,12.47,13.13,12.32,13.12,131680
11-Jun-12,12.84,12.84,12.37,12.37,72860
8-Jun-12,12.30,12.74,12.08,12.68,72260
7-Jun-12,12.35,12.65,12.25,12.35,90135
6-Jun-12,11.92,12.24,11.92,12.22,84986
5-Jun-12,11.86,12.05,11.67,11.84,97693
4-Jun-12,11.98,12.17,11.71,11.91,184052
1-Jun-12,12.68,12.68,11.74,11.95,383986
31-May-12,12.56,13.20,12.37,13.01,303414
30-May-12,12.83,13.00,12.47,12.57,177016
29-May-12,12.86,13.00,12.76,13.00,337050
25-May-12,12.40,12.81,12.21,12.73,113634
24-May-12,11.93,12.65,11.81,12.47,353901
23-May-12,12.27,12.27,11.76,11.93,211764
22-May-12,12.24,12.69,12.19,12.40,142363
21-May-12,12.49,12.49,12.17,12.24,151868
18-May-12,12.35,12.57,12.23,12.45,487876
17-May-12,12.93,12.97,12.31,12.47,187775
16-May-12,13.48,13.50,12.92,12.94,108530
15-May-12,13.53,13.67,13.42,13.55,108615
14-May-12,13.04,13.59,13.01,13.56,199021
11-May-12,13.00,13.30,12.81,13.05,384758
10-May-12,13.35,13.75,13.29,13.59,241233
9-May-12,13.05,13.47,12.80,13.24,208687
8-May-12,13.01,13.44,12.96,13.31,100261
7-May-12,12.60,13.25,12.55,13.17,75778
4-May-12,12.93,12.93,12.50,12.69,96866
3-May-12,13.20,13.28,12.75,13.01,77854
2-May-12,13.16,13.32,13.01,13.19,89047
1-May-12,13.57,13.75,13.20,13.21,191297
30-Apr-12,13.34,13.61,12.71,13.50,157607
27-Apr-12,13.01,13.53,12.96,13.32,273259
26-Apr-12,12.67,13.19,12.65,12.98,300737
25-Apr-12,12.75,13.00,12.62,12.70,123890
24-Apr-12,12.87,12.99,12.25,12.53,415122
23-Apr-12,12.81,12.97,12.60,12.90,174080
20-Apr-12,12.98,13.11,12.68,13.08,171066
19-Apr-12,12.69,12.90,12.46,12.58,175180
18-Apr-12,12.63,12.92,12.48,12.63,207343
17-Apr-12,12.57,12.90,12.51,12.73,123527
16-Apr-12,13.08,13.18,12.67,12.68,59189
13-Apr-12,13.13,13.14,12.81,13.00,122232
12-Apr-12,12.87,13.13,12.79,13.10,140961
11-Apr-12,12.61,13.12,12.61,12.91,121842
10-Apr-12,12.49,12.69,12.11,12.44,189907
9-Apr-12,12.30,12.52,12.19,12.50,86805
5-Apr-12,12.25,12.72,12.21,12.56,88750
4-Apr-12,12.16,12.35,12.02,12.30,83449
3-Apr-12,12.38,12.55,12.20,12.34,88725
2-Apr-12,11.94,12.50,11.84,12.50,99784
30-Mar-12,12.20,12.20,11.81,11.96,342046
29-Mar-12,12.02,12.26,11.78,12.08,153121
28-Mar-12,11.68,12.36,11.43,12.07,1361726
27-Mar-12,12.18,12.40,11.67,11.73,206113
26-Mar-12,12.16,12.34,11.88,12.16,925574
23-Mar-12,11.35,12.02,11.31,12.02,343598
22-Mar-12,10.39,11.27,10.35,11.21,181707
21-Mar-12,10.29,10.52,10.16,10.51,181186
20-Mar-12,10.18,10.36,9.70,10.20,217253
19-Mar-12,10.17,10.27,10.05,10.26,117958
16-Mar-12,9.87,10.10,9.85,10.00,151491
15-Mar-12,9.48,10.08,9.48,9.86,109970
14-Mar-12,8.63,10.21,8.63,10.08,186926
13-Mar-12,9.36,9.42,8.88,9.41,172075
12-Mar-12,8.80,9.23,8.80,9.22,842779
9-Mar-12,8.87,9.00,8.74,8.79,71267
8-Mar-12,8.65,8.88,8.61,8.87,145525
7-Mar-12,8.05,8.66,7.98,8.59,262247
6-Mar-12,8.26,8.26,7.83,7.97,85641
5-Mar-12,8.10,8.39,8.10,8.38,57776
2-Mar-12,8.20,8.42,8.01,8.12,112477
1-Mar-12,8.19,8.35,7.95,8.23,111205
29-Feb-12,8.01,8.21,7.79,8.15,213662
28-Feb-12,7.33,8.07,7.25,8.01,198576
27-Feb-12,7.01,7.38,6.91,7.25,253331
24-Feb-12,7.12,7.13,6.87,7.10,87779
23-Feb-12,6.33,7.16,6.32,7.15,181056
22-Feb-12,6.31,6.37,6.13,6.31,75570
21-Feb-12,6.31,6.36,6.22,6.32,79507
17-Feb-12,6.28,6.36,6.10,6.25,70284
16-Feb-12,6.00,6.28,6.00,6.23,43774
15-Feb-12,6.13,6.13,5.96,6.02,52300
14-Feb-12,6.22,6.37,6.04,6.08,44231
13-Feb-12,6.27,6.29,6.00,6.27,80183
10-Feb-12,6.29,6.44,6.12,6.17,101810
9-Feb-12,6.40,6.40,6.40,6.40,0
8-Feb-12,6.41,6.52,6.18,6.41,76219
7-Feb-12,6.68,6.68,6.68,6.68,0
6-Feb-12,6.92,6.93,6.49,6.83,127161
3-Feb-12,6.57,6.95,6.48,6.95,178003
2-Feb-12,6.12,6.49,6.09,6.46,210773
1-Feb-12,6.15,6.15,6.00,6.12,184129
31-Jan-12,6.09,6.18,6.00,6.08,252163
30-Jan-12,5.98,6.05,5.50,6.03,386585
27-Jan-12,6.12,6.12,6.12,6.12,0
26-Jan-12,10.11,10.18,9.65,9.95,55198
25-Jan-12,9.91,10.03,9.72,10.01,92874
24-Jan-12,9.85,9.98,9.67,9.93,45943
23-Jan-12,9.87,9.87,9.87,9.87,0
20-Jan-12,9.89,10.01,9.67,9.97,47432
19-Jan-12,9.51,9.95,9.51,9.92,35068
18-Jan-12,9.11,9.50,9.08,9.49,26394
17-Jan-12,9.08,9.18,8.97,9.12,61370
13-Jan-12,8.99,8.99,8.99,8.99,0
12-Jan-12,9.00,9.00,9.00,9.00,0
11-Jan-12,8.89,9.07,8.62,8.81,48002
10-Jan-12,8.07,8.94,8.07,8.91,57408
9-Jan-12,7.96,7.96,7.96,7.96,0
6-Jan-12,8.06,8.06,7.77,7.90,16565
5-Jan-12,7.99,7.99,7.99,7.99,0
4-Jan-12,8.90,9.09,8.23,8.31,33542
3-Jan-12,8.85,9.12,8.80,8.98,68542
30-Dec-11,8.84,8.84,8.84,8.84,0
29-Dec-11,8.65,9.09,8.56,8.84,46301
28-Dec-11,8.59,8.59,8.59,8.59,0
27-Dec-11,8.77,9.01,8.77,8.99,18430
23-Dec-11,8.76,8.76,8.76,8.76,0
22-Dec-11,9.08,9.10,8.93,9.01,24498
21-Dec-11,8.96,8.96,8.96,8.96,0
20-Dec-11,9.30,9.30,9.30,9.30,0
19-Dec-11,9.49,10.00,9.03,9.04,32258
16-Dec-11,9.87,9.99,9.40,9.50,123277
15-Dec-11,9.97,9.97,9.64,9.75,39836
14-Dec-11,9.41,9.89,9.11,9.83,100767
13-Dec-11,9.88,9.88,9.39,9.51,29691
12-Dec-11,9.81,9.81,9.81,9.81,0
9-Dec-11,8.83,9.85,8.83,9.78,76212
8-Dec-11,9.55,9.55,8.72,8.84,74695
7-Dec-11,9.56,9.56,9.56,9.56,0
6-Dec-11,9.41,9.86,9.41,9.69,196533
5-Dec-11,9.75,9.75,9.26,9.52,86615
2-Dec-11,9.41,9.41,9.41,9.41,0
1-Dec-11,9.08,9.28,8.82,9.14,83876
30-Nov-11,8.19,9.17,8.03,9.13,122898
29-Nov-11,7.91,7.94,7.52,7.90,93099
28-Nov-11,6.76,7.99,6.76,7.85,59191
25-Nov-11,6.86,7.06,6.50,6.50,60263
23-Nov-11,6.87,6.87,6.87,6.87,0
22-Nov-11,7.98,7.98,7.40,7.40,50146
21-Nov-11,8.03,8.20,7.88,8.00,33043
18-Nov-11,8.67,8.71,7.99,8.24,44274
17-Nov-11,8.59,8.75,8.43,8.67,56975
16-Nov-11,8.58,8.84,8.53,8.61,74752
15-Nov-11,8.19,8.74,7.97,8.68,44464
14-Nov-11,8.19,8.32,7.93,8.24,52627
11-Nov-11,7.88,8.25,7.80,8.22,50581
10-Nov-11,7.77,8.14,7.61,7.78,45368
9-Nov-11,8.04,8.35,7.67,7.67,54595
8-Nov-11,7.94,8.34,7.79,8.26,54608
7-Nov-11,7.54,7.98,7.40,7.82,43760
4-Nov-11,7.88,7.88,7.42,7.53,56271
3-Nov-11,7.50,8.01,7.25,7.96,48823
2-Nov-11,7.29,7.69,7.29,7.55,51124
1-Nov-11,7.37,7.57,7.07,7.17,84065
31-Oct-11,7.75,7.79,7.52,7.57,70971
28-Oct-11,8.14,8.28,7.83,7.88,61796
27-Oct-11,7.52,8.27,7.29,8.23,115783
26-Oct-11,7.13,7.42,6.92,7.34,68476
25-Oct-11,7.23,7.32,6.98,7.04,47319
24-Oct-11,7.25,7.41,7.15,7.35,63776
21-Oct-11,7.38,7.38,7.10,7.24,66940
20-Oct-11,7.17,7.33,7.02,7.25,46413
19-Oct-11,7.20,7.28,6.98,7.00,47185
18-Oct-11,6.98,7.34,6.86,7.20,80220
17-Oct-11,7.10,7.10,6.90,6.93,77316
14-Oct-11,7.07,7.23,6.91,7.16,57038
13-Oct-11,7.18,7.19,6.88,7.00,42425
12-Oct-11,7.14,7.22,7.07,7.20,49108
11-Oct-11,7.12,7.23,6.88,7.07,54989
10-Oct-11,7.02,7.20,6.70,7.19,74687
7-Oct-11,6.98,7.09,6.72,6.91,85828
6-Oct-11,7.09,7.10,6.95,7.06,75473
5-Oct-11,7.41,7.41,6.88,7.06,179407
4-Oct-11,6.68,7.41,6.52,7.36,109138
3-Oct-11,6.98,7.25,6.70,6.70,69641
30-Sep-11,6.25,7.08,6.25,7.05,80620
29-Sep-11,6.79,6.79,6.11,6.34,39287
