Date,Open,High,Low,Close,Volume
26-Sep-12,2.65,2.75,2.60,2.70,2687
25-Sep-12,2.71,3.04,2.69,2.71,4600
24-Sep-12,2.72,2.72,2.65,2.69,2378
21-Sep-12,2.71,2.80,2.70,2.80,9450
20-Sep-12,2.77,2.77,2.76,2.76,900
19-Sep-12,2.80,2.80,2.76,2.76,882
18-Sep-12,2.80,2.80,2.74,2.80,3359
17-Sep-12,2.70,2.75,2.70,2.75,2399
14-Sep-12,2.83,2.90,2.77,2.77,1000
13-Sep-12,2.87,2.87,2.82,2.82,3500
12-Sep-12,2.80,2.80,2.76,2.79,1200
11-Sep-12,2.65,3.03,2.65,3.03,5421
10-Sep-12,2.66,2.67,2.66,2.67,1900
7-Sep-12,2.63,2.63,2.60,2.63,700
6-Sep-12,2.56,2.69,2.56,2.61,30806
5-Sep-12,2.58,2.58,2.56,2.56,1770
4-Sep-12,2.64,2.70,2.57,2.57,4955
31-Aug-12,2.61,2.72,2.60,2.62,24652
30-Aug-12,2.55,2.64,2.55,2.64,5119
29-Aug-12,2.56,2.62,2.56,2.60,15686
28-Aug-12,2.56,2.56,2.55,2.56,8437
27-Aug-12,2.58,2.58,2.55,2.56,2678
24-Aug-12,2.62,2.65,2.60,2.60,2220
23-Aug-12,2.56,2.61,2.51,2.55,12556
22-Aug-12,2.55,2.65,2.55,2.56,7100
21-Aug-12,2.64,2.64,2.57,2.59,2948
20-Aug-12,2.65,2.66,2.65,2.66,13800
17-Aug-12,2.65,2.66,2.63,2.66,12929
16-Aug-12,2.70,2.73,2.59,2.60,12918
15-Aug-12,2.72,2.74,2.66,2.69,12358
14-Aug-12,2.80,2.85,2.66,2.68,4866
13-Aug-12,2.68,2.69,2.68,2.69,800
10-Aug-12,2.60,2.68,2.55,2.68,7700
9-Aug-12,2.65,2.66,2.50,2.64,30336
8-Aug-12,2.75,2.80,2.65,2.65,39541
7-Aug-12,2.81,2.82,2.70,2.74,31685
6-Aug-12,2.81,2.98,2.80,2.82,29911
3-Aug-12,2.97,2.97,2.81,2.88,24535
2-Aug-12,2.94,3.07,2.28,2.97,81335
1-Aug-12,3.35,3.35,3.30,3.30,14095
31-Jul-12,3.44,3.44,3.32,3.33,48932
30-Jul-12,3.42,3.45,3.33,3.45,1532
27-Jul-12,3.31,3.44,3.31,3.41,11616
26-Jul-12,3.38,3.38,3.28,3.33,7629
25-Jul-12,3.30,3.40,3.30,3.40,33896
24-Jul-12,3.30,3.30,3.20,3.29,3929
23-Jul-12,3.27,3.33,3.21,3.32,16477
20-Jul-12,3.26,3.48,3.26,3.28,5500
19-Jul-12,3.46,3.47,3.27,3.35,12894
18-Jul-12,3.48,3.50,3.34,3.49,36775
17-Jul-12,3.45,3.45,3.33,3.37,13725
16-Jul-12,3.36,3.50,3.27,3.40,7005
13-Jul-12,3.37,3.42,3.20,3.39,29443
12-Jul-12,3.34,3.48,3.34,3.42,17102
11-Jul-12,3.22,3.46,3.22,3.40,24069
10-Jul-12,3.50,3.58,3.35,3.41,62446
9-Jul-12,3.45,3.64,3.36,3.45,36981
6-Jul-12,3.30,3.53,3.30,3.53,7411
5-Jul-12,3.51,3.52,3.37,3.41,8765
3-Jul-12,3.35,3.55,3.28,3.51,16036
2-Jul-12,3.36,3.54,3.35,3.35,3832
29-Jun-12,3.30,3.39,3.24,3.39,19328
28-Jun-12,3.22,3.33,3.17,3.25,11608
27-Jun-12,3.18,3.30,3.17,3.18,29971
26-Jun-12,3.30,3.30,3.21,3.27,1400
25-Jun-12,3.26,3.33,3.20,3.33,4356
22-Jun-12,3.32,3.35,3.32,3.35,5660
21-Jun-12,3.34,3.34,3.20,3.32,3916
20-Jun-12,3.22,3.30,3.21,3.30,13703
19-Jun-12,3.24,3.25,3.22,3.25,3759
18-Jun-12,3.17,3.26,3.14,3.25,9813
15-Jun-12,3.13,3.21,3.13,3.17,10116
14-Jun-12,3.32,3.36,3.13,3.22,23075
13-Jun-12,3.54,3.55,3.30,3.36,20463
12-Jun-12,3.41,3.53,3.40,3.51,23368
11-Jun-12,3.40,3.40,3.40,3.40,0
8-Jun-12,3.41,3.49,3.31,3.40,8442
7-Jun-12,3.50,3.50,3.34,3.44,16818
6-Jun-12,3.58,3.60,3.43,3.50,10400
5-Jun-12,3.36,3.59,3.14,3.57,29524
4-Jun-12,3.47,3.50,3.37,3.37,22877
1-Jun-12,3.36,3.52,3.36,3.51,27253
31-May-12,3.31,3.36,3.21,3.36,10928
30-May-12,3.22,3.31,3.20,3.31,17008
29-May-12,3.44,3.44,3.21,3.27,10424
25-May-12,3.31,3.48,3.21,3.38,44789
24-May-12,3.35,3.40,3.32,3.36,16503
23-May-12,3.35,3.43,3.33,3.35,22631
22-May-12,3.44,3.45,3.33,3.43,12039
21-May-12,3.40,3.48,3.39,3.44,11550
18-May-12,3.36,3.43,3.35,3.42,7250
17-May-12,3.37,3.42,3.37,3.40,6450
16-May-12,3.38,3.43,3.32,3.36,49715
15-May-12,3.42,3.49,3.32,3.32,7878
14-May-12,3.71,3.71,3.39,3.43,40030
11-May-12,3.66,3.72,3.62,3.64,70666
10-May-12,3.78,3.78,3.66,3.66,21300
9-May-12,3.70,3.79,3.68,3.72,6735
8-May-12,3.76,3.85,3.65,3.79,29668
7-May-12,3.74,3.82,3.63,3.82,20800
4-May-12,3.74,3.84,3.60,3.78,24069
3-May-12,3.79,3.97,3.70,3.74,61992
2-May-12,3.74,3.80,3.57,3.79,37347
1-May-12,3.52,3.75,3.47,3.75,52992
30-Apr-12,3.50,3.53,3.48,3.50,14200
27-Apr-12,3.53,3.53,3.43,3.49,11627
26-Apr-12,3.42,3.52,3.41,3.52,13582
25-Apr-12,3.42,3.42,3.33,3.40,20875
24-Apr-12,3.52,3.53,3.38,3.38,53734
23-Apr-12,3.48,3.53,3.40,3.52,15260
20-Apr-12,3.49,3.52,3.49,3.51,12074
19-Apr-12,3.45,3.53,3.38,3.49,18896
18-Apr-12,3.49,3.53,3.41,3.47,26423
17-Apr-12,3.46,3.53,3.43,3.53,8927
16-Apr-12,3.45,3.48,3.20,3.46,27709
13-Apr-12,3.52,3.53,3.35,3.47,15100
12-Apr-12,3.44,3.55,3.44,3.51,31503
11-Apr-12,3.45,3.48,3.43,3.45,26158
10-Apr-12,3.49,3.49,3.32,3.45,56890
9-Apr-12,3.66,3.66,3.53,3.53,32073
5-Apr-12,3.68,3.70,3.65,3.68,35680
4-Apr-12,3.62,3.73,3.56,3.67,39979
3-Apr-12,3.64,3.73,3.60,3.64,40225
2-Apr-12,3.52,3.61,3.50,3.61,36784
30-Mar-12,3.58,3.58,3.50,3.55,21377
29-Mar-12,3.54,3.57,3.48,3.56,20900
28-Mar-12,3.51,3.57,3.48,3.57,38634
27-Mar-12,3.45,3.60,3.43,3.54,71918
26-Mar-12,3.44,3.44,3.31,3.42,32302
23-Mar-12,3.51,3.51,3.42,3.44,50650
22-Mar-12,3.54,3.58,3.45,3.51,41496
21-Mar-12,3.51,3.54,3.46,3.53,37900
20-Mar-12,3.41,3.51,3.39,3.49,92897
19-Mar-12,3.45,3.48,3.34,3.45,28240
16-Mar-12,3.42,3.45,3.38,3.45,40051
15-Mar-12,3.45,3.45,3.40,3.42,17262
14-Mar-12,3.40,3.44,3.31,3.44,43335
13-Mar-12,3.40,3.40,3.31,3.38,41049
12-Mar-12,3.33,3.43,3.33,3.42,87834
9-Mar-12,3.32,3.48,3.25,3.43,41104
8-Mar-12,3.15,3.41,3.10,3.31,196230
7-Mar-12,3.15,3.30,3.15,3.25,20533
6-Mar-12,3.30,3.30,3.12,3.15,57627
5-Mar-12,3.44,3.44,3.26,3.31,56782
2-Mar-12,3.41,3.50,3.40,3.40,41960
1-Mar-12,3.50,3.50,3.29,3.40,27599
29-Feb-12,3.51,3.51,3.42,3.47,21678
28-Feb-12,3.46,3.58,3.42,3.50,39298
27-Feb-12,3.63,3.66,3.44,3.46,44350
24-Feb-12,3.65,3.69,3.63,3.65,6550
23-Feb-12,3.63,3.68,3.61,3.67,16443
22-Feb-12,3.77,3.77,3.61,3.61,10975
21-Feb-12,3.72,3.84,3.70,3.72,28609
17-Feb-12,3.61,3.72,3.61,3.70,9482
16-Feb-12,3.61,3.75,3.61,3.65,105566
15-Feb-12,3.74,3.74,3.60,3.65,20919
14-Feb-12,3.67,3.73,3.61,3.73,24152
13-Feb-12,3.65,3.85,3.65,3.66,28029
10-Feb-12,3.76,3.79,3.65,3.66,4513
9-Feb-12,3.48,3.76,3.48,3.75,19287
8-Feb-12,3.39,3.54,3.39,3.43,15449
7-Feb-12,3.52,3.53,3.36,3.36,26786
6-Feb-12,3.69,3.75,3.40,3.51,27886
3-Feb-12,3.50,3.71,3.50,3.65,23991
2-Feb-12,3.30,3.51,3.30,3.50,87692
1-Feb-12,3.10,3.33,3.10,3.25,52684
31-Jan-12,3.09,3.19,3.07,3.09,22297
30-Jan-12,3.05,3.09,3.00,3.07,26720
27-Jan-12,3.01,3.05,3.01,3.05,3925
26-Jan-12,3.05,3.05,2.92,3.00,28166
25-Jan-12,3.01,3.04,2.98,3.03,20500
24-Jan-12,2.99,3.05,2.98,2.98,14800
23-Jan-12,2.97,3.03,2.91,2.99,19819
20-Jan-12,3.00,3.04,3.00,3.04,12750
19-Jan-12,3.04,3.06,3.00,3.03,6580
18-Jan-12,2.92,3.04,2.92,3.00,21327
17-Jan-12,2.93,2.97,2.87,2.90,12176
13-Jan-12,2.95,2.95,2.95,2.95,0
12-Jan-12,2.97,3.00,2.90,3.00,19700
11-Jan-12,3.00,3.10,3.00,3.00,47239
10-Jan-12,2.98,3.05,2.89,3.00,27868
9-Jan-12,2.82,2.98,2.82,2.95,29365
6-Jan-12,2.86,2.86,2.74,2.81,21422
5-Jan-12,2.80,2.85,2.80,2.83,22230
4-Jan-12,2.76,2.85,2.74,2.85,33466
3-Jan-12,2.86,2.88,2.78,2.78,55013
30-Dec-11,2.78,2.78,2.78,2.78,0
29-Dec-11,2.70,2.75,2.68,2.75,8425
28-Dec-11,2.70,2.75,2.63,2.70,10330
27-Dec-11,2.68,2.73,2.60,2.64,31199
23-Dec-11,2.62,2.62,2.62,2.62,0
22-Dec-11,2.50,2.55,2.48,2.50,45100
21-Dec-11,2.43,2.58,2.42,2.48,30207
20-Dec-11,2.38,2.43,2.38,2.41,46397
19-Dec-11,2.32,2.35,2.31,2.32,17688
16-Dec-11,2.32,2.41,2.29,2.34,9587
15-Dec-11,2.26,2.42,2.26,2.31,49875
14-Dec-11,2.25,2.25,2.16,2.20,86105
13-Dec-11,2.34,2.34,2.17,2.23,118110
12-Dec-11,2.34,2.34,2.23,2.27,35276
9-Dec-11,2.28,2.36,2.15,2.31,88745
8-Dec-11,2.25,2.38,2.18,2.25,44660
7-Dec-11,2.41,2.42,2.17,2.24,95755
6-Dec-11,2.39,2.39,2.33,2.34,6500
5-Dec-11,2.31,2.39,2.31,2.37,42327
2-Dec-11,2.23,2.43,2.23,2.33,27571
1-Dec-11,2.30,2.30,2.24,2.24,8680
30-Nov-11,2.13,2.42,2.13,2.29,9282
29-Nov-11,2.20,2.20,2.16,2.17,2200
28-Nov-11,2.32,2.39,2.15,2.20,10625
25-Nov-11,2.44,2.44,2.28,2.30,4200
23-Nov-11,2.26,2.26,2.26,2.26,0
22-Nov-11,2.30,2.39,2.28,2.34,7400
21-Nov-11,2.32,2.32,2.26,2.29,13808
18-Nov-11,2.32,2.36,2.27,2.35,30566
17-Nov-11,2.49,2.49,2.30,2.35,147022
16-Nov-11,2.41,2.52,2.40,2.46,32526
15-Nov-11,2.46,2.46,2.46,2.46,100
14-Nov-11,2.40,2.40,2.40,2.40,0
11-Nov-11,2.45,2.49,2.40,2.42,12919
10-Nov-11,2.49,2.49,2.36,2.45,15336
9-Nov-11,2.42,2.51,2.42,2.49,8784
8-Nov-11,2.46,2.58,2.44,2.48,18041
7-Nov-11,2.52,2.59,2.37,2.40,101809
4-Nov-11,2.70,2.70,2.28,2.45,77388
3-Nov-11,2.70,2.85,2.52,2.71,86287
2-Nov-11,2.75,2.81,2.72,2.77,19175
1-Nov-11,2.77,2.88,2.71,2.81,9914
31-Oct-11,2.83,2.88,2.74,2.86,12510
28-Oct-11,2.72,2.81,2.72,2.77,9242
27-Oct-11,2.67,2.76,2.61,2.74,88381
26-Oct-11,2.61,2.68,2.59,2.61,10493
25-Oct-11,2.61,2.68,2.61,2.66,33850
24-Oct-11,2.60,2.65,2.60,2.64,13501
21-Oct-11,2.65,2.75,2.56,2.59,15591
20-Oct-11,2.65,2.65,2.62,2.65,10800
19-Oct-11,2.59,2.66,2.59,2.65,13434
18-Oct-11,2.57,2.67,2.41,2.67,6835
17-Oct-11,2.66,2.74,2.65,2.65,19252
14-Oct-11,2.56,2.64,2.56,2.64,20400
13-Oct-11,2.60,2.61,2.55,2.55,11800
12-Oct-11,2.55,2.59,2.50,2.55,41063
11-Oct-11,2.52,2.53,2.52,2.53,200
10-Oct-11,2.50,2.50,2.50,2.50,0
7-Oct-11,2.55,2.65,2.44,2.50,21520
6-Oct-11,2.53,2.60,2.45,2.60,10400
5-Oct-11,2.35,2.45,2.31,2.45,33350
4-Oct-11,2.35,2.51,2.28,2.36,8372
3-Oct-11,2.61,2.61,2.40,2.40,15880
30-Sep-11,2.54,2.75,2.50,2.64,15348
29-Sep-11,2.69,2.75,2.50,2.69,18724
