Date,Open,High,Low,Close,Volume
26-Sep-12,0.79,0.80,0.77,0.78,72675
25-Sep-12,0.79,0.82,0.77,0.78,165805
24-Sep-12,0.74,0.80,0.74,0.78,87783
21-Sep-12,0.75,0.77,0.71,0.71,9406
20-Sep-12,0.76,0.77,0.74,0.75,16045
19-Sep-12,0.68,0.75,0.68,0.73,10305
18-Sep-12,0.69,0.72,0.69,0.70,1100
17-Sep-12,0.69,0.72,0.69,0.71,4920
14-Sep-12,0.72,0.74,0.72,0.72,4420
13-Sep-12,0.70,0.70,0.67,0.70,6900
12-Sep-12,0.73,0.73,0.71,0.71,28489
11-Sep-12,0.72,0.73,0.71,0.71,15530
10-Sep-12,0.70,0.74,0.70,0.72,20662
7-Sep-12,0.68,0.70,0.65,0.69,373078
6-Sep-12,0.67,0.68,0.65,0.66,83864
5-Sep-12,0.68,0.69,0.65,0.68,41291
4-Sep-12,0.70,0.73,0.68,0.69,154086
31-Aug-12,0.75,0.78,0.69,0.70,62725
30-Aug-12,0.69,0.73,0.68,0.73,80587
29-Aug-12,0.77,0.79,0.70,0.70,161684
28-Aug-12,0.77,0.79,0.76,0.76,46411
27-Aug-12,0.83,0.83,0.76,0.76,71162
24-Aug-12,0.85,0.85,0.80,0.80,24389
23-Aug-12,0.82,0.82,0.80,0.82,21655
22-Aug-12,0.83,0.84,0.80,0.82,95370
21-Aug-12,0.82,0.85,0.78,0.81,21031
20-Aug-12,0.80,0.84,0.80,0.82,30669
17-Aug-12,0.86,0.95,0.79,0.80,69169
16-Aug-12,0.80,0.85,0.80,0.83,96831
15-Aug-12,0.79,0.82,0.78,0.79,43194
14-Aug-12,0.81,0.84,0.79,0.79,34027
13-Aug-12,0.82,0.85,0.79,0.80,39121
10-Aug-12,0.82,0.84,0.78,0.82,145240
9-Aug-12,0.81,0.82,0.80,0.80,74437
8-Aug-12,0.90,0.90,0.80,0.82,84570
7-Aug-12,0.95,0.95,0.81,0.86,318526
6-Aug-12,0.97,0.99,0.90,0.92,72188
3-Aug-12,0.91,0.95,0.90,0.95,40225
2-Aug-12,0.88,0.94,0.87,0.93,59202
1-Aug-12,0.89,0.97,0.86,0.89,123065
31-Jul-12,0.88,0.91,0.87,0.90,52727
30-Jul-12,0.89,0.91,0.85,0.89,36833
27-Jul-12,0.85,0.91,0.83,0.89,132860
26-Jul-12,0.86,0.88,0.82,0.83,73722
25-Jul-12,0.88,0.88,0.79,0.88,147697
24-Jul-12,0.85,0.89,0.85,0.88,125670
23-Jul-12,0.88,0.91,0.85,0.88,25797
20-Jul-12,0.89,0.93,0.89,0.93,40704
19-Jul-12,0.93,0.93,0.88,0.92,22000
18-Jul-12,0.94,0.94,0.88,0.93,18478
17-Jul-12,0.96,0.96,0.86,0.91,84870
16-Jul-12,0.93,0.96,0.87,0.87,100612
13-Jul-12,0.93,0.95,0.86,0.95,72112
12-Jul-12,0.92,0.95,0.85,0.90,90259
11-Jul-12,0.92,0.94,0.91,0.91,43515
10-Jul-12,0.93,0.96,0.92,0.96,25961
9-Jul-12,0.94,0.96,0.92,0.93,48636
6-Jul-12,0.96,1.00,0.93,0.93,112995
5-Jul-12,1.00,1.00,0.94,0.94,66082
3-Jul-12,1.02,1.02,0.98,0.98,83299
2-Jul-12,1.00,1.02,0.97,0.97,133642
29-Jun-12,0.92,0.98,0.92,0.94,82834
28-Jun-12,0.95,0.98,0.91,0.91,117069
27-Jun-12,0.96,0.99,0.96,0.97,71110
26-Jun-12,1.02,1.02,0.96,0.96,127653
25-Jun-12,0.96,1.07,0.96,1.00,107675
22-Jun-12,1.01,1.05,0.98,0.99,5156396
21-Jun-12,1.05,1.07,0.99,0.99,412620
20-Jun-12,1.06,1.10,1.04,1.05,173225
19-Jun-12,1.10,1.11,1.04,1.07,211316
18-Jun-12,1.07,1.11,1.06,1.10,157694
15-Jun-12,1.06,1.07,1.03,1.06,299304
14-Jun-12,1.06,1.11,1.05,1.06,156833
13-Jun-12,1.07,1.11,1.05,1.05,128581
12-Jun-12,1.17,1.17,1.04,1.07,206040
11-Jun-12,1.05,1.15,1.00,1.14,356387
8-Jun-12,1.06,1.12,0.99,1.00,657720
7-Jun-12,1.05,1.32,1.05,1.12,1383405
6-Jun-12,1.22,1.24,0.91,0.98,811873
5-Jun-12,1.22,1.32,1.16,1.19,358858
4-Jun-12,1.21,1.27,1.20,1.23,187804
1-Jun-12,1.23,1.27,1.20,1.20,184188
31-May-12,1.30,1.31,1.20,1.27,301008
30-May-12,1.36,1.37,1.25,1.26,90228
29-May-12,1.39,1.42,1.35,1.37,70309
25-May-12,1.43,1.45,1.38,1.38,79205
24-May-12,1.41,1.45,1.41,1.42,44286
23-May-12,1.39,1.44,1.35,1.40,74153
22-May-12,1.43,1.53,1.39,1.39,91478
21-May-12,1.43,1.45,1.36,1.45,135199
18-May-12,1.35,1.43,1.26,1.40,198310
17-May-12,1.42,1.43,1.37,1.39,110867
16-May-12,1.55,1.57,1.38,1.42,232449
15-May-12,1.61,1.63,1.51,1.55,160506
14-May-12,1.70,1.72,1.60,1.60,126043
11-May-12,1.67,1.71,1.66,1.69,77735
10-May-12,1.68,1.71,1.67,1.68,36339
9-May-12,1.71,1.74,1.68,1.68,99576
8-May-12,1.75,1.80,1.66,1.73,192743
7-May-12,1.80,1.81,1.74,1.78,90252
4-May-12,1.86,1.91,1.81,1.82,114508
3-May-12,1.95,1.96,1.84,1.86,146187
2-May-12,2.01,2.10,1.88,1.95,183761
1-May-12,2.06,2.14,2.01,2.02,125844
30-Apr-12,2.03,2.17,2.03,2.06,281779
27-Apr-12,2.00,2.04,1.98,2.04,99918
26-Apr-12,1.99,2.03,1.96,1.99,27661
25-Apr-12,1.99,2.02,1.98,2.02,73827
24-Apr-12,1.89,1.97,1.89,1.97,41536
23-Apr-12,1.94,1.94,1.86,1.88,90695
20-Apr-12,2.02,2.02,1.94,1.98,80086
19-Apr-12,1.98,2.02,1.93,1.95,59075
18-Apr-12,2.03,2.03,1.93,1.98,57209
17-Apr-12,2.01,2.05,2.00,2.03,74126
16-Apr-12,2.00,2.00,1.97,1.98,18012
13-Apr-12,2.02,2.02,1.96,1.97,71829
12-Apr-12,1.99,2.05,1.97,2.04,92299
11-Apr-12,1.94,2.00,1.94,2.00,77414
10-Apr-12,2.05,2.05,1.91,1.92,181242
9-Apr-12,2.07,2.09,2.00,2.06,89118
5-Apr-12,2.07,2.12,2.05,2.11,56934
4-Apr-12,2.05,2.12,2.02,2.08,122134
3-Apr-12,2.12,2.14,2.06,2.10,94343
2-Apr-12,2.09,2.14,2.04,2.13,112944
30-Mar-12,2.18,2.18,2.03,2.09,104594
29-Mar-12,1.95,2.10,1.92,2.07,119823
28-Mar-12,2.03,2.03,1.95,1.97,95864
27-Mar-12,2.10,2.20,1.97,2.02,257567
26-Mar-12,1.88,2.05,1.88,2.05,230758
23-Mar-12,1.74,1.89,1.72,1.84,98063
22-Mar-12,1.71,1.75,1.70,1.74,101196
21-Mar-12,1.78,1.79,1.71,1.74,105648
20-Mar-12,1.85,1.86,1.72,1.78,258057
19-Mar-12,1.81,1.97,1.81,1.88,80945
16-Mar-12,1.86,1.86,1.80,1.84,115596
15-Mar-12,1.88,1.88,1.79,1.85,109427
14-Mar-12,1.91,1.93,1.86,1.86,67329
13-Mar-12,1.91,1.98,1.87,1.92,104773
12-Mar-12,1.91,2.00,1.89,1.92,47258
9-Mar-12,1.85,1.96,1.84,1.92,57524
8-Mar-12,1.80,1.88,1.76,1.85,98715
7-Mar-12,1.70,1.82,1.65,1.78,244719
6-Mar-12,1.97,1.97,1.82,1.84,201795
5-Mar-12,2.00,2.02,1.96,1.99,86293
2-Mar-12,2.00,2.09,1.96,1.96,170394
1-Mar-12,2.23,2.23,1.95,1.98,385636
29-Feb-12,2.23,2.32,2.16,2.22,117198
28-Feb-12,2.26,2.26,2.21,2.22,46990
27-Feb-12,2.21,2.32,2.21,2.25,236638
24-Feb-12,2.18,2.25,2.12,2.21,119159
23-Feb-12,2.17,2.21,2.17,2.18,59353
22-Feb-12,2.16,2.24,2.15,2.17,68117
21-Feb-12,2.23,2.23,2.16,2.17,49588
17-Feb-12,2.23,2.24,2.16,2.23,79599
16-Feb-12,2.17,2.23,2.16,2.22,72647
15-Feb-12,2.21,2.25,2.15,2.16,98910
14-Feb-12,2.19,2.21,2.14,2.20,312582
13-Feb-12,2.25,2.25,2.17,2.21,339120
10-Feb-12,2.30,2.36,2.16,2.31,96645
9-Feb-12,2.38,2.40,2.32,2.34,50013
8-Feb-12,2.36,2.44,2.33,2.37,135249
7-Feb-12,2.40,2.40,2.33,2.36,56542
6-Feb-12,2.40,2.41,2.15,2.38,187620
3-Feb-12,2.36,2.41,2.32,2.41,163609
2-Feb-12,2.34,2.34,2.31,2.34,151406
1-Feb-12,2.29,2.34,2.24,2.34,157401
31-Jan-12,2.30,2.30,2.30,2.30,0
30-Jan-12,2.29,2.30,2.22,2.24,59547
27-Jan-12,2.29,2.34,2.26,2.33,118402
26-Jan-12,2.29,2.34,2.25,2.30,241599
25-Jan-12,2.25,2.34,2.17,2.32,127889
24-Jan-12,2.26,2.26,2.26,2.26,0
23-Jan-12,2.23,2.23,2.15,2.22,61211
20-Jan-12,2.22,2.23,2.14,2.23,67033
19-Jan-12,2.24,2.26,2.00,2.23,228383
18-Jan-12,2.21,2.24,2.10,2.24,186188
17-Jan-12,2.25,2.25,2.17,2.20,114038
13-Jan-12,2.21,2.21,2.21,2.21,0
12-Jan-12,2.25,2.33,2.18,2.32,98958
11-Jan-12,2.25,2.25,2.25,2.25,0
10-Jan-12,2.26,2.28,2.21,2.23,88066
9-Jan-12,2.22,2.24,2.19,2.24,70624
6-Jan-12,2.26,2.28,2.22,2.23,11354
5-Jan-12,2.19,2.27,2.19,2.27,43983
4-Jan-12,2.30,2.34,2.20,2.21,115483
3-Jan-12,2.25,2.31,2.20,2.31,111705
30-Dec-11,2.23,2.23,2.23,2.23,0
29-Dec-11,2.06,2.24,2.05,2.17,117348
28-Dec-11,2.10,2.10,2.04,2.05,68696
27-Dec-11,2.10,2.10,2.10,2.10,0
23-Dec-11,2.16,2.16,2.16,2.16,0
22-Dec-11,2.12,2.12,2.12,2.12,0
21-Dec-11,2.12,2.14,2.01,2.09,91141
20-Dec-11,2.05,2.05,2.05,2.05,0
19-Dec-11,2.09,2.12,2.00,2.01,84639
16-Dec-11,2.10,2.10,2.10,2.10,0
15-Dec-11,2.16,2.17,2.10,2.14,151969
14-Dec-11,1.99,2.19,1.99,2.14,251259
13-Dec-11,2.13,2.13,2.00,2.01,99678
12-Dec-11,2.17,2.17,2.07,2.12,109512
9-Dec-11,2.20,2.20,2.20,2.20,0
8-Dec-11,2.09,2.09,1.98,2.01,173139
7-Dec-11,2.00,2.12,1.97,2.10,134970
6-Dec-11,1.89,1.89,1.89,1.89,0
5-Dec-11,2.05,2.10,1.99,2.05,169031
2-Dec-11,1.94,2.05,1.94,2.03,97437
1-Dec-11,1.94,1.96,1.87,1.91,191017
30-Nov-11,1.89,1.89,1.89,1.89,0
29-Nov-11,1.87,1.92,1.72,1.77,129414
28-Nov-11,1.88,1.94,1.83,1.88,180217
25-Nov-11,1.77,1.88,1.70,1.78,130616
23-Nov-11,1.76,1.76,1.76,1.76,0
22-Nov-11,1.97,1.99,1.94,1.94,77150
21-Nov-11,2.03,2.07,1.92,1.96,215073
18-Nov-11,2.08,2.08,2.08,2.08,0
17-Nov-11,2.25,2.25,1.90,1.95,654444
16-Nov-11,2.27,2.31,2.23,2.25,143797
15-Nov-11,2.29,2.30,2.26,2.29,161327
14-Nov-11,2.34,2.34,2.28,2.30,184244
11-Nov-11,2.37,2.38,2.29,2.38,181562
10-Nov-11,2.30,2.35,2.25,2.35,391404
9-Nov-11,2.30,2.30,2.30,2.30,0
8-Nov-11,2.30,2.43,2.30,2.42,377221
7-Nov-11,2.32,2.33,2.24,2.29,316901
4-Nov-11,2.38,2.43,2.33,2.34,273722
3-Nov-11,2.37,2.37,2.37,2.37,0
2-Nov-11,2.30,2.33,2.24,2.33,196479
1-Nov-11,2.25,2.33,2.22,2.25,264902
31-Oct-11,2.43,2.44,2.25,2.37,351785
28-Oct-11,2.55,2.55,2.49,2.54,237335
27-Oct-11,2.50,2.59,2.47,2.55,515388
26-Oct-11,2.37,2.45,2.34,2.42,240518
25-Oct-11,2.35,2.35,2.35,2.35,0
24-Oct-11,2.26,2.42,2.26,2.36,476257
21-Oct-11,2.24,2.35,2.20,2.24,259972
20-Oct-11,2.18,2.20,2.13,2.18,159326
19-Oct-11,2.25,2.29,2.14,2.16,344301
18-Oct-11,2.20,2.30,2.12,2.26,309840
17-Oct-11,2.20,2.34,2.19,2.21,389037
14-Oct-11,2.17,2.17,2.17,2.17,0
13-Oct-11,2.03,2.16,2.03,2.14,161836
12-Oct-11,2.07,2.07,2.07,2.07,0
11-Oct-11,1.99,2.19,1.99,2.15,454621
10-Oct-11,1.95,1.95,1.95,1.95,0
7-Oct-11,1.99,2.04,1.91,1.93,195071
6-Oct-11,1.96,2.03,1.90,1.98,314826
5-Oct-11,2.00,2.00,1.93,1.96,182453
4-Oct-11,1.97,1.97,1.97,1.97,0
3-Oct-11,1.99,2.05,1.87,1.89,381321
30-Sep-11,1.96,2.04,1.95,1.99,241763
29-Sep-11,1.98,2.02,1.88,1.97,239359
