Date,Open,High,Low,Close,Volume
26-Sep-12,14.50,14.51,14.48,14.51,2550
25-Sep-12,14.48,14.53,14.48,14.51,7492
24-Sep-12,14.51,14.51,14.48,14.48,7677
21-Sep-12,14.49,14.53,14.47,14.47,10357
20-Sep-12,14.59,14.61,14.50,14.53,4105
19-Sep-12,14.53,14.51,14.47,14.48,3597
18-Sep-12,14.52,14.59,14.48,14.49,3267
17-Sep-12,14.54,14.54,14.49,14.51,3000
14-Sep-12,14.56,14.68,14.48,14.52,13630
13-Sep-12,14.52,14.52,14.50,14.51,957
12-Sep-12,14.55,14.56,14.46,14.51,15394
11-Sep-12,14.65,14.73,14.49,14.51,4670
10-Sep-12,14.49,14.51,14.49,14.49,22900
7-Sep-12,14.55,14.55,14.50,14.54,17130
6-Sep-12,14.60,14.89,14.47,14.55,171402
5-Sep-12,14.57,14.67,14.50,14.62,54960
4-Sep-12,14.60,14.60,14.36,14.49,23331
31-Aug-12,14.50,14.58,14.41,14.55,80391
30-Aug-12,14.42,14.50,14.36,14.50,71373
29-Aug-12,14.29,14.64,14.29,14.40,106986
28-Aug-12,14.24,14.30,14.20,14.30,37883
27-Aug-12,13.85,14.22,13.85,14.22,104452
24-Aug-12,13.62,13.71,13.50,13.53,46396
23-Aug-12,13.55,13.75,13.55,13.60,34678
22-Aug-12,13.61,13.65,13.55,13.58,36530
21-Aug-12,13.65,13.66,13.53,13.65,25444
20-Aug-12,13.30,13.73,13.30,13.68,126008
17-Aug-12,13.20,13.20,13.09,13.14,38820
16-Aug-12,13.05,13.19,13.05,13.18,54973
15-Aug-12,13.08,13.14,13.08,13.08,50564
14-Aug-12,13.07,13.15,13.00,13.11,42951
13-Aug-12,13.47,13.47,12.80,13.11,99813
10-Aug-12,13.58,13.86,13.58,13.68,12128
9-Aug-12,13.68,13.96,13.50,13.50,41582
8-Aug-12,13.75,13.75,13.43,13.75,33872
7-Aug-12,13.10,13.79,13.10,13.77,199507
6-Aug-12,12.97,13.02,12.97,13.01,23188
3-Aug-12,12.98,13.02,12.97,12.99,17758
2-Aug-12,13.03,13.03,12.97,12.97,34374
1-Aug-12,13.03,13.04,13.00,13.03,102682
31-Jul-12,13.05,13.08,13.00,13.03,690199
30-Jul-12,11.79,11.79,11.71,11.75,19770
27-Jul-12,11.71,11.84,11.70,11.77,88495
26-Jul-12,11.69,11.74,11.67,11.70,48237
25-Jul-12,11.58,11.73,11.57,11.70,23957
24-Jul-12,11.50,11.70,11.50,11.66,180360
23-Jul-12,11.33,11.33,11.30,11.30,13968
20-Jul-12,11.30,11.33,11.30,11.30,1502
19-Jul-12,11.25,11.31,11.23,11.31,821
18-Jul-12,11.31,11.31,11.25,11.25,9342
17-Jul-12,11.32,11.42,11.32,11.33,5403
16-Jul-12,11.50,11.50,11.32,11.33,3221
13-Jul-12,11.33,11.60,11.31,11.60,9655
12-Jul-12,11.31,11.50,11.31,11.35,43756
11-Jul-12,11.32,11.39,11.32,11.38,3294
10-Jul-12,11.39,11.39,11.34,11.34,17885
9-Jul-12,11.35,11.50,11.32,11.50,2783
6-Jul-12,11.35,11.39,11.32,11.35,11385
5-Jul-12,11.31,11.38,11.31,11.32,38887
3-Jul-12,11.38,11.38,11.32,11.35,8190
2-Jul-12,11.36,11.39,11.32,11.38,9869
29-Jun-12,11.39,11.39,11.30,11.36,29340
28-Jun-12,11.25,11.55,11.25,11.35,69356
27-Jun-12,11.46,11.46,11.25,11.28,70886
26-Jun-12,11.49,11.65,11.25,11.45,268167
25-Jun-12,11.03,11.76,11.03,11.53,235256
22-Jun-12,9.70,9.90,9.70,9.90,38311
21-Jun-12,9.85,9.85,9.55,9.59,5840
20-Jun-12,9.90,9.90,9.85,9.85,2350
19-Jun-12,9.90,9.90,9.90,9.90,22950
18-Jun-12,9.67,9.90,9.63,9.90,22693
15-Jun-12,9.25,9.60,9.25,9.60,30162
14-Jun-12,9.20,9.31,8.90,9.25,35930
13-Jun-12,9.21,9.29,9.03,9.15,17134
12-Jun-12,9.25,9.35,9.15,9.31,42294
11-Jun-12,9.14,9.50,9.09,9.10,18776
8-Jun-12,9.00,9.09,8.64,9.03,36382
7-Jun-12,9.10,9.20,9.00,9.00,13451
6-Jun-12,9.16,9.52,9.06,9.12,18635
5-Jun-12,8.67,9.22,8.67,9.05,61596
4-Jun-12,8.58,8.80,8.57,8.80,29406
1-Jun-12,8.50,8.98,8.50,8.60,19258
31-May-12,8.70,8.88,8.64,8.88,8800
30-May-12,8.61,8.69,8.55,8.69,40261
29-May-12,8.56,8.67,8.50,8.65,63063
25-May-12,8.26,8.26,8.26,8.26,0
24-May-12,8.40,8.50,8.26,8.26,3746
23-May-12,8.40,8.50,8.40,8.43,1800
22-May-12,8.67,8.67,8.47,8.50,9200
21-May-12,8.40,8.60,8.39,8.50,32361
18-May-12,8.35,8.36,8.12,8.25,8621
17-May-12,8.22,8.51,8.11,8.20,12360
16-May-12,8.62,8.63,8.38,8.50,24707
15-May-12,8.59,8.60,8.25,8.48,20602
14-May-12,8.55,8.59,8.50,8.51,9878
11-May-12,8.50,8.66,8.50,8.66,8297
10-May-12,8.50,8.52,8.50,8.50,10400
9-May-12,8.31,8.50,8.16,8.49,11182
8-May-12,8.50,8.50,8.33,8.37,1580
7-May-12,8.44,8.45,8.44,8.45,6898
4-May-12,8.55,8.55,8.35,8.45,8300
3-May-12,8.54,8.59,8.54,8.59,2815
2-May-12,8.79,8.79,8.50,8.53,15343
1-May-12,8.73,8.73,8.57,8.57,950
30-Apr-12,8.50,8.75,8.41,8.59,1900
27-Apr-12,8.51,8.51,8.51,8.51,100
26-Apr-12,8.96,8.96,8.25,8.42,3240
25-Apr-12,8.75,8.75,8.62,8.63,3600
24-Apr-12,8.33,8.40,8.33,8.40,1900
23-Apr-12,8.35,8.50,8.25,8.40,3650
20-Apr-12,8.41,8.96,8.36,8.41,14920
19-Apr-12,8.50,8.50,8.36,8.36,900
18-Apr-12,8.48,8.48,8.48,8.48,0
17-Apr-12,8.48,8.48,8.48,8.48,0
16-Apr-12,8.50,8.51,8.48,8.48,1457
13-Apr-12,8.93,8.93,8.49,8.50,4750
12-Apr-12,8.50,8.50,8.50,8.50,0
11-Apr-12,8.50,8.51,8.49,8.50,2820
10-Apr-12,8.45,8.45,8.36,8.36,2700
9-Apr-12,8.51,8.62,8.42,8.45,15740
5-Apr-12,8.54,8.59,8.54,8.59,300
4-Apr-12,8.56,8.59,8.50,8.50,5597
3-Apr-12,8.45,8.72,8.45,8.62,7219
2-Apr-12,8.44,8.55,8.44,8.55,3700
30-Mar-12,8.55,8.80,8.35,8.44,9400
29-Mar-12,8.56,9.00,8.30,8.84,18072
28-Mar-12,8.63,8.63,8.63,8.63,0
27-Mar-12,8.67,8.67,8.59,8.59,1500
26-Mar-12,8.80,8.86,8.61,8.65,3450
23-Mar-12,8.84,8.89,8.77,8.79,1752
22-Mar-12,8.63,8.78,8.61,8.78,5644
21-Mar-12,8.93,8.93,8.66,8.81,1300
20-Mar-12,9.56,9.96,8.86,9.02,22098
19-Mar-12,8.60,9.65,8.60,9.42,30617
16-Mar-12,7.65,9.40,7.65,8.58,78550
15-Mar-12,6.67,7.04,6.67,6.90,6616
14-Mar-12,7.04,7.04,6.63,6.63,6386
13-Mar-12,7.00,7.00,7.00,7.00,4900
12-Mar-12,6.66,7.14,6.66,7.14,9086
9-Mar-12,6.68,6.80,6.68,6.78,2600
8-Mar-12,6.74,6.74,6.74,6.74,200
7-Mar-12,6.74,6.74,6.73,6.73,1000
6-Mar-12,6.81,6.94,6.74,6.83,1800
5-Mar-12,6.79,7.11,6.72,6.83,1800
2-Mar-12,6.75,7.15,6.75,6.93,9238
1-Mar-12,6.79,6.79,6.79,6.79,0
29-Feb-12,6.70,6.97,6.70,6.89,3799
28-Feb-12,6.80,6.80,6.64,6.69,3626
27-Feb-12,6.93,6.93,6.85,6.85,1250
24-Feb-12,6.93,7.01,6.87,6.91,5272
23-Feb-12,7.04,7.04,6.87,6.87,2946
22-Feb-12,7.00,7.00,6.99,6.99,1000
21-Feb-12,7.05,7.05,7.00,7.00,1370
17-Feb-12,6.95,7.13,6.95,7.05,4400
16-Feb-12,6.87,6.87,6.84,6.85,3847
15-Feb-12,7.10,7.20,6.80,6.93,1105
14-Feb-12,6.84,7.19,6.64,6.84,11174
13-Feb-12,6.84,6.90,6.70,6.90,5000
9-Feb-12,6.97,6.97,6.97,6.97,0
8-Feb-12,6.34,7.00,6.34,6.89,7025
7-Feb-12,6.92,7.20,6.92,6.95,3010
6-Feb-12,6.81,6.85,6.70,6.78,12930
3-Feb-12,6.64,6.70,6.57,6.68,4356
2-Feb-12,7.00,7.00,6.84,6.84,952
1-Feb-12,6.42,6.99,6.42,6.90,10626
31-Jan-12,6.61,6.61,6.44,6.61,4969
30-Jan-12,6.63,6.63,6.63,6.63,250
27-Jan-12,6.64,6.95,6.64,6.95,650
26-Jan-12,6.98,6.98,6.98,6.98,0
25-Jan-12,6.60,6.69,6.60,6.61,585
24-Jan-12,6.39,6.95,6.39,6.66,4771
23-Jan-12,6.53,6.98,6.53,6.65,1989
20-Jan-12,6.54,6.55,6.50,6.50,1000
19-Jan-12,6.55,6.55,6.45,6.45,1200
18-Jan-12,6.31,6.58,6.26,6.50,500
17-Jan-12,6.83,6.83,6.50,6.65,4642
13-Jan-12,6.80,6.80,6.80,6.80,0
12-Jan-12,6.72,6.80,6.72,6.80,700
11-Jan-12,6.80,6.88,6.80,6.88,300
10-Jan-12,6.46,6.85,6.38,6.84,7104
9-Jan-12,6.49,6.49,6.49,6.49,1300
6-Jan-12,6.48,6.48,6.48,6.48,0
5-Jan-12,6.49,6.49,6.49,6.49,300
4-Jan-12,6.25,6.73,6.25,6.40,2600
3-Jan-12,6.25,6.52,6.20,6.21,13760
30-Dec-11,6.25,6.25,6.25,6.25,0
29-Dec-11,6.25,6.29,6.23,6.25,1370
28-Dec-11,6.25,6.25,6.25,6.25,5596
27-Dec-11,6.05,6.26,6.05,6.25,6106
23-Dec-11,6.16,6.16,6.16,6.16,0
22-Dec-11,6.15,6.25,6.15,6.21,3200
21-Dec-11,6.23,6.25,6.16,6.16,300
20-Dec-11,6.20,6.46,5.92,6.16,2295
19-Dec-11,6.12,6.16,6.09,6.15,3648
16-Dec-11,5.84,5.84,5.84,5.84,0
15-Dec-11,6.15,6.15,6.15,6.15,0
14-Dec-11,6.02,6.50,6.02,6.39,4500
13-Dec-11,5.91,6.15,5.50,5.96,636748
12-Dec-11,5.88,6.14,5.76,5.92,2900
9-Dec-11,5.95,5.95,5.87,5.88,421
8-Dec-11,5.82,6.01,5.74,5.85,16972
7-Dec-11,5.74,5.80,5.70,5.70,12486
6-Dec-11,5.78,5.78,5.78,5.78,200
5-Dec-11,5.68,5.70,5.66,5.69,5750
2-Dec-11,5.65,5.74,5.65,5.74,2923
1-Dec-11,5.68,5.75,5.61,5.61,3397
30-Nov-11,5.64,5.64,5.53,5.64,19467
29-Nov-11,5.61,5.64,5.56,5.63,1670
28-Nov-11,5.60,5.65,5.57,5.65,3865
23-Nov-11,5.66,5.66,5.66,5.66,0
22-Nov-11,5.58,5.68,5.42,5.60,9720
21-Nov-11,5.64,5.64,5.64,5.64,570
18-Nov-11,5.37,5.72,5.36,5.72,3180
17-Nov-11,5.65,5.73,5.55,5.72,4380
16-Nov-11,5.62,5.63,5.44,5.63,4009
15-Nov-11,5.61,5.63,5.41,5.63,1720
14-Nov-11,5.54,5.86,5.47,5.53,9281
11-Nov-11,5.99,5.99,5.48,5.65,8400
10-Nov-11,6.07,6.07,5.80,5.94,5814
9-Nov-11,6.35,6.35,5.92,5.92,7288
8-Nov-11,6.25,6.33,6.20,6.31,8026
7-Nov-11,6.22,6.34,6.07,6.18,15127
4-Nov-11,6.05,6.10,6.01,6.10,4200
3-Nov-11,6.11,6.50,5.97,6.21,113228
2-Nov-11,6.74,6.74,6.12,6.40,2875
1-Nov-11,6.63,6.99,5.95,6.46,35136
31-Oct-11,6.50,6.99,6.50,6.75,4890
28-Oct-11,6.72,6.99,6.54,6.74,12100
27-Oct-11,6.89,7.05,6.48,6.83,10028
26-Oct-11,6.21,6.91,6.21,6.89,20114
25-Oct-11,6.14,6.30,6.14,6.30,6886
24-Oct-11,5.80,6.19,5.80,6.12,24037
21-Oct-11,5.78,5.87,5.78,5.82,1700
20-Oct-11,5.73,5.73,5.73,5.73,0
19-Oct-11,5.49,5.84,5.44,5.68,3264
18-Oct-11,5.90,5.90,5.59,5.71,13460
17-Oct-11,6.00,6.00,5.71,5.90,5890
14-Oct-11,6.05,6.05,5.89,5.94,3800
12-Oct-11,6.00,6.00,6.00,6.00,0
11-Oct-11,6.05,6.05,5.88,5.93,1108
10-Oct-11,6.10,6.19,5.72,5.83,2550
7-Oct-11,6.08,6.15,6.08,6.10,800
6-Oct-11,6.16,6.16,5.76,5.95,875
5-Oct-11,5.94,6.22,5.94,6.03,5601
4-Oct-11,6.02,6.02,5.73,5.80,7958
3-Oct-11,5.86,6.12,5.86,6.09,12635
30-Sep-11,6.01,6.27,6.01,6.25,9000
29-Sep-11,5.85,6.27,5.50,6.27,354729
