Date,Open,High,Low,Close,Volume
26-Sep-12,4.21,4.28,4.18,4.25,55908
25-Sep-12,4.39,4.39,4.19,4.19,135292
24-Sep-12,4.43,4.50,4.33,4.35,120893
21-Sep-12,4.61,4.61,4.43,4.47,152684
20-Sep-12,4.72,4.72,4.52,4.52,16588
19-Sep-12,4.63,4.75,4.62,4.74,25281
18-Sep-12,4.52,4.67,4.50,4.63,31696
17-Sep-12,4.47,4.60,4.45,4.54,31315
14-Sep-12,4.45,4.55,4.45,4.45,46650
13-Sep-12,4.53,4.54,4.38,4.46,74737
12-Sep-12,4.66,4.66,4.47,4.54,24776
11-Sep-12,4.72,4.78,4.66,4.73,25528
10-Sep-12,4.84,4.86,4.69,4.69,41245
7-Sep-12,4.55,4.92,4.51,4.86,169087
6-Sep-12,4.26,4.57,4.25,4.55,83615
5-Sep-12,4.20,4.27,4.10,4.24,87904
4-Sep-12,4.26,4.29,4.05,4.15,78652
31-Aug-12,4.29,4.31,4.18,4.25,50496
30-Aug-12,4.25,4.29,4.14,4.24,33496
29-Aug-12,3.94,4.27,3.94,4.27,295365
28-Aug-12,4.22,4.38,4.13,4.36,70525
27-Aug-12,4.30,4.31,4.15,4.23,100760
24-Aug-12,4.23,4.29,4.14,4.28,87068
23-Aug-12,4.28,4.31,4.19,4.25,74950
22-Aug-12,4.22,4.32,4.21,4.27,114615
21-Aug-12,4.24,4.34,4.19,4.22,64884
20-Aug-12,4.10,4.34,4.10,4.20,77182
17-Aug-12,4.02,4.10,3.99,4.09,94994
16-Aug-12,4.00,4.09,3.98,4.01,92823
15-Aug-12,3.99,4.06,3.93,3.99,174568
14-Aug-12,4.00,4.03,3.92,3.97,140514
13-Aug-12,4.03,4.10,3.90,3.96,104523
10-Aug-12,3.92,4.05,3.89,4.02,72397
9-Aug-12,3.82,3.96,3.82,3.92,77094
8-Aug-12,3.83,3.87,3.69,3.84,101675
7-Aug-12,3.49,3.90,3.49,3.84,236938
6-Aug-12,3.47,3.56,3.42,3.48,287387
3-Aug-12,3.52,3.87,3.42,3.44,271110
2-Aug-12,4.19,4.24,3.54,3.55,411407
1-Aug-12,4.40,4.50,4.19,4.19,134340
31-Jul-12,4.42,4.47,4.33,4.36,235796
30-Jul-12,4.58,4.60,4.42,4.43,190107
27-Jul-12,4.50,4.75,4.48,4.57,152094
26-Jul-12,4.95,4.99,4.29,4.49,250548
25-Jul-12,5.26,5.31,4.94,4.95,85645
24-Jul-12,5.58,5.60,5.00,5.00,145327
23-Jul-12,6.00,6.00,5.65,5.66,75943
20-Jul-12,5.99,6.11,5.94,6.07,114800
19-Jul-12,5.97,6.06,5.87,6.04,54876
18-Jul-12,5.74,5.96,5.69,5.96,89707
17-Jul-12,5.75,5.84,5.58,5.73,65478
16-Jul-12,5.81,5.91,5.71,5.74,50595
13-Jul-12,5.84,5.91,5.78,5.85,84845
12-Jul-12,6.12,6.18,5.82,5.83,63905
11-Jul-12,6.30,6.33,6.14,6.18,51947
10-Jul-12,6.32,6.36,6.25,6.30,91609
9-Jul-12,6.26,6.35,6.21,6.27,128995
6-Jul-12,6.21,6.45,6.20,6.30,126839
5-Jul-12,6.34,6.42,6.23,6.30,83136
3-Jul-12,6.38,6.40,6.33,6.38,35309
2-Jul-12,6.54,6.62,6.29,6.37,87990
29-Jun-12,6.33,6.57,6.31,6.50,94491
28-Jun-12,6.19,6.28,6.08,6.17,55921
27-Jun-12,6.25,6.34,6.20,6.26,57732
26-Jun-12,5.88,6.29,5.88,6.25,122935
25-Jun-12,5.90,5.90,5.78,5.86,79140
22-Jun-12,5.96,6.03,5.86,6.01,228571
21-Jun-12,6.10,6.12,5.88,5.89,109660
20-Jun-12,6.06,6.21,6.05,6.10,98351
19-Jun-12,5.90,6.19,5.88,6.11,147153
18-Jun-12,5.90,5.96,5.80,5.88,83948
15-Jun-12,5.86,6.01,5.78,5.97,170292
14-Jun-12,5.53,5.92,5.50,5.88,83563
13-Jun-12,5.43,5.60,5.28,5.50,190089
12-Jun-12,5.58,5.58,5.33,5.49,133008
11-Jun-12,5.88,5.90,5.50,5.53,97999
8-Jun-12,5.90,6.02,5.62,5.79,213619
7-Jun-12,6.07,6.09,5.90,5.93,104499
6-Jun-12,5.90,6.05,5.87,6.00,69591
5-Jun-12,5.66,5.86,5.66,5.84,59037
4-Jun-12,5.62,5.73,5.55,5.68,77797
1-Jun-12,5.66,5.73,5.54,5.57,116579
31-May-12,5.84,5.89,5.65,5.80,154440
30-May-12,5.98,6.07,5.80,5.81,64751
29-May-12,6.08,6.26,5.92,6.04,76627
25-May-12,5.86,6.06,5.73,6.05,383691
24-May-12,6.22,6.26,5.86,5.87,193195
23-May-12,6.03,6.25,6.03,6.17,117942
22-May-12,6.15,6.19,6.03,6.05,134427
21-May-12,6.05,6.24,6.05,6.15,88323
18-May-12,6.03,6.18,6.03,6.05,159122
17-May-12,6.04,6.10,6.03,6.03,113164
16-May-12,6.16,6.21,6.03,6.04,92973
15-May-12,6.15,6.31,6.10,6.15,80366
14-May-12,6.15,6.40,6.10,6.17,132340
11-May-12,6.19,6.30,6.15,6.22,144357
10-May-12,6.45,6.45,6.14,6.24,181834
9-May-12,6.36,6.47,6.31,6.38,169644
8-May-12,6.34,6.46,6.28,6.41,116472
7-May-12,6.54,6.58,6.34,6.37,148466
4-May-12,6.68,6.70,6.50,6.55,185314
3-May-12,6.88,7.04,6.54,6.68,192188
2-May-12,6.94,7.06,6.77,6.85,107983
1-May-12,7.37,7.37,7.00,7.00,112232
30-Apr-12,7.42,7.42,7.30,7.34,84580
27-Apr-12,7.27,7.49,7.08,7.46,130430
26-Apr-12,6.99,7.30,6.99,7.23,153301
25-Apr-12,7.04,7.08,6.87,7.02,73525
24-Apr-12,6.93,6.99,6.85,6.93,109506
23-Apr-12,6.78,7.05,6.78,6.90,241130
20-Apr-12,6.90,6.96,6.75,6.85,88607
19-Apr-12,6.91,7.01,6.76,6.82,76392
18-Apr-12,7.05,7.08,6.87,6.89,147002
17-Apr-12,7.17,7.28,7.08,7.10,95073
16-Apr-12,7.30,7.34,7.06,7.09,83489
13-Apr-12,7.44,7.54,7.15,7.22,137708
12-Apr-12,7.30,7.53,7.24,7.46,201958
11-Apr-12,7.28,7.42,7.15,7.28,130158
10-Apr-12,7.25,7.26,7.08,7.19,107406
9-Apr-12,7.33,7.40,7.15,7.26,134525
5-Apr-12,7.46,7.57,7.42,7.45,137676
4-Apr-12,7.69,7.69,7.41,7.50,146754
3-Apr-12,7.91,8.00,7.70,7.74,133966
2-Apr-12,7.88,7.91,7.66,7.91,160609
30-Mar-12,8.03,8.04,7.90,7.91,170863
29-Mar-12,7.90,8.04,7.87,7.96,99918
28-Mar-12,7.93,8.01,7.75,7.96,187693
27-Mar-12,8.10,8.10,7.89,7.90,257590
26-Mar-12,8.10,8.29,8.06,8.12,122892
23-Mar-12,8.03,8.09,7.90,8.01,96640
22-Mar-12,8.01,8.07,7.94,8.01,135263
21-Mar-12,8.01,8.21,7.80,8.07,131980
20-Mar-12,8.06,8.16,7.91,7.95,155354
19-Mar-12,8.14,8.21,8.03,8.13,150171
16-Mar-12,8.05,8.14,7.87,8.13,204384
15-Mar-12,7.81,8.02,7.62,8.01,153533
14-Mar-12,7.95,7.97,7.70,7.80,87487
13-Mar-12,7.87,7.98,7.71,7.97,170041
12-Mar-12,7.85,8.12,7.80,7.85,119506
9-Mar-12,7.67,7.97,7.62,7.86,214588
8-Mar-12,7.68,7.87,7.48,7.66,101906
7-Mar-12,8.14,8.14,7.53,7.67,277684
6-Mar-12,7.85,8.19,7.78,8.05,254321
5-Mar-12,7.76,8.10,7.72,7.94,239974
2-Mar-12,8.32,8.32,7.78,7.79,277340
1-Mar-12,8.47,8.64,8.32,8.34,93676
29-Feb-12,8.71,8.85,8.44,8.46,130505
28-Feb-12,8.81,8.81,8.57,8.66,89323
27-Feb-12,8.95,8.99,8.78,8.84,81142
24-Feb-12,9.10,9.14,8.98,8.99,145411
23-Feb-12,9.18,9.18,9.01,9.10,124768
22-Feb-12,9.17,9.24,9.07,9.14,68017
21-Feb-12,9.23,9.28,9.05,9.19,79293
17-Feb-12,9.06,9.26,9.03,9.23,64457
16-Feb-12,8.73,9.06,8.65,9.05,74517
15-Feb-12,8.79,8.93,8.71,8.75,91787
14-Feb-12,8.91,8.99,8.57,8.71,56416
13-Feb-12,9.02,9.24,8.93,8.96,77642
10-Feb-12,9.17,9.17,8.90,8.92,69835
9-Feb-12,9.29,9.42,9.18,9.27,61629
8-Feb-12,9.26,9.26,9.26,9.26,0
7-Feb-12,9.54,9.60,9.35,9.37,60901
6-Feb-12,9.57,9.58,9.32,9.53,62818
3-Feb-12,9.43,9.70,9.31,9.60,147927
2-Feb-12,9.22,9.31,9.03,9.31,103058
1-Feb-12,9.11,9.11,9.11,9.11,0
31-Jan-12,8.67,8.86,8.62,8.72,103407
30-Jan-12,8.63,8.65,8.53,8.61,92213
27-Jan-12,8.55,8.79,8.51,8.70,101128
26-Jan-12,8.67,8.87,8.49,8.60,122383
25-Jan-12,8.46,8.67,8.40,8.65,240653
24-Jan-12,8.14,8.53,8.10,8.44,245532
23-Jan-12,8.20,8.24,8.10,8.20,100332
20-Jan-12,8.10,8.21,8.06,8.16,172631
19-Jan-12,8.04,8.21,8.03,8.11,162758
18-Jan-12,8.15,8.15,7.94,8.03,352086
17-Jan-12,8.19,8.21,8.01,8.11,214305
13-Jan-12,8.16,8.16,8.16,8.16,0
12-Jan-12,8.22,8.35,8.12,8.28,156641
11-Jan-12,8.00,8.26,8.00,8.22,119268
10-Jan-12,7.88,8.12,7.88,8.03,114452
9-Jan-12,7.66,7.66,7.66,7.66,0
6-Jan-12,7.74,7.79,7.60,7.65,56598
5-Jan-12,7.62,7.78,7.55,7.76,79315
4-Jan-12,7.72,7.72,7.72,7.72,0
3-Jan-12,8.07,8.20,7.72,7.86,196700
30-Dec-11,7.90,7.90,7.90,7.90,0
29-Dec-11,7.84,7.97,7.66,7.96,70425
28-Dec-11,8.20,8.24,7.85,7.86,88607
27-Dec-11,8.19,8.19,8.19,8.19,0
23-Dec-11,8.20,8.20,8.20,8.20,0
22-Dec-11,8.20,8.39,8.07,8.33,122288
21-Dec-11,8.04,8.04,8.04,8.04,0
20-Dec-11,7.80,8.04,7.64,7.88,148255
19-Dec-11,7.93,8.20,7.65,7.65,182664
16-Dec-11,7.75,7.75,7.75,7.75,0
15-Dec-11,7.44,7.64,7.42,7.51,248444
14-Dec-11,7.06,7.40,7.01,7.36,221548
13-Dec-11,7.52,7.61,7.02,7.10,134124
12-Dec-11,7.39,7.39,7.39,7.39,0
9-Dec-11,7.17,7.40,7.16,7.30,213771
8-Dec-11,7.17,7.32,7.15,7.15,97289
7-Dec-11,7.13,7.33,7.06,7.24,233755
6-Dec-11,7.17,7.22,7.00,7.16,120347
5-Dec-11,7.57,7.65,7.09,7.15,226388
2-Dec-11,7.59,7.60,7.32,7.44,131070
1-Dec-11,7.34,7.62,7.16,7.47,115771
30-Nov-11,7.26,7.36,6.55,7.35,250168
29-Nov-11,6.91,6.91,6.91,6.91,0
28-Nov-11,7.13,7.26,6.93,7.06,97267
25-Nov-11,7.00,7.15,6.88,6.90,45163
23-Nov-11,7.03,7.03,7.03,7.03,0
22-Nov-11,7.35,7.46,7.28,7.28,66549
21-Nov-11,7.36,7.36,7.36,7.36,0
18-Nov-11,7.80,7.81,7.55,7.61,119954
17-Nov-11,8.06,8.06,7.73,7.78,122088
16-Nov-11,8.10,8.43,8.08,8.09,101906
15-Nov-11,8.05,8.26,7.91,8.22,80797
14-Nov-11,8.25,8.36,8.00,8.09,128045
11-Nov-11,8.24,8.38,8.21,8.34,143564
10-Nov-11,8.12,8.27,7.97,8.18,128995
9-Nov-11,8.29,8.41,7.95,7.99,196831
8-Nov-11,8.42,8.56,8.21,8.53,177307
7-Nov-11,8.37,8.37,8.37,8.37,0
4-Nov-11,8.16,8.38,8.07,8.37,180013
3-Nov-11,8.00,8.38,7.98,8.25,321854
2-Nov-11,7.91,7.91,7.91,7.91,0
1-Nov-11,9.05,9.31,8.82,8.90,233480
31-Oct-11,9.23,9.48,9.05,9.37,219103
28-Oct-11,9.58,9.76,9.28,9.34,226435
27-Oct-11,9.14,9.75,9.13,9.64,357070
26-Oct-11,8.90,8.99,8.62,8.82,154143
25-Oct-11,8.87,8.87,8.87,8.87,0
24-Oct-11,8.49,8.92,8.36,8.88,181424
21-Oct-11,8.67,8.67,8.67,8.67,0
20-Oct-11,8.51,8.64,8.23,8.41,167551
19-Oct-11,8.83,8.83,8.83,8.83,0
18-Oct-11,8.63,8.85,8.36,8.72,251725
17-Oct-11,8.93,9.16,8.48,8.56,126516
14-Oct-11,9.00,9.17,8.80,9.00,155556
13-Oct-11,9.01,9.01,9.01,9.01,0
12-Oct-11,8.90,9.38,8.82,9.24,177701
11-Oct-11,8.48,8.90,8.45,8.82,161583
10-Oct-11,8.58,8.79,8.31,8.52,240997
7-Oct-11,8.61,8.61,8.61,8.61,0
6-Oct-11,8.23,8.52,8.06,8.47,320906
5-Oct-11,8.03,8.45,8.00,8.22,287818
4-Oct-11,7.50,8.11,7.29,8.05,289298
3-Oct-11,8.06,8.06,8.06,8.06,0
30-Sep-11,8.30,8.57,8.07,8.09,361952
29-Sep-11,8.33,8.41,8.05,8.40,356795
