Date,Open,High,Low,Close,Volume
26-Sep-12,16.79,16.86,16.54,16.84,138928
25-Sep-12,16.97,17.04,16.71,16.75,198583
24-Sep-12,16.79,17.12,16.24,16.85,122938
21-Sep-12,16.84,16.96,16.62,16.85,238969
20-Sep-12,16.36,16.62,16.29,16.58,45419
19-Sep-12,16.95,16.96,16.43,16.52,55536
18-Sep-12,16.91,16.99,16.68,16.93,43844
17-Sep-12,17.16,17.16,16.81,16.93,47306
14-Sep-12,17.29,17.41,17.27,17.28,45591
13-Sep-12,17.13,17.24,16.58,17.20,76017
12-Sep-12,17.26,17.30,15.49,17.17,62123
11-Sep-12,17.26,17.33,17.18,17.22,54536
10-Sep-12,17.27,17.36,17.12,17.28,82776
7-Sep-12,17.32,17.32,17.12,17.23,273444
6-Sep-12,17.26,17.27,15.56,17.15,332036
5-Sep-12,17.28,17.30,16.97,17.16,156550
4-Sep-12,17.08,17.31,16.97,17.20,199237
31-Aug-12,17.32,17.32,16.91,17.10,173919
30-Aug-12,17.11,17.21,16.91,17.11,122434
29-Aug-12,17.34,17.48,17.00,17.18,266045
28-Aug-12,17.30,17.51,17.30,17.35,115611
27-Aug-12,17.90,17.94,17.28,17.31,130721
24-Aug-12,17.79,18.00,17.48,17.84,104026
23-Aug-12,17.83,17.98,17.63,17.82,96131
22-Aug-12,17.90,18.07,17.24,17.83,188637
21-Aug-12,18.25,18.44,17.93,18.00,172204
20-Aug-12,18.33,18.33,17.94,18.26,78384
17-Aug-12,18.31,18.39,18.08,18.35,154012
16-Aug-12,17.98,18.34,17.75,18.25,147229
15-Aug-12,17.89,18.13,17.65,17.98,271998
14-Aug-12,18.37,18.37,17.82,17.85,314547
13-Aug-12,18.20,18.57,17.96,18.25,377053
10-Aug-12,17.10,18.51,17.04,18.29,457848
9-Aug-12,16.37,17.57,15.87,17.51,919713
8-Aug-12,14.24,14.34,14.09,14.20,193162
7-Aug-12,14.29,14.55,14.24,14.35,135836
6-Aug-12,14.32,14.43,14.20,14.22,115434
3-Aug-12,13.81,15.20,13.50,14.32,190506
2-Aug-12,13.68,13.93,13.20,13.56,654833
1-Aug-12,14.43,14.43,13.83,13.83,268468
31-Jul-12,13.82,14.43,13.82,14.32,191108
30-Jul-12,14.01,14.06,13.59,13.84,176279
27-Jul-12,13.46,14.11,13.38,13.96,154851
26-Jul-12,13.30,13.47,13.00,13.43,106037
25-Jul-12,13.02,13.17,12.96,13.02,104748
24-Jul-12,13.11,13.11,12.87,12.99,142779
23-Jul-12,13.36,13.36,12.90,13.05,226886
20-Jul-12,13.84,13.87,13.66,13.67,122090
19-Jul-12,14.39,14.39,13.92,13.93,210122
18-Jul-12,13.89,14.30,13.60,14.29,102488
17-Jul-12,14.37,14.38,13.87,13.90,158139
16-Jul-12,14.68,14.68,14.28,14.30,117048
13-Jul-12,14.16,14.77,13.98,14.76,209397
12-Jul-12,13.63,14.10,13.51,14.04,160076
11-Jul-12,13.82,13.85,13.50,13.71,124090
10-Jul-12,13.95,13.96,13.66,13.76,126385
9-Jul-12,13.87,13.93,13.70,13.81,180166
6-Jul-12,14.00,14.17,13.77,13.87,114432
5-Jul-12,14.32,14.42,14.13,14.17,132908
3-Jul-12,14.14,14.45,14.11,14.40,104758
2-Jul-12,14.47,14.49,13.99,14.12,462229
29-Jun-12,13.62,14.42,13.54,14.40,411394
28-Jun-12,12.82,13.31,12.80,13.28,187857
27-Jun-12,12.95,13.05,12.84,12.95,153737
26-Jun-12,12.73,12.96,12.60,12.88,177214
25-Jun-12,12.63,12.77,12.61,12.66,89742
22-Jun-12,13.14,13.14,12.77,12.86,701529
21-Jun-12,13.62,13.64,12.94,13.01,238351
20-Jun-12,13.54,13.82,13.52,13.69,134939
19-Jun-12,13.44,13.59,13.28,13.53,263776
18-Jun-12,13.76,14.06,13.36,13.43,177382
15-Jun-12,13.76,14.02,13.72,13.89,385843
14-Jun-12,13.65,13.90,13.60,13.70,158301
13-Jun-12,14.08,14.08,13.67,13.74,179502
12-Jun-12,14.44,14.44,13.98,14.10,167848
11-Jun-12,15.30,15.30,14.33,14.34,257526
8-Jun-12,15.05,15.31,14.99,15.07,253816
7-Jun-12,15.14,15.39,15.07,15.11,245911
6-Jun-12,14.50,14.95,14.45,14.92,249865
5-Jun-12,13.95,14.35,13.88,14.35,262858
4-Jun-12,13.65,14.11,13.65,14.06,284837
1-Jun-12,13.48,13.67,13.34,13.55,211137
31-May-12,13.58,13.85,13.31,13.74,179661
30-May-12,13.68,13.68,13.48,13.51,315893
29-May-12,13.61,13.90,13.47,13.88,128254
25-May-12,13.62,13.68,13.36,13.44,327605
24-May-12,13.78,13.83,13.52,13.66,246803
23-May-12,13.52,13.78,13.43,13.71,610981
22-May-12,13.73,13.82,13.46,13.65,603752
21-May-12,13.71,13.76,13.37,13.68,421889
18-May-12,13.95,13.96,13.42,13.68,447247
17-May-12,14.20,14.27,13.95,13.96,465142
16-May-12,14.77,14.86,14.07,14.15,456204
15-May-12,15.11,15.11,14.51,14.74,352934
14-May-12,15.08,15.44,14.99,15.04,196106
11-May-12,15.10,15.36,15.07,15.30,145159
10-May-12,15.69,15.72,15.11,15.28,227243
9-May-12,15.66,15.87,15.50,15.58,388195
8-May-12,15.89,15.95,15.34,15.92,736930
7-May-12,16.49,16.57,15.93,15.97,295259
4-May-12,17.96,17.96,16.41,16.60,351039
3-May-12,18.61,18.69,18.42,18.55,125829
2-May-12,18.49,18.85,18.39,18.68,107117
1-May-12,18.83,19.02,18.55,18.70,214994
30-Apr-12,19.09,19.21,18.81,18.86,142223
27-Apr-12,18.86,19.18,18.61,19.10,76061
26-Apr-12,18.42,18.89,18.39,18.75,182070
25-Apr-12,18.95,19.10,18.43,18.52,200636
24-Apr-12,18.45,18.70,18.25,18.64,134049
23-Apr-12,18.66,18.71,18.40,18.45,105205
20-Apr-12,19.30,19.30,18.73,19.05,110884
19-Apr-12,19.22,19.25,18.54,18.87,144153
18-Apr-12,19.44,19.53,19.04,19.24,85264
17-Apr-12,19.43,19.85,19.43,19.62,110135
16-Apr-12,19.19,19.38,18.78,19.25,93794
13-Apr-12,19.40,19.53,19.00,19.08,95052
12-Apr-12,19.26,19.60,19.18,19.47,210441
11-Apr-12,19.49,19.49,19.22,19.29,156292
10-Apr-12,19.87,19.88,19.16,19.24,194371
9-Apr-12,19.95,20.08,19.75,19.87,90226
5-Apr-12,20.14,20.40,20.14,20.34,93164
4-Apr-12,20.92,20.96,20.35,20.45,153937
3-Apr-12,21.31,21.43,21.01,21.18,102042
2-Apr-12,21.00,21.51,20.91,21.36,128298
30-Mar-12,21.68,22.00,21.12,21.12,167750
29-Mar-12,21.31,21.55,20.99,21.48,120033
28-Mar-12,21.64,21.70,21.20,21.49,112379
27-Mar-12,21.81,21.87,21.64,21.65,92009
26-Mar-12,21.83,21.93,21.69,21.76,127304
23-Mar-12,21.38,21.62,21.18,21.59,77725
22-Mar-12,21.34,21.35,20.97,21.32,102063
21-Mar-12,21.72,21.86,21.52,21.64,67761
20-Mar-12,21.84,21.93,21.51,21.61,90525
19-Mar-12,21.83,22.35,21.72,22.07,155129
16-Mar-12,22.23,22.23,21.77,21.86,312925
15-Mar-12,21.88,22.20,21.60,22.15,260641
14-Mar-12,21.43,21.86,21.43,21.82,324549
13-Mar-12,21.60,21.60,21.34,21.45,152182
12-Mar-12,21.74,22.00,21.23,21.36,109484
9-Mar-12,21.16,22.00,21.06,21.88,378492
8-Mar-12,21.11,21.36,20.73,21.18,221165
7-Mar-12,20.66,21.04,20.50,21.01,113910
6-Mar-12,20.60,20.73,20.46,20.62,109971
5-Mar-12,20.73,20.96,20.50,20.93,102841
2-Mar-12,21.44,21.54,20.73,20.87,378653
1-Mar-12,21.69,21.84,21.42,21.46,200440
29-Feb-12,21.65,21.89,20.98,21.60,223222
28-Feb-12,22.02,22.10,21.32,21.62,312330
27-Feb-12,22.52,22.52,21.84,22.08,188302
24-Feb-12,22.64,22.82,21.69,22.63,244635
23-Feb-12,22.40,23.08,22.40,22.87,229747
22-Feb-12,22.39,22.61,22.22,22.40,64071
21-Feb-12,22.79,22.79,22.40,22.45,137138
17-Feb-12,22.88,22.88,22.44,22.76,164596
16-Feb-12,22.20,22.82,22.03,22.74,143401
15-Feb-12,22.51,22.51,22.03,22.22,101018
14-Feb-12,22.41,22.49,22.10,22.35,144253
13-Feb-12,22.10,22.56,21.26,22.50,177830
10-Feb-12,21.96,22.14,21.06,21.92,87960
9-Feb-12,22.31,22.31,22.31,22.31,0
8-Feb-12,22.10,22.60,22.08,22.21,328715
7-Feb-12,22.06,22.13,21.89,22.03,114187
6-Feb-12,22.29,22.29,22.29,22.29,0
3-Feb-12,22.53,23.00,22.33,22.44,368257
2-Feb-12,21.65,22.14,21.04,22.09,243619
1-Feb-12,21.43,21.43,21.43,21.43,0
31-Jan-12,20.86,20.90,20.55,20.80,138434
30-Jan-12,20.68,20.68,20.68,20.68,0
27-Jan-12,20.43,20.96,20.40,20.93,121870
26-Jan-12,20.73,20.80,20.46,20.56,145485
25-Jan-12,20.47,20.47,20.47,20.47,0
24-Jan-12,19.59,20.43,19.50,20.27,198089
23-Jan-12,19.98,20.09,19.55,19.70,66082
20-Jan-12,19.80,20.14,19.64,20.06,160051
19-Jan-12,19.40,19.88,19.09,19.82,140451
18-Jan-12,18.89,19.37,18.78,19.34,171915
17-Jan-12,18.56,19.03,18.56,18.86,201035
13-Jan-12,18.24,18.24,18.24,18.24,0
12-Jan-12,18.18,18.33,17.94,18.25,197087
11-Jan-12,18.23,18.40,18.06,18.14,116374
10-Jan-12,18.34,18.75,18.18,18.26,162718
9-Jan-12,18.06,18.54,17.71,18.02,213147
6-Jan-12,18.06,18.06,18.06,18.06,0
5-Jan-12,17.62,17.88,15.87,17.86,131205
4-Jan-12,17.78,17.92,17.58,17.77,88390
3-Jan-12,17.81,17.81,17.81,17.81,0
30-Dec-11,17.45,17.45,17.45,17.45,0
29-Dec-11,17.44,17.83,17.44,17.56,92452
28-Dec-11,17.31,17.31,17.31,17.31,0
27-Dec-11,17.83,18.35,17.83,18.17,117554
23-Dec-11,17.85,17.85,17.85,17.85,0
22-Dec-11,17.27,18.00,17.26,17.90,157800
21-Dec-11,17.05,17.34,16.81,17.26,142984
20-Dec-11,16.40,17.09,16.38,17.06,211943
19-Dec-11,15.59,16.40,15.59,15.98,241399
16-Dec-11,16.14,16.14,16.14,16.14,0
15-Dec-11,16.14,16.40,15.97,16.22,180731
14-Dec-11,16.07,16.07,16.07,16.07,0
13-Dec-11,16.52,17.00,16.10,16.23,195530
12-Dec-11,16.70,16.70,16.70,16.70,0
9-Dec-11,16.65,17.24,16.53,17.12,130078
8-Dec-11,17.10,17.24,16.61,16.66,101275
7-Dec-11,17.26,17.38,16.87,17.28,174783
6-Dec-11,17.64,17.80,17.35,17.44,180816
5-Dec-11,18.15,18.15,17.61,17.80,203274
2-Dec-11,17.93,18.07,17.69,17.80,89155
1-Dec-11,17.97,18.09,17.60,17.63,136536
30-Nov-11,18.02,18.02,18.02,18.02,0
29-Nov-11,16.82,16.98,16.44,16.53,90719
28-Nov-11,16.61,16.61,16.61,16.61,0
25-Nov-11,16.53,16.83,16.37,16.38,70717
23-Nov-11,16.63,16.63,16.63,16.63,0
22-Nov-11,17.69,17.73,17.35,17.36,76140
21-Nov-11,17.97,17.97,17.97,17.97,0
18-Nov-11,18.46,18.55,18.10,18.40,116473
17-Nov-11,18.49,18.49,18.49,18.49,0
16-Nov-11,19.20,19.51,18.70,18.78,108043
15-Nov-11,18.76,19.60,18.75,19.48,169738
14-Nov-11,19.40,19.60,18.75,18.93,126565
11-Nov-11,18.96,19.63,18.89,19.56,138308
10-Nov-11,18.83,18.87,18.59,18.81,208241
9-Nov-11,18.52,18.52,18.52,18.52,0
8-Nov-11,18.89,19.17,18.72,19.08,170370
7-Nov-11,18.49,18.76,18.29,18.74,148546
4-Nov-11,18.25,18.62,18.04,18.56,101950
3-Nov-11,18.32,18.32,18.32,18.32,0
2-Nov-11,17.43,17.64,17.10,17.57,139763
1-Nov-11,17.36,17.68,17.00,17.09,183891
31-Oct-11,18.59,18.68,18.11,18.14,217921
28-Oct-11,19.47,19.50,18.94,18.97,181823
27-Oct-11,18.29,19.70,18.22,19.50,241169
26-Oct-11,17.36,17.36,17.36,17.36,0
25-Oct-11,17.66,17.69,17.07,17.18,129463
24-Oct-11,17.76,17.90,17.69,17.74,253364
21-Oct-11,17.45,17.70,17.29,17.67,127868
20-Oct-11,17.07,17.14,16.41,17.12,58152
19-Oct-11,17.36,17.64,17.02,17.09,96760
18-Oct-11,17.43,17.43,17.43,17.43,0
17-Oct-11,17.51,17.66,16.77,16.87,130851
14-Oct-11,17.36,17.75,17.11,17.69,78511
13-Oct-11,17.05,17.33,16.77,17.19,75588
12-Oct-11,17.11,17.11,17.11,17.11,0
11-Oct-11,16.38,16.65,16.33,16.50,288785
10-Oct-11,16.42,16.53,16.05,16.51,160634
7-Oct-11,15.86,15.86,15.86,15.86,0
6-Oct-11,16.15,16.57,15.31,16.53,227350
5-Oct-11,16.12,16.12,16.12,16.12,0
4-Oct-11,15.22,16.48,15.10,16.14,367928
3-Oct-11,16.23,16.37,15.27,15.32,298245
30-Sep-11,16.51,17.14,16.15,16.44,241541
29-Sep-11,16.55,16.55,15.94,16.53,96305
