Date,Open,High,Low,Close,Volume
26-Sep-12,22.37,22.53,22.20,22.25,60100
25-Sep-12,22.70,22.81,22.25,22.31,101826
24-Sep-12,22.39,22.87,22.20,22.55,130499
21-Sep-12,22.89,22.89,22.13,22.53,173552
20-Sep-12,22.22,22.57,22.14,22.52,23049
19-Sep-12,22.44,22.45,22.23,22.32,19947
18-Sep-12,22.20,22.46,21.97,22.43,44849
17-Sep-12,22.09,22.24,21.82,22.20,39467
14-Sep-12,22.00,22.21,21.93,22.12,44257
13-Sep-12,21.80,22.20,21.61,22.05,39602
12-Sep-12,21.87,21.89,19.91,21.83,18718
11-Sep-12,21.76,21.90,21.64,21.76,24339
10-Sep-12,21.85,21.88,21.69,21.69,21020
7-Sep-12,21.84,21.88,21.69,21.85,60569
6-Sep-12,21.41,21.75,21.40,21.67,94727
5-Sep-12,21.53,21.53,20.95,21.26,71974
4-Sep-12,21.09,21.33,20.86,21.31,89553
31-Aug-12,21.34,21.35,20.98,21.03,53329
30-Aug-12,21.23,21.23,21.11,21.13,25088
29-Aug-12,21.25,21.47,21.05,21.36,45524
28-Aug-12,21.42,21.49,21.24,21.37,77632
27-Aug-12,21.24,21.34,21.01,21.32,43050
24-Aug-12,20.91,21.20,20.88,21.08,31321
23-Aug-12,21.36,21.36,20.96,20.99,34839
22-Aug-12,21.54,21.59,21.28,21.33,20353
21-Aug-12,21.70,22.01,21.50,21.54,64030
20-Aug-12,21.40,21.63,21.37,21.60,47739
17-Aug-12,21.28,21.53,21.23,21.51,46936
16-Aug-12,21.18,21.39,20.86,21.35,45791
15-Aug-12,20.82,21.17,20.82,21.15,56002
14-Aug-12,21.03,21.16,20.78,20.86,68760
13-Aug-12,20.90,20.98,20.56,20.94,43524
10-Aug-12,21.07,21.11,20.81,20.88,37660
9-Aug-12,21.21,21.39,20.95,21.03,31361
8-Aug-12,21.13,21.42,21.01,21.17,35034
7-Aug-12,21.19,21.43,21.01,21.17,61571
6-Aug-12,20.98,21.24,20.68,21.04,43759
3-Aug-12,20.61,21.09,20.61,21.03,65003
2-Aug-12,20.42,20.58,20.10,20.33,73827
1-Aug-12,21.03,21.17,20.56,20.58,93274
31-Jul-12,20.93,21.15,20.93,21.01,54681
30-Jul-12,21.03,21.21,20.96,21.02,46578
27-Jul-12,20.67,21.25,20.48,21.09,80156
26-Jul-12,20.82,20.82,20.45,20.63,46069
25-Jul-12,20.71,20.86,20.40,20.54,74656
24-Jul-12,20.87,20.93,20.40,20.54,105837
23-Jul-12,20.69,20.90,20.69,20.74,83866
20-Jul-12,21.14,21.26,21.02,21.06,80814
19-Jul-12,21.72,21.76,21.28,21.28,33740
18-Jul-12,21.77,21.88,21.58,21.65,69681
17-Jul-12,21.84,21.88,21.54,21.79,60193
16-Jul-12,21.80,21.88,21.66,21.70,59463
13-Jul-12,21.60,21.88,21.56,21.85,80198
12-Jul-12,21.46,21.56,21.22,21.49,92839
11-Jul-12,21.60,21.66,21.45,21.60,58355
10-Jul-12,21.88,21.88,21.48,21.60,79436
9-Jul-12,21.77,21.88,21.58,21.74,93737
6-Jul-12,21.58,21.93,21.55,21.88,72145
5-Jul-12,22.02,22.02,21.74,21.86,44353
3-Jul-12,21.88,22.02,21.67,22.02,75455
2-Jul-12,21.59,21.84,21.37,21.83,95942
29-Jun-12,21.59,21.64,21.21,21.59,128238
28-Jun-12,20.92,21.09,20.65,21.09,55726
27-Jun-12,20.69,21.11,20.56,21.03,113670
26-Jun-12,20.52,20.84,20.37,20.72,81232
25-Jun-12,20.52,20.62,20.36,20.48,51326
22-Jun-12,20.66,20.96,20.53,20.86,159968
21-Jun-12,20.92,21.05,20.38,20.50,89304
20-Jun-12,21.09,21.21,20.88,20.97,49167
19-Jun-12,20.70,21.21,20.67,21.13,127838
18-Jun-12,20.52,20.80,20.40,20.67,147442
15-Jun-12,20.42,20.72,20.30,20.64,784839
14-Jun-12,20.19,20.52,20.16,20.44,144849
13-Jun-12,20.13,20.54,20.10,20.17,103914
12-Jun-12,20.11,20.21,19.92,20.15,128068
11-Jun-12,20.68,20.68,19.92,19.92,146290
8-Jun-12,20.01,20.48,19.96,20.34,96727
7-Jun-12,20.19,20.39,20.04,20.09,156556
6-Jun-12,19.60,19.96,19.60,19.95,135438
5-Jun-12,19.20,19.50,19.20,19.49,182734
4-Jun-12,19.29,19.46,19.19,19.27,103651
1-Jun-12,19.47,19.67,19.21,19.22,185245
31-May-12,19.73,20.06,19.64,19.87,190443
30-May-12,20.07,20.07,19.70,19.71,127384
29-May-12,20.35,20.45,20.12,20.36,93003
25-May-12,20.27,20.39,20.09,20.24,137458
24-May-12,20.07,20.30,19.75,20.27,110627
23-May-12,19.95,20.10,19.77,19.98,159957
22-May-12,20.14,20.41,20.01,20.13,142007
21-May-12,20.09,20.37,19.95,20.14,177594
18-May-12,20.20,20.31,20.00,20.03,194141
17-May-12,20.13,20.48,20.04,20.08,210637
16-May-12,20.31,20.50,20.11,20.13,137066
15-May-12,20.30,20.48,20.18,20.27,152696
14-May-12,20.21,20.43,20.10,20.27,122257
11-May-12,20.26,20.51,20.19,20.42,119948
10-May-12,20.22,20.53,20.21,20.51,106745
9-May-12,20.13,20.45,20.00,20.06,64420
8-May-12,20.00,20.39,20.00,20.33,134763
7-May-12,20.00,20.43,20.00,20.12,147560
4-May-12,20.07,20.70,19.79,20.08,217091
3-May-12,20.35,20.60,20.00,20.18,114480
2-May-12,20.20,20.44,20.06,20.38,71771
1-May-12,20.52,21.00,20.33,20.36,94791
30-Apr-12,21.04,21.04,20.52,20.55,116887
27-Apr-12,20.73,21.07,20.53,21.05,86349
26-Apr-12,20.68,20.86,20.52,20.71,70585
25-Apr-12,21.18,21.27,20.67,20.77,125169
24-Apr-12,21.04,21.12,20.85,20.96,117169
23-Apr-12,20.79,21.17,20.77,21.10,141374
20-Apr-12,21.18,21.39,20.78,21.19,138365
19-Apr-12,20.89,21.08,20.56,20.68,69868
18-Apr-12,21.35,21.35,20.75,20.88,102574
17-Apr-12,21.39,21.71,21.33,21.48,73889
16-Apr-12,20.88,21.32,20.80,21.16,50115
13-Apr-12,21.24,21.35,20.79,20.81,74345
12-Apr-12,21.28,21.46,21.15,21.39,65796
11-Apr-12,21.07,21.24,20.95,21.24,81838
10-Apr-12,21.26,21.26,20.81,20.90,114746
9-Apr-12,21.17,21.42,21.04,21.26,76365
5-Apr-12,21.54,21.84,21.48,21.64,82781
4-Apr-12,22.02,22.14,21.72,21.80,56800
3-Apr-12,22.41,22.50,22.12,22.35,75738
2-Apr-12,22.03,22.48,21.90,22.48,91571
30-Mar-12,22.49,22.49,22.00,22.08,137561
29-Mar-12,22.16,22.34,21.82,22.29,87116
28-Mar-12,22.08,22.51,22.08,22.39,148795
27-Mar-12,22.36,22.56,22.10,22.11,150624
26-Mar-12,22.16,22.51,22.09,22.39,178370
23-Mar-12,21.76,21.99,21.39,21.98,200163
22-Mar-12,21.91,22.12,21.58,21.85,159496
21-Mar-12,22.33,22.38,22.12,22.15,121330
20-Mar-12,22.29,22.48,22.18,22.25,137133
19-Mar-12,22.17,22.71,21.98,22.45,93255
16-Mar-12,22.23,22.45,22.01,22.19,133790
15-Mar-12,21.88,22.17,21.66,22.12,82175
14-Mar-12,22.14,22.18,21.60,21.74,81083
13-Mar-12,21.72,22.20,21.58,22.18,109545
12-Mar-12,21.64,21.66,21.34,21.49,79731
9-Mar-12,21.29,21.81,21.29,21.55,86416
8-Mar-12,21.24,21.34,20.83,21.29,58414
7-Mar-12,20.85,21.19,20.75,21.05,84065
6-Mar-12,21.06,21.22,20.75,20.76,138786
5-Mar-12,21.23,21.55,21.11,21.30,124724
2-Mar-12,21.88,21.88,21.19,21.33,130409
1-Mar-12,21.93,22.82,21.77,21.83,369868
29-Feb-12,22.22,22.44,21.77,21.81,178626
28-Feb-12,22.43,22.43,21.96,22.08,137330
27-Feb-12,22.35,22.70,22.07,22.53,52176
24-Feb-12,22.89,22.89,22.51,22.54,72029
23-Feb-12,22.40,22.99,22.32,22.92,75372
22-Feb-12,22.82,23.10,22.32,22.32,104847
21-Feb-12,22.77,22.90,22.17,22.84,91978
17-Feb-12,22.87,22.98,22.60,22.70,54884
16-Feb-12,22.23,22.81,22.12,22.73,86891
15-Feb-12,22.58,22.58,22.14,22.22,86335
14-Feb-12,22.61,22.61,22.08,22.43,158784
13-Feb-12,22.61,22.76,22.45,22.69,58839
10-Feb-12,22.64,22.71,22.31,22.31,92669
9-Feb-12,22.91,22.91,22.91,22.91,0
8-Feb-12,23.02,23.42,22.95,23.13,56474
7-Feb-12,22.99,23.25,22.85,23.13,114355
6-Feb-12,23.23,23.37,22.90,23.06,92583
3-Feb-12,23.37,23.37,23.37,23.37,0
2-Feb-12,22.96,23.00,22.88,22.98,133446
1-Feb-12,22.65,23.02,22.59,22.97,221257
31-Jan-12,22.55,22.66,22.33,22.50,202163
30-Jan-12,22.42,22.64,22.36,22.51,111781
27-Jan-12,22.73,22.93,22.57,22.63,120613
26-Jan-12,23.20,23.20,22.69,22.83,127018
25-Jan-12,23.19,23.19,23.19,23.19,0
24-Jan-12,23.19,23.41,22.69,23.17,89643
23-Jan-12,23.80,24.10,23.36,23.48,107949
20-Jan-12,23.90,23.90,23.90,23.90,0
19-Jan-12,23.65,23.69,23.36,23.52,46404
18-Jan-12,23.27,23.71,23.23,23.67,60232
17-Jan-12,23.27,23.50,23.07,23.31,148187
13-Jan-12,23.14,23.14,23.14,23.14,0
12-Jan-12,23.06,23.06,23.06,23.06,0
11-Jan-12,22.78,23.08,22.69,23.06,108328
10-Jan-12,22.97,22.97,22.48,22.91,121089
9-Jan-12,22.45,22.67,22.18,22.65,81227
6-Jan-12,22.73,22.73,22.24,22.31,88834
5-Jan-12,22.69,22.69,22.69,22.69,0
4-Jan-12,22.41,22.59,22.19,22.47,53658
3-Jan-12,22.68,22.95,22.25,22.66,97778
30-Dec-11,22.13,22.13,22.13,22.13,0
29-Dec-11,22.21,22.63,22.21,22.56,70847
28-Dec-11,22.43,22.51,22.07,22.11,51545
27-Dec-11,22.20,22.56,21.83,22.42,38523
23-Dec-11,22.27,22.27,22.27,22.27,0
22-Dec-11,22.47,22.47,22.47,22.47,0
21-Dec-11,21.94,22.23,21.70,22.16,92159
20-Dec-11,21.69,22.00,21.58,21.93,117351
19-Dec-11,21.77,21.99,21.15,21.16,70122
16-Dec-11,21.73,22.00,21.36,21.53,291564
15-Dec-11,21.25,21.56,21.10,21.47,192328
14-Dec-11,20.75,21.26,20.75,20.79,86946
13-Dec-11,21.52,21.74,20.84,20.95,78059
12-Dec-11,21.17,21.34,20.93,21.33,65726
9-Dec-11,20.96,21.68,20.91,21.50,135563
8-Dec-11,21.08,21.08,21.08,21.08,0
7-Dec-11,21.39,21.76,20.96,21.42,162113
6-Dec-11,21.69,21.80,21.49,21.57,114628
5-Dec-11,21.55,21.55,21.55,21.55,0
2-Dec-11,21.33,21.54,21.16,21.31,69120
1-Dec-11,21.13,21.29,20.75,21.01,110021
30-Nov-11,20.37,21.31,20.03,21.30,272389
29-Nov-11,19.83,19.94,19.53,19.60,39559
28-Nov-11,19.69,19.69,19.69,19.69,0
25-Nov-11,19.52,19.87,19.26,19.26,55453
23-Nov-11,19.52,19.52,19.52,19.52,0
22-Nov-11,20.27,20.27,20.27,20.27,0
21-Nov-11,20.52,20.71,20.30,20.34,83292
18-Nov-11,20.69,20.95,20.40,20.94,98466
17-Nov-11,21.04,21.04,21.04,21.04,0
16-Nov-11,21.15,21.55,20.89,20.93,97092
15-Nov-11,20.93,21.82,20.81,21.60,79311
14-Nov-11,21.27,21.27,21.27,21.27,0
11-Nov-11,21.61,21.90,21.52,21.86,71106
10-Nov-11,21.48,21.65,21.20,21.37,55504
9-Nov-11,21.12,21.12,21.12,21.12,0
8-Nov-11,22.23,22.54,21.57,22.47,72467
7-Nov-11,21.38,21.38,21.38,21.38,0
4-Nov-11,21.72,21.86,21.40,21.74,47504
3-Nov-11,21.60,22.08,20.68,21.99,81030
2-Nov-11,21.19,21.19,21.19,21.19,0
1-Nov-11,20.69,21.52,20.32,20.53,119672
31-Oct-11,21.44,22.06,21.40,21.52,109093
28-Oct-11,21.89,21.89,21.89,21.89,0
27-Oct-11,21.44,22.43,20.07,22.16,246573
26-Oct-11,20.70,20.76,20.10,20.72,103813
25-Oct-11,21.43,21.48,20.25,20.35,91864
24-Oct-11,21.06,21.69,20.81,21.55,95943
21-Oct-11,20.92,21.06,20.43,21.04,106367
20-Oct-11,19.97,19.97,19.97,19.97,0
19-Oct-11,20.74,20.82,20.12,20.21,115234
18-Oct-11,20.89,20.89,20.89,20.89,0
17-Oct-11,20.19,20.45,19.58,19.62,114067
14-Oct-11,20.37,20.57,19.86,20.45,101524
13-Oct-11,20.22,20.42,19.69,20.10,60510
12-Oct-11,19.92,19.92,19.92,19.92,0
11-Oct-11,19.56,20.11,19.56,19.81,217183
10-Oct-11,19.26,19.94,19.14,19.92,136175
7-Oct-11,19.01,19.01,19.01,19.01,0
6-Oct-11,19.35,19.91,19.03,19.86,120325
5-Oct-11,19.22,19.54,18.94,19.37,124534
4-Oct-11,17.47,19.34,17.47,19.25,202545
3-Oct-11,18.44,18.96,17.60,17.60,142739
30-Sep-11,18.51,18.98,18.37,18.62,179132
29-Sep-11,18.40,18.90,18.19,18.84,156965
