Date,Open,High,Low,Close,Volume
27-Sep-12,20.29,20.29,19.90,20.06,8929
26-Sep-12,20.50,20.57,20.00,20.21,30501
25-Sep-12,20.85,20.92,20.50,20.60,17457
24-Sep-12,20.77,21.00,20.77,20.85,12802
21-Sep-12,20.88,20.95,20.77,20.77,14903
20-Sep-12,20.93,20.93,20.85,20.85,1209
19-Sep-12,20.89,21.00,20.81,20.98,2623
18-Sep-12,21.22,21.25,20.89,21.00,4732
17-Sep-12,21.37,21.37,20.98,21.22,6026
14-Sep-12,21.30,21.50,21.28,21.30,4699
13-Sep-12,21.25,21.33,21.14,21.25,7460
12-Sep-12,20.70,21.37,20.70,21.37,4833
11-Sep-12,20.96,20.93,20.62,20.93,3364
10-Sep-12,21.34,21.34,20.84,20.84,13910
7-Sep-12,21.45,21.50,20.82,21.29,63457
6-Sep-12,20.59,21.40,20.59,21.33,29303
5-Sep-12,20.54,20.69,20.28,20.45,18136
4-Sep-12,20.50,20.69,20.28,20.55,19110
31-Aug-12,20.14,20.60,20.02,20.60,23014
30-Aug-12,20.18,20.18,20.02,20.02,3336
29-Aug-12,20.13,20.30,20.05,20.28,9179
28-Aug-12,20.20,20.28,19.94,20.02,31646
27-Aug-12,20.32,20.66,20.04,20.06,7586
24-Aug-12,20.38,20.82,20.15,20.35,4758
23-Aug-12,20.79,20.79,20.30,20.45,6358
22-Aug-12,21.02,21.26,20.76,20.80,5356
21-Aug-12,21.00,21.25,20.85,21.04,17981
20-Aug-12,21.10,21.33,20.99,21.10,5802
17-Aug-12,20.94,21.24,20.94,21.19,15604
16-Aug-12,20.85,21.00,20.85,20.95,22414
15-Aug-12,21.09,21.18,20.87,21.00,22514
14-Aug-12,21.31,21.34,20.85,21.12,21301
13-Aug-12,20.48,21.51,20.48,21.32,12321
10-Aug-12,21.42,21.49,21.27,21.36,3121
9-Aug-12,21.23,21.50,21.13,21.50,19902
8-Aug-12,21.33,21.39,21.08,21.25,5430
7-Aug-12,21.09,21.50,20.87,21.50,27210
6-Aug-12,21.20,21.25,20.46,21.13,2878
3-Aug-12,20.71,21.25,20.36,21.16,6693
2-Aug-12,20.12,20.61,20.01,20.48,8324
1-Aug-12,20.12,20.32,20.01,20.01,12615
31-Jul-12,20.23,20.28,20.07,20.16,11308
30-Jul-12,20.18,20.68,20.05,20.29,6855
27-Jul-12,20.21,20.52,20.01,20.25,9443
26-Jul-12,20.28,20.60,20.07,20.07,15938
25-Jul-12,20.13,20.30,20.00,20.06,22485
24-Jul-12,20.41,20.41,19.60,19.62,7230
23-Jul-12,20.94,20.96,20.27,20.36,8785
20-Jul-12,21.12,21.44,21.12,21.12,6372
19-Jul-12,21.41,21.54,21.21,21.21,3230
18-Jul-12,21.33,21.58,21.27,21.40,4482
17-Jul-12,21.55,21.63,21.24,21.24,9073
16-Jul-12,21.41,21.57,21.41,21.41,1080
13-Jul-12,21.50,21.50,21.00,21.44,8167
12-Jul-12,21.01,21.49,21.01,21.31,7694
11-Jul-12,21.50,21.64,21.48,21.49,14252
10-Jul-12,21.50,21.69,21.03,21.50,11110
9-Jul-12,21.55,21.68,21.26,21.48,8694
6-Jul-12,21.32,21.58,21.32,21.51,13401
5-Jul-12,20.47,21.50,20.30,21.50,3985
3-Jul-12,21.50,21.50,21.32,21.50,6578
2-Jul-12,21.50,21.50,21.39,21.50,21661
29-Jun-12,21.46,21.74,21.01,21.49,24765
28-Jun-12,21.15,21.55,20.94,21.04,16879
27-Jun-12,21.01,21.49,21.01,21.48,12891
26-Jun-12,20.59,21.14,20.52,21.00,38374
25-Jun-12,20.93,20.93,19.89,20.60,39002
22-Jun-12,21.68,21.77,20.73,21.10,873528
21-Jun-12,21.47,21.80,21.11,21.49,34429
20-Jun-12,21.51,21.78,21.06,21.78,38047
19-Jun-12,21.64,21.84,21.20,21.68,28878
18-Jun-12,21.70,21.92,21.10,21.51,51232
15-Jun-12,21.95,22.00,20.98,21.62,32390
14-Jun-12,21.69,21.96,21.12,21.84,36516
13-Jun-12,21.11,21.53,20.28,21.53,6835
12-Jun-12,20.63,21.34,20.22,20.99,9737
11-Jun-12,21.71,21.82,20.30,20.43,20041
8-Jun-12,21.87,21.92,21.33,21.69,33231
7-Jun-12,21.52,21.57,21.33,21.48,7010
6-Jun-12,21.63,21.73,21.36,21.45,7991
5-Jun-12,21.56,21.87,21.45,21.52,2643
4-Jun-12,21.40,21.93,21.32,21.63,14488
1-Jun-12,21.56,21.89,21.49,21.88,1624
31-May-12,21.67,21.98,21.01,21.74,8498
30-May-12,21.78,21.84,21.54,21.84,1234
29-May-12,21.78,21.92,21.70,21.91,4454
25-May-12,21.68,21.92,21.65,21.90,4362
24-May-12,21.80,21.94,21.80,21.90,2917
23-May-12,21.68,21.97,21.68,21.68,2978
22-May-12,21.68,21.99,21.68,21.74,2567
21-May-12,21.82,21.94,21.62,21.65,2048
18-May-12,21.85,22.00,21.70,21.78,2243
17-May-12,21.77,21.92,21.52,21.89,1650
16-May-12,21.81,21.98,21.70,21.82,5417
15-May-12,21.97,22.00,21.75,21.97,9149
14-May-12,21.83,21.99,21.83,21.88,2259
11-May-12,21.79,22.00,21.79,22.00,12021
10-May-12,21.91,21.98,21.75,21.93,5212
9-May-12,21.89,21.99,21.75,21.95,4359
8-May-12,21.55,22.02,21.55,21.95,14355
7-May-12,21.76,22.00,21.74,21.88,13289
4-May-12,21.90,22.09,21.59,21.89,8425
3-May-12,21.90,22.00,21.80,22.00,8976
2-May-12,21.70,22.04,21.70,22.00,11916
1-May-12,21.95,22.00,21.76,21.90,2363
30-Apr-12,21.93,22.10,21.85,21.94,14990
27-Apr-12,21.77,22.07,21.60,21.89,6755
26-Apr-12,21.81,21.97,21.70,21.70,19480
25-Apr-12,22.12,22.12,21.45,21.80,7955
24-Apr-12,21.94,22.15,21.94,22.10,6063
23-Apr-12,21.95,22.04,21.83,22.04,2976
20-Apr-12,22.14,22.15,22.03,22.13,1704
19-Apr-12,22.14,22.15,21.77,22.00,5530
18-Apr-12,21.85,22.07,21.85,22.04,8377
17-Apr-12,22.07,22.22,22.07,22.12,7595
16-Apr-12,21.40,22.15,21.40,22.15,11713
13-Apr-12,21.85,22.00,20.88,21.99,4700
12-Apr-12,21.89,22.00,21.10,21.87,11993
11-Apr-12,21.91,21.99,21.63,21.89,3766
10-Apr-12,21.80,21.80,21.35,21.75,1982
9-Apr-12,21.79,21.79,21.45,21.76,3016
5-Apr-12,21.94,21.97,21.16,21.97,7739
4-Apr-12,21.71,21.91,21.51,21.82,1197
3-Apr-12,21.54,21.99,21.46,21.84,7064
2-Apr-12,21.50,21.50,21.08,21.42,3759
30-Mar-12,21.02,21.71,21.01,21.52,4480
29-Mar-12,21.62,21.62,21.02,21.38,1568
28-Mar-12,21.99,21.99,21.76,21.77,3200
27-Mar-12,21.80,22.14,21.64,22.14,3681
26-Mar-12,21.37,21.90,20.86,21.88,4178
23-Mar-12,21.90,21.91,21.81,21.81,2600
22-Mar-12,21.89,22.24,21.40,21.90,6312
21-Mar-12,21.18,22.14,21.18,22.14,4389
20-Mar-12,21.14,21.19,20.91,21.17,9051
19-Mar-12,20.77,21.00,20.77,20.89,2239
16-Mar-12,20.84,20.99,20.75,20.85,7678
15-Mar-12,20.75,20.75,20.75,20.75,318
14-Mar-12,20.72,20.89,20.50,20.71,2720
13-Mar-12,20.78,20.80,20.52,20.75,4607
12-Mar-12,20.73,20.84,20.73,20.80,900
9-Mar-12,20.74,20.74,20.49,20.73,4592
8-Mar-12,20.50,20.77,20.50,20.57,1057
7-Mar-12,20.26,20.59,20.11,20.52,3938
6-Mar-12,20.55,20.68,20.00,20.07,4128
5-Mar-12,20.49,20.88,20.49,20.78,3192
2-Mar-12,20.44,20.50,20.22,20.50,3829
1-Mar-12,19.96,20.29,19.96,20.20,8342
29-Feb-12,20.01,20.08,19.93,20.00,6930
28-Feb-12,20.00,20.10,19.95,20.09,35316
27-Feb-12,19.95,20.10,19.95,20.10,6114
24-Feb-12,19.94,20.00,19.94,20.00,1100
23-Feb-12,19.98,20.00,19.88,19.95,3059
22-Feb-12,19.82,20.02,19.75,20.00,37068
21-Feb-12,19.96,20.03,19.82,19.91,36463
17-Feb-12,20.00,20.11,19.90,20.02,19493
16-Feb-12,19.94,20.07,19.92,19.99,5776
15-Feb-12,19.78,20.03,19.78,20.03,5859
14-Feb-12,19.88,20.01,19.88,20.00,3956
13-Feb-12,20.10,20.22,19.99,19.99,4026
10-Feb-12,19.99,20.00,19.75,19.98,7189
9-Feb-12,20.09,20.09,19.96,20.00,5927
8-Feb-12,20.05,20.05,19.80,19.92,1410
7-Feb-12,20.07,20.07,20.07,20.07,299
6-Feb-12,20.06,20.07,19.90,19.90,1703
3-Feb-12,20.05,20.05,19.93,19.97,3160
2-Feb-12,19.81,20.09,19.81,20.07,5440
1-Feb-12,20.05,20.05,19.90,19.90,3145
31-Jan-12,20.15,20.15,19.80,20.09,9405
30-Jan-12,19.80,20.00,19.73,20.00,3893
27-Jan-12,19.80,19.99,19.80,19.99,7749
26-Jan-12,19.69,19.86,19.65,19.83,15198
25-Jan-12,19.08,19.80,19.08,19.80,24157
24-Jan-12,18.85,19.14,18.25,19.14,4860
23-Jan-12,18.68,19.06,18.25,18.75,5019
20-Jan-12,19.13,19.13,18.30,18.77,801
19-Jan-12,18.90,19.30,18.53,19.00,1700
18-Jan-12,18.76,18.92,18.76,18.92,619
17-Jan-12,18.29,18.76,18.29,18.76,4855
13-Jan-12,18.17,18.17,18.17,18.17,0
12-Jan-12,19.00,19.00,18.07,18.26,6405
11-Jan-12,19.02,19.05,18.53,19.01,1230
10-Jan-12,18.45,19.33,17.93,19.10,4963
9-Jan-12,18.08,18.45,17.72,18.37,3490
6-Jan-12,18.33,18.38,18.02,18.02,2402
5-Jan-12,17.79,18.35,17.79,18.25,5900
4-Jan-12,17.79,17.88,17.60,17.88,5511
3-Jan-12,17.51,17.99,17.51,17.76,4574
30-Dec-11,17.51,17.51,17.51,17.51,0
29-Dec-11,17.59,17.82,17.27,17.44,56106
28-Dec-11,17.47,17.80,17.44,17.53,19143
27-Dec-11,17.90,17.92,17.36,17.36,5003
23-Dec-11,17.89,17.89,17.89,17.89,0
22-Dec-11,17.37,17.57,17.29,17.57,3117
21-Dec-11,17.20,17.37,17.10,17.37,10308
20-Dec-11,17.11,17.19,17.00,17.19,11050
19-Dec-11,17.00,17.02,16.95,16.95,5320
16-Dec-11,17.35,17.35,16.99,16.99,8233
15-Dec-11,17.28,17.28,17.10,17.10,1758
14-Dec-11,17.60,17.60,17.28,17.29,1432
13-Dec-11,17.72,17.72,17.50,17.50,2505
12-Dec-11,17.65,17.72,17.50,17.50,3152
9-Dec-11,17.68,17.75,17.65,17.75,1894
8-Dec-11,17.83,17.83,17.62,17.62,2316
7-Dec-11,18.04,18.04,17.75,17.78,3626
6-Dec-11,18.14,18.14,17.97,18.00,1812
5-Dec-11,18.10,18.10,18.10,18.10,100
2-Dec-11,18.32,18.32,18.11,18.28,700
1-Dec-11,18.25,18.25,18.06,18.15,2178
30-Nov-11,18.28,18.42,18.28,18.34,26233
29-Nov-11,18.15,18.21,18.15,18.17,1145
28-Nov-11,18.45,18.45,18.26,18.26,2000
25-Nov-11,18.01,18.34,18.01,18.30,1400
23-Nov-11,18.47,18.47,18.47,18.47,0
22-Nov-11,18.66,18.66,18.45,18.45,667
21-Nov-11,18.70,18.70,18.45,18.52,1843
18-Nov-11,18.60,18.73,18.60,18.73,700
17-Nov-11,18.49,18.51,18.28,18.45,2500
16-Nov-11,18.78,18.98,18.01,18.40,29586
15-Nov-11,18.90,18.90,18.90,18.90,100
14-Nov-11,18.87,19.13,18.80,18.99,2649
11-Nov-11,18.85,19.02,18.85,19.02,1100
10-Nov-11,18.86,19.01,18.81,18.85,5346
9-Nov-11,19.02,19.02,18.91,18.91,1326
8-Nov-11,18.91,19.17,18.84,19.15,1995
7-Nov-11,18.92,18.92,18.92,18.92,103
4-Nov-11,18.80,19.21,18.80,19.10,1657
3-Nov-11,18.87,19.29,18.86,19.06,1181
2-Nov-11,19.18,19.21,19.14,19.17,2339
1-Nov-11,18.99,19.05,18.92,19.05,2201
31-Oct-11,19.21,19.21,18.95,18.95,1191
28-Oct-11,19.12,19.12,19.12,19.12,1500
27-Oct-11,19.19,19.24,18.92,18.92,2344
26-Oct-11,19.36,19.36,19.16,19.21,750
25-Oct-11,19.20,19.22,18.92,18.92,2930
24-Oct-11,19.24,19.30,19.04,19.20,4698
21-Oct-11,19.02,19.32,19.02,19.26,2253
20-Oct-11,19.00,19.25,19.00,19.25,8377
19-Oct-11,19.00,19.02,19.00,19.02,2700
18-Oct-11,19.20,19.20,18.91,19.12,4200
17-Oct-11,19.13,19.20,18.98,19.20,4569
14-Oct-11,18.72,19.16,18.70,18.95,4188
12-Oct-11,18.93,18.93,18.93,18.93,0
11-Oct-11,18.92,19.24,18.78,19.04,4000
10-Oct-11,19.23,19.25,19.20,19.25,400
7-Oct-11,19.03,19.30,18.85,19.00,1660
6-Oct-11,19.00,19.11,18.99,19.05,1420
5-Oct-11,19.12,19.12,18.85,19.00,3335
4-Oct-11,18.71,19.30,18.71,19.20,1550
3-Oct-11,19.20,19.25,18.96,19.25,4864
30-Sep-11,18.90,19.35,18.90,19.35,4278
29-Sep-11,19.32,19.32,18.99,19.32,2100
