Date,Open,High,Low,Close,Volume
27-Sep-12,54.62,55.76,54.48,55.70,4605
26-Sep-12,54.34,55.15,53.90,54.13,17739
25-Sep-12,54.41,55.70,54.21,54.77,25545
24-Sep-12,53.45,54.52,53.14,54.39,13758
21-Sep-12,54.05,54.16,52.61,53.08,64620
20-Sep-12,53.22,53.52,52.26,53.24,3404
19-Sep-12,53.46,53.60,52.95,53.50,8767
18-Sep-12,52.82,53.55,52.04,53.55,16142
17-Sep-12,52.77,53.21,52.22,53.06,13790
14-Sep-12,52.88,53.29,52.54,53.05,11977
13-Sep-12,52.77,53.26,52.19,52.90,12661
12-Sep-12,52.98,53.01,52.15,53.00,4588
11-Sep-12,52.12,53.03,52.12,52.70,8315
10-Sep-12,52.81,52.81,51.87,52.06,6152
7-Sep-12,52.62,53.08,51.29,52.65,28481
6-Sep-12,51.77,52.90,51.73,52.28,28840
5-Sep-12,51.86,52.36,51.50,51.81,21645
4-Sep-12,51.77,52.61,50.93,52.16,49611
31-Aug-12,52.16,52.39,51.01,51.47,18836
30-Aug-12,51.65,52.00,50.02,51.75,9322
29-Aug-12,52.05,52.59,51.33,51.82,19504
28-Aug-12,53.00,53.50,51.54,52.01,20592
27-Aug-12,52.33,53.13,51.32,53.12,8026
24-Aug-12,51.70,52.50,51.70,52.29,6776
23-Aug-12,51.07,52.35,50.88,51.94,22746
22-Aug-12,51.01,51.42,50.58,50.93,17681
21-Aug-12,51.84,52.00,51.00,51.35,12505
20-Aug-12,52.00,52.00,51.08,51.98,20483
17-Aug-12,51.92,53.76,51.66,52.28,33591
16-Aug-12,51.87,52.25,50.72,51.94,42281
15-Aug-12,50.76,52.00,50.55,51.80,26031
14-Aug-12,51.06,51.51,50.48,50.67,7347
13-Aug-12,51.80,51.91,48.94,50.99,27775
10-Aug-12,52.39,52.81,51.50,51.67,6202
9-Aug-12,51.95,51.95,50.50,51.47,8690
8-Aug-12,52.15,52.15,51.52,51.76,4343
7-Aug-12,52.50,52.77,51.51,52.14,18353
6-Aug-12,51.97,53.26,51.60,52.25,26375
3-Aug-12,52.27,52.79,51.66,51.74,16767
2-Aug-12,50.46,52.00,49.97,51.68,13894
1-Aug-12,51.05,52.26,50.12,50.26,29183
31-Jul-12,51.57,52.60,50.90,51.02,19705
30-Jul-12,51.75,52.93,51.42,51.66,12401
27-Jul-12,51.79,52.00,51.55,51.75,19709
26-Jul-12,51.38,52.95,51.18,51.57,22849
25-Jul-12,51.95,51.95,50.55,50.88,12601
24-Jul-12,52.18,52.25,51.10,51.58,16874
23-Jul-12,52.10,52.57,52.00,52.08,7387
20-Jul-12,52.29,53.00,52.18,52.65,15357
19-Jul-12,53.00,53.45,52.58,52.58,21858
18-Jul-12,53.00,53.34,52.80,52.94,40848
17-Jul-12,52.79,53.15,52.53,53.00,26092
16-Jul-12,52.80,53.06,52.69,52.81,16514
13-Jul-12,52.50,53.15,52.06,52.74,54928
12-Jul-12,52.05,52.55,51.78,52.47,31216
11-Jul-12,51.75,53.06,51.75,52.53,46054
10-Jul-12,52.25,52.25,51.50,51.68,34328
9-Jul-12,53.35,53.35,51.70,52.23,25468
6-Jul-12,50.81,54.30,50.81,53.53,17308
5-Jul-12,49.68,51.25,49.56,51.08,92536
3-Jul-12,50.23,50.66,49.63,50.03,11756
2-Jul-12,50.24,50.94,49.62,50.03,49957
29-Jun-12,50.63,50.92,49.55,50.04,43085
28-Jun-12,49.41,49.98,47.38,49.86,20754
27-Jun-12,49.34,51.34,49.15,49.92,30752
26-Jun-12,49.59,49.62,49.00,49.45,18272
25-Jun-12,48.39,49.80,46.29,49.27,53758
22-Jun-12,49.75,50.56,48.81,49.38,1022343
21-Jun-12,49.40,49.80,47.87,49.35,57482
20-Jun-12,49.71,49.98,47.98,49.26,30747
19-Jun-12,49.40,50.10,48.27,49.40,31596
18-Jun-12,49.31,53.56,48.05,48.59,42832
15-Jun-12,49.75,50.75,48.94,49.70,62374
14-Jun-12,49.21,50.78,47.60,50.00,38711
13-Jun-12,46.02,48.98,46.02,48.98,22312
12-Jun-12,47.46,47.99,46.00,46.88,21500
11-Jun-12,48.07,48.19,46.30,46.47,36374
8-Jun-12,48.30,48.44,47.11,48.10,25455
7-Jun-12,48.41,48.85,47.66,48.02,16876
6-Jun-12,48.33,48.50,47.03,47.79,23904
5-Jun-12,47.79,48.24,47.10,47.75,31518
4-Jun-12,47.73,48.46,47.37,47.85,24987
1-Jun-12,46.87,48.42,46.00,47.69,92207
31-May-12,47.26,48.87,46.71,47.93,15620
30-May-12,48.88,48.88,45.81,47.51,20023
29-May-12,48.56,49.41,47.64,49.21,13952
25-May-12,48.98,49.12,47.28,48.07,8340
24-May-12,47.68,49.36,47.13,48.42,6922
23-May-12,49.09,49.09,46.62,48.01,11400
22-May-12,48.25,49.85,47.02,49.14,12629
21-May-12,48.03,49.14,47.19,48.66,16667
18-May-12,48.69,50.00,46.72,47.98,19933
17-May-12,50.13,50.13,47.33,48.67,16182
16-May-12,49.99,50.01,49.16,49.99,8000
15-May-12,49.50,51.61,48.50,49.89,28317
14-May-12,49.22,50.75,49.22,49.80,26817
11-May-12,46.54,58.38,46.54,49.81,42285
10-May-12,47.30,47.43,46.00,47.00,13948
9-May-12,46.26,48.35,46.00,46.93,11784
8-May-12,47.34,47.70,46.25,46.25,14167
7-May-12,46.32,48.14,46.32,47.49,11980
4-May-12,47.29,47.81,46.43,46.80,12401
3-May-12,48.00,48.00,47.04,47.86,22276
2-May-12,48.74,48.74,47.65,47.84,20632
1-May-12,46.16,48.35,46.16,47.36,22992
30-Apr-12,45.91,48.79,45.46,45.75,7650
27-Apr-12,45.25,46.33,44.68,45.89,8725
26-Apr-12,44.57,45.90,43.82,45.06,11150
25-Apr-12,46.36,47.11,44.00,44.80,21041
24-Apr-12,42.99,46.47,42.99,45.57,8250
23-Apr-12,41.91,44.06,41.27,42.44,26534
20-Apr-12,41.61,43.96,41.61,42.12,499698
19-Apr-12,42.14,45.62,41.27,41.58,9124
18-Apr-12,40.52,42.24,40.45,42.13,1004816
17-Apr-12,40.53,42.73,39.76,40.47,426357
16-Apr-12,40.06,40.49,39.94,40.49,4600
13-Apr-12,39.99,40.00,39.76,39.94,2800
12-Apr-12,40.24,40.25,39.96,40.00,3500
11-Apr-12,40.25,40.25,39.25,39.91,37154
10-Apr-12,39.83,40.15,39.53,40.15,3300
9-Apr-12,41.18,41.18,39.29,39.82,1556
5-Apr-12,41.50,41.50,40.33,40.60,3100
4-Apr-12,42.00,43.14,41.25,41.38,2660
3-Apr-12,43.00,43.12,41.92,42.00,6176
2-Apr-12,44.96,44.96,41.00,42.49,45714
30-Mar-12,39.54,44.96,39.54,43.99,51600
29-Mar-12,39.37,40.39,39.00,39.50,1436
28-Mar-12,39.59,39.59,39.04,39.50,3000
27-Mar-12,40.33,40.33,39.95,40.00,4450
26-Mar-12,40.21,40.24,39.92,40.10,6009
23-Mar-12,39.45,40.24,39.45,40.24,5476
22-Mar-12,39.70,40.98,39.70,39.90,2100
21-Mar-12,38.42,43.57,38.00,40.00,3287
20-Mar-12,35.03,37.70,35.03,37.60,12558
19-Mar-12,35.38,35.38,35.25,35.25,2100
16-Mar-12,34.95,35.56,34.50,35.56,5087
15-Mar-12,34.20,34.20,34.20,34.20,0
14-Mar-12,34.20,34.20,34.20,34.20,1182
13-Mar-12,34.08,34.98,34.08,34.22,900
12-Mar-12,34.92,34.92,34.00,34.00,800
9-Mar-12,35.87,35.87,35.87,35.87,0
8-Mar-12,35.87,35.87,34.20,34.20,200
7-Mar-12,34.00,34.25,33.94,34.25,1596
6-Mar-12,35.09,35.09,34.04,34.30,1200
5-Mar-12,35.60,35.60,35.31,35.31,300
2-Mar-12,35.65,35.65,35.65,35.65,200
1-Mar-12,35.96,36.12,32.00,35.70,72176
29-Feb-12,35.45,35.45,35.45,35.45,200
28-Feb-12,33.69,33.95,33.50,33.75,3344
27-Feb-12,32.70,34.25,32.70,34.25,1500
24-Feb-12,32.90,33.00,32.90,33.00,6900
23-Feb-12,32.00,32.76,32.00,32.76,1000
22-Feb-12,31.74,31.74,31.72,31.72,309
21-Feb-12,31.20,31.61,31.20,31.61,3065
17-Feb-12,30.95,31.18,30.95,31.18,1403
16-Feb-12,30.07,30.07,30.07,30.07,0
15-Feb-12,29.03,30.07,29.02,30.07,4089
14-Feb-12,31.00,31.10,31.00,31.10,4790
13-Feb-12,31.25,31.25,31.25,31.25,600
10-Feb-12,30.87,30.87,30.84,30.84,200
9-Feb-12,29.69,30.19,29.69,30.00,2100
8-Feb-12,28.42,28.42,28.00,28.15,263173
3-Feb-12,28.01,28.01,28.01,28.01,0
2-Feb-12,26.05,27.03,26.05,26.45,900
1-Feb-12,27.50,27.50,27.50,27.50,2100
30-Jan-12,27.01,27.01,27.01,27.01,0
24-Jan-12,27.00,27.00,27.00,27.00,0
19-Jan-12,26.68,26.68,26.68,26.68,0
18-Jan-12,26.70,26.70,26.70,26.70,390
17-Jan-12,28.00,28.24,27.73,27.73,800
13-Jan-12,28.00,28.00,28.00,28.00,0
12-Jan-12,27.99,27.99,27.99,27.99,100
11-Jan-12,28.00,28.00,28.00,28.00,0
10-Jan-12,28.17,28.17,27.95,27.95,700
6-Jan-12,27.39,27.39,27.39,27.39,0
5-Jan-12,26.01,28.45,26.00,28.02,1100
4-Jan-12,26.55,26.55,26.55,26.55,100
3-Jan-12,26.49,26.51,26.48,26.49,16000
30-Dec-11,26.16,26.16,26.16,26.16,0
28-Dec-11,28.00,28.00,28.00,28.00,0
23-Dec-11,28.16,28.16,28.16,28.16,0
21-Dec-11,28.25,28.25,28.25,28.25,0
20-Dec-11,23.05,28.25,23.05,28.25,700
19-Dec-11,29.25,29.25,26.72,28.30,15400
16-Dec-11,29.40,29.40,27.45,29.00,116347
15-Dec-11,26.47,40.00,26.47,28.74,6849
14-Dec-11,29.50,29.55,28.45,29.00,14670
13-Dec-11,30.00,30.00,29.00,29.01,33338
12-Dec-11,28.00,30.00,27.95,30.00,40180
9-Dec-11,31.00,31.00,27.00,27.90,600
7-Dec-11,25.70,25.70,25.70,25.70,0
5-Dec-11,26.20,26.20,26.20,26.20,0
2-Dec-11,24.99,32.00,24.99,26.50,5779
1-Dec-11,22.00,22.00,22.00,22.00,19600
30-Nov-11,22.00,22.00,22.00,22.00,0
29-Nov-11,21.00,21.00,21.00,21.00,200
28-Nov-11,20.03,20.03,20.03,20.03,640
16-Nov-11,20.00,20.00,20.00,20.00,0
15-Nov-11,20.50,20.50,20.50,20.50,0
14-Nov-11,21.00,21.00,21.00,21.00,0
2-Nov-11,22.25,22.25,22.25,22.25,0
1-Nov-11,21.12,22.00,21.12,22.00,9500
27-Oct-11,22.00,22.00,22.00,22.00,0
10-Oct-11,21.75,21.75,21.75,21.75,0
4-Oct-11,22.50,22.50,22.50,22.50,0
3-Oct-11,21.75,21.75,21.75,21.75,12600
