Date,Open,High,Low,Close,Volume
26-Sep-12,0.58,0.62,0.58,0.60,19150
25-Sep-12,0.61,0.62,0.58,0.62,81200
24-Sep-12,0.63,0.63,0.60,0.63,153668
21-Sep-12,0.63,0.64,0.60,0.60,19179
20-Sep-12,0.59,0.64,0.59,0.63,41570
19-Sep-12,0.65,0.65,0.63,0.65,14718
18-Sep-12,0.63,0.64,0.62,0.64,27854
17-Sep-12,0.57,0.63,0.57,0.63,5855
14-Sep-12,0.60,0.61,0.56,0.61,29017
13-Sep-12,0.59,0.62,0.59,0.60,7700
12-Sep-12,0.63,0.63,0.63,0.63,4400
11-Sep-12,0.63,0.63,0.60,0.60,40265
10-Sep-12,0.67,0.63,0.59,0.63,48327
7-Sep-12,0.64,0.65,0.63,0.64,85888
6-Sep-12,0.67,0.70,0.65,0.66,69566
5-Sep-12,0.68,0.68,0.64,0.67,42604
4-Sep-12,0.68,0.70,0.65,0.66,81245
31-Aug-12,0.68,0.72,0.68,0.69,50819
30-Aug-12,0.72,0.72,0.68,0.68,26349
29-Aug-12,0.72,0.73,0.70,0.70,188957
28-Aug-12,0.67,0.72,0.67,0.72,201402
27-Aug-12,0.67,0.68,0.65,0.66,71350
24-Aug-12,0.65,0.66,0.63,0.65,30330
23-Aug-12,0.63,0.65,0.61,0.65,46900
22-Aug-12,0.62,0.67,0.60,0.65,60023
21-Aug-12,0.63,0.66,0.61,0.65,86644
20-Aug-12,0.67,0.67,0.64,0.65,12029
17-Aug-12,0.66,0.68,0.66,0.66,37106
16-Aug-12,0.66,0.67,0.64,0.67,48200
15-Aug-12,0.68,0.72,0.64,0.66,69639
14-Aug-12,0.70,0.72,0.69,0.70,15109
13-Aug-12,0.70,0.72,0.67,0.69,37051
10-Aug-12,0.71,0.71,0.70,0.71,13650
9-Aug-12,0.72,0.73,0.68,0.71,58290
8-Aug-12,0.70,0.74,0.65,0.69,109944
7-Aug-12,0.77,0.77,0.68,0.70,121558
6-Aug-12,0.70,0.85,0.64,0.80,993372
3-Aug-12,0.67,0.69,0.65,0.65,43725
2-Aug-12,0.62,0.68,0.61,0.67,80458
1-Aug-12,0.65,0.65,0.61,0.64,43270
31-Jul-12,0.62,0.66,0.61,0.62,207037
30-Jul-12,0.65,0.67,0.62,0.62,138686
27-Jul-12,0.60,0.64,0.60,0.64,51834
26-Jul-12,0.74,0.74,0.59,0.60,142921
25-Jul-12,0.62,0.66,0.62,0.62,30101
24-Jul-12,0.66,0.68,0.60,0.60,39450
23-Jul-12,0.60,0.78,0.60,0.64,103230
20-Jul-12,0.62,0.62,0.59,0.62,49628
19-Jul-12,0.62,0.62,0.58,0.62,39500
18-Jul-12,0.60,0.60,0.52,0.58,53684
17-Jul-12,0.65,0.65,0.58,0.60,127782
16-Jul-12,0.62,0.66,0.62,0.66,3011
13-Jul-12,0.62,0.62,0.61,0.62,30500
12-Jul-12,0.62,0.65,0.62,0.62,7103
11-Jul-12,0.67,0.67,0.62,0.62,3655
10-Jul-12,0.64,0.68,0.61,0.62,79044
9-Jul-12,0.65,0.69,0.64,0.65,7790
6-Jul-12,0.62,0.65,0.62,0.62,3540
5-Jul-12,0.62,0.65,0.62,0.63,4300
3-Jul-12,0.63,0.65,0.62,0.62,9450
2-Jul-12,0.62,0.65,0.62,0.64,2200
29-Jun-12,0.65,0.68,0.62,0.62,9181
28-Jun-12,0.65,0.65,0.65,0.65,900
27-Jun-12,0.65,0.65,0.65,0.65,1520
26-Jun-12,0.68,0.68,0.62,0.65,48029
25-Jun-12,0.62,0.68,0.61,0.68,71870
22-Jun-12,0.62,0.64,0.61,0.62,66300
21-Jun-12,0.62,0.64,0.61,0.62,77600
20-Jun-12,0.64,0.64,0.61,0.64,92670
19-Jun-12,0.62,0.63,0.62,0.62,27958
18-Jun-12,0.62,0.65,0.60,0.62,46266
15-Jun-12,0.65,0.66,0.62,0.66,121357
14-Jun-12,0.64,0.65,0.63,0.64,40252
13-Jun-12,0.66,0.66,0.61,0.63,122769
12-Jun-12,0.65,0.71,0.65,0.67,67926
11-Jun-12,0.69,0.69,0.65,0.66,9100
8-Jun-12,0.70,0.70,0.65,0.67,20955
7-Jun-12,0.68,0.70,0.66,0.69,26305
6-Jun-12,0.70,0.70,0.66,0.70,3540
5-Jun-12,0.68,0.71,0.62,0.66,63368
4-Jun-12,0.69,0.72,0.66,0.68,54115
1-Jun-12,0.73,0.73,0.67,0.71,70711
31-May-12,0.73,0.74,0.70,0.72,70469
30-May-12,0.74,0.74,0.67,0.70,113415
29-May-12,0.77,0.77,0.72,0.74,53640
25-May-12,0.75,0.82,0.73,0.75,509230
24-May-12,0.68,0.75,0.68,0.74,260919
23-May-12,0.70,0.70,0.62,0.66,53100
22-May-12,0.70,0.70,0.69,0.69,4800
21-May-12,0.68,0.71,0.65,0.70,14728
18-May-12,0.70,0.75,0.67,0.68,51032
17-May-12,0.70,0.71,0.67,0.69,192177
16-May-12,0.70,0.73,0.70,0.70,23250
15-May-12,0.73,0.73,0.70,0.70,41284
14-May-12,0.70,0.73,0.70,0.70,28216
11-May-12,0.71,0.73,0.70,0.71,23014
10-May-12,0.71,0.74,0.69,0.73,58329
9-May-12,0.71,0.71,0.69,0.71,56134
8-May-12,0.71,0.73,0.70,0.71,51773
7-May-12,0.71,0.73,0.70,0.71,12600
4-May-12,0.73,0.73,0.70,0.71,46016
3-May-12,0.74,0.75,0.71,0.72,32834
2-May-12,0.72,0.74,0.70,0.74,92507
1-May-12,0.72,0.73,0.71,0.73,9066
30-Apr-12,0.73,0.73,0.71,0.72,50640
27-Apr-12,0.72,0.73,0.71,0.73,14025
26-Apr-12,0.71,0.72,0.70,0.71,65193
25-Apr-12,0.72,0.72,0.70,0.70,57634
24-Apr-12,0.70,0.73,0.68,0.72,206665
23-Apr-12,0.73,0.75,0.71,0.72,99258
20-Apr-12,0.72,0.74,0.71,0.73,89742
19-Apr-12,0.72,0.75,0.68,0.71,348249
18-Apr-12,0.75,0.75,0.71,0.73,218104
17-Apr-12,0.72,0.73,0.71,0.72,69790
16-Apr-12,0.75,0.75,0.72,0.74,40450
13-Apr-12,0.75,0.75,0.71,0.74,37150
12-Apr-12,0.74,0.75,0.72,0.75,47852
11-Apr-12,0.72,0.74,0.70,0.72,55750
10-Apr-12,0.77,0.77,0.70,0.75,131527
9-Apr-12,0.78,0.78,0.71,0.73,119996
5-Apr-12,0.78,0.80,0.74,0.76,106325
4-Apr-12,0.79,0.80,0.77,0.78,111507
3-Apr-12,0.83,0.83,0.76,0.77,221151
2-Apr-12,0.82,0.83,0.76,0.79,432238
30-Mar-12,0.74,0.75,0.73,0.74,96278
29-Mar-12,0.75,0.76,0.74,0.74,97117
28-Mar-12,0.76,0.78,0.74,0.75,145600
27-Mar-12,0.75,0.78,0.75,0.76,96901
26-Mar-12,0.79,0.81,0.75,0.75,256192
23-Mar-12,0.81,0.81,0.76,0.79,101740
22-Mar-12,0.78,0.80,0.78,0.79,244367
21-Mar-12,0.77,0.78,0.75,0.78,185126
20-Mar-12,0.78,0.78,0.75,0.77,141486
19-Mar-12,0.80,0.80,0.74,0.75,306094
16-Mar-12,0.75,0.79,0.74,0.78,1165758
15-Mar-12,0.71,0.72,0.70,0.72,199820
14-Mar-12,0.69,0.72,0.69,0.70,131349
13-Mar-12,0.70,0.73,0.70,0.70,290475
12-Mar-12,0.69,0.72,0.69,0.70,151147
9-Mar-12,0.69,0.70,0.68,0.69,82258
8-Mar-12,0.69,0.71,0.66,0.69,182860
7-Mar-12,0.72,0.73,0.68,0.69,319935
6-Mar-12,0.77,0.78,0.69,0.70,357080
5-Mar-12,0.80,0.80,0.75,0.78,72383
2-Mar-12,0.77,0.80,0.75,0.79,191391
1-Mar-12,0.78,0.78,0.75,0.76,269842
29-Feb-12,0.85,0.86,0.78,0.78,561262
28-Feb-12,0.80,0.88,0.79,0.84,919784
27-Feb-12,0.82,0.82,0.78,0.79,216558
24-Feb-12,0.79,0.82,0.75,0.78,118607
23-Feb-12,0.83,0.85,0.77,0.79,272779
22-Feb-12,0.85,0.85,0.80,0.81,128530
21-Feb-12,0.85,0.86,0.84,0.84,35665
17-Feb-12,0.87,0.87,0.83,0.83,97713
16-Feb-12,0.87,0.88,0.83,0.85,165618
15-Feb-12,0.93,0.93,0.86,0.88,113744
14-Feb-12,0.93,0.94,0.89,0.91,103483
13-Feb-12,0.94,0.95,0.91,0.92,81241
10-Feb-12,0.93,0.94,0.91,0.92,63811
9-Feb-12,0.99,0.99,0.91,0.91,254298
8-Feb-12,0.99,0.99,0.94,0.95,589869
7-Feb-12,1.22,1.35,1.15,1.15,88949
6-Feb-12,1.34,1.38,1.24,1.24,57266
3-Feb-12,1.35,1.49,1.34,1.34,21051
2-Feb-12,1.38,1.40,1.35,1.35,18865
1-Feb-12,1.34,1.40,1.34,1.35,3050
31-Jan-12,1.37,1.41,1.36,1.37,42308
30-Jan-12,1.50,1.50,1.38,1.38,23260
27-Jan-12,1.47,1.58,1.47,1.47,27369
26-Jan-12,1.45,1.50,1.42,1.47,14337
25-Jan-12,1.36,1.49,1.36,1.42,22945
24-Jan-12,1.34,1.39,1.34,1.39,8766
23-Jan-12,1.35,1.39,1.34,1.36,5900
20-Jan-12,1.38,1.38,1.32,1.33,1886
19-Jan-12,1.33,1.39,1.33,1.39,3950
18-Jan-12,1.34,1.35,1.33,1.34,10270
17-Jan-12,1.35,1.35,1.33,1.33,2066
13-Jan-12,1.36,1.36,1.36,1.36,0
12-Jan-12,1.30,1.41,1.30,1.40,30037
11-Jan-12,1.34,1.34,1.27,1.32,19353
10-Jan-12,1.30,1.38,1.29,1.34,30327
9-Jan-12,1.28,1.30,1.27,1.27,9223
6-Jan-12,1.30,1.52,1.30,1.32,5622
5-Jan-12,1.30,1.30,1.28,1.29,4255
4-Jan-12,1.28,1.30,1.25,1.26,17024
3-Jan-12,1.26,1.39,1.22,1.32,18304
30-Dec-11,1.25,1.25,1.25,1.25,0
29-Dec-11,1.34,1.34,1.15,1.28,72134
28-Dec-11,1.32,1.38,1.25,1.37,4715
27-Dec-11,1.32,1.34,1.32,1.32,4630
23-Dec-11,1.38,1.38,1.38,1.38,0
22-Dec-11,1.42,1.42,1.32,1.32,2865
21-Dec-11,1.38,1.38,1.38,1.38,0
20-Dec-11,1.47,1.51,1.39,1.42,18487
19-Dec-11,1.31,1.46,1.31,1.46,31164
16-Dec-11,1.45,1.45,1.28,1.28,3267
15-Dec-11,1.34,1.47,1.34,1.47,857
14-Dec-11,1.43,1.43,1.32,1.33,24789
13-Dec-11,1.47,1.53,1.40,1.40,28873
12-Dec-11,1.46,1.47,1.44,1.45,21767
9-Dec-11,1.48,1.48,1.45,1.46,2136
8-Dec-11,1.46,1.46,1.46,1.46,0
7-Dec-11,1.47,1.53,1.47,1.47,11983
6-Dec-11,1.50,1.52,1.46,1.47,2400
5-Dec-11,1.51,1.55,1.50,1.50,34610
2-Dec-11,1.51,1.58,1.49,1.53,51347
1-Dec-11,1.62,1.62,1.45,1.55,58686
30-Nov-11,1.58,1.61,1.56,1.56,7174
29-Nov-11,1.59,1.63,1.59,1.63,200
28-Nov-11,1.73,1.75,1.58,1.58,7934
25-Nov-11,1.80,1.80,1.56,1.62,24841
23-Nov-11,1.80,1.80,1.80,1.80,0
22-Nov-11,1.89,1.89,1.82,1.82,907
21-Nov-11,1.94,1.94,1.88,1.90,14609
18-Nov-11,1.95,1.95,1.89,1.90,4887
17-Nov-11,1.88,1.95,1.88,1.95,366
16-Nov-11,1.95,1.95,1.95,1.95,0
15-Nov-11,1.96,1.99,1.90,1.95,5900
14-Nov-11,1.95,1.96,1.83,1.83,16511
11-Nov-11,2.02,2.02,1.87,1.94,11854
10-Nov-11,1.89,2.02,1.89,1.95,12773
9-Nov-11,1.91,1.91,1.89,1.91,7516
8-Nov-11,1.90,2.05,1.81,1.91,32916
7-Nov-11,2.02,2.02,1.85,1.89,3459
4-Nov-11,1.84,1.84,1.81,1.82,18608
3-Nov-11,1.77,1.85,1.77,1.82,16466
2-Nov-11,1.78,1.80,1.73,1.80,18171
1-Nov-11,1.75,1.79,1.75,1.78,4917
31-Oct-11,1.80,1.80,1.72,1.75,7200
27-Oct-11,1.66,1.66,1.66,1.66,0
26-Oct-11,1.72,1.78,1.62,1.74,94131
25-Oct-11,1.70,1.73,1.57,1.66,46896
24-Oct-11,1.69,1.80,1.67,1.70,6624
21-Oct-11,1.64,1.70,1.64,1.65,12064
20-Oct-11,1.60,1.68,1.53,1.54,19040
19-Oct-11,1.69,1.69,1.68,1.69,5549
18-Oct-11,1.70,1.74,1.70,1.70,2750
17-Oct-11,1.70,1.70,1.70,1.70,1400
14-Oct-11,1.65,1.79,1.59,1.61,18172
13-Oct-11,1.53,1.60,1.53,1.60,6816
12-Oct-11,1.65,1.65,1.54,1.59,21044
11-Oct-11,1.63,1.63,1.63,1.63,432
10-Oct-11,1.67,1.67,1.67,1.67,0
7-Oct-11,1.61,1.71,1.60,1.66,2417
6-Oct-11,1.78,1.78,1.60,1.60,13278
5-Oct-11,1.73,1.74,1.69,1.69,8577
4-Oct-11,1.65,1.82,1.62,1.68,2897
3-Oct-11,1.85,1.85,1.60,1.60,15974
29-Sep-11,1.75,1.75,1.75,1.75,0
