Date,Open,High,Low,Close,Volume
27-Sep-12,0.00,0.00,0.00,23.72,900
26-Sep-12,22.72,23.01,22.50,22.99,360507
25-Sep-12,23.14,23.27,22.54,22.58,289270
24-Sep-12,23.14,23.45,22.91,23.12,222102
21-Sep-12,22.61,23.35,22.16,23.28,282000
20-Sep-12,21.41,22.26,21.25,22.16,87173
19-Sep-12,22.10,22.10,21.53,21.57,60422
18-Sep-12,21.69,22.03,21.45,21.99,77084
17-Sep-12,22.06,22.40,21.50,21.64,83181
14-Sep-12,21.70,22.44,21.66,22.23,115957
13-Sep-12,21.73,22.10,21.49,21.64,108230
12-Sep-12,21.22,21.70,21.15,21.59,84451
11-Sep-12,21.41,21.96,21.15,21.18,74787
10-Sep-12,21.46,21.58,21.12,21.39,85878
7-Sep-12,21.19,21.72,21.19,21.47,405575
6-Sep-12,21.29,22.01,21.04,21.31,604226
5-Sep-12,21.89,22.10,21.10,21.12,409324
4-Sep-12,21.13,22.06,20.96,21.93,414067
31-Aug-12,21.23,21.32,20.82,21.08,196140
30-Aug-12,21.11,21.26,20.99,21.04,265323
29-Aug-12,21.03,21.44,21.03,21.33,167091
28-Aug-12,21.02,21.28,20.88,21.02,303884
27-Aug-12,21.12,21.19,20.70,21.10,296008
24-Aug-12,20.80,21.40,20.80,21.04,332676
23-Aug-12,20.90,21.05,20.53,20.91,337284
22-Aug-12,21.14,21.22,20.40,21.00,366894
21-Aug-12,21.27,21.72,20.84,21.19,297943
20-Aug-12,21.43,21.54,21.02,21.21,443393
17-Aug-12,21.00,21.91,20.74,21.45,627006
16-Aug-12,20.80,21.02,20.59,20.99,359795
15-Aug-12,20.29,20.89,20.21,20.86,404767
14-Aug-12,20.36,20.61,20.12,20.36,419309
13-Aug-12,20.19,20.43,19.86,20.17,506262
10-Aug-12,20.12,20.40,19.93,20.26,380215
9-Aug-12,19.59,20.36,19.59,20.26,323788
8-Aug-12,19.62,19.92,19.44,19.70,573269
7-Aug-12,19.93,20.16,19.64,19.65,636234
6-Aug-12,19.63,20.16,19.57,19.77,425510
3-Aug-12,20.00,20.26,19.56,19.66,1247855
2-Aug-12,19.97,20.37,19.58,19.63,798037
1-Aug-12,21.01,21.21,20.13,20.13,842276
31-Jul-12,21.23,21.67,20.85,20.89,677431
30-Jul-12,21.90,22.06,21.16,21.27,598180
27-Jul-12,21.86,22.33,21.49,21.77,880035
26-Jul-12,23.27,23.31,21.21,21.65,2872435
25-Jul-12,23.16,23.30,22.62,22.92,1141356
24-Jul-12,23.53,23.57,22.72,22.92,745828
23-Jul-12,23.50,23.71,23.14,23.34,976568
20-Jul-12,24.23,24.27,23.80,24.00,845689
19-Jul-12,24.49,24.72,23.84,24.54,886634
18-Jul-12,24.37,24.60,24.07,24.23,564607
17-Jul-12,24.48,24.93,24.03,24.48,581862
16-Jul-12,24.72,24.79,24.27,24.41,413353
13-Jul-12,24.40,24.74,24.40,24.69,312487
12-Jul-12,24.11,24.36,23.59,24.22,498997
11-Jul-12,24.91,24.97,24.00,24.35,421753
10-Jul-12,25.54,25.93,24.65,24.94,654639
9-Jul-12,25.50,25.54,25.16,25.30,588193
6-Jul-12,25.40,25.67,25.22,25.54,298319
5-Jul-12,25.29,25.99,25.29,25.76,314088
3-Jul-12,25.70,25.75,25.41,25.69,365445
2-Jul-12,25.30,25.63,24.87,25.63,607463
29-Jun-12,24.64,25.37,24.36,25.36,797726
28-Jun-12,23.74,24.14,23.25,24.02,818137
27-Jun-12,23.13,24.20,23.11,24.05,691368
26-Jun-12,23.22,23.39,22.94,23.01,466418
25-Jun-12,22.90,23.22,22.75,23.14,522225
22-Jun-12,22.77,23.40,22.65,23.32,1951076
21-Jun-12,23.43,23.75,22.36,22.42,946215
20-Jun-12,22.99,23.29,22.50,22.92,1056500
19-Jun-12,22.80,23.53,22.61,23.19,1661424
18-Jun-12,21.74,23.60,21.62,22.89,1602121
15-Jun-12,20.93,21.85,20.57,21.65,837913
14-Jun-12,20.47,20.99,20.13,20.88,335860
13-Jun-12,20.67,20.85,20.20,20.49,505547
12-Jun-12,20.23,20.81,20.01,20.77,494997
11-Jun-12,20.95,21.07,20.08,20.15,591839
8-Jun-12,20.25,20.91,20.02,20.77,409426
7-Jun-12,20.62,20.64,20.20,20.26,431980
6-Jun-12,20.15,20.99,20.11,20.37,1054909
5-Jun-12,18.60,19.42,18.50,19.26,497209
4-Jun-12,19.13,19.45,18.54,18.64,559925
1-Jun-12,19.18,19.41,18.84,19.22,755235
31-May-12,19.61,19.96,19.41,19.76,728535
30-May-12,19.72,19.91,19.51,19.69,844470
29-May-12,19.23,20.09,19.23,20.07,641653
25-May-12,18.96,19.36,18.87,19.12,466819
24-May-12,19.01,19.31,18.64,19.02,474349
23-May-12,18.40,19.04,18.28,18.93,516390
22-May-12,19.12,19.29,18.39,18.56,529965
21-May-12,18.82,19.22,18.34,19.14,494624
18-May-12,18.73,18.97,18.51,18.73,568903
17-May-12,19.39,19.44,18.57,18.67,995036
16-May-12,19.95,19.98,19.26,19.27,708202
15-May-12,20.06,20.37,19.73,19.78,601999
14-May-12,20.37,20.48,19.94,20.09,559834
11-May-12,20.28,20.90,20.22,20.67,370030
10-May-12,20.41,21.05,20.22,20.40,783636
9-May-12,20.65,20.75,20.05,20.16,769727
8-May-12,20.33,21.03,20.16,20.98,612039
7-May-12,20.20,20.90,20.16,20.72,399595
4-May-12,20.84,20.97,20.21,20.25,925714
3-May-12,20.76,21.14,20.45,20.97,1197090
2-May-12,20.21,21.28,19.81,20.98,1944998
1-May-12,19.70,20.80,19.05,20.39,5883184
30-Apr-12,17.07,17.16,16.44,16.57,733379
27-Apr-12,17.62,17.64,17.06,17.06,756949
26-Apr-12,17.37,17.50,17.16,17.46,461613
25-Apr-12,16.82,17.42,16.79,17.35,771225
24-Apr-12,15.94,16.68,15.64,16.56,728826
23-Apr-12,16.00,16.12,15.57,16.02,541892
20-Apr-12,16.53,16.55,16.16,16.30,568879
19-Apr-12,16.16,16.47,15.92,15.99,335003
18-Apr-12,16.01,16.21,15.92,16.15,429406
17-Apr-12,15.47,16.14,15.45,16.04,440780
16-Apr-12,15.66,15.85,15.46,15.56,361642
13-Apr-12,16.17,16.19,15.56,15.61,339530
12-Apr-12,15.86,16.35,15.86,16.21,388737
11-Apr-12,15.78,16.00,15.58,15.85,393041
10-Apr-12,15.50,15.75,15.36,15.57,476959
9-Apr-12,15.54,15.72,15.38,15.51,437492
5-Apr-12,15.81,16.07,15.77,15.88,376872
4-Apr-12,16.18,16.37,15.90,16.05,470515
3-Apr-12,16.61,16.78,16.30,16.41,390979
2-Apr-12,16.75,17.07,16.64,16.75,365674
30-Mar-12,17.16,17.16,16.76,16.84,306114
29-Mar-12,16.90,17.06,16.60,17.02,289400
28-Mar-12,17.36,17.59,16.96,17.02,264560
27-Mar-12,17.53,17.89,17.34,17.37,453448
26-Mar-12,16.54,17.56,16.53,17.56,539253
23-Mar-12,16.52,16.62,16.30,16.36,460361
22-Mar-12,16.67,16.82,16.33,16.47,464610
21-Mar-12,17.10,17.27,16.64,16.86,380051
20-Mar-12,17.06,17.22,16.62,17.10,509569
19-Mar-12,16.59,17.44,16.46,17.21,798468
16-Mar-12,16.69,16.97,16.33,16.70,1119759
15-Mar-12,16.01,16.88,15.82,16.61,1533311
14-Mar-12,15.45,15.92,15.37,15.52,524641
13-Mar-12,15.61,15.61,15.13,15.46,600123
12-Mar-12,15.54,15.70,15.23,15.43,517472
9-Mar-12,15.60,15.91,15.44,15.54,667967
8-Mar-12,15.07,15.64,15.04,15.55,558218
7-Mar-12,14.79,15.17,14.65,14.96,347358
6-Mar-12,15.06,15.10,14.67,14.68,620228
5-Mar-12,15.52,15.52,15.03,15.28,389238
2-Mar-12,15.69,15.80,15.49,15.61,409491
1-Mar-12,15.82,16.09,15.69,15.80,542651
29-Feb-12,16.06,16.27,15.68,15.69,803128
28-Feb-12,15.65,16.24,15.48,16.06,505412
27-Feb-12,15.20,15.78,15.01,15.67,442895
24-Feb-12,14.93,15.37,14.55,15.30,949601
23-Feb-12,15.00,15.35,14.42,15.02,2269333
22-Feb-12,15.44,15.84,15.31,15.46,597410
21-Feb-12,16.22,16.42,15.27,15.52,941486
17-Feb-12,16.61,16.61,16.03,16.14,467617
16-Feb-12,15.88,16.64,15.77,16.50,641944
15-Feb-12,15.70,16.26,15.49,15.92,599833
14-Feb-12,15.50,15.85,15.15,15.58,451419
13-Feb-12,15.30,16.28,15.06,15.61,1008558
10-Feb-12,15.73,15.78,15.43,15.62,613889
9-Feb-12,16.40,16.41,15.84,15.91,506320
8-Feb-12,16.74,16.86,16.21,16.35,440583
7-Feb-12,17.00,17.26,16.58,16.66,597216
6-Feb-12,17.00,17.38,16.82,17.00,635745
3-Feb-12,17.13,17.48,17.10,17.16,718460
2-Feb-12,16.80,17.23,16.52,16.96,798214
1-Feb-12,15.50,16.90,15.50,16.86,1130894
31-Jan-12,15.73,15.94,15.36,15.49,567616
30-Jan-12,15.68,15.68,15.30,15.61,584251
27-Jan-12,15.47,15.87,15.23,15.73,803057
26-Jan-12,16.34,16.50,14.76,15.57,3638934
25-Jan-12,13.72,17.16,13.70,16.31,2990217
24-Jan-12,13.94,13.94,13.62,13.70,801836
23-Jan-12,14.43,14.50,13.96,14.01,740525
20-Jan-12,14.65,14.78,13.95,14.00,547584
19-Jan-12,14.20,14.43,14.20,14.33,327908
18-Jan-12,14.17,14.17,14.17,14.17,0
17-Jan-12,13.65,14.56,13.65,13.81,692738
13-Jan-12,13.53,13.53,13.53,13.53,0
12-Jan-12,14.72,14.72,13.52,13.72,1444407
11-Jan-12,12.81,14.40,12.48,14.12,2621253
10-Jan-12,11.82,12.31,11.62,12.30,1096227
9-Jan-12,11.43,11.56,11.28,11.36,568123
6-Jan-12,11.40,11.73,11.25,11.36,242969
5-Jan-12,11.52,11.70,11.32,11.38,873832
4-Jan-12,11.95,11.95,11.95,11.95,0
3-Jan-12,12.88,13.04,12.55,12.58,335784
30-Dec-11,12.59,12.59,12.59,12.59,0
29-Dec-11,12.08,12.08,12.08,12.08,0
28-Dec-11,12.48,12.55,12.13,12.18,276132
27-Dec-11,12.50,12.50,12.50,12.50,0
23-Dec-11,12.60,12.60,12.60,12.60,0
22-Dec-11,12.23,12.55,12.19,12.47,516327
21-Dec-11,12.17,12.17,12.17,12.17,0
20-Dec-11,11.31,11.79,11.26,11.67,1373500
19-Dec-11,11.59,11.59,11.02,11.07,829827
16-Dec-11,11.58,11.84,11.24,11.46,1293241
15-Dec-11,12.18,12.25,11.41,11.50,1435256
14-Dec-11,12.11,12.25,11.92,11.99,601830
13-Dec-11,12.76,12.83,12.14,12.20,703428
12-Dec-11,12.89,12.94,12.61,12.69,515694
9-Dec-11,12.99,13.17,12.91,13.07,591087
8-Dec-11,13.52,13.75,12.91,12.94,786419
7-Dec-11,14.04,14.04,13.60,13.64,427845
6-Dec-11,14.54,14.66,13.93,14.16,529705
5-Dec-11,14.49,14.49,14.49,14.49,0
2-Dec-11,13.86,14.32,12.74,12.83,1116106
1-Dec-11,14.00,14.18,13.73,13.75,424635
30-Nov-11,13.05,13.83,13.05,13.80,647310
29-Nov-11,12.94,13.12,12.79,12.99,466414
28-Nov-11,12.67,13.09,12.57,12.89,475307
25-Nov-11,12.44,12.62,12.27,12.27,170325
23-Nov-11,12.46,12.46,12.46,12.46,0
22-Nov-11,13.31,13.35,12.98,12.99,615395
21-Nov-11,13.96,13.96,13.26,13.31,810012
18-Nov-11,14.02,14.02,14.02,14.02,0
17-Nov-11,14.54,14.55,14.09,14.19,837467
16-Nov-11,14.77,15.00,14.46,14.58,407561
15-Nov-11,14.83,15.07,14.66,14.98,437266
14-Nov-11,15.20,15.20,14.95,15.03,492556
11-Nov-11,14.95,15.30,14.68,15.28,444384
10-Nov-11,14.64,14.96,14.43,14.75,405295
9-Nov-11,15.04,15.04,14.38,14.40,540379
8-Nov-11,14.85,15.28,14.57,15.21,472981
7-Nov-11,15.10,15.25,14.50,14.84,638660
4-Nov-11,14.15,15.30,14.13,15.19,1295712
3-Nov-11,14.24,14.47,13.54,14.04,1407237
2-Nov-11,14.19,14.64,14.07,14.43,1190759
1-Nov-11,14.25,14.72,13.98,14.03,1440034
31-Oct-11,14.95,15.15,14.43,14.82,1277513
28-Oct-11,16.23,16.80,14.81,14.93,4330149
27-Oct-11,17.61,18.22,17.13,17.79,1960223
26-Oct-11,17.29,17.43,16.88,17.07,1083085
25-Oct-11,17.77,17.86,17.02,17.09,877306
24-Oct-11,17.35,18.06,17.33,18.01,1463660
21-Oct-11,17.53,17.80,17.14,17.33,1324660
20-Oct-11,17.37,17.39,16.78,17.20,989996
19-Oct-11,17.44,17.44,17.44,17.44,0
18-Oct-11,16.75,17.49,16.54,17.13,1144712
17-Oct-11,17.29,17.53,16.54,16.71,873968
14-Oct-11,17.41,17.69,17.09,17.49,598955
13-Oct-11,16.96,17.17,16.62,17.14,436914
12-Oct-11,17.01,17.56,16.89,17.09,925515
11-Oct-11,17.03,17.38,16.69,16.96,449770
10-Oct-11,17.10,17.10,17.10,17.10,0
7-Oct-11,17.39,17.39,16.21,16.44,471061
6-Oct-11,17.27,17.27,17.27,17.27,0
5-Oct-11,16.22,17.10,16.06,17.06,1250341
4-Oct-11,15.05,16.25,15.00,16.20,1602843
3-Oct-11,16.88,17.01,15.14,15.15,1575061
30-Sep-11,17.90,18.83,17.05,17.06,1195963
29-Sep-11,19.85,19.87,17.54,18.28,2354344
