Date,Open,High,Low,Close,Volume
27-Sep-12,22.81,23.09,22.64,23.06,14385
26-Sep-12,22.70,22.70,22.52,22.68,15912
25-Sep-12,22.70,22.70,22.50,22.67,32787
24-Sep-12,22.74,22.74,22.56,22.65,13705
21-Sep-12,23.00,23.00,22.56,22.70,42347
20-Sep-12,22.87,22.87,22.75,22.80,13674
19-Sep-12,22.62,22.88,22.50,22.86,2980
18-Sep-12,22.90,22.94,22.30,22.52,13476
17-Sep-12,22.87,22.96,22.77,22.89,26101
14-Sep-12,22.75,22.94,22.70,22.92,8134
13-Sep-12,22.08,22.98,22.08,22.70,19689
12-Sep-12,22.03,22.11,22.02,22.11,3160
11-Sep-12,21.90,22.10,21.83,22.05,7108
10-Sep-12,21.99,21.99,21.92,21.94,5998
7-Sep-12,22.03,22.10,21.83,21.89,61980
6-Sep-12,21.98,22.10,21.93,21.95,58919
5-Sep-12,22.15,22.15,22.00,22.02,21324
4-Sep-12,21.95,22.15,21.95,22.05,26397
31-Aug-12,22.10,22.14,21.92,21.99,13693
30-Aug-12,21.86,22.12,21.75,21.91,35344
29-Aug-12,21.70,21.95,21.47,21.91,10142
28-Aug-12,21.61,21.61,21.42,21.50,12916
27-Aug-12,21.56,21.56,21.20,21.44,10464
24-Aug-12,21.51,21.74,21.34,21.40,5622
23-Aug-12,21.96,21.96,21.57,21.58,4463
22-Aug-12,21.73,22.02,21.50,21.84,82454
21-Aug-12,21.72,22.07,21.72,21.88,12805
20-Aug-12,22.01,22.06,21.40,22.05,13528
17-Aug-12,21.63,22.06,21.43,22.00,21165
16-Aug-12,20.96,21.78,20.96,21.74,17745
15-Aug-12,20.49,21.34,20.49,21.19,9544
14-Aug-12,20.75,20.75,20.18,20.60,25940
13-Aug-12,20.98,20.99,20.69,20.75,8411
10-Aug-12,21.18,21.21,20.93,20.93,7616
9-Aug-12,21.53,21.72,21.00,21.15,16900
8-Aug-12,21.64,22.02,21.42,21.49,10568
7-Aug-12,21.68,22.05,21.47,21.75,18230
6-Aug-12,21.43,21.93,21.32,21.57,19230
3-Aug-12,21.47,21.47,21.25,21.39,11608
2-Aug-12,20.72,21.28,20.72,21.14,51695
1-Aug-12,21.02,21.33,20.36,20.76,30800
31-Jul-12,20.94,21.23,20.60,20.99,33508
30-Jul-12,20.95,21.24,20.73,20.92,27627
27-Jul-12,21.45,21.45,21.00,21.13,49955
26-Jul-12,21.25,21.33,21.09,21.10,7518
25-Jul-12,20.79,21.21,20.71,20.96,15214
24-Jul-12,21.25,21.31,20.35,20.63,18391
23-Jul-12,21.43,21.80,21.14,21.14,36689
20-Jul-12,21.66,21.89,21.30,21.67,48316
19-Jul-12,22.04,22.05,21.84,21.85,9506
18-Jul-12,21.83,22.06,21.83,22.04,13295
17-Jul-12,22.01,22.04,21.79,21.89,107009
16-Jul-12,21.88,22.06,21.30,21.97,40006
13-Jul-12,21.43,22.19,21.14,22.00,56546
12-Jul-12,21.22,21.63,21.22,21.61,26307
11-Jul-12,21.05,21.51,20.91,21.37,18585
10-Jul-12,21.09,21.20,21.01,21.05,51506
9-Jul-12,20.83,21.14,20.83,21.05,9425
6-Jul-12,20.93,21.17,20.81,20.89,7710
5-Jul-12,21.35,21.35,21.02,21.15,16304
3-Jul-12,21.40,21.40,21.35,21.40,7700
2-Jul-12,21.38,21.49,21.25,21.49,22782
29-Jun-12,21.50,21.50,21.29,21.43,35132
28-Jun-12,21.13,21.35,21.13,21.34,14728
27-Jun-12,21.26,21.43,21.16,21.30,55294
26-Jun-12,20.97,21.31,20.91,21.30,54657
25-Jun-12,20.90,20.94,20.39,20.75,44098
22-Jun-12,20.50,20.99,20.50,20.99,127216
21-Jun-12,20.62,20.62,20.11,20.38,26305
20-Jun-12,20.60,20.77,20.50,20.65,15988
19-Jun-12,20.28,20.72,20.28,20.63,90974
18-Jun-12,20.28,20.39,20.13,20.19,18532
15-Jun-12,20.24,20.44,20.20,20.34,149776
14-Jun-12,20.03,20.27,20.01,20.24,15394
13-Jun-12,20.04,20.25,19.89,19.97,10391
12-Jun-12,20.00,20.10,19.89,20.07,43914
11-Jun-12,20.18,20.21,19.77,19.83,26687
8-Jun-12,19.98,20.80,19.98,20.00,102454
7-Jun-12,20.10,20.15,19.77,19.98,88903
6-Jun-12,19.67,20.26,19.67,20.00,41209
5-Jun-12,19.52,19.86,19.52,19.63,42781
4-Jun-12,19.37,19.74,19.37,19.60,60991
1-Jun-12,19.53,19.80,19.00,19.25,27082
31-May-12,19.88,20.10,19.72,19.78,24202
30-May-12,19.85,20.00,19.67,19.73,16954
29-May-12,19.98,20.08,19.84,19.98,8767
25-May-12,19.87,20.09,19.73,19.77,22159
24-May-12,19.84,20.02,19.50,19.93,40069
23-May-12,19.59,20.09,19.50,19.80,34539
22-May-12,20.17,20.24,19.50,19.69,505962
21-May-12,20.04,20.31,20.04,20.24,27912
18-May-12,20.28,20.32,19.98,20.06,18890
17-May-12,20.42,20.62,20.36,20.36,18793
16-May-12,20.36,20.71,20.36,20.43,17093
15-May-12,20.12,20.54,20.10,20.32,12495
14-May-12,20.14,20.53,20.14,20.17,17303
11-May-12,20.44,20.65,20.27,20.31,36565
10-May-12,20.33,20.60,20.31,20.50,12507
9-May-12,20.00,20.35,20.00,20.25,39776
8-May-12,20.16,20.16,19.98,20.12,97388
7-May-12,20.03,20.35,19.99,20.33,28572
4-May-12,20.06,20.18,19.91,20.10,16471
3-May-12,20.22,20.26,20.10,20.12,19120
2-May-12,19.98,20.47,19.98,20.14,23688
1-May-12,20.10,20.45,19.99,20.01,62048
30-Apr-12,19.97,20.19,19.97,20.05,14616
27-Apr-12,20.10,20.37,19.94,20.26,17019
26-Apr-12,19.90,20.08,19.87,19.95,23333
25-Apr-12,19.90,19.90,19.74,19.89,14345
24-Apr-12,19.34,19.90,19.14,19.89,15971
23-Apr-12,19.19,19.79,19.19,19.34,26511
20-Apr-12,20.05,20.05,19.30,19.43,29458
19-Apr-12,19.71,19.80,19.30,19.46,14161
18-Apr-12,19.62,19.81,19.38,19.65,10461
17-Apr-12,19.62,19.82,19.54,19.70,16678
16-Apr-12,19.23,19.57,18.70,19.56,5599
13-Apr-12,19.18,19.49,19.15,19.25,16114
12-Apr-12,19.14,19.56,19.14,19.31,15782
11-Apr-12,19.22,19.22,18.98,19.21,22785
10-Apr-12,19.13,19.46,18.84,18.98,43654
9-Apr-12,18.87,19.48,18.87,19.11,18990
5-Apr-12,19.43,19.52,19.14,19.15,15980
4-Apr-12,19.16,19.45,19.11,19.18,15637
3-Apr-12,19.63,19.73,19.28,19.39,12043
2-Apr-12,19.25,19.72,19.07,19.59,20332
30-Mar-12,19.74,19.75,19.36,19.36,19022
29-Mar-12,19.87,19.93,19.62,19.63,24612
28-Mar-12,19.97,20.25,19.81,19.93,7960
27-Mar-12,19.49,20.40,19.49,19.96,21849
26-Mar-12,19.40,19.90,18.94,19.90,35451
23-Mar-12,19.02,19.30,18.78,19.28,24003
22-Mar-12,19.00,19.13,18.78,19.01,44930
21-Mar-12,19.23,19.28,18.93,19.10,44894
20-Mar-12,19.24,19.48,19.10,19.12,10950
19-Mar-12,18.98,19.64,18.77,19.31,20883
16-Mar-12,18.94,18.96,18.84,18.95,40111
15-Mar-12,18.72,19.00,18.67,18.96,25127
14-Mar-12,18.96,18.96,18.67,18.73,35632
13-Mar-12,18.98,19.00,18.87,18.96,26023
12-Mar-12,18.56,19.00,18.47,18.93,11803
9-Mar-12,18.30,18.50,18.18,18.50,85047
8-Mar-12,18.00,18.35,17.92,18.23,26080
7-Mar-12,17.75,17.99,17.75,17.96,10521
6-Mar-12,17.79,17.89,17.75,17.75,15580
5-Mar-12,17.63,17.95,17.63,17.95,5124
2-Mar-12,17.98,17.98,17.62,17.64,27949
1-Mar-12,17.93,18.00,17.75,17.76,36040
29-Feb-12,17.85,17.98,17.75,17.89,50682
28-Feb-12,17.83,18.00,17.76,17.85,12884
27-Feb-12,17.75,17.98,17.75,17.85,51606
24-Feb-12,17.82,18.00,17.76,17.76,14440
23-Feb-12,18.25,18.25,17.75,17.88,25135
22-Feb-12,17.97,17.99,17.76,17.79,9678
21-Feb-12,17.99,18.00,17.83,17.95,8418
17-Feb-12,18.00,18.00,17.80,17.91,13436
16-Feb-12,17.55,18.28,17.52,17.99,50060
15-Feb-12,17.57,17.72,17.32,17.44,16610
14-Feb-12,17.00,17.59,16.98,17.40,82788
13-Feb-12,16.84,16.97,16.74,16.97,12072
10-Feb-12,16.58,16.88,16.58,16.67,29208
9-Feb-12,17.00,17.00,16.48,16.75,6691
8-Feb-12,16.78,17.00,16.71,16.97,12484
7-Feb-12,16.90,16.99,16.80,16.95,14765
6-Feb-12,16.99,16.99,16.85,16.95,6600
3-Feb-12,16.80,17.10,16.72,16.90,32083
2-Feb-12,16.75,16.75,16.54,16.75,18439
1-Feb-12,16.52,16.95,16.38,16.85,32581
31-Jan-12,16.66,16.70,16.39,16.45,15104
30-Jan-12,16.52,16.75,16.48,16.53,41535
27-Jan-12,16.16,16.55,16.16,16.55,14159
26-Jan-12,16.37,16.45,16.17,16.44,36145
25-Jan-12,16.32,16.38,16.23,16.37,8883
24-Jan-12,16.17,16.32,16.17,16.32,12623
23-Jan-12,16.34,16.34,16.15,16.31,4982
20-Jan-12,16.25,16.29,16.15,16.29,22485
19-Jan-12,16.13,16.25,16.00,16.24,9714
18-Jan-12,15.95,16.07,15.74,16.02,14680
17-Jan-12,15.69,15.87,15.67,15.79,12635
13-Jan-12,15.62,15.62,15.62,15.62,0
12-Jan-12,16.33,16.33,15.95,16.23,5993
11-Jan-12,16.10,16.10,15.82,16.10,8734
10-Jan-12,16.09,16.25,16.09,16.20,10379
9-Jan-12,15.95,16.16,15.88,15.91,13210
6-Jan-12,16.23,16.23,16.13,16.13,1872
5-Jan-12,15.87,16.44,15.78,16.22,26460
4-Jan-12,15.89,16.10,15.89,15.91,60747
3-Jan-12,15.84,16.13,15.66,16.01,46146
30-Dec-11,15.70,15.70,15.70,15.70,0
29-Dec-11,15.06,15.24,15.06,15.20,7830
28-Dec-11,15.14,15.22,14.99,15.05,10190
27-Dec-11,15.17,15.36,15.10,15.30,10427
23-Dec-11,15.24,15.24,15.24,15.24,0
22-Dec-11,15.31,15.39,15.06,15.35,29780
21-Dec-11,15.19,15.49,15.12,15.35,20260
20-Dec-11,15.32,15.35,15.20,15.25,36016
19-Dec-11,15.37,15.37,15.00,15.10,21525
16-Dec-11,15.44,15.48,15.24,15.29,50502
15-Dec-11,15.34,15.35,15.17,15.31,20268
14-Dec-11,15.00,15.20,15.00,15.20,30558
13-Dec-11,15.15,15.15,14.93,15.00,36594
12-Dec-11,15.00,15.13,14.98,15.05,25704
9-Dec-11,14.86,15.10,14.86,15.05,59544
8-Dec-11,14.99,15.17,14.81,14.81,34983
7-Dec-11,14.93,15.06,14.93,14.99,21338
6-Dec-11,15.02,15.06,14.90,15.02,69113
5-Dec-11,14.85,15.04,14.72,15.04,99470
2-Dec-11,14.75,14.83,14.70,14.83,28782
1-Dec-11,14.72,14.80,14.51,14.63,31968
30-Nov-11,14.75,14.80,14.41,14.80,69369
29-Nov-11,14.37,14.50,14.37,14.43,5706
28-Nov-11,14.57,14.68,14.27,14.61,50195
25-Nov-11,14.14,14.36,14.13,14.26,10325
23-Nov-11,14.17,14.17,14.17,14.17,0
22-Nov-11,14.14,14.40,14.14,14.14,33315
21-Nov-11,14.22,14.39,14.15,14.15,10129
18-Nov-11,14.25,14.66,14.25,14.40,20183
17-Nov-11,14.43,14.63,14.14,14.28,23360
16-Nov-11,14.50,14.74,14.32,14.41,11256
15-Nov-11,14.46,14.69,14.29,14.63,11604
14-Nov-11,14.32,14.54,14.23,14.41,17676
11-Nov-11,14.27,14.63,14.16,14.50,21825
10-Nov-11,14.06,14.29,13.92,14.14,34963
9-Nov-11,14.66,14.87,13.86,13.86,28034
8-Nov-11,14.53,14.94,14.33,14.94,11592
7-Nov-11,14.67,14.87,14.41,14.44,4796
4-Nov-11,14.74,14.76,14.51,14.68,7938
3-Nov-11,14.51,14.88,14.23,14.87,20077
2-Nov-11,14.36,14.53,14.25,14.40,19210
1-Nov-11,14.44,14.73,14.01,14.11,25366
31-Oct-11,14.73,15.09,14.71,14.75,22522
28-Oct-11,14.66,14.94,14.66,14.92,23367
27-Oct-11,14.37,14.75,14.26,14.75,64781
26-Oct-11,13.99,14.20,13.66,14.08,46899
25-Oct-11,14.08,14.37,13.72,13.80,14457
24-Oct-11,14.25,14.28,14.12,14.15,16617
21-Oct-11,14.15,14.25,14.15,14.17,23104
20-Oct-11,13.94,14.13,13.82,13.89,8421
19-Oct-11,14.17,14.24,13.80,13.85,11981
18-Oct-11,13.88,14.25,13.88,14.23,28365
17-Oct-11,14.14,14.16,13.80,13.83,17809
14-Oct-11,14.20,14.25,13.97,14.25,21500
13-Oct-11,14.08,14.12,13.86,14.12,26153
12-Oct-11,13.80,14.18,13.80,14.12,19267
11-Oct-11,13.89,14.12,13.69,14.07,21494
10-Oct-11,13.60,14.00,13.55,13.99,24799
7-Oct-11,14.03,14.14,13.36,13.44,26257
6-Oct-11,14.12,14.25,13.81,14.08,24755
5-Oct-11,14.41,14.41,13.79,14.15,19048
4-Oct-11,13.66,14.45,13.51,14.45,52634
3-Oct-11,13.58,14.40,13.58,13.70,85718
30-Sep-11,13.80,13.97,13.54,13.65,22254
29-Sep-11,13.73,13.98,13.59,13.97,9564
