Date,Open,High,Low,Close,Volume
27-Sep-12,26.35,26.35,26.35,26.35,100
26-Sep-12,26.09,26.27,26.09,26.27,600
25-Sep-12,26.06,26.10,26.06,26.10,680
24-Sep-12,26.06,26.20,26.01,26.05,6990
21-Sep-12,26.13,26.13,26.13,26.13,100
20-Sep-12,26.16,26.16,26.15,26.15,1100
19-Sep-12,26.35,26.35,26.35,26.35,300
18-Sep-12,26.25,26.25,26.25,26.25,100
17-Sep-12,26.05,26.26,26.05,26.25,850
14-Sep-12,26.05,26.05,26.05,26.05,0
13-Sep-12,26.08,26.08,26.05,26.05,500
12-Sep-12,26.23,26.23,26.23,26.23,100
11-Sep-12,26.18,26.18,26.18,26.18,600
10-Sep-12,26.05,26.05,26.05,26.05,400
7-Sep-12,26.06,26.25,26.01,26.05,1896
6-Sep-12,26.11,26.11,26.11,26.11,0
5-Sep-12,26.11,26.11,26.11,26.11,0
4-Sep-12,26.05,26.20,26.05,26.11,1600
31-Aug-12,26.05,26.05,26.05,26.05,453
30-Aug-12,26.11,26.11,25.70,26.00,1200
29-Aug-12,26.99,26.99,26.28,26.28,500
28-Aug-12,26.26,26.72,26.26,26.72,1244
27-Aug-12,26.70,26.70,26.70,26.70,100
24-Aug-12,26.70,26.70,26.70,26.70,200
23-Aug-12,26.63,26.71,26.63,26.70,4630
22-Aug-12,26.50,26.50,26.50,26.50,100
21-Aug-12,26.70,26.70,26.70,26.70,370
20-Aug-12,26.25,26.50,26.25,26.50,3100
17-Aug-12,26.23,26.25,26.23,26.25,3500
16-Aug-12,26.25,26.25,26.25,26.25,1100
15-Aug-12,26.23,26.25,26.23,26.25,400
14-Aug-12,26.11,26.11,26.11,26.11,0
13-Aug-12,26.11,26.22,26.11,26.22,300
10-Aug-12,26.24,26.24,26.24,26.24,200
9-Aug-12,26.03,26.25,26.00,26.23,1325
8-Aug-12,26.25,26.25,26.25,26.25,600
7-Aug-12,26.25,26.25,26.24,26.24,200
6-Aug-12,26.25,26.25,26.25,26.25,400
3-Aug-12,26.22,26.22,26.22,26.22,100
2-Aug-12,26.09,26.09,26.09,26.09,450
1-Aug-12,26.03,26.03,26.03,26.03,0
31-Jul-12,26.25,26.25,26.00,26.05,3400
30-Jul-12,26.25,26.25,26.20,26.20,5100
27-Jul-12,26.15,26.25,26.00,26.25,6000
26-Jul-12,26.10,26.10,26.10,26.10,0
25-Jul-12,26.09,26.10,26.09,26.10,300
24-Jul-12,25.97,25.97,25.97,25.97,0
23-Jul-12,25.74,26.00,25.74,26.00,2486
20-Jul-12,26.03,26.03,26.00,26.00,739
19-Jul-12,25.90,26.00,25.90,25.90,1161
18-Jul-12,25.76,25.76,25.76,25.76,0
17-Jul-12,25.76,25.76,25.76,25.76,0
16-Jul-12,25.86,25.90,25.76,25.76,600
13-Jul-12,25.90,25.90,25.65,25.72,3450
12-Jul-12,25.80,25.84,25.80,25.84,500
11-Jul-12,25.85,25.90,25.80,25.90,3795
10-Jul-12,25.79,25.84,25.76,25.84,8060
9-Jul-12,25.71,25.71,25.67,25.67,1500
6-Jul-12,25.79,25.79,25.66,25.69,1300
5-Jul-12,25.85,25.85,25.79,25.80,1500
3-Jul-12,25.50,25.85,25.50,25.84,400
2-Jul-12,25.50,25.50,25.45,25.50,3412
29-Jun-12,25.50,25.50,25.49,25.50,3100
28-Jun-12,25.31,25.50,25.31,25.50,1200
27-Jun-12,25.50,25.50,25.50,25.50,5195
26-Jun-12,25.50,25.60,25.48,25.48,5730
25-Jun-12,25.42,25.60,25.42,25.60,2640
22-Jun-12,25.49,25.50,25.48,25.50,9965
21-Jun-12,25.49,25.50,25.25,25.25,10511
20-Jun-12,25.49,25.49,25.47,25.49,6900
19-Jun-12,25.41,26.24,25.38,25.50,2900
18-Jun-12,25.41,25.41,24.55,25.37,8363
15-Jun-12,25.51,25.52,25.35,25.41,6577
14-Jun-12,25.50,25.52,25.50,25.52,3500
13-Jun-12,25.58,25.59,25.58,25.59,1800
12-Jun-12,25.53,25.53,25.53,25.53,100
11-Jun-12,25.63,25.63,25.40,25.40,1200
8-Jun-12,25.77,25.77,25.77,25.77,0
7-Jun-12,25.77,25.77,25.77,25.77,100
6-Jun-12,25.45,25.45,25.45,25.45,0
5-Jun-12,25.90,25.94,25.26,25.46,7214
4-Jun-12,25.28,25.41,25.25,25.39,4650
1-Jun-12,25.75,25.75,25.75,25.75,1000
31-May-12,25.65,25.90,25.65,25.90,4200
30-May-12,27.50,27.50,25.84,25.94,6609
29-May-12,27.55,27.55,27.55,27.55,219
25-May-12,26.49,27.94,26.20,27.90,48761
24-May-12,25.57,25.57,25.56,25.57,1100
23-May-12,26.10,26.10,26.10,26.10,100
22-May-12,25.55,25.56,25.55,25.56,500
21-May-12,25.39,25.53,25.39,25.51,2910
18-May-12,25.70,25.75,25.00,25.51,4595
17-May-12,25.80,25.80,25.80,25.80,0
16-May-12,25.82,25.99,25.75,25.99,16900
15-May-12,26.22,26.25,25.70,25.98,13700
14-May-12,26.25,26.25,26.25,26.25,100
11-May-12,25.82,25.82,25.82,25.82,400
10-May-12,26.08,26.10,25.80,25.80,3795
9-May-12,25.60,25.60,25.60,25.60,200
8-May-12,25.75,25.77,25.75,25.76,1599
7-May-12,26.10,26.10,26.10,26.10,800
4-May-12,25.80,25.80,25.75,25.80,500
3-May-12,26.00,26.00,25.76,25.85,1900
2-May-12,25.85,25.85,25.85,25.85,100
1-May-12,25.85,26.35,25.75,25.76,2320
30-Apr-12,25.84,25.90,25.76,25.90,1850
27-Apr-12,25.60,25.60,25.60,25.60,150
26-Apr-12,25.52,25.52,25.52,25.52,0
25-Apr-12,25.52,25.77,25.52,25.52,1744
24-Apr-12,25.52,25.52,25.50,25.51,4750
23-Apr-12,25.50,25.60,25.50,25.60,225
20-Apr-12,25.70,25.81,25.52,25.75,3293
19-Apr-12,25.50,25.53,25.50,25.53,4510
18-Apr-12,25.52,25.52,25.49,25.50,2869
17-Apr-12,25.45,25.65,25.45,25.65,1900
16-Apr-12,25.50,25.60,25.41,25.45,2455
13-Apr-12,25.48,25.48,25.41,25.43,1800
12-Apr-12,25.54,25.56,25.50,25.50,2780
11-Apr-12,25.48,25.48,25.45,25.45,550
10-Apr-12,25.40,25.92,25.25,25.56,4714
9-Apr-12,25.95,26.00,25.51,26.00,1620
5-Apr-12,25.75,25.90,25.75,25.90,300
4-Apr-12,25.73,25.75,25.60,25.75,1900
3-Apr-12,25.56,25.73,25.52,25.73,400
2-Apr-12,25.53,25.53,25.53,25.53,0
30-Mar-12,25.62,25.62,25.62,25.62,100
29-Mar-12,25.26,25.70,25.26,25.70,950
28-Mar-12,25.85,26.00,25.47,25.47,1000
27-Mar-12,25.50,25.85,25.40,25.85,3100
26-Mar-12,25.45,25.45,25.45,25.45,200
23-Mar-12,25.23,25.24,25.20,25.22,2400
22-Mar-12,25.16,25.16,25.15,25.15,200
21-Mar-12,25.15,25.26,25.15,25.26,1400
20-Mar-12,25.15,25.31,25.13,25.30,600
19-Mar-12,25.14,25.60,25.11,25.60,3000
16-Mar-12,25.22,25.22,25.20,25.20,1000
15-Mar-12,25.25,25.50,25.23,25.46,1900
14-Mar-12,25.17,25.25,25.00,25.25,5400
13-Mar-12,25.10,25.13,25.10,25.10,1300
12-Mar-12,25.13,25.13,25.13,25.13,100
9-Mar-12,24.91,24.93,24.91,24.93,700
8-Mar-12,24.60,24.60,24.60,24.60,1600
7-Mar-12,24.40,24.40,24.40,24.40,0
6-Mar-12,24.42,24.42,24.35,24.40,3171
5-Mar-12,24.65,24.65,24.65,24.65,0
2-Mar-12,24.63,24.65,24.62,24.65,900
1-Mar-12,24.45,24.45,24.45,24.45,100
29-Feb-12,24.25,24.25,24.25,24.25,400
28-Feb-12,24.37,24.42,24.35,24.35,2622
27-Feb-12,24.63,24.65,24.63,24.65,1000
24-Feb-12,24.41,24.50,24.41,24.45,618
23-Feb-12,24.35,24.35,24.35,24.35,0
22-Feb-12,24.38,24.38,24.38,24.38,0
21-Feb-12,24.39,24.40,24.39,24.40,600
17-Feb-12,24.30,24.37,24.27,24.37,1220
16-Feb-12,24.13,24.21,24.12,24.21,4900
15-Feb-12,24.75,24.75,24.21,24.31,6200
14-Feb-12,24.20,24.20,24.20,24.20,400
13-Feb-12,24.30,24.44,24.30,24.44,4400
10-Feb-12,24.53,24.53,24.20,24.20,500
8-Feb-12,24.75,24.75,24.75,24.75,0
6-Feb-12,24.01,24.01,24.01,24.01,0
3-Feb-12,24.03,24.03,24.03,24.03,300
2-Feb-12,24.00,24.00,24.00,24.00,200
1-Feb-12,24.00,24.00,24.00,24.00,0
31-Jan-12,24.03,24.35,24.00,24.00,7690
30-Jan-12,24.92,24.92,24.01,24.10,910
27-Jan-12,23.70,24.52,23.70,24.40,5305
26-Jan-12,24.52,24.52,23.50,23.70,6740
25-Jan-12,23.45,24.50,23.45,24.50,2265
24-Jan-12,23.90,24.00,23.73,23.75,1255
23-Jan-12,23.01,23.01,23.01,23.01,0
20-Jan-12,22.90,22.90,22.90,22.90,600
19-Jan-12,22.97,23.10,22.75,22.90,6000
18-Jan-12,23.00,23.01,22.70,23.00,2400
17-Jan-12,22.95,22.95,22.95,22.95,200
13-Jan-12,22.65,22.65,22.65,22.65,0
12-Jan-12,22.61,22.83,22.58,22.75,2300
10-Jan-12,22.60,22.60,22.60,22.60,0
9-Jan-12,22.50,22.50,22.50,22.50,200
5-Jan-12,22.50,22.50,22.50,22.50,0
4-Jan-12,22.00,22.90,21.97,22.70,4000
3-Jan-12,22.00,22.00,21.97,22.00,2300
30-Dec-11,22.67,22.67,22.67,22.67,0
29-Dec-11,22.10,22.10,21.50,22.05,2700
28-Dec-11,21.51,22.10,21.51,22.10,1000
23-Dec-11,22.00,22.00,22.00,22.00,0
22-Dec-11,21.46,21.69,21.46,21.69,500
21-Dec-11,21.50,22.51,21.50,22.51,2400
20-Dec-11,22.80,22.80,21.40,22.44,800
19-Dec-11,21.97,22.52,21.63,21.63,6600
16-Dec-11,21.70,22.00,21.32,21.98,4450
15-Dec-11,18.70,23.25,18.10,22.00,31634
14-Dec-11,17.76,17.90,17.76,17.90,1500
13-Dec-11,17.76,18.04,17.75,18.00,4350
12-Dec-11,17.59,18.08,17.59,18.00,2450
9-Dec-11,18.00,18.20,17.60,18.20,4521
8-Dec-11,18.50,18.50,18.00,18.00,2733
6-Dec-11,18.51,18.51,18.51,18.51,0
5-Dec-11,19.71,19.71,18.50,18.65,1200
2-Dec-11,18.31,19.47,18.31,19.47,1460
30-Nov-11,19.00,19.00,19.00,19.00,0
29-Nov-11,18.01,19.15,18.01,19.15,500
28-Nov-11,18.76,19.00,18.75,19.00,2350
25-Nov-11,18.33,18.75,18.33,18.75,200
23-Nov-11,18.31,18.31,18.31,18.31,0
22-Nov-11,18.02,19.00,18.02,19.00,1100
21-Nov-11,18.25,18.25,18.25,18.25,0
18-Nov-11,18.65,19.00,18.60,18.80,3218
17-Nov-11,19.83,19.83,19.83,19.83,100
16-Nov-11,18.02,18.02,18.02,18.02,0
15-Nov-11,17.87,18.10,17.85,17.87,1550
14-Nov-11,18.47,18.47,18.47,18.47,0
11-Nov-11,18.69,19.00,18.27,19.00,575
10-Nov-11,18.01,18.71,18.01,18.21,1100
9-Nov-11,19.11,19.23,19.10,19.10,3800
8-Nov-11,19.50,19.50,19.50,19.50,2200
7-Nov-11,19.67,19.67,19.67,19.67,0
4-Nov-11,19.50,19.67,19.28,19.67,1700
3-Nov-11,20.24,20.24,20.24,20.24,100
1-Nov-11,20.00,20.00,20.00,20.00,0
31-Oct-11,19.46,19.46,19.10,19.41,2000
28-Oct-11,18.84,19.12,18.75,19.10,3706
27-Oct-11,18.02,18.23,18.00,18.10,8298
26-Oct-11,17.95,17.95,17.75,17.75,200
25-Oct-11,18.10,18.10,17.70,18.09,1400
24-Oct-11,17.27,18.89,17.27,18.30,5450
21-Oct-11,18.11,18.87,15.59,18.70,14160
20-Oct-11,18.25,18.83,18.08,18.83,600
19-Oct-11,18.07,18.91,18.07,18.87,1000
18-Oct-11,18.61,18.92,17.76,18.86,1200
17-Oct-11,18.65,18.65,18.65,18.65,325
14-Oct-11,18.53,18.53,18.53,18.53,100
13-Oct-11,17.78,18.47,17.78,18.47,300
12-Oct-11,18.37,18.55,18.05,18.55,4902
11-Oct-11,16.29,18.34,15.80,18.34,700
10-Oct-11,18.45,18.45,18.04,18.35,600
7-Oct-11,18.00,18.04,18.00,18.04,1900
6-Oct-11,17.50,18.48,17.49,18.48,985
5-Oct-11,18.12,18.12,18.12,18.12,100
4-Oct-11,17.85,18.00,17.65,18.00,8600
3-Oct-11,17.14,18.04,17.14,18.00,3840
30-Sep-11,17.14,18.92,17.14,18.00,2530
29-Sep-11,19.86,19.86,17.10,18.40,5500
