Date,Open,High,Low,Close,Volume
26-Sep-12,17.75,17.90,17.74,17.85,3500
25-Sep-12,17.94,17.94,17.86,17.86,800
24-Sep-12,17.89,17.89,17.89,17.89,500
21-Sep-12,17.78,17.80,17.64,17.64,1683
20-Sep-12,17.55,17.87,17.55,17.87,300
19-Sep-12,17.99,18.03,17.94,17.94,1500
18-Sep-12,17.94,18.12,17.94,18.00,1400
17-Sep-12,17.71,18.27,17.71,17.90,3200
14-Sep-12,17.74,18.07,17.64,17.64,400
13-Sep-12,17.38,17.51,17.38,17.40,400
12-Sep-12,17.29,17.29,17.29,17.29,300
11-Sep-12,16.99,17.19,17.10,17.19,300
10-Sep-12,16.93,16.93,16.65,16.88,3109
7-Sep-12,17.07,17.07,17.04,17.04,400
6-Sep-12,16.87,16.87,16.61,16.61,5195
5-Sep-12,16.60,16.78,16.60,16.71,1200
4-Sep-12,16.66,16.70,16.66,16.70,1471
31-Aug-12,17.08,17.15,16.95,17.15,2600
30-Aug-12,16.40,16.95,16.36,16.93,2709
29-Aug-12,17.27,17.39,17.26,17.27,1820
28-Aug-12,17.30,17.51,17.30,17.46,900
27-Aug-12,17.68,17.73,17.65,17.69,5174
24-Aug-12,18.09,18.09,17.90,17.90,271
23-Aug-12,17.64,17.80,17.64,17.77,3884
22-Aug-12,17.76,17.76,17.76,17.76,0
21-Aug-12,17.65,17.66,17.52,17.52,845
20-Aug-12,17.56,17.60,17.51,17.51,1298
17-Aug-12,17.43,17.54,17.43,17.54,2000
16-Aug-12,17.42,17.55,17.30,17.49,3900
15-Aug-12,17.09,17.58,17.09,17.58,1985
14-Aug-12,17.43,17.50,17.39,17.41,108000
13-Aug-12,17.37,17.50,17.35,17.50,9684
10-Aug-12,17.16,17.75,17.16,17.40,3000
9-Aug-12,17.33,17.37,17.22,17.22,514
8-Aug-12,17.25,17.30,17.25,17.26,1500
7-Aug-12,17.20,17.25,17.20,17.20,7216
6-Aug-12,17.36,17.36,17.20,17.20,2095
3-Aug-12,17.15,17.20,17.15,17.20,691
2-Aug-12,16.75,16.81,16.75,16.81,69916
1-Aug-12,16.87,17.00,16.77,16.88,1436
31-Jul-12,16.70,17.04,16.70,16.80,9620
30-Jul-12,16.86,17.05,16.86,16.86,9750
27-Jul-12,16.77,17.46,16.77,17.00,34052
26-Jul-12,16.80,16.80,16.70,16.75,22245
25-Jul-12,16.81,16.81,16.54,16.75,8674
24-Jul-12,16.66,16.90,16.60,16.70,75145
23-Jul-12,17.09,17.09,16.68,16.70,28674
20-Jul-12,17.34,17.34,17.00,17.20,10912
19-Jul-12,17.32,17.33,17.15,17.28,4477
18-Jul-12,17.15,17.32,17.15,17.32,1100
17-Jul-12,17.04,17.65,17.04,17.36,5373
16-Jul-12,16.80,17.27,16.80,17.16,14746
13-Jul-12,16.55,16.55,16.48,16.52,6173
12-Jul-12,16.75,16.75,16.16,16.40,9738
11-Jul-12,16.42,16.65,16.26,16.62,3245
10-Jul-12,16.70,16.70,16.30,16.40,1517
9-Jul-12,16.28,16.60,16.25,16.59,3744
6-Jul-12,16.01,16.06,16.00,16.05,1500
5-Jul-12,16.40,16.40,16.20,16.30,9795
3-Jul-12,16.10,16.36,16.10,16.29,4292
2-Jul-12,16.02,16.33,16.02,16.26,10775
29-Jun-12,16.18,16.45,16.14,16.40,16403
28-Jun-12,15.98,16.20,15.95,16.08,6000
27-Jun-12,15.79,16.22,15.79,16.20,13990
26-Jun-12,15.87,16.22,15.79,15.98,36310
25-Jun-12,15.43,16.08,15.43,15.80,11970
22-Jun-12,15.26,16.34,15.25,15.96,33397
21-Jun-12,15.05,15.25,14.95,15.25,27884
20-Jun-12,15.13,15.22,14.80,15.10,40293
19-Jun-12,14.90,15.32,14.79,15.18,8444
18-Jun-12,14.38,14.70,14.38,14.58,13027
15-Jun-12,14.00,14.86,13.90,14.26,66107
14-Jun-12,14.01,14.01,13.76,13.90,13110
13-Jun-12,13.93,13.98,13.49,13.90,38134
12-Jun-12,13.66,13.74,13.53,13.66,5763
11-Jun-12,13.99,13.99,13.33,13.45,17027
8-Jun-12,13.72,13.94,13.50,13.77,22931
7-Jun-12,14.00,14.01,13.80,13.80,26286
6-Jun-12,14.24,14.36,13.53,13.53,60962
5-Jun-12,13.35,14.15,13.35,14.15,500
4-Jun-12,13.96,14.20,13.96,14.16,6534
1-Jun-12,14.17,14.17,13.80,14.07,12740
31-May-12,14.76,14.78,14.26,14.70,134800
30-May-12,14.61,14.81,14.50,14.60,3692
29-May-12,15.00,15.39,15.00,15.39,1200
25-May-12,14.79,15.10,14.50,14.75,2514
24-May-12,14.11,15.05,14.10,14.89,28094
23-May-12,14.71,14.71,14.40,14.41,9888
22-May-12,14.84,14.84,14.74,14.74,450
21-May-12,14.40,14.80,14.40,14.76,1401
18-May-12,14.82,15.71,14.09,14.50,27424
17-May-12,15.23,15.23,15.03,15.13,1512
16-May-12,15.18,15.43,15.04,15.15,2312
15-May-12,15.44,15.44,15.27,15.40,34049
14-May-12,15.75,15.75,15.50,15.67,19173
11-May-12,15.96,15.96,15.60,15.75,2200
10-May-12,15.68,16.13,15.48,15.88,4122
9-May-12,16.09,16.09,15.04,15.48,930
8-May-12,15.96,16.25,15.84,15.84,1105
7-May-12,16.15,16.15,16.14,16.14,200
4-May-12,16.56,16.67,16.10,16.18,39988
3-May-12,16.47,16.66,16.46,16.62,26618
2-May-12,16.05,16.53,16.05,16.41,42126
1-May-12,16.12,16.30,15.37,16.21,8819
30-Apr-12,16.62,16.62,16.14,16.20,13084
27-Apr-12,16.11,16.51,16.11,16.34,29229
26-Apr-12,16.24,16.24,15.78,16.20,1550
25-Apr-12,16.52,16.52,15.94,16.30,15958
24-Apr-12,16.66,16.66,16.34,16.46,18818
23-Apr-12,16.50,17.08,16.40,16.50,76097
20-Apr-12,16.26,16.52,16.26,16.30,60434
19-Apr-12,16.08,16.09,16.08,16.09,450
18-Apr-12,16.15,16.26,16.15,16.19,18600
17-Apr-12,15.74,16.31,15.71,16.31,68776
16-Apr-12,15.60,15.98,15.21,15.58,23066
13-Apr-12,15.90,15.90,15.46,15.52,11000
12-Apr-12,15.81,16.03,15.80,16.00,8000
11-Apr-12,15.76,15.86,15.63,15.86,1900
10-Apr-12,15.68,15.87,15.26,15.46,2620
9-Apr-12,15.87,15.87,15.87,15.87,100
5-Apr-12,15.94,15.94,15.94,15.94,0
4-Apr-12,15.99,16.07,15.72,16.07,900
3-Apr-12,15.96,16.19,15.92,16.14,102401
2-Apr-12,16.05,16.16,15.82,15.99,8747
30-Mar-12,15.91,16.23,15.91,16.04,900
29-Mar-12,16.07,16.29,16.03,16.29,1700
28-Mar-12,16.52,16.54,16.18,16.51,12819
27-Mar-12,16.29,16.53,16.29,16.41,6799
26-Mar-12,16.04,16.53,16.04,16.28,126227
23-Mar-12,16.05,16.32,15.95,16.00,280766
22-Mar-12,16.16,16.29,15.91,16.11,9600
21-Mar-12,16.61,16.61,16.23,16.35,6400
20-Mar-12,16.60,16.74,16.35,16.57,1400
19-Mar-12,16.76,16.76,16.30,16.66,3720
16-Mar-12,16.79,16.88,16.64,16.72,3028
15-Mar-12,16.85,16.89,16.55,16.74,54340
14-Mar-12,16.52,16.89,15.89,16.79,299722
13-Mar-12,16.22,17.01,16.22,16.71,8500
12-Mar-12,16.57,16.84,16.57,16.67,1162
9-Mar-12,16.58,16.58,16.50,16.58,2967
8-Mar-12,16.52,16.56,16.25,16.51,14695
7-Mar-12,16.19,16.60,15.99,16.31,34574
6-Mar-12,16.29,16.35,15.80,16.13,24532
5-Mar-12,16.57,16.68,16.35,16.36,35587
2-Mar-12,16.82,16.82,16.39,16.59,11064
1-Mar-12,16.87,16.91,16.50,16.50,4676
29-Feb-12,16.49,16.62,16.40,16.45,5800
28-Feb-12,16.42,16.51,16.37,16.40,31543
27-Feb-12,16.53,16.74,16.20,16.40,17896
24-Feb-12,16.10,16.60,16.10,16.56,3200
23-Feb-12,15.88,16.00,15.80,16.00,3798
22-Feb-12,16.06,16.14,15.96,16.09,10267
21-Feb-12,15.71,16.08,15.71,16.04,17484
17-Feb-12,16.00,16.04,16.00,16.00,3476
16-Feb-12,15.81,16.17,15.61,15.99,13306
15-Feb-12,15.69,15.93,15.69,15.80,13000
14-Feb-12,15.77,15.77,15.73,15.73,550
13-Feb-12,15.76,16.03,15.63,15.82,3942
10-Feb-12,15.54,15.62,15.50,15.62,1201
9-Feb-12,15.51,15.74,15.47,15.73,1594
8-Feb-12,15.51,15.62,15.47,15.62,8167
7-Feb-12,15.65,15.65,15.37,15.51,21610
6-Feb-12,15.32,15.50,15.30,15.49,1100
3-Feb-12,15.36,15.36,15.18,15.30,23517
2-Feb-12,15.37,15.37,15.37,15.37,350
1-Feb-12,14.92,15.28,14.70,15.17,8500
31-Jan-12,15.06,15.06,14.63,15.00,6883
30-Jan-12,14.89,15.10,14.58,14.87,4501
27-Jan-12,15.06,15.06,14.23,15.00,6417
26-Jan-12,15.24,15.24,15.05,15.05,300
25-Jan-12,14.91,15.07,14.91,15.07,1917
24-Jan-12,15.00,15.00,14.87,14.90,1200
23-Jan-12,14.41,14.53,14.41,14.53,1000
20-Jan-12,14.94,14.97,14.70,14.70,30213
19-Jan-12,14.68,15.28,14.68,14.89,4130
18-Jan-12,14.98,15.20,14.82,14.82,19522
17-Jan-12,14.60,14.84,14.40,14.40,3683
13-Jan-12,14.59,14.59,14.59,14.59,0
12-Jan-12,13.82,14.25,13.82,14.25,673
11-Jan-12,14.20,14.20,14.20,14.20,0
10-Jan-12,14.01,14.41,14.01,14.40,3145
9-Jan-12,13.01,13.50,13.01,13.50,1200
5-Jan-12,13.28,13.28,13.28,13.28,0
4-Jan-12,12.81,13.20,12.81,13.05,66423
3-Jan-12,13.14,13.14,12.94,13.07,7731
30-Dec-11,12.53,12.53,12.53,12.53,0
29-Dec-11,12.50,12.54,12.25,12.25,19750
28-Dec-11,12.47,12.50,11.77,12.25,40202
27-Dec-11,12.23,12.81,12.23,12.50,30816
23-Dec-11,12.75,12.75,12.75,12.75,0
22-Dec-11,13.01,13.15,12.84,12.93,28095
21-Dec-11,13.18,13.43,12.83,13.03,7600
20-Dec-11,13.12,13.87,12.82,13.12,17777
19-Dec-11,13.15,13.15,12.75,12.76,2230
16-Dec-11,13.41,13.41,12.85,13.06,6973
15-Dec-11,13.38,13.55,13.18,13.18,65900
14-Dec-11,13.25,13.25,13.24,13.24,1100
13-Dec-11,13.38,13.70,13.17,13.17,54235
12-Dec-11,13.81,14.44,13.35,13.61,4750
9-Dec-11,13.41,13.78,13.24,13.65,5335
8-Dec-11,13.51,13.51,13.50,13.50,900
7-Dec-11,13.67,13.77,13.50,13.50,36838
6-Dec-11,13.58,13.82,13.57,13.71,2400
5-Dec-11,13.78,13.89,13.26,13.37,82287
2-Dec-11,13.40,13.70,13.40,13.59,7325
1-Dec-11,13.34,13.73,13.12,13.56,10253
30-Nov-11,14.84,14.84,13.67,13.87,22273
29-Nov-11,13.94,14.60,13.66,13.97,4700
28-Nov-11,14.01,14.86,13.54,14.05,12202
25-Nov-11,13.03,13.90,13.03,13.89,5518
23-Nov-11,13.29,13.29,13.29,13.29,0
22-Nov-11,12.97,13.24,12.71,13.24,1640
21-Nov-11,12.73,12.84,12.38,12.84,600
18-Nov-11,13.00,13.00,12.90,12.94,3175
17-Nov-11,12.67,12.67,12.67,12.67,110
16-Nov-11,12.75,12.75,12.75,12.75,0
15-Nov-11,13.45,13.90,12.86,13.12,19388
14-Nov-11,13.31,13.65,12.52,13.65,37823
11-Nov-11,13.03,13.47,13.03,13.47,4908
10-Nov-11,13.07,13.07,12.77,12.84,1600
9-Nov-11,13.26,13.26,12.75,12.86,18774
8-Nov-11,13.05,13.80,13.05,13.80,296392
7-Nov-11,13.06,13.20,12.90,13.08,21817
4-Nov-11,13.35,13.35,13.20,13.20,17400
3-Nov-11,13.30,13.35,13.20,13.35,1000
2-Nov-11,13.05,13.05,13.00,13.00,394
1-Nov-11,13.42,13.42,13.02,13.06,6098
31-Oct-11,13.50,13.53,13.38,13.50,16141
28-Oct-11,13.86,14.00,13.70,13.85,19793
27-Oct-11,13.65,13.93,13.64,13.92,2199
26-Oct-11,13.42,13.60,13.13,13.59,3454
25-Oct-11,13.34,13.64,13.27,13.58,1235
24-Oct-11,13.33,13.77,13.33,13.65,22479
21-Oct-11,13.12,13.54,13.12,13.39,9232
20-Oct-11,13.20,13.61,12.71,13.29,16724
19-Oct-11,13.95,13.95,13.45,13.54,5521
18-Oct-11,14.00,14.00,13.58,13.58,641
17-Oct-11,12.14,13.61,12.14,13.58,10579
14-Oct-11,14.89,14.89,13.90,14.00,2460
13-Oct-11,14.31,14.31,13.69,13.88,6206
12-Oct-11,13.83,13.99,13.81,13.99,600
11-Oct-11,13.97,14.24,13.77,14.15,5663
10-Oct-11,13.99,14.06,13.94,13.94,3277
7-Oct-11,13.53,13.97,13.37,13.94,6546
6-Oct-11,13.61,13.96,13.61,13.88,3093
5-Oct-11,13.98,13.98,13.32,13.58,19344
4-Oct-11,13.53,13.95,13.48,13.80,20499
3-Oct-11,13.30,13.99,13.01,13.87,11305
30-Sep-11,12.71,13.01,12.71,12.99,14077
29-Sep-11,13.08,13.24,12.90,12.96,2700
