Date,Open,High,Low,Close,Volume
27-Sep-12,84.47,84.72,83.77,84.19,843262
26-Sep-12,84.34,85.32,84.02,84.24,851467
25-Sep-12,84.16,85.25,83.98,84.45,1234006
24-Sep-12,84.00,84.47,83.62,84.24,1181676
21-Sep-12,83.99,85.11,83.78,83.89,1010215
20-Sep-12,82.12,84.56,81.77,84.08,486155
19-Sep-12,81.17,83.98,81.13,82.48,662936
18-Sep-12,80.45,82.00,80.08,81.17,466584
17-Sep-12,80.37,82.21,80.25,80.48,544724
14-Sep-12,81.60,82.28,80.25,80.37,815406
13-Sep-12,85.40,85.47,81.37,81.55,1158667
12-Sep-12,85.82,86.48,85.34,85.61,414245
11-Sep-12,84.97,86.25,84.97,85.64,423929
10-Sep-12,83.05,85.34,83.05,85.06,492662
7-Sep-12,84.13,84.68,82.94,83.25,1319628
6-Sep-12,84.60,85.76,83.42,83.66,1645798
5-Sep-12,83.17,84.17,83.04,83.98,1666316
4-Sep-12,84.82,85.42,82.95,83.42,1563096
31-Aug-12,85.56,85.64,84.41,84.95,1236701
30-Aug-12,85.58,85.94,84.88,84.95,1104316
29-Aug-12,86.55,86.83,85.73,85.97,883897
28-Aug-12,86.50,87.38,86.37,86.60,1139708
27-Aug-12,87.43,87.43,86.50,86.72,727908
24-Aug-12,86.61,87.50,85.98,86.87,1053494
23-Aug-12,85.47,86.95,85.25,86.46,840191
22-Aug-12,85.84,86.04,85.00,85.42,2082722
21-Aug-12,86.44,87.00,85.60,85.78,686624
20-Aug-12,87.46,87.97,86.00,86.49,1328629
17-Aug-12,87.38,88.90,86.50,87.99,1542059
16-Aug-12,84.98,87.33,84.35,87.21,1091857
15-Aug-12,84.79,85.77,84.62,84.95,862869
14-Aug-12,85.16,86.16,84.44,84.64,828763
13-Aug-12,84.50,85.43,84.49,84.95,1216236
10-Aug-12,84.99,85.63,84.34,84.62,846792
9-Aug-12,85.67,86.38,84.55,85.00,1789785
8-Aug-12,86.81,87.60,86.56,86.70,1146344
7-Aug-12,86.01,87.69,85.98,87.21,1038685
6-Aug-12,85.72,86.52,85.21,86.10,1118189
3-Aug-12,85.88,86.24,85.00,85.72,901474
2-Aug-12,84.48,86.00,84.06,84.56,1204307
1-Aug-12,86.29,87.30,84.99,85.07,1163255
31-Jul-12,85.65,86.76,85.17,85.74,1262294
30-Jul-12,84.40,87.45,83.88,86.05,2085941
27-Jul-12,87.95,89.06,86.17,87.17,1975777
26-Jul-12,88.90,90.62,85.00,86.97,3943136
25-Jul-12,88.93,90.98,88.15,90.10,1878016
24-Jul-12,90.36,90.76,88.28,88.88,1021499
23-Jul-12,89.78,90.86,88.80,90.30,1421615
20-Jul-12,93.85,93.85,90.99,91.31,1852896
19-Jul-12,94.59,97.00,92.24,94.15,2511160
18-Jul-12,92.55,94.82,92.33,94.56,1211733
17-Jul-12,91.54,92.98,91.30,92.53,1201777
16-Jul-12,91.30,91.54,90.36,90.59,1525188
13-Jul-12,91.36,92.49,91.21,91.70,1559782
12-Jul-12,87.28,92.03,87.28,91.21,2984532
11-Jul-12,87.01,88.40,86.89,88.02,1462275
10-Jul-12,86.95,87.53,85.57,87.22,1566621
9-Jul-12,86.50,86.83,85.31,86.73,1333183
6-Jul-12,86.51,86.87,85.44,86.74,1105644
5-Jul-12,84.36,86.97,84.06,86.58,1746117
3-Jul-12,85.00,85.24,84.23,84.36,815210
2-Jul-12,84.25,85.49,82.46,85.10,2738819
29-Jun-12,82.21,85.06,82.20,83.77,2354387
28-Jun-12,82.11,82.91,80.27,81.34,3599268
27-Jun-12,77.60,83.44,75.61,82.61,12858092
26-Jun-12,95.52,97.03,94.55,96.44,1181758
25-Jun-12,96.96,97.23,95.05,95.23,1010363
22-Jun-12,97.59,97.85,96.58,97.35,916486
21-Jun-12,100.59,100.76,96.97,97.15,1227071
20-Jun-12,101.10,101.43,99.91,100.20,884342
19-Jun-12,101.75,102.96,100.50,101.11,1338033
18-Jun-12,99.06,101.49,98.78,101.48,1105438
15-Jun-12,98.83,99.45,98.35,99.05,1418796
14-Jun-12,97.96,99.50,97.75,98.34,997866
13-Jun-12,99.63,100.34,97.47,97.59,1043894
12-Jun-12,97.56,100.12,97.20,99.98,1336030
11-Jun-12,98.52,99.23,96.96,97.07,971708
8-Jun-12,96.56,98.14,96.56,98.09,999970
7-Jun-12,99.49,99.59,96.91,97.21,1362962
6-Jun-12,95.51,99.10,95.46,98.46,1418513
5-Jun-12,94.08,95.64,93.38,95.18,1079209
4-Jun-12,93.38,94.29,93.00,94.01,1721789
1-Jun-12,94.70,95.31,92.85,93.05,1753199
31-May-12,96.21,96.49,95.27,95.79,1476761
30-May-12,96.62,96.70,95.71,95.72,1454638
29-May-12,96.89,97.76,96.08,97.08,1115646
25-May-12,96.57,97.47,96.16,96.30,961552
24-May-12,97.16,97.75,95.85,96.28,1084449
23-May-12,94.76,96.94,94.76,96.73,1409629
22-May-12,92.93,96.29,91.65,95.32,1938309
21-May-12,93.58,96.12,92.15,95.76,1624186
18-May-12,94.97,97.21,92.38,93.30,2507028
17-May-12,98.00,98.71,94.08,94.32,3200665
16-May-12,100.96,102.49,100.88,101.95,1100723
15-May-12,101.17,102.62,99.26,101.03,1357411
14-May-12,103.10,103.11,100.80,100.89,1506024
11-May-12,103.02,104.66,102.79,103.84,938038
10-May-12,102.71,103.70,102.01,103.13,881745
9-May-12,101.73,103.35,101.27,102.39,1280769
8-May-12,103.63,103.76,101.00,102.29,1310194
7-May-12,104.07,104.69,103.39,104.12,931131
4-May-12,105.14,105.94,104.21,104.30,694826
3-May-12,106.51,107.08,105.53,105.89,678046
2-May-12,105.14,107.13,105.02,106.71,1287350
1-May-12,105.01,106.90,104.36,105.60,1221201
30-Apr-12,105.53,106.12,105.14,105.50,1085371
27-Apr-12,103.11,106.82,102.64,105.98,1620790
26-Apr-12,100.99,104.81,97.51,102.64,3778804
25-Apr-12,95.71,96.73,95.08,96.62,1040166
24-Apr-12,96.50,98.09,93.34,95.00,1360092
23-Apr-12,95.90,95.94,94.44,95.35,854360
20-Apr-12,96.20,96.90,95.86,96.45,740412
19-Apr-12,96.43,96.75,95.52,95.99,1110282
18-Apr-12,95.49,97.03,95.37,96.92,589825
17-Apr-12,95.46,95.80,94.55,95.54,608052
16-Apr-12,94.53,95.15,93.84,94.76,761498
13-Apr-12,93.95,94.76,93.94,94.35,743878
12-Apr-12,94.00,94.41,93.37,94.28,708923
11-Apr-12,92.06,93.86,92.06,93.82,930284
10-Apr-12,92.88,93.00,91.18,91.47,1117763
9-Apr-12,92.12,93.28,91.71,93.03,822928
5-Apr-12,92.68,93.43,92.32,92.65,557274
4-Apr-12,92.79,93.25,91.93,92.86,843115
3-Apr-12,93.10,94.27,92.84,93.65,1187756
2-Apr-12,91.19,93.09,91.09,92.86,1021077
30-Mar-12,91.02,91.79,90.50,91.35,1175711
29-Mar-12,90.08,90.59,89.81,90.56,845030
28-Mar-12,91.08,91.22,90.04,90.69,584505
27-Mar-12,91.38,91.62,90.63,91.27,459364
26-Mar-12,90.62,91.77,90.56,91.51,863467
23-Mar-12,90.21,90.47,89.01,90.04,663900
22-Mar-12,89.47,90.81,89.21,90.36,778746
21-Mar-12,89.71,90.26,89.63,89.77,867776
20-Mar-12,89.23,90.00,89.10,89.85,694108
19-Mar-12,89.10,89.78,88.68,89.51,760193
16-Mar-12,89.91,90.16,88.95,89.04,1036852
15-Mar-12,90.11,90.32,89.61,90.21,899495
14-Mar-12,90.11,90.27,89.94,90.21,801030
13-Mar-12,90.46,90.85,89.55,90.07,918759
12-Mar-12,90.46,90.53,89.95,90.06,844435
9-Mar-12,90.28,90.68,89.75,90.42,846250
8-Mar-12,90.27,90.94,89.89,89.92,825170
7-Mar-12,89.50,90.31,88.98,90.10,846953
6-Mar-12,89.17,90.16,89.10,89.35,719615
5-Mar-12,88.33,89.98,88.31,89.85,852496
2-Mar-12,88.01,88.71,87.70,88.33,628257
1-Mar-12,86.64,88.18,86.52,88.08,1062833
29-Feb-12,87.05,87.05,86.33,86.50,1509358
28-Feb-12,86.00,87.36,85.76,87.34,1279767
27-Feb-12,85.20,86.18,85.20,85.69,911166
24-Feb-12,86.33,86.72,85.39,85.67,1128426
23-Feb-12,84.69,86.59,84.40,86.40,1676393
22-Feb-12,84.23,85.08,84.22,84.77,841511
21-Feb-12,84.46,84.88,83.97,84.46,957972
17-Feb-12,84.55,85.18,84.17,84.55,1693688
16-Feb-12,83.66,85.11,83.66,84.51,1560635
15-Feb-12,84.00,84.21,83.00,83.45,1075994
14-Feb-12,83.10,84.01,82.98,84.00,1048150
13-Feb-12,83.66,83.99,82.99,83.23,1038773
10-Feb-12,82.50,84.15,82.50,83.45,1075855
9-Feb-12,81.92,84.76,81.90,84.34,1946275
8-Feb-12,83.90,84.00,82.35,83.44,1596290
7-Feb-12,82.27,83.86,82.00,83.85,1011301
6-Feb-12,82.50,83.38,82.06,82.36,796451
3-Feb-12,82.43,83.75,82.29,82.83,1028204
2-Feb-12,82.09,82.38,81.42,81.54,942521
1-Feb-12,81.53,82.19,81.49,81.98,1029097
31-Jan-12,82.59,82.59,81.39,81.51,953890
30-Jan-12,82.31,82.80,81.56,82.35,680906
27-Jan-12,82.04,83.01,81.84,82.56,756793
26-Jan-12,83.23,83.80,81.81,81.99,962904
25-Jan-12,81.88,82.72,81.62,82.57,712941
24-Jan-12,80.95,82.17,80.90,81.81,880388
23-Jan-12,82.18,82.78,80.98,81.26,1222429
20-Jan-12,84.94,85.09,82.09,82.28,1872011
19-Jan-12,83.89,85.32,83.87,84.78,1178950
18-Jan-12,82.20,83.91,81.88,83.68,692222
17-Jan-12,82.00,82.80,81.70,82.30,714459
13-Jan-12,81.60,81.60,81.60,81.60,0
12-Jan-12,81.64,81.89,80.90,81.82,647369
11-Jan-12,81.07,81.50,81.00,81.38,460384
10-Jan-12,80.93,81.38,80.65,80.90,712676
9-Jan-12,80.06,80.54,79.96,80.40,761820
6-Jan-12,80.28,80.40,79.51,80.01,189099
5-Jan-12,79.22,80.67,78.54,80.41,722904
4-Jan-12,78.37,79.96,77.77,79.34,1121481
3-Jan-12,80.95,81.23,78.10,78.15,1233880
30-Dec-11,79.95,79.95,79.95,79.95,0
29-Dec-11,81.13,81.58,80.73,80.99,470447
28-Dec-11,80.98,80.98,80.98,80.98,0
27-Dec-11,81.26,82.08,81.13,81.70,380541
23-Dec-11,81.41,81.41,81.41,81.41,0
22-Dec-11,80.80,81.12,79.91,80.11,753086
21-Dec-11,81.58,81.83,80.40,80.71,642986
20-Dec-11,79.95,81.43,79.95,81.31,803393
19-Dec-11,80.40,80.47,78.73,78.97,512671
16-Dec-11,79.42,80.90,79.20,79.88,2014326
15-Dec-11,78.95,79.49,78.56,78.95,912665
14-Dec-11,78.85,79.18,77.69,78.58,980438
13-Dec-11,81.10,81.21,78.57,78.91,939100
12-Dec-11,81.01,81.01,81.01,81.01,0
9-Dec-11,79.28,81.24,79.06,81.04,995881
8-Dec-11,78.41,79.66,78.40,78.92,886760
7-Dec-11,79.03,79.40,78.48,79.02,825810
6-Dec-11,80.00,80.42,79.44,79.54,826906
5-Dec-11,78.33,80.67,78.15,79.53,1288434
2-Dec-11,78.10,78.24,77.03,77.03,608983
1-Dec-11,77.31,78.26,76.92,77.70,640938
30-Nov-11,77.00,77.67,76.38,77.24,1085932
29-Nov-11,75.62,76.77,75.49,75.92,801588
28-Nov-11,76.96,77.09,75.39,75.73,941238
25-Nov-11,74.07,75.59,73.90,75.51,1088595
23-Nov-11,74.42,74.42,74.42,74.42,0
22-Nov-11,76.07,76.10,75.06,75.36,726788
21-Nov-11,75.03,75.98,74.53,75.78,1064239
18-Nov-11,75.96,76.05,75.09,75.47,1324835
17-Nov-11,76.65,77.00,75.26,76.05,876235
16-Nov-11,77.75,77.86,76.38,76.62,760240
15-Nov-11,77.51,78.52,77.30,78.29,624067
14-Nov-11,78.75,78.99,77.43,77.77,501558
11-Nov-11,77.22,78.99,76.96,78.70,750129
10-Nov-11,77.35,77.35,76.19,76.38,1066283
9-Nov-11,76.42,78.05,76.19,76.99,2348550
8-Nov-11,77.47,77.87,76.39,77.31,940345
7-Nov-11,76.70,76.92,75.89,76.92,1447629
4-Nov-11,76.80,77.44,75.96,76.90,876923
3-Nov-11,76.45,77.49,75.58,77.36,1042344
2-Nov-11,77.02,77.06,75.91,76.32,716156
1-Nov-11,74.14,77.18,74.14,76.45,1410408
31-Oct-11,75.67,77.29,75.50,76.05,863210
28-Oct-11,75.75,77.35,75.71,76.07,1564855
27-Oct-11,74.38,76.88,73.97,76.13,3004054
26-Oct-11,72.10,72.12,69.14,70.20,1521673
25-Oct-11,70.91,71.77,70.29,70.91,882806
24-Oct-11,70.31,71.86,70.31,71.06,1461679
21-Oct-11,71.44,71.44,69.77,70.42,1543857
20-Oct-11,70.14,70.91,69.58,70.74,873503
19-Oct-11,69.63,71.20,69.63,69.89,754211
18-Oct-11,69.03,70.12,68.72,69.74,703050
17-Oct-11,70.00,71.22,68.77,69.00,1547234
14-Oct-11,69.33,69.85,68.48,69.82,633097
13-Oct-11,68.35,69.08,68.05,68.71,852892
12-Oct-11,69.85,69.94,68.04,68.37,1232017
11-Oct-11,69.45,69.82,68.66,69.65,558263
10-Oct-11,68.40,69.61,67.77,69.57,839225
7-Oct-11,67.85,68.36,67.01,67.67,973163
6-Oct-11,67.01,67.69,66.33,67.57,1359154
5-Oct-11,67.33,67.64,65.57,66.91,1009814
4-Oct-11,63.97,67.38,63.75,67.26,1438029
3-Oct-11,66.34,66.67,64.88,64.97,1236308
30-Sep-11,66.42,68.13,66.06,66.63,1475302
29-Sep-11,69.70,69.73,65.58,67.35,1545499
