Date,Open,High,Low,Close,Volume
27-Sep-12,15.93,16.14,15.85,16.14,6895
26-Sep-12,15.70,15.95,15.70,15.94,19468
25-Sep-12,15.47,15.75,15.47,15.70,31253
24-Sep-12,15.51,15.58,15.38,15.53,5122
21-Sep-12,15.66,15.66,15.40,15.58,30464
20-Sep-12,15.36,15.55,15.35,15.38,1591
19-Sep-12,15.54,15.67,15.31,15.45,2600
18-Sep-12,15.37,15.55,15.45,15.54,1503
17-Sep-12,15.38,15.43,15.32,15.39,6128
14-Sep-12,15.50,15.50,15.28,15.50,4889
13-Sep-12,15.17,15.50,15.17,15.47,7217
12-Sep-12,15.07,15.19,15.18,15.19,2168
11-Sep-12,15.05,15.05,14.85,15.04,3786
10-Sep-12,15.04,15.08,15.00,15.07,5828
7-Sep-12,15.54,15.54,14.85,15.27,44942
6-Sep-12,14.86,15.50,14.86,15.50,19437
5-Sep-12,14.99,15.30,14.52,15.14,28320
4-Sep-12,14.64,14.87,14.11,14.83,15379
31-Aug-12,14.52,15.00,14.25,14.74,49704
30-Aug-12,14.09,14.42,14.02,14.40,7160
29-Aug-12,13.95,14.64,13.91,14.26,16796
28-Aug-12,14.08,14.22,13.82,14.22,4807
27-Aug-12,13.98,14.21,13.94,14.15,11819
24-Aug-12,13.98,14.25,13.94,13.98,7112
23-Aug-12,14.07,14.15,13.92,13.92,4372
22-Aug-12,14.55,14.55,13.98,14.15,4288
21-Aug-12,14.47,14.82,14.22,14.55,9851
20-Aug-12,14.55,14.61,14.06,14.40,10858
17-Aug-12,14.20,14.79,14.20,14.63,9137
16-Aug-12,14.35,14.35,13.98,14.27,3842
15-Aug-12,14.04,14.31,13.90,14.31,19982
14-Aug-12,14.50,14.77,14.01,14.15,8911
13-Aug-12,14.00,14.64,13.83,14.24,5331
10-Aug-12,14.16,14.48,13.81,13.89,6726
9-Aug-12,13.83,14.42,13.76,14.00,29527
8-Aug-12,14.60,14.60,14.18,14.32,3885
7-Aug-12,14.76,14.76,14.46,14.70,14100
6-Aug-12,14.81,14.85,13.75,14.77,9867
3-Aug-12,14.48,14.92,14.00,14.75,14794
2-Aug-12,13.70,14.26,13.60,14.22,17559
1-Aug-12,14.75,15.23,13.60,14.02,25895
31-Jul-12,14.40,15.34,14.40,15.30,27251
30-Jul-12,14.57,14.62,14.00,14.48,11907
27-Jul-12,13.67,14.72,13.51,14.67,10730
26-Jul-12,13.63,13.73,13.50,13.72,3309
25-Jul-12,13.27,13.53,13.27,13.48,10210
24-Jul-12,13.68,13.68,13.18,13.24,16386
23-Jul-12,14.29,14.29,13.42,13.58,11232
20-Jul-12,15.04,15.04,14.46,14.46,12805
19-Jul-12,15.47,15.61,15.10,15.10,14334
18-Jul-12,16.04,16.06,15.30,16.06,11552
17-Jul-12,15.43,16.11,15.43,16.02,15593
16-Jul-12,16.13,16.13,15.38,15.42,10818
13-Jul-12,16.24,16.83,15.96,16.14,86862
12-Jul-12,15.95,16.15,15.83,16.12,15134
11-Jul-12,15.92,16.05,15.88,15.99,16126
10-Jul-12,15.73,15.90,15.65,15.86,12458
9-Jul-12,15.40,15.78,15.37,15.68,7460
6-Jul-12,15.47,15.55,15.33,15.35,5639
5-Jul-12,15.60,15.65,15.57,15.63,10085
3-Jul-12,15.57,15.60,15.52,15.60,13736
2-Jul-12,15.46,15.56,15.30,15.56,36774
29-Jun-12,15.45,15.52,15.08,15.51,42897
28-Jun-12,15.11,15.27,15.06,15.24,14905
27-Jun-12,15.17,15.28,15.15,15.25,21696
26-Jun-12,15.11,15.24,15.07,15.22,16455
25-Jun-12,15.18,15.30,14.78,15.07,27996
22-Jun-12,15.66,15.90,15.06,15.34,1168720
21-Jun-12,15.47,15.73,15.46,15.73,37871
20-Jun-12,15.54,15.70,15.46,15.57,19776
19-Jun-12,15.75,15.75,15.61,15.62,28892
18-Jun-12,15.85,15.93,15.55,15.74,26728
15-Jun-12,15.59,15.95,15.53,15.95,15682
14-Jun-12,15.34,15.74,15.24,15.73,24522
13-Jun-12,15.30,15.45,15.30,15.40,11330
12-Jun-12,15.40,15.45,15.19,15.45,13662
11-Jun-12,15.35,15.45,15.08,15.40,26234
8-Jun-12,14.86,15.49,14.86,15.35,17772
7-Jun-12,14.99,15.35,14.75,14.89,10575
6-Jun-12,14.71,15.33,14.71,15.25,2058
5-Jun-12,14.63,14.77,14.45,14.45,1793
4-Jun-12,15.00,15.00,14.76,14.79,2505
1-Jun-12,14.68,15.00,14.68,14.88,4467
31-May-12,14.99,15.50,14.85,14.86,5244
30-May-12,14.95,15.43,14.80,14.83,19579
29-May-12,15.25,15.25,14.86,14.96,8204
25-May-12,15.47,15.47,15.14,15.25,4113
24-May-12,15.15,15.50,15.15,15.44,2068
23-May-12,15.31,15.46,14.77,15.15,2347
22-May-12,15.23,15.44,14.91,15.41,2561
21-May-12,14.90,15.30,14.90,15.30,1633
18-May-12,15.10,15.10,14.58,15.00,13246
17-May-12,15.29,15.30,15.14,15.18,1278
16-May-12,15.12,15.34,15.01,15.21,8026
15-May-12,15.50,15.50,15.29,15.38,5546
14-May-12,15.36,15.50,15.36,15.50,2668
11-May-12,15.37,15.50,15.15,15.50,2197
10-May-12,15.31,15.53,15.31,15.48,3356
9-May-12,15.50,15.50,14.97,15.44,4949
8-May-12,15.64,15.72,15.19,15.72,13243
7-May-12,15.47,15.76,15.47,15.76,3543
4-May-12,15.54,15.72,15.37,15.56,3006
3-May-12,15.54,15.65,15.40,15.49,4357
2-May-12,15.31,15.74,15.31,15.74,5300
1-May-12,15.10,15.44,15.00,15.40,6015
30-Apr-12,15.32,15.32,14.99,15.23,15179
27-Apr-12,15.77,15.77,14.95,15.23,12421
26-Apr-12,15.57,15.69,15.28,15.59,3786
25-Apr-12,15.30,15.49,15.13,15.49,5931
24-Apr-12,15.14,15.28,15.11,15.19,4306
23-Apr-12,14.86,15.20,14.86,15.11,8241
20-Apr-12,15.19,15.35,15.00,15.17,15807
19-Apr-12,14.96,15.15,14.96,15.11,8150
18-Apr-12,14.59,14.99,14.45,14.98,17772
17-Apr-12,14.40,14.59,13.85,14.59,2850
16-Apr-12,14.34,14.53,14.01,14.53,5954
13-Apr-12,14.22,14.30,13.98,14.30,3181
12-Apr-12,14.12,14.26,13.94,14.23,6923
11-Apr-12,14.28,14.50,13.86,14.25,7324
10-Apr-12,14.25,14.46,14.22,14.25,6544
9-Apr-12,14.25,14.35,14.25,14.25,8722
5-Apr-12,14.21,14.55,14.21,14.44,8956
4-Apr-12,14.09,14.40,14.05,14.22,10319
3-Apr-12,14.03,14.21,13.89,14.14,17579
2-Apr-12,13.51,14.13,13.51,14.02,14978
30-Mar-12,13.30,13.55,13.22,13.52,7079
29-Mar-12,12.83,13.27,12.83,13.27,11304
28-Mar-12,12.99,13.00,12.80,13.00,14127
27-Mar-12,12.71,13.00,12.71,12.99,1692
26-Mar-12,12.74,12.97,12.61,12.68,6593
23-Mar-12,12.70,12.93,12.60,12.61,1436
22-Mar-12,12.90,12.90,12.53,12.66,11575
21-Mar-12,12.71,12.97,12.66,12.88,9115
20-Mar-12,12.72,12.89,12.66,12.68,7998
19-Mar-12,12.40,12.99,12.40,12.99,8867
16-Mar-12,12.54,12.64,12.40,12.40,10058
15-Mar-12,12.60,12.67,12.50,12.56,4000
14-Mar-12,12.61,12.64,12.43,12.62,4914
13-Mar-12,12.57,12.82,12.48,12.69,10495
12-Mar-12,12.64,12.64,12.48,12.59,5628
9-Mar-12,12.50,12.59,12.44,12.59,22704
8-Mar-12,12.55,12.55,12.45,12.50,16844
7-Mar-12,12.50,12.64,12.49,12.64,28587
6-Mar-12,12.50,12.54,12.50,12.51,5601
5-Mar-12,12.44,12.57,12.44,12.51,3124
2-Mar-12,12.37,12.56,12.37,12.44,1847
1-Mar-12,12.52,12.59,12.41,12.45,2400
29-Feb-12,12.39,12.58,12.39,12.58,2093
28-Feb-12,12.43,12.57,12.31,12.32,18385
27-Feb-12,12.50,12.59,12.40,12.40,4780
24-Feb-12,12.38,12.59,12.30,12.59,11365
23-Feb-12,12.25,12.45,12.08,12.45,2169
22-Feb-12,12.39,12.39,12.23,12.28,2083
21-Feb-12,12.60,12.60,12.15,12.36,4354
17-Feb-12,12.23,12.46,12.15,12.37,8932
16-Feb-12,12.16,12.30,12.13,12.22,3275
15-Feb-12,12.28,12.28,12.03,12.15,2012
14-Feb-12,12.28,12.28,12.28,12.28,210
13-Feb-12,12.29,12.46,12.29,12.40,1549
10-Feb-12,12.32,12.32,12.00,12.22,5780
9-Feb-12,12.46,12.46,12.22,12.33,4194
8-Feb-12,12.17,12.25,12.04,12.25,9231
7-Feb-12,12.09,12.15,12.05,12.15,5489
6-Feb-12,12.06,12.09,11.87,12.09,6940
3-Feb-12,11.67,11.95,11.65,11.95,14008
2-Feb-12,11.50,11.65,11.47,11.60,12368
1-Feb-12,11.21,11.50,11.21,11.44,11694
31-Jan-12,11.51,11.51,11.30,11.44,5326
30-Jan-12,11.36,11.78,11.28,11.66,3781
27-Jan-12,11.35,11.64,11.20,11.46,10239
26-Jan-12,11.39,11.65,11.35,11.37,7608
25-Jan-12,11.23,11.65,11.23,11.39,8126
24-Jan-12,11.15,11.35,11.15,11.35,2950
23-Jan-12,10.86,11.39,10.86,11.06,12430
20-Jan-12,11.28,12.00,11.08,11.65,19027
19-Jan-12,11.11,11.45,10.90,11.09,14828
18-Jan-12,11.44,11.44,11.02,11.24,800
17-Jan-12,11.25,11.49,10.99,11.44,15505
13-Jan-12,11.25,11.25,11.25,11.25,0
12-Jan-12,11.05,11.24,10.99,11.01,4427
11-Jan-12,10.95,11.15,10.94,11.15,3376
10-Jan-12,11.11,11.16,10.75,11.16,3851
9-Jan-12,10.84,11.07,10.52,11.05,10138
6-Jan-12,10.81,11.20,10.56,11.06,6961
5-Jan-12,10.58,11.05,10.58,11.05,5762
4-Jan-12,10.75,10.95,10.61,10.75,6852
3-Jan-12,10.91,11.03,10.70,10.72,2988
30-Dec-11,10.75,10.75,10.75,10.75,0
29-Dec-11,10.65,10.99,10.65,10.81,3962
28-Dec-11,10.58,10.74,10.51,10.51,1529
27-Dec-11,10.69,10.79,10.69,10.75,6306
23-Dec-11,10.84,10.84,10.84,10.84,0
22-Dec-11,10.21,10.57,10.21,10.53,17534
21-Dec-11,10.29,10.54,10.25,10.25,5470
20-Dec-11,10.37,10.39,10.16,10.39,2579
19-Dec-11,10.21,10.36,10.21,10.21,15602
16-Dec-11,10.19,10.25,10.05,10.25,21147
15-Dec-11,10.09,10.20,10.05,10.12,5595
14-Dec-11,10.07,10.14,9.99,10.09,1500
13-Dec-11,10.13,10.19,10.08,10.10,3478
12-Dec-11,10.05,10.16,10.01,10.13,4727
9-Dec-11,10.09,10.09,9.95,9.95,3061
8-Dec-11,10.17,10.17,9.93,9.93,3215
7-Dec-11,9.91,10.18,9.91,10.16,2554
6-Dec-11,10.23,10.33,9.96,9.96,16960
5-Dec-11,10.25,10.35,10.12,10.12,4500
2-Dec-11,10.26,10.30,10.19,10.20,4244
1-Dec-11,10.23,10.30,10.17,10.20,5800
30-Nov-11,10.15,10.33,10.11,10.20,24761
29-Nov-11,10.12,10.12,9.95,10.07,18305
28-Nov-11,10.25,10.25,10.07,10.10,2869
23-Nov-11,10.06,10.06,10.06,10.06,0
22-Nov-11,10.17,10.30,10.17,10.25,652
21-Nov-11,10.34,10.34,10.20,10.25,4390
18-Nov-11,10.43,10.43,10.11,10.25,3035
17-Nov-11,10.25,10.35,10.10,10.27,6600
16-Nov-11,10.23,10.34,10.23,10.25,2900
15-Nov-11,10.25,10.34,10.16,10.28,9628
14-Nov-11,10.22,10.28,10.22,10.28,2447
11-Nov-11,10.24,10.28,10.18,10.25,4000
10-Nov-11,10.25,10.28,10.11,10.28,3448
9-Nov-11,9.96,10.27,9.96,10.24,817
8-Nov-11,10.07,10.25,10.07,10.25,925
7-Nov-11,10.12,10.40,10.06,10.20,8172
4-Nov-11,10.10,10.36,10.10,10.22,1845
3-Nov-11,10.20,10.25,10.05,10.25,5651
2-Nov-11,9.90,10.24,9.90,10.24,1817
1-Nov-11,9.97,10.25,9.90,9.96,13755
31-Oct-11,10.07,10.18,10.07,10.12,2800
28-Oct-11,10.17,10.35,10.05,10.05,3890
27-Oct-11,10.13,10.26,10.00,10.16,10541
26-Oct-11,9.87,10.25,9.87,9.97,6916
25-Oct-11,10.21,10.23,10.09,10.09,800
24-Oct-11,10.11,10.16,10.06,10.15,5770
21-Oct-11,10.10,10.19,10.09,10.19,3955
20-Oct-11,10.26,10.26,9.80,9.80,2404
19-Oct-11,10.07,10.26,10.05,10.10,4119
18-Oct-11,9.87,10.43,9.85,10.27,12927
17-Oct-11,10.28,10.28,10.05,10.18,1900
14-Oct-11,10.06,10.36,10.05,10.29,4413
13-Oct-11,10.30,10.59,10.02,10.12,6129
12-Oct-11,10.25,10.25,10.00,10.23,8218
11-Oct-11,10.20,10.20,10.20,10.20,0
10-Oct-11,10.00,10.08,9.92,9.95,3564
7-Oct-11,9.99,9.99,9.85,9.94,1221
6-Oct-11,9.90,10.00,9.81,10.00,6995
5-Oct-11,9.94,9.95,9.75,9.92,7601
4-Oct-11,9.88,9.90,9.71,9.89,6000
3-Oct-11,9.95,9.95,9.95,9.95,0
30-Sep-11,9.91,9.91,9.91,9.91,0
29-Sep-11,10.17,10.17,10.03,10.05,1393
