Date,Open,High,Low,Close,Volume
26-Sep-12,38.96,39.31,38.32,38.82,31337
25-Sep-12,38.23,39.98,38.16,38.64,25466
24-Sep-12,36.46,38.24,36.25,38.07,26038
21-Sep-12,35.75,36.49,35.68,36.49,20326
20-Sep-12,35.58,35.61,35.32,35.32,1259
19-Sep-12,35.99,36.07,35.69,35.69,1855
18-Sep-12,35.31,35.89,35.21,35.70,3548
17-Sep-12,34.95,35.90,34.95,35.67,3208
14-Sep-12,35.18,35.44,34.53,34.84,5936
13-Sep-12,34.73,35.29,34.55,35.28,4633
12-Sep-12,34.90,34.90,34.53,34.83,8114
11-Sep-12,34.01,34.98,34.01,34.90,15217
10-Sep-12,35.43,35.43,33.85,34.06,5124
7-Sep-12,35.36,35.60,34.77,35.32,16049
6-Sep-12,34.58,35.61,34.38,35.20,24315
5-Sep-12,34.48,34.48,33.51,34.12,12147
4-Sep-12,34.32,34.99,33.20,34.29,18265
31-Aug-12,35.13,35.99,33.55,34.05,33336
30-Aug-12,34.50,35.25,34.50,34.66,1971
29-Aug-12,33.85,35.00,33.70,34.60,31659
28-Aug-12,33.90,34.00,32.00,33.93,6834
27-Aug-12,31.87,34.93,31.87,33.95,7649
24-Aug-12,34.20,34.81,33.98,34.35,1957
23-Aug-12,34.49,34.54,33.91,34.10,23090
22-Aug-12,34.52,34.95,34.38,34.38,5432
21-Aug-12,34.55,34.60,34.47,34.55,2894
20-Aug-12,34.88,35.00,34.09,34.43,4807
17-Aug-12,33.79,35.00,33.66,34.75,22859
16-Aug-12,34.02,34.97,33.89,33.98,21700
15-Aug-12,34.83,34.83,33.51,33.75,7701
14-Aug-12,35.11,35.67,34.62,34.92,33251
13-Aug-12,35.34,36.76,34.31,34.69,23741
10-Aug-12,35.45,35.59,35.07,35.14,9864
9-Aug-12,36.30,36.75,35.47,35.83,10324
8-Aug-12,35.07,36.49,34.95,36.18,23485
7-Aug-12,33.30,35.15,33.30,34.97,14391
6-Aug-12,33.52,33.52,31.70,31.77,17417
3-Aug-12,31.73,32.84,31.73,32.84,10975
2-Aug-12,32.33,33.63,30.40,31.00,24009
1-Aug-12,33.66,33.66,32.44,32.44,6639
31-Jul-12,34.06,34.41,33.53,33.98,18117
30-Jul-12,34.04,34.79,33.96,34.26,3463
27-Jul-12,33.10,34.02,33.00,33.89,8077
26-Jul-12,32.81,33.05,32.81,33.05,2739
25-Jul-12,32.49,32.49,32.25,32.25,2074
24-Jul-12,32.46,32.46,32.00,32.09,3668
23-Jul-12,32.23,33.00,32.23,32.72,5800
20-Jul-12,32.58,33.07,32.58,32.96,5440
19-Jul-12,32.63,32.88,32.29,32.63,3839
18-Jul-12,32.87,32.87,32.02,32.49,2715
17-Jul-12,32.89,32.95,32.50,32.86,1575
16-Jul-12,32.62,32.97,32.23,32.71,2619
13-Jul-12,32.50,33.00,32.38,33.00,9616
12-Jul-12,32.19,32.50,32.19,32.36,6022
11-Jul-12,32.50,32.50,31.94,32.27,7880
10-Jul-12,32.06,32.23,31.80,32.21,4088
9-Jul-12,32.03,32.08,31.84,31.94,965
6-Jul-12,31.88,32.33,31.76,32.16,3108
5-Jul-12,32.25,32.30,32.21,32.24,2000
3-Jul-12,32.69,32.80,32.12,32.80,5243
2-Jul-12,32.47,32.79,31.99,32.78,22531
29-Jun-12,32.82,32.82,31.79,32.35,11043
28-Jun-12,31.87,32.63,31.86,32.23,19990
27-Jun-12,32.02,32.21,31.90,32.21,2787
26-Jun-12,32.43,32.50,32.10,32.24,2593
25-Jun-12,32.76,33.13,32.07,32.52,18305
22-Jun-12,32.06,33.40,31.75,33.38,92462
21-Jun-12,33.60,33.60,31.69,31.69,4312
20-Jun-12,33.59,34.12,32.97,33.47,12170
19-Jun-12,33.54,33.80,33.15,33.52,15740
18-Jun-12,33.54,33.88,33.14,33.46,7258
15-Jun-12,34.00,34.00,33.57,33.58,13835
14-Jun-12,32.25,33.50,32.25,33.40,7907
13-Jun-12,32.07,32.44,32.07,32.25,8681
12-Jun-12,31.82,32.25,31.55,32.17,10608
11-Jun-12,32.57,32.60,31.50,31.55,6200
8-Jun-12,32.33,32.45,31.93,32.45,2960
7-Jun-12,33.20,33.20,32.06,32.36,6654
6-Jun-12,31.92,32.73,31.92,32.73,8056
5-Jun-12,31.03,31.71,31.00,31.70,13035
4-Jun-12,30.51,31.16,30.08,30.92,7795
1-Jun-12,30.41,30.75,29.95,30.50,18224
31-May-12,31.70,31.97,31.43,31.43,9477
30-May-12,31.75,31.75,31.65,31.70,6141
29-May-12,32.05,32.09,31.77,31.94,6223
25-May-12,31.42,31.77,31.42,31.77,9679
24-May-12,31.46,31.46,31.03,31.32,8241
23-May-12,30.98,32.48,30.98,31.20,3285
22-May-12,31.34,32.09,30.95,31.04,8804
21-May-12,30.48,31.36,30.18,31.36,12135
18-May-12,30.02,30.21,29.56,30.17,4793
17-May-12,30.09,30.14,29.95,30.06,6203
16-May-12,30.65,30.65,30.01,30.13,2347
15-May-12,30.37,30.93,30.37,30.42,3628
14-May-12,29.63,30.38,29.31,30.27,7566
11-May-12,29.68,30.07,29.68,30.07,5686
10-May-12,29.81,30.14,29.60,30.00,15829
9-May-12,29.65,29.75,29.45,29.58,2661
8-May-12,29.21,30.00,29.21,29.85,7965
7-May-12,29.10,29.52,29.10,29.27,4667
4-May-12,29.49,29.52,29.17,29.17,4982
3-May-12,29.68,29.95,29.50,29.69,5941
2-May-12,29.94,29.94,29.20,29.67,5115
1-May-12,29.72,29.99,29.16,29.17,10289
30-Apr-12,30.04,30.04,29.59,29.66,3246
27-Apr-12,29.78,30.23,29.28,30.22,6343
26-Apr-12,29.87,30.19,29.59,29.68,17063
25-Apr-12,29.74,30.42,29.64,29.80,16433
24-Apr-12,29.29,29.64,29.16,29.26,17674
23-Apr-12,30.00,30.00,29.00,29.13,7190
20-Apr-12,31.11,31.11,29.89,30.12,19778
19-Apr-12,30.25,30.25,29.80,29.97,5123
18-Apr-12,30.02,30.16,30.00,30.09,2933
17-Apr-12,29.66,30.40,29.66,30.40,2515
16-Apr-12,29.07,29.70,29.05,29.58,2934
13-Apr-12,29.62,29.62,29.28,29.28,7300
12-Apr-12,29.78,30.17,29.75,30.11,5207
11-Apr-12,29.90,29.98,29.48,29.76,5439
10-Apr-12,30.64,30.64,29.36,29.36,25307
9-Apr-12,30.51,30.53,30.00,30.01,5164
5-Apr-12,31.10,31.40,30.25,30.47,20258
4-Apr-12,31.68,31.80,30.80,31.28,10286
3-Apr-12,32.09,32.27,31.70,31.89,12250
2-Apr-12,31.79,32.12,30.00,31.96,10427
30-Mar-12,32.94,32.94,31.78,31.97,15171
29-Mar-12,32.45,33.15,31.98,32.58,28496
28-Mar-12,32.55,32.91,32.31,32.76,5416
27-Mar-12,33.09,33.11,32.50,32.77,4124
26-Mar-12,33.47,33.47,32.93,33.08,5077
23-Mar-12,32.84,33.48,32.82,32.95,11341
22-Mar-12,33.51,33.65,32.67,32.98,21246
21-Mar-12,34.12,34.12,33.69,33.69,1642
20-Mar-12,33.50,34.09,33.27,33.76,3840
19-Mar-12,32.96,34.17,32.95,33.95,8219
16-Mar-12,32.10,32.99,31.79,32.84,13154
15-Mar-12,32.42,32.62,32.08,32.19,5253
14-Mar-12,31.91,32.34,31.88,32.09,2087
13-Mar-12,31.00,31.95,30.75,31.93,17153
12-Mar-12,30.76,30.90,30.72,30.73,2424
9-Mar-12,30.22,31.00,30.22,30.99,6161
8-Mar-12,29.73,30.25,29.37,30.12,4107
7-Mar-12,29.65,29.65,29.22,29.44,4726
6-Mar-12,29.14,29.64,29.02,29.51,8743
5-Mar-12,29.69,29.69,29.22,29.45,2894
2-Mar-12,31.51,31.51,29.57,29.69,15255
1-Mar-12,32.02,32.98,31.26,31.49,14587
29-Feb-12,32.36,32.97,31.87,32.02,16754
28-Feb-12,32.73,32.86,32.05,32.40,9091
27-Feb-12,33.24,33.24,32.51,32.70,2661
24-Feb-12,33.06,33.42,33.06,33.13,4815
23-Feb-12,32.93,32.96,32.49,32.96,3329
22-Feb-12,32.99,33.01,32.55,32.55,2890
21-Feb-12,33.03,33.17,32.47,32.73,6099
17-Feb-12,33.06,33.06,32.81,33.03,6550
16-Feb-12,32.56,32.98,32.56,32.96,3715
15-Feb-12,32.99,32.99,32.19,32.34,7264
14-Feb-12,33.37,33.37,32.57,32.74,17149
13-Feb-12,33.39,33.49,33.01,33.44,15268
10-Feb-12,33.40,33.50,33.03,33.06,6800
9-Feb-12,33.22,34.00,33.20,33.64,27377
8-Feb-12,32.81,33.17,32.40,33.14,25084
7-Feb-12,32.54,33.00,32.27,32.80,12563
6-Feb-12,31.72,32.57,31.58,32.54,11226
3-Feb-12,31.07,31.35,29.90,31.34,14233
2-Feb-12,29.85,30.73,29.85,30.67,7067
1-Feb-12,28.80,29.97,28.58,29.94,33810
31-Jan-12,28.26,28.64,27.82,28.52,43557
30-Jan-12,28.75,28.75,28.10,28.21,12753
27-Jan-12,29.25,29.25,29.25,29.25,0
26-Jan-12,31.17,31.41,30.60,31.09,8720
25-Jan-12,31.09,31.28,30.17,30.79,12140
24-Jan-12,30.41,31.17,30.41,31.09,11701
23-Jan-12,30.58,30.91,30.35,30.73,3826
20-Jan-12,30.18,30.75,30.16,30.43,16960
19-Jan-12,29.81,30.24,28.70,30.13,5453
18-Jan-12,28.18,29.99,28.10,29.83,46990
17-Jan-12,27.71,28.44,27.55,28.27,28976
13-Jan-12,27.25,27.25,27.25,27.25,0
12-Jan-12,27.11,27.54,26.41,27.46,42251
11-Jan-12,26.76,27.10,26.35,26.89,13996
10-Jan-12,26.71,27.12,26.61,26.85,41743
9-Jan-12,26.42,26.42,26.42,26.42,0
6-Jan-12,27.43,27.65,27.42,27.51,500
5-Jan-12,27.59,27.86,27.43,27.66,6488
4-Jan-12,27.76,27.95,27.76,27.76,3676
3-Jan-12,28.75,28.75,27.64,28.04,37213
30-Dec-11,28.28,28.28,28.28,28.28,0
29-Dec-11,27.26,28.14,27.26,28.14,4742
28-Dec-11,28.35,28.54,27.69,27.69,3097
27-Dec-11,28.30,28.44,27.85,28.29,7901
23-Dec-11,28.59,28.59,28.59,28.59,0
22-Dec-11,28.16,28.22,27.63,27.85,4550
21-Dec-11,28.27,29.38,28.10,28.17,10639
20-Dec-11,28.46,29.00,27.72,28.29,32953
19-Dec-11,28.49,28.49,28.00,28.00,8894
16-Dec-11,28.46,28.50,28.01,28.20,17740
15-Dec-11,28.50,28.50,27.84,28.26,5855
14-Dec-11,27.82,28.49,27.60,28.37,8287
13-Dec-11,28.44,28.50,27.87,27.87,11298
12-Dec-11,28.61,28.64,28.10,28.26,5665
9-Dec-11,27.05,29.12,27.05,28.81,15124
8-Dec-11,27.04,28.22,26.90,27.16,12116
7-Dec-11,28.32,28.32,26.03,27.30,10718
6-Dec-11,28.03,28.34,28.03,28.32,3142
5-Dec-11,28.38,28.52,27.68,28.38,10994
2-Dec-11,28.05,28.24,27.99,28.00,5145
1-Dec-11,27.67,28.28,27.54,27.76,7403
30-Nov-11,27.74,27.77,27.37,27.77,14667
29-Nov-11,26.75,27.01,26.70,26.70,3520
28-Nov-11,26.62,26.84,26.18,26.69,9552
25-Nov-11,26.25,26.25,25.76,25.90,21092
23-Nov-11,26.25,26.25,26.25,26.25,0
22-Nov-11,27.42,27.42,26.79,26.79,1725
21-Nov-11,27.25,27.56,27.25,27.36,3655
18-Nov-11,27.83,27.92,27.45,27.72,6242
17-Nov-11,28.10,28.24,27.81,27.83,5054
16-Nov-11,28.01,29.00,27.68,28.10,10812
15-Nov-11,27.13,27.79,26.62,27.79,12363
14-Nov-11,27.52,27.52,26.76,26.87,11293
11-Nov-11,27.44,28.06,27.44,27.98,9525
10-Nov-11,26.49,26.97,26.34,26.97,9329
9-Nov-11,27.60,28.37,26.32,26.51,15615
8-Nov-11,28.23,28.49,27.65,28.48,17549
7-Nov-11,27.35,28.15,27.12,28.15,7293
4-Nov-11,27.88,28.08,27.40,28.04,7301
3-Nov-11,27.60,28.27,27.60,28.27,9835
2-Nov-11,27.63,27.77,27.27,27.75,12030
1-Nov-11,26.30,27.78,26.30,27.07,13071
31-Oct-11,27.41,28.10,27.07,27.16,20609
28-Oct-11,26.50,27.89,26.50,27.88,13575
27-Oct-11,27.30,27.30,26.47,27.24,181355
26-Oct-11,26.84,26.84,25.72,26.75,5917
25-Oct-11,26.12,26.85,26.11,26.33,7108
24-Oct-11,25.50,26.84,25.49,26.84,4643
21-Oct-11,25.87,26.42,25.08,26.17,11640
20-Oct-11,25.46,25.75,25.33,25.33,8325
19-Oct-11,26.57,26.99,25.55,25.59,10747
18-Oct-11,26.23,27.00,25.76,26.77,14503
17-Oct-11,27.10,27.10,25.88,26.01,58897
14-Oct-11,26.20,27.41,25.80,27.22,10724
13-Oct-11,25.32,26.38,25.24,25.99,9052
12-Oct-11,24.54,25.58,24.54,25.57,12630
11-Oct-11,23.73,24.68,23.73,24.58,58417
10-Oct-11,23.67,23.82,23.50,23.80,15888
7-Oct-11,23.61,23.81,23.15,23.24,13511
6-Oct-11,23.96,23.96,23.52,23.64,11130
5-Oct-11,24.50,24.50,23.55,23.89,17154
4-Oct-11,23.18,24.52,23.00,24.45,20375
3-Oct-11,24.45,24.47,23.36,23.38,16284
30-Sep-11,24.06,24.74,24.06,24.67,6559
29-Sep-11,24.77,24.92,23.80,24.23,9519
