Date,Open,High,Low,Close,Volume
27-Sep-12,30.60,30.75,30.48,30.72,331903
26-Sep-12,30.38,30.72,30.29,30.48,386835
25-Sep-12,31.00,31.11,30.29,30.34,331660
24-Sep-12,31.00,31.02,30.76,30.87,258110
21-Sep-12,31.27,31.56,31.03,31.09,274704
20-Sep-12,30.43,31.26,30.43,30.90,104298
19-Sep-12,30.62,30.85,30.35,30.70,99407
18-Sep-12,30.28,30.95,30.28,30.64,163996
17-Sep-12,30.33,30.40,29.72,30.11,117662
14-Sep-12,30.58,30.99,30.27,30.65,119348
13-Sep-12,30.15,30.77,29.79,30.40,136780
12-Sep-12,30.07,30.33,29.93,30.14,87670
11-Sep-12,30.16,30.56,29.93,30.11,172205
10-Sep-12,30.02,30.24,29.88,30.16,138680
7-Sep-12,30.27,30.34,29.81,29.96,436876
6-Sep-12,29.70,30.51,29.62,30.08,529096
5-Sep-12,29.34,29.63,29.31,29.53,400500
4-Sep-12,28.74,29.60,28.64,29.48,353752
31-Aug-12,28.75,29.00,28.34,28.79,294768
30-Aug-12,28.21,28.66,27.90,28.51,447405
29-Aug-12,27.85,28.60,27.50,28.41,403263
28-Aug-12,27.50,27.93,27.31,27.74,299248
27-Aug-12,27.03,27.56,27.00,27.48,470088
24-Aug-12,27.00,27.10,26.79,26.98,328949
23-Aug-12,27.13,27.23,26.94,27.02,264005
22-Aug-12,27.47,27.54,27.04,27.31,307602
21-Aug-12,27.93,28.09,27.38,27.54,206669
20-Aug-12,27.86,27.95,27.64,27.78,203092
17-Aug-12,27.50,27.98,27.42,27.97,296385
16-Aug-12,27.23,27.67,26.95,27.64,323540
15-Aug-12,26.94,27.62,26.94,27.32,312684
14-Aug-12,27.20,27.37,26.68,26.98,414764
13-Aug-12,27.06,27.11,26.65,27.11,360104
10-Aug-12,26.90,27.07,26.31,27.01,562702
9-Aug-12,28.00,28.51,26.59,27.00,2036261
8-Aug-12,28.08,28.19,25.95,27.71,1221896
7-Aug-12,28.32,28.49,27.91,28.11,631597
6-Aug-12,28.28,28.54,27.93,28.06,367683
3-Aug-12,27.81,28.50,27.52,28.30,316913
2-Aug-12,26.89,27.57,26.89,27.26,315218
1-Aug-12,27.53,27.90,27.11,27.12,358758
31-Jul-12,28.09,28.42,27.48,27.52,336142
30-Jul-12,28.42,29.14,27.97,28.13,221743
27-Jul-12,27.78,28.56,27.74,28.40,354242
26-Jul-12,27.70,28.01,27.50,27.70,297055
25-Jul-12,27.23,27.49,27.10,27.39,219558
24-Jul-12,27.87,27.94,26.84,27.03,302368
23-Jul-12,27.72,27.86,27.24,27.70,218269
20-Jul-12,28.39,28.57,27.91,28.06,285455
19-Jul-12,28.61,28.86,28.13,28.74,284625
18-Jul-12,28.98,29.42,28.34,28.59,843980
17-Jul-12,29.12,29.12,28.23,29.06,367598
16-Jul-12,28.84,29.17,28.54,29.04,361960
13-Jul-12,28.29,29.17,28.22,28.83,221803
12-Jul-12,27.86,28.39,27.77,28.23,258743
11-Jul-12,27.99,28.12,27.71,28.02,400526
10-Jul-12,28.90,29.20,27.91,27.98,428211
9-Jul-12,28.50,28.78,28.34,28.75,220646
6-Jul-12,28.48,28.72,28.25,28.50,168576
5-Jul-12,28.96,29.01,28.34,28.83,182436
3-Jul-12,28.71,29.31,28.63,29.14,166188
2-Jul-12,28.28,28.79,28.10,28.75,364928
29-Jun-12,27.79,28.25,26.89,28.23,524193
28-Jun-12,27.09,27.67,26.57,27.19,268288
27-Jun-12,27.11,27.44,27.00,27.39,243917
26-Jun-12,27.41,27.58,26.85,27.01,602112
25-Jun-12,27.73,28.07,27.37,27.44,397217
22-Jun-12,27.92,28.35,27.49,28.20,770516
21-Jun-12,28.33,28.48,27.65,27.69,312990
20-Jun-12,28.55,28.60,27.94,28.30,370057
19-Jun-12,28.14,28.93,27.86,28.46,453817
18-Jun-12,28.39,28.84,27.98,28.00,585085
15-Jun-12,27.77,28.67,27.65,28.52,637322
14-Jun-12,27.44,28.03,27.31,27.90,527068
13-Jun-12,27.25,27.80,26.95,27.35,482193
12-Jun-12,26.84,27.40,26.46,27.36,266583
11-Jun-12,27.36,27.47,26.63,26.65,238603
8-Jun-12,26.72,27.27,26.25,27.19,281905
7-Jun-12,27.08,27.24,26.81,26.83,394432
6-Jun-12,26.18,26.86,26.17,26.83,329478
5-Jun-12,25.40,26.13,25.28,26.11,212223
4-Jun-12,25.77,26.11,25.37,25.54,309571
1-Jun-12,26.14,26.22,25.46,25.75,453340
31-May-12,26.47,26.97,26.11,26.76,552113
30-May-12,26.39,26.53,26.05,26.31,439156
29-May-12,26.89,27.16,26.40,26.65,472884
25-May-12,26.28,26.74,26.15,26.65,302276
24-May-12,26.57,26.57,26.08,26.23,417378
23-May-12,25.86,26.58,25.74,26.48,206248
22-May-12,26.18,26.43,25.97,26.17,414189
21-May-12,25.30,26.18,25.12,26.18,361273
18-May-12,25.47,25.92,25.11,25.25,336151
17-May-12,26.21,26.30,25.49,25.49,256906
16-May-12,25.77,26.29,25.72,26.23,413820
15-May-12,25.38,25.89,25.32,25.65,221761
14-May-12,25.61,25.72,25.21,25.43,371117
11-May-12,25.08,25.92,25.08,25.80,258099
10-May-12,25.39,25.62,25.12,25.33,313713
9-May-12,25.02,25.27,24.94,25.14,317334
8-May-12,25.00,25.45,24.84,25.34,208723
7-May-12,24.98,25.37,24.91,25.19,284135
4-May-12,25.12,25.34,24.97,25.00,448209
3-May-12,25.45,25.45,24.92,25.31,573976
2-May-12,25.01,25.70,24.48,25.43,591988
1-May-12,23.75,27.11,23.75,25.38,1415395
30-Apr-12,27.03,27.35,26.80,26.94,342760
27-Apr-12,27.21,27.70,26.50,27.42,586150
26-Apr-12,27.06,27.34,27.04,27.18,255108
25-Apr-12,27.03,27.47,26.86,27.14,412523
24-Apr-12,26.22,26.90,25.97,26.75,481587
23-Apr-12,26.57,26.57,25.91,26.28,272665
20-Apr-12,27.06,27.06,26.63,26.85,574919
19-Apr-12,27.79,27.79,26.40,26.58,587966
18-Apr-12,26.45,26.91,26.25,26.77,330879
17-Apr-12,26.12,26.85,26.12,26.66,402861
16-Apr-12,25.94,26.16,25.50,26.01,346529
13-Apr-12,26.00,26.19,25.31,25.76,312339
12-Apr-12,26.11,26.32,25.96,26.21,286325
11-Apr-12,25.77,26.14,25.77,26.07,261284
10-Apr-12,25.50,25.80,25.47,25.59,472550
9-Apr-12,25.75,26.08,25.45,25.51,311592
5-Apr-12,25.95,26.44,25.94,26.24,362408
4-Apr-12,26.25,26.34,25.95,26.20,397569
3-Apr-12,26.88,26.97,26.37,26.57,379273
2-Apr-12,25.89,27.02,25.89,26.95,808659
30-Mar-12,27.58,27.58,26.97,26.97,438783
29-Mar-12,27.42,27.62,26.92,27.31,291796
28-Mar-12,28.03,28.74,27.38,27.61,615333
27-Mar-12,27.75,27.75,27.25,27.25,460001
26-Mar-12,27.00,27.80,26.66,27.57,605013
23-Mar-12,26.68,26.85,26.42,26.81,476897
22-Mar-12,26.95,26.95,26.47,26.78,486665
21-Mar-12,26.18,26.78,25.82,26.47,427156
20-Mar-12,26.29,26.49,25.90,26.21,366574
19-Mar-12,26.33,26.76,26.00,26.59,331558
16-Mar-12,26.67,26.70,26.28,26.37,572636
15-Mar-12,26.18,26.79,25.94,26.63,498576
14-Mar-12,25.79,26.19,25.58,26.16,548744
13-Mar-12,25.42,25.89,25.12,25.86,364686
12-Mar-12,25.04,25.46,24.91,25.16,244101
9-Mar-12,24.82,25.51,24.74,25.08,330592
8-Mar-12,24.33,24.95,24.28,24.86,312668
7-Mar-12,24.19,24.49,23.93,24.29,241839
6-Mar-12,24.12,24.32,23.93,24.10,339032
5-Mar-12,24.14,24.74,23.98,24.46,239874
2-Mar-12,24.82,24.99,24.19,24.20,316160
1-Mar-12,24.61,25.02,24.42,24.84,313528
29-Feb-12,25.01,25.02,24.45,24.48,255203
28-Feb-12,25.54,25.54,24.63,25.02,274104
27-Feb-12,25.35,26.05,24.96,25.46,309586
24-Feb-12,25.23,25.80,25.23,25.47,230739
23-Feb-12,24.76,25.50,24.67,25.31,215486
22-Feb-12,24.79,25.03,24.62,24.68,185942
21-Feb-12,25.07,25.40,24.80,24.98,358520
17-Feb-12,25.48,25.48,24.89,25.03,169170
16-Feb-12,24.93,25.36,24.69,25.32,249166
15-Feb-12,24.33,25.35,24.07,24.90,439208
14-Feb-12,25.13,25.28,24.82,25.22,289405
13-Feb-12,24.47,25.59,24.45,25.30,430931
10-Feb-12,24.05,24.26,23.75,24.15,195770
9-Feb-12,24.41,24.69,24.03,24.29,181268
8-Feb-12,24.38,24.38,24.38,24.38,0
7-Feb-12,24.92,25.03,24.51,24.60,278506
6-Feb-12,25.01,25.01,25.01,25.01,0
3-Feb-12,24.82,25.04,24.50,24.79,616975
2-Feb-12,24.40,24.99,24.14,24.73,812694
1-Feb-12,24.87,24.87,24.87,24.87,0
31-Jan-12,23.46,24.50,22.47,24.10,2941652
30-Jan-12,20.54,20.71,20.27,20.46,857661
27-Jan-12,20.53,20.94,20.47,20.65,370372
26-Jan-12,20.95,20.97,20.48,20.62,396122
25-Jan-12,21.09,21.38,20.70,21.06,326560
24-Jan-12,21.05,21.14,20.29,21.02,638288
23-Jan-12,21.27,21.75,20.76,21.10,293881
20-Jan-12,21.44,21.73,21.13,21.60,265697
19-Jan-12,20.91,21.49,20.89,21.39,279574
18-Jan-12,20.62,20.91,20.49,20.91,177952
17-Jan-12,20.92,21.64,20.65,20.78,246475
13-Jan-12,20.74,20.74,20.74,20.74,0
12-Jan-12,20.39,20.39,20.39,20.39,0
11-Jan-12,21.56,21.68,21.17,21.34,510468
10-Jan-12,21.46,21.97,21.44,21.59,548759
9-Jan-12,21.23,21.43,20.86,21.28,473529
6-Jan-12,21.08,21.22,20.86,21.11,354991
5-Jan-12,20.92,21.22,20.30,21.08,321261
4-Jan-12,21.10,21.48,20.90,20.98,297996
3-Jan-12,21.15,21.58,21.03,21.29,344388
30-Dec-11,20.74,20.74,20.74,20.74,0
29-Dec-11,20.87,21.13,20.61,20.92,262867
28-Dec-11,20.78,20.78,20.78,20.78,0
27-Dec-11,20.59,21.13,20.36,21.10,246032
23-Dec-11,20.76,20.76,20.76,20.76,0
22-Dec-11,20.59,20.99,20.43,20.88,337311
21-Dec-11,20.30,20.64,19.95,20.51,268716
20-Dec-11,20.20,20.20,20.20,20.20,0
19-Dec-11,19.78,19.95,19.22,19.27,251838
16-Dec-11,19.37,19.90,19.05,19.63,846915
15-Dec-11,18.81,19.31,18.74,19.19,307114
14-Dec-11,18.87,18.87,18.87,18.87,0
13-Dec-11,19.38,19.97,19.18,19.48,478565
12-Dec-11,19.29,19.38,18.94,19.28,214426
9-Dec-11,19.57,19.57,19.57,19.57,0
8-Dec-11,19.34,19.89,18.94,19.09,583421
7-Dec-11,19.28,19.74,19.06,19.52,344371
6-Dec-11,19.51,19.71,19.33,19.50,437019
5-Dec-11,19.71,20.03,19.36,19.57,418418
2-Dec-11,19.73,19.73,19.36,19.48,294384
1-Dec-11,19.92,19.92,19.41,19.43,444136
30-Nov-11,20.06,20.46,19.70,20.05,808149
29-Nov-11,19.49,19.64,18.97,19.45,392867
28-Nov-11,18.84,19.50,18.81,19.50,295643
25-Nov-11,18.49,18.73,18.24,18.26,123824
23-Nov-11,18.58,18.58,18.58,18.58,0
22-Nov-11,18.96,19.17,18.77,19.03,339377
21-Nov-11,19.40,19.69,18.96,19.02,394647
18-Nov-11,20.21,20.58,19.82,19.87,326193
17-Nov-11,20.34,20.85,20.14,20.21,407818
16-Nov-11,20.26,20.90,20.13,20.37,519441
15-Nov-11,19.98,20.75,19.84,20.53,512237
14-Nov-11,20.15,20.31,19.69,19.92,349427
11-Nov-11,19.67,20.34,19.40,20.28,422906
10-Nov-11,19.38,19.61,19.09,19.44,392336
9-Nov-11,19.79,19.84,19.14,19.15,461265
8-Nov-11,19.77,20.40,19.26,20.32,330824
7-Nov-11,19.81,20.08,19.27,19.58,321645
4-Nov-11,19.80,20.20,19.54,19.81,700289
3-Nov-11,20.67,20.75,19.92,20.08,1024258
2-Nov-11,20.69,21.82,20.22,20.39,540379
1-Nov-11,21.21,21.87,19.52,20.31,830508
31-Oct-11,21.95,22.47,21.72,22.03,482059
28-Oct-11,22.63,22.99,21.99,22.31,511410
27-Oct-11,21.72,22.71,21.21,22.63,750936
26-Oct-11,21.37,21.44,20.72,21.04,472247
25-Oct-11,21.35,21.81,21.10,21.13,371744
24-Oct-11,20.74,21.73,20.74,21.49,331604
21-Oct-11,20.53,20.80,20.36,20.70,406224
20-Oct-11,20.10,20.10,20.10,20.10,0
19-Oct-11,20.45,20.99,20.35,20.47,407997
18-Oct-11,20.12,20.68,19.65,20.40,476575
17-Oct-11,21.04,21.09,20.00,20.09,315924
14-Oct-11,21.05,21.36,20.70,21.08,222872
13-Oct-11,21.11,21.20,20.58,20.79,213480
12-Oct-11,21.28,21.28,21.28,21.28,0
11-Oct-11,20.60,21.29,20.60,20.96,369668
10-Oct-11,20.49,20.92,20.20,20.83,315996
7-Oct-11,20.75,20.75,20.07,20.12,405263
6-Oct-11,20.00,20.75,19.79,20.71,475620
5-Oct-11,19.28,20.16,18.91,19.98,382068
4-Oct-11,18.10,19.32,17.99,19.31,405819
3-Oct-11,19.07,19.95,18.30,18.32,540505
30-Sep-11,18.73,19.39,18.64,18.93,421963
29-Sep-11,19.37,20.07,18.83,19.03,477785
