Date,Open,High,Low,Close,Volume
27-Sep-12,30.10,30.48,30.10,30.45,4167
26-Sep-12,30.23,30.23,29.79,29.80,8849
25-Sep-12,30.99,30.99,30.20,30.20,6393
24-Sep-12,31.00,31.14,30.80,30.85,5824
21-Sep-12,31.36,31.38,31.29,31.29,1394
20-Sep-12,31.22,31.23,31.05,31.16,1736
19-Sep-12,31.68,31.55,31.45,31.45,1500
18-Sep-12,31.59,31.66,31.59,31.66,707
17-Sep-12,31.73,31.73,31.56,31.63,2123
14-Sep-12,31.53,32.00,31.43,32.00,700
13-Sep-12,30.96,31.48,30.95,31.34,1206
12-Sep-12,31.12,31.12,30.97,31.02,1344
11-Sep-12,31.06,31.17,31.02,31.02,1604
10-Sep-12,30.97,31.01,30.93,30.93,1061
7-Sep-12,31.01,31.13,31.01,31.03,22934
6-Sep-12,30.21,31.14,30.21,30.95,9108
5-Sep-12,30.36,30.43,30.24,30.24,14209
4-Sep-12,30.12,30.44,29.86,30.40,6710
31-Aug-12,30.14,30.21,29.76,30.19,4930
30-Aug-12,29.99,30.06,29.96,29.96,2669
29-Aug-12,30.37,30.49,30.26,30.47,34518
28-Aug-12,30.05,30.24,30.05,30.23,6433
27-Aug-12,30.06,30.24,29.96,30.02,4982
24-Aug-12,29.93,30.09,29.80,29.99,7640
23-Aug-12,29.96,30.00,29.96,29.96,2172
22-Aug-12,30.19,30.19,30.02,30.13,6338
21-Aug-12,30.28,30.72,30.28,30.28,5859
20-Aug-12,30.38,30.42,30.23,30.32,15326
17-Aug-12,30.16,30.56,30.16,30.56,6703
16-Aug-12,29.75,30.26,29.69,30.21,8848
15-Aug-12,29.50,29.86,29.37,29.80,3505
14-Aug-12,29.80,29.80,29.47,29.49,3353
13-Aug-12,29.77,29.86,29.48,29.78,4055
10-Aug-12,29.89,29.89,29.82,29.85,2880
9-Aug-12,29.73,29.85,29.69,29.85,3850
8-Aug-12,29.55,29.75,29.55,29.71,6498
7-Aug-12,29.36,29.89,29.36,29.68,4950
6-Aug-12,29.20,29.48,29.20,29.34,13586
3-Aug-12,28.72,29.04,28.72,28.92,4439
2-Aug-12,28.24,28.39,28.01,28.18,15018
1-Aug-12,29.13,29.13,28.25,28.25,10083
31-Jul-12,28.77,29.24,28.77,29.09,6842
30-Jul-12,28.90,28.90,28.69,28.73,6064
27-Jul-12,28.08,28.96,28.08,28.88,9249
26-Jul-12,28.11,28.11,27.84,28.07,9357
25-Jul-12,27.37,27.86,27.37,27.67,3324
24-Jul-12,27.70,27.70,27.35,27.35,2510
23-Jul-12,27.73,27.93,27.47,27.93,12524
20-Jul-12,28.42,28.45,28.33,28.36,6102
19-Jul-12,28.45,28.96,28.45,28.82,15980
18-Jul-12,27.88,28.67,27.88,28.57,11385
17-Jul-12,27.91,28.06,27.73,27.98,9354
16-Jul-12,28.28,28.28,28.00,28.13,11279
13-Jul-12,28.08,28.36,28.08,28.36,5332
12-Jul-12,27.94,28.13,27.68,28.11,3408
11-Jul-12,28.38,28.41,28.12,28.26,2017
10-Jul-12,28.74,28.74,28.28,28.28,3477
9-Jul-12,28.96,28.96,28.64,28.72,5692
6-Jul-12,29.21,29.26,28.87,28.91,3754
5-Jul-12,29.58,29.83,29.55,29.74,7618
3-Jul-12,29.25,29.65,29.25,29.65,2517
2-Jul-12,29.19,29.19,28.80,28.94,5108
29-Jun-12,28.80,29.11,28.70,29.06,8584
28-Jun-12,28.13,28.28,27.79,27.98,8072
27-Jun-12,28.11,28.35,28.11,28.33,12123
26-Jun-12,27.73,27.94,27.67,27.94,7009
25-Jun-12,27.97,27.97,27.75,27.78,2981
22-Jun-12,28.02,28.43,28.02,28.41,4388
21-Jun-12,28.85,28.85,27.89,27.89,4740
20-Jun-12,28.75,29.06,28.74,28.85,16152
19-Jun-12,28.43,29.02,28.43,28.91,40404
18-Jun-12,28.13,28.55,28.13,28.53,21082
15-Jun-12,27.88,28.34,27.88,28.34,8649
14-Jun-12,27.60,27.94,27.60,27.93,5982
13-Jun-12,28.06,28.18,27.66,27.72,6169
12-Jun-12,27.78,28.09,27.73,28.09,11384
11-Jun-12,28.74,28.74,27.82,27.82,6198
8-Jun-12,27.99,28.47,27.99,28.47,2687
7-Jun-12,28.85,28.85,28.24,28.24,4775
6-Jun-12,28.10,28.38,28.07,28.36,5657
5-Jun-12,27.10,27.64,27.10,27.60,25308
4-Jun-12,27.34,27.48,27.04,27.29,56947
1-Jun-12,27.79,27.79,27.22,27.22,17982
31-May-12,28.21,28.21,27.85,28.18,6277
30-May-12,28.41,28.41,28.22,28.30,5178
29-May-12,28.58,28.75,28.45,28.75,6100
25-May-12,28.40,28.43,28.25,28.34,4262
24-May-12,28.68,28.68,28.13,28.30,8863
23-May-12,28.16,28.64,28.00,28.64,10296
22-May-12,28.57,28.67,27.64,28.42,8090
21-May-12,28.01,28.60,27.97,28.54,32311
18-May-12,28.19,28.44,27.98,28.04,46025
17-May-12,28.78,28.88,28.28,28.33,28377
16-May-12,29.35,29.39,28.89,28.89,91717
15-May-12,29.36,29.59,29.20,29.21,34830
14-May-12,29.19,29.38,28.94,29.19,10403
11-May-12,29.43,29.70,29.43,29.59,5470
10-May-12,29.75,29.75,29.46,29.62,10521
9-May-12,29.40,29.66,29.23,29.66,14807
8-May-12,29.54,29.67,29.23,29.67,12465
7-May-12,29.83,29.86,29.66,29.72,4828
4-May-12,30.41,30.41,29.97,29.99,4694
3-May-12,30.82,30.86,30.36,30.54,3705
2-May-12,30.98,31.18,30.62,31.15,321287
1-May-12,31.02,31.54,31.02,31.03,9930
30-Apr-12,31.06,31.06,30.86,30.86,16506
27-Apr-12,30.93,31.25,30.76,31.21,12366
26-Apr-12,30.77,30.98,30.77,30.92,6170
25-Apr-12,29.97,30.50,29.97,30.42,5611
24-Apr-12,29.81,30.04,29.70,29.81,9482
23-Apr-12,29.88,29.88,29.47,29.80,9888
20-Apr-12,30.53,30.65,30.41,30.47,3217
19-Apr-12,30.57,30.92,30.33,30.43,8959
18-Apr-12,30.70,30.70,30.39,30.56,36240
17-Apr-12,30.42,31.17,30.42,30.86,8171
16-Apr-12,30.36,30.49,30.25,30.28,12567
13-Apr-12,30.53,30.53,30.29,30.34,12568
12-Apr-12,30.24,30.79,30.24,30.77,5656
11-Apr-12,29.97,30.24,29.89,30.14,12981
10-Apr-12,30.30,30.30,29.73,29.75,86023
9-Apr-12,30.38,30.51,30.16,30.42,39406
5-Apr-12,30.75,30.95,30.75,30.91,1442
4-Apr-12,31.21,31.21,30.75,30.88,12043
3-Apr-12,31.76,31.78,31.40,31.40,52875
2-Apr-12,31.50,31.83,31.50,31.82,13743
30-Mar-12,31.74,31.76,31.39,31.64,8522
29-Mar-12,31.48,31.66,31.15,31.66,10615
28-Mar-12,31.97,31.97,31.44,31.60,11173
27-Mar-12,32.25,32.28,31.94,31.94,69003
26-Mar-12,31.98,32.25,31.93,32.24,6958
23-Mar-12,31.22,31.63,31.02,31.63,141176
22-Mar-12,31.26,31.26,31.05,31.17,12867
21-Mar-12,31.55,31.68,31.49,31.52,5682
20-Mar-12,31.50,31.50,31.17,31.48,15752
19-Mar-12,31.26,31.93,31.26,31.66,7886
16-Mar-12,31.57,31.59,31.38,31.39,225512
15-Mar-12,31.34,31.62,31.31,31.56,12885
14-Mar-12,31.50,31.72,31.20,31.26,10003
13-Mar-12,31.08,31.62,31.08,31.62,7687
12-Mar-12,30.95,30.95,30.75,30.93,8784
9-Mar-12,30.66,31.19,30.66,30.98,11819
8-Mar-12,30.17,30.59,30.10,30.58,5616
7-Mar-12,29.79,30.07,29.68,30.05,24072
6-Mar-12,30.07,30.07,29.68,29.76,116178
5-Mar-12,30.37,30.37,30.11,30.28,74743
2-Mar-12,31.14,31.14,30.32,30.43,236115
1-Mar-12,30.97,31.38,30.91,31.06,20018
29-Feb-12,31.55,31.60,30.85,30.85,20006
28-Feb-12,31.57,31.77,31.34,31.43,14783
27-Feb-12,31.35,31.75,31.00,31.59,32280
24-Feb-12,31.88,31.88,31.57,31.59,33648
23-Feb-12,31.51,31.74,31.06,31.74,9385
22-Feb-12,31.43,31.54,31.29,31.36,41471
21-Feb-12,31.90,31.90,31.37,31.47,16819
17-Feb-12,31.97,31.97,31.75,31.77,26362
16-Feb-12,31.42,31.83,31.42,31.83,22765
15-Feb-12,31.68,31.68,31.15,31.15,12653
14-Feb-12,31.33,31.41,31.31,31.40,3836
13-Feb-12,31.38,31.58,31.20,31.55,14096
10-Feb-12,31.36,31.36,31.01,31.18,14059
9-Feb-12,31.79,31.85,31.44,31.64,18156
8-Feb-12,31.63,31.76,31.35,31.57,18049
7-Feb-12,31.77,31.77,31.39,31.64,45133
6-Feb-12,31.80,31.80,31.59,31.64,53220
3-Feb-12,31.66,32.14,31.66,31.99,131655
2-Feb-12,31.28,31.34,31.09,31.22,6931
1-Feb-12,30.62,31.08,30.44,31.04,13304
31-Jan-12,30.75,30.75,30.30,30.47,24738
30-Jan-12,30.55,30.62,30.38,30.48,43586
27-Jan-12,30.53,30.86,30.47,30.77,353864
26-Jan-12,30.73,30.80,30.56,30.61,26390
25-Jan-12,30.62,30.74,30.34,30.62,14230
24-Jan-12,30.14,30.60,30.14,30.54,33542
23-Jan-12,30.33,30.52,30.04,30.30,21384
20-Jan-12,30.35,30.39,30.13,30.39,37016
19-Jan-12,30.15,30.40,30.08,30.18,111695
18-Jan-12,29.14,29.89,29.14,29.89,146635
17-Jan-12,29.22,29.37,29.10,29.13,25323
13-Jan-12,28.97,28.97,28.97,28.97,0
12-Jan-12,29.34,29.43,29.06,29.42,39175
11-Jan-12,28.85,29.24,28.85,29.19,49377
10-Jan-12,28.84,28.98,28.80,28.88,19508
9-Jan-12,28.33,28.52,28.13,28.46,20839
6-Jan-12,28.38,28.44,28.21,28.23,42147
5-Jan-12,28.03,28.40,27.75,28.34,31098
4-Jan-12,28.19,28.19,27.81,28.01,79080
3-Jan-12,28.52,28.67,28.26,28.34,422455
30-Dec-11,28.03,28.03,28.03,28.03,0
29-Dec-11,28.01,28.20,28.01,28.19,10708
28-Dec-11,28.24,28.26,27.80,27.80,7326
27-Dec-11,28.01,28.47,28.01,28.40,8704
23-Dec-11,28.17,28.17,28.17,28.17,0
22-Dec-11,27.73,28.21,27.73,28.08,16696
21-Dec-11,28.04,28.04,27.26,27.65,11625
20-Dec-11,27.23,28.16,27.23,28.15,10700
19-Dec-11,27.71,27.77,26.98,26.98,6590
16-Dec-11,27.82,27.83,27.29,27.42,5493
15-Dec-11,27.24,27.33,27.21,27.22,5292
14-Dec-11,27.15,27.24,26.91,27.11,42634
13-Dec-11,28.44,28.44,27.46,27.48,9038
12-Dec-11,28.11,28.11,27.71,28.02,27716
9-Dec-11,27.88,28.60,27.88,28.60,6351
8-Dec-11,28.29,28.29,27.60,27.60,5470
7-Dec-11,27.88,28.44,27.88,28.42,2909
6-Dec-11,28.47,28.48,28.17,28.48,37418
5-Dec-11,28.25,28.61,28.24,28.27,3830
2-Dec-11,27.70,28.24,27.70,27.87,14058
1-Dec-11,27.99,27.99,27.67,27.81,12882
30-Nov-11,27.31,27.85,27.25,27.85,5228
29-Nov-11,26.24,26.47,26.19,26.26,10202
28-Nov-11,26.01,26.42,25.99,26.20,9960
25-Nov-11,25.29,25.66,25.18,25.19,2955
23-Nov-11,25.61,25.61,25.61,25.61,0
22-Nov-11,26.45,26.67,26.17,26.27,10173
21-Nov-11,26.75,26.75,26.35,26.61,13083
18-Nov-11,27.32,27.37,27.18,27.31,2557
17-Nov-11,27.84,27.84,27.13,27.31,14564
16-Nov-11,28.23,28.50,27.96,27.96,5963
15-Nov-11,27.57,28.36,27.52,28.31,85632
14-Nov-11,28.20,28.20,27.64,27.78,2846
11-Nov-11,27.60,28.26,27.60,28.13,10667
10-Nov-11,27.50,27.50,26.98,27.31,14100
9-Nov-11,27.82,27.83,27.20,27.20,6217
8-Nov-11,28.40,28.55,27.88,28.52,4831
7-Nov-11,28.34,28.34,27.64,28.09,4963
4-Nov-11,27.99,28.30,27.79,28.24,4302
3-Nov-11,27.72,28.36,27.20,28.36,6503
2-Nov-11,27.15,27.36,26.98,27.34,6050
1-Nov-11,26.87,27.16,26.57,26.80,30944
31-Oct-11,27.88,28.26,27.88,27.91,6347
28-Oct-11,28.56,28.82,28.48,28.69,8478
27-Oct-11,27.82,28.68,27.75,28.44,13639
26-Oct-11,26.95,27.06,26.16,27.04,8447
25-Oct-11,27.27,27.27,26.46,26.46,7522
24-Oct-11,26.33,27.40,26.33,27.40,9080
21-Oct-11,26.11,26.29,25.93,26.26,10070
20-Oct-11,25.93,25.93,25.14,25.65,18454
19-Oct-11,26.45,26.45,25.92,25.93,19057
18-Oct-11,25.90,26.68,25.42,26.68,11273
17-Oct-11,26.43,26.43,25.77,25.78,5195
14-Oct-11,26.49,26.78,26.35,26.62,7261
13-Oct-11,25.85,26.32,25.76,26.23,19752
12-Oct-11,25.75,26.15,25.75,25.98,19076
11-Oct-11,25.20,25.60,25.20,25.50,16621
10-Oct-11,24.97,25.32,24.82,25.23,9201
7-Oct-11,24.97,25.12,24.33,24.61,10611
6-Oct-11,24.42,24.83,24.21,24.82,15235
5-Oct-11,23.48,24.41,23.38,24.33,62513
4-Oct-11,21.79,23.51,21.79,23.51,349048
3-Oct-11,23.04,23.44,22.08,22.08,8606
30-Sep-11,23.80,24.04,23.47,23.47,10515
29-Sep-11,24.16,24.17,23.42,23.93,13266
