Date,Open,High,Low,Close,Volume
27-Sep-12,15.97,16.12,15.75,15.97,3585133
26-Sep-12,16.11,16.11,15.62,15.84,5894921
25-Sep-12,17.30,17.39,16.14,16.19,5948490
24-Sep-12,17.19,17.48,17.13,17.24,3105250
21-Sep-12,17.16,17.48,17.05,17.46,1717993
20-Sep-12,16.97,17.33,16.80,17.30,1464797
19-Sep-12,17.24,17.31,17.00,17.06,1085119
18-Sep-12,17.25,17.30,17.07,17.22,1001277
17-Sep-12,17.32,17.55,17.12,17.33,1287957
14-Sep-12,17.21,17.75,17.19,17.44,811828
13-Sep-12,16.35,17.14,16.00,17.06,1286133
12-Sep-12,16.16,16.51,16.16,16.35,916543
11-Sep-12,15.78,16.24,15.78,16.19,602459
10-Sep-12,16.00,16.23,15.67,15.71,752910
7-Sep-12,16.00,16.41,15.92,16.10,5289761
6-Sep-12,15.39,15.93,15.36,15.73,4150099
5-Sep-12,14.99,15.69,14.87,15.24,6411341
4-Sep-12,15.19,15.22,14.59,14.92,2701508
31-Aug-12,15.18,15.35,14.98,15.19,2501092
30-Aug-12,15.03,15.06,14.71,15.00,1853534
29-Aug-12,15.32,15.32,15.02,15.12,1620838
28-Aug-12,15.45,15.59,15.29,15.34,1962618
27-Aug-12,15.76,15.79,15.45,15.51,1785466
24-Aug-12,15.50,15.72,15.18,15.66,4143914
23-Aug-12,16.15,16.31,15.57,15.57,3221708
22-Aug-12,16.22,16.50,16.00,16.17,2942236
21-Aug-12,16.38,16.65,16.23,16.29,1840099
20-Aug-12,16.13,16.51,16.12,16.30,3648025
17-Aug-12,16.03,16.25,16.02,16.14,2987058
16-Aug-12,15.95,16.23,15.88,16.11,3747049
15-Aug-12,16.19,16.25,15.81,15.91,3654771
14-Aug-12,16.54,16.69,16.15,16.24,3903899
13-Aug-12,16.68,16.70,16.32,16.44,4270605
10-Aug-12,16.60,16.76,16.45,16.75,3161492
9-Aug-12,16.09,16.91,16.06,16.76,4924391
8-Aug-12,15.96,16.15,15.92,16.06,2752002
7-Aug-12,15.80,16.44,15.80,16.06,3672616
6-Aug-12,15.67,15.98,15.63,15.69,2501427
3-Aug-12,15.53,15.74,15.38,15.58,2721974
2-Aug-12,15.43,15.61,15.00,15.27,3369717
1-Aug-12,15.59,15.92,15.31,15.64,3918250
31-Jul-12,15.95,16.08,15.25,15.48,4926012
30-Jul-12,16.20,16.31,15.65,15.93,3261640
27-Jul-12,15.78,16.34,15.54,16.17,4642386
26-Jul-12,16.11,16.25,15.07,15.65,9514226
25-Jul-12,15.04,15.17,14.48,14.88,5149575
24-Jul-12,15.18,15.26,14.60,15.02,4555177
23-Jul-12,15.00,15.24,14.64,15.19,2670760
20-Jul-12,15.15,15.57,15.06,15.26,4308845
19-Jul-12,15.25,15.43,15.13,15.18,3395524
18-Jul-12,14.53,15.30,14.44,15.11,5389661
17-Jul-12,14.17,14.61,13.93,14.57,4827079
16-Jul-12,13.96,14.25,13.73,14.08,3186807
13-Jul-12,13.84,14.10,13.73,14.05,3793985
12-Jul-12,13.83,13.90,13.40,13.79,5789148
11-Jul-12,14.06,14.32,13.91,14.01,5024349
10-Jul-12,14.75,14.83,13.84,14.00,2736106
9-Jul-12,14.54,14.73,14.34,14.60,2392578
6-Jul-12,14.51,14.74,14.35,14.60,2464223
5-Jul-12,14.75,14.97,14.43,14.73,2896860
3-Jul-12,14.34,14.95,14.26,14.79,4491313
2-Jul-12,14.59,14.71,13.94,14.12,4436451
29-Jun-12,14.30,14.71,14.16,14.56,5734893
28-Jun-12,13.47,14.07,13.47,13.97,4347173
27-Jun-12,13.27,13.67,13.10,13.62,4791490
26-Jun-12,13.01,13.28,12.81,13.23,4209549
25-Jun-12,13.54,13.57,13.02,13.09,3722166
22-Jun-12,13.93,13.98,13.55,13.84,2981806
21-Jun-12,14.79,14.80,13.69,13.76,3982168
20-Jun-12,14.64,14.99,14.60,14.74,5102901
19-Jun-12,14.04,14.62,14.00,14.58,5790153
18-Jun-12,13.77,14.02,13.74,13.98,2458885
15-Jun-12,13.92,14.13,13.66,14.08,4473463
14-Jun-12,13.82,14.06,13.71,13.95,3105819
13-Jun-12,13.97,14.30,13.66,13.76,4185994
12-Jun-12,14.34,14.55,14.07,14.20,4189500
11-Jun-12,15.13,15.25,14.26,14.28,3861859
8-Jun-12,14.95,15.08,14.65,14.91,2330470
7-Jun-12,15.27,15.61,14.75,15.04,4350919
6-Jun-12,15.30,15.64,14.99,15.22,5587791
5-Jun-12,15.06,15.55,15.00,15.13,4811784
4-Jun-12,14.85,15.18,14.56,15.16,3969893
1-Jun-12,14.82,15.23,14.69,14.71,3730804
31-May-12,15.54,15.58,14.95,15.12,2772240
30-May-12,15.89,15.90,15.42,15.48,2882346
29-May-12,15.98,16.29,15.83,16.11,3213789
25-May-12,15.72,15.88,15.48,15.75,2005078
24-May-12,15.98,15.98,15.31,15.58,3088956
23-May-12,15.12,15.86,14.96,15.86,3023024
22-May-12,15.46,16.04,15.10,15.26,4115756
21-May-12,14.51,15.43,14.45,15.40,2988663
18-May-12,14.72,15.06,14.41,14.42,2726158
17-May-12,14.58,15.08,14.50,14.64,4845898
16-May-12,14.65,15.11,14.45,14.51,3329710
15-May-12,15.30,15.40,14.36,14.61,6119925
14-May-12,15.31,15.64,15.09,15.27,3748250
11-May-12,15.84,16.11,15.42,15.48,3763790
10-May-12,15.99,16.41,15.81,15.99,6274319
9-May-12,15.37,15.85,15.18,15.78,4631213
8-May-12,15.37,15.65,14.86,15.62,4921428
7-May-12,15.19,15.53,14.95,15.43,4053027
4-May-12,15.48,15.49,15.03,15.27,5103534
3-May-12,16.05,16.15,15.59,15.61,4657554
2-May-12,16.42,16.43,16.06,16.08,2832378
1-May-12,16.29,16.85,15.95,16.63,3953322
30-Apr-12,16.27,16.45,16.02,16.18,4385248
27-Apr-12,16.85,16.85,16.20,16.32,4833100
26-Apr-12,17.48,17.66,16.61,16.96,7504828
25-Apr-12,16.48,16.88,16.33,16.85,5133631
24-Apr-12,16.04,16.47,16.04,16.20,4025040
23-Apr-12,15.78,16.19,15.50,16.02,2504333
20-Apr-12,16.23,16.47,15.90,15.93,2275201
19-Apr-12,15.94,16.48,15.91,16.11,3349657
18-Apr-12,15.92,16.36,15.79,15.93,2700100
17-Apr-12,15.84,16.36,15.83,15.96,3819677
16-Apr-12,16.34,16.39,15.61,15.66,4652836
13-Apr-12,16.92,16.92,16.18,16.20,3969964
12-Apr-12,16.38,17.17,16.35,17.02,3839166
11-Apr-12,16.40,16.58,16.25,16.35,3709042
10-Apr-12,16.62,16.76,16.00,16.23,4235587
9-Apr-12,16.70,17.13,16.51,16.68,2937125
5-Apr-12,16.77,17.21,16.70,16.94,3929341
4-Apr-12,17.04,17.16,16.73,16.76,3484035
3-Apr-12,17.27,17.40,16.98,17.26,4230885
2-Apr-12,17.33,17.70,17.02,17.27,3473359
30-Mar-12,17.19,17.35,16.90,17.29,2626653
29-Mar-12,17.05,17.26,16.83,17.09,3276433
28-Mar-12,17.46,17.54,16.98,17.18,4964588
27-Mar-12,17.87,17.95,17.32,17.55,4926945
26-Mar-12,18.09,18.11,17.77,17.86,3873028
23-Mar-12,17.61,18.10,17.49,17.89,3318860
22-Mar-12,17.93,17.96,17.55,17.60,4344998
21-Mar-12,17.85,18.10,17.49,18.08,5272721
20-Mar-12,18.68,18.68,18.12,18.14,2524922
19-Mar-12,18.91,19.04,18.61,18.82,1890184
16-Mar-12,18.29,18.96,18.29,18.87,2784007
15-Mar-12,18.32,18.42,17.88,18.25,2131371
14-Mar-12,18.69,18.87,18.15,18.21,2602256
13-Mar-12,18.45,18.77,18.12,18.67,2847333
12-Mar-12,18.73,18.82,18.28,18.43,2659545
9-Mar-12,18.97,19.29,18.73,18.90,2146299
8-Mar-12,19.07,19.21,18.82,18.94,3062355
7-Mar-12,18.92,19.18,18.74,18.87,2822128
6-Mar-12,18.89,18.94,18.57,18.80,3524066
5-Mar-12,19.32,19.40,18.93,19.04,3120899
2-Mar-12,19.52,19.70,19.21,19.37,3162458
1-Mar-12,19.57,19.74,19.35,19.56,2781760
29-Feb-12,19.76,19.90,19.18,19.46,3954208
28-Feb-12,19.99,20.06,19.51,19.60,3801952
27-Feb-12,20.16,20.20,19.74,19.95,3506937
24-Feb-12,20.18,20.65,20.04,20.30,3120208
23-Feb-12,20.04,20.19,19.57,20.12,2762976
22-Feb-12,19.53,20.39,19.52,19.97,4507280
21-Feb-12,19.96,20.06,19.46,19.59,3368220
17-Feb-12,19.23,20.10,19.20,19.76,6662571
16-Feb-12,18.00,19.12,18.00,19.06,6996618
15-Feb-12,17.98,18.55,17.85,18.12,5127795
14-Feb-12,17.79,17.90,17.57,17.80,2948413
13-Feb-12,18.07,18.34,17.67,17.82,2961862
10-Feb-12,18.25,18.31,17.84,17.98,4001067
9-Feb-12,19.04,19.13,18.39,18.45,4717343
8-Feb-12,18.64,19.20,18.63,18.95,4441450
7-Feb-12,18.47,18.66,18.21,18.62,3507520
6-Feb-12,18.36,18.55,18.15,18.50,2791451
3-Feb-12,18.97,19.17,18.22,18.53,6413675
2-Feb-12,18.48,19.26,18.31,18.68,8331667
1-Feb-12,18.98,19.42,18.60,19.05,6194802
31-Jan-12,19.10,19.36,18.63,18.87,3608509
30-Jan-12,18.52,18.95,18.24,18.86,4652665
27-Jan-12,18.02,18.92,17.80,18.76,5892233
26-Jan-12,19.27,19.43,17.93,18.05,5413489
25-Jan-12,19.26,19.30,18.47,19.24,5082171
24-Jan-12,18.29,19.36,18.02,19.24,6511093
23-Jan-12,18.63,18.67,18.20,18.45,5811842
20-Jan-12,18.26,18.91,18.16,18.70,4846925
19-Jan-12,18.92,19.00,18.31,18.42,7646754
18-Jan-12,18.33,18.89,18.11,18.83,6326129
17-Jan-12,19.11,19.52,18.17,18.39,5446182
13-Jan-12,19.09,19.09,19.09,19.09,0
12-Jan-12,20.45,20.56,19.04,19.12,7274541
11-Jan-12,21.72,21.79,20.35,20.42,4999945
10-Jan-12,21.58,22.14,21.55,21.93,4297214
9-Jan-12,21.22,21.59,21.08,21.18,1926170
6-Jan-12,21.05,21.37,20.97,21.17,960653
5-Jan-12,21.12,21.38,20.76,21.04,2610978
4-Jan-12,21.27,21.80,21.01,21.35,4796574
3-Jan-12,20.36,21.68,20.30,21.46,4395180
30-Dec-11,19.98,19.98,19.98,19.98,0
29-Dec-11,19.74,20.08,19.66,19.91,1587370
28-Dec-11,19.65,19.65,19.65,19.65,0
27-Dec-11,20.37,20.60,20.14,20.25,1366016
23-Dec-11,20.45,20.45,20.45,20.45,0
22-Dec-11,19.91,20.51,19.75,20.41,2924123
21-Dec-11,19.84,19.90,19.13,19.77,2891411
20-Dec-11,19.80,19.80,19.80,19.80,0
19-Dec-11,19.60,19.89,18.42,18.48,4009332
16-Dec-11,18.39,18.94,18.30,18.89,3362012
15-Dec-11,18.49,18.59,18.03,18.23,3785933
14-Dec-11,19.16,19.16,18.05,18.14,4247426
13-Dec-11,20.01,20.28,19.22,19.40,3570909
12-Dec-11,20.62,20.62,19.51,19.81,5706547
9-Dec-11,20.86,21.12,20.77,20.98,3411603
8-Dec-11,20.85,21.20,20.50,20.72,4223539
7-Dec-11,21.19,21.27,20.64,20.95,2850300
6-Dec-11,21.35,21.62,21.05,21.30,3528590
5-Dec-11,21.85,22.27,21.14,21.35,4590197
2-Dec-11,21.31,21.72,21.11,21.35,5414127
1-Dec-11,20.93,21.53,20.81,20.91,3549737
30-Nov-11,20.48,21.13,20.01,21.02,3918516
29-Nov-11,19.23,19.99,19.20,19.63,4020822
28-Nov-11,19.35,20.21,19.35,19.77,4680646
25-Nov-11,18.90,19.24,18.67,19.11,1465284
23-Nov-11,18.96,18.96,18.96,18.96,0
22-Nov-11,20.28,20.54,19.65,19.89,3167309
21-Nov-11,20.98,21.30,19.93,20.41,4105466
18-Nov-11,22.23,22.31,21.10,21.37,3869972
17-Nov-11,22.89,22.98,21.68,21.87,5012159
16-Nov-11,22.26,23.90,22.11,22.92,5333328
15-Nov-11,21.85,22.61,21.51,22.38,2568555
14-Nov-11,22.51,22.57,21.71,22.12,2257646
11-Nov-11,21.71,22.71,21.59,22.66,3673554
10-Nov-11,21.35,21.82,20.76,21.43,3943980
9-Nov-11,21.00,21.39,20.58,20.95,5441527
8-Nov-11,21.78,22.18,21.27,21.72,7256816
7-Nov-11,21.22,21.65,20.72,21.56,3161171
4-Nov-11,21.03,21.46,20.87,21.24,3201411
3-Nov-11,20.78,21.44,20.25,21.23,3963492
2-Nov-11,19.93,20.54,19.73,20.49,3999085
1-Nov-11,19.50,20.16,19.09,19.49,6581106
31-Oct-11,21.51,21.65,20.32,20.32,5766273
28-Oct-11,21.61,21.93,20.76,21.77,4627647
27-Oct-11,21.13,22.82,21.11,22.19,6843879
26-Oct-11,19.91,20.98,19.47,20.87,7771395
25-Oct-11,20.76,20.78,19.38,19.51,4622436
24-Oct-11,19.34,20.08,19.32,20.00,3659377
21-Oct-11,19.52,19.60,18.61,19.17,5775381
20-Oct-11,18.66,19.34,18.23,19.29,6710561
19-Oct-11,19.29,19.52,18.09,18.29,5985305
18-Oct-11,18.59,19.46,18.07,19.31,4510506
17-Oct-11,19.57,19.74,18.48,18.55,7998005
14-Oct-11,18.56,19.80,18.50,19.71,4944040
13-Oct-11,18.63,18.83,17.89,18.53,5122003
12-Oct-11,18.50,19.36,18.00,18.84,9867980
11-Oct-11,17.95,18.84,17.87,18.74,5267540
10-Oct-11,17.60,18.62,17.55,18.12,5604796
7-Oct-11,17.24,17.44,16.59,16.93,6835939
6-Oct-11,17.55,17.76,16.81,17.06,10030713
5-Oct-11,16.67,17.60,15.97,17.48,7246796
4-Oct-11,15.49,16.60,15.06,16.56,5580522
3-Oct-11,16.85,16.91,15.64,15.83,6997211
30-Sep-11,18.00,18.45,17.32,17.34,6428472
29-Sep-11,18.60,18.94,17.80,18.51,5301309
