Date,Open,High,Low,Close,Volume
27-Sep-12,5.23,5.37,5.20,5.29,194022
26-Sep-12,4.97,5.23,4.90,5.18,120800
25-Sep-12,4.89,5.27,4.87,4.96,324394
24-Sep-12,4.61,4.85,4.60,4.84,177968
21-Sep-12,4.45,4.74,4.45,4.61,131321
20-Sep-12,4.40,4.45,4.25,4.41,12817
19-Sep-12,4.51,4.67,4.38,4.43,15495
18-Sep-12,4.44,4.55,4.44,4.48,29710
17-Sep-12,4.40,4.41,4.35,4.40,27417
14-Sep-12,4.39,4.41,4.27,4.40,21949
13-Sep-12,4.40,4.40,4.29,4.35,41928
12-Sep-12,4.36,4.41,4.32,4.35,22241
11-Sep-12,4.10,4.44,4.10,4.33,71444
10-Sep-12,4.05,4.05,3.94,4.04,17971
7-Sep-12,4.14,4.45,4.05,4.07,65977
6-Sep-12,4.03,4.22,3.84,4.12,282849
5-Sep-12,3.99,4.05,3.99,3.99,67136
4-Sep-12,3.99,4.06,3.94,4.02,77680
31-Aug-12,4.04,4.04,3.94,3.98,357974
30-Aug-12,4.04,4.04,3.99,4.00,26707
29-Aug-12,4.04,4.10,4.00,4.07,37652
28-Aug-12,4.04,4.08,3.98,4.05,68424
27-Aug-12,4.01,4.03,3.93,4.03,31825
24-Aug-12,3.95,4.08,3.86,4.01,50709
23-Aug-12,3.85,3.99,3.85,3.97,38772
22-Aug-12,3.98,3.98,3.84,3.86,42296
21-Aug-12,3.92,4.07,3.92,3.98,50798
20-Aug-12,4.09,4.09,3.85,3.90,70528
17-Aug-12,4.15,4.31,4.01,4.06,166011
16-Aug-12,3.95,4.14,3.91,4.05,84147
15-Aug-12,3.88,3.99,3.83,3.93,126258
14-Aug-12,3.74,3.92,3.74,3.86,71466
13-Aug-12,3.69,3.75,3.67,3.71,39991
10-Aug-12,3.71,3.74,3.68,3.70,32740
9-Aug-12,3.74,3.75,3.67,3.71,48506
8-Aug-12,3.77,3.81,3.70,3.73,40088
7-Aug-12,3.92,3.92,3.76,3.79,93298
6-Aug-12,3.55,4.06,3.55,3.91,276235
3-Aug-12,3.59,3.66,3.51,3.57,670456
2-Aug-12,3.60,3.60,3.50,3.57,138490
1-Aug-12,3.69,3.78,3.63,3.63,153438
31-Jul-12,3.85,3.86,3.65,3.68,124486
30-Jul-12,3.99,4.08,3.78,3.82,141573
27-Jul-12,3.92,4.20,3.88,3.99,146649
26-Jul-12,3.96,4.07,3.91,3.93,116725
25-Jul-12,4.08,4.11,3.93,3.94,105051
24-Jul-12,4.09,4.20,3.99,4.03,104283
23-Jul-12,4.12,4.20,4.05,4.09,118593
20-Jul-12,4.26,4.27,4.16,4.17,82333
19-Jul-12,4.56,4.56,4.29,4.29,44578
18-Jul-12,4.49,4.68,4.44,4.53,99282
17-Jul-12,4.34,4.58,4.26,4.48,45292
16-Jul-12,4.29,4.34,4.22,4.33,79163
13-Jul-12,4.31,4.42,4.26,4.28,92839
12-Jul-12,4.43,4.43,4.23,4.31,128629
11-Jul-12,4.51,4.55,4.45,4.47,104819
10-Jul-12,4.71,4.71,4.50,4.51,73712
9-Jul-12,4.63,4.71,4.60,4.70,37891
6-Jul-12,4.67,4.72,4.61,4.66,81598
5-Jul-12,4.68,4.85,4.68,4.72,117330
3-Jul-12,4.73,4.73,4.60,4.67,103566
2-Jul-12,4.73,4.73,4.59,4.66,190164
29-Jun-12,4.75,4.75,4.68,4.69,177013
28-Jun-12,4.78,4.78,4.45,4.64,81329
27-Jun-12,4.80,5.03,4.76,4.80,154548
26-Jun-12,4.65,4.80,4.64,4.78,34391
25-Jun-12,4.77,4.79,4.63,4.67,63881
22-Jun-12,4.74,4.91,4.55,4.85,257511
21-Jun-12,4.65,4.81,4.44,4.69,140719
20-Jun-12,4.78,4.83,4.63,4.65,168842
19-Jun-12,4.77,4.89,4.68,4.77,116537
18-Jun-12,4.62,4.88,4.62,4.74,158876
15-Jun-12,4.56,4.67,4.50,4.65,157000
14-Jun-12,4.44,4.58,4.44,4.58,106060
13-Jun-12,4.31,4.48,4.22,4.45,184319
12-Jun-12,4.20,4.33,4.02,4.30,146619
11-Jun-12,4.44,4.44,4.09,4.17,463271
8-Jun-12,4.08,4.56,4.02,4.36,263501
7-Jun-12,3.91,4.12,3.86,4.11,284565
6-Jun-12,3.60,3.87,3.60,3.83,155927
5-Jun-12,3.65,3.74,3.54,3.56,56008
4-Jun-12,3.66,3.71,3.55,3.66,112483
1-Jun-12,3.70,3.72,3.64,3.65,97988
31-May-12,3.59,3.82,3.47,3.75,327478
30-May-12,3.73,3.73,3.55,3.57,110444
29-May-12,3.81,3.89,3.73,3.75,59516
25-May-12,3.85,3.99,3.75,3.77,86196
24-May-12,3.76,3.87,3.71,3.87,116747
23-May-12,3.73,3.78,3.71,3.74,57125
22-May-12,3.83,3.88,3.71,3.75,79389
21-May-12,3.78,3.87,3.77,3.82,93325
18-May-12,3.76,3.81,3.69,3.78,123564
17-May-12,3.83,3.84,3.78,3.79,69479
16-May-12,3.94,3.96,3.83,3.84,96898
15-May-12,3.92,3.97,3.89,3.93,34719
14-May-12,4.05,4.20,3.89,3.93,113552
11-May-12,3.97,4.14,3.92,4.10,149285
10-May-12,3.99,4.08,3.93,4.01,86169
9-May-12,3.99,4.00,3.82,3.97,82016
8-May-12,3.74,4.07,3.74,4.03,100772
7-May-12,3.60,3.80,3.60,3.77,93272
4-May-12,3.72,3.72,3.60,3.61,106236
3-May-12,3.89,3.90,3.75,3.75,119403
2-May-12,4.02,4.04,3.86,3.90,188012
1-May-12,4.05,4.16,4.02,4.06,520337
30-Apr-12,4.03,4.09,3.94,4.05,167276
27-Apr-12,4.05,4.06,3.96,4.03,96451
26-Apr-12,3.99,4.10,3.93,4.05,73246
25-Apr-12,4.00,4.11,3.96,4.01,119998
24-Apr-12,3.74,3.99,3.74,3.99,157526
23-Apr-12,3.70,3.75,3.65,3.73,130269
20-Apr-12,3.72,3.76,3.63,3.74,104194
19-Apr-12,3.65,3.78,3.62,3.66,97196
18-Apr-12,3.67,3.68,3.41,3.65,201961
17-Apr-12,3.61,3.79,3.61,3.70,75641
16-Apr-12,3.57,3.68,3.57,3.60,95058
13-Apr-12,3.75,3.79,3.48,3.56,152940
12-Apr-12,3.78,3.80,3.75,3.78,90750
11-Apr-12,3.79,3.83,3.70,3.78,90703
10-Apr-12,3.77,3.79,3.60,3.75,436982
9-Apr-12,3.78,3.86,3.68,3.76,96450
5-Apr-12,3.79,3.90,3.76,3.86,152181
4-Apr-12,3.75,3.89,3.70,3.80,825632
3-Apr-12,3.75,3.82,3.69,3.79,187007
2-Apr-12,3.59,3.89,3.52,3.74,2018957
30-Mar-12,3.55,3.69,3.53,3.62,246395
29-Mar-12,3.47,3.61,3.47,3.51,189484
28-Mar-12,3.61,3.61,3.48,3.51,271093
27-Mar-12,3.61,3.64,3.58,3.59,62157
26-Mar-12,3.63,3.67,3.55,3.59,123626
23-Mar-12,3.51,3.60,3.45,3.59,74687
22-Mar-12,3.56,3.64,3.50,3.51,86086
21-Mar-12,3.60,3.64,3.55,3.57,60270
20-Mar-12,3.62,3.67,3.57,3.60,257089
19-Mar-12,3.74,3.77,3.65,3.66,101753
16-Mar-12,3.81,3.81,3.72,3.74,141108
15-Mar-12,3.84,3.84,3.75,3.80,93094
14-Mar-12,3.93,3.94,3.80,3.80,72805
13-Mar-12,3.90,3.96,3.85,3.95,198725
12-Mar-12,3.88,3.96,3.86,3.88,80376
9-Mar-12,3.67,3.96,3.67,3.88,269244
8-Mar-12,3.65,3.74,3.60,3.68,82076
7-Mar-12,3.59,3.67,3.57,3.64,52675
6-Mar-12,3.63,3.69,3.56,3.60,95384
5-Mar-12,3.63,3.68,3.59,3.66,23266
2-Mar-12,3.63,3.68,3.55,3.64,160759
1-Mar-12,3.69,3.78,3.61,3.63,139906
29-Feb-12,3.75,3.85,3.66,3.67,171495
28-Feb-12,3.81,3.82,3.77,3.78,48562
27-Feb-12,3.83,3.91,3.75,3.81,68824
24-Feb-12,3.82,3.91,3.73,3.88,229666
23-Feb-12,3.74,3.84,3.71,3.83,112521
22-Feb-12,3.86,3.90,3.71,3.73,432605
21-Feb-12,4.04,4.04,3.85,3.89,126512
17-Feb-12,4.09,4.09,4.00,4.01,47451
16-Feb-12,3.98,4.09,3.98,4.06,126056
15-Feb-12,4.15,4.15,3.94,3.99,108411
14-Feb-12,4.20,4.22,4.01,4.11,107632
13-Feb-12,4.10,4.23,4.07,4.23,57343
10-Feb-12,4.07,4.07,4.07,4.07,0
9-Feb-12,4.14,4.25,4.09,4.12,49339
8-Feb-12,4.15,4.16,4.05,4.13,57947
7-Feb-12,4.24,4.24,3.84,4.15,77256
6-Feb-12,4.28,4.30,4.20,4.22,63978
3-Feb-12,4.25,4.35,4.13,4.29,293936
2-Feb-12,4.16,4.16,4.16,4.16,0
1-Feb-12,4.44,4.44,4.30,4.33,207375
31-Jan-12,4.40,4.47,4.39,4.41,81520
30-Jan-12,4.38,4.42,4.32,4.39,64236
27-Jan-12,4.40,4.40,4.40,4.40,0
26-Jan-12,4.46,4.50,4.42,4.49,83633
25-Jan-12,4.39,4.46,4.31,4.44,113915
24-Jan-12,4.37,4.37,4.37,4.37,0
23-Jan-12,4.18,4.33,4.09,4.32,106966
20-Jan-12,4.10,4.10,4.10,4.10,0
19-Jan-12,4.03,4.08,3.95,4.00,81577
18-Jan-12,3.72,4.02,3.70,4.02,81067
17-Jan-12,3.73,3.73,3.73,3.73,0
13-Jan-12,3.68,3.68,3.68,3.68,0
12-Jan-12,3.77,3.77,3.65,3.73,112905
11-Jan-12,3.69,3.80,3.65,3.76,108777
10-Jan-12,3.71,3.71,3.71,3.71,0
9-Jan-12,3.73,3.73,3.70,3.71,72490
6-Jan-12,3.95,3.95,3.72,3.78,18007
5-Jan-12,3.77,3.77,3.77,3.77,0
4-Jan-12,3.89,3.90,3.78,3.85,59537
3-Jan-12,3.91,3.91,3.91,3.91,0
30-Dec-11,3.80,3.80,3.80,3.80,0
29-Dec-11,3.71,3.73,3.69,3.73,115038
28-Dec-11,3.80,3.80,3.71,3.71,128331
27-Dec-11,3.79,3.79,3.79,3.79,0
23-Dec-11,3.80,3.80,3.80,3.80,0
22-Dec-11,3.79,3.79,3.79,3.79,0
21-Dec-11,3.88,3.90,3.79,3.84,136332
20-Dec-11,3.89,3.89,3.89,3.89,0
19-Dec-11,3.80,3.80,3.68,3.74,193889
16-Dec-11,3.92,3.92,3.73,3.77,187201
15-Dec-11,3.96,3.96,3.83,3.91,105457
14-Dec-11,3.70,3.94,3.66,3.92,190601
13-Dec-11,3.76,3.97,3.69,3.74,167632
12-Dec-11,3.71,3.71,3.71,3.71,0
9-Dec-11,3.58,3.75,3.54,3.69,108039
8-Dec-11,3.70,3.70,3.57,3.57,96665
7-Dec-11,3.63,3.77,3.56,3.75,88478
6-Dec-11,3.69,3.71,3.56,3.64,131039
5-Dec-11,3.86,3.88,3.65,3.68,139278
2-Dec-11,3.89,3.89,3.78,3.83,102114
1-Dec-11,3.84,3.93,3.74,3.85,127120
30-Nov-11,3.68,3.88,3.59,3.87,436158
29-Nov-11,3.65,3.66,3.55,3.57,84902
28-Nov-11,3.63,3.73,3.54,3.65,164026
25-Nov-11,3.67,3.76,3.54,3.54,44322
23-Nov-11,3.69,3.69,3.69,3.69,0
22-Nov-11,3.96,4.01,3.93,3.96,95231
21-Nov-11,4.03,4.07,3.93,3.95,96405
18-Nov-11,4.07,4.07,4.03,4.05,86570
17-Nov-11,4.05,4.05,4.05,4.05,0
16-Nov-11,4.26,4.29,4.10,4.11,143874
15-Nov-11,4.25,4.35,4.20,4.30,93587
14-Nov-11,4.38,4.45,4.25,4.27,119860
11-Nov-11,4.35,4.45,4.31,4.42,106758
10-Nov-11,4.30,4.31,4.22,4.30,143983
9-Nov-11,4.44,4.47,4.22,4.25,273616
8-Nov-11,4.48,4.64,4.35,4.57,121487
7-Nov-11,4.38,4.47,4.26,4.45,107360
4-Nov-11,4.49,4.51,4.35,4.40,124159
3-Nov-11,4.67,4.67,4.48,4.55,170376
2-Nov-11,4.63,4.83,4.47,4.59,113913
1-Nov-11,4.54,4.54,4.54,4.54,0
31-Oct-11,4.46,4.53,4.39,4.45,184750
28-Oct-11,4.50,4.60,4.41,4.52,157539
27-Oct-11,4.64,4.64,4.32,4.50,301505
26-Oct-11,4.46,4.51,4.26,4.46,128032
25-Oct-11,4.46,4.50,4.37,4.37,130002
24-Oct-11,4.49,4.52,4.44,4.50,257840
21-Oct-11,4.42,4.51,4.32,4.49,154699
20-Oct-11,4.39,4.40,4.22,4.34,177595
19-Oct-11,4.48,4.48,4.31,4.40,173412
18-Oct-11,4.47,4.47,4.47,4.47,0
17-Oct-11,4.44,4.49,4.29,4.35,169134
14-Oct-11,4.51,4.52,4.42,4.50,198705
13-Oct-11,4.49,4.49,4.49,4.49,0
12-Oct-11,4.49,4.49,4.32,4.38,296644
11-Oct-11,4.56,4.76,4.41,4.45,541452
10-Oct-11,4.25,4.61,4.25,4.61,523251
7-Oct-11,4.41,4.44,4.14,4.18,259749
6-Oct-11,4.46,4.56,4.31,4.40,257768
5-Oct-11,4.78,4.79,4.37,4.49,1457654
4-Oct-11,4.60,4.87,4.46,4.75,813749
3-Oct-11,4.72,5.07,4.63,4.64,425066
30-Sep-11,5.00,5.06,4.70,4.76,228613
29-Sep-11,5.01,5.09,4.71,5.09,251600
