Date,Open,High,Low,Close,Volume
27-Sep-12,1.58,1.58,1.41,1.41,2063
26-Sep-12,1.41,1.42,1.41,1.41,701
25-Sep-12,1.49,1.49,1.40,1.43,34529
24-Sep-12,1.48,1.50,1.40,1.40,15000
21-Sep-12,1.58,1.58,1.35,1.35,59318
20-Sep-12,1.60,1.61,1.60,1.61,200
19-Sep-12,1.66,1.66,1.60,1.60,1900
18-Sep-12,1.67,1.67,1.67,1.67,0
17-Sep-12,1.67,1.67,1.67,1.67,100
14-Sep-12,1.67,1.67,1.67,1.67,200
13-Sep-12,1.69,1.69,1.69,1.69,100
12-Sep-12,1.70,1.70,1.70,1.70,0
11-Sep-12,1.66,1.66,1.66,1.66,519
10-Sep-12,1.79,1.79,1.79,1.79,284
7-Sep-12,1.72,1.72,1.70,1.70,3925
6-Sep-12,1.70,1.72,1.70,1.72,3700
5-Sep-12,1.66,1.66,1.66,1.66,449
4-Sep-12,1.70,1.70,1.66,1.66,1948
31-Aug-12,1.70,1.70,1.65,1.65,1459
30-Aug-12,1.70,1.70,1.70,1.70,0
29-Aug-12,1.70,1.70,1.70,1.70,0
28-Aug-12,1.70,1.70,1.70,1.70,0
27-Aug-12,1.78,1.78,1.70,1.70,2049
24-Aug-12,1.74,1.74,1.70,1.70,2000
23-Aug-12,1.78,1.78,1.78,1.78,100
22-Aug-12,1.59,1.59,1.59,1.59,0
21-Aug-12,1.70,1.72,1.59,1.59,14964
20-Aug-12,1.66,1.66,1.66,1.66,0
17-Aug-12,1.80,1.80,1.65,1.70,27182
16-Aug-12,1.81,1.83,1.81,1.82,2000
15-Aug-12,1.82,1.82,1.82,1.82,2200
14-Aug-12,1.82,1.82,1.82,1.82,140
13-Aug-12,1.82,1.82,1.82,1.82,1322
10-Aug-12,1.82,1.82,1.82,1.82,0
9-Aug-12,1.82,1.82,1.82,1.82,0
8-Aug-12,1.81,1.81,1.81,1.81,6300
7-Aug-12,1.82,1.82,1.81,1.81,4200
6-Aug-12,1.83,1.83,1.82,1.82,625
3-Aug-12,1.81,1.82,1.81,1.81,10542
2-Aug-12,1.81,1.81,1.81,1.81,130
1-Aug-12,1.82,1.82,1.81,1.81,2696
31-Jul-12,1.88,1.88,1.88,1.88,150
30-Jul-12,1.87,1.87,1.87,1.87,0
27-Jul-12,1.87,1.87,1.87,1.87,0
26-Jul-12,1.87,1.87,1.87,1.87,0
25-Jul-12,1.90,1.90,1.90,1.90,100
24-Jul-12,1.94,1.94,1.94,1.94,550
23-Jul-12,1.81,1.81,1.81,1.81,0
20-Jul-12,1.81,1.81,1.81,1.81,0
19-Jul-12,1.81,1.81,1.81,1.81,3500
18-Jul-12,1.81,1.81,1.81,1.81,3391
17-Jul-12,1.84,1.84,1.84,1.84,1498
16-Jul-12,1.84,1.84,1.84,1.84,0
13-Jul-12,1.84,1.84,1.84,1.84,0
12-Jul-12,1.84,1.84,1.84,1.84,0
11-Jul-12,1.85,1.85,1.84,1.84,1100
10-Jul-12,1.84,1.84,1.84,1.84,0
9-Jul-12,1.84,1.84,1.84,1.84,0
6-Jul-12,1.84,1.87,1.84,1.85,1000
5-Jul-12,1.86,1.86,1.84,1.85,7050
3-Jul-12,1.90,1.91,1.86,1.86,700
2-Jul-12,1.86,1.86,1.86,1.86,0
29-Jun-12,1.90,1.90,1.90,1.90,600
28-Jun-12,1.86,1.86,1.86,1.86,0
27-Jun-12,1.88,1.88,1.86,1.86,23800
26-Jun-12,1.92,1.92,1.92,1.92,0
25-Jun-12,1.92,1.92,1.92,1.92,0
22-Jun-12,1.90,1.90,1.90,1.90,2000
21-Jun-12,1.92,1.92,1.90,1.90,12646
20-Jun-12,1.90,1.93,1.90,1.93,18044
19-Jun-12,1.90,1.90,1.89,1.89,1400
18-Jun-12,1.95,1.95,1.95,1.95,400
15-Jun-12,1.92,1.98,1.91,1.98,7560
14-Jun-12,1.89,1.95,1.86,1.95,6009
13-Jun-12,1.97,1.97,1.89,1.89,625
12-Jun-12,1.89,1.97,1.87,1.97,3300
11-Jun-12,1.87,1.87,1.87,1.87,0
8-Jun-12,1.95,1.95,1.87,1.92,9400
7-Jun-12,1.95,1.95,1.95,1.95,0
6-Jun-12,1.95,1.95,1.95,1.95,0
5-Jun-12,1.95,1.95,1.95,1.95,1585
4-Jun-12,1.90,1.90,1.90,1.90,0
1-Jun-12,1.94,1.94,1.85,1.94,21723
31-May-12,1.94,1.94,1.94,1.94,6000
30-May-12,1.94,1.94,1.94,1.94,1000
29-May-12,1.97,1.97,1.97,1.97,400
25-May-12,1.94,1.94,1.94,1.94,0
24-May-12,1.95,1.95,1.94,1.94,7700
23-May-12,1.98,1.98,1.94,1.94,1200
22-May-12,1.97,1.98,1.97,1.98,1200
21-May-12,1.95,1.98,1.95,1.98,171991
18-May-12,1.96,1.96,1.94,1.94,610
17-May-12,1.94,1.94,1.94,1.94,0
16-May-12,1.94,1.97,1.94,1.97,9875
15-May-12,1.95,1.95,1.95,1.95,0
14-May-12,1.95,1.95,1.95,1.95,0
11-May-12,1.95,1.95,1.95,1.95,1000
10-May-12,1.96,2.03,1.94,1.95,6400
9-May-12,1.95,1.95,1.94,1.94,14970
8-May-12,1.92,1.95,1.92,1.92,13700
7-May-12,1.92,1.95,1.92,1.94,6300
4-May-12,1.98,1.98,1.93,1.94,1600
3-May-12,1.94,2.00,1.93,1.94,52478
2-May-12,1.93,1.93,1.93,1.93,100
1-May-12,1.93,1.96,1.93,1.96,3202
30-Apr-12,1.92,1.93,1.92,1.93,5100
27-Apr-12,1.96,1.96,1.92,1.93,17600
26-Apr-12,1.95,1.96,1.95,1.96,2950
25-Apr-12,1.93,1.93,1.92,1.93,5510
24-Apr-12,1.93,1.93,1.93,1.93,0
23-Apr-12,1.93,1.95,1.93,1.95,900
20-Apr-12,1.92,1.92,1.92,1.92,500
19-Apr-12,1.99,1.99,1.94,1.94,4501
18-Apr-12,1.94,1.97,1.94,1.97,1350
17-Apr-12,1.93,1.94,1.92,1.93,26526
16-Apr-12,1.94,1.94,1.93,1.93,4200
13-Apr-12,1.94,1.94,1.85,1.93,14940
12-Apr-12,1.94,1.94,1.93,1.93,1170
11-Apr-12,1.94,1.94,1.93,1.93,950
10-Apr-12,1.93,1.93,1.92,1.92,7221
9-Apr-12,1.92,1.92,1.92,1.92,1901
5-Apr-12,1.93,1.93,1.92,1.93,23200
4-Apr-12,1.92,1.93,1.92,1.92,6898
3-Apr-12,1.92,1.92,1.92,1.92,0
2-Apr-12,1.92,1.92,1.90,1.92,10800
30-Mar-12,1.84,1.94,1.84,1.94,23948
29-Mar-12,1.82,1.84,1.82,1.82,44100
28-Mar-12,1.82,1.85,1.81,1.82,59862
27-Mar-12,1.84,1.84,1.84,1.84,0
26-Mar-12,1.84,1.84,1.81,1.81,400
23-Mar-12,1.85,1.85,1.85,1.85,0
22-Mar-12,1.85,1.85,1.85,1.85,2300
21-Mar-12,1.85,1.85,1.85,1.85,1200
20-Mar-12,1.85,1.85,1.85,1.85,18600
19-Mar-12,1.86,1.86,1.85,1.85,2912
16-Mar-12,1.86,1.86,1.86,1.86,540
15-Mar-12,1.86,1.86,1.86,1.86,0
14-Mar-12,1.86,1.86,1.86,1.86,1000
13-Mar-12,1.86,1.86,1.86,1.86,0
12-Mar-12,1.86,1.86,1.86,1.86,600
9-Mar-12,1.87,1.87,1.87,1.87,2200
8-Mar-12,1.87,1.87,1.87,1.87,10461
7-Mar-12,1.87,1.87,1.87,1.87,1939
6-Mar-12,1.90,1.90,1.88,1.88,17944
5-Mar-12,1.88,1.90,1.88,1.90,11566
2-Mar-12,1.88,1.89,1.85,1.85,12000
1-Mar-12,1.85,1.85,1.85,1.85,669
29-Feb-12,1.90,1.90,1.82,1.85,1105
28-Feb-12,1.86,1.89,1.86,1.89,17300
27-Feb-12,1.81,1.81,1.81,1.81,0
24-Feb-12,1.88,1.88,1.81,1.81,2932
23-Feb-12,1.81,1.84,1.81,1.84,1100
22-Feb-12,1.89,1.90,1.81,1.81,15105
21-Feb-12,1.83,1.89,1.83,1.88,26974
17-Feb-12,1.80,1.85,1.80,1.85,15091
16-Feb-12,1.81,1.84,1.79,1.79,36475
15-Feb-12,1.80,1.81,1.80,1.81,1350
14-Feb-12,1.81,1.82,1.81,1.81,2700
13-Feb-12,1.81,1.83,1.81,1.83,4470
10-Feb-12,1.84,1.84,1.81,1.81,7600
8-Feb-12,1.84,1.84,1.84,1.84,0
7-Feb-12,1.80,1.87,1.80,1.81,2234
6-Feb-12,1.83,1.83,1.83,1.83,0
3-Feb-12,1.81,1.85,1.80,1.80,5045
2-Feb-12,1.80,1.80,1.80,1.80,508
1-Feb-12,1.88,1.88,1.80,1.81,62920
31-Jan-12,1.90,1.90,1.90,1.90,10300
30-Jan-12,1.88,1.88,1.88,1.88,0
27-Jan-12,1.90,1.90,1.90,1.90,1800
26-Jan-12,1.90,1.90,1.90,1.90,8300
25-Jan-12,1.90,1.90,1.90,1.90,3600
24-Jan-12,1.90,1.90,1.90,1.90,0
23-Jan-12,1.87,1.90,1.87,1.90,1000
20-Jan-12,1.85,1.90,1.85,1.90,9979
19-Jan-12,1.85,1.90,1.85,1.90,4848
18-Jan-12,1.82,1.82,1.82,1.82,262
17-Jan-12,1.82,1.87,1.82,1.85,2462
12-Jan-12,1.86,1.86,1.86,1.86,0
11-Jan-12,1.86,1.86,1.86,1.86,0
9-Jan-12,1.86,1.86,1.86,1.86,0
6-Jan-12,1.86,1.87,1.86,1.87,1000
5-Jan-12,1.88,1.88,1.88,1.88,300
3-Jan-12,1.86,1.86,1.86,1.86,0
30-Dec-11,1.90,1.90,1.90,1.90,0
28-Dec-11,1.89,1.89,1.89,1.89,0
27-Dec-11,1.92,1.92,1.90,1.90,10065
23-Dec-11,1.90,1.90,1.90,1.90,0
22-Dec-11,1.90,1.90,1.85,1.85,5300
21-Dec-11,1.89,1.90,1.88,1.88,10150
20-Dec-11,1.82,1.85,1.82,1.85,10000
19-Dec-11,1.85,1.85,1.81,1.81,325
16-Dec-11,1.80,1.80,1.80,1.80,0
15-Dec-11,1.82,1.90,1.82,1.85,6525
14-Dec-11,1.89,1.89,1.82,1.82,300
13-Dec-11,1.88,1.88,1.88,1.88,0
12-Dec-11,1.88,1.88,1.88,1.88,0
9-Dec-11,1.80,1.82,1.80,1.80,1468
8-Dec-11,1.81,1.81,1.80,1.80,22521
7-Dec-11,1.81,1.81,1.81,1.81,1200
5-Dec-11,1.80,1.80,1.80,1.80,0
2-Dec-11,1.80,1.81,1.80,1.80,4100
1-Dec-11,1.81,1.81,1.80,1.80,6992
30-Nov-11,1.81,1.81,1.81,1.81,100
29-Nov-11,1.81,1.81,1.81,1.81,100
28-Nov-11,1.82,1.88,1.82,1.82,600
25-Nov-11,1.81,1.82,1.80,1.82,17351
23-Nov-11,1.82,1.82,1.82,1.82,0
22-Nov-11,1.86,1.86,1.80,1.81,16595
21-Nov-11,1.81,1.85,1.79,1.85,8700
18-Nov-11,1.80,1.81,1.80,1.80,10250
17-Nov-11,1.85,1.85,1.80,1.81,14467
16-Nov-11,1.85,1.85,1.84,1.84,3700
15-Nov-11,1.88,1.89,1.85,1.89,21665
14-Nov-11,1.88,1.88,1.88,1.88,18800
11-Nov-11,1.91,1.91,1.88,1.88,1400
10-Nov-11,1.88,1.92,1.88,1.91,6373
9-Nov-11,1.88,1.88,1.88,1.88,596
8-Nov-11,1.90,1.90,1.89,1.89,3100
7-Nov-11,1.90,1.90,1.87,1.89,4467
4-Nov-11,1.90,1.90,1.90,1.90,0
3-Nov-11,1.90,1.91,1.89,1.91,12900
2-Nov-11,1.93,1.93,1.90,1.90,977
1-Nov-11,1.91,1.92,1.90,1.92,11330
31-Oct-11,1.95,1.95,1.93,1.93,5125
28-Oct-11,1.95,1.96,1.95,1.96,9716
27-Oct-11,2.01,2.01,1.96,1.97,4429
26-Oct-11,1.96,2.00,1.96,1.96,10569
25-Oct-11,1.97,1.97,1.96,1.96,960
24-Oct-11,1.99,1.99,1.99,1.99,100
21-Oct-11,2.00,2.00,1.97,1.98,1450
20-Oct-11,1.94,1.94,1.94,1.94,727
19-Oct-11,1.95,1.95,1.94,1.94,700
18-Oct-11,2.00,2.00,1.94,1.94,7679
17-Oct-11,1.99,2.00,1.97,1.97,7571
14-Oct-11,1.96,1.96,1.96,1.96,1180
12-Oct-11,1.97,1.97,1.97,1.97,0
11-Oct-11,2.01,2.01,1.97,1.97,1760
10-Oct-11,2.01,2.01,1.97,1.98,1050
7-Oct-11,1.96,1.96,1.96,1.96,485
6-Oct-11,2.00,2.01,1.96,1.96,3910
5-Oct-11,1.99,1.99,1.99,1.99,250
4-Oct-11,1.96,1.96,1.95,1.95,1700
3-Oct-11,1.96,1.96,1.96,1.96,0
30-Sep-11,1.97,1.97,1.95,1.95,11185
29-Sep-11,2.01,2.01,1.98,1.98,1000
