Date,Open,High,Low,Close,Volume
27-Sep-12,14.40,14.52,14.10,14.17,8386
26-Sep-12,13.91,14.28,13.91,14.28,550
25-Sep-12,14.16,14.16,13.60,14.03,4300
24-Sep-12,14.44,14.44,14.10,14.13,1200
21-Sep-12,14.24,14.43,14.24,14.43,2089
20-Sep-12,14.00,14.22,14.02,14.02,480
19-Sep-12,14.02,14.11,14.02,14.05,2821
18-Sep-12,14.10,14.10,14.10,14.10,0
17-Sep-12,14.01,14.31,14.01,14.10,4255
14-Sep-12,14.07,14.20,14.07,14.20,950
13-Sep-12,14.10,14.10,14.00,14.10,2303
12-Sep-12,14.19,14.20,14.00,14.00,1392
11-Sep-12,13.78,14.20,13.78,14.19,4837
10-Sep-12,13.75,13.75,13.75,13.75,0
7-Sep-12,13.75,13.75,13.65,13.65,4800
6-Sep-12,13.75,13.75,13.75,13.75,100
5-Sep-12,13.50,13.75,13.50,13.63,3800
4-Sep-12,13.51,13.70,13.50,13.50,4050
31-Aug-12,13.80,13.80,13.50,13.80,4789
30-Aug-12,13.26,13.59,13.26,13.59,1300
29-Aug-12,13.20,13.57,13.15,13.57,9223
28-Aug-12,13.15,13.15,13.15,13.15,100
27-Aug-12,12.99,13.92,12.99,13.57,12554
24-Aug-12,13.00,13.00,12.95,13.00,400
23-Aug-12,13.00,13.00,12.78,13.00,3257
22-Aug-12,13.00,13.03,12.98,13.00,1389
21-Aug-12,12.80,13.00,12.80,13.00,6548
20-Aug-12,13.22,13.22,12.85,12.85,5080
17-Aug-12,12.85,12.85,12.85,12.85,0
16-Aug-12,12.93,12.93,12.85,12.85,2203
15-Aug-12,12.88,12.88,12.88,12.88,0
14-Aug-12,13.03,13.03,12.88,12.88,416
13-Aug-12,13.00,13.25,12.86,12.86,2700
10-Aug-12,12.92,13.00,12.92,13.00,4149
9-Aug-12,12.90,12.90,12.90,12.90,0
8-Aug-12,12.95,12.95,12.95,12.95,100
7-Aug-12,13.09,13.09,12.90,12.92,1100
6-Aug-12,12.90,13.00,12.90,12.90,2559
3-Aug-12,13.02,13.28,12.80,13.15,11308
2-Aug-12,12.62,12.75,12.62,12.75,300
1-Aug-12,13.02,13.05,12.72,13.00,3733
31-Jul-12,13.49,13.49,13.11,13.11,5937
30-Jul-12,13.55,13.55,13.55,13.55,600
27-Jul-12,13.60,13.60,13.60,13.60,100
26-Jul-12,13.68,13.68,13.68,13.68,576
25-Jul-12,13.79,13.80,13.56,13.72,2197
24-Jul-12,13.72,13.72,13.28,13.66,1000
23-Jul-12,13.85,13.85,13.85,13.85,100
20-Jul-12,13.35,13.46,13.04,13.04,10172
19-Jul-12,13.91,13.91,13.91,13.91,225
18-Jul-12,14.25,14.25,13.83,13.83,827
17-Jul-12,14.25,14.25,14.25,14.25,100
16-Jul-12,14.18,14.25,13.80,14.25,300
13-Jul-12,14.00,14.25,13.80,14.25,6325
12-Jul-12,13.76,13.89,13.50,13.89,739
11-Jul-12,13.63,13.85,13.63,13.85,500
10-Jul-12,13.57,13.57,13.45,13.45,335
9-Jul-12,13.67,13.85,13.28,13.30,3975
6-Jul-12,13.30,13.95,13.30,13.95,1499
5-Jul-12,13.56,13.56,13.56,13.56,0
3-Jul-12,13.13,14.00,13.13,13.56,4473
2-Jul-12,13.23,13.45,13.23,13.39,6712
29-Jun-12,13.10,13.10,12.88,13.10,3330
28-Jun-12,13.03,13.10,12.88,13.00,2448
27-Jun-12,12.98,13.15,12.98,13.15,2113
26-Jun-12,12.92,13.08,12.56,12.82,439
25-Jun-12,12.93,12.97,12.70,12.97,4949
22-Jun-12,13.99,13.99,12.93,13.03,11204
21-Jun-12,14.34,14.49,14.00,14.00,2867
20-Jun-12,12.87,14.50,12.87,14.50,706
19-Jun-12,13.13,13.13,12.54,12.62,6027
18-Jun-12,12.50,13.15,12.36,13.00,4778
15-Jun-12,12.17,12.45,12.17,12.45,3299
14-Jun-12,12.18,12.20,12.18,12.20,700
13-Jun-12,12.23,12.25,12.20,12.20,2113
12-Jun-12,12.16,12.35,12.16,12.25,22073
11-Jun-12,12.30,12.30,12.10,12.20,5298
8-Jun-12,12.15,12.25,12.09,12.20,4348
7-Jun-12,12.07,12.16,12.07,12.15,999
6-Jun-12,12.25,12.25,11.80,12.06,823
5-Jun-12,12.08,12.25,11.75,12.25,7312
4-Jun-12,11.89,12.10,11.86,12.10,3778
1-Jun-12,11.84,11.84,11.84,11.84,434
31-May-12,11.93,11.97,11.87,11.97,4200
30-May-12,11.79,11.88,11.79,11.88,500
29-May-12,12.10,12.10,11.57,11.80,4893
25-May-12,12.14,12.20,11.90,12.05,2357
24-May-12,12.12,12.14,12.12,12.14,1000
23-May-12,12.00,12.02,12.00,12.00,700
22-May-12,12.06,12.10,12.00,12.10,3548
21-May-12,12.25,12.25,12.00,12.02,5106
18-May-12,12.07,12.07,12.07,12.07,0
17-May-12,12.30,12.30,11.95,12.25,6686
16-May-12,11.94,12.35,11.94,12.35,3419
15-May-12,12.35,12.40,12.00,12.30,2888
14-May-12,12.25,12.40,12.21,12.40,12071
11-May-12,12.19,12.20,12.18,12.20,1423
10-May-12,11.93,12.02,11.93,12.00,1916
9-May-12,11.84,12.05,11.84,12.00,3235
8-May-12,11.75,12.00,11.75,12.00,2788
7-May-12,11.75,11.79,11.75,11.75,1000
4-May-12,11.97,12.43,11.61,11.61,2139
3-May-12,12.10,12.45,11.95,11.95,11472
2-May-12,11.87,12.23,11.87,11.95,7168
1-May-12,11.59,11.95,11.59,11.90,7116
30-Apr-12,11.91,11.91,11.52,11.52,253
27-Apr-12,11.90,11.93,11.50,11.93,1000
26-Apr-12,11.65,11.94,11.65,11.94,2000
25-Apr-12,11.63,11.63,11.63,11.63,200
24-Apr-12,11.38,11.52,11.38,11.50,2478
23-Apr-12,11.50,11.52,11.10,11.52,8024
20-Apr-12,11.69,11.69,11.69,11.69,0
19-Apr-12,11.69,11.69,11.69,11.69,0
18-Apr-12,11.69,11.69,11.69,11.69,0
17-Apr-12,11.70,11.85,11.63,11.69,1137
16-Apr-12,11.04,11.70,11.00,11.50,6905
13-Apr-12,11.50,11.69,11.14,11.14,3336
12-Apr-12,10.70,11.10,10.70,11.10,700
11-Apr-12,11.79,11.79,11.10,11.13,4945
10-Apr-12,11.69,11.69,11.69,11.69,312
9-Apr-12,11.81,11.89,11.50,11.89,513
5-Apr-12,12.14,12.14,11.51,11.90,28290
4-Apr-12,12.19,12.19,12.19,12.19,500
3-Apr-12,11.80,11.80,11.77,11.77,1527
2-Apr-12,12.00,12.00,11.56,11.90,5851
30-Mar-12,12.23,12.45,12.00,12.20,9138
29-Mar-12,12.20,12.20,12.17,12.17,489
28-Mar-12,12.20,12.22,12.17,12.17,1974
27-Mar-12,12.10,12.26,12.05,12.15,3311
26-Mar-12,12.00,12.10,12.00,12.05,2780
23-Mar-12,11.17,12.00,11.17,12.00,3598
22-Mar-12,11.41,11.50,11.03,11.03,2612
21-Mar-12,11.44,11.75,10.88,11.52,15626
20-Mar-12,11.06,11.45,11.06,11.28,1200
19-Mar-12,10.85,11.09,10.85,10.97,5875
16-Mar-12,10.43,10.94,10.43,10.62,3311
15-Mar-12,10.18,10.45,10.17,10.40,8867
14-Mar-12,10.23,10.24,10.00,10.00,2175
13-Mar-12,10.20,10.24,10.20,10.24,300
12-Mar-12,9.97,10.01,9.97,10.01,1100
9-Mar-12,10.08,10.08,10.08,10.08,0
8-Mar-12,10.04,10.04,10.04,10.04,200
7-Mar-12,9.80,10.07,9.80,9.98,2482
6-Mar-12,9.52,9.98,9.51,9.75,700
5-Mar-12,9.64,9.83,9.64,9.66,1700
2-Mar-12,9.65,9.87,9.61,9.85,1174
1-Mar-12,9.99,9.99,9.99,9.99,497
29-Feb-12,10.09,10.31,9.91,9.91,5669
28-Feb-12,10.12,10.12,10.12,10.12,0
27-Feb-12,10.21,10.30,9.72,10.04,4511
24-Feb-12,10.30,10.30,9.47,10.30,600
23-Feb-12,10.18,10.25,10.18,10.25,2890
22-Feb-12,9.92,10.33,9.74,10.09,5949
21-Feb-12,9.70,9.93,9.70,9.85,2589
17-Feb-12,9.65,9.93,9.59,9.78,1900
16-Feb-12,9.71,9.75,9.71,9.74,12001
15-Feb-12,9.60,9.75,9.50,9.50,2650
14-Feb-12,9.59,9.59,9.59,9.59,100
13-Feb-12,9.45,9.45,9.45,9.45,0
10-Feb-12,9.63,9.63,9.63,9.63,0
8-Feb-12,9.49,9.49,9.49,9.49,0
7-Feb-12,9.60,9.60,9.24,9.43,1848
6-Feb-12,9.34,9.80,9.34,9.79,3199
3-Feb-12,9.38,9.54,9.19,9.54,10162
1-Feb-12,9.30,9.30,9.30,9.30,0
31-Jan-12,9.08,9.99,9.08,9.18,12570
30-Jan-12,9.00,9.00,9.00,9.00,400
27-Jan-12,8.68,8.68,8.68,8.68,0
26-Jan-12,9.00,9.06,9.00,9.05,1600
25-Jan-12,9.13,9.18,9.13,9.18,3927
23-Jan-12,9.15,9.15,9.15,9.15,0
20-Jan-12,8.87,8.87,8.85,8.85,350
19-Jan-12,8.89,8.98,8.89,8.98,1367
17-Jan-12,8.91,8.91,8.91,8.91,0
13-Jan-12,8.85,8.85,8.85,8.85,0
12-Jan-12,9.00,9.08,8.97,9.08,2636
11-Jan-12,9.08,9.08,9.00,9.07,600
10-Jan-12,9.15,9.15,9.08,9.08,277
9-Jan-12,8.50,9.19,8.50,8.94,577
6-Jan-12,8.96,9.00,8.88,8.89,1738
5-Jan-12,8.98,8.98,8.81,8.83,1809
4-Jan-12,9.07,9.07,9.02,9.05,634
3-Jan-12,9.18,9.18,9.04,9.13,1500
30-Dec-11,9.10,9.10,9.10,9.10,0
29-Dec-11,8.82,9.09,8.69,9.09,3100
28-Dec-11,8.77,9.09,8.77,8.91,3675
27-Dec-11,9.10,9.10,8.60,8.72,2674
23-Dec-11,8.84,8.84,8.84,8.84,0
22-Dec-11,8.82,8.82,8.82,8.82,0
21-Dec-11,8.91,9.06,8.76,9.06,20744
20-Dec-11,8.75,8.82,8.73,8.82,1040
19-Dec-11,8.73,8.75,8.73,8.73,600
16-Dec-11,8.42,8.75,8.42,8.75,3200
15-Dec-11,8.55,8.67,8.50,8.65,5867
13-Dec-11,8.52,8.52,8.52,8.52,0
12-Dec-11,8.75,8.82,8.75,8.75,872
9-Dec-11,9.00,9.00,8.93,8.93,1100
8-Dec-11,8.93,8.93,8.93,8.93,0
7-Dec-11,9.05,9.05,8.97,8.98,500
6-Dec-11,9.10,9.10,9.10,9.10,576
1-Dec-11,8.95,8.95,8.95,8.95,0
30-Nov-11,9.10,9.10,8.95,8.99,2000
29-Nov-11,8.95,9.00,8.95,8.95,983
28-Nov-11,8.95,8.95,8.95,8.95,0
25-Nov-11,8.91,8.91,8.91,8.91,0
23-Nov-11,9.01,9.01,9.01,9.01,0
22-Nov-11,8.97,8.97,8.97,8.97,145
21-Nov-11,9.04,9.04,9.04,9.04,399
18-Nov-11,9.02,9.02,9.02,9.02,0
17-Nov-11,8.97,8.97,8.97,8.97,0
16-Nov-11,8.96,8.96,8.96,8.96,200
15-Nov-11,8.95,8.95,8.95,8.95,0
14-Nov-11,9.03,9.03,9.03,9.03,0
11-Nov-11,9.01,9.01,8.95,8.96,3700
10-Nov-11,9.01,9.01,8.95,8.95,600
9-Nov-11,9.10,9.10,8.97,8.97,493
8-Nov-11,9.01,9.01,8.97,9.01,1012
7-Nov-11,8.96,9.00,8.95,8.95,3411
4-Nov-11,8.96,9.01,8.96,9.01,311
3-Nov-11,9.05,9.08,8.97,9.04,11200
2-Nov-11,9.05,9.05,8.93,8.93,2600
1-Nov-11,8.95,9.05,8.95,9.05,750
31-Oct-11,8.90,8.90,8.90,8.90,0
28-Oct-11,9.06,9.06,8.85,9.05,1000
27-Oct-11,9.09,9.10,8.92,8.99,2583
25-Oct-11,9.03,9.03,9.03,9.03,0
24-Oct-11,9.12,9.17,8.96,9.17,2524
21-Oct-11,8.94,8.94,8.94,8.94,300
20-Oct-11,8.95,9.01,8.95,9.01,4475
19-Oct-11,9.10,9.15,9.04,9.10,4200
18-Oct-11,8.95,9.22,8.92,9.10,3364
13-Oct-11,8.98,8.98,8.98,8.98,0
12-Oct-11,9.00,9.10,8.98,9.00,27994
11-Oct-11,9.00,9.00,9.00,9.00,400
10-Oct-11,8.97,9.10,8.97,9.10,5855
7-Oct-11,8.94,8.94,8.94,8.94,100
6-Oct-11,9.23,9.23,9.23,9.23,300
4-Oct-11,8.78,8.78,8.78,8.78,0
3-Oct-11,8.75,9.00,8.75,9.00,321
30-Sep-11,8.92,8.92,8.77,8.77,700
