Date,Open,High,Low,Close,Volume
27-Sep-12,7.00,7.00,7.00,7.00,0
26-Sep-12,6.90,7.25,6.87,6.99,18404
25-Sep-12,6.82,7.02,6.62,6.97,4870
24-Sep-12,6.92,6.92,6.88,6.88,966
21-Sep-12,6.87,6.87,6.87,6.87,1823
20-Sep-12,7.25,7.25,6.81,7.03,3215
19-Sep-12,6.96,7.25,6.96,7.25,1300
18-Sep-12,7.10,7.10,7.10,7.10,315
17-Sep-12,7.10,7.10,7.10,7.10,302
14-Sep-12,7.17,7.17,7.00,7.00,645
13-Sep-12,7.01,7.20,6.77,7.07,4525
12-Sep-12,6.90,7.10,6.90,7.02,1000
11-Sep-12,6.74,6.74,6.74,6.74,352
10-Sep-12,6.94,6.94,6.74,6.74,1456
7-Sep-12,6.82,6.82,6.70,6.70,750
6-Sep-12,7.30,7.30,6.53,6.53,609
5-Sep-12,7.30,7.48,7.10,7.35,6206
4-Sep-12,7.15,7.47,7.15,7.47,6594
31-Aug-12,7.40,7.40,6.95,7.19,8159
30-Aug-12,7.31,7.31,7.31,7.31,0
29-Aug-12,7.07,7.70,7.01,7.31,12150
28-Aug-12,7.10,7.10,7.09,7.09,1150
27-Aug-12,7.14,7.14,6.85,7.14,3025
24-Aug-12,7.07,7.15,7.05,7.15,12700
23-Aug-12,7.13,7.13,7.00,7.12,8050
22-Aug-12,6.56,7.16,6.56,7.07,8879
21-Aug-12,6.94,6.94,6.94,6.94,0
20-Aug-12,6.95,7.01,6.31,7.01,16084
17-Aug-12,7.12,7.12,6.95,7.04,9764
16-Aug-12,6.96,7.21,6.95,7.21,840
15-Aug-12,7.00,7.14,7.00,7.14,200
14-Aug-12,7.05,7.05,7.05,7.05,1000
13-Aug-12,7.02,7.02,7.02,7.02,0
10-Aug-12,7.00,7.00,7.00,7.00,991
9-Aug-12,7.23,7.23,7.00,7.05,2100
8-Aug-12,7.04,7.10,7.00,7.05,2173
7-Aug-12,7.23,7.23,7.00,7.00,271
6-Aug-12,7.17,7.17,7.00,7.14,7556
3-Aug-12,7.17,7.22,6.62,7.04,18642
2-Aug-12,7.10,7.16,6.75,7.16,9483
1-Aug-12,7.08,7.50,6.98,7.12,9835
31-Jul-12,7.33,7.35,7.10,7.10,18676
30-Jul-12,7.35,7.35,7.31,7.34,5568
27-Jul-12,6.98,7.24,6.98,7.23,2542
26-Jul-12,7.25,7.25,7.15,7.20,6479
25-Jul-12,7.00,7.35,7.00,7.35,22130
24-Jul-12,7.00,7.35,6.98,6.98,2214
23-Jul-12,7.42,7.48,6.98,7.25,5565
20-Jul-12,7.75,7.78,7.20,7.42,8900
19-Jul-12,7.57,7.70,6.17,7.70,14033
18-Jul-12,7.50,7.75,7.45,7.47,15124
17-Jul-12,7.73,7.73,7.47,7.50,12547
16-Jul-12,7.60,7.60,7.55,7.60,7331
13-Jul-12,7.70,7.70,7.16,7.60,3975
12-Jul-12,7.25,7.36,7.23,7.36,2187
11-Jul-12,7.30,7.50,7.14,7.23,3816
10-Jul-12,7.75,7.75,6.92,7.20,10297
9-Jul-12,7.04,8.02,7.04,7.88,42533
6-Jul-12,7.25,7.87,6.76,7.01,7859
5-Jul-12,7.25,7.25,7.20,7.25,3400
3-Jul-12,6.83,7.25,6.83,7.25,17028
2-Jul-12,6.96,6.99,6.79,6.82,1700
29-Jun-12,7.02,7.14,6.77,6.99,4488
28-Jun-12,7.13,7.13,6.90,7.00,5194
27-Jun-12,6.95,7.22,6.66,7.21,17595
26-Jun-12,7.00,7.00,6.55,6.95,17216
25-Jun-12,6.56,6.98,6.34,6.98,26257
22-Jun-12,5.77,7.00,5.61,6.98,22465
21-Jun-12,5.88,5.90,5.75,5.83,2298
20-Jun-12,5.75,6.00,5.75,5.76,2396
19-Jun-12,5.95,5.98,5.70,5.70,3100
18-Jun-12,5.98,5.98,5.65,5.65,1950
15-Jun-12,5.61,6.00,5.55,6.00,1881
14-Jun-12,5.70,5.71,5.50,5.52,9100
13-Jun-12,5.90,5.90,5.72,5.72,3700
12-Jun-12,6.00,6.00,5.80,5.80,6550
11-Jun-12,6.00,6.00,6.00,6.00,928
8-Jun-12,5.91,5.91,5.91,5.91,146
7-Jun-12,5.82,6.00,5.82,5.91,2300
6-Jun-12,5.85,5.85,5.74,5.81,5241
5-Jun-12,5.70,5.84,5.68,5.84,2191
4-Jun-12,5.65,5.75,5.61,5.75,1168
1-Jun-12,5.72,5.83,5.70,5.70,4700
31-May-12,5.98,5.98,5.80,5.83,2549
30-May-12,5.86,5.99,5.85,5.99,4400
29-May-12,6.06,6.06,5.91,5.91,5585
25-May-12,5.97,6.00,5.93,5.95,28248
24-May-12,5.94,5.95,5.70,5.95,3122
23-May-12,5.80,5.99,5.70,5.95,8600
22-May-12,5.80,5.80,5.78,5.80,2561
21-May-12,5.80,5.80,5.50,5.78,8039
18-May-12,5.77,5.85,5.75,5.78,11442
17-May-12,5.99,5.99,5.61,5.82,2330
16-May-12,6.00,6.00,5.75,6.00,16292
15-May-12,5.89,5.90,5.83,5.83,10440
14-May-12,5.66,5.80,5.65,5.80,3999
11-May-12,5.66,5.75,5.63,5.63,1322
10-May-12,5.80,5.80,5.69,5.80,1265
9-May-12,5.80,5.81,5.75,5.81,2361
8-May-12,5.80,6.00,5.56,5.62,3363
7-May-12,5.79,5.80,5.60,5.79,5417
4-May-12,5.82,5.82,5.48,5.52,8634
3-May-12,5.67,5.90,5.35,5.90,14290
2-May-12,4.87,5.44,4.87,5.39,9701
1-May-12,4.80,4.85,4.70,4.85,13591
30-Apr-12,4.67,4.85,4.67,4.80,4962
27-Apr-12,4.49,4.62,4.49,4.62,5900
26-Apr-12,4.49,4.53,4.28,4.46,7520
25-Apr-12,4.00,5.00,3.99,4.56,27985
24-Apr-12,3.95,3.95,3.95,3.95,300
23-Apr-12,3.93,3.93,3.83,3.83,1100
20-Apr-12,4.00,4.00,4.00,4.00,4940
19-Apr-12,3.94,3.94,3.94,3.94,300
18-Apr-12,4.00,4.00,4.00,4.00,0
17-Apr-12,3.98,4.00,3.98,3.99,3400
16-Apr-12,3.87,3.87,3.87,3.87,500
13-Apr-12,3.81,4.00,3.81,3.85,13610
12-Apr-12,3.80,3.80,3.80,3.80,413
11-Apr-12,3.85,3.85,3.85,3.85,185
10-Apr-12,3.87,3.87,3.81,3.83,4500
9-Apr-12,3.91,3.91,3.90,3.90,4255
5-Apr-12,3.92,3.92,3.92,3.92,2400
4-Apr-12,3.92,3.99,3.92,3.93,5591
3-Apr-12,3.90,4.00,3.90,3.91,3073
2-Apr-12,3.95,3.95,3.90,3.90,2474
30-Mar-12,3.95,3.95,3.95,3.95,2173
29-Mar-12,3.90,3.90,3.90,3.90,0
28-Mar-12,3.90,3.90,3.88,3.90,3715
27-Mar-12,3.89,3.90,3.89,3.90,1850
26-Mar-12,3.81,3.81,3.80,3.80,1896
23-Mar-12,3.90,3.90,3.90,3.90,500
22-Mar-12,3.81,3.81,3.81,3.81,0
21-Mar-12,3.71,3.82,3.70,3.81,7410
20-Mar-12,3.88,3.88,3.88,3.88,1050
19-Mar-12,3.96,4.00,3.96,3.99,3765
16-Mar-12,3.88,4.00,3.88,4.00,4780
15-Mar-12,3.93,3.93,3.93,3.93,265
14-Mar-12,3.86,3.86,3.85,3.85,1163
13-Mar-12,3.96,3.96,3.89,3.90,500
12-Mar-12,3.88,3.88,3.88,3.88,0
9-Mar-12,3.88,3.88,3.88,3.88,0
8-Mar-12,3.90,3.98,3.88,3.98,2300
7-Mar-12,3.77,3.88,3.77,3.88,1023
6-Mar-12,3.94,3.95,3.80,3.95,1661
5-Mar-12,3.95,3.95,3.95,3.95,600
2-Mar-12,3.85,3.85,3.85,3.85,100
1-Mar-12,3.98,3.99,3.75,3.83,14648
29-Feb-12,3.65,3.90,3.65,3.75,1459
28-Feb-12,3.61,3.67,3.61,3.61,1200
27-Feb-12,3.55,3.55,3.55,3.55,1325
24-Feb-12,3.57,3.60,3.55,3.55,5890
23-Feb-12,3.53,3.53,3.53,3.53,300
22-Feb-12,3.54,3.54,3.54,3.54,300
21-Feb-12,3.55,3.60,3.55,3.55,1700
17-Feb-12,3.55,3.55,3.55,3.55,500
16-Feb-12,3.45,3.51,3.38,3.47,11946
15-Feb-12,3.60,3.77,3.45,3.45,6900
14-Feb-12,3.61,3.61,3.60,3.60,564
13-Feb-12,3.53,3.61,3.53,3.60,8120
10-Feb-12,3.42,3.48,3.39,3.48,2190
9-Feb-12,3.43,3.43,3.39,3.39,1546
8-Feb-12,3.60,3.62,3.39,3.39,2259
7-Feb-12,3.63,3.63,3.39,3.60,6400
6-Feb-12,3.60,3.62,3.60,3.62,4021
3-Feb-12,3.52,3.52,3.52,3.52,0
2-Feb-12,3.20,3.51,3.20,3.32,10396
1-Feb-12,3.10,3.10,2.95,2.97,2100
31-Jan-12,3.14,3.15,3.10,3.15,6094
30-Jan-12,3.01,3.01,2.95,2.95,2600
27-Jan-12,3.01,3.01,2.99,3.00,2200
26-Jan-12,3.05,3.05,3.02,3.02,1400
20-Jan-12,3.01,3.01,3.01,3.01,0
18-Jan-12,2.89,2.89,2.89,2.89,0
17-Jan-12,2.97,3.02,2.90,2.91,6186
12-Jan-12,3.02,3.02,3.02,3.02,0
10-Jan-12,3.00,3.00,3.00,3.00,0
9-Jan-12,2.85,2.85,2.77,2.83,590
6-Jan-12,2.79,2.85,2.79,2.81,4602
5-Jan-12,2.78,2.85,2.77,2.77,5500
4-Jan-12,2.70,2.70,2.70,2.70,100
3-Jan-12,2.71,2.71,2.71,2.71,0
30-Dec-11,2.63,2.63,2.63,2.63,0
29-Dec-11,2.70,2.70,2.64,2.65,2696
28-Dec-11,2.75,2.76,2.70,2.75,3450
27-Dec-11,2.90,2.95,2.87,2.87,1300
23-Dec-11,2.90,2.90,2.90,2.90,0
22-Dec-11,2.92,3.01,2.92,3.00,5500
21-Dec-11,2.90,2.90,2.90,2.90,730
20-Dec-11,2.98,2.98,2.90,2.90,10152
19-Dec-11,3.05,3.15,3.00,3.00,3321
16-Dec-11,3.15,3.15,3.15,3.15,285
15-Dec-11,3.15,3.20,3.15,3.18,2626
14-Dec-11,3.00,3.26,3.00,3.15,4700
13-Dec-11,3.06,3.06,2.97,3.01,300
12-Dec-11,2.99,2.99,2.99,2.99,200
9-Dec-11,2.95,3.05,2.70,3.05,3075
8-Dec-11,2.85,2.85,2.85,2.85,746
6-Dec-11,2.73,2.73,2.73,2.73,0
5-Dec-11,2.90,2.90,2.60,2.61,10046
2-Dec-11,3.10,3.11,2.84,2.85,7822
1-Dec-11,3.11,3.11,2.75,3.00,17915
30-Nov-11,3.02,3.18,3.00,3.13,3155
29-Nov-11,3.05,3.05,2.99,2.99,2399
28-Nov-11,3.20,3.20,2.95,3.00,800
25-Nov-11,2.99,2.99,2.99,2.99,500
23-Nov-11,2.97,2.97,2.97,2.97,0
21-Nov-11,2.96,2.96,2.96,2.96,0
18-Nov-11,3.20,3.20,3.20,3.20,0
15-Nov-11,3.12,3.12,3.12,3.12,0
14-Nov-11,3.24,3.24,3.06,3.06,875
11-Nov-11,3.03,3.25,3.01,3.25,2000
10-Nov-11,3.00,3.02,3.00,3.00,5021
9-Nov-11,3.02,3.02,3.01,3.01,700
8-Nov-11,3.05,3.24,3.03,3.24,3500
7-Nov-11,2.90,3.23,2.90,3.23,8175
3-Nov-11,2.95,2.95,2.95,2.95,0
2-Nov-11,3.09,3.09,3.00,3.03,4190
1-Nov-11,3.00,3.02,3.00,3.01,3400
31-Oct-11,3.09,3.10,3.01,3.10,5043
28-Oct-11,3.08,3.08,3.07,3.07,300
27-Oct-11,2.66,2.66,2.66,2.66,0
26-Oct-11,2.97,2.97,2.84,2.85,1383
25-Oct-11,3.01,3.01,2.54,2.70,7807
24-Oct-11,2.75,2.77,2.75,2.76,900
21-Oct-11,2.74,2.75,2.74,2.75,1400
18-Oct-11,2.75,2.75,2.75,2.75,0
17-Oct-11,2.73,2.73,2.73,2.73,400
14-Oct-11,2.69,2.69,2.69,2.69,800
13-Oct-11,2.73,2.73,2.73,2.73,0
12-Oct-11,2.60,2.70,2.60,2.70,2382
11-Oct-11,2.59,2.60,2.54,2.60,1000
10-Oct-11,2.69,2.73,2.69,2.73,4200
7-Oct-11,2.63,2.63,2.62,2.62,500
6-Oct-11,2.55,2.70,2.55,2.56,3500
5-Oct-11,2.65,2.66,2.54,2.54,4278
4-Oct-11,2.65,2.65,2.65,2.65,0
3-Oct-11,2.64,2.64,2.64,2.64,0
30-Sep-11,2.70,2.70,2.70,2.70,2092
