Date,Open,High,Low,Close,Volume
27-Sep-12,14.71,14.79,14.27,14.35,1054854
26-Sep-12,14.88,15.08,14.34,14.62,1237462
25-Sep-12,15.28,15.36,14.87,14.90,1336986
24-Sep-12,15.34,15.39,15.01,15.18,2179836
21-Sep-12,15.77,15.92,15.28,15.39,743400
20-Sep-12,15.85,16.02,15.62,15.74,357433
19-Sep-12,16.11,16.38,15.86,15.90,308023
18-Sep-12,16.30,16.51,16.08,16.13,284474
17-Sep-12,16.64,16.65,16.25,16.36,280234
14-Sep-12,16.24,16.90,16.11,16.60,426280
13-Sep-12,16.38,16.45,16.08,16.18,308511
12-Sep-12,16.36,16.52,16.25,16.35,315825
11-Sep-12,16.05,16.37,15.95,16.31,339187
10-Sep-12,15.95,16.19,15.85,16.01,255176
7-Sep-12,15.44,16.00,15.32,15.97,1153176
6-Sep-12,15.38,15.76,15.29,15.48,1477115
5-Sep-12,15.09,15.40,14.95,15.30,890852
4-Sep-12,14.13,15.32,14.08,15.20,1705399
31-Aug-12,15.04,15.55,14.91,15.35,1842616
30-Aug-12,14.91,15.01,14.76,14.93,679948
29-Aug-12,14.83,15.03,14.67,15.00,566481
28-Aug-12,14.58,14.87,14.47,14.81,713900
27-Aug-12,14.91,14.91,14.57,14.58,965631
24-Aug-12,14.86,15.06,14.74,14.80,764504
23-Aug-12,14.87,15.07,14.66,14.90,957375
22-Aug-12,15.09,15.20,14.85,14.89,1159801
21-Aug-12,14.57,15.30,14.32,15.13,1822995
20-Aug-12,15.00,15.04,14.39,14.51,1940894
17-Aug-12,15.00,15.18,14.84,15.03,1458764
16-Aug-12,15.05,15.29,14.81,14.99,1890224
15-Aug-12,14.69,15.12,14.52,14.96,1613353
14-Aug-12,14.79,14.94,14.58,14.78,1031876
13-Aug-12,14.80,15.08,14.57,14.76,840211
10-Aug-12,14.80,15.15,14.68,14.80,997550
9-Aug-12,14.66,15.08,14.61,14.89,1512599
8-Aug-12,14.76,14.87,14.50,14.66,1486033
7-Aug-12,14.71,15.35,14.71,14.83,1997668
6-Aug-12,14.33,14.80,14.29,14.68,1416984
3-Aug-12,13.35,14.94,13.22,14.52,5049206
2-Aug-12,13.63,13.71,12.83,13.33,3176737
1-Aug-12,13.03,13.52,12.98,13.41,2027668
31-Jul-12,13.13,13.49,13.07,13.38,1509964
30-Jul-12,13.28,13.30,13.01,13.28,1164335
27-Jul-12,13.11,13.29,12.97,13.23,1167505
26-Jul-12,13.17,13.19,12.87,13.05,2747647
25-Jul-12,12.63,13.18,12.51,12.96,2765339
24-Jul-12,12.47,12.83,12.47,12.62,3399244
23-Jul-12,12.32,12.67,11.94,12.58,3937953
20-Jul-12,11.46,12.55,11.40,12.50,8464590
19-Jul-12,10.15,11.61,10.03,11.60,9039623
18-Jul-12,11.84,11.85,9.91,10.01,31507895
17-Jul-12,17.60,17.80,17.42,17.65,1091066
16-Jul-12,17.49,17.63,17.28,17.55,762860
13-Jul-12,17.46,17.68,17.43,17.51,812609
12-Jul-12,17.78,17.84,17.20,17.41,877776
11-Jul-12,18.02,18.33,17.87,17.98,959307
10-Jul-12,18.25,18.46,17.92,18.04,996241
9-Jul-12,18.39,18.44,17.95,18.13,826229
6-Jul-12,18.93,18.96,18.25,18.41,850828
5-Jul-12,18.87,19.26,18.64,19.14,1031234
3-Jul-12,18.73,19.08,18.73,18.91,633344
2-Jul-12,19.56,19.71,18.68,18.80,1718502
29-Jun-12,19.96,20.09,19.50,19.62,1203875
28-Jun-12,19.37,19.60,19.01,19.56,644475
27-Jun-12,19.56,19.67,19.27,19.53,973941
26-Jun-12,19.40,19.72,19.32,19.48,1324904
25-Jun-12,20.20,20.23,19.33,19.39,1614649
22-Jun-12,21.27,21.50,20.53,20.55,3463453
21-Jun-12,21.75,21.90,21.15,21.27,1282350
20-Jun-12,21.31,21.85,21.24,21.79,933813
19-Jun-12,20.98,21.70,20.83,21.35,1941656
18-Jun-12,20.91,21.17,20.76,20.80,1485346
15-Jun-12,21.20,21.29,20.92,21.14,1628311
14-Jun-12,21.47,21.49,20.86,21.16,1294681
13-Jun-12,22.23,22.35,21.36,21.46,1938767
12-Jun-12,22.32,22.56,22.09,22.35,721296
11-Jun-12,23.65,23.76,22.23,22.27,842022
8-Jun-12,23.22,23.51,22.83,23.41,1086110
7-Jun-12,24.53,24.55,23.31,23.35,1295465
6-Jun-12,24.30,24.64,24.04,24.12,1215745
5-Jun-12,23.07,24.13,23.04,24.04,538402
4-Jun-12,23.57,23.76,22.92,23.30,1077852
1-Jun-12,23.80,24.10,23.31,23.48,1106282
31-May-12,25.05,25.05,23.88,24.43,1522915
30-May-12,25.32,25.32,24.70,25.02,611602
29-May-12,25.50,25.94,25.18,25.63,631530
25-May-12,24.74,25.25,24.72,25.19,529846
24-May-12,24.64,24.82,24.34,24.80,1124933
23-May-12,25.00,25.08,24.16,24.52,2235810
22-May-12,25.97,26.02,25.02,25.25,896401
21-May-12,24.67,25.90,24.36,25.88,688072
18-May-12,25.12,25.25,24.50,24.60,932977
17-May-12,25.71,25.78,24.98,24.98,1089743
16-May-12,26.05,26.49,25.72,25.74,761839
15-May-12,26.18,26.35,25.78,25.89,664223
14-May-12,25.94,26.36,25.85,26.13,705517
11-May-12,25.88,26.58,25.81,26.32,1283731
10-May-12,26.70,26.94,25.98,26.10,991189
9-May-12,26.13,26.66,25.97,26.46,1051527
8-May-12,26.56,26.73,25.68,26.54,1362392
7-May-12,26.64,26.95,26.55,26.80,1976222
4-May-12,25.21,27.07,23.32,26.86,6143717
3-May-12,28.39,28.54,27.79,28.25,1608629
2-May-12,28.51,28.93,28.22,28.46,1719801
1-May-12,28.62,29.59,28.53,28.89,1326146
30-Apr-12,29.13,29.19,28.55,28.64,626025
27-Apr-12,29.23,29.50,28.82,29.26,518596
26-Apr-12,28.85,29.34,28.58,29.07,571315
25-Apr-12,28.37,29.02,28.21,28.95,619213
24-Apr-12,28.24,28.24,27.83,27.96,529957
23-Apr-12,28.15,28.36,27.75,28.26,728301
20-Apr-12,28.96,29.16,28.29,28.50,888220
19-Apr-12,29.42,29.87,28.60,28.75,952218
18-Apr-12,29.52,29.86,29.27,29.48,523341
17-Apr-12,29.09,30.32,28.96,29.78,1302954
16-Apr-12,29.27,29.64,28.67,28.81,1031002
13-Apr-12,29.89,30.23,29.14,29.18,1145881
12-Apr-12,29.65,30.24,29.54,30.08,1563916
11-Apr-12,29.94,29.98,29.48,29.62,2025885
10-Apr-12,30.95,31.00,29.61,29.66,1524317
9-Apr-12,31.20,31.35,30.66,30.99,1137188
5-Apr-12,32.18,32.28,31.41,31.79,832349
4-Apr-12,31.99,32.54,31.56,32.32,909823
3-Apr-12,32.99,33.46,32.08,32.40,1250416
2-Apr-12,32.38,33.01,31.89,33.00,1438089
30-Mar-12,31.85,32.68,31.76,32.55,1625138
29-Mar-12,31.90,31.98,31.31,31.69,1154428
28-Mar-12,32.48,32.72,31.88,32.26,694668
27-Mar-12,33.21,33.23,32.36,32.53,865524
26-Mar-12,32.89,33.58,32.50,33.07,1495350
23-Mar-12,32.74,32.98,31.51,32.45,2053819
22-Mar-12,33.01,33.39,32.54,32.73,2027686
21-Mar-12,33.46,34.01,33.04,33.17,798033
20-Mar-12,33.73,33.80,32.96,33.35,849888
19-Mar-12,33.93,34.50,33.66,33.94,693685
16-Mar-12,33.91,34.41,33.65,33.91,1509864
15-Mar-12,34.04,34.38,33.43,33.94,1660150
14-Mar-12,34.40,34.88,33.70,33.88,781325
13-Mar-12,33.72,34.61,33.60,34.59,540809
12-Mar-12,34.27,34.27,33.35,33.66,734780
9-Mar-12,34.07,34.77,33.86,34.25,609240
8-Mar-12,33.34,33.99,33.13,33.91,823603
7-Mar-12,32.27,33.39,32.07,32.98,1755908
6-Mar-12,33.79,33.97,32.06,32.09,2043269
5-Mar-12,35.13,35.33,33.91,34.01,1368627
2-Mar-12,35.04,35.70,34.85,35.27,1219506
1-Mar-12,35.61,36.18,35.50,35.62,1068541
29-Feb-12,35.99,36.15,35.39,35.48,1723101
28-Feb-12,36.17,36.50,35.67,35.88,793857
27-Feb-12,35.32,36.28,35.28,36.06,1468376
24-Feb-12,34.50,35.71,34.38,35.62,1325094
23-Feb-12,34.25,34.72,33.94,34.37,726319
22-Feb-12,34.52,35.11,34.15,34.22,842022
21-Feb-12,35.25,35.41,34.22,34.46,1138032
17-Feb-12,35.20,37.75,35.16,35.21,4832942
16-Feb-12,34.04,35.18,33.73,34.36,2256170
15-Feb-12,34.30,34.65,33.88,34.15,932215
14-Feb-12,33.95,34.47,33.61,34.09,742938
13-Feb-12,33.60,34.18,33.35,34.17,1112002
10-Feb-12,33.86,33.99,32.91,33.06,813908
9-Feb-12,33.45,34.25,32.98,34.24,1316592
8-Feb-12,33.81,34.02,32.63,33.47,1321764
7-Feb-12,33.98,34.35,33.53,33.81,1073426
6-Feb-12,34.55,34.86,33.44,34.02,1302294
3-Feb-12,33.79,35.00,33.66,34.86,2211923
2-Feb-12,33.16,33.87,32.80,33.38,1169315
1-Feb-12,32.10,33.33,31.79,33.19,2156838
31-Jan-12,32.25,32.36,31.28,32.09,2112183
30-Jan-12,30.30,32.38,30.30,32.11,2563969
27-Jan-12,29.75,30.72,29.32,30.62,948497
26-Jan-12,29.71,31.00,29.61,29.94,1179867
25-Jan-12,29.94,29.94,29.10,29.49,1094359
24-Jan-12,28.95,30.03,28.50,29.84,1768351
23-Jan-12,29.89,30.35,28.59,29.06,1574141
20-Jan-12,29.84,30.28,29.58,29.80,1534269
19-Jan-12,30.50,30.79,29.59,29.95,2339884
18-Jan-12,29.82,30.42,29.50,30.34,2139438
17-Jan-12,31.22,31.29,29.57,29.76,2051679
13-Jan-12,30.39,30.39,30.39,30.39,0
12-Jan-12,27.04,27.65,26.72,27.51,1751478
11-Jan-12,26.36,26.93,26.23,26.73,2234092
10-Jan-12,25.48,26.80,25.44,26.45,1630913
9-Jan-12,24.76,25.21,24.58,25.11,1012376
6-Jan-12,24.84,25.08,24.49,24.61,607675
5-Jan-12,24.06,25.30,24.02,24.89,924484
4-Jan-12,24.42,24.66,23.90,24.22,725234
3-Jan-12,25.15,25.73,24.52,24.56,970853
30-Dec-11,24.58,24.58,24.58,24.58,0
29-Dec-11,23.87,24.50,23.76,24.35,780341
28-Dec-11,23.91,23.91,23.91,23.91,0
27-Dec-11,24.53,24.85,24.05,24.56,880405
23-Dec-11,24.64,24.64,24.64,24.64,0
22-Dec-11,24.41,25.52,24.28,25.24,2219779
21-Dec-11,24.08,24.33,23.20,24.27,3067809
20-Dec-11,24.09,24.09,24.09,24.09,0
19-Dec-11,23.96,24.30,23.58,23.71,1807455
16-Dec-11,24.40,24.63,23.60,23.83,3407599
15-Dec-11,24.74,24.77,24.19,24.39,2202180
14-Dec-11,25.22,25.37,24.34,24.56,2683776
13-Dec-11,26.61,26.80,25.26,25.57,1840925
12-Dec-11,26.38,26.38,26.38,26.38,0
9-Dec-11,26.49,27.13,26.30,26.87,1633704
8-Dec-11,26.58,26.84,26.09,26.30,2216289
7-Dec-11,26.85,27.05,26.30,26.73,1335358
6-Dec-11,27.15,27.23,26.72,27.06,1716517
5-Dec-11,27.62,27.82,26.80,27.02,2204280
2-Dec-11,27.85,28.03,27.20,27.21,1358397
1-Dec-11,27.65,27.85,27.36,27.50,2118170
30-Nov-11,27.77,27.89,27.39,27.75,2880370
29-Nov-11,26.99,27.32,26.66,26.94,1555775
28-Nov-11,26.94,27.75,26.38,26.84,960036
25-Nov-11,26.07,26.66,25.92,26.00,478131
23-Nov-11,26.05,26.05,26.05,26.05,0
22-Nov-11,27.20,27.45,27.01,27.25,1653844
21-Nov-11,27.14,27.52,26.92,27.22,3380501
18-Nov-11,27.87,28.34,27.57,27.59,2872805
17-Nov-11,29.37,29.39,27.45,27.56,4279057
16-Nov-11,30.86,31.17,29.02,29.09,3710621
15-Nov-11,30.54,31.46,30.30,31.22,2271391
14-Nov-11,29.55,30.98,29.43,30.80,3763159
11-Nov-11,28.69,29.84,28.66,29.77,6155206
10-Nov-11,28.87,29.27,27.50,28.37,8048402
9-Nov-11,33.00,33.00,28.00,28.23,22384529
8-Nov-11,46.03,47.10,45.64,46.02,2162322
7-Nov-11,47.69,47.76,45.00,45.86,1893778
4-Nov-11,48.40,48.40,47.22,48.17,701843
3-Nov-11,47.89,48.87,46.88,48.75,796963
2-Nov-11,47.72,47.98,46.50,47.14,1212505
1-Nov-11,48.36,48.39,46.58,46.99,1744162
31-Oct-11,49.22,50.45,48.59,49.54,1465789
28-Oct-11,50.87,51.78,49.61,49.81,1285356
27-Oct-11,49.86,51.83,49.31,51.25,1270401
26-Oct-11,49.06,49.21,47.58,48.35,803778
25-Oct-11,49.51,49.60,48.42,48.56,781327
24-Oct-11,47.91,49.70,47.90,49.69,632780
21-Oct-11,47.98,48.00,46.80,47.85,1320230
20-Oct-11,49.49,49.98,46.87,47.44,2235679
19-Oct-11,49.96,50.77,49.28,49.61,1284870
18-Oct-11,49.42,50.21,48.76,50.01,728119
17-Oct-11,50.06,50.39,49.10,49.36,1016416
14-Oct-11,49.52,50.53,49.01,50.40,1944114
13-Oct-11,47.33,49.13,47.33,49.04,907262
12-Oct-11,46.50,48.44,46.38,47.59,949502
11-Oct-11,45.75,46.57,45.67,46.22,493226
10-Oct-11,44.82,46.30,44.72,46.14,594341
7-Oct-11,45.00,45.02,43.68,44.12,793648
6-Oct-11,43.31,44.88,42.71,44.80,747721
5-Oct-11,41.95,43.61,41.47,43.41,1114044
4-Oct-11,39.22,42.03,38.79,41.96,1669015
3-Oct-11,42.62,42.92,39.59,39.80,1651982
30-Sep-11,42.75,43.88,42.75,42.98,1152027
29-Sep-11,44.71,44.76,42.43,43.40,617410
