Date,Open,High,Low,Close,Volume
27-Sep-12,11.43,11.55,11.30,11.44,128105
26-Sep-12,11.57,11.59,11.17,11.35,167911
25-Sep-12,11.79,11.83,11.60,11.64,556166
24-Sep-12,11.92,11.96,11.71,11.76,315806
21-Sep-12,12.14,12.14,11.85,11.95,139182
20-Sep-12,12.02,12.13,11.85,11.96,77152
19-Sep-12,12.18,12.23,11.95,12.06,66251
18-Sep-12,12.15,12.36,12.11,12.22,80196
17-Sep-12,12.49,12.49,12.06,12.15,59443
14-Sep-12,12.45,12.54,12.39,12.51,60411
13-Sep-12,12.21,12.50,12.07,12.38,38965
12-Sep-12,12.26,12.29,12.11,12.21,27806
11-Sep-12,12.09,12.35,12.09,12.23,31094
10-Sep-12,12.40,12.40,12.08,12.09,51139
7-Sep-12,12.51,12.63,12.29,12.39,147617
6-Sep-12,12.10,12.54,11.98,12.49,169013
5-Sep-12,11.89,12.22,11.81,12.08,353360
4-Sep-12,11.69,12.16,11.56,11.92,207826
31-Aug-12,11.70,11.88,11.65,11.74,177808
30-Aug-12,11.69,11.85,11.58,11.74,157642
29-Aug-12,11.88,12.05,11.83,11.88,184940
28-Aug-12,11.81,12.13,11.81,12.02,183668
27-Aug-12,11.90,12.20,11.74,11.87,66500
24-Aug-12,12.07,12.17,11.90,11.98,146839
23-Aug-12,11.99,12.55,11.99,12.16,295390
22-Aug-12,11.97,12.27,11.95,12.06,138920
21-Aug-12,12.26,12.29,11.87,12.06,192442
20-Aug-12,12.25,12.85,11.73,12.26,197501
17-Aug-12,11.92,12.44,11.79,12.25,180477
16-Aug-12,11.75,12.00,11.61,11.95,107730
15-Aug-12,11.60,11.93,11.60,11.80,256101
14-Aug-12,11.71,11.85,11.46,11.60,112493
13-Aug-12,11.54,11.72,11.35,11.69,98037
10-Aug-12,11.70,11.72,11.40,11.59,465126
9-Aug-12,11.59,11.73,11.49,11.69,112783
8-Aug-12,11.45,11.67,11.38,11.62,192928
7-Aug-12,11.37,11.87,11.13,11.61,269376
6-Aug-12,11.48,11.62,11.12,11.34,336503
3-Aug-12,10.16,11.44,10.12,11.41,393081
2-Aug-12,9.99,10.42,9.78,10.27,1252787
1-Aug-12,11.98,12.04,9.54,9.67,2625257
31-Jul-12,12.57,12.60,12.29,12.55,251571
30-Jul-12,12.95,12.99,12.36,12.53,149133
27-Jul-12,12.92,13.05,12.86,12.90,169236
26-Jul-12,13.16,13.27,12.72,12.83,278252
25-Jul-12,12.72,13.07,12.70,13.03,214554
24-Jul-12,13.69,13.69,12.61,12.70,220155
23-Jul-12,13.00,13.81,12.82,13.66,115048
20-Jul-12,13.37,13.42,13.00,13.20,170173
19-Jul-12,13.81,13.82,13.32,13.46,49596
18-Jul-12,13.66,14.23,13.52,13.71,112603
17-Jul-12,13.66,13.79,13.34,13.72,88919
16-Jul-12,14.27,14.35,13.57,13.64,110995
13-Jul-12,13.30,14.37,13.14,14.25,157793
12-Jul-12,13.48,13.48,12.87,13.26,126145
11-Jul-12,13.61,13.85,13.55,13.60,89806
10-Jul-12,14.22,14.27,13.55,13.61,95046
9-Jul-12,14.18,14.26,13.92,14.20,122444
6-Jul-12,14.40,14.53,13.88,14.20,210502
5-Jul-12,14.78,14.84,14.46,14.56,227732
3-Jul-12,14.50,14.89,14.50,14.78,151388
2-Jul-12,14.41,14.46,13.81,14.39,325945
29-Jun-12,14.62,14.64,14.26,14.35,179480
28-Jun-12,14.88,15.23,14.25,14.35,113684
27-Jun-12,14.53,15.10,14.08,15.01,199554
26-Jun-12,14.20,14.56,14.20,14.46,117678
25-Jun-12,14.70,14.80,14.10,14.22,87568
22-Jun-12,14.69,15.28,14.54,14.80,1798518
21-Jun-12,15.27,15.37,14.55,14.64,162843
20-Jun-12,15.28,15.52,14.96,15.34,126881
19-Jun-12,14.75,15.30,14.75,15.25,204154
18-Jun-12,14.75,14.94,14.52,14.77,133455
15-Jun-12,14.55,14.94,14.55,14.81,241685
14-Jun-12,14.17,14.78,13.95,14.55,155699
13-Jun-12,14.00,14.59,13.87,14.19,192358
12-Jun-12,13.97,14.25,13.72,13.96,258706
11-Jun-12,13.34,14.49,13.34,13.95,306944
8-Jun-12,13.08,13.32,12.91,13.25,88230
7-Jun-12,13.66,13.68,13.05,13.16,213672
6-Jun-12,13.44,13.79,13.24,13.51,119213
5-Jun-12,13.19,13.43,13.04,13.35,129131
4-Jun-12,13.33,13.39,13.03,13.27,117679
1-Jun-12,13.08,13.37,12.94,13.09,142664
31-May-12,13.43,13.44,13.25,13.33,229230
30-May-12,13.36,13.65,13.06,13.38,281512
29-May-12,13.50,13.67,13.22,13.45,235081
25-May-12,13.15,13.42,12.95,13.41,224669
24-May-12,13.06,13.23,12.95,13.14,122008
23-May-12,13.39,13.39,12.52,13.03,328239
22-May-12,14.01,14.20,13.33,13.54,170615
21-May-12,13.92,14.34,13.60,14.02,195278
18-May-12,14.18,14.18,13.57,13.92,137284
17-May-12,14.07,14.26,13.97,14.16,119404
16-May-12,13.66,14.28,13.66,14.03,207376
15-May-12,13.95,14.09,13.34,13.62,461044
14-May-12,14.59,14.76,13.95,13.97,352582
11-May-12,15.06,15.06,14.39,14.74,354936
10-May-12,15.55,15.77,15.09,15.20,169632
9-May-12,16.29,16.30,15.25,15.44,503128
8-May-12,16.91,17.04,16.64,16.72,124346
7-May-12,16.67,17.14,16.51,17.00,94301
4-May-12,16.95,16.95,16.43,16.84,163141
3-May-12,17.47,17.49,17.00,17.02,171596
2-May-12,17.50,17.75,17.06,17.40,409341
1-May-12,17.04,17.64,17.00,17.49,178116
30-Apr-12,17.35,17.37,17.16,17.28,62763
27-Apr-12,17.12,17.48,16.93,17.34,109016
26-Apr-12,16.91,17.25,16.82,17.05,74441
25-Apr-12,16.96,17.15,16.73,16.93,146012
24-Apr-12,16.73,16.94,16.57,16.86,420935
23-Apr-12,16.84,16.88,16.56,16.73,252354
20-Apr-12,16.97,17.04,16.59,17.02,191388
19-Apr-12,16.46,16.81,16.35,16.77,129409
18-Apr-12,16.57,16.75,16.25,16.50,152672
17-Apr-12,16.87,17.14,16.63,16.68,216718
16-Apr-12,16.59,16.79,16.41,16.71,114024
13-Apr-12,16.22,16.66,16.22,16.58,175372
12-Apr-12,16.73,16.76,16.42,16.64,159217
11-Apr-12,16.29,16.79,15.90,16.69,141112
10-Apr-12,15.68,16.23,15.61,16.13,325545
9-Apr-12,15.91,16.27,15.61,15.77,221792
5-Apr-12,15.81,16.12,15.59,16.11,210648
4-Apr-12,15.85,15.97,15.73,15.80,237195
3-Apr-12,16.49,16.61,15.75,15.99,361831
2-Apr-12,16.63,16.84,15.95,16.47,410133
30-Mar-12,17.06,17.08,16.76,16.96,100430
29-Mar-12,16.76,17.06,16.70,16.96,92686
28-Mar-12,17.21,17.33,16.81,16.85,239250
27-Mar-12,17.26,17.52,17.05,17.13,216146
26-Mar-12,17.68,17.70,17.03,17.23,154888
23-Mar-12,17.57,17.70,17.35,17.52,143506
22-Mar-12,17.61,17.89,17.23,17.50,201396
21-Mar-12,17.47,17.97,17.07,17.76,104552
20-Mar-12,17.39,17.62,17.06,17.46,140146
19-Mar-12,18.01,18.16,17.45,17.48,261055
16-Mar-12,18.11,18.35,17.86,18.01,237205
15-Mar-12,18.18,18.50,17.85,18.14,209700
14-Mar-12,18.41,18.45,18.10,18.18,180234
13-Mar-12,18.28,18.42,18.04,18.40,204922
12-Mar-12,18.20,18.23,17.94,18.21,119703
9-Mar-12,17.61,18.24,17.46,18.15,162718
8-Mar-12,18.12,18.18,17.52,17.67,382151
7-Mar-12,17.45,18.06,17.38,18.06,283337
6-Mar-12,17.32,17.51,16.88,17.49,175570
5-Mar-12,17.10,17.56,16.76,17.45,108100
2-Mar-12,17.34,17.47,17.00,17.33,138619
1-Mar-12,16.93,17.55,16.65,17.41,161549
29-Feb-12,17.50,17.73,16.51,16.85,703021
28-Feb-12,17.96,18.38,17.57,17.80,197540
27-Feb-12,17.83,18.46,17.50,17.89,135005
24-Feb-12,16.98,18.41,16.98,18.02,219096
23-Feb-12,17.39,17.39,16.78,16.88,222161
22-Feb-12,18.27,18.57,17.14,17.41,337607
21-Feb-12,18.48,18.56,18.19,18.36,127375
17-Feb-12,18.70,18.84,18.40,18.42,219374
16-Feb-12,19.39,20.21,17.71,18.61,1056572
15-Feb-12,19.30,20.38,19.30,20.22,949709
14-Feb-12,19.00,19.24,17.47,19.21,450848
13-Feb-12,19.24,19.80,18.24,18.66,314549
10-Feb-12,17.35,19.97,17.35,19.13,842673
9-Feb-12,17.12,17.55,17.08,17.25,31872
8-Feb-12,17.30,17.46,17.07,17.12,68367
7-Feb-12,17.36,17.46,17.24,17.32,75476
6-Feb-12,17.31,17.43,17.26,17.38,44963
3-Feb-12,17.02,17.44,16.87,17.41,96979
2-Feb-12,16.73,17.01,16.21,16.77,185591
1-Feb-12,17.04,17.07,16.18,16.77,301501
31-Jan-12,17.46,17.54,16.91,16.94,125730
30-Jan-12,17.08,17.53,16.82,17.40,217234
27-Jan-12,16.99,17.25,16.78,17.19,68609
26-Jan-12,16.83,17.06,16.35,17.06,129196
25-Jan-12,15.96,16.78,15.96,16.69,71983
24-Jan-12,16.36,16.57,15.38,15.98,257242
23-Jan-12,16.41,17.08,16.27,16.39,160658
20-Jan-12,16.78,16.88,16.40,16.42,177466
19-Jan-12,17.00,17.32,16.53,16.76,200276
18-Jan-12,16.49,16.92,16.49,16.90,347348
17-Jan-12,16.05,16.55,15.39,16.48,327188
13-Jan-12,15.98,15.98,15.98,15.98,0
12-Jan-12,15.00,15.91,14.91,15.41,351042
11-Jan-12,14.76,15.07,14.70,15.00,150670
10-Jan-12,14.79,14.79,14.79,14.79,0
9-Jan-12,13.51,14.17,13.39,14.14,130635
6-Jan-12,13.90,13.90,13.90,13.90,0
5-Jan-12,14.00,14.17,13.84,14.03,320701
4-Jan-12,13.71,14.17,13.58,14.13,314200
3-Jan-12,13.00,13.79,12.86,13.75,302396
30-Dec-11,12.65,12.65,12.65,12.65,0
29-Dec-11,12.04,12.30,12.00,12.27,104700
28-Dec-11,12.13,12.16,12.02,12.05,156581
27-Dec-11,12.36,12.36,12.36,12.36,0
23-Dec-11,12.40,12.40,12.40,12.40,0
22-Dec-11,12.38,12.46,12.10,12.38,106332
21-Dec-11,12.49,12.49,12.49,12.49,0
20-Dec-11,12.18,12.67,11.02,12.65,342037
19-Dec-11,12.97,13.32,11.92,11.97,193516
16-Dec-11,13.27,13.27,12.85,12.88,174660
15-Dec-11,12.81,13.25,12.81,13.20,106072
14-Dec-11,12.69,12.82,12.31,12.64,171075
13-Dec-11,13.14,13.14,13.14,13.14,0
12-Dec-11,12.96,12.96,12.96,12.96,0
9-Dec-11,13.06,13.45,12.99,13.05,410563
8-Dec-11,13.62,13.66,13.00,13.04,386291
7-Dec-11,13.30,13.75,13.04,13.72,199994
6-Dec-11,13.49,13.52,13.08,13.30,175937
5-Dec-11,13.63,13.82,13.25,13.47,120057
2-Dec-11,13.56,13.56,13.56,13.56,0
1-Dec-11,14.15,14.19,13.61,13.64,171438
30-Nov-11,14.21,14.21,14.21,14.21,0
29-Nov-11,14.58,14.58,14.16,14.32,297479
28-Nov-11,14.63,14.63,14.63,14.63,0
25-Nov-11,14.34,14.64,14.25,14.56,52463
23-Nov-11,14.44,14.44,14.44,14.44,0
22-Nov-11,14.86,14.86,14.86,14.86,0
21-Nov-11,15.68,15.74,14.80,15.02,294632
18-Nov-11,15.03,15.03,15.03,15.03,0
17-Nov-11,14.85,15.32,14.71,14.99,167063
16-Nov-11,14.47,15.22,14.42,14.98,245273
15-Nov-11,14.85,15.30,14.50,14.59,473585
14-Nov-11,14.64,14.75,14.29,14.65,243552
11-Nov-11,14.19,14.76,13.85,14.71,216077
10-Nov-11,14.02,14.11,13.80,14.00,296196
9-Nov-11,14.37,14.46,13.59,13.84,200501
8-Nov-11,15.59,15.64,14.30,14.77,168065
7-Nov-11,15.59,15.69,15.26,15.48,88525
4-Nov-11,15.66,15.66,15.66,15.66,0
3-Nov-11,15.13,15.92,14.93,15.41,541790
2-Nov-11,15.38,16.20,14.70,15.00,829320
1-Nov-11,15.03,15.37,14.46,14.86,275038
31-Oct-11,15.83,16.24,15.40,15.56,237202
28-Oct-11,15.19,16.21,15.19,16.00,469025
27-Oct-11,16.20,16.20,15.20,15.25,501417
26-Oct-11,16.58,16.74,15.95,16.00,221005
25-Oct-11,17.05,17.38,16.19,16.28,223540
24-Oct-11,17.32,18.00,16.94,17.21,188638
21-Oct-11,18.92,18.98,16.95,17.32,221875
20-Oct-11,18.29,18.80,18.28,18.67,57968
19-Oct-11,18.57,19.12,18.34,18.72,55845
18-Oct-11,18.30,18.76,18.00,18.58,90682
17-Oct-11,19.99,19.99,18.29,18.33,66037
14-Oct-11,19.07,20.26,19.07,20.13,88637
13-Oct-11,19.32,19.49,18.79,18.86,96658
12-Oct-11,20.09,20.13,19.01,19.45,116193
11-Oct-11,20.07,20.28,19.81,19.95,84455
10-Oct-11,19.92,19.92,19.92,19.92,0
7-Oct-11,19.88,20.46,19.61,19.81,83315
6-Oct-11,19.55,20.48,19.33,19.79,188292
5-Oct-11,19.32,20.14,19.01,19.57,166240
4-Oct-11,19.23,19.53,18.39,19.27,219721
3-Oct-11,19.26,19.26,19.26,19.26,0
30-Sep-11,20.55,21.18,20.55,20.71,104025
29-Sep-11,21.75,21.75,20.30,20.83,128532
