Date,Open,High,Low,Close,Volume
27-Sep-12,20.70,20.70,20.35,20.40,2131
26-Sep-12,20.67,21.00,20.67,21.00,984
25-Sep-12,21.00,21.00,20.80,20.80,2496
24-Sep-12,20.70,20.95,20.70,20.70,4189
21-Sep-12,20.11,20.11,20.11,20.11,400
20-Sep-12,20.22,20.22,20.22,20.22,100
19-Sep-12,20.39,20.39,20.39,20.39,3950
18-Sep-12,20.50,20.50,20.50,20.50,3500
17-Sep-12,20.50,20.50,20.50,20.50,3950
14-Sep-12,20.46,20.50,20.46,20.50,750
13-Sep-12,20.25,20.48,20.25,20.25,400
12-Sep-12,20.24,20.45,19.90,19.90,3476
11-Sep-12,20.26,20.26,19.60,20.05,1043
10-Sep-12,20.19,20.30,20.19,20.30,1300
7-Sep-12,20.22,20.50,20.22,20.45,1031
6-Sep-12,20.20,20.20,20.19,20.19,500
5-Sep-12,20.32,20.34,20.32,20.34,1022
4-Sep-12,20.50,20.50,20.50,20.50,0
31-Aug-12,20.48,20.78,20.43,20.65,5429
30-Aug-12,20.49,20.50,20.26,20.26,9330
29-Aug-12,20.22,20.50,20.22,20.50,6920
28-Aug-12,19.95,20.40,19.91,20.40,4971
27-Aug-12,19.51,20.00,19.51,19.95,2332
24-Aug-12,20.10,20.22,19.51,19.89,2445
23-Aug-12,19.90,19.95,19.50,19.50,2589
22-Aug-12,19.31,19.74,19.31,19.50,2641
21-Aug-12,19.40,19.40,19.05,19.40,800
20-Aug-12,19.04,19.05,18.57,19.02,19988
17-Aug-12,19.02,19.15,19.02,19.15,11250
16-Aug-12,19.20,19.20,19.20,19.20,1180
15-Aug-12,19.10,19.43,19.10,19.30,7551
14-Aug-12,19.19,19.21,19.10,19.15,9100
13-Aug-12,19.14,19.23,18.61,19.00,4241
10-Aug-12,20.88,20.93,20.80,20.80,600
9-Aug-12,20.77,20.77,20.76,20.76,334
8-Aug-12,20.74,21.07,20.74,20.76,833
7-Aug-12,21.07,21.09,21.07,21.09,800
6-Aug-12,20.71,20.71,20.71,20.71,242
3-Aug-12,20.88,21.10,20.54,21.00,3403
2-Aug-12,20.80,20.82,20.80,20.80,1200
1-Aug-12,20.71,21.24,20.68,21.24,1264
31-Jul-12,20.62,20.71,20.62,20.68,836
30-Jul-12,21.00,21.15,20.61,20.62,2692
27-Jul-12,21.00,21.00,21.00,21.00,400
26-Jul-12,20.56,20.80,20.56,20.80,579
25-Jul-12,20.80,20.80,20.55,20.77,3248
24-Jul-12,20.61,20.95,20.60,20.92,1250
23-Jul-12,20.80,20.80,20.56,20.80,550
20-Jul-12,20.99,20.99,20.99,20.99,400
19-Jul-12,20.70,20.90,20.70,20.90,418
18-Jul-12,20.55,20.55,20.55,20.55,228
17-Jul-12,20.60,20.60,20.52,20.56,1140
16-Jul-12,20.90,21.00,20.78,21.00,2180
13-Jul-12,20.62,20.90,20.62,20.90,390
12-Jul-12,20.85,20.85,20.85,20.85,292
11-Jul-12,21.00,21.00,20.95,20.95,2974
10-Jul-12,21.12,21.12,20.90,21.02,1700
9-Jul-12,20.98,20.98,20.45,20.88,683
6-Jul-12,20.99,20.99,20.55,20.70,5919
5-Jul-12,20.99,21.40,20.90,21.04,10738
3-Jul-12,20.43,20.75,20.43,20.75,4737
2-Jul-12,19.83,20.29,19.83,20.29,2393
29-Jun-12,19.73,19.73,19.73,19.73,100
28-Jun-12,19.60,19.89,19.33,19.35,1530
27-Jun-12,19.96,19.99,19.45,19.99,1100
26-Jun-12,19.85,19.85,19.85,19.85,100
25-Jun-12,19.55,19.70,19.26,19.44,2600
22-Jun-12,19.63,19.63,19.42,19.42,5733
21-Jun-12,19.76,19.76,19.50,19.62,1043
20-Jun-12,20.00,20.00,19.76,19.76,1738
19-Jun-12,20.59,20.87,20.35,20.35,4675
18-Jun-12,20.50,20.89,20.32,20.80,5145
15-Jun-12,20.07,20.25,20.07,20.25,2501
14-Jun-12,20.00,20.26,20.00,20.11,6569
13-Jun-12,20.36,20.36,20.21,20.21,12400
12-Jun-12,20.00,20.00,19.80,19.85,4847
11-Jun-12,20.60,20.60,20.32,20.32,4100
8-Jun-12,20.97,20.97,20.85,20.85,3600
7-Jun-12,20.61,20.67,20.60,20.67,4465
6-Jun-12,20.47,20.64,20.36,20.64,2865
5-Jun-12,20.10,20.47,20.10,20.25,6935
4-Jun-12,19.96,20.26,19.86,20.00,3800
1-Jun-12,19.65,19.80,19.42,19.65,3187
31-May-12,20.26,20.38,20.00,20.38,1964
30-May-12,20.05,20.39,20.00,20.39,2270
29-May-12,19.60,19.98,19.60,19.90,1184
25-May-12,19.26,19.31,18.75,19.06,1022
24-May-12,19.50,19.70,19.03,19.06,16341
23-May-12,19.00,19.02,18.76,18.98,15755
22-May-12,19.07,19.07,19.00,19.05,1900
21-May-12,19.07,19.64,19.07,19.25,7422
18-May-12,18.74,18.94,18.74,18.77,3860
17-May-12,17.77,19.30,17.77,18.75,14637
16-May-12,19.15,19.44,19.15,19.43,900
15-May-12,19.33,19.61,19.31,19.31,1936
14-May-12,19.58,19.88,19.31,19.31,3214
11-May-12,19.85,20.24,19.85,20.24,500
10-May-12,20.14,20.22,19.93,20.17,2191
9-May-12,20.29,20.29,19.90,20.29,1343
8-May-12,20.03,20.40,19.80,20.18,2442
7-May-12,20.01,20.50,20.01,20.45,2307
4-May-12,20.20,20.52,20.15,20.48,3846
3-May-12,20.58,20.58,20.02,20.15,2774
2-May-12,20.30,21.00,19.93,21.00,6340
1-May-12,20.61,21.00,20.61,21.00,2310
30-Apr-12,21.00,21.25,20.99,21.17,10599
27-Apr-12,21.00,21.00,21.00,21.00,400
26-Apr-12,20.95,21.00,20.94,21.00,1584
25-Apr-12,20.73,21.00,20.73,20.81,2454
24-Apr-12,20.89,21.00,20.71,21.00,5454
23-Apr-12,20.58,21.00,20.58,20.94,2784
20-Apr-12,20.93,20.93,20.38,20.72,1476
19-Apr-12,20.48,20.83,20.48,20.83,1941
18-Apr-12,20.31,20.49,20.20,20.35,1093
17-Apr-12,20.44,20.56,20.19,20.48,3192
16-Apr-12,20.35,20.94,20.20,20.40,20061
13-Apr-12,19.94,19.96,19.70,19.96,500
12-Apr-12,19.66,20.23,19.66,19.98,4900
11-Apr-12,19.63,19.75,19.62,19.74,3100
10-Apr-12,19.80,20.00,19.68,19.74,4256
9-Apr-12,19.45,19.79,19.45,19.79,12399
5-Apr-12,19.25,19.50,19.15,19.39,5922
4-Apr-12,18.91,19.02,18.91,19.01,5012
3-Apr-12,18.80,19.05,18.80,19.01,12760
2-Apr-12,18.52,18.80,18.52,18.78,9073
30-Mar-12,18.24,18.24,18.24,18.24,200
29-Mar-12,18.32,18.45,18.21,18.21,1800
28-Mar-12,18.46,18.50,18.33,18.33,800
27-Mar-12,18.28,18.48,18.20,18.48,9214
26-Mar-12,18.22,18.22,17.96,18.13,39054
23-Mar-12,17.95,18.16,17.81,17.90,31100
22-Mar-12,18.01,18.05,17.87,17.90,11246
21-Mar-12,17.90,18.01,17.74,17.74,11695
20-Mar-12,17.68,17.90,17.68,17.75,2600
19-Mar-12,17.90,17.90,17.67,17.67,2429
16-Mar-12,17.75,17.76,17.72,17.75,6222
15-Mar-12,17.74,17.75,17.55,17.74,13582
14-Mar-12,17.00,17.57,17.00,17.53,6404
13-Mar-12,16.72,16.83,16.59,16.77,22810
12-Mar-12,16.77,16.78,16.41,16.41,10064
9-Mar-12,17.40,17.40,16.87,16.97,7111
8-Mar-12,17.25,17.40,17.25,17.25,507
7-Mar-12,17.15,17.31,17.15,17.31,4557
6-Mar-12,17.00,17.17,17.00,17.05,2700
5-Mar-12,17.45,17.45,17.02,17.11,8493
2-Mar-12,17.95,17.95,17.60,17.74,5353
1-Mar-12,17.85,17.97,17.85,17.95,5411
29-Feb-12,17.60,17.98,17.60,17.85,10103
28-Feb-12,17.20,17.49,17.20,17.34,3600
27-Feb-12,17.57,17.57,17.23,17.40,22246
24-Feb-12,17.90,17.91,17.80,17.81,6666
23-Feb-12,17.96,17.96,17.25,17.92,10416
22-Feb-12,18.01,18.15,17.63,18.06,18177
21-Feb-12,18.40,18.65,18.24,18.26,11979
17-Feb-12,18.49,18.50,18.31,18.31,11100
16-Feb-12,18.36,18.87,18.05,18.47,9768
15-Feb-12,18.40,18.40,18.22,18.35,3125
14-Feb-12,18.25,18.40,18.23,18.40,3845
13-Feb-12,18.33,18.36,18.31,18.36,2286
10-Feb-12,18.20,18.50,18.20,18.50,1100
9-Feb-12,18.89,18.89,18.89,18.89,0
8-Feb-12,18.60,18.61,18.40,18.59,6841
7-Feb-12,18.01,18.48,18.01,18.48,900
6-Feb-12,18.34,18.49,18.27,18.49,3145
3-Feb-12,18.36,18.40,18.35,18.39,725
2-Feb-12,17.89,18.29,17.89,18.29,10499
1-Feb-12,17.51,18.00,17.51,17.95,3725
31-Jan-12,17.70,17.96,17.50,17.77,13219
30-Jan-12,17.75,18.00,17.74,17.75,7700
27-Jan-12,17.95,18.00,17.90,17.90,14236
26-Jan-12,17.53,17.95,17.53,17.95,12232
25-Jan-12,17.00,17.68,16.96,17.34,13780
24-Jan-12,16.50,16.76,16.49,16.70,6184
23-Jan-12,16.60,16.96,16.50,16.62,7637
20-Jan-12,17.00,17.00,16.90,16.90,3848
19-Jan-12,16.87,16.87,16.87,16.87,0
18-Jan-12,16.96,16.96,16.96,16.96,0
17-Jan-12,16.78,16.95,16.74,16.95,2450
13-Jan-12,16.78,16.78,16.78,16.78,0
12-Jan-12,16.81,16.96,16.81,16.95,3000
11-Jan-12,16.92,16.99,16.92,16.99,500
10-Jan-12,16.98,16.98,16.98,16.98,200
9-Jan-12,16.99,16.99,16.46,16.75,9460
6-Jan-12,16.50,17.00,16.50,16.99,4563
5-Jan-12,16.40,16.50,16.40,16.50,5665
4-Jan-12,16.49,16.49,15.98,16.36,7334
3-Jan-12,16.45,16.63,16.40,16.40,3950
30-Dec-11,16.19,16.19,16.19,16.19,0
29-Dec-11,15.64,16.16,15.60,16.00,30624
28-Dec-11,15.44,15.60,15.44,15.55,4610
27-Dec-11,15.40,15.75,15.39,15.45,8792
22-Dec-11,15.09,15.09,15.09,15.09,0
21-Dec-11,15.13,15.20,15.02,15.20,7612
20-Dec-11,15.00,15.19,14.99,15.10,17866
19-Dec-11,15.00,15.00,14.52,14.52,2121
16-Dec-11,14.97,15.15,14.62,14.66,1350
14-Dec-11,14.96,14.96,14.96,14.96,0
13-Dec-11,14.76,15.07,14.62,14.92,5538
12-Dec-11,14.82,14.82,14.50,14.75,19088
9-Dec-11,14.90,14.99,14.77,14.96,9605
8-Dec-11,14.75,14.75,14.34,14.34,3000
7-Dec-11,14.75,14.77,14.55,14.66,43593
6-Dec-11,14.85,14.85,14.57,14.76,500
5-Dec-11,15.00,15.00,14.58,14.58,1990
2-Dec-11,14.54,14.75,14.54,14.62,4400
1-Dec-11,14.59,14.59,13.91,14.39,9464
30-Nov-11,14.50,14.50,14.49,14.50,4700
29-Nov-11,14.34,14.43,14.21,14.32,10799
28-Nov-11,14.80,14.88,14.24,14.81,108154
25-Nov-11,13.80,14.02,13.80,13.90,3700
23-Nov-11,14.00,14.00,14.00,14.00,0
22-Nov-11,13.93,14.11,13.91,14.11,1160
21-Nov-11,14.44,14.44,14.12,14.12,2240
18-Nov-11,14.42,14.46,14.42,14.46,2500
17-Nov-11,14.39,14.39,14.39,14.39,0
16-Nov-11,14.90,14.90,14.64,14.64,4793
15-Nov-11,14.90,14.90,14.46,14.80,2800
8-Nov-11,14.88,14.88,14.88,14.88,0
7-Nov-11,15.01,15.01,15.01,15.01,0
4-Nov-11,15.07,15.07,15.07,15.07,200
3-Nov-11,14.91,15.16,14.67,15.16,1300
2-Nov-11,15.06,15.06,15.06,15.06,0
1-Nov-11,14.38,14.88,14.18,14.85,5858
31-Oct-11,14.81,14.93,14.66,14.93,1545
27-Oct-11,15.29,15.29,15.29,15.29,0
26-Oct-11,14.86,15.34,14.81,15.04,3400
25-Oct-11,15.23,15.23,15.02,15.02,8502
24-Oct-11,15.31,15.38,14.60,15.33,13948
21-Oct-11,15.39,15.39,15.29,15.33,3512
20-Oct-11,14.99,15.38,14.99,15.07,7850
19-Oct-11,15.00,15.00,14.97,14.97,300
18-Oct-11,14.54,14.88,14.53,14.88,2523
17-Oct-11,14.26,14.84,14.26,14.61,3900
14-Oct-11,14.10,14.10,14.00,14.00,930
13-Oct-11,14.30,14.30,13.86,14.10,3200
11-Oct-11,13.95,13.95,13.95,13.95,0
10-Oct-11,13.58,13.60,13.38,13.60,4307
7-Oct-11,13.80,13.80,13.80,13.80,100
5-Oct-11,13.65,13.65,13.65,13.65,0
4-Oct-11,12.82,13.15,12.65,13.10,2081
30-Sep-11,13.45,13.45,13.45,13.45,0
29-Sep-11,13.80,13.90,13.24,13.41,2379
