Date,Open,High,Low,Close,Volume
27-Sep-12,16.95,17.00,16.90,16.90,4450
26-Sep-12,16.40,16.81,16.40,16.76,3430
25-Sep-12,16.64,16.76,16.49,16.58,2876
24-Sep-12,16.44,16.67,16.29,16.52,2753
21-Sep-12,16.21,16.22,16.14,16.22,1922
20-Sep-12,15.88,15.88,15.67,15.67,7595
19-Sep-12,15.77,16.73,15.77,16.73,2000
18-Sep-12,15.96,15.96,15.72,15.74,1700
17-Sep-12,15.88,15.95,15.82,15.92,3350
14-Sep-12,15.97,16.11,15.93,16.11,300
13-Sep-12,15.48,15.84,15.48,15.84,300
12-Sep-12,15.99,15.99,15.41,15.49,2445
11-Sep-12,15.64,15.92,15.81,15.81,200
10-Sep-12,15.51,16.04,15.51,15.74,9765
7-Sep-12,15.62,15.90,15.07,15.07,8320
6-Sep-12,14.78,15.54,14.78,15.39,12015
5-Sep-12,14.79,14.96,14.57,14.96,13427
4-Sep-12,14.40,14.86,14.12,14.86,1993
31-Aug-12,14.83,14.83,14.41,14.57,10286
30-Aug-12,15.02,15.02,14.65,14.69,7675
29-Aug-12,15.50,15.50,15.21,15.21,10915
28-Aug-12,15.18,16.00,15.12,16.00,8760
27-Aug-12,14.94,15.54,14.87,15.44,18105
24-Aug-12,14.99,15.02,14.90,14.95,8910
23-Aug-12,15.04,15.07,14.99,15.01,11320
22-Aug-12,15.06,15.06,15.06,15.06,100
21-Aug-12,15.56,15.56,15.13,15.14,1051
20-Aug-12,15.15,15.16,15.05,15.10,4116
17-Aug-12,15.40,15.40,15.24,15.24,1401
16-Aug-12,14.64,15.15,14.64,14.99,2452
15-Aug-12,14.09,14.84,14.09,14.81,5127
14-Aug-12,14.10,14.17,14.05,14.17,1045
13-Aug-12,13.86,13.94,13.80,13.80,1286
10-Aug-12,14.04,14.04,13.80,13.84,3910
9-Aug-12,13.89,14.30,13.84,13.98,17234
8-Aug-12,13.61,14.05,13.55,13.55,21797
7-Aug-12,13.71,13.93,13.62,13.70,10719
6-Aug-12,13.10,13.61,13.10,13.49,23647
3-Aug-12,12.93,13.22,12.93,13.01,9240
2-Aug-12,12.57,12.66,12.47,12.59,11732
1-Aug-12,13.26,13.26,12.32,12.32,29183
31-Jul-12,13.06,13.42,13.06,13.30,33936
30-Jul-12,12.96,13.00,12.82,12.97,6470
27-Jul-12,11.89,12.84,11.89,12.84,8896
26-Jul-12,12.02,12.07,11.59,11.59,19474
25-Jul-12,11.80,11.99,11.76,11.85,9196
24-Jul-12,11.80,11.80,11.58,11.74,12450
23-Jul-12,11.97,11.97,11.62,11.89,17791
20-Jul-12,12.34,12.35,12.09,12.09,6600
19-Jul-12,12.54,12.54,12.40,12.51,1748
18-Jul-12,12.51,12.66,12.43,12.50,2494
17-Jul-12,12.34,12.44,12.25,12.44,20845
16-Jul-12,12.25,12.39,12.24,12.35,37115
13-Jul-12,12.10,12.41,12.10,12.25,111407
12-Jul-12,12.31,12.76,11.58,12.76,41570
11-Jul-12,13.68,13.68,12.30,12.38,38939
10-Jul-12,13.74,14.05,13.26,14.05,15220
9-Jul-12,13.52,13.67,13.50,13.64,39328
6-Jul-12,13.81,14.29,13.57,13.66,9604
5-Jul-12,13.77,14.14,13.51,13.51,6463
3-Jul-12,13.48,13.82,13.48,13.82,700
2-Jul-12,13.15,13.56,13.15,13.56,12503
29-Jun-12,13.20,13.59,13.20,13.54,2200
28-Jun-12,12.50,12.93,12.50,12.93,6638
27-Jun-12,12.70,12.70,12.70,12.70,100
26-Jun-12,12.37,12.59,12.37,12.52,1420
25-Jun-12,12.60,12.61,12.50,12.58,1486
22-Jun-12,13.28,13.28,12.77,12.78,5261
21-Jun-12,13.42,13.45,13.10,13.31,9672
20-Jun-12,13.64,13.85,13.47,13.60,17365
19-Jun-12,13.67,13.92,13.67,13.79,3217
18-Jun-12,13.75,13.76,13.40,13.40,759
15-Jun-12,13.26,13.81,13.10,13.81,4249
14-Jun-12,12.91,13.11,12.91,13.07,3180
13-Jun-12,13.11,13.28,12.59,13.04,6500
12-Jun-12,12.87,13.35,12.87,13.15,9145
11-Jun-12,13.79,13.79,13.10,13.29,2764
8-Jun-12,13.43,13.58,13.31,13.57,2700
7-Jun-12,13.62,13.70,12.96,13.17,7486
6-Jun-12,13.31,13.55,13.25,13.55,2120
5-Jun-12,12.84,13.01,12.84,13.01,44000
4-Jun-12,13.30,13.53,12.74,12.83,7500
1-Jun-12,13.43,13.43,13.04,13.24,2883
31-May-12,13.45,13.70,13.29,13.60,5067
30-May-12,13.64,13.64,13.26,13.62,4400
29-May-12,13.59,13.88,13.30,13.88,28428
25-May-12,13.60,13.63,13.41,13.45,5464
24-May-12,13.91,13.94,13.45,13.58,1954
23-May-12,13.72,14.04,13.55,13.72,12352
22-May-12,13.88,14.09,13.60,13.78,26405
21-May-12,13.44,14.09,13.31,13.83,38265
18-May-12,13.03,14.00,13.00,14.00,20077
17-May-12,13.60,13.60,12.63,12.96,90805
16-May-12,13.04,13.04,12.76,13.00,16029
15-May-12,13.04,13.04,12.85,12.99,18100
14-May-12,13.01,13.29,12.94,13.15,1904
11-May-12,13.49,13.66,13.25,13.51,9211
10-May-12,13.92,13.92,13.62,13.63,3691
9-May-12,13.96,14.05,13.66,13.68,5609
8-May-12,13.90,14.26,13.71,14.26,8599
7-May-12,14.14,14.29,13.82,13.97,13535
4-May-12,14.09,14.10,13.80,14.08,7370
3-May-12,14.85,15.08,14.45,14.49,6175
2-May-12,14.91,15.01,14.74,14.85,49305
1-May-12,15.10,15.22,14.96,15.00,104495
30-Apr-12,14.89,14.94,14.67,14.82,3716
27-Apr-12,15.13,15.23,14.88,15.00,92239
26-Apr-12,15.00,15.68,14.80,15.68,39383
25-Apr-12,16.24,16.50,15.24,15.41,14844
24-Apr-12,15.27,15.89,15.27,15.89,3111
23-Apr-12,15.40,15.40,15.15,15.15,2150
20-Apr-12,16.30,16.30,15.62,15.62,400
19-Apr-12,16.38,16.51,16.00,16.00,5609
18-Apr-12,16.48,16.58,16.14,16.45,10483
17-Apr-12,16.17,16.66,16.17,16.43,4712
16-Apr-12,16.20,16.27,16.09,16.18,5414
13-Apr-12,16.19,16.35,16.06,16.27,13727
12-Apr-12,16.03,16.44,16.03,16.33,4550
11-Apr-12,15.83,16.25,15.82,16.07,4000
10-Apr-12,15.74,15.77,15.42,15.77,8636
9-Apr-12,16.91,16.91,16.11,16.35,15236
5-Apr-12,17.07,17.18,16.91,17.14,18028
4-Apr-12,17.04,17.04,16.58,17.03,5925
3-Apr-12,17.59,17.62,17.37,17.41,12910
2-Apr-12,17.20,17.68,16.91,17.64,9416
30-Mar-12,17.49,17.50,17.28,17.28,5250
29-Mar-12,17.96,18.02,17.33,18.02,4434
28-Mar-12,18.59,18.59,18.00,18.10,12798
27-Mar-12,18.49,18.72,18.25,18.46,30693
26-Mar-12,18.69,19.08,18.24,18.64,88624
23-Mar-12,18.79,18.79,17.83,18.39,99661
22-Mar-12,19.36,19.36,18.56,18.75,2565
21-Mar-12,19.22,19.53,19.20,19.38,8736
20-Mar-12,19.44,19.65,19.30,19.38,2911
19-Mar-12,19.82,20.04,19.59,19.64,5361
16-Mar-12,19.67,19.67,19.21,19.34,1800
15-Mar-12,19.87,20.04,19.49,19.49,11116
14-Mar-12,19.61,19.61,19.61,19.61,107
13-Mar-12,19.28,19.84,19.10,19.79,11011
12-Mar-12,19.14,19.20,19.14,19.20,663
9-Mar-12,19.03,19.35,19.03,19.26,2908
8-Mar-12,18.51,18.86,18.38,18.86,6763
7-Mar-12,18.35,18.35,18.35,18.35,100
6-Mar-12,18.78,18.78,18.17,18.22,10675
5-Mar-12,19.17,19.17,19.15,19.16,800
2-Mar-12,20.13,20.13,19.09,19.17,6388
1-Mar-12,20.07,20.10,19.98,20.00,5997
29-Feb-12,20.15,20.41,20.00,20.01,27721
28-Feb-12,20.13,20.13,19.98,19.98,870
27-Feb-12,20.14,20.15,20.11,20.15,800
24-Feb-12,20.16,20.20,19.93,20.20,1200
23-Feb-12,20.05,20.18,19.81,20.18,800
22-Feb-12,20.11,20.19,19.98,20.06,3200
21-Feb-12,20.57,20.57,20.05,20.30,6669
17-Feb-12,20.52,20.52,20.34,20.36,5500
16-Feb-12,20.25,20.53,19.98,20.52,7000
15-Feb-12,19.70,21.01,18.50,20.50,33252
14-Feb-12,19.58,19.61,19.26,19.44,10611
13-Feb-12,19.89,19.94,19.78,19.81,13888
10-Feb-12,19.79,20.25,19.62,20.05,16445
9-Feb-12,19.67,20.00,19.55,19.88,10035
8-Feb-12,19.37,19.70,19.25,19.45,1500
7-Feb-12,19.11,19.25,19.11,19.19,7980
6-Feb-12,19.37,19.37,19.37,19.37,1325
3-Feb-12,19.25,19.89,19.25,19.37,9540
2-Feb-12,19.04,19.12,19.04,19.05,800
1-Feb-12,18.95,19.22,18.95,19.10,1900
31-Jan-12,18.96,19.26,18.84,19.20,13426
30-Jan-12,18.50,18.89,18.40,18.84,17526
27-Jan-12,18.10,18.41,18.10,18.41,15391
26-Jan-12,18.20,18.20,18.20,18.20,0
25-Jan-12,18.00,18.00,18.00,18.00,0
24-Jan-12,17.24,17.77,17.24,17.77,1100
23-Jan-12,17.59,17.59,17.41,17.55,400
20-Jan-12,17.67,17.70,17.37,17.54,4411
19-Jan-12,18.00,18.00,17.93,17.93,700
18-Jan-12,17.51,17.76,17.51,17.76,300
17-Jan-12,17.27,17.27,17.27,17.27,0
12-Jan-12,18.00,18.00,18.00,18.00,0
11-Jan-12,17.36,17.56,17.29,17.56,1560
10-Jan-12,17.56,17.56,17.56,17.56,373
9-Jan-12,17.47,17.50,17.47,17.49,411
6-Jan-12,17.14,17.25,17.14,17.25,645
5-Jan-12,17.03,17.25,16.74,17.02,687
4-Jan-12,16.89,17.37,16.85,17.11,2200
3-Jan-12,16.88,17.23,16.48,17.23,1776
30-Dec-11,17.00,17.00,17.00,17.00,0
29-Dec-11,17.19,17.19,16.99,17.16,1000
28-Dec-11,17.32,17.41,16.88,17.17,4519
27-Dec-11,16.77,17.34,16.77,17.34,3800
23-Dec-11,16.98,16.98,16.98,16.98,0
22-Dec-11,16.45,16.65,16.39,16.52,5700
21-Dec-11,15.89,16.44,15.88,16.32,5400
20-Dec-11,15.90,16.00,15.57,15.75,5507
19-Dec-11,15.56,15.59,15.10,15.13,900
16-Dec-11,15.76,15.97,15.14,15.66,2300
15-Dec-11,15.29,15.41,15.22,15.38,1200
14-Dec-11,15.41,15.47,14.97,15.00,18805
13-Dec-11,16.10,16.22,15.67,15.78,2500
12-Dec-11,15.74,15.97,15.43,15.97,4917
9-Dec-11,15.39,16.36,15.35,16.22,10292
8-Dec-11,15.67,15.67,15.19,15.45,7954
7-Dec-11,15.70,15.99,15.07,15.99,3600
6-Dec-11,15.84,16.20,15.71,15.83,13911
5-Dec-11,16.04,16.14,15.88,16.14,775
2-Dec-11,15.32,15.95,15.32,15.86,5955
1-Dec-11,15.59,15.83,15.22,15.25,17407
30-Nov-11,15.50,15.76,14.94,15.76,264911
29-Nov-11,15.01,15.12,14.70,15.05,17957
28-Nov-11,14.98,14.98,14.98,14.98,0
25-Nov-11,14.36,14.62,14.36,14.40,6339
23-Nov-11,14.29,14.29,14.29,14.29,0
22-Nov-11,14.13,14.81,14.13,14.16,21819
21-Nov-11,14.31,14.31,14.31,14.31,0
18-Nov-11,14.62,14.64,14.08,14.30,37361
17-Nov-11,14.90,15.12,14.05,14.38,26568
16-Nov-11,16.00,16.00,14.90,15.05,41148
15-Nov-11,15.37,16.30,15.34,16.09,9736
14-Nov-11,15.76,15.76,15.30,15.65,1783
11-Nov-11,15.64,15.95,15.64,15.95,1511
10-Nov-11,15.99,15.99,15.31,15.32,2876
9-Nov-11,15.21,16.32,15.21,16.32,14915
8-Nov-11,15.74,15.90,15.13,15.90,24711
7-Nov-11,15.97,16.28,15.75,16.20,21233
4-Nov-11,16.15,16.40,15.90,16.17,6653
3-Nov-11,16.05,16.20,15.06,16.20,10100
2-Nov-11,15.99,16.20,15.73,15.73,10065
1-Nov-11,15.43,16.07,15.20,15.61,9879
31-Oct-11,15.12,16.20,15.12,16.17,7516
28-Oct-11,16.39,16.39,15.77,15.77,1169
27-Oct-11,16.13,16.53,15.94,15.94,41665
26-Oct-11,15.83,15.83,15.10,15.47,9688
25-Oct-11,15.09,16.18,14.70,15.25,17170
24-Oct-11,14.60,14.94,14.27,14.94,18284
21-Oct-11,13.84,14.17,13.84,14.17,4479
20-Oct-11,13.69,13.97,13.32,13.97,3373
19-Oct-11,14.31,14.53,13.81,13.81,3600
18-Oct-11,13.80,14.26,13.80,14.26,200
17-Oct-11,13.63,13.63,13.63,13.63,0
14-Oct-11,13.33,14.20,13.33,14.20,1500
13-Oct-11,13.00,13.16,12.68,13.15,9808
12-Oct-11,13.59,13.70,13.05,13.38,13697
11-Oct-11,12.98,13.19,12.64,13.01,3790
10-Oct-11,13.08,13.08,12.62,12.90,4814
7-Oct-11,12.52,12.72,12.52,12.72,879
6-Oct-11,12.28,12.60,12.26,12.60,7784
5-Oct-11,12.05,12.09,11.82,12.08,1000
4-Oct-11,10.60,11.95,10.58,11.95,9830
3-Oct-11,11.43,11.70,10.76,10.76,11147
30-Sep-11,11.88,11.88,11.67,11.67,300
29-Sep-11,12.40,12.40,12.08,12.40,2197
