Date,Open,High,Low,Close,Volume
27-Sep-12,29.96,30.80,29.85,30.53,13777
26-Sep-12,30.23,30.80,29.90,29.95,50537
25-Sep-12,30.30,31.08,30.06,30.21,20423
24-Sep-12,29.27,30.20,28.84,30.16,27099
21-Sep-12,30.10,30.10,28.49,29.29,59652
20-Sep-12,29.62,30.05,29.23,29.68,9789
19-Sep-12,29.67,30.00,29.40,29.89,8462
18-Sep-12,29.30,29.81,29.13,29.50,13756
17-Sep-12,29.26,29.53,29.10,29.39,6195
14-Sep-12,29.70,29.71,29.13,29.52,13317
13-Sep-12,29.43,29.88,29.34,29.50,8939
12-Sep-12,29.60,29.60,29.19,29.47,8820
11-Sep-12,29.07,29.53,29.07,29.43,5056
10-Sep-12,29.39,29.39,28.84,29.02,5176
7-Sep-12,29.45,29.45,28.93,29.32,55589
6-Sep-12,28.27,29.35,28.15,29.33,15379
5-Sep-12,28.98,28.98,27.75,27.81,32627
4-Sep-12,28.44,29.14,28.44,28.75,25769
31-Aug-12,28.92,29.16,28.45,28.61,79216
30-Aug-12,28.45,28.91,28.45,28.61,20607
29-Aug-12,29.03,29.39,28.70,29.00,17057
28-Aug-12,28.82,29.10,28.38,28.90,22645
27-Aug-12,28.52,29.55,28.14,28.75,34425
24-Aug-12,27.63,28.66,27.60,28.54,39282
23-Aug-12,28.05,28.05,27.02,27.58,12682
22-Aug-12,27.92,28.32,25.38,28.03,20049
21-Aug-12,29.04,29.04,27.79,27.80,21437
20-Aug-12,27.81,29.13,27.71,29.07,25030
17-Aug-12,26.88,27.80,26.68,27.79,9327
16-Aug-12,26.37,27.02,25.81,26.96,39788
15-Aug-12,25.20,26.67,24.99,26.35,30296
14-Aug-12,25.55,25.86,24.78,25.10,41844
13-Aug-12,25.48,25.74,25.03,25.33,12484
10-Aug-12,25.30,25.61,24.96,25.39,6234
9-Aug-12,25.22,25.72,25.11,25.22,6168
8-Aug-12,24.59,25.48,24.59,25.18,12373
7-Aug-12,24.77,25.05,24.15,24.61,18032
6-Aug-12,25.15,25.38,24.16,24.47,14361
3-Aug-12,23.22,25.47,23.13,25.06,17050
2-Aug-12,23.18,23.30,22.29,22.35,30789
1-Aug-12,25.14,25.14,23.22,23.24,27725
31-Jul-12,26.10,26.54,24.61,24.68,11359
30-Jul-12,26.95,26.95,25.83,26.07,12722
27-Jul-12,25.88,27.30,25.88,27.27,25565
26-Jul-12,25.80,25.99,25.47,25.86,8691
25-Jul-12,25.54,25.75,25.22,25.36,11649
24-Jul-12,26.78,26.78,25.15,25.23,11651
23-Jul-12,27.10,27.75,26.61,26.61,14559
20-Jul-12,26.98,27.67,26.73,27.54,61070
19-Jul-12,27.91,27.91,27.04,27.26,11888
18-Jul-12,27.79,28.06,27.48,27.73,17984
17-Jul-12,28.30,28.30,27.35,27.81,49277
16-Jul-12,28.41,28.70,27.61,27.67,20503
13-Jul-12,28.75,28.94,28.24,28.56,39196
12-Jul-12,28.72,28.95,28.08,28.72,47222
11-Jul-12,28.35,28.98,28.04,28.86,33353
10-Jul-12,28.55,28.70,28.10,28.40,26208
9-Jul-12,28.00,28.80,28.00,28.40,34464
6-Jul-12,28.70,29.13,28.02,28.18,42639
5-Jul-12,28.87,28.98,28.43,28.94,5231
3-Jul-12,28.11,29.34,28.11,29.09,20351
2-Jul-12,27.00,28.39,26.50,28.16,37546
29-Jun-12,26.50,27.35,25.83,26.90,46995
28-Jun-12,25.78,26.14,25.66,25.96,4606
27-Jun-12,26.25,26.48,25.67,26.12,35842
26-Jun-12,25.40,26.45,25.34,26.25,40397
25-Jun-12,25.38,25.90,25.21,25.81,29157
22-Jun-12,24.76,25.75,24.74,25.63,58431
21-Jun-12,25.21,25.24,24.92,24.98,16504
20-Jun-12,25.13,25.46,24.78,25.12,13046
19-Jun-12,25.31,25.55,24.55,25.07,45019
18-Jun-12,24.88,25.75,24.88,25.31,29625
15-Jun-12,23.94,25.16,23.75,25.05,43944
14-Jun-12,22.49,24.18,22.49,24.04,29570
13-Jun-12,22.01,23.28,22.01,22.33,29506
12-Jun-12,22.24,22.59,21.55,22.00,41452
11-Jun-12,23.63,23.86,22.01,22.05,30108
8-Jun-12,22.51,23.50,22.51,23.26,6806
7-Jun-12,22.93,22.96,22.53,22.63,15230
6-Jun-12,22.46,23.19,22.02,22.50,38825
5-Jun-12,21.75,23.26,21.65,22.44,46662
4-Jun-12,21.66,22.73,21.59,21.95,24102
1-Jun-12,21.48,22.34,21.11,21.42,18950
31-May-12,22.31,22.44,21.78,21.79,34174
30-May-12,22.39,22.98,22.00,22.33,10946
29-May-12,22.84,23.05,22.33,22.73,21739
25-May-12,22.70,22.90,21.98,22.43,16467
24-May-12,22.78,22.80,21.84,22.59,16789
23-May-12,22.75,23.03,22.33,22.63,24712
22-May-12,23.88,24.43,22.28,22.50,18940
21-May-12,24.19,24.33,23.24,23.88,17602
18-May-12,24.89,25.67,23.20,24.11,38180
17-May-12,25.49,25.64,24.95,24.96,16322
16-May-12,24.00,25.69,23.68,25.52,24079
15-May-12,22.93,24.00,22.93,23.94,10142
14-May-12,22.38,23.00,22.17,22.91,35102
11-May-12,23.07,23.07,22.43,22.53,11831
10-May-12,23.61,23.62,23.07,23.19,6639
9-May-12,22.59,23.72,22.58,23.33,10675
8-May-12,22.63,23.05,22.40,22.84,8489
7-May-12,22.42,23.30,22.42,22.90,17824
4-May-12,22.75,22.83,22.26,22.37,24007
3-May-12,22.86,23.21,22.68,22.72,12613
2-May-12,22.86,23.24,22.67,23.00,25480
1-May-12,23.38,23.54,22.58,22.65,15168
30-Apr-12,23.85,23.85,23.09,23.29,12798
27-Apr-12,23.10,23.85,23.10,23.85,7304
26-Apr-12,23.24,23.40,23.04,23.22,5898
25-Apr-12,23.60,24.02,23.20,23.35,11553
24-Apr-12,22.81,23.26,22.81,23.25,14226
23-Apr-12,23.31,23.59,22.68,22.68,15918
20-Apr-12,24.42,24.73,23.54,23.73,19014
19-Apr-12,24.03,24.15,23.46,23.49,13696
18-Apr-12,24.76,25.06,24.04,24.12,5177
17-Apr-12,24.20,25.23,24.20,24.98,8885
16-Apr-12,23.55,24.36,23.26,24.04,12730
13-Apr-12,24.45,24.45,22.90,23.50,22909
12-Apr-12,23.30,25.40,23.19,24.67,13090
11-Apr-12,23.49,23.65,22.90,23.37,19181
10-Apr-12,24.43,24.43,22.85,22.97,42881
9-Apr-12,24.14,24.49,23.60,24.49,40121
5-Apr-12,25.36,25.36,24.53,24.71,5915
4-Apr-12,25.67,25.75,25.33,25.56,9024
3-Apr-12,25.71,26.37,25.31,26.08,20058
2-Apr-12,26.28,26.85,24.95,25.88,54766
30-Mar-12,27.31,27.31,26.25,26.34,10814
29-Mar-12,26.94,27.17,26.88,27.04,6652
28-Mar-12,27.27,27.27,26.84,27.12,6543
27-Mar-12,27.62,27.80,27.05,27.32,9533
26-Mar-12,26.63,27.63,26.07,27.53,13993
23-Mar-12,25.13,26.50,25.13,26.45,10003
22-Mar-12,26.12,26.12,25.00,25.11,19623
21-Mar-12,26.25,26.62,26.04,26.32,5856
20-Mar-12,26.19,26.68,25.90,26.10,11884
19-Mar-12,26.54,26.82,25.95,26.50,17195
16-Mar-12,26.20,27.10,26.11,26.51,61995
15-Mar-12,26.02,26.19,25.85,26.14,13031
14-Mar-12,25.93,26.24,25.67,25.91,10764
13-Mar-12,25.65,26.13,25.02,26.08,22203
12-Mar-12,24.32,25.83,24.12,25.39,13917
9-Mar-12,23.11,24.23,23.11,24.06,22139
8-Mar-12,23.09,23.37,22.82,23.25,15466
7-Mar-12,22.72,23.09,22.47,23.02,12680
6-Mar-12,22.79,22.95,22.50,22.50,25443
5-Mar-12,23.49,23.64,22.79,22.86,34526
2-Mar-12,25.29,25.50,23.32,23.43,28430
1-Mar-12,25.90,26.23,25.16,25.28,24945
29-Feb-12,26.55,26.55,25.44,25.62,23650
28-Feb-12,26.90,26.90,26.34,26.39,5429
27-Feb-12,27.00,27.37,26.67,26.77,7208
24-Feb-12,27.76,27.76,26.86,27.32,29826
23-Feb-12,26.98,27.72,26.38,27.72,9961
22-Feb-12,27.44,27.44,26.86,26.86,5980
21-Feb-12,27.71,28.24,27.00,27.28,14425
17-Feb-12,26.61,27.75,26.39,27.75,24336
16-Feb-12,25.68,26.63,25.68,26.63,16822
15-Feb-12,26.12,26.50,25.65,25.75,24042
14-Feb-12,25.30,26.01,24.89,25.88,59799
13-Feb-12,25.50,25.70,24.78,25.31,50473
10-Feb-12,26.19,26.45,25.22,25.26,29723
9-Feb-12,27.34,27.77,26.26,26.52,45671
8-Feb-12,28.19,28.19,27.26,27.63,31694
7-Feb-12,28.39,28.54,27.93,27.95,25642
6-Feb-12,28.92,29.00,28.51,28.61,12891
3-Feb-12,29.78,29.78,28.12,28.95,49744
2-Feb-12,29.31,29.49,29.08,29.25,24770
1-Feb-12,28.90,29.49,28.86,29.43,75815
31-Jan-12,28.77,29.16,28.77,28.93,22684
30-Jan-12,28.67,28.87,28.33,28.46,29745
27-Jan-12,29.07,29.21,28.57,28.79,28465
26-Jan-12,28.21,28.99,28.06,28.97,16476
25-Jan-12,26.55,28.74,26.55,28.25,32872
24-Jan-12,28.56,28.90,28.40,28.76,50866
23-Jan-12,27.65,28.69,27.65,28.69,35568
20-Jan-12,27.61,27.65,27.00,27.50,23781
19-Jan-12,27.57,27.57,27.57,27.57,0
18-Jan-12,25.97,27.32,25.86,27.16,23424
17-Jan-12,26.48,26.48,24.37,26.00,50662
13-Jan-12,26.09,26.09,26.09,26.09,0
12-Jan-12,26.73,27.12,26.37,27.06,12157
11-Jan-12,24.94,26.95,24.77,26.92,18987
10-Jan-12,24.94,25.14,24.52,25.03,38698
9-Jan-12,24.97,24.97,24.97,24.97,0
6-Jan-12,25.69,25.80,24.94,25.06,17496
5-Jan-12,25.56,25.88,24.87,25.83,17436
4-Jan-12,25.30,25.87,25.23,25.59,18031
3-Jan-12,26.42,26.42,25.42,25.50,36700
30-Dec-11,25.82,25.82,25.82,25.82,0
29-Dec-11,26.54,26.91,26.33,26.81,14072
28-Dec-11,26.83,26.83,26.83,26.83,0
27-Dec-11,26.26,27.20,26.18,27.01,28670
23-Dec-11,26.24,26.24,26.24,26.24,0
22-Dec-11,26.30,26.64,25.89,26.21,43115
21-Dec-11,25.85,26.23,25.54,26.08,70890
20-Dec-11,25.38,25.98,24.82,25.98,37825
19-Dec-11,25.03,25.28,24.59,24.79,31883
16-Dec-11,25.00,25.19,24.29,24.93,102653
15-Dec-11,24.72,25.26,24.42,24.92,38915
14-Dec-11,23.08,25.22,23.07,24.45,32192
13-Dec-11,22.98,23.43,22.75,23.35,32931
12-Dec-11,22.23,23.00,22.23,22.80,13499
9-Dec-11,21.84,22.69,21.47,22.65,20960
8-Dec-11,22.50,22.50,21.60,21.63,13092
7-Dec-11,22.37,22.92,21.93,22.90,18505
6-Dec-11,22.74,22.95,22.37,22.48,18284
5-Dec-11,22.20,22.72,22.09,22.72,16663
2-Dec-11,22.22,22.22,21.71,21.83,7096
1-Dec-11,22.61,22.71,21.74,21.81,19005
30-Nov-11,21.73,22.73,21.64,22.72,56092
29-Nov-11,20.57,21.14,20.57,20.88,9472
28-Nov-11,20.16,20.64,20.10,20.61,22340
25-Nov-11,20.73,20.92,19.72,19.80,6270
23-Nov-11,20.88,20.88,20.88,20.88,0
22-Nov-11,20.96,21.37,20.77,21.25,16521
21-Nov-11,21.05,21.47,20.87,20.89,11315
18-Nov-11,21.29,21.57,21.29,21.49,10507
17-Nov-11,21.29,21.86,21.04,21.19,15988
16-Nov-11,21.90,22.07,20.88,21.23,14623
15-Nov-11,21.28,22.39,21.22,22.27,18484
14-Nov-11,21.71,21.80,21.10,21.24,20974
11-Nov-11,21.86,21.86,21.36,21.79,21100
10-Nov-11,21.17,21.88,20.74,21.68,26609
9-Nov-11,21.78,22.14,20.58,20.86,32672
8-Nov-11,21.36,22.49,21.20,22.44,21498
7-Nov-11,21.46,21.46,20.79,21.22,13569
4-Nov-11,20.88,21.66,20.42,21.47,30142
3-Nov-11,20.27,21.36,19.82,21.17,24752
2-Nov-11,19.68,20.16,19.30,20.00,49571
1-Nov-11,20.24,21.06,19.14,19.31,54605
31-Oct-11,20.57,21.46,20.50,21.05,74244
28-Oct-11,21.21,21.69,19.51,20.87,42798
27-Oct-11,19.63,21.52,19.41,21.30,129225
26-Oct-11,18.75,19.14,18.14,19.05,73984
25-Oct-11,19.40,19.40,18.37,18.46,19424
24-Oct-11,19.40,19.56,19.36,19.52,20411
21-Oct-11,19.97,19.97,19.37,19.37,28279
20-Oct-11,19.67,19.86,19.21,19.63,28735
19-Oct-11,20.47,20.68,19.52,19.62,17972
18-Oct-11,20.14,20.69,20.00,20.48,30821
17-Oct-11,20.40,20.60,20.00,20.08,20386
14-Oct-11,20.23,20.90,20.14,20.55,20415
13-Oct-11,20.21,20.44,19.49,20.01,30856
12-Oct-11,20.86,21.02,20.15,20.45,47382
11-Oct-11,21.76,21.76,19.44,20.05,23802
10-Oct-11,19.30,19.89,18.76,19.68,62002
7-Oct-11,19.72,19.72,18.60,18.91,27958
6-Oct-11,19.46,19.85,19.07,19.63,37219
5-Oct-11,19.95,20.19,19.11,19.42,33368
4-Oct-11,18.13,20.18,18.13,19.84,42768
3-Oct-11,19.61,20.28,18.22,18.34,36615
30-Sep-11,19.90,19.90,19.90,19.90,0
29-Sep-11,19.83,20.17,19.64,20.17,29194
