Date,Open,High,Low,Close,Volume
26-Sep-12,51.07,51.24,50.46,51.14,457668
25-Sep-12,53.13,53.14,51.46,51.51,244185
24-Sep-12,53.31,53.45,52.83,53.06,225245
21-Sep-12,54.18,54.40,53.83,53.83,10927
20-Sep-12,54.01,54.04,53.54,53.77,57312
19-Sep-12,54.39,54.65,54.25,54.30,22164
18-Sep-12,54.67,54.67,54.51,54.63,29364
17-Sep-12,55.22,55.22,54.68,54.86,27219
14-Sep-12,55.08,55.96,55.00,55.43,59569
13-Sep-12,54.14,54.88,53.75,54.71,249616
12-Sep-12,54.32,54.45,54.00,54.23,28809
11-Sep-12,53.87,54.31,53.82,54.11,39737
10-Sep-12,54.36,54.49,53.70,53.76,78996
7-Sep-12,54.76,54.80,54.38,54.71,663520
6-Sep-12,53.65,55.13,53.62,54.86,347163
5-Sep-12,53.51,53.83,53.06,53.24,75508
4-Sep-12,54.04,54.04,52.97,53.53,106855
31-Aug-12,53.75,54.22,53.26,53.95,230595
30-Aug-12,53.79,53.88,53.22,53.31,223454
29-Aug-12,54.10,54.37,53.75,54.14,161192
28-Aug-12,54.09,54.38,53.91,54.08,127097
27-Aug-12,54.53,54.62,53.96,54.16,130153
24-Aug-12,54.15,54.53,53.74,54.37,102509
23-Aug-12,54.20,54.31,53.77,54.10,106742
22-Aug-12,54.75,54.75,54.08,54.41,357236
21-Aug-12,54.95,55.53,54.62,54.81,185429
20-Aug-12,55.00,55.00,54.41,54.78,436403
17-Aug-12,55.51,55.51,54.98,55.15,79410
16-Aug-12,54.65,55.66,54.65,55.55,252943
15-Aug-12,54.19,54.94,54.04,54.69,139636
14-Aug-12,55.22,55.23,54.15,54.38,440552
13-Aug-12,55.15,55.15,54.24,54.80,127820
10-Aug-12,54.79,55.28,54.79,55.28,212322
9-Aug-12,54.61,55.08,54.51,55.00,299890
8-Aug-12,54.23,54.71,54.13,54.57,413615
7-Aug-12,53.64,54.85,53.63,54.44,341541
6-Aug-12,53.15,53.63,53.15,53.21,96160
3-Aug-12,52.66,53.34,52.40,53.03,270686
2-Aug-12,51.62,52.71,51.44,51.87,218961
1-Aug-12,52.46,52.66,51.83,52.18,348977
31-Jul-12,52.00,52.78,51.99,52.19,413035
30-Jul-12,52.17,52.60,51.49,51.81,226688
27-Jul-12,51.17,52.40,51.06,52.28,623465
26-Jul-12,50.90,51.41,50.53,51.03,462621
25-Jul-12,49.34,50.53,49.34,49.93,367521
24-Jul-12,49.43,49.43,48.46,48.95,237402
23-Jul-12,48.65,49.39,48.00,49.18,591740
20-Jul-12,50.38,50.55,49.59,49.59,475166
19-Jul-12,50.13,50.86,50.12,50.43,480332
18-Jul-12,47.68,49.74,47.55,49.44,661880
17-Jul-12,48.25,48.25,47.02,47.81,326572
16-Jul-12,48.34,48.34,47.67,48.01,189351
13-Jul-12,48.27,48.67,48.16,48.46,210939
12-Jul-12,48.49,48.49,47.68,48.12,267898
11-Jul-12,49.49,49.66,48.65,48.89,198371
10-Jul-12,50.14,50.77,49.09,49.44,402558
9-Jul-12,51.06,51.21,50.32,50.48,770097
6-Jul-12,51.95,51.97,50.71,51.16,235751
5-Jul-12,52.49,52.71,51.99,52.48,76345
3-Jul-12,52.33,52.93,52.17,52.88,195673
2-Jul-12,52.58,52.63,51.85,52.24,161646
29-Jun-12,51.34,52.32,51.27,52.32,336658
28-Jun-12,50.17,50.32,49.46,50.14,194902
27-Jun-12,49.89,50.59,49.85,50.46,164340
26-Jun-12,49.71,50.05,49.26,49.82,105580
25-Jun-12,50.86,50.86,49.52,49.63,216607
22-Jun-12,50.94,51.45,50.80,51.29,205974
21-Jun-12,52.55,52.55,50.52,50.56,285273
20-Jun-12,52.29,52.93,52.16,52.71,209537
19-Jun-12,52.07,52.44,51.76,52.25,159622
18-Jun-12,50.66,51.99,50.66,51.69,211844
15-Jun-12,50.19,51.03,50.19,50.98,142435
14-Jun-12,50.31,50.40,49.63,50.19,128868
13-Jun-12,50.74,51.02,50.11,50.30,268636
12-Jun-12,49.95,50.84,49.82,50.70,191129
11-Jun-12,51.34,51.44,49.66,49.81,355196
8-Jun-12,49.82,50.76,49.62,50.52,188599
7-Jun-12,51.24,51.40,49.89,50.00,283641
6-Jun-12,49.37,50.70,49.37,50.45,273975
5-Jun-12,48.01,49.12,47.99,48.91,237784
4-Jun-12,48.15,48.66,47.45,47.99,337716
1-Jun-12,49.26,49.26,48.00,48.07,410782
31-May-12,50.63,50.63,49.54,50.22,372420
30-May-12,50.93,51.07,50.45,50.75,159209
29-May-12,51.07,51.78,51.03,51.47,131644
25-May-12,49.98,50.77,49.98,50.39,202150
24-May-12,50.76,50.77,49.61,49.89,197947
23-May-12,49.72,50.67,49.42,50.61,442604
22-May-12,50.77,50.78,50.08,50.41,189767
21-May-12,49.66,50.83,49.54,50.78,246560
18-May-12,50.81,50.81,49.42,49.54,293297
17-May-12,51.68,51.85,50.50,50.51,192732
16-May-12,52.60,52.78,51.58,51.65,157949
15-May-12,52.89,53.42,52.35,52.46,171820
14-May-12,53.00,53.38,52.78,53.02,149213
11-May-12,53.03,54.17,53.01,53.54,150816
10-May-12,53.76,53.78,52.76,53.17,189392
9-May-12,52.79,53.62,52.25,53.37,237091
8-May-12,53.45,53.65,52.43,53.56,295755
7-May-12,53.82,54.25,53.80,53.87,168138
4-May-12,54.91,55.16,53.91,54.03,368705
3-May-12,56.49,56.83,55.09,55.14,206074
2-May-12,55.83,56.63,55.78,56.55,135278
1-May-12,55.96,56.70,55.90,56.28,152394
30-Apr-12,56.39,56.41,56.05,56.11,364539
27-Apr-12,56.47,56.52,55.79,56.35,227400
26-Apr-12,55.27,56.44,55.27,56.34,363678
25-Apr-12,54.78,55.20,54.46,55.07,220145
24-Apr-12,54.39,54.53,53.69,53.87,175965
23-Apr-12,54.26,54.33,53.75,54.27,320187
20-Apr-12,56.30,56.30,54.91,54.94,456043
19-Apr-12,56.69,57.59,55.94,56.24,255750
18-Apr-12,56.77,57.14,56.34,56.94,172607
17-Apr-12,56.90,57.64,56.90,57.36,337554
16-Apr-12,56.99,57.06,55.99,56.48,242045
13-Apr-12,57.34,57.48,56.47,56.50,221896
12-Apr-12,56.66,57.72,56.59,57.52,145469
11-Apr-12,56.25,56.86,56.16,56.45,216856
10-Apr-12,56.45,56.91,55.42,55.52,283062
9-Apr-12,56.49,56.73,56.21,56.59,248403
5-Apr-12,56.97,57.55,56.97,57.35,463131
4-Apr-12,57.74,57.82,56.70,57.26,353997
3-Apr-12,59.19,59.28,58.31,58.55,432230
2-Apr-12,59.18,59.64,58.60,59.50,126315
30-Mar-12,59.62,59.80,59.00,59.45,195258
29-Mar-12,58.66,59.32,58.45,59.20,433667
28-Mar-12,59.96,60.02,58.78,59.19,352630
27-Mar-12,59.93,60.33,59.88,59.88,211726
26-Mar-12,59.55,59.92,59.23,59.90,266625
22-Mar-12,58.90,59.21,58.60,59.07,206497
19-Mar-12,59.23,59.84,58.96,59.62,178482
16-Mar-12,59.30,59.30,58.87,59.20,244448
15-Mar-12,58.24,59.15,58.22,59.10,691170
14-Mar-12,58.28,58.92,57.88,57.95,223642
13-Mar-12,57.36,58.14,57.31,58.14,397997
12-Mar-12,57.42,57.42,56.71,56.90,172921
9-Mar-12,56.79,57.49,56.79,57.45,233983
8-Mar-12,56.52,56.97,56.25,56.83,511463
7-Mar-12,55.29,56.23,55.29,56.00,400510
6-Mar-12,54.87,55.29,54.53,55.19,257082
5-Mar-12,56.90,56.95,55.50,55.71,381799
2-Mar-12,57.64,57.99,57.06,57.07,158290
1-Mar-12,57.86,58.27,57.48,57.72,162090
29-Feb-12,58.67,58.67,57.57,57.68,208997
28-Feb-12,57.71,58.86,57.71,58.55,265750
27-Feb-12,57.25,58.05,56.87,57.62,206582
24-Feb-12,57.83,58.12,57.50,57.56,278377
23-Feb-12,57.60,57.83,56.90,57.74,117638
22-Feb-12,57.80,58.16,57.44,57.64,119440
21-Feb-12,58.86,58.86,57.67,57.85,154091
17-Feb-12,58.65,58.65,58.65,58.65,0
16-Feb-12,57.89,59.28,57.67,59.20,257995
15-Feb-12,57.90,58.42,57.69,57.75,262263
14-Feb-12,57.08,57.46,56.93,57.45,344225
13-Feb-12,57.44,57.67,56.50,57.24,52695
10-Feb-12,57.53,57.76,56.81,57.07,153536
9-Feb-12,58.26,58.34,57.76,58.20,137333
8-Feb-12,57.41,58.43,57.41,58.01,232315
7-Feb-12,57.09,57.48,56.68,57.32,536396
6-Feb-12,57.77,57.77,56.98,57.29,149492
3-Feb-12,57.77,58.19,57.53,57.95,277354
2-Feb-12,56.93,57.44,56.75,57.06,404169
1-Feb-12,56.25,57.16,56.03,56.75,652978
31-Jan-12,55.85,56.00,55.12,55.51,108728
30-Jan-12,55.68,55.68,54.85,55.47,314889
27-Jan-12,55.70,56.24,55.54,56.05,138011
26-Jan-12,56.67,56.94,55.57,55.87,259199
25-Jan-12,56.37,56.58,55.60,56.46,396642
24-Jan-12,55.82,56.40,55.63,56.22,486852
23-Jan-12,56.15,56.40,55.61,56.02,1494422
20-Jan-12,55.68,56.26,55.62,56.20,1601417
19-Jan-12,55.35,55.98,55.22,55.93,582066
18-Jan-12,52.78,54.95,52.78,54.84,473440
17-Jan-12,52.53,52.78,52.16,52.19,67643
13-Jan-12,52.04,52.04,52.04,52.04,0
12-Jan-12,52.73,53.22,52.41,53.12,120490
11-Jan-12,52.53,52.53,52.53,52.53,0
10-Jan-12,52.54,52.65,52.17,52.38,233453
9-Jan-12,51.13,51.95,51.07,51.86,356665
6-Jan-12,50.68,50.93,50.36,50.65,32741
5-Jan-12,49.87,50.78,49.82,50.70,382671
4-Jan-12,49.44,49.44,49.44,49.44,0
3-Jan-12,50.51,50.81,49.94,50.02,123740
30-Dec-11,49.50,49.50,49.50,49.50,0
29-Dec-11,49.38,49.66,49.11,49.58,91882
28-Dec-11,49.16,49.16,49.16,49.16,0
27-Dec-11,49.82,50.30,49.72,49.89,327883
23-Dec-11,49.95,49.95,49.95,49.95,0
22-Dec-11,48.27,49.89,48.27,49.73,398514
21-Dec-11,48.82,48.82,47.54,48.22,98661
20-Dec-11,48.67,48.67,48.67,48.67,0
19-Dec-11,48.05,48.16,46.61,46.64,446199
16-Dec-11,47.97,48.63,47.79,48.03,302585
15-Dec-11,48.41,48.63,47.39,47.57,146186
14-Dec-11,48.46,48.56,47.54,47.69,461873
13-Dec-11,48.38,48.38,48.38,48.38,0
12-Dec-11,49.64,49.64,49.64,49.64,0
9-Dec-11,49.81,51.21,49.53,50.99,142211
8-Dec-11,51.46,51.90,50.27,50.32,54296
7-Dec-11,50.95,51.97,50.64,51.85,132084
6-Dec-11,51.38,51.46,50.88,51.17,92522
5-Dec-11,51.37,51.37,51.37,51.37,0
2-Dec-11,51.60,51.73,50.81,50.88,200686
1-Dec-11,50.51,51.06,50.27,50.87,145589
30-Nov-11,49.24,50.68,49.24,50.53,232158
29-Nov-11,48.36,48.59,47.73,47.84,165177
28-Nov-11,47.87,47.87,47.87,47.87,0
25-Nov-11,47.05,47.68,46.72,46.72,39346
23-Nov-11,47.30,47.30,47.30,47.30,0
22-Nov-11,48.80,48.80,48.80,48.80,0
21-Nov-11,49.60,49.72,48.72,49.47,179524
18-Nov-11,51.02,51.09,50.13,50.41,111001
17-Nov-11,52.75,52.75,50.24,50.89,240455
16-Nov-11,53.15,53.15,53.15,53.15,0
15-Nov-11,52.17,53.44,52.17,53.12,224768
14-Nov-11,52.98,53.31,52.13,52.46,220643
11-Nov-11,53.13,53.13,53.13,53.13,0
10-Nov-11,51.48,51.64,50.52,51.24,160864
9-Nov-11,52.12,52.12,50.77,50.90,195504
8-Nov-11,53.41,53.51,52.44,53.25,100865
7-Nov-11,52.91,53.11,52.12,53.01,145028
4-Nov-11,52.14,53.24,52.04,53.04,144099
3-Nov-11,51.41,52.52,50.42,52.44,191356
2-Nov-11,51.13,51.38,50.52,50.92,197011
1-Nov-11,50.84,51.23,50.35,50.73,329351
31-Oct-11,52.69,52.69,52.69,52.69,0
28-Oct-11,53.53,53.71,53.17,53.70,119832
27-Oct-11,52.91,53.89,52.49,53.49,305653
26-Oct-11,51.49,51.90,50.31,51.32,203472
25-Oct-11,51.53,52.05,51.03,51.15,206060
24-Oct-11,50.45,52.10,50.45,52.01,210430
21-Oct-11,49.98,51.02,49.98,50.33,556914
20-Oct-11,49.88,49.88,48.34,49.28,199514
19-Oct-11,50.91,51.09,50.04,50.15,418388
18-Oct-11,50.23,51.35,49.60,51.18,169020
17-Oct-11,50.41,50.41,50.41,50.41,0
14-Oct-11,51.50,51.59,50.67,51.51,541990
13-Oct-11,49.68,51.12,49.68,50.93,243177
12-Oct-11,50.02,50.02,50.02,50.02,0
11-Oct-11,49.51,49.73,49.21,49.55,181273
10-Oct-11,48.99,49.89,48.99,49.60,299017
7-Oct-11,48.41,48.41,48.41,48.41,0
6-Oct-11,47.44,48.10,46.89,48.02,191822
5-Oct-11,45.98,47.62,45.43,47.44,459736
4-Oct-11,43.56,46.08,43.54,45.98,1155084
3-Oct-11,45.58,46.08,44.19,44.22,372414
30-Sep-11,46.79,47.20,45.89,45.92,532479
29-Sep-11,46.66,46.66,46.66,46.66,0
