Date,Open,High,Low,Close,Volume
27-Sep-12,16.56,16.56,16.56,16.56,126
26-Sep-12,16.60,16.60,16.60,16.60,200
25-Sep-12,16.60,16.60,16.50,16.50,300
24-Sep-12,16.58,16.58,16.50,16.50,900
21-Sep-12,16.63,16.63,16.63,16.63,489
20-Sep-12,16.42,16.42,16.42,16.42,0
19-Sep-12,16.57,16.59,16.42,16.42,600
18-Sep-12,16.58,16.58,16.58,16.58,173
17-Sep-12,16.61,16.76,16.61,16.75,400
14-Sep-12,16.75,16.75,16.75,16.75,0
13-Sep-12,16.75,16.75,16.75,16.75,200
12-Sep-12,16.80,16.80,16.80,16.80,500
11-Sep-12,16.51,16.51,16.51,16.51,0
10-Sep-12,16.51,16.51,16.51,16.51,0
7-Sep-12,16.70,16.71,16.51,16.51,1188
6-Sep-12,16.78,16.78,16.78,16.78,100
5-Sep-12,16.72,16.72,16.48,16.61,2072
4-Sep-12,16.57,16.75,16.50,16.54,1013
31-Aug-12,16.75,16.75,16.72,16.75,1100
30-Aug-12,16.61,16.61,16.61,16.61,0
29-Aug-12,16.54,16.75,16.40,16.50,3050
28-Aug-12,16.75,16.76,16.40,16.40,3240
27-Aug-12,16.60,16.75,16.60,16.75,1340
24-Aug-12,16.75,16.80,16.32,16.75,3182
23-Aug-12,16.87,16.90,16.87,16.90,600
22-Aug-12,17.25,17.25,16.90,16.90,2959
21-Aug-12,17.25,17.25,16.83,17.22,4172
20-Aug-12,17.23,17.25,16.90,17.08,2404
17-Aug-12,16.38,16.50,16.37,16.50,2150
16-Aug-12,16.75,16.75,16.75,16.75,0
15-Aug-12,16.75,16.75,16.25,16.25,234
14-Aug-12,16.85,16.96,16.25,16.84,4937
13-Aug-12,16.04,16.75,16.04,16.75,2990
10-Aug-12,16.50,16.50,16.50,16.50,0
9-Aug-12,15.72,16.60,15.72,16.50,4369
8-Aug-12,16.57,16.57,15.60,15.60,1505
7-Aug-12,16.76,16.76,16.55,16.55,334
6-Aug-12,16.51,16.98,16.51,16.98,1226
3-Aug-12,16.30,17.10,14.97,17.10,10645
2-Aug-12,16.74,16.74,16.72,16.74,896
1-Aug-12,16.56,16.56,16.56,16.56,230
31-Jul-12,17.00,17.00,16.52,16.52,600
30-Jul-12,17.46,17.46,16.43,17.15,2456
27-Jul-12,17.54,17.55,17.40,17.50,2974
26-Jul-12,17.10,17.69,17.01,17.69,600
25-Jul-12,17.23,17.24,17.10,17.10,4300
24-Jul-12,17.25,17.25,17.25,17.25,200
23-Jul-12,16.92,17.40,16.50,17.40,5460
20-Jul-12,17.10,17.10,17.10,17.10,0
19-Jul-12,17.10,17.10,16.84,16.84,889
18-Jul-12,17.00,17.49,16.90,16.90,501
17-Jul-12,17.52,17.59,17.02,17.30,2845
16-Jul-12,17.50,17.50,17.50,17.50,0
13-Jul-12,17.50,17.62,17.50,17.60,1535
12-Jul-12,17.58,17.59,17.55,17.55,780
11-Jul-12,17.67,17.67,17.67,17.67,0
10-Jul-12,17.52,17.52,17.52,17.52,0
9-Jul-12,17.70,17.70,17.35,17.50,1203
6-Jul-12,17.53,17.53,17.53,17.53,233
5-Jul-12,17.75,17.75,17.70,17.70,394
3-Jul-12,17.61,17.75,17.60,17.75,3700
2-Jul-12,17.55,17.75,17.55,17.75,5195
29-Jun-12,17.55,17.60,17.41,17.60,4077
28-Jun-12,17.55,17.55,17.55,17.55,100
27-Jun-12,17.56,17.56,17.33,17.50,1797
26-Jun-12,17.53,17.60,17.44,17.60,2655
25-Jun-12,17.85,17.85,17.41,17.41,3865
22-Jun-12,17.56,17.56,17.55,17.55,342
21-Jun-12,17.51,17.51,17.51,17.51,0
20-Jun-12,17.51,17.65,17.51,17.65,700
19-Jun-12,17.51,17.51,17.51,17.51,0
18-Jun-12,17.51,17.51,17.43,17.43,1160
15-Jun-12,17.35,17.75,17.35,17.75,2512
14-Jun-12,17.47,17.75,17.40,17.74,1018
13-Jun-12,17.77,17.77,17.35,17.35,300
12-Jun-12,17.78,17.79,17.51,17.79,3835
11-Jun-12,17.64,17.82,17.64,17.82,4021
8-Jun-12,17.34,17.75,17.34,17.75,2038
7-Jun-12,17.85,17.85,16.81,17.70,3145
6-Jun-12,17.84,17.84,17.76,17.84,1004
5-Jun-12,17.75,17.84,17.60,17.80,10000
4-Jun-12,17.86,17.86,17.30,17.75,16347
1-Jun-12,17.50,17.79,17.50,17.79,438
31-May-12,17.75,17.75,17.50,17.50,8300
30-May-12,17.69,17.80,17.69,17.80,1200
29-May-12,17.77,17.96,17.70,17.70,4407
25-May-12,17.33,17.87,17.33,17.87,4987
24-May-12,17.25,17.25,17.25,17.25,100
23-May-12,17.40,17.40,17.31,17.31,759
22-May-12,17.90,17.90,17.26,17.45,4100
21-May-12,17.55,17.89,17.30,17.87,2257
18-May-12,17.85,17.85,17.30,17.42,2343
17-May-12,17.31,17.90,17.30,17.30,2124
16-May-12,17.27,17.96,17.25,17.30,600
15-May-12,17.52,18.00,17.25,17.25,8878
14-May-12,17.88,18.00,17.06,18.00,2900
11-May-12,18.00,18.00,18.00,18.00,100
10-May-12,18.00,18.00,17.80,17.98,3422
9-May-12,17.53,17.53,17.53,17.53,0
8-May-12,17.41,18.40,17.41,17.63,21919
7-May-12,16.64,16.84,16.64,16.84,2591
4-May-12,16.65,16.65,16.65,16.65,0
3-May-12,16.00,16.65,16.00,16.65,403
2-May-12,16.26,16.34,16.26,16.34,456
1-May-12,16.22,16.22,16.21,16.21,635
30-Apr-12,16.28,16.28,16.28,16.28,1450
27-Apr-12,16.40,16.40,16.40,16.40,0
26-Apr-12,16.25,16.45,16.25,16.28,876
25-Apr-12,16.23,16.23,16.23,16.23,0
24-Apr-12,16.48,16.48,16.22,16.23,2476
23-Apr-12,16.56,16.56,16.56,16.56,0
20-Apr-12,16.52,16.52,16.52,16.52,479
19-Apr-12,16.59,16.60,16.59,16.60,860
18-Apr-12,16.50,16.50,16.50,16.50,0
17-Apr-12,16.22,16.41,16.22,16.41,839
16-Apr-12,16.50,16.70,16.50,16.70,5956
13-Apr-12,16.41,16.50,16.41,16.50,200
12-Apr-12,16.49,16.50,16.36,16.49,937
11-Apr-12,16.50,16.50,16.50,16.50,500
10-Apr-12,16.70,16.70,16.22,16.52,2766
9-Apr-12,16.63,16.70,16.06,16.70,830
5-Apr-12,16.65,16.95,16.65,16.87,350
4-Apr-12,16.95,16.95,16.95,16.95,200
3-Apr-12,16.60,17.10,16.52,16.80,4698
2-Apr-12,17.40,17.40,16.87,17.10,1499
30-Mar-12,16.52,16.52,16.51,16.51,300
29-Mar-12,16.83,16.83,16.83,16.83,0
28-Mar-12,16.69,16.90,16.69,16.83,1318
27-Mar-12,16.73,16.73,16.60,16.60,528
26-Mar-12,16.50,16.60,16.50,16.58,2451
23-Mar-12,16.22,16.35,16.21,16.21,500
22-Mar-12,16.50,16.50,16.21,16.22,683
21-Mar-12,16.45,16.45,16.42,16.42,232
20-Mar-12,16.29,16.48,16.18,16.48,900
19-Mar-12,16.35,16.38,16.20,16.29,1615
16-Mar-12,16.50,16.55,16.32,16.32,5056
15-Mar-12,16.71,16.80,16.36,16.80,1098
14-Mar-12,16.31,16.69,16.31,16.40,1657
13-Mar-12,16.50,16.50,16.50,16.50,100
12-Mar-12,16.27,16.47,16.27,16.47,300
9-Mar-12,16.72,16.80,16.71,16.80,1811
8-Mar-12,16.30,16.80,16.30,16.68,1280
7-Mar-12,16.74,16.74,16.57,16.57,300
6-Mar-12,16.24,16.37,16.20,16.20,841
5-Mar-12,16.37,16.74,16.26,16.28,999
2-Mar-12,16.55,16.55,16.45,16.45,2446
1-Mar-12,16.69,16.74,16.60,16.74,6878
29-Feb-12,16.60,16.67,16.60,16.65,945
28-Feb-12,16.40,16.50,16.40,16.50,1400
27-Feb-12,16.38,16.38,16.35,16.35,590
24-Feb-12,16.15,16.78,16.15,16.31,1689
23-Feb-12,16.33,16.73,16.30,16.73,800
22-Feb-12,16.58,16.58,16.58,16.58,0
21-Feb-12,16.81,16.81,16.58,16.58,2344
17-Feb-12,16.06,16.87,16.06,16.10,2964
16-Feb-12,16.46,16.50,16.36,16.36,6700
15-Feb-12,16.87,16.87,16.30,16.60,800
14-Feb-12,16.79,16.87,16.34,16.87,9020
13-Feb-12,16.71,16.81,16.71,16.80,3409
10-Feb-12,16.90,16.90,16.11,16.86,8512
9-Feb-12,16.61,16.61,16.03,16.57,1114
8-Feb-12,16.24,16.74,16.24,16.35,1307
6-Feb-12,16.27,16.27,16.27,16.27,0
3-Feb-12,15.84,16.99,15.84,15.99,16629
2-Feb-12,15.60,15.60,15.20,15.20,840
1-Feb-12,15.45,15.48,15.20,15.36,2100
31-Jan-12,15.61,15.61,15.18,15.25,2240
30-Jan-12,15.50,15.50,15.02,15.24,1140
27-Jan-12,15.01,15.01,15.00,15.00,1000
26-Jan-12,15.17,15.17,15.00,15.00,1149
25-Jan-12,15.00,15.00,15.00,15.00,0
24-Jan-12,15.39,15.39,15.39,15.39,231
23-Jan-12,15.34,15.34,15.34,15.34,0
20-Jan-12,15.01,15.04,15.01,15.04,212
19-Jan-12,15.50,15.50,14.63,15.48,4375
18-Jan-12,15.00,16.00,15.00,15.73,29595
17-Jan-12,14.82,15.20,14.78,15.12,6533
13-Jan-12,14.84,14.84,14.84,14.84,0
12-Jan-12,14.98,14.98,14.98,14.98,200
11-Jan-12,14.95,15.03,14.65,15.03,600
10-Jan-12,14.87,14.88,14.87,14.88,439
9-Jan-12,15.00,15.00,15.00,15.00,0
5-Jan-12,14.76,14.76,14.76,14.76,0
3-Jan-12,14.41,14.41,14.41,14.41,0
30-Dec-11,14.30,14.30,14.30,14.30,0
29-Dec-11,13.86,14.05,13.86,14.05,1200
28-Dec-11,14.27,14.38,13.86,13.86,4844
27-Dec-11,14.04,14.04,14.04,14.04,0
23-Dec-11,14.50,14.50,14.50,14.50,0
22-Dec-11,14.15,14.50,14.15,14.20,3404
21-Dec-11,13.98,14.00,13.98,14.00,750
20-Dec-11,13.85,14.15,13.80,14.15,669
19-Dec-11,13.55,13.60,13.55,13.57,700
16-Dec-11,13.46,13.85,13.46,13.50,5600
15-Dec-11,13.69,14.15,13.50,14.15,900
14-Dec-11,13.70,13.70,13.35,13.38,7365
13-Dec-11,14.35,14.47,13.78,13.78,4200
12-Dec-11,14.06,14.40,13.79,13.90,7797
9-Dec-11,14.34,14.72,14.18,14.18,1241
8-Dec-11,14.58,14.73,14.08,14.73,4077
6-Dec-11,14.71,14.71,14.71,14.71,0
5-Dec-11,14.44,14.44,14.44,14.44,260
2-Dec-11,14.42,14.42,14.13,14.13,448
1-Dec-11,14.06,14.06,14.05,14.05,645
30-Nov-11,14.20,14.44,14.10,14.10,1089
29-Nov-11,13.85,14.00,13.85,13.85,2082
28-Nov-11,13.84,13.91,13.82,13.84,1830
23-Nov-11,13.62,13.62,13.62,13.62,0
22-Nov-11,13.96,13.96,13.91,13.91,480
21-Nov-11,14.01,14.01,14.00,14.00,910
17-Nov-11,14.25,14.25,14.25,14.25,0
16-Nov-11,14.38,14.88,14.30,14.40,1140
14-Nov-11,14.35,14.35,14.35,14.35,0
11-Nov-11,14.90,14.90,14.55,14.60,1949
10-Nov-11,14.80,14.80,14.50,14.70,3096
9-Nov-11,14.77,14.80,14.60,14.60,847
8-Nov-11,14.79,14.79,14.79,14.79,100
4-Nov-11,14.67,14.67,14.67,14.67,0
3-Nov-11,14.71,14.71,14.71,14.71,400
2-Nov-11,14.74,14.89,14.70,14.70,900
31-Oct-11,14.18,14.18,14.18,14.18,0
28-Oct-11,14.90,14.90,14.90,14.90,0
27-Oct-11,14.15,14.49,13.13,14.47,750
26-Oct-11,13.80,14.50,13.50,14.25,1510
25-Oct-11,14.35,14.50,14.35,14.50,925
21-Oct-11,14.67,14.67,14.67,14.67,0
20-Oct-11,14.60,14.60,14.14,14.14,343
19-Oct-11,14.30,14.30,14.30,14.30,303
18-Oct-11,14.48,14.48,14.48,14.48,100
17-Oct-11,13.90,15.00,13.90,14.35,1860
14-Oct-11,14.01,14.01,13.77,13.96,3620
13-Oct-11,14.00,14.29,13.95,14.00,4325
12-Oct-11,13.65,14.00,13.65,14.00,1000
11-Oct-11,13.93,14.08,13.78,14.01,1000
10-Oct-11,14.01,14.05,14.01,14.05,676
7-Oct-11,13.97,13.97,13.97,13.97,124
6-Oct-11,13.54,13.87,13.54,13.87,423
5-Oct-11,13.89,13.90,13.89,13.90,400
4-Oct-11,13.75,13.75,13.75,13.75,680
3-Oct-11,13.75,13.90,13.75,13.90,755
30-Sep-11,13.58,13.92,13.92,13.92,0
29-Sep-11,13.68,13.68,13.68,13.68,0
