Date,Open,High,Low,Close,Volume
27-Sep-12,3.74,3.81,3.61,3.70,38160
26-Sep-12,3.80,3.93,3.69,3.74,38358
25-Sep-12,3.76,3.82,3.66,3.78,31858
24-Sep-12,3.73,3.75,3.67,3.70,16471
21-Sep-12,3.76,3.76,3.71,3.75,29694
20-Sep-12,3.73,3.80,3.66,3.66,3468
19-Sep-12,3.69,3.88,3.64,3.73,34961
18-Sep-12,3.70,3.78,3.65,3.68,48349
17-Sep-12,3.63,3.76,3.60,3.72,15679
14-Sep-12,3.61,3.70,3.59,3.65,11247
13-Sep-12,3.66,3.77,3.58,3.75,45887
12-Sep-12,3.70,3.70,3.52,3.65,22026
11-Sep-12,3.68,3.70,3.52,3.65,16087
10-Sep-12,3.76,3.80,3.57,3.70,14740
7-Sep-12,3.86,3.86,3.68,3.72,23478
6-Sep-12,3.59,3.95,3.59,3.84,41106
5-Sep-12,3.68,3.68,3.50,3.60,15974
4-Sep-12,3.66,3.73,3.55,3.73,8264
31-Aug-12,3.63,3.75,3.55,3.75,3181
30-Aug-12,3.74,3.74,3.56,3.56,2082
29-Aug-12,3.71,3.76,3.67,3.76,7611
28-Aug-12,3.43,3.80,3.43,3.80,13912
27-Aug-12,3.57,3.57,3.40,3.51,5614
24-Aug-12,3.41,3.53,3.40,3.52,11467
23-Aug-12,3.53,3.53,3.44,3.44,2516
22-Aug-12,3.52,3.57,3.50,3.50,3067
21-Aug-12,3.73,3.73,3.53,3.54,21357
20-Aug-12,3.95,3.95,3.57,3.65,33303
17-Aug-12,3.91,4.00,3.87,4.00,15335
16-Aug-12,3.95,4.00,3.92,3.94,10244
15-Aug-12,3.94,4.00,3.83,3.95,11496
14-Aug-12,3.93,4.07,3.75,3.80,80767
13-Aug-12,3.66,3.95,3.65,3.91,34933
10-Aug-12,3.49,3.69,3.49,3.64,4421
9-Aug-12,3.54,3.55,3.40,3.48,10137
8-Aug-12,3.60,3.60,3.41,3.57,7371
7-Aug-12,3.71,3.75,3.53,3.66,13736
6-Aug-12,3.57,3.77,3.57,3.72,6746
3-Aug-12,3.58,3.60,3.52,3.59,9183
2-Aug-12,3.65,3.65,3.43,3.50,12913
1-Aug-12,3.52,3.58,3.40,3.42,38510
31-Jul-12,3.57,3.58,3.50,3.52,11508
30-Jul-12,3.66,3.69,3.55,3.59,5611
27-Jul-12,3.58,3.66,3.46,3.65,14719
26-Jul-12,3.51,3.65,3.40,3.59,16062
25-Jul-12,3.61,3.61,3.50,3.55,8123
24-Jul-12,3.82,3.82,3.51,3.58,23637
23-Jul-12,3.75,3.92,3.70,3.80,14797
20-Jul-12,3.96,3.96,3.75,3.90,13633
19-Jul-12,3.99,4.00,3.86,3.88,10518
18-Jul-12,3.86,4.00,3.86,3.95,28220
17-Jul-12,3.98,4.00,3.93,3.99,19117
16-Jul-12,4.00,4.00,3.93,3.94,6446
13-Jul-12,3.87,3.98,3.86,3.98,20252
12-Jul-12,3.91,3.91,3.77,3.87,11405
11-Jul-12,3.90,3.93,3.74,3.93,21351
10-Jul-12,3.58,3.90,3.56,3.88,28033
9-Jul-12,3.88,3.88,3.51,3.56,29700
6-Jul-12,3.89,3.94,3.81,3.88,7480
5-Jul-12,3.90,3.97,3.88,3.95,7682
3-Jul-12,3.96,3.99,3.63,3.96,15142
2-Jul-12,3.67,4.03,3.59,4.00,30698
29-Jun-12,3.93,3.94,3.51,3.60,85836
28-Jun-12,3.80,3.95,3.51,3.93,116152
27-Jun-12,3.86,3.89,3.63,3.80,26919
26-Jun-12,3.80,3.84,3.61,3.69,22024
25-Jun-12,3.83,3.90,3.64,3.82,24309
22-Jun-12,4.02,4.02,3.71,3.85,1617991
21-Jun-12,4.00,4.04,3.95,4.01,59090
20-Jun-12,3.99,4.00,3.92,4.00,38422
19-Jun-12,3.89,4.00,3.70,3.95,47602
18-Jun-12,3.97,4.48,3.83,3.96,86027
15-Jun-12,3.99,4.04,3.95,3.95,63762
14-Jun-12,3.95,4.07,3.95,3.95,85949
13-Jun-12,3.93,4.04,3.90,3.95,23700
12-Jun-12,4.05,4.05,3.92,4.00,22778
11-Jun-12,3.80,4.12,3.79,4.02,215516
8-Jun-12,3.76,3.85,3.76,3.76,13694
7-Jun-12,3.81,3.84,3.67,3.79,5400
6-Jun-12,3.80,3.85,3.71,3.72,42732
5-Jun-12,3.64,3.90,3.62,3.71,145131
4-Jun-12,4.09,4.10,3.65,3.65,79049
1-Jun-12,3.91,4.00,3.80,3.86,1900
31-May-12,3.88,4.00,3.86,3.99,13165
30-May-12,3.93,3.93,3.90,3.90,1395
29-May-12,3.79,3.99,3.79,3.98,93759
25-May-12,3.72,3.82,3.72,3.81,698
24-May-12,3.84,3.90,3.70,3.70,10617
23-May-12,3.83,3.85,3.68,3.85,2009
22-May-12,3.96,4.01,3.95,3.98,9664
21-May-12,3.63,4.00,3.63,3.95,32103
18-May-12,3.70,3.84,3.59,3.59,2100
17-May-12,3.65,3.85,3.55,3.85,28138
16-May-12,3.82,3.99,3.74,3.76,3300
15-May-12,3.88,4.00,3.71,3.73,38963
14-May-12,3.80,3.95,3.80,3.95,60782
11-May-12,3.79,3.80,3.79,3.80,200
10-May-12,3.86,3.90,3.73,3.80,3000
9-May-12,3.78,4.02,3.75,3.90,38065
8-May-12,3.47,4.10,3.45,3.95,79290
7-May-12,3.41,3.41,3.41,3.41,0
4-May-12,3.41,3.41,3.41,3.41,0
3-May-12,3.41,3.41,3.41,3.41,0
2-May-12,3.50,3.50,3.50,3.50,100
1-May-12,3.52,3.52,3.52,3.52,200
30-Apr-12,3.35,3.35,3.34,3.34,600
27-Apr-12,3.41,3.42,3.32,3.34,957
26-Apr-12,3.56,3.56,3.56,3.56,0
25-Apr-12,3.56,3.56,3.55,3.55,200
24-Apr-12,3.57,3.57,3.55,3.55,400
23-Apr-12,3.46,3.58,3.46,3.57,1030
20-Apr-12,3.49,3.49,3.49,3.49,300
19-Apr-12,3.33,3.58,3.33,3.52,4222
18-Apr-12,3.38,3.38,3.33,3.33,449
17-Apr-12,3.44,3.45,3.44,3.45,1200
16-Apr-12,3.31,3.31,3.31,3.31,0
13-Apr-12,3.31,3.31,3.31,3.31,0
12-Apr-12,3.33,3.50,3.31,3.31,2800
11-Apr-12,3.27,3.28,3.25,3.28,600
10-Apr-12,3.50,3.50,3.41,3.41,1553
9-Apr-12,3.56,3.56,3.40,3.43,786
5-Apr-12,3.60,3.60,3.60,3.60,2081
4-Apr-12,3.38,3.60,3.38,3.59,1486
3-Apr-12,3.44,3.51,3.44,3.46,300
2-Apr-12,3.55,3.57,3.50,3.57,1401
30-Mar-12,3.52,3.52,3.52,3.52,100
29-Mar-12,3.51,3.52,3.51,3.52,300
28-Mar-12,3.51,3.58,3.50,3.50,5385
27-Mar-12,3.50,3.60,3.50,3.60,13079
26-Mar-12,3.37,3.50,3.32,3.40,6759
23-Mar-12,3.12,3.42,3.10,3.42,24388
22-Mar-12,3.10,3.20,3.10,3.13,18946
21-Mar-12,3.30,3.33,3.03,3.04,32557
20-Mar-12,3.35,3.41,3.33,3.36,63096
19-Mar-12,3.39,3.50,3.33,3.33,18009
16-Mar-12,3.60,3.60,3.49,3.50,5817
15-Mar-12,3.53,3.70,3.53,3.65,9414
14-Mar-12,3.50,3.80,3.49,3.75,48204
13-Mar-12,3.70,3.70,3.45,3.69,16445
12-Mar-12,4.00,4.00,3.80,3.85,11500
9-Mar-12,4.05,4.05,4.05,4.05,0
8-Mar-12,4.05,4.05,4.05,4.05,500
7-Mar-12,4.03,4.05,3.95,4.00,7265
6-Mar-12,4.00,4.08,3.82,3.97,8500
5-Mar-12,4.00,4.00,4.00,4.00,0
2-Mar-12,3.95,4.00,3.93,4.00,800
1-Mar-12,3.97,3.97,3.97,3.97,348
29-Feb-12,4.00,4.00,4.00,4.00,200
28-Feb-12,3.91,4.05,3.91,3.99,4765
27-Feb-12,4.00,4.02,4.00,4.00,4260
24-Feb-12,4.01,4.01,4.01,4.01,100
23-Feb-12,4.00,4.04,4.00,4.01,900
22-Feb-12,4.04,4.08,4.00,4.08,4041
21-Feb-12,4.00,4.01,4.00,4.00,900
17-Feb-12,3.87,3.87,3.87,3.87,241
16-Feb-12,4.02,4.02,4.02,4.02,0
15-Feb-12,3.97,4.02,3.97,3.99,500
14-Feb-12,3.88,4.05,3.86,4.05,1340
13-Feb-12,3.94,4.13,3.81,3.86,2360
10-Feb-12,3.81,4.10,3.81,4.00,7100
9-Feb-12,4.04,4.04,4.04,4.04,300
8-Feb-12,3.90,4.10,3.90,4.02,9890
6-Feb-12,3.90,3.90,3.90,3.90,0
3-Feb-12,3.91,4.17,3.91,4.01,6151
2-Feb-12,4.10,4.24,3.87,4.00,20436
31-Jan-12,4.25,4.25,4.25,4.25,0
30-Jan-12,4.24,4.24,4.06,4.23,1850
27-Jan-12,4.26,4.30,4.25,4.28,4905
26-Jan-12,4.17,4.30,4.15,4.28,5934
25-Jan-12,4.24,4.30,4.06,4.30,7438
24-Jan-12,4.10,4.27,4.09,4.25,12719
23-Jan-12,4.16,4.29,4.09,4.29,14439
20-Jan-12,4.06,4.33,3.97,4.33,64182
19-Jan-12,3.99,4.01,3.97,4.01,8980
18-Jan-12,4.00,4.00,3.87,3.87,27660
17-Jan-12,4.10,4.10,4.08,4.08,7320
13-Jan-12,3.95,3.95,3.95,3.95,0
12-Jan-12,4.00,4.00,3.97,3.98,6200
11-Jan-12,3.92,3.99,3.92,3.99,18369
10-Jan-12,3.90,3.98,3.90,3.98,33886
9-Jan-12,3.85,3.92,3.80,3.88,13035
6-Jan-12,3.73,3.79,3.73,3.75,3630
5-Jan-12,3.80,3.80,3.71,3.79,2640
4-Jan-12,3.70,3.80,3.62,3.74,12350
3-Jan-12,3.66,3.80,3.66,3.76,710
30-Dec-11,3.76,3.76,3.76,3.76,0
29-Dec-11,3.74,3.77,3.61,3.61,24382
28-Dec-11,3.85,3.85,3.65,3.79,77831
27-Dec-11,3.50,3.74,3.40,3.74,22823
23-Dec-11,3.16,3.16,3.16,3.16,0
22-Dec-11,2.99,3.13,2.98,3.13,14744
21-Dec-11,2.98,3.14,2.90,3.14,9050
20-Dec-11,3.00,3.00,2.81,3.00,11352
19-Dec-11,2.85,2.99,2.80,2.99,2839
16-Dec-11,2.83,2.89,2.80,2.89,8490
15-Dec-11,2.79,2.89,2.72,2.80,7484
14-Dec-11,2.90,2.92,2.72,2.88,8832
13-Dec-11,3.01,3.01,2.90,2.95,31235
12-Dec-11,3.10,3.10,2.94,3.02,15260
9-Dec-11,3.10,3.21,3.10,3.11,2842
8-Dec-11,3.10,3.15,3.10,3.15,3690
7-Dec-11,3.15,3.16,3.10,3.15,13235
6-Dec-11,3.17,3.25,3.10,3.22,10736
5-Dec-11,3.35,3.35,3.29,3.35,7389
2-Dec-11,3.49,3.50,3.49,3.50,600
1-Dec-11,3.45,3.49,3.37,3.37,6836
30-Nov-11,3.70,3.70,3.35,3.54,17282
29-Nov-11,3.78,3.78,3.62,3.67,1116
28-Nov-11,3.33,3.77,3.32,3.63,16075
25-Nov-11,3.51,3.74,3.18,3.74,9931
23-Nov-11,3.80,3.80,3.80,3.80,0
22-Nov-11,3.53,3.62,3.53,3.56,1400
21-Nov-11,3.77,3.80,3.53,3.80,4700
18-Nov-11,3.52,3.99,3.52,3.81,28819
17-Nov-11,3.88,3.88,3.73,3.80,5080
16-Nov-11,3.51,3.98,3.33,3.98,19135
15-Nov-11,3.57,3.90,3.57,3.90,4953
14-Nov-11,3.96,3.98,3.90,3.90,2240
10-Nov-11,3.90,3.90,3.90,3.90,0
9-Nov-11,4.00,4.00,3.82,3.90,5700
8-Nov-11,3.41,4.20,3.41,4.20,3975
4-Nov-11,3.87,3.87,3.87,3.87,0
3-Nov-11,3.55,3.75,3.53,3.75,1800
2-Nov-11,3.67,3.74,3.50,3.50,765
1-Nov-11,3.45,3.55,3.45,3.45,1400
31-Oct-11,3.56,3.56,3.56,3.56,400
28-Oct-11,3.65,3.65,3.65,3.65,0
27-Oct-11,3.62,3.68,3.56,3.65,10375
26-Oct-11,3.50,3.56,3.50,3.56,5700
25-Oct-11,3.38,3.55,3.38,3.55,1300
24-Oct-11,3.26,3.30,3.26,3.30,200
20-Oct-11,3.10,3.10,3.10,3.10,0
19-Oct-11,3.20,3.22,3.07,3.19,2100
18-Oct-11,3.11,3.21,3.05,3.15,9300
17-Oct-11,3.47,3.53,2.99,3.06,19815
14-Oct-11,3.06,3.12,3.04,3.12,300
13-Oct-11,3.01,3.10,3.01,3.04,400
12-Oct-11,3.01,3.10,2.96,3.06,2049
11-Oct-11,2.85,3.21,2.85,3.06,5686
10-Oct-11,2.85,2.85,2.85,2.85,631
7-Oct-11,2.91,2.91,2.91,2.91,250
6-Oct-11,2.86,2.86,2.75,2.75,1900
5-Oct-11,2.75,2.75,2.75,2.75,600
3-Oct-11,2.75,2.75,2.75,2.75,0
30-Sep-11,2.95,2.98,2.94,2.94,860
29-Sep-11,2.95,3.05,2.92,2.99,2400
