Date,Open,High,Low,Close,Volume
27-Sep-12,7.46,7.98,7.39,7.82,80475
26-Sep-12,7.92,7.94,7.41,7.49,137934
25-Sep-12,8.63,8.80,7.76,7.94,214733
24-Sep-12,8.87,9.08,8.53,8.68,207952
21-Sep-12,8.76,9.24,8.70,8.80,61737
20-Sep-12,8.62,8.94,8.53,8.76,14196
19-Sep-12,8.85,8.88,8.39,8.68,16178
18-Sep-12,8.67,9.10,8.65,8.89,42195
17-Sep-12,8.64,8.93,8.51,8.67,22262
14-Sep-12,8.41,9.15,8.14,8.74,50919
13-Sep-12,8.39,8.75,8.20,8.40,30587
12-Sep-12,9.20,9.20,8.09,8.27,109816
11-Sep-12,8.92,9.59,8.62,9.17,272420
10-Sep-12,7.25,8.76,7.17,8.52,320403
7-Sep-12,6.99,7.15,6.89,6.91,135646
6-Sep-12,6.90,6.94,6.78,6.85,49162
5-Sep-12,6.82,6.97,6.73,6.95,33202
4-Sep-12,6.94,6.99,6.67,6.78,23993
31-Aug-12,7.04,7.08,6.75,6.93,72144
30-Aug-12,6.82,7.20,6.65,7.00,181128
29-Aug-12,6.86,7.49,6.57,6.78,426674
28-Aug-12,6.75,6.85,6.40,6.78,36659
27-Aug-12,6.67,6.81,6.45,6.70,47051
24-Aug-12,6.82,7.00,6.55,6.74,46594
23-Aug-12,7.05,7.05,6.61,6.77,113167
22-Aug-12,6.40,6.66,6.36,6.61,65068
21-Aug-12,6.90,7.01,6.35,6.65,71748
20-Aug-12,7.00,7.00,6.76,6.90,67178
17-Aug-12,7.07,7.49,6.90,7.00,189085
16-Aug-12,7.00,7.08,6.98,7.00,87473
15-Aug-12,6.98,7.08,6.90,7.01,82594
14-Aug-12,7.05,7.15,6.98,7.03,205571
13-Aug-12,6.97,7.10,6.86,7.00,263235
10-Aug-12,6.70,7.06,6.70,6.93,1233627
9-Aug-12,8.69,8.93,7.77,8.20,156178
8-Aug-12,8.83,9.20,8.46,8.46,90639
7-Aug-12,9.49,9.49,8.55,8.91,64422
6-Aug-12,9.90,10.25,8.88,9.32,239807
3-Aug-12,8.90,8.90,8.00,8.47,59446
2-Aug-12,9.10,9.24,8.48,8.49,31893
1-Aug-12,10.00,10.00,8.59,9.01,65663
31-Jul-12,9.74,10.17,9.05,9.25,110089
30-Jul-12,10.00,10.24,9.60,9.80,144078
27-Jul-12,10.70,10.78,9.95,10.01,120657
26-Jul-12,11.38,11.38,10.40,10.73,160187
25-Jul-12,12.86,13.69,11.00,11.44,736783
24-Jul-12,10.55,11.20,9.90,10.05,126250
23-Jul-12,9.99,12.50,9.60,10.55,381169
20-Jul-12,10.20,10.45,9.63,10.19,63790
19-Jul-12,10.91,10.91,9.60,10.26,239099
18-Jul-12,9.75,10.93,9.08,9.90,522237
17-Jul-12,11.00,11.00,8.66,9.40,299623
16-Jul-12,12.98,13.15,10.95,11.03,379458
13-Jul-12,13.60,14.54,12.00,12.68,788597
12-Jul-12,10.90,14.01,10.40,12.66,1553519
11-Jul-12,13.69,17.25,11.09,11.41,2495979
10-Jul-12,9.55,14.54,9.05,13.30,1675504
9-Jul-12,6.39,10.75,5.00,9.65,908709
6-Jul-12,3.50,5.37,3.50,4.99,108929
5-Jul-12,3.60,3.60,2.75,3.01,14565
3-Jul-12,3.70,3.70,3.36,3.60,20760
2-Jul-12,3.43,3.75,3.43,3.70,2359
29-Jun-12,4.15,4.15,2.50,3.26,19038
28-Jun-12,4.95,4.99,4.50,4.50,4060
27-Jun-12,4.75,4.75,4.75,4.75,240
26-Jun-12,4.75,4.75,4.75,4.75,0
25-Jun-12,4.75,4.75,4.75,4.75,0
22-Jun-12,5.00,5.51,4.75,4.75,2574
21-Jun-12,5.30,5.33,5.30,5.30,1200
20-Jun-12,5.30,5.45,5.30,5.30,2100
19-Jun-12,5.70,5.70,5.70,5.70,100
18-Jun-12,6.16,6.16,6.16,6.16,0
15-Jun-12,6.00,6.00,6.00,6.00,0
14-Jun-12,6.37,6.37,6.33,6.33,200
13-Jun-12,6.00,6.00,6.00,6.00,0
12-Jun-12,6.47,6.47,6.47,6.47,100
11-Jun-12,6.00,6.00,6.00,6.00,833
8-Jun-12,6.00,6.00,6.00,6.00,0
7-Jun-12,6.00,6.00,6.00,6.00,2500
6-Jun-12,6.03,6.05,6.00,6.00,967
5-Jun-12,6.25,6.25,6.25,6.25,0
4-Jun-12,6.99,6.99,6.00,6.26,1518
1-Jun-12,5.50,6.99,5.50,6.99,1400
31-May-12,5.29,5.29,5.01,5.01,1100
30-May-12,6.50,6.50,6.50,6.50,0
29-May-12,6.00,6.00,6.00,6.00,400
25-May-12,6.00,6.00,6.00,6.00,300
24-May-12,6.50,6.50,6.50,6.50,0
23-May-12,6.50,6.50,6.50,6.50,0
22-May-12,6.50,6.50,6.50,6.50,0
21-May-12,6.50,6.50,6.50,6.50,1100
18-May-12,6.75,6.75,6.75,6.75,100
17-May-12,6.50,6.50,6.50,6.50,200
16-May-12,6.75,6.75,6.75,6.75,0
15-May-12,6.78,6.78,6.50,6.50,900
14-May-12,7.50,7.50,7.50,7.50,0
11-May-12,7.50,7.50,7.50,7.50,0
10-May-12,7.50,7.50,7.50,7.50,0
9-May-12,7.50,7.50,7.50,7.50,0
8-May-12,7.50,7.50,7.50,7.50,400
7-May-12,7.60,7.60,7.60,7.60,0
4-May-12,7.60,7.60,7.60,7.60,0
3-May-12,7.86,7.86,7.86,7.86,0
2-May-12,7.03,7.95,7.00,7.01,4300
1-May-12,6.90,7.86,6.90,7.86,200
30-Apr-12,7.89,7.89,7.35,7.35,1370
27-Apr-12,6.88,6.88,6.88,6.88,100
26-Apr-12,7.50,7.50,7.50,7.50,0
25-Apr-12,7.28,7.28,7.28,7.28,0
24-Apr-12,7.28,7.28,7.28,7.28,0
23-Apr-12,7.28,7.28,7.28,7.28,0
20-Apr-12,7.28,7.50,6.30,7.50,400
19-Apr-12,7.35,7.35,7.35,7.35,0
18-Apr-12,7.35,7.35,7.35,7.35,0
17-Apr-12,6.99,6.99,6.99,6.99,0
16-Apr-12,6.99,6.99,6.99,6.99,0
13-Apr-12,7.25,7.25,7.25,7.25,0
12-Apr-12,7.25,7.25,7.25,7.25,0
11-Apr-12,7.25,7.25,6.50,7.25,1000
10-Apr-12,7.80,8.00,7.50,7.50,2170
9-Apr-12,8.05,8.05,8.05,8.05,600
5-Apr-12,8.31,8.31,8.31,8.31,0
4-Apr-12,8.32,8.50,8.25,8.50,1480
3-Apr-12,8.85,8.85,8.00,8.33,7400
2-Apr-12,8.83,8.83,8.83,8.83,0
30-Mar-12,8.75,8.85,8.75,8.85,600
29-Mar-12,9.00,9.00,9.00,9.00,582
28-Mar-12,9.15,9.15,8.75,8.75,1971
27-Mar-12,9.00,9.93,9.00,9.15,8900
26-Mar-12,8.52,8.76,8.50,8.75,1705
23-Mar-12,8.51,9.50,8.51,9.00,7707
22-Mar-12,8.89,9.50,8.75,8.75,2533
21-Mar-12,9.89,9.89,8.85,8.85,3535
20-Mar-12,10.31,10.39,9.10,9.27,9853
19-Mar-12,11.90,11.90,10.30,10.48,3899
16-Mar-12,12.00,12.00,10.05,10.90,13709
15-Mar-12,10.55,11.03,10.00,10.02,12224
14-Mar-12,11.03,11.03,10.51,10.54,4500
13-Mar-12,11.58,12.00,10.89,11.00,3400
12-Mar-12,14.00,14.00,11.02,11.78,8554
9-Mar-12,11.49,13.00,11.20,12.75,14592
8-Mar-12,10.71,11.49,10.51,11.00,4450
7-Mar-12,10.76,12.00,10.50,11.98,4175
6-Mar-12,13.77,14.45,10.50,10.50,5600
5-Mar-12,14.79,14.79,13.80,14.00,1644
2-Mar-12,19.00,19.00,15.00,15.00,4685
1-Mar-12,14.75,22.90,14.25,19.48,1800
29-Feb-12,15.00,15.50,15.00,15.12,569
28-Feb-12,15.00,17.00,15.00,15.00,2051
27-Feb-12,15.50,15.50,15.50,15.50,220
24-Feb-12,13.60,14.42,13.60,14.02,1500
23-Feb-12,14.10,15.00,14.00,14.00,965
22-Feb-12,14.02,14.50,14.02,14.50,300
21-Feb-12,15.50,15.50,15.00,15.50,2948
17-Feb-12,12.00,15.00,11.75,15.00,2619
16-Feb-12,12.00,12.00,12.00,12.00,1674
