Date,Open,High,Low,Close,Volume
27-Sep-12,24.95,25.28,24.83,25.24,379648
26-Sep-12,24.00,25.04,24.54,24.85,330022
25-Sep-12,25.62,25.62,24.92,24.96,391316
24-Sep-12,25.49,25.61,25.12,25.57,629373
21-Sep-12,25.27,25.33,24.99,25.26,298962
20-Sep-12,24.84,25.29,24.76,24.96,68671
19-Sep-12,25.10,25.16,24.86,24.86,45673
18-Sep-12,24.74,25.05,24.73,25.02,91703
17-Sep-12,24.92,24.96,24.49,24.84,75586
14-Sep-12,24.15,25.18,24.15,24.94,182452
13-Sep-12,23.58,24.10,23.45,24.04,143386
12-Sep-12,23.15,23.74,23.05,23.70,120869
11-Sep-12,23.07,23.21,22.97,23.12,64387
10-Sep-12,22.62,23.05,22.55,23.01,77610
7-Sep-12,22.52,23.01,22.41,22.70,339688
6-Sep-12,22.38,22.59,22.18,22.51,399909
5-Sep-12,22.23,22.52,22.01,22.19,609011
4-Sep-12,22.25,22.25,21.74,22.10,960163
31-Aug-12,22.54,22.59,21.89,22.18,312872
30-Aug-12,22.44,22.44,22.11,22.19,126291
29-Aug-12,22.43,22.63,22.42,22.45,204273
28-Aug-12,22.62,22.84,22.42,22.48,266391
27-Aug-12,22.87,22.94,22.51,22.59,158269
24-Aug-12,22.75,23.00,22.66,22.87,203325
23-Aug-12,22.94,23.20,22.73,22.84,81925
22-Aug-12,23.11,23.24,22.85,23.04,767257
21-Aug-12,22.90,23.26,22.72,23.10,172765
20-Aug-12,22.75,22.98,22.68,22.87,215269
17-Aug-12,22.56,22.95,22.26,22.88,403313
16-Aug-12,22.77,22.77,22.57,22.62,229232
15-Aug-12,22.89,22.92,22.60,22.70,155472
14-Aug-12,22.94,23.07,22.62,22.71,211055
13-Aug-12,23.35,24.52,22.76,22.92,418270
10-Aug-12,22.00,24.31,21.55,23.56,1183391
9-Aug-12,25.06,26.21,24.79,25.29,263869
8-Aug-12,24.75,25.25,24.04,25.01,297822
7-Aug-12,24.77,24.90,24.48,24.84,278013
6-Aug-12,24.66,24.87,23.34,24.68,360733
3-Aug-12,24.47,24.75,24.30,24.59,308607
2-Aug-12,24.08,24.43,23.66,24.26,229319
1-Aug-12,24.34,24.43,24.08,24.08,187972
31-Jul-12,24.41,24.58,24.23,24.30,197909
30-Jul-12,24.61,24.68,24.34,24.56,313796
27-Jul-12,24.51,24.70,24.11,24.57,179522
26-Jul-12,24.55,24.73,24.12,24.44,105946
25-Jul-12,24.71,24.79,24.22,24.34,164206
24-Jul-12,24.77,24.92,24.40,24.67,569739
23-Jul-12,24.07,24.78,24.04,24.62,360639
20-Jul-12,24.54,24.88,24.49,24.59,304875
19-Jul-12,24.86,24.95,24.60,24.68,318364
18-Jul-12,24.36,24.91,24.25,24.88,2713953
17-Jul-12,26.14,26.45,25.88,25.95,504612
16-Jul-12,26.42,26.50,25.77,26.08,103029
13-Jul-12,26.43,27.04,26.43,26.60,83922
12-Jul-12,26.16,26.50,25.86,26.41,84938
11-Jul-12,26.21,26.51,25.97,26.37,168260
10-Jul-12,26.56,26.61,25.86,26.05,264906
9-Jul-12,26.45,26.76,26.13,26.36,169938
6-Jul-12,26.55,26.70,26.38,26.44,151187
5-Jul-12,25.79,26.70,25.79,26.67,327373
3-Jul-12,25.20,25.86,25.20,25.86,82206
2-Jul-12,25.28,25.66,24.85,25.11,298096
29-Jun-12,24.60,25.27,24.59,25.00,220786
28-Jun-12,23.64,24.22,23.53,24.12,146669
27-Jun-12,22.83,23.78,22.74,23.70,178643
26-Jun-12,22.43,22.85,22.40,22.73,124383
25-Jun-12,23.02,23.02,22.44,22.51,90180
22-Jun-12,22.84,23.36,22.73,23.22,1234393
21-Jun-12,23.37,23.44,22.57,22.78,136056
20-Jun-12,23.51,23.73,23.31,23.43,80533
19-Jun-12,23.34,23.62,23.34,23.60,185490
18-Jun-12,23.07,23.50,22.98,23.32,182905
15-Jun-12,22.92,23.35,22.73,23.19,336481
14-Jun-12,23.09,23.09,22.77,22.98,216583
13-Jun-12,23.10,23.50,22.90,23.18,114232
12-Jun-12,23.12,23.23,22.91,23.23,152444
11-Jun-12,23.47,23.49,22.99,23.00,169085
8-Jun-12,23.44,23.54,23.33,23.41,161576
7-Jun-12,23.79,23.81,23.42,23.47,144838
6-Jun-12,23.86,24.00,23.62,23.74,240965
5-Jun-12,23.38,23.86,23.27,23.74,317701
4-Jun-12,23.39,23.60,23.06,23.52,162508
1-Jun-12,23.14,23.45,23.09,23.35,211623
31-May-12,23.30,23.62,23.18,23.58,191067
30-May-12,23.15,23.47,23.04,23.25,187555
29-May-12,23.27,23.50,23.03,23.35,117522
25-May-12,23.01,23.32,23.01,23.18,88756
24-May-12,23.04,23.09,22.74,22.99,152204
23-May-12,23.07,23.21,22.77,23.00,242132
22-May-12,23.26,23.30,23.04,23.29,167997
21-May-12,23.20,23.44,22.99,23.25,162403
18-May-12,23.59,23.90,22.99,23.13,325764
17-May-12,24.07,24.20,23.47,23.48,94513
16-May-12,24.52,24.58,23.87,24.10,89326
15-May-12,23.69,24.51,23.59,24.40,204465
14-May-12,23.41,23.92,23.35,23.70,268073
11-May-12,23.04,23.60,22.84,23.54,193503
10-May-12,23.37,23.48,22.58,23.10,94387
9-May-12,23.10,23.53,22.23,23.28,192165
8-May-12,21.40,23.14,20.50,23.01,266317
7-May-12,23.42,23.65,23.22,23.37,282671
4-May-12,23.61,23.61,23.32,23.48,135629
3-May-12,23.70,23.77,23.50,23.74,68301
2-May-12,23.46,23.91,23.46,23.77,68686
1-May-12,23.74,24.25,23.49,23.60,107926
30-Apr-12,24.21,24.26,23.73,23.77,181488
27-Apr-12,24.27,24.37,23.92,24.21,115190
26-Apr-12,23.80,24.45,23.79,24.24,141554
25-Apr-12,23.66,24.03,23.55,23.81,87243
24-Apr-12,23.17,23.45,23.17,23.42,177825
23-Apr-12,22.94,23.24,22.13,23.11,140005
20-Apr-12,23.10,23.34,22.79,23.32,130538
19-Apr-12,22.72,23.09,22.56,22.77,108931
18-Apr-12,22.78,22.94,22.62,22.75,206743
17-Apr-12,22.90,23.18,22.79,22.92,111183
16-Apr-12,22.72,22.89,22.43,22.75,76889
13-Apr-12,22.98,23.07,22.60,22.60,60874
12-Apr-12,22.91,23.24,22.86,23.12,76322
11-Apr-12,22.91,22.95,22.60,22.95,86502
10-Apr-12,22.70,22.86,22.61,22.73,486572
9-Apr-12,22.69,22.86,22.21,22.69,83087
5-Apr-12,22.73,23.13,22.42,23.06,105808
4-Apr-12,23.00,23.56,22.57,22.88,74137
3-Apr-12,23.63,23.69,23.17,23.25,65559
2-Apr-12,23.20,23.72,23.18,23.64,125257
30-Mar-12,23.46,23.50,23.11,23.33,116270
29-Mar-12,23.28,23.38,23.06,23.27,73815
28-Mar-12,23.24,23.50,22.94,23.48,135419
27-Mar-12,23.19,23.42,22.96,23.24,98978
26-Mar-12,23.29,23.61,22.96,23.21,164178
23-Mar-12,23.21,23.21,22.86,23.10,94932
22-Mar-12,22.79,23.12,22.69,23.12,165730
21-Mar-12,22.94,23.14,22.94,22.97,100405
20-Mar-12,23.04,23.26,22.84,22.96,131568
19-Mar-12,23.09,23.24,22.36,23.12,881225
16-Mar-12,22.23,22.50,22.13,22.28,390678
15-Mar-12,21.36,22.31,21.36,22.31,587125
14-Mar-12,21.00,21.31,20.85,21.30,343931
13-Mar-12,21.10,21.10,20.91,21.02,146113
12-Mar-12,20.98,21.07,20.62,20.98,622047
9-Mar-12,20.11,20.67,19.84,20.66,94116
8-Mar-12,20.25,20.40,19.98,20.12,297735
7-Mar-12,20.19,20.34,19.99,20.23,58088
6-Mar-12,20.33,20.37,20.00,20.06,83808
5-Mar-12,20.58,20.62,20.40,20.55,51064
2-Mar-12,21.07,21.13,20.55,20.56,160040
1-Mar-12,20.79,21.38,20.32,21.03,224244
29-Feb-12,20.70,21.04,20.63,20.72,287541
28-Feb-12,20.58,20.73,20.40,20.67,336848
27-Feb-12,19.61,20.62,19.46,20.54,823476
24-Feb-12,19.26,19.74,19.12,19.68,412950
23-Feb-12,19.29,19.55,19.12,19.46,223391
22-Feb-12,19.50,19.50,18.56,19.20,393808
21-Feb-12,18.74,19.03,18.72,18.99,175249
17-Feb-12,18.96,18.96,18.60,18.72,435480
16-Feb-12,18.64,18.95,18.55,18.85,297356
15-Feb-12,18.93,18.94,18.42,18.60,222147
14-Feb-12,18.78,18.90,18.66,18.82,127707
13-Feb-12,19.11,19.23,18.77,18.86,153789
10-Feb-12,18.95,19.15,18.87,19.05,75041
9-Feb-12,19.10,19.22,18.92,19.12,35019
8-Feb-12,19.00,19.18,18.63,19.10,118474
7-Feb-12,19.05,19.08,18.93,19.02,65947
6-Feb-12,18.90,19.07,18.90,19.05,114337
3-Feb-12,19.33,19.33,18.95,19.00,226085
2-Feb-12,19.00,19.08,18.81,19.00,152972
1-Feb-12,19.05,19.05,19.05,19.05,0
31-Jan-12,18.99,19.04,18.62,18.77,85631
30-Jan-12,19.03,19.05,18.70,18.84,47850
27-Jan-12,18.82,19.18,18.82,19.13,84635
26-Jan-12,19.00,19.05,18.81,18.87,69993
25-Jan-12,19.00,19.19,18.80,19.01,115161
24-Jan-12,18.73,18.73,18.73,18.73,0
23-Jan-12,18.99,19.05,18.80,18.93,59472
20-Jan-12,18.94,19.16,18.87,19.00,130913
19-Jan-12,19.05,19.07,18.91,19.00,70565
18-Jan-12,18.73,19.09,18.58,18.96,159281
17-Jan-12,18.69,18.69,18.69,18.69,0
13-Jan-12,18.49,18.49,18.49,18.49,0
12-Jan-12,18.90,18.90,18.90,18.90,0
11-Jan-12,18.53,18.69,18.33,18.64,77732
10-Jan-12,18.28,18.28,18.28,18.28,0
9-Jan-12,18.12,18.13,17.97,18.01,74002
6-Jan-12,17.97,17.97,17.97,17.97,0
5-Jan-12,17.87,18.32,17.80,18.01,80294
4-Jan-12,17.93,17.93,17.93,17.93,0
3-Jan-12,18.42,18.49,17.96,18.10,128569
30-Dec-11,18.06,18.06,18.06,18.06,0
29-Dec-11,18.08,18.23,18.00,18.20,51612
28-Dec-11,18.16,18.16,17.84,18.00,69875
27-Dec-11,18.30,18.30,18.30,18.30,0
23-Dec-11,18.27,18.27,18.27,18.27,0
22-Dec-11,18.23,18.23,18.23,18.23,0
21-Dec-11,18.30,18.30,17.71,18.02,168653
20-Dec-11,17.84,18.34,17.52,18.32,249015
19-Dec-11,17.55,17.55,17.55,17.55,0
16-Dec-11,16.86,17.76,16.74,17.72,917154
15-Dec-11,16.60,17.06,16.52,16.87,227183
14-Dec-11,16.36,16.57,16.25,16.49,258904
13-Dec-11,16.41,16.41,16.41,16.41,0
12-Dec-11,16.28,16.31,16.12,16.28,100741
9-Dec-11,16.23,16.23,16.23,16.23,0
8-Dec-11,16.12,16.22,15.93,16.05,153347
7-Dec-11,16.22,16.32,15.92,16.25,111191
6-Dec-11,16.13,16.40,15.99,16.28,97228
5-Dec-11,16.06,16.23,15.85,16.12,136552
2-Dec-11,16.12,16.12,15.79,15.86,42419
1-Dec-11,15.95,16.11,15.89,15.91,79051
30-Nov-11,15.90,16.10,15.75,16.05,214059
29-Nov-11,15.30,15.30,15.30,15.30,0
28-Nov-11,15.35,15.50,14.99,15.26,148708
25-Nov-11,15.19,15.19,15.19,15.19,0
23-Nov-11,15.19,15.19,15.19,15.19,0
22-Nov-11,15.91,16.12,15.74,15.74,91256
21-Nov-11,15.85,16.01,15.79,15.94,96195
18-Nov-11,15.93,16.13,15.81,16.11,99562
17-Nov-11,16.13,16.24,15.84,15.95,89895
16-Nov-11,16.25,16.61,16.09,16.13,90047
15-Nov-11,16.20,16.45,16.04,16.37,77084
14-Nov-11,16.38,16.38,16.38,16.38,0
11-Nov-11,16.23,16.57,16.23,16.50,95738
10-Nov-11,16.05,16.05,16.05,16.05,0
9-Nov-11,16.16,16.33,15.96,16.05,126450
8-Nov-11,16.02,16.96,16.02,16.46,240560
7-Nov-11,16.11,16.25,15.62,16.22,38832
4-Nov-11,16.25,16.38,16.10,16.19,69838
3-Nov-11,16.01,16.45,15.74,16.41,93064
2-Nov-11,15.46,16.02,15.40,15.90,151198
1-Nov-11,15.16,15.41,15.08,15.25,151441
31-Oct-11,16.31,16.31,15.81,15.86,118723
28-Oct-11,16.40,16.67,16.05,16.53,155140
27-Oct-11,16.28,16.28,16.28,16.28,0
26-Oct-11,15.32,15.64,15.06,15.53,124822
25-Oct-11,15.28,15.28,15.28,15.28,0
24-Oct-11,15.06,16.20,15.06,15.57,153713
21-Oct-11,15.09,15.24,14.79,15.00,165295
20-Oct-11,14.83,14.97,14.48,14.81,80224
19-Oct-11,14.99,15.23,14.81,14.85,119006
18-Oct-11,15.17,15.17,15.17,15.17,0
17-Oct-11,15.06,16.89,14.70,14.81,100818
14-Oct-11,15.16,15.16,15.16,15.16,0
13-Oct-11,14.81,14.96,14.69,14.88,83586
12-Oct-11,14.70,14.94,14.58,14.90,144936
11-Oct-11,14.55,14.72,14.40,14.53,119684
10-Oct-11,14.44,14.44,14.44,14.44,0
7-Oct-11,14.67,14.68,14.17,14.23,187456
6-Oct-11,14.62,14.79,14.54,14.71,92605
5-Oct-11,14.36,14.36,14.36,14.36,0
4-Oct-11,13.28,14.23,13.28,14.21,289168
3-Oct-11,14.22,14.22,13.48,13.48,227239
30-Sep-11,14.31,14.74,14.27,14.29,231337
29-Sep-11,14.42,14.96,14.24,14.50,201228
