Date,Open,High,Low,Close,Volume
27-Sep-12,1.97,2.27,1.93,2.12,10880520
26-Sep-12,1.98,2.01,1.91,1.93,866246
25-Sep-12,1.99,2.07,1.94,1.98,1404531
24-Sep-12,2.00,2.01,1.88,1.94,1066078
21-Sep-12,2.00,2.03,1.96,2.02,249135
20-Sep-12,2.06,2.15,1.93,2.01,241100
19-Sep-12,1.96,2.07,1.96,2.02,101768
18-Sep-12,1.91,2.02,1.91,1.99,73675
17-Sep-12,2.01,2.03,1.92,1.95,97579
14-Sep-12,2.10,2.10,2.00,2.05,109505
13-Sep-12,2.06,2.18,2.05,2.08,112208
12-Sep-12,1.93,2.12,1.92,2.09,219621
11-Sep-12,1.90,2.02,1.79,1.90,216364
10-Sep-12,2.07,2.07,1.88,1.92,169395
7-Sep-12,2.11,2.14,2.00,2.07,1678765
6-Sep-12,2.26,2.28,2.09,2.12,4784463
5-Sep-12,2.23,2.25,1.96,2.13,4565223
4-Sep-12,2.51,2.67,2.18,2.20,13801003
31-Aug-12,2.10,2.24,2.05,2.17,9976177
30-Aug-12,1.63,2.03,1.58,1.96,7669187
29-Aug-12,1.61,1.61,1.52,1.61,542529
28-Aug-12,1.65,1.65,1.51,1.56,696931
27-Aug-12,1.67,1.68,1.60,1.65,518098
24-Aug-12,1.69,1.70,1.60,1.68,964485
23-Aug-12,1.55,1.75,1.52,1.65,2722512
22-Aug-12,1.52,1.55,1.41,1.46,825461
21-Aug-12,1.50,1.58,1.50,1.55,563593
20-Aug-12,1.55,1.55,1.45,1.55,1305902
17-Aug-12,1.62,1.67,1.57,1.63,508400
16-Aug-12,1.67,1.70,1.62,1.62,612099
15-Aug-12,1.66,1.73,1.65,1.70,406880
14-Aug-12,1.77,1.82,1.58,1.69,1195582
13-Aug-12,1.76,1.85,1.75,1.78,632955
10-Aug-12,1.78,1.87,1.77,1.77,1082403
9-Aug-12,1.69,1.84,1.68,1.77,1435986
8-Aug-12,1.66,1.73,1.65,1.67,576776
7-Aug-12,1.83,1.83,1.67,1.70,1025910
6-Aug-12,1.82,1.84,1.76,1.79,648669
3-Aug-12,1.83,1.84,1.67,1.74,1154420
2-Aug-12,1.94,1.94,1.55,1.70,1903030
1-Aug-12,1.90,1.94,1.80,1.86,1184894
31-Jul-12,1.83,1.96,1.79,1.79,2583370
30-Jul-12,1.84,1.88,1.73,1.77,1588700
27-Jul-12,2.10,2.10,1.80,1.88,4187328
26-Jul-12,2.06,2.13,1.70,1.78,3459511
25-Jul-12,2.15,2.31,1.96,2.05,8121212
24-Jul-12,1.88,2.19,1.85,2.08,9607717
23-Jul-12,1.56,2.26,1.40,1.89,11913024
20-Jul-12,1.41,1.68,1.31,1.55,6419853
19-Jul-12,1.45,1.52,1.28,1.40,3074862
18-Jul-12,1.79,1.84,1.36,1.49,11114679
17-Jul-12,1.08,1.82,1.08,1.80,16705853
16-Jul-12,0.90,0.93,0.87,0.87,402864
13-Jul-12,0.89,0.90,0.88,0.90,216865
12-Jul-12,0.82,0.89,0.82,0.89,299149
11-Jul-12,0.83,0.88,0.82,0.84,65057
10-Jul-12,0.86,0.86,0.83,0.84,96599
9-Jul-12,0.89,0.89,0.86,0.86,106598
6-Jul-12,0.82,0.90,0.82,0.88,406332
5-Jul-12,0.83,0.85,0.80,0.82,104067
3-Jul-12,0.82,0.85,0.80,0.82,83531
2-Jul-12,0.84,0.84,0.81,0.82,67183
29-Jun-12,0.81,0.84,0.78,0.81,134072
28-Jun-12,0.80,0.84,0.78,0.80,50394
27-Jun-12,0.80,0.83,0.78,0.81,94040
26-Jun-12,0.78,0.82,0.78,0.81,116950
25-Jun-12,0.84,0.85,0.76,0.78,247125
22-Jun-12,0.79,0.89,0.78,0.83,172887
21-Jun-12,0.85,0.95,0.82,0.82,1215757
20-Jun-12,0.68,0.85,0.68,0.81,520662
19-Jun-12,0.62,0.67,0.62,0.67,98729
18-Jun-12,0.68,0.68,0.62,0.62,97408
15-Jun-12,0.63,0.68,0.62,0.68,43668
14-Jun-12,0.64,0.67,0.62,0.65,61182
13-Jun-12,0.66,0.70,0.61,0.64,123166
12-Jun-12,0.67,0.69,0.64,0.68,35932
11-Jun-12,0.69,0.71,0.65,0.67,85425
8-Jun-12,0.70,0.70,0.67,0.68,80595
7-Jun-12,0.68,0.69,0.62,0.67,58370
6-Jun-12,0.63,0.70,0.63,0.67,292925
5-Jun-12,0.60,0.64,0.60,0.60,128574
4-Jun-12,0.68,0.71,0.59,0.60,489046
1-Jun-12,0.71,0.74,0.68,0.68,68047
31-May-12,0.70,0.74,0.68,0.71,91510
30-May-12,0.70,0.74,0.68,0.68,129465
29-May-12,0.75,0.75,0.72,0.72,76947
25-May-12,0.74,0.75,0.71,0.73,81006
24-May-12,0.71,0.74,0.71,0.74,64327
23-May-12,0.69,0.74,0.69,0.72,176663
22-May-12,0.78,0.79,0.68,0.72,657383
21-May-12,0.76,0.80,0.76,0.76,206606
18-May-12,0.78,0.88,0.77,0.80,465585
17-May-12,0.89,0.93,0.79,0.80,472745
16-May-12,0.88,0.88,0.82,0.85,157720
15-May-12,0.89,0.95,0.82,0.85,365250
14-May-12,0.90,0.90,0.88,0.88,76709
11-May-12,0.92,0.92,0.89,0.89,115938
10-May-12,0.93,0.94,0.91,0.91,95423
9-May-12,0.91,0.93,0.89,0.92,115409
8-May-12,0.92,0.93,0.90,0.91,133942
7-May-12,0.92,0.93,0.92,0.92,80423
4-May-12,0.94,0.94,0.92,0.92,189558
3-May-12,0.93,0.96,0.93,0.93,225160
2-May-12,0.96,0.96,0.93,0.94,156400
1-May-12,0.94,0.96,0.94,0.94,132219
30-Apr-12,0.94,0.96,0.93,0.95,146125
27-Apr-12,0.94,0.96,0.93,0.94,78199
26-Apr-12,0.93,0.96,0.93,0.94,58325
25-Apr-12,0.93,0.97,0.93,0.93,74916
24-Apr-12,0.96,0.98,0.93,0.94,257072
23-Apr-12,0.96,0.96,0.93,0.96,60502
20-Apr-12,0.93,0.95,0.93,0.95,84489
19-Apr-12,0.93,0.95,0.93,0.93,73089
18-Apr-12,0.93,0.96,0.92,0.93,38567
17-Apr-12,0.95,0.96,0.92,0.93,55558
16-Apr-12,0.94,0.96,0.91,0.94,158508
13-Apr-12,0.97,0.97,0.93,0.94,70560
12-Apr-12,0.96,0.96,0.92,0.93,136352
11-Apr-12,0.91,0.94,0.89,0.94,189826
10-Apr-12,0.95,0.95,0.88,0.88,261607
9-Apr-12,0.95,0.97,0.89,0.92,268396
5-Apr-12,0.98,0.98,0.93,0.95,192689
4-Apr-12,0.93,0.97,0.93,0.95,307522
3-Apr-12,1.05,1.05,0.90,0.93,947296
2-Apr-12,1.08,1.11,1.02,1.02,1307035
30-Mar-12,1.02,1.12,1.01,1.11,1248881
29-Mar-12,1.05,1.05,1.00,1.00,292337
28-Mar-12,1.06,1.06,1.04,1.05,130450
27-Mar-12,1.05,1.07,1.04,1.07,217474
26-Mar-12,1.06,1.06,1.03,1.04,187389
23-Mar-12,1.04,1.06,1.03,1.05,303747
22-Mar-12,1.05,1.06,1.03,1.06,186109
21-Mar-12,1.06,1.08,1.04,1.04,287878
20-Mar-12,1.08,1.10,1.06,1.06,302180
19-Mar-12,1.11,1.11,1.05,1.07,263608
16-Mar-12,1.06,1.10,1.06,1.10,439248
15-Mar-12,1.08,1.09,1.05,1.08,326519
14-Mar-12,1.11,1.11,1.05,1.07,317418
13-Mar-12,1.09,1.10,1.06,1.10,508200
12-Mar-12,1.10,1.10,1.06,1.08,404267
9-Mar-12,1.05,1.12,1.05,1.05,911673
8-Mar-12,1.04,1.06,1.04,1.04,86656
7-Mar-12,1.04,1.05,1.03,1.04,135293
6-Mar-12,1.05,1.05,1.02,1.02,330679
5-Mar-12,1.07,1.09,1.03,1.04,484973
2-Mar-12,1.10,1.11,1.06,1.07,470857
1-Mar-12,1.12,1.17,1.10,1.10,1099615
29-Feb-12,1.06,1.13,1.04,1.10,1170821
28-Feb-12,1.10,1.10,1.05,1.06,266658
27-Feb-12,1.09,1.09,1.03,1.06,358188
24-Feb-12,1.05,1.07,1.01,1.06,226086
23-Feb-12,1.03,1.06,1.02,1.04,264740
22-Feb-12,1.08,1.08,1.03,1.03,363195
21-Feb-12,1.06,1.08,1.03,1.08,334158
17-Feb-12,1.06,1.07,1.03,1.05,237349
16-Feb-12,1.08,1.08,1.03,1.06,266111
15-Feb-12,1.18,1.18,1.02,1.07,1065538
14-Feb-12,1.08,1.19,1.08,1.14,2331455
13-Feb-12,1.01,1.09,1.01,1.07,860351
10-Feb-12,1.00,1.03,0.98,1.00,260342
9-Feb-12,1.04,1.04,1.04,1.04,0
8-Feb-12,1.07,1.08,1.03,1.04,378626
7-Feb-12,1.02,1.02,1.02,1.02,0
6-Feb-12,1.11,1.12,1.07,1.07,845709
3-Feb-12,1.09,1.09,1.05,1.07,926425
2-Feb-12,1.06,1.14,1.01,1.07,2665671
1-Feb-12,1.01,1.01,0.96,0.98,398089
31-Jan-12,1.03,1.04,0.98,1.01,751197
30-Jan-12,1.09,1.09,0.92,1.04,2386297
27-Jan-12,0.92,1.08,0.91,1.06,5246153
26-Jan-12,0.81,0.93,0.80,0.90,2190796
25-Jan-12,0.80,0.82,0.79,0.80,326140
24-Jan-12,0.81,0.81,0.78,0.80,276999
23-Jan-12,0.81,0.81,0.78,0.79,245341
20-Jan-12,0.82,0.82,0.82,0.82,0
19-Jan-12,0.81,0.83,0.78,0.81,308445
18-Jan-12,0.81,0.82,0.78,0.80,165111
17-Jan-12,0.79,0.81,0.78,0.81,280525
13-Jan-12,0.79,0.79,0.79,0.79,0
12-Jan-12,0.79,0.79,0.77,0.78,269284
11-Jan-12,0.80,0.81,0.77,0.77,277290
10-Jan-12,0.79,0.82,0.78,0.80,334458
9-Jan-12,0.80,0.80,0.77,0.78,209154
6-Jan-12,0.80,0.81,0.78,0.79,137498
5-Jan-12,0.80,0.81,0.80,0.80,155028
4-Jan-12,0.82,0.83,0.80,0.80,276586
3-Jan-12,0.83,0.84,0.81,0.82,211708
30-Dec-11,0.82,0.82,0.82,0.82,0
29-Dec-11,0.80,0.82,0.79,0.82,316959
28-Dec-11,0.82,0.84,0.80,0.80,250027
27-Dec-11,0.80,0.84,0.79,0.82,264614
23-Dec-11,0.79,0.79,0.79,0.79,0
22-Dec-11,0.82,0.82,0.79,0.80,199204
21-Dec-11,0.72,0.82,0.72,0.81,268154
20-Dec-11,0.81,0.81,0.70,0.76,480448
19-Dec-11,0.83,0.83,0.78,0.78,649996
16-Dec-11,0.95,0.95,0.82,0.83,2818905
15-Dec-11,1.56,1.67,1.38,1.40,310995
14-Dec-11,1.63,1.71,1.51,1.51,62555
13-Dec-11,1.42,1.78,1.42,1.66,334679
12-Dec-11,1.62,1.65,1.32,1.35,302768
9-Dec-11,1.66,1.72,1.63,1.65,60831
8-Dec-11,1.74,1.76,1.71,1.71,31313
7-Dec-11,1.75,1.77,1.73,1.77,22753
6-Dec-11,1.81,1.87,1.75,1.77,40990
5-Dec-11,1.82,1.84,1.76,1.82,29184
2-Dec-11,1.80,1.85,1.79,1.81,36609
1-Dec-11,1.76,1.84,1.75,1.82,24147
30-Nov-11,1.75,1.79,1.71,1.74,48657
29-Nov-11,1.73,1.76,1.70,1.71,50627
28-Nov-11,1.86,1.89,1.73,1.75,43864
25-Nov-11,1.67,1.88,1.67,1.83,43774
23-Nov-11,1.69,1.69,1.69,1.69,0
22-Nov-11,1.76,1.79,1.72,1.72,68696
21-Nov-11,1.78,1.81,1.76,1.78,31854
18-Nov-11,1.80,1.86,1.74,1.83,259619
17-Nov-11,1.90,1.91,1.80,1.81,59478
16-Nov-11,1.89,1.91,1.85,1.85,37129
15-Nov-11,1.90,1.94,1.87,1.89,47824
14-Nov-11,1.93,1.98,1.82,1.87,126202
11-Nov-11,1.92,1.96,1.91,1.93,21062
10-Nov-11,1.98,2.04,1.91,1.91,105084
9-Nov-11,1.91,2.00,1.89,1.95,129950
8-Nov-11,1.97,1.98,1.94,1.94,66791
7-Nov-11,1.98,2.03,1.95,1.98,61426
4-Nov-11,1.99,2.02,1.97,2.00,36313
3-Nov-11,1.99,2.05,1.93,2.01,46396
2-Nov-11,2.02,2.06,1.92,1.92,62226
1-Nov-11,2.00,2.04,1.96,1.97,55606
31-Oct-11,1.97,2.15,1.97,2.09,80917
28-Oct-11,2.00,2.00,1.97,2.00,57195
27-Oct-11,2.02,2.02,1.95,2.00,90042
26-Oct-11,1.98,2.00,1.94,1.96,22572
25-Oct-11,2.00,2.00,1.93,1.98,100400
24-Oct-11,1.97,2.00,1.94,1.99,61963
21-Oct-11,1.99,2.00,1.92,1.98,43764
20-Oct-11,1.98,1.99,1.93,1.94,23032
19-Oct-11,2.01,2.01,1.93,1.96,24057
18-Oct-11,1.89,2.01,1.88,2.00,60536
17-Oct-11,2.00,2.01,1.88,1.90,71873
14-Oct-11,1.99,2.05,1.97,2.00,50717
13-Oct-11,1.96,2.03,1.95,1.98,82448
12-Oct-11,2.07,2.10,1.96,1.99,116993
11-Oct-11,2.07,2.10,2.02,2.06,53324
10-Oct-11,2.13,2.13,2.06,2.10,74756
7-Oct-11,2.10,2.14,2.04,2.08,67965
6-Oct-11,2.04,2.14,2.04,2.09,180142
5-Oct-11,1.73,2.12,1.73,2.04,213659
4-Oct-11,1.76,1.77,1.70,1.71,111000
3-Oct-11,2.01,2.09,1.79,1.79,127495
30-Sep-11,2.02,2.07,2.01,2.02,51627
29-Sep-11,2.12,2.15,2.02,2.06,106044
