Date,Open,High,Low,Close,Volume
27-Sep-12,9.40,9.40,9.30,9.40,1000
26-Sep-12,9.38,9.38,9.38,9.38,0
25-Sep-12,9.36,9.36,9.36,9.36,100
24-Sep-12,9.38,9.38,9.38,9.38,0
21-Sep-12,8.93,9.38,8.93,9.38,3103
20-Sep-12,8.72,8.72,8.72,8.72,1226
19-Sep-12,8.85,9.01,8.78,8.80,1226
18-Sep-12,9.24,9.24,9.24,9.24,200
17-Sep-12,9.28,9.28,9.28,9.28,200
14-Sep-12,9.14,9.14,9.14,9.14,200
13-Sep-12,9.30,9.35,8.85,9.35,2400
12-Sep-12,9.20,9.24,9.20,9.24,682
11-Sep-12,9.16,9.18,9.16,9.18,200
10-Sep-12,9.15,9.15,9.15,9.15,100
7-Sep-12,9.21,9.21,9.21,9.21,0
6-Sep-12,9.21,9.21,9.21,9.21,0
5-Sep-12,9.47,9.68,9.15,9.68,903
4-Sep-12,9.50,9.70,9.10,9.66,900
31-Aug-12,9.69,9.69,9.08,9.08,1172
30-Aug-12,9.06,9.06,9.06,9.06,300
29-Aug-12,9.00,9.00,9.00,9.00,0
28-Aug-12,9.40,9.44,9.00,9.00,1381
27-Aug-12,8.98,9.61,8.98,9.47,2120
24-Aug-12,8.43,8.70,8.42,8.70,2060
23-Aug-12,8.42,8.42,8.42,8.42,0
22-Aug-12,8.42,8.42,8.42,8.42,143
21-Aug-12,8.64,8.64,8.64,8.64,300
20-Aug-12,8.34,8.85,8.29,8.85,1100
17-Aug-12,8.32,8.32,8.32,8.32,0
16-Aug-12,8.31,8.36,8.31,8.32,900
15-Aug-12,8.48,8.48,8.48,8.48,0
14-Aug-12,8.48,8.48,8.48,8.48,0
13-Aug-12,8.60,8.60,8.60,8.60,100
10-Aug-12,9.15,9.15,8.60,8.60,3112
9-Aug-12,8.64,9.43,8.64,9.41,1818
8-Aug-12,8.68,8.68,8.68,8.68,150
7-Aug-12,8.34,8.70,8.34,8.70,1100
6-Aug-12,8.84,8.84,8.84,8.84,0
3-Aug-12,8.76,8.76,8.60,8.60,290
2-Aug-12,8.50,8.51,8.50,8.51,300
1-Aug-12,8.50,8.62,8.29,8.29,720
31-Jul-12,8.62,8.85,8.35,8.35,4052
30-Jul-12,8.74,9.17,8.44,8.44,1600
27-Jul-12,8.70,8.70,8.55,8.65,1200
26-Jul-12,9.09,9.60,8.46,9.60,543
25-Jul-12,9.25,9.25,8.90,8.90,500
24-Jul-12,8.87,9.39,8.87,8.90,700
23-Jul-12,8.84,8.84,8.84,8.84,101
20-Jul-12,8.30,8.59,8.30,8.59,200
19-Jul-12,9.17,9.22,8.34,8.34,4150
18-Jul-12,8.48,9.83,8.48,9.01,2085
17-Jul-12,8.80,8.80,8.80,8.80,0
16-Jul-12,8.40,8.66,8.40,8.41,363
13-Jul-12,8.60,9.30,8.50,8.90,600
12-Jul-12,8.80,8.80,8.80,8.80,0
11-Jul-12,9.85,9.85,8.80,8.80,2014
10-Jul-12,8.85,9.00,8.79,8.79,600
9-Jul-12,8.78,9.70,8.35,9.33,7315
6-Jul-12,8.50,8.87,8.50,8.63,1201
5-Jul-12,8.82,8.91,8.43,8.62,3156
3-Jul-12,8.67,8.67,8.67,8.67,0
2-Jul-12,8.50,8.84,8.50,8.65,4073
29-Jun-12,8.71,9.02,8.00,9.00,3077
28-Jun-12,8.18,8.60,7.65,8.60,6454
27-Jun-12,8.23,8.23,8.23,8.23,0
26-Jun-12,8.23,8.23,8.02,8.02,492
25-Jun-12,8.01,8.01,8.01,8.01,138
22-Jun-12,7.94,7.94,7.94,7.94,120
21-Jun-12,8.88,8.88,8.88,8.88,0
20-Jun-12,7.46,8.88,7.46,8.67,558
19-Jun-12,8.44,8.44,8.44,8.44,0
18-Jun-12,8.44,8.44,8.44,8.44,0
15-Jun-12,8.05,8.41,8.05,8.41,1318
14-Jun-12,7.88,7.88,7.88,7.88,0
13-Jun-12,7.88,7.88,7.88,7.88,0
12-Jun-12,7.88,7.88,7.88,7.88,0
11-Jun-12,7.88,7.88,7.88,7.88,300
8-Jun-12,7.50,7.50,7.50,7.50,100
7-Jun-12,7.49,8.09,7.49,8.00,2462
6-Jun-12,7.14,7.75,7.14,7.75,1193
5-Jun-12,7.06,8.06,6.75,7.13,4147
4-Jun-12,7.73,7.73,6.92,7.00,8603
1-Jun-12,8.10,8.13,7.05,7.10,1553
31-May-12,7.64,8.22,7.63,8.22,2805
30-May-12,7.81,7.93,7.81,7.93,300
29-May-12,7.53,8.30,7.53,7.78,1382
25-May-12,7.02,7.76,7.02,7.45,2524
24-May-12,7.00,7.00,7.00,7.00,0
23-May-12,7.01,7.15,6.87,6.96,7623
22-May-12,7.81,7.81,6.93,6.95,12477
21-May-12,8.24,8.30,7.60,7.75,13110
18-May-12,8.08,9.00,8.00,8.00,10187
17-May-12,8.91,8.91,8.02,8.05,1965
16-May-12,9.17,9.30,8.12,9.30,1498
15-May-12,8.03,9.70,8.03,8.18,2808
14-May-12,8.11,8.85,8.11,8.85,2426
11-May-12,8.99,8.99,8.99,8.99,0
10-May-12,8.99,8.99,8.07,8.07,400
9-May-12,8.24,9.03,8.13,9.03,898
8-May-12,8.52,8.96,8.23,8.23,589
7-May-12,8.41,8.41,8.41,8.41,300
4-May-12,9.15,9.15,8.35,8.35,200
3-May-12,9.27,9.27,9.00,9.15,493
2-May-12,9.00,9.20,9.00,9.20,6600
1-May-12,9.00,9.00,8.98,9.00,700
30-Apr-12,9.00,9.00,9.00,9.00,0
27-Apr-12,9.00,9.00,8.85,9.00,1000
26-Apr-12,8.80,8.81,8.80,8.81,588
25-Apr-12,8.96,8.96,8.79,8.82,939
24-Apr-12,8.75,8.91,8.75,8.75,600
23-Apr-12,8.75,8.75,8.75,8.75,0
20-Apr-12,9.00,9.00,8.75,9.00,2135
19-Apr-12,8.75,8.75,8.75,8.75,0
18-Apr-12,8.75,8.75,8.75,8.75,0
17-Apr-12,8.79,8.79,8.72,8.75,8200
16-Apr-12,9.00,9.00,9.00,9.00,0
13-Apr-12,9.00,9.00,9.00,9.00,0
12-Apr-12,8.87,9.24,8.60,9.00,12116
11-Apr-12,8.42,8.84,8.42,8.56,2000
10-Apr-12,7.91,8.48,7.91,8.25,7946
9-Apr-12,9.50,9.50,7.15,8.05,7116
5-Apr-12,9.50,9.52,9.25,9.25,3410
4-Apr-12,9.40,9.41,9.00,9.41,4500
3-Apr-12,9.45,9.47,9.45,9.47,1698
2-Apr-12,9.34,9.34,9.34,9.34,0
30-Mar-12,9.38,9.45,8.76,9.45,1100
29-Mar-12,9.42,9.42,8.63,8.63,408
28-Mar-12,9.50,9.50,9.45,9.45,16600
27-Mar-12,9.35,9.37,9.34,9.37,3088
26-Mar-12,8.53,9.44,8.53,9.05,811
23-Mar-12,8.77,8.77,8.77,8.77,0
22-Mar-12,8.77,8.77,8.77,8.77,0
21-Mar-12,9.40,9.40,9.40,9.40,0
20-Mar-12,9.40,9.40,9.40,9.40,0
19-Mar-12,9.50,9.50,9.42,9.42,532
16-Mar-12,9.00,9.50,8.90,9.50,7184
15-Mar-12,8.80,8.80,8.80,8.80,0
14-Mar-12,8.78,8.78,8.75,8.75,833
13-Mar-12,8.75,8.75,8.75,8.75,473
12-Mar-12,9.06,9.06,9.06,9.06,0
9-Mar-12,9.06,9.06,9.06,9.06,1399
8-Mar-12,8.81,8.85,8.81,8.85,775
7-Mar-12,8.81,8.81,8.81,8.81,0
6-Mar-12,8.81,8.81,8.81,8.81,0
5-Mar-12,9.12,9.12,8.80,8.81,3400
2-Mar-12,9.16,9.25,9.16,9.25,47000
1-Mar-12,9.08,9.18,9.08,9.18,358
29-Feb-12,8.87,8.87,8.70,8.80,703
28-Feb-12,9.09,9.09,9.09,9.09,100
27-Feb-12,8.83,8.91,8.83,8.91,1036
24-Feb-12,8.91,8.91,8.85,8.85,400
23-Feb-12,9.10,9.18,9.10,9.18,300
22-Feb-12,9.25,9.25,9.25,9.25,0
21-Feb-12,9.25,9.30,9.20,9.20,989
17-Feb-12,8.86,9.04,8.86,9.04,450
16-Feb-12,9.78,9.78,8.52,8.72,350
15-Feb-12,9.16,9.16,9.16,9.16,0
14-Feb-12,9.16,9.16,9.16,9.16,100
13-Feb-12,8.79,9.59,8.79,9.59,250
10-Feb-12,9.10,9.10,8.71,8.73,900
9-Feb-12,8.86,9.16,7.59,9.13,8140
8-Feb-12,9.31,9.31,8.80,8.81,3780
7-Feb-12,8.50,9.50,8.47,8.86,12185
6-Feb-12,9.15,9.21,9.15,9.21,400
3-Feb-12,9.10,9.26,9.10,9.26,300
2-Feb-12,9.03,9.03,9.03,9.03,200
1-Feb-12,9.04,9.26,9.00,9.01,3933
31-Jan-12,8.93,9.10,8.93,9.10,300
30-Jan-12,9.86,9.86,8.81,8.93,7980
27-Jan-12,8.79,9.96,8.74,9.96,1773
25-Jan-12,8.88,8.88,8.88,8.88,0
24-Jan-12,8.76,8.76,8.76,8.76,1000
20-Jan-12,8.51,8.51,8.51,8.51,0
19-Jan-12,8.41,8.60,7.99,8.50,3194
18-Jan-12,8.03,8.95,8.03,8.35,850
17-Jan-12,9.05,9.05,8.58,8.80,2134
12-Jan-12,9.18,9.18,9.18,9.18,0
11-Jan-12,8.88,8.88,8.70,8.70,2228
10-Jan-12,8.70,8.86,8.64,8.64,4500
9-Jan-12,8.40,8.65,8.40,8.65,600
6-Jan-12,8.29,9.89,8.29,8.80,600
3-Jan-12,7.90,7.90,7.90,7.90,0
30-Dec-11,7.81,7.81,7.81,7.81,0
29-Dec-11,7.03,8.26,7.03,8.26,6456
28-Dec-11,7.18,7.18,7.15,7.18,2800
27-Dec-11,7.12,7.12,7.12,7.12,0
23-Dec-11,7.65,7.65,7.65,7.65,0
22-Dec-11,8.00,8.00,8.00,8.00,2500
21-Dec-11,7.40,7.40,7.16,7.16,6000
20-Dec-11,7.23,7.85,7.17,7.20,6589
19-Dec-11,7.74,7.74,7.24,7.24,563
16-Dec-11,7.22,7.72,7.22,7.72,982
15-Dec-11,7.19,7.58,7.17,7.58,1231
14-Dec-11,7.83,7.84,7.83,7.83,700
13-Dec-11,7.17,7.76,7.17,7.76,604
12-Dec-11,7.83,7.83,7.83,7.83,0
9-Dec-11,7.36,7.36,7.36,7.36,0
8-Dec-11,7.50,7.50,7.22,7.22,2617
6-Dec-11,7.70,7.70,7.70,7.70,0
5-Dec-11,7.95,7.95,7.79,7.79,400
2-Dec-11,8.02,8.02,8.01,8.01,500
30-Nov-11,7.97,7.97,7.97,7.97,0
28-Nov-11,7.34,7.34,7.34,7.34,0
21-Nov-11,7.58,7.58,7.58,7.58,0
18-Nov-11,7.40,7.40,7.40,7.40,0
17-Nov-11,7.29,7.37,7.29,7.37,323
16-Nov-11,7.30,7.30,7.30,7.30,400
15-Nov-11,7.10,7.51,7.10,7.51,15500
14-Nov-11,7.50,7.50,7.26,7.26,1277
11-Nov-11,7.13,7.41,7.13,7.20,48900
9-Nov-11,7.10,7.10,7.10,7.10,0
4-Nov-11,7.10,7.10,7.10,7.10,0
1-Nov-11,7.10,7.10,7.10,7.10,0
31-Oct-11,7.00,7.00,7.00,7.00,1900
28-Oct-11,6.99,6.99,6.99,6.99,0
27-Oct-11,7.11,7.12,7.01,7.01,415
26-Oct-11,7.02,8.00,6.96,8.00,1189
25-Oct-11,6.80,6.80,6.80,6.80,0
24-Oct-11,6.50,6.50,6.40,6.45,2876
21-Oct-11,6.45,6.50,6.42,6.45,3300
20-Oct-11,6.12,6.45,5.90,6.45,13503
19-Oct-11,6.35,6.45,6.16,6.16,68640
18-Oct-11,6.50,6.50,6.35,6.35,3200
17-Oct-11,6.64,6.64,6.59,6.59,1400
14-Oct-11,6.50,6.60,6.50,6.59,9182
13-Oct-11,6.50,6.55,6.35,6.55,6600
12-Oct-11,6.51,6.60,6.50,6.55,15684
11-Oct-11,6.55,6.55,6.50,6.50,1140
10-Oct-11,6.51,6.70,6.43,6.70,75634
7-Oct-11,6.66,6.78,6.43,6.43,4740
6-Oct-11,6.51,7.00,6.51,6.71,5626
5-Oct-11,7.35,7.35,7.20,7.20,2160
4-Oct-11,7.70,7.70,7.04,7.21,11801
30-Sep-11,7.70,7.70,7.70,7.70,0
29-Sep-11,7.31,7.58,7.31,7.58,312
