Date,Open,High,Low,Close,Volume
27-Sep-12,11.03,11.03,10.97,10.97,5010
26-Sep-12,11.04,11.10,11.04,11.10,900
25-Sep-12,11.04,11.24,11.02,11.10,11353
24-Sep-12,11.15,11.15,11.03,11.06,3594
21-Sep-12,11.13,11.13,11.13,11.13,0
20-Sep-12,11.15,11.16,11.03,11.13,2600
19-Sep-12,11.15,11.16,11.15,11.15,2100
18-Sep-12,11.15,11.15,11.15,11.15,166
17-Sep-12,11.10,11.10,11.10,11.10,400
14-Sep-12,11.09,11.10,11.09,11.10,1266
13-Sep-12,11.10,11.10,11.10,11.10,200
12-Sep-12,11.12,11.12,11.12,11.12,0
11-Sep-12,11.12,11.12,11.12,11.12,500
10-Sep-12,11.11,11.11,11.10,11.10,1905
7-Sep-12,10.92,11.14,10.92,11.10,2715
6-Sep-12,11.85,11.85,11.06,11.15,9500
5-Sep-12,11.05,11.05,11.04,11.05,3700
4-Sep-12,11.05,11.05,11.05,11.05,1200
31-Aug-12,11.05,11.05,11.00,11.00,500
30-Aug-12,11.05,11.05,11.04,11.04,1500
29-Aug-12,11.03,11.05,11.03,11.03,2300
28-Aug-12,11.00,11.00,10.86,10.86,2700
27-Aug-12,11.03,11.05,11.03,11.05,900
24-Aug-12,10.92,11.10,10.90,10.90,5750
23-Aug-12,10.90,10.90,10.90,10.90,250
22-Aug-12,11.20,11.20,10.90,11.13,6000
21-Aug-12,10.90,10.90,10.90,10.90,200
20-Aug-12,11.00,11.00,11.00,11.00,5250
17-Aug-12,11.03,11.03,11.03,11.03,0
16-Aug-12,11.03,11.04,11.03,11.04,590
15-Aug-12,10.86,10.86,10.86,10.86,0
14-Aug-12,10.87,10.90,10.85,10.90,1400
13-Aug-12,11.01,11.01,11.01,11.01,500
10-Aug-12,11.01,11.01,11.01,11.01,0
9-Aug-12,11.00,11.14,11.00,11.01,5646
8-Aug-12,10.90,10.90,10.90,10.90,0
7-Aug-12,10.90,11.00,10.89,11.00,1224
6-Aug-12,10.85,11.13,10.85,10.90,1474
3-Aug-12,10.90,10.90,10.90,10.90,800
2-Aug-12,10.77,10.90,10.75,10.88,2400
1-Aug-12,10.72,10.90,10.72,10.90,1925
31-Jul-12,10.80,11.07,10.80,11.07,2425
30-Jul-12,11.16,11.19,11.16,11.19,1149
27-Jul-12,10.90,10.90,10.72,10.72,10492
26-Jul-12,10.88,10.90,10.70,10.85,9515
25-Jul-12,10.92,10.92,10.92,10.92,810
24-Jul-12,10.96,10.97,10.94,10.94,500
23-Jul-12,10.97,10.97,10.90,10.92,2450
20-Jul-12,10.99,10.99,10.99,10.99,2000
19-Jul-12,11.20,11.20,11.02,11.02,2755
18-Jul-12,11.11,11.11,11.10,11.10,1850
17-Jul-12,11.17,11.20,11.00,11.10,4115
16-Jul-12,11.05,11.15,11.05,11.15,282
13-Jul-12,11.10,11.10,11.10,11.10,3225
12-Jul-12,11.10,11.15,11.10,11.15,600
11-Jul-12,11.19,11.20,11.10,11.20,6258
10-Jul-12,11.10,11.20,11.10,11.20,8038
9-Jul-12,11.16,11.16,11.16,11.16,0
6-Jul-12,11.14,11.20,11.11,11.11,3100
5-Jul-12,11.20,11.20,11.10,11.10,3025
3-Jul-12,11.19,11.19,11.18,11.18,4166
2-Jul-12,11.15,11.16,11.10,11.16,3180
29-Jun-12,10.92,10.92,10.92,10.92,1350
28-Jun-12,10.94,11.15,10.90,10.97,2600
27-Jun-12,11.02,11.04,11.00,11.00,1300
26-Jun-12,11.25,11.25,11.21,11.22,1000
25-Jun-12,11.22,11.22,11.22,11.22,500
22-Jun-12,11.25,11.25,11.25,11.25,200
21-Jun-12,11.08,11.08,11.08,11.08,0
20-Jun-12,11.26,11.26,11.08,11.08,1900
19-Jun-12,11.08,11.08,11.08,11.08,600
18-Jun-12,11.05,11.08,11.05,11.07,4140
15-Jun-12,11.20,11.20,11.20,11.20,0
14-Jun-12,11.20,11.20,11.20,11.20,0
13-Jun-12,11.20,11.20,11.20,11.20,0
12-Jun-12,11.20,11.20,11.20,11.20,0
11-Jun-12,11.21,11.21,11.15,11.15,5100
8-Jun-12,11.20,11.20,11.20,11.20,2400
7-Jun-12,11.34,11.34,11.34,11.34,0
6-Jun-12,11.34,11.35,11.34,11.34,3402
5-Jun-12,11.25,11.25,11.25,11.25,0
4-Jun-12,11.34,11.34,11.34,11.34,800
1-Jun-12,11.28,11.28,11.25,11.25,900
31-May-12,11.35,11.35,11.35,11.35,0
30-May-12,11.35,11.35,11.35,11.35,0
29-May-12,11.35,11.42,11.35,11.41,2800
25-May-12,11.27,11.27,11.27,11.27,0
24-May-12,11.27,11.27,11.27,11.27,0
23-May-12,11.27,11.27,11.27,11.27,0
22-May-12,11.07,11.30,11.07,11.27,2530
21-May-12,11.07,11.07,11.07,11.07,0
18-May-12,11.07,11.07,11.07,11.07,0
17-May-12,11.07,11.07,11.05,11.07,700
16-May-12,11.10,11.10,11.10,11.10,0
15-May-12,11.10,11.10,11.10,11.10,0
14-May-12,11.10,11.10,11.10,11.10,134
11-May-12,11.15,11.15,11.15,11.15,0
10-May-12,11.12,11.15,11.12,11.15,1425
9-May-12,11.03,11.03,11.03,11.03,100
8-May-12,11.13,11.13,11.13,11.13,100
7-May-12,11.05,11.13,11.00,11.13,2288
4-May-12,11.07,11.07,11.00,11.00,2880
3-May-12,11.09,11.09,11.00,11.00,10000
2-May-12,11.01,11.01,11.01,11.01,0
1-May-12,11.08,11.09,11.00,11.04,2100
30-Apr-12,11.25,11.40,11.25,11.40,1050
27-Apr-12,11.29,11.29,11.29,11.29,0
26-Apr-12,11.29,11.29,11.29,11.29,0
25-Apr-12,11.29,11.29,11.29,11.29,0
24-Apr-12,11.06,11.29,11.06,11.29,972
23-Apr-12,11.44,11.44,11.29,11.29,2100
20-Apr-12,11.20,11.50,11.01,11.44,4689
19-Apr-12,11.28,11.28,11.28,11.28,0
18-Apr-12,11.28,11.28,11.28,11.28,0
17-Apr-12,11.30,11.30,11.28,11.30,900
16-Apr-12,11.15,11.15,11.13,11.13,567
13-Apr-12,11.02,11.02,11.02,11.02,200
12-Apr-12,11.27,11.27,11.27,11.27,0
11-Apr-12,11.27,11.30,11.27,11.30,524
10-Apr-12,11.10,11.19,11.00,11.19,2400
9-Apr-12,11.01,11.01,11.01,11.01,0
5-Apr-12,11.20,11.20,11.01,11.01,400
4-Apr-12,11.22,11.46,11.22,11.46,304
3-Apr-12,11.49,11.49,11.25,11.25,910
2-Apr-12,11.23,11.25,11.23,11.25,1406
30-Mar-12,11.25,11.25,11.25,11.25,0
29-Mar-12,11.14,11.25,11.14,11.25,2000
28-Mar-12,11.09,11.16,10.98,11.16,3725
27-Mar-12,11.10,11.24,11.05,11.24,5145
26-Mar-12,11.16,11.16,11.15,11.15,1202
23-Mar-12,11.15,11.15,11.15,11.15,200
22-Mar-12,11.05,11.05,11.05,11.05,300
21-Mar-12,11.10,11.10,11.10,11.10,0
20-Mar-12,11.05,11.15,11.05,11.15,1725
19-Mar-12,11.10,11.24,11.05,11.24,3328
16-Mar-12,11.05,11.15,11.05,11.15,1600
15-Mar-12,11.05,11.05,11.05,11.05,653
14-Mar-12,11.06,11.06,11.06,11.06,600
13-Mar-12,11.10,11.10,11.10,11.10,0
12-Mar-12,11.17,11.17,11.17,11.17,1000
9-Mar-12,11.10,11.17,11.10,11.17,500
8-Mar-12,10.76,10.76,10.76,10.76,0
7-Mar-12,11.10,11.10,10.76,11.08,6850
6-Mar-12,11.20,11.20,11.20,11.20,0
5-Mar-12,11.23,11.23,11.17,11.20,1600
2-Mar-12,11.05,11.15,11.05,11.15,1991
1-Mar-12,10.79,11.15,10.75,11.11,2800
29-Feb-12,11.11,11.18,11.01,11.18,2752
28-Feb-12,11.50,11.50,11.10,11.34,8700
27-Feb-12,11.50,11.50,11.50,11.50,500
24-Feb-12,11.26,11.45,11.26,11.45,1800
23-Feb-12,11.25,11.25,11.25,11.25,100
22-Feb-12,11.15,11.15,11.15,11.15,0
21-Feb-12,11.20,11.20,11.15,11.15,2000
17-Feb-12,11.10,11.10,11.10,11.10,0
16-Feb-12,11.10,11.10,11.10,11.10,0
15-Feb-12,11.10,11.10,11.10,11.10,0
14-Feb-12,11.10,11.10,11.10,11.10,0
13-Feb-12,11.21,11.21,11.21,11.21,100
9-Feb-12,11.10,11.10,11.10,11.10,0
8-Feb-12,11.10,11.10,11.10,11.10,0
7-Feb-12,11.06,11.25,11.05,11.07,1350
6-Feb-12,11.02,11.12,11.02,11.07,1050
3-Feb-12,11.25,11.25,11.20,11.20,3475
2-Feb-12,11.25,11.25,11.25,11.25,125
1-Feb-12,11.20,11.20,11.20,11.20,100
31-Jan-12,11.45,11.45,11.45,11.45,400
30-Jan-12,11.20,11.20,11.20,11.20,1000
27-Jan-12,11.49,11.49,11.49,11.49,0
26-Jan-12,11.36,11.36,11.35,11.35,247
24-Jan-12,11.48,11.48,11.48,11.48,0
23-Jan-12,11.30,11.30,11.30,11.30,0
11-Jan-12,11.30,11.30,11.30,11.30,0
6-Jan-12,11.27,11.27,11.27,11.27,0
4-Jan-12,11.26,11.26,11.26,11.26,0
3-Jan-12,11.45,11.45,11.26,11.26,1040
28-Dec-11,11.30,11.30,11.30,11.30,0
27-Dec-11,11.31,11.31,11.31,11.31,250
23-Dec-11,11.40,11.40,11.40,11.40,0
20-Dec-11,11.26,11.26,11.26,11.26,0
19-Dec-11,11.40,11.40,11.40,11.40,800
16-Dec-11,11.25,11.26,11.25,11.25,5800
13-Dec-11,11.25,11.25,11.25,11.25,0
12-Dec-11,11.26,11.26,11.24,11.25,1250
9-Dec-11,11.25,11.25,11.25,11.25,8823
8-Dec-11,11.24,11.24,11.24,11.24,0
6-Dec-11,11.25,11.25,11.25,11.25,0
5-Dec-11,11.22,11.25,11.22,11.25,4000
1-Dec-11,11.25,11.25,11.25,11.25,0
28-Nov-11,11.15,11.15,11.15,11.15,0
23-Nov-11,11.25,11.25,11.25,11.25,0
22-Nov-11,11.31,11.31,11.25,11.25,6600
17-Nov-11,11.35,11.35,11.35,11.35,0
16-Nov-11,11.30,11.30,11.30,11.30,200
10-Nov-11,11.35,11.35,11.35,11.35,0
9-Nov-11,11.25,11.35,11.25,11.35,600
4-Nov-11,11.35,11.35,11.35,11.35,0
1-Nov-11,11.30,11.30,11.30,11.30,0
28-Oct-11,11.18,11.18,11.18,11.18,0
27-Oct-11,11.35,11.35,11.20,11.29,1600
25-Oct-11,11.20,11.20,11.20,11.20,0
19-Oct-11,11.23,11.23,11.23,11.23,0
18-Oct-11,11.05,11.05,11.00,11.00,2400
14-Oct-11,11.22,11.22,11.22,11.22,0
13-Oct-11,11.25,11.25,11.25,11.25,0
12-Oct-11,11.27,11.27,11.27,11.27,200
11-Oct-11,11.00,11.00,11.00,11.00,0
10-Oct-11,11.01,11.01,11.00,11.00,700
7-Oct-11,11.00,11.00,11.00,11.00,0
6-Oct-11,11.00,11.00,10.99,11.00,4400
5-Oct-11,10.79,11.10,10.78,11.00,1100
4-Oct-11,11.10,11.10,10.90,11.10,5531
3-Oct-11,11.24,11.24,10.90,11.18,4031
30-Sep-11,10.78,11.00,10.78,11.00,5190
