Date,Open,High,Low,Close,Volume
27-Sep-12,5.20,5.20,4.51,4.61,49077
26-Sep-12,5.16,5.28,5.12,5.17,16663
25-Sep-12,5.30,5.38,5.08,5.12,33812
24-Sep-12,5.17,5.29,5.14,5.29,10705
21-Sep-12,5.14,5.20,5.09,5.19,43161
20-Sep-12,5.08,5.16,5.08,5.09,6191
19-Sep-12,5.29,5.29,5.09,5.12,7564
18-Sep-12,5.38,5.45,5.20,5.26,7406
17-Sep-12,5.31,5.40,5.22,5.36,16623
14-Sep-12,5.44,5.50,5.20,5.38,7776
13-Sep-12,5.24,5.70,5.16,5.37,22330
12-Sep-12,5.36,5.36,5.17,5.21,6555
11-Sep-12,5.35,5.37,5.20,5.37,35036
10-Sep-12,5.50,5.50,5.35,5.37,12115
7-Sep-12,5.45,5.64,5.36,5.51,33710
6-Sep-12,5.43,5.47,5.35,5.42,58429
5-Sep-12,5.55,5.55,5.40,5.41,37489
4-Sep-12,5.51,5.58,5.49,5.57,27806
31-Aug-12,5.54,5.55,5.48,5.53,4568
30-Aug-12,5.45,5.51,5.45,5.48,10852
29-Aug-12,5.47,5.55,5.46,5.51,8920
28-Aug-12,5.39,5.50,5.38,5.46,22893
27-Aug-12,5.40,5.46,5.34,5.42,27481
24-Aug-12,5.16,5.40,5.09,5.38,13910
23-Aug-12,5.20,5.20,5.07,5.16,11985
22-Aug-12,5.26,5.26,5.15,5.20,21375
21-Aug-12,5.31,5.36,5.20,5.24,36687
20-Aug-12,5.26,5.37,5.22,5.30,12532
17-Aug-12,5.17,5.34,5.12,5.30,19417
16-Aug-12,5.13,5.22,5.11,5.22,41484
15-Aug-12,5.03,5.17,5.00,5.10,29281
14-Aug-12,5.30,5.30,5.00,5.05,46059
13-Aug-12,5.34,5.34,5.21,5.24,30796
10-Aug-12,5.35,5.35,5.22,5.35,80946
9-Aug-12,5.70,5.71,5.60,5.67,57391
8-Aug-12,5.79,5.79,5.64,5.74,54893
7-Aug-12,5.75,5.83,5.68,5.82,77842
6-Aug-12,5.62,5.73,5.62,5.73,68784
3-Aug-12,5.74,5.74,5.60,5.64,69472
2-Aug-12,5.70,5.74,5.61,5.61,86748
1-Aug-12,5.71,5.78,5.69,5.71,59225
31-Jul-12,5.75,5.76,5.60,5.68,101753
30-Jul-12,5.75,5.85,5.71,5.75,39348
27-Jul-12,5.81,5.85,5.70,5.76,88822
26-Jul-12,5.97,5.97,5.70,5.79,18614
25-Jul-12,5.89,5.89,5.59,5.84,137156
24-Jul-12,5.65,5.80,5.50,5.71,45501
23-Jul-12,5.76,5.80,5.54,5.60,58011
20-Jul-12,6.01,6.01,5.80,5.83,21498
19-Jul-12,6.16,6.16,6.05,6.10,18495
18-Jul-12,6.24,6.26,6.10,6.14,68846
17-Jul-12,6.16,6.28,6.15,6.27,19182
16-Jul-12,6.10,6.15,6.03,6.11,74407
13-Jul-12,6.00,6.30,5.97,6.24,103776
12-Jul-12,5.79,5.96,5.74,5.90,21838
11-Jul-12,5.59,5.90,5.55,5.85,94228
10-Jul-12,5.60,5.65,5.55,5.55,25622
9-Jul-12,5.52,5.60,5.47,5.60,15030
6-Jul-12,5.54,5.60,5.34,5.54,10463
5-Jul-12,5.61,5.67,5.50,5.62,24481
3-Jul-12,5.56,5.69,5.48,5.68,23265
2-Jul-12,5.38,5.60,5.25,5.60,37893
29-Jun-12,5.35,5.44,5.20,5.40,44536
28-Jun-12,5.29,5.30,5.15,5.23,20850
27-Jun-12,5.33,5.36,5.05,5.36,40845
26-Jun-12,5.28,5.50,5.20,5.35,25280
25-Jun-12,4.99,5.52,4.99,5.30,71685
22-Jun-12,4.89,5.20,4.82,5.06,158105
21-Jun-12,5.00,5.00,4.65,4.83,30959
20-Jun-12,5.00,5.00,4.67,4.95,15744
19-Jun-12,4.82,5.09,4.82,5.02,43649
18-Jun-12,4.47,5.04,4.39,4.81,79336
15-Jun-12,5.36,5.36,4.50,4.50,198880
14-Jun-12,5.39,5.68,5.19,5.62,42237
13-Jun-12,5.54,5.54,5.26,5.37,15017
12-Jun-12,5.41,5.59,5.12,5.57,20030
11-Jun-12,5.44,5.59,5.34,5.34,31044
8-Jun-12,5.49,5.64,5.30,5.39,11486
7-Jun-12,5.68,5.68,5.28,5.52,29241
6-Jun-12,5.18,5.63,5.18,5.63,21978
5-Jun-12,4.70,5.15,4.65,5.13,31448
4-Jun-12,4.55,4.81,4.55,4.71,13654
1-Jun-12,4.81,4.81,4.25,4.54,26098
31-May-12,5.16,5.33,4.81,4.94,27590
30-May-12,5.35,5.35,5.11,5.12,16739
29-May-12,5.45,5.45,5.22,5.44,10126
25-May-12,5.14,5.57,5.09,5.42,27800
24-May-12,5.02,5.13,5.00,5.13,24351
23-May-12,5.08,5.12,5.00,5.03,27501
22-May-12,5.43,5.44,5.03,5.15,26913
21-May-12,5.24,5.54,5.24,5.41,35988
18-May-12,5.08,5.37,5.07,5.25,89394
17-May-12,5.32,5.62,5.10,5.10,45141
16-May-12,5.69,5.69,5.22,5.29,39894
15-May-12,5.45,5.77,5.42,5.67,17682
14-May-12,5.40,5.62,5.40,5.46,38837
11-May-12,5.87,6.01,5.39,5.49,66471
10-May-12,5.83,6.48,5.68,5.89,174767
9-May-12,5.36,5.90,5.36,5.78,12655
8-May-12,5.16,5.64,5.15,5.45,64944
7-May-12,5.27,5.34,5.13,5.22,12095
4-May-12,5.42,5.54,5.30,5.31,33521
3-May-12,5.72,5.73,5.41,5.45,22777
2-May-12,5.72,5.89,5.56,5.76,17921
1-May-12,5.79,5.91,5.62,5.70,23108
30-Apr-12,5.77,6.00,5.75,5.75,17063
27-Apr-12,5.89,6.00,5.67,5.88,17265
26-Apr-12,5.76,5.88,5.60,5.86,9228
25-Apr-12,5.67,5.74,5.49,5.73,16364
24-Apr-12,5.43,5.60,5.43,5.59,13299
23-Apr-12,5.60,5.60,5.35,5.41,61080
20-Apr-12,5.82,5.82,5.64,5.66,39122
19-Apr-12,5.70,6.16,5.41,5.51,31923
18-Apr-12,5.77,5.89,5.65,5.71,15401
17-Apr-12,5.59,5.83,5.55,5.70,17046
16-Apr-12,5.70,5.70,5.42,5.51,9917
13-Apr-12,5.72,6.16,5.43,5.66,40200
12-Apr-12,4.95,5.94,4.95,5.76,33369
11-Apr-12,5.22,5.28,5.10,5.20,28047
10-Apr-12,5.63,5.63,5.12,5.13,85623
9-Apr-12,5.83,5.84,5.60,5.60,22853
5-Apr-12,5.88,5.99,5.88,5.90,7415
4-Apr-12,5.89,6.00,5.88,5.89,22570
3-Apr-12,6.19,6.19,5.90,5.99,36747
2-Apr-12,5.88,6.20,5.88,6.20,23785
30-Mar-12,5.90,5.95,5.88,5.88,29348
29-Mar-12,6.00,6.00,5.88,5.92,15863
28-Mar-12,6.16,6.16,5.99,6.06,23282
27-Mar-12,6.22,6.34,6.08,6.18,25348
26-Mar-12,6.07,6.25,5.92,6.24,31365
23-Mar-12,5.81,6.06,5.72,6.05,22294
22-Mar-12,5.87,6.00,5.80,5.91,25587
21-Mar-12,6.05,6.12,5.84,5.96,14130
20-Mar-12,6.10,6.10,5.99,6.02,9057
19-Mar-12,5.93,6.20,5.84,6.15,16354
16-Mar-12,6.05,6.05,5.81,5.86,48059
15-Mar-12,6.10,6.10,5.76,6.07,8410
14-Mar-12,6.27,6.27,6.03,6.11,8014
13-Mar-12,5.98,6.29,5.68,6.27,18948
12-Mar-12,5.67,6.00,5.67,5.92,26140
9-Mar-12,5.75,5.95,5.70,5.92,14554
8-Mar-12,5.95,5.95,5.71,5.77,28668
7-Mar-12,5.88,5.97,5.88,5.95,17765
6-Mar-12,5.98,6.07,5.87,5.88,24672
5-Mar-12,5.62,6.43,5.62,5.98,92924
2-Mar-12,5.99,6.05,5.60,5.65,52657
1-Mar-12,6.07,6.15,5.94,5.98,33509
29-Feb-12,6.29,6.30,6.05,6.07,31547
28-Feb-12,6.51,6.51,6.27,6.28,16737
27-Feb-12,6.40,6.59,6.35,6.49,8557
24-Feb-12,6.60,6.60,6.37,6.47,18164
23-Feb-12,6.18,6.60,6.14,6.60,74402
22-Feb-12,6.27,6.33,6.15,6.16,19925
21-Feb-12,6.35,6.40,6.25,6.28,35540
17-Feb-12,6.46,6.46,6.12,6.32,48940
16-Feb-12,6.28,6.47,6.11,6.46,38004
15-Feb-12,6.47,6.48,6.23,6.28,29804
14-Feb-12,6.21,6.50,6.20,6.45,20977
13-Feb-12,6.05,6.27,6.01,6.27,63084
10-Feb-12,6.60,6.68,5.81,5.96,88428
9-Feb-12,6.40,7.00,6.30,6.62,126153
8-Feb-12,6.21,6.39,6.13,6.36,42978
7-Feb-12,6.30,6.30,6.06,6.21,29402
6-Feb-12,6.22,6.30,6.01,6.29,21758
3-Feb-12,6.15,6.15,6.15,6.15,0
2-Feb-12,5.75,6.03,5.57,6.02,43296
1-Feb-12,5.63,5.70,5.36,5.64,73169
31-Jan-12,5.65,5.65,5.65,5.65,0
30-Jan-12,5.87,5.87,5.70,5.70,34520
27-Jan-12,5.88,5.88,5.88,5.88,0
26-Jan-12,5.73,5.99,5.60,5.83,49249
25-Jan-12,5.77,5.77,5.77,5.77,0
24-Jan-12,5.06,5.30,5.06,5.22,27227
23-Jan-12,5.01,5.19,4.98,5.11,55920
20-Jan-12,4.81,5.04,4.75,4.99,87170
19-Jan-12,4.68,4.68,4.68,4.68,0
18-Jan-12,4.74,4.76,4.47,4.64,88451
17-Jan-12,4.47,4.68,4.30,4.51,106137
13-Jan-12,4.37,4.37,4.37,4.37,0
12-Jan-12,4.43,4.45,3.90,4.24,200182
11-Jan-12,4.72,4.72,4.72,4.72,0
10-Jan-12,5.04,5.49,4.89,5.19,97143
9-Jan-12,4.79,5.09,4.75,4.83,57995
6-Jan-12,4.92,4.92,4.56,4.88,8578
5-Jan-12,4.94,4.97,4.84,4.93,18068
4-Jan-12,4.94,5.20,4.81,4.95,37165
3-Jan-12,5.23,5.23,4.97,4.98,81449
30-Dec-11,5.06,5.06,5.06,5.06,0
29-Dec-11,4.93,5.19,4.87,5.09,50533
28-Dec-11,4.78,5.00,4.60,4.71,64185
27-Dec-11,5.08,5.20,4.55,4.80,84627
23-Dec-11,5.03,5.03,5.03,5.03,0
22-Dec-11,4.17,4.74,4.15,4.49,134187
21-Dec-11,4.40,4.48,4.16,4.19,57798
20-Dec-11,4.40,4.43,4.17,4.18,96197
19-Dec-11,4.31,4.34,4.04,4.05,35040
16-Dec-11,4.68,4.83,4.14,4.25,80412
15-Dec-11,4.72,4.88,4.52,4.61,30549
14-Dec-11,4.64,4.79,4.44,4.61,66783
13-Dec-11,4.84,5.01,4.61,4.61,49805
12-Dec-11,4.74,4.74,4.74,4.74,0
9-Dec-11,4.84,5.00,4.67,4.79,71533
8-Dec-11,4.87,5.06,4.78,4.78,34391
7-Dec-11,4.97,4.97,4.97,4.97,0
6-Dec-11,5.03,5.20,4.96,5.03,83474
5-Dec-11,5.22,5.22,4.97,5.02,96983
2-Dec-11,5.33,5.35,5.06,5.10,53914
1-Dec-11,5.36,5.36,5.36,5.36,0
30-Nov-11,5.54,5.67,5.36,5.67,73070
29-Nov-11,5.20,5.77,5.02,5.25,53590
28-Nov-11,5.43,5.45,5.00,5.20,112805
25-Nov-11,5.31,5.41,5.24,5.24,16342
23-Nov-11,5.30,5.30,5.30,5.30,0
22-Nov-11,5.81,6.00,5.70,5.91,79228
21-Nov-11,5.86,6.16,5.82,5.87,22562
18-Nov-11,6.01,6.05,5.92,5.99,46986
17-Nov-11,5.83,6.23,5.83,6.02,31492
16-Nov-11,6.00,6.15,5.62,5.83,90609
15-Nov-11,6.30,6.43,5.98,6.09,76841
14-Nov-11,6.62,6.70,6.24,6.35,63399
11-Nov-11,6.86,6.86,6.50,6.68,76544
10-Nov-11,6.85,7.35,6.64,6.77,59866
9-Nov-11,7.76,7.76,6.85,6.87,113641
8-Nov-11,6.90,7.30,6.80,7.23,35001
7-Nov-11,6.91,7.34,6.80,6.81,96695
4-Nov-11,6.85,7.10,6.76,7.02,33187
3-Nov-11,6.83,6.97,6.65,6.92,35784
2-Nov-11,6.68,6.77,6.46,6.71,48346
1-Nov-11,6.35,7.00,6.35,6.51,72184
31-Oct-11,6.85,7.10,6.46,6.65,50222
28-Oct-11,7.48,7.48,6.73,6.99,93261
27-Oct-11,7.68,7.68,7.68,7.68,0
26-Oct-11,6.00,6.14,5.76,6.05,59568
25-Oct-11,5.53,6.00,5.41,5.86,94939
24-Oct-11,5.09,5.60,5.00,5.60,53134
21-Oct-11,5.16,5.26,4.96,5.02,55936
20-Oct-11,5.15,5.15,4.89,4.97,31084
19-Oct-11,5.37,5.40,5.12,5.15,43560
18-Oct-11,5.02,5.50,4.99,5.42,56500
17-Oct-11,5.12,5.17,4.88,4.94,53651
14-Oct-11,5.42,5.42,5.06,5.18,50154
13-Oct-11,5.38,5.49,5.23,5.38,55649
12-Oct-11,5.50,5.50,5.50,5.50,0
11-Oct-11,5.36,5.54,5.18,5.48,83079
10-Oct-11,5.35,5.50,4.84,5.50,65933
7-Oct-11,5.46,5.46,4.95,5.09,62494
6-Oct-11,5.34,5.46,5.13,5.44,52397
5-Oct-11,5.31,5.31,5.31,5.31,0
4-Oct-11,4.75,5.37,4.75,5.17,58831
3-Oct-11,5.25,5.44,4.75,4.75,62892
30-Sep-11,5.09,5.50,4.95,5.32,100469
29-Sep-11,4.92,4.92,4.92,4.92,0
