Date,Open,High,Low,Close,Volume
27-Sep-12,1.49,1.50,1.42,1.42,5500
26-Sep-12,1.41,1.47,1.41,1.42,4388
25-Sep-12,1.50,1.50,1.41,1.50,11826
24-Sep-12,1.41,1.47,1.41,1.45,10821
21-Sep-12,1.49,1.49,1.49,1.49,1035
20-Sep-12,1.41,1.41,1.41,1.41,940
19-Sep-12,1.46,1.46,1.46,1.46,660
18-Sep-12,1.41,1.47,1.41,1.47,7990
17-Sep-12,1.33,1.47,1.33,1.40,3200
14-Sep-12,1.36,1.51,1.36,1.49,1561
13-Sep-12,1.43,1.45,1.43,1.44,2991
12-Sep-12,1.43,1.48,1.43,1.48,2400
11-Sep-12,1.56,1.57,1.49,1.49,400
10-Sep-12,1.42,1.61,1.42,1.61,2687
7-Sep-12,1.43,1.50,1.40,1.50,1464
6-Sep-12,1.40,1.48,1.40,1.48,700
5-Sep-12,1.40,1.48,1.37,1.48,1730
4-Sep-12,1.40,1.40,1.40,1.40,1500
31-Aug-12,1.34,1.40,1.31,1.40,944
30-Aug-12,1.40,1.40,1.32,1.35,7026
29-Aug-12,1.39,1.40,1.39,1.40,2456
28-Aug-12,1.36,1.36,1.36,1.36,0
27-Aug-12,1.36,1.36,1.36,1.36,1100
24-Aug-12,1.45,1.45,1.36,1.37,2100
23-Aug-12,1.47,1.47,1.47,1.47,0
22-Aug-12,1.45,1.47,1.35,1.47,3416
21-Aug-12,1.31,1.40,1.29,1.40,2363
20-Aug-12,1.36,1.36,1.29,1.29,200
17-Aug-12,1.34,1.35,1.32,1.35,6150
16-Aug-12,1.27,1.27,1.27,1.27,0
15-Aug-12,1.34,1.41,1.27,1.38,1000
14-Aug-12,1.38,1.38,1.29,1.30,1125
13-Aug-12,1.39,1.39,1.39,1.39,0
10-Aug-12,1.35,1.37,1.35,1.37,969
9-Aug-12,1.43,1.44,1.21,1.44,4076
8-Aug-12,1.39,1.43,1.30,1.30,2691
7-Aug-12,1.36,1.40,1.30,1.40,4325
6-Aug-12,1.37,1.37,1.33,1.36,4190
3-Aug-12,1.37,1.37,1.32,1.37,400
2-Aug-12,1.37,1.37,1.37,1.37,100
1-Aug-12,1.35,1.35,1.35,1.35,0
31-Jul-12,1.30,1.40,1.30,1.40,800
30-Jul-12,1.38,1.40,1.38,1.40,250
27-Jul-12,1.28,1.28,1.28,1.28,0
26-Jul-12,1.40,1.40,1.40,1.40,400
25-Jul-12,1.38,1.40,1.38,1.39,1006
24-Jul-12,1.35,1.35,1.35,1.35,0
23-Jul-12,1.38,1.38,1.35,1.35,1100
20-Jul-12,1.38,1.38,1.38,1.38,500
19-Jul-12,1.38,1.40,1.38,1.40,1964
18-Jul-12,1.36,1.40,1.36,1.40,1130
17-Jul-12,1.43,1.44,1.36,1.36,4381
16-Jul-12,1.40,1.40,1.38,1.38,2100
13-Jul-12,1.40,1.45,1.40,1.45,200
12-Jul-12,1.43,1.43,1.43,1.43,290
11-Jul-12,1.40,1.40,1.38,1.38,1000
10-Jul-12,1.35,1.35,1.35,1.35,2000
9-Jul-12,1.35,1.35,1.35,1.35,2290
6-Jul-12,1.39,1.41,1.35,1.35,4455
5-Jul-12,1.43,1.44,1.40,1.43,888
3-Jul-12,1.42,1.49,1.42,1.49,1873
2-Jul-12,1.40,1.46,1.40,1.46,1720
29-Jun-12,1.36,1.45,1.35,1.44,5400
28-Jun-12,1.26,1.26,1.26,1.26,0
27-Jun-12,1.39,1.41,1.26,1.40,5922
26-Jun-12,1.39,1.39,1.39,1.39,0
25-Jun-12,1.39,1.39,1.39,1.39,0
22-Jun-12,1.39,1.40,1.39,1.40,540
21-Jun-12,1.41,1.41,1.40,1.40,750
20-Jun-12,1.42,1.42,1.42,1.42,0
19-Jun-12,1.42,1.45,1.42,1.44,1482
18-Jun-12,1.40,1.40,1.40,1.40,0
15-Jun-12,1.36,1.40,1.35,1.40,2108
14-Jun-12,1.37,1.39,1.37,1.39,1398
13-Jun-12,1.37,1.43,1.23,1.41,8450
12-Jun-12,1.43,1.43,1.43,1.43,1000
11-Jun-12,1.38,1.38,1.38,1.38,100
8-Jun-12,1.42,1.42,1.36,1.40,4905
7-Jun-12,1.40,1.43,1.40,1.42,2449
6-Jun-12,1.40,1.41,1.40,1.40,1644
5-Jun-12,1.40,1.43,1.40,1.43,5410
4-Jun-12,1.41,1.43,1.41,1.41,2600
1-Jun-12,1.46,1.47,1.46,1.46,4502
31-May-12,1.40,1.49,1.40,1.46,3260
30-May-12,1.41,1.48,1.41,1.48,5500
29-May-12,1.45,1.50,1.42,1.48,4314
25-May-12,1.41,1.50,1.40,1.50,3053
24-May-12,1.41,1.41,1.41,1.41,1850
23-May-12,1.41,1.46,1.39,1.46,1700
22-May-12,1.37,1.46,1.34,1.46,6748
21-May-12,1.35,1.46,1.34,1.36,17528
18-May-12,1.48,1.48,1.37,1.37,16514
17-May-12,1.46,1.50,1.38,1.50,16200
16-May-12,1.45,1.49,1.45,1.45,13949
15-May-12,1.70,1.70,1.27,1.41,96519
14-May-12,1.70,1.74,1.67,1.74,9519
11-May-12,1.79,1.79,1.68,1.68,9199
10-May-12,1.71,1.80,1.71,1.79,7673
9-May-12,1.70,1.75,1.69,1.71,21552
8-May-12,1.74,1.75,1.69,1.70,4450
7-May-12,1.82,1.82,1.70,1.75,26825
4-May-12,1.81,1.90,1.81,1.82,11065
3-May-12,1.81,1.82,1.81,1.81,2450
2-May-12,1.80,1.80,1.80,1.80,814
1-May-12,1.69,1.80,1.69,1.78,7091
30-Apr-12,1.75,1.75,1.69,1.72,3100
27-Apr-12,1.93,1.93,1.71,1.71,6988
26-Apr-12,1.75,1.90,1.75,1.77,360
25-Apr-12,1.85,1.94,1.73,1.73,16455
24-Apr-12,1.84,1.96,1.76,1.82,8384
23-Apr-12,1.85,1.96,1.80,1.91,24096
20-Apr-12,1.76,1.90,1.76,1.90,4604
19-Apr-12,1.87,1.87,1.80,1.80,1233
18-Apr-12,1.85,1.90,1.84,1.84,1608
17-Apr-12,1.89,1.90,1.83,1.83,3276
16-Apr-12,1.91,1.91,1.91,1.91,140
13-Apr-12,1.91,1.91,1.76,1.84,950
12-Apr-12,1.85,1.95,1.81,1.83,7115
11-Apr-12,1.79,1.79,1.75,1.75,11914
10-Apr-12,1.75,1.78,1.73,1.76,2224
9-Apr-12,1.90,1.90,1.74,1.75,24483
5-Apr-12,1.77,1.86,1.75,1.86,13663
4-Apr-12,1.62,1.75,1.61,1.74,5081
3-Apr-12,1.75,1.75,1.61,1.63,4323
2-Apr-12,1.64,1.74,1.63,1.71,7206
30-Mar-12,1.63,1.76,1.60,1.74,3200
29-Mar-12,1.70,1.76,1.65,1.65,18627
28-Mar-12,1.65,1.76,1.61,1.70,5517
27-Mar-12,1.63,1.77,1.63,1.77,3240
26-Mar-12,1.62,1.70,1.62,1.63,3875
23-Mar-12,1.63,1.63,1.63,1.63,0
22-Mar-12,1.72,1.79,1.61,1.63,3409
21-Mar-12,1.61,1.63,1.61,1.61,5100
20-Mar-12,1.64,1.70,1.61,1.64,10839
19-Mar-12,1.60,1.69,1.60,1.62,16800
16-Mar-12,1.76,1.77,1.69,1.73,6900
15-Mar-12,1.65,1.79,1.64,1.78,31250
14-Mar-12,1.63,1.79,1.63,1.74,9360
13-Mar-12,1.75,1.77,1.70,1.75,9500
12-Mar-12,1.73,1.79,1.69,1.77,18205
9-Mar-12,1.69,1.76,1.68,1.76,21145
8-Mar-12,1.55,1.65,1.55,1.62,36838
7-Mar-12,1.63,1.66,1.52,1.54,6627
6-Mar-12,1.57,1.71,1.56,1.70,12022
5-Mar-12,1.78,1.78,1.60,1.68,16902
2-Mar-12,1.72,1.78,1.71,1.78,5594
1-Mar-12,1.72,1.75,1.72,1.75,3350
29-Feb-12,1.70,1.72,1.70,1.72,12948
28-Feb-12,1.72,1.75,1.72,1.75,1300
27-Feb-12,1.78,1.79,1.72,1.74,13167
24-Feb-12,1.71,1.76,1.71,1.76,10397
23-Feb-12,1.75,1.76,1.70,1.72,12352
22-Feb-12,1.74,1.74,1.65,1.73,18900
21-Feb-12,1.82,1.82,1.63,1.70,38457
17-Feb-12,1.58,1.70,1.57,1.67,51769
16-Feb-12,1.66,1.78,1.51,1.57,36113
15-Feb-12,1.68,1.68,1.60,1.68,30701
14-Feb-12,1.56,1.73,1.49,1.68,99980
13-Feb-12,1.93,1.96,1.51,1.54,315434
10-Feb-12,1.07,2.14,1.03,1.82,723340
9-Feb-12,1.05,1.05,1.01,1.04,65462
8-Feb-12,1.09,1.10,1.03,1.03,64780
7-Feb-12,1.05,1.08,1.02,1.04,50042
6-Feb-12,1.13,1.13,1.01,1.03,43290
3-Feb-12,1.00,1.15,1.00,1.14,41163
2-Feb-12,1.01,1.22,0.98,0.99,26165
1-Feb-12,1.04,1.22,0.98,0.98,50798
31-Jan-12,1.04,1.08,1.01,1.04,22741
30-Jan-12,1.05,1.05,0.98,1.00,19820
27-Jan-12,1.01,1.05,0.92,0.93,45157
26-Jan-12,1.00,1.01,1.00,1.01,5000
25-Jan-12,1.02,1.02,0.96,0.96,34167
24-Jan-12,1.02,1.02,1.00,1.02,12130
20-Jan-12,1.02,1.02,1.02,1.02,0
19-Jan-12,1.00,1.00,0.95,0.95,17813
18-Jan-12,1.00,1.01,0.94,0.95,15680
17-Jan-12,1.00,1.01,0.96,0.96,33970
13-Jan-12,0.99,0.99,0.99,0.99,0
12-Jan-12,0.94,1.00,0.94,1.00,3300
11-Jan-12,0.95,0.96,0.94,0.94,6300
10-Jan-12,0.98,1.02,0.95,0.98,23579
9-Jan-12,0.96,1.02,0.95,1.02,14309
6-Jan-12,0.99,0.99,0.99,0.99,1100
5-Jan-12,1.01,1.01,1.01,1.01,0
4-Jan-12,1.02,1.02,0.99,0.99,8327
3-Jan-12,1.00,1.00,0.99,0.99,5129
30-Dec-11,0.98,0.98,0.98,0.98,0
29-Dec-11,0.95,1.04,0.90,0.97,44746
28-Dec-11,0.97,1.03,0.95,0.96,5929
27-Dec-11,0.94,1.03,0.94,1.03,5720
23-Dec-11,0.98,0.98,0.98,0.98,0
22-Dec-11,0.97,0.99,0.96,0.99,7184
21-Dec-11,0.96,1.00,0.92,1.00,2884
20-Dec-11,1.08,1.10,0.95,1.07,7693
19-Dec-11,0.95,1.06,0.95,0.95,2114
16-Dec-11,0.99,1.11,0.94,0.94,178416
15-Dec-11,1.05,1.05,0.90,0.99,12150
14-Dec-11,1.06,1.10,1.05,1.05,27468
13-Dec-11,1.06,1.12,1.06,1.10,8443
12-Dec-11,1.09,1.09,1.06,1.06,2594
9-Dec-11,1.04,1.05,1.02,1.04,3336
8-Dec-11,1.06,1.22,1.06,1.06,6444
7-Dec-11,1.05,1.26,1.05,1.06,39737
6-Dec-11,1.06,1.10,1.04,1.04,12185
5-Dec-11,1.04,1.04,1.03,1.04,7489
2-Dec-11,1.06,1.10,1.05,1.05,9697
1-Dec-11,1.02,1.06,1.00,1.06,24285
30-Nov-11,1.06,1.11,0.99,0.99,49360
29-Nov-11,0.95,1.06,0.95,1.02,72811
28-Nov-11,1.06,1.06,1.05,1.06,21058
25-Nov-11,1.03,1.08,1.03,1.07,11491
23-Nov-11,1.02,1.02,1.02,1.02,0
22-Nov-11,1.05,1.10,1.04,1.05,4728
21-Nov-11,1.06,1.10,1.04,1.04,11599
18-Nov-11,1.07,1.07,1.03,1.05,978
17-Nov-11,1.05,1.05,1.03,1.03,703
16-Nov-11,1.03,1.03,1.03,1.03,0
15-Nov-11,1.04,1.06,1.04,1.05,31100
14-Nov-11,1.10,1.10,1.04,1.04,58276
10-Nov-11,1.07,1.07,1.07,1.07,0
9-Nov-11,1.10,1.10,1.06,1.06,3100
8-Nov-11,1.08,1.22,1.08,1.22,2990
7-Nov-11,1.09,1.09,1.09,1.09,0
4-Nov-11,1.06,1.09,1.06,1.09,2497
3-Nov-11,1.06,1.07,1.06,1.07,1000
2-Nov-11,1.09,1.09,1.06,1.06,6588
1-Nov-11,1.00,1.08,1.00,1.08,3774
31-Oct-11,1.03,1.03,1.03,1.03,100
28-Oct-11,1.03,1.03,1.03,1.03,5000
27-Oct-11,1.07,1.07,1.07,1.07,0
26-Oct-11,1.00,1.08,1.00,1.01,15200
25-Oct-11,1.05,1.08,1.00,1.00,15564
24-Oct-11,1.19,1.19,1.02,1.07,44800
21-Oct-11,1.20,1.20,1.20,1.20,101
20-Oct-11,1.29,1.29,1.18,1.18,10705
19-Oct-11,1.18,1.25,1.07,1.25,8861
18-Oct-11,1.14,1.16,1.07,1.07,23375
17-Oct-11,1.11,1.24,1.06,1.24,5306
14-Oct-11,1.13,1.13,1.07,1.08,14500
13-Oct-11,1.07,1.12,1.05,1.10,61073
12-Oct-11,1.08,1.13,1.06,1.07,6201
11-Oct-11,1.11,1.11,1.04,1.06,10606
10-Oct-11,1.06,1.11,1.05,1.05,11800
7-Oct-11,1.09,1.09,1.04,1.05,16900
6-Oct-11,1.09,1.09,0.90,0.99,57686
5-Oct-11,1.09,1.09,1.04,1.07,37785
4-Oct-11,1.09,1.24,1.06,1.06,20543
3-Oct-11,1.19,1.19,1.15,1.15,6966
30-Sep-11,1.19,1.19,1.15,1.16,4775
29-Sep-11,1.15,1.22,1.11,1.17,8902
