Date,Open,High,Low,Close,Volume
27-Sep-12,10.42,10.44,10.25,10.35,55060
26-Sep-12,10.31,10.63,10.11,10.33,162698
25-Sep-12,10.50,10.52,10.23,10.28,107691
24-Sep-12,10.25,10.72,10.17,10.49,102188
21-Sep-12,10.07,10.33,9.97,10.33,107044
20-Sep-12,9.96,10.00,9.90,9.97,10105
19-Sep-12,10.00,10.00,9.90,9.98,15978
18-Sep-12,9.95,10.00,9.81,9.99,17490
17-Sep-12,9.83,10.00,9.67,9.99,24670
14-Sep-12,9.95,10.00,9.85,10.00,21681
13-Sep-12,9.66,10.10,9.66,9.94,45626
12-Sep-12,9.63,9.70,9.58,9.65,13971
11-Sep-12,9.52,9.63,9.51,9.62,15161
10-Sep-12,9.46,9.58,9.37,9.39,15294
7-Sep-12,9.72,9.72,9.46,9.50,44101
6-Sep-12,9.45,9.67,9.42,9.67,82912
5-Sep-12,9.51,9.51,9.21,9.37,74744
4-Sep-12,9.63,9.63,9.16,9.44,62076
31-Aug-12,9.80,9.80,9.48,9.67,55518
30-Aug-12,9.46,9.80,9.40,9.75,25109
29-Aug-12,9.77,9.82,9.59,9.63,43062
28-Aug-12,9.63,9.75,9.58,9.68,25838
27-Aug-12,9.50,9.59,9.42,9.51,13482
24-Aug-12,9.15,9.64,9.13,9.48,21127
23-Aug-12,9.20,9.23,9.12,9.19,15873
22-Aug-12,9.47,9.47,9.11,9.23,60058
21-Aug-12,9.75,10.00,9.51,9.51,37430
20-Aug-12,9.63,9.79,9.44,9.74,55272
17-Aug-12,9.17,9.68,9.17,9.63,61200
16-Aug-12,9.09,9.26,9.00,9.21,41413
15-Aug-12,9.07,9.08,8.98,9.07,43752
14-Aug-12,9.12,9.12,9.00,9.04,63911
13-Aug-12,9.12,9.17,8.95,9.06,55497
10-Aug-12,9.13,9.16,9.01,9.10,32946
9-Aug-12,9.23,9.29,9.13,9.17,34059
8-Aug-12,9.48,9.48,9.19,9.28,44744
7-Aug-12,9.56,9.64,9.42,9.49,47571
6-Aug-12,9.95,9.95,9.47,9.48,81444
3-Aug-12,9.30,9.98,9.30,9.90,78846
2-Aug-12,9.13,9.28,9.13,9.22,43274
1-Aug-12,9.40,9.50,9.15,9.15,84530
31-Jul-12,9.32,9.58,9.31,9.35,47672
30-Jul-12,9.58,9.72,9.30,9.32,42354
27-Jul-12,9.29,9.60,9.13,9.53,50352
26-Jul-12,9.13,9.24,8.94,9.24,33778
25-Jul-12,9.13,9.31,8.95,9.01,34306
24-Jul-12,9.44,9.44,8.61,9.11,89320
23-Jul-12,9.40,9.48,8.98,9.36,99743
20-Jul-12,9.35,9.59,9.21,9.55,53284
19-Jul-12,9.52,9.61,9.35,9.43,27110
18-Jul-12,9.51,9.63,9.48,9.52,35089
17-Jul-12,9.32,9.64,9.30,9.54,30876
16-Jul-12,9.34,9.34,9.14,9.30,46234
13-Jul-12,9.09,9.38,9.02,9.34,34398
12-Jul-12,9.03,9.15,8.95,9.09,71494
11-Jul-12,9.11,9.19,9.06,9.08,85757
10-Jul-12,9.21,9.22,9.02,9.12,32987
9-Jul-12,9.42,9.42,9.06,9.14,40174
6-Jul-12,9.41,9.63,9.39,9.46,85458
5-Jul-12,9.58,9.59,9.42,9.51,21272
3-Jul-12,9.64,9.64,9.45,9.58,60690
2-Jul-12,9.46,9.62,9.24,9.61,95147
29-Jun-12,9.17,9.47,9.16,9.43,68813
28-Jun-12,9.03,9.16,8.86,9.02,108505
27-Jun-12,8.81,9.09,8.76,9.08,56472
26-Jun-12,8.64,8.80,8.55,8.78,55741
25-Jun-12,8.43,8.62,8.36,8.60,50332
22-Jun-12,8.45,8.60,8.35,8.56,250712
21-Jun-12,8.46,8.51,8.31,8.39,66248
20-Jun-12,8.47,8.56,8.45,8.49,66169
19-Jun-12,8.53,8.60,8.45,8.50,145802
18-Jun-12,8.47,8.52,8.32,8.51,112709
15-Jun-12,8.48,8.53,8.45,8.52,129037
14-Jun-12,8.40,8.54,8.36,8.50,73904
13-Jun-12,8.39,8.58,8.35,8.36,125960
12-Jun-12,8.32,8.46,8.26,8.41,84524
11-Jun-12,8.59,8.66,8.30,8.31,109914
8-Jun-12,8.45,8.51,8.37,8.48,76500
7-Jun-12,8.60,8.60,8.41,8.48,127956
6-Jun-12,8.65,8.65,8.41,8.45,150298
5-Jun-12,8.69,8.85,8.46,8.51,95013
4-Jun-12,8.75,8.87,8.43,8.55,59084
1-Jun-12,8.91,8.97,8.52,8.66,74681
31-May-12,9.17,9.17,9.03,9.09,70740
30-May-12,9.01,9.22,8.83,9.18,75045
29-May-12,9.38,9.38,9.04,9.12,35796
25-May-12,9.10,9.28,8.98,9.24,64786
24-May-12,9.16,9.16,8.95,9.12,37777
23-May-12,9.07,9.20,9.03,9.15,61548
22-May-12,9.40,9.47,9.02,9.16,79931
21-May-12,9.35,9.55,9.23,9.43,78104
18-May-12,9.27,9.43,9.20,9.32,137523
17-May-12,9.50,9.64,9.31,9.31,135929
16-May-12,9.86,9.90,9.48,9.51,187429
15-May-12,10.06,10.22,9.85,9.91,84141
14-May-12,10.05,10.26,10.03,10.08,57468
11-May-12,10.03,10.30,10.00,10.17,66007
10-May-12,10.03,10.24,9.98,10.15,118754
9-May-12,10.00,10.05,9.89,9.95,86178
8-May-12,10.01,10.17,10.00,10.13,108731
7-May-12,10.03,10.29,10.00,10.10,59609
4-May-12,10.18,10.22,10.03,10.10,78609
3-May-12,10.25,10.25,10.15,10.20,76831
2-May-12,10.14,10.33,10.09,10.27,59768
1-May-12,10.23,10.39,10.12,10.14,139483
30-Apr-12,10.27,10.29,10.07,10.27,158744
27-Apr-12,9.98,10.12,9.92,10.06,114841
26-Apr-12,10.04,10.05,9.84,9.98,82104
25-Apr-12,10.39,10.50,10.01,10.12,75365
24-Apr-12,10.16,10.35,10.10,10.26,137336
23-Apr-12,9.95,10.25,9.80,10.22,144511
20-Apr-12,10.19,10.19,10.04,10.12,62984
19-Apr-12,10.15,10.20,9.91,10.03,50648
18-Apr-12,10.22,10.28,10.01,10.13,72164
17-Apr-12,10.30,10.50,10.26,10.28,111860
16-Apr-12,10.27,10.30,10.10,10.26,165160
13-Apr-12,10.14,10.25,9.94,10.20,127093
12-Apr-12,10.01,10.22,9.97,10.18,39533
11-Apr-12,10.11,10.11,9.90,10.03,92407
10-Apr-12,10.03,10.06,9.17,9.99,140630
9-Apr-12,10.01,10.17,9.99,10.03,90256
5-Apr-12,10.21,10.34,10.14,10.25,70475
4-Apr-12,10.27,10.37,10.00,10.30,79946
3-Apr-12,10.44,10.50,10.19,10.41,129674
2-Apr-12,10.03,10.49,9.98,10.48,245729
30-Mar-12,10.24,10.24,10.03,10.04,258783
29-Mar-12,10.07,10.21,10.02,10.14,52739
28-Mar-12,9.83,10.24,9.77,10.22,104473
27-Mar-12,9.77,9.97,9.71,9.79,190424
26-Mar-12,9.78,9.78,9.56,9.75,124359
23-Mar-12,9.38,9.75,9.16,9.68,74788
22-Mar-12,9.32,9.42,9.06,9.40,69545
21-Mar-12,9.49,9.51,9.33,9.44,48332
20-Mar-12,9.49,9.54,9.40,9.42,52205
19-Mar-12,9.35,9.69,9.34,9.54,71937
16-Mar-12,9.02,9.34,8.80,9.33,149244
15-Mar-12,8.60,9.03,8.53,9.00,149099
14-Mar-12,8.69,8.79,8.55,8.56,44471
13-Mar-12,8.80,8.83,8.44,8.72,109131
12-Mar-12,8.67,8.80,8.55,8.77,59198
9-Mar-12,8.38,8.85,8.26,8.64,98741
8-Mar-12,8.12,8.38,7.95,8.37,166752
7-Mar-12,8.04,8.20,8.02,8.05,89106
6-Mar-12,8.07,8.15,8.00,8.01,46218
5-Mar-12,8.03,8.15,8.01,8.15,22111
2-Mar-12,8.31,8.32,8.01,8.03,68559
1-Mar-12,8.36,8.49,8.30,8.31,105281
29-Feb-12,8.38,8.41,8.25,8.32,85638
28-Feb-12,8.45,8.45,8.27,8.35,45546
27-Feb-12,8.52,8.54,8.39,8.46,25812
24-Feb-12,8.84,8.88,8.52,8.60,108975
23-Feb-12,8.68,8.86,8.57,8.86,46614
22-Feb-12,8.70,8.72,8.56,8.68,52061
21-Feb-12,8.44,8.78,8.36,8.72,83155
17-Feb-12,8.30,8.50,8.24,8.43,134012
16-Feb-12,8.19,8.40,8.12,8.30,123188
15-Feb-12,8.38,8.38,8.15,8.17,98352
14-Feb-12,8.21,8.35,8.17,8.33,91442
13-Feb-12,8.15,8.25,8.11,8.25,131286
10-Feb-12,8.20,8.37,8.08,8.10,187760
9-Feb-12,8.40,8.50,8.22,8.30,72804
8-Feb-12,8.44,8.49,8.29,8.39,107944
7-Feb-12,8.60,8.60,8.60,8.60,0
6-Feb-12,8.84,8.93,8.60,8.69,115460
3-Feb-12,8.57,8.99,8.38,8.90,158126
2-Feb-12,8.26,8.47,8.14,8.47,84843
1-Feb-12,8.06,8.31,7.93,8.28,109871
31-Jan-12,8.16,8.20,8.00,8.02,81614
30-Jan-12,8.00,8.20,8.00,8.14,121994
27-Jan-12,8.00,8.09,7.98,8.04,101771
26-Jan-12,8.05,8.05,8.05,8.05,0
25-Jan-12,8.46,8.48,8.27,8.40,92070
24-Jan-12,8.54,8.74,8.29,8.50,91770
23-Jan-12,8.39,8.39,8.39,8.39,0
20-Jan-12,8.27,8.44,8.18,8.39,83676
19-Jan-12,8.65,8.65,8.25,8.30,52228
18-Jan-12,8.35,8.65,8.30,8.63,100812
17-Jan-12,8.41,8.54,8.26,8.37,121232
13-Jan-12,8.36,8.36,8.36,8.36,0
12-Jan-12,8.29,8.36,7.98,8.32,64675
11-Jan-12,7.91,8.28,7.71,8.27,65231
10-Jan-12,7.90,8.09,7.78,7.96,52376
9-Jan-12,7.70,7.92,7.64,7.78,79895
6-Jan-12,7.42,7.73,7.36,7.63,27799
5-Jan-12,7.23,7.46,7.20,7.43,66123
4-Jan-12,7.27,7.33,7.14,7.30,53888
3-Jan-12,7.33,7.33,7.33,7.33,0
30-Dec-11,7.23,7.23,7.23,7.23,0
29-Dec-11,7.36,7.36,7.18,7.30,62192
28-Dec-11,7.50,7.50,7.25,7.32,101126
27-Dec-11,7.50,7.50,7.50,7.50,0
23-Dec-11,7.61,7.61,7.61,7.61,0
22-Dec-11,7.53,7.78,7.53,7.77,62096
21-Dec-11,7.49,7.49,7.49,7.49,0
20-Dec-11,7.43,7.56,7.36,7.51,104764
19-Dec-11,7.30,7.30,7.30,7.30,0
16-Dec-11,7.63,7.63,7.38,7.48,177500
15-Dec-11,7.71,7.71,7.51,7.56,60745
14-Dec-11,7.46,7.68,7.43,7.66,80502
13-Dec-11,7.69,7.79,7.44,7.54,93562
12-Dec-11,7.59,7.59,7.59,7.59,0
9-Dec-11,7.68,7.91,7.66,7.87,118640
8-Dec-11,7.90,7.90,7.59,7.65,109143
7-Dec-11,7.95,8.02,7.75,7.97,49648
6-Dec-11,8.00,8.10,7.82,8.00,67841
5-Dec-11,8.07,8.10,7.82,8.01,90394
2-Dec-11,7.98,8.00,7.76,7.96,44014
1-Dec-11,7.97,7.99,7.77,7.84,81724
30-Nov-11,7.88,8.07,7.72,8.00,198331
29-Nov-11,7.75,7.75,7.44,7.51,69784
28-Nov-11,7.74,7.74,7.74,7.74,0
25-Nov-11,7.78,7.84,7.50,7.50,34615
23-Nov-11,7.83,7.83,7.83,7.83,0
22-Nov-11,8.36,8.36,8.36,8.36,0
21-Nov-11,8.52,8.70,8.28,8.33,75810
18-Nov-11,8.49,8.72,8.44,8.71,71757
17-Nov-11,8.65,8.88,8.41,8.48,111310
16-Nov-11,8.77,9.00,8.61,8.65,71913
15-Nov-11,8.50,8.93,8.50,8.86,85964
14-Nov-11,8.69,8.74,8.44,8.58,90223
11-Nov-11,8.41,8.73,8.41,8.72,117757
10-Nov-11,8.64,8.74,8.40,8.51,112245
9-Nov-11,8.56,8.56,8.56,8.56,0
8-Nov-11,8.57,8.91,8.49,8.83,113064
7-Nov-11,8.34,8.51,8.24,8.49,78356
4-Nov-11,8.26,8.41,8.11,8.35,48407
3-Nov-11,8.28,8.28,8.28,8.28,0
2-Nov-11,7.89,8.27,7.67,8.23,206099
1-Nov-11,7.80,7.95,7.70,7.75,171458
31-Oct-11,8.00,8.17,7.78,8.04,98666
28-Oct-11,7.88,8.27,7.68,8.12,214466
27-Oct-11,7.79,7.95,7.57,7.91,363726
26-Oct-11,7.55,7.68,7.40,7.45,140932
25-Oct-11,7.39,7.39,7.39,7.39,0
24-Oct-11,7.48,7.58,7.31,7.52,115699
21-Oct-11,7.81,7.81,7.35,7.46,255474
20-Oct-11,7.41,7.41,7.41,7.41,0
19-Oct-11,7.69,7.92,7.40,7.48,80236
18-Oct-11,7.49,7.85,7.29,7.70,189760
17-Oct-11,7.80,7.90,7.38,7.41,122470
14-Oct-11,7.56,7.56,7.56,7.56,0
13-Oct-11,7.49,7.60,7.38,7.57,71609
12-Oct-11,7.46,7.60,7.34,7.51,264840
11-Oct-11,7.46,7.49,7.18,7.41,121026
10-Oct-11,7.42,7.42,7.42,7.42,0
7-Oct-11,7.52,7.52,7.11,7.33,127161
6-Oct-11,7.30,7.53,7.26,7.52,131103
5-Oct-11,7.24,7.49,7.12,7.30,98222
4-Oct-11,7.26,7.26,7.26,7.26,0
3-Oct-11,7.09,7.16,6.54,6.55,247127
30-Sep-11,7.09,7.33,7.07,7.16,161484
29-Sep-11,6.84,7.23,6.77,7.23,78693
