Date,Open,High,Low,Close,Volume
27-Sep-12,13.44,13.66,13.14,13.36,667465
26-Sep-12,13.10,13.48,13.00,13.33,609134
25-Sep-12,13.20,13.51,12.93,13.16,460441
24-Sep-12,13.49,13.49,12.99,13.10,539749
21-Sep-12,13.49,13.79,13.30,13.58,491762
20-Sep-12,13.05,13.24,12.85,13.23,197644
19-Sep-12,13.52,13.76,13.03,13.17,187587
18-Sep-12,13.78,13.86,13.28,13.43,211113
17-Sep-12,14.44,14.44,13.50,13.74,211357
14-Sep-12,14.86,15.03,14.05,14.45,303068
13-Sep-12,14.99,15.10,14.51,14.79,348530
12-Sep-12,14.37,15.15,14.36,14.93,314820
11-Sep-12,14.00,14.43,13.55,14.22,246553
10-Sep-12,14.53,14.62,13.96,14.02,271803
7-Sep-12,16.00,16.19,13.76,14.29,3730263
6-Sep-12,17.00,17.09,12.87,15.97,10402540
5-Sep-12,16.57,17.20,16.57,17.00,1277649
4-Sep-12,16.25,16.96,16.11,16.81,1281010
31-Aug-12,16.19,16.56,15.80,16.20,1074637
30-Aug-12,17.19,17.20,15.76,15.99,2307064
29-Aug-12,17.40,17.60,16.17,17.20,3612915
28-Aug-12,20.04,20.04,16.65,16.70,6000202
27-Aug-12,19.87,20.50,19.75,20.09,253961
24-Aug-12,19.75,20.18,19.61,19.85,289001
23-Aug-12,20.14,20.14,19.52,19.87,154461
22-Aug-12,20.18,20.44,20.00,20.17,292801
21-Aug-12,20.03,20.38,20.03,20.20,423193
20-Aug-12,20.80,20.86,19.97,20.03,363438
17-Aug-12,20.46,21.00,20.31,20.93,172937
16-Aug-12,20.15,20.56,19.80,20.46,253113
15-Aug-12,20.95,20.95,20.04,20.09,216908
14-Aug-12,21.00,21.34,20.54,21.04,264476
13-Aug-12,21.38,21.50,20.65,20.83,323878
10-Aug-12,21.35,21.66,20.82,21.43,328124
9-Aug-12,21.40,22.07,20.60,21.40,1286217
8-Aug-12,20.30,20.30,19.87,20.00,348718
7-Aug-12,20.06,20.73,19.75,20.38,419844
6-Aug-12,19.88,20.25,19.78,19.99,219180
3-Aug-12,19.99,19.99,19.52,19.78,389102
2-Aug-12,19.51,19.93,19.19,19.51,372332
1-Aug-12,19.75,20.47,19.70,19.77,525101
31-Jul-12,19.43,19.85,18.87,19.19,175894
30-Jul-12,19.83,19.96,19.04,19.44,231207
27-Jul-12,19.23,20.00,19.00,19.81,250824
26-Jul-12,19.75,19.98,18.68,19.05,266216
25-Jul-12,19.13,19.59,18.88,19.28,232127
24-Jul-12,19.78,19.85,18.66,18.97,326181
23-Jul-12,20.10,20.16,19.50,19.59,522319
20-Jul-12,21.50,21.50,20.31,20.55,384508
19-Jul-12,22.00,22.56,21.50,21.62,476747
18-Jul-12,20.81,21.93,20.55,21.89,494410
17-Jul-12,20.75,20.85,20.25,20.47,182081
16-Jul-12,20.37,20.83,19.99,20.68,223037
13-Jul-12,20.07,20.73,20.06,20.47,252065
12-Jul-12,19.75,20.08,19.22,19.94,316813
11-Jul-12,20.82,21.22,19.79,19.98,279396
10-Jul-12,21.10,21.61,20.65,20.84,365304
9-Jul-12,21.37,21.54,20.86,20.96,284543
6-Jul-12,21.95,21.95,20.77,21.43,322656
5-Jul-12,22.52,22.60,22.17,22.17,392679
3-Jul-12,21.59,22.53,21.55,22.52,180347
2-Jul-12,21.37,21.60,20.75,21.56,344697
29-Jun-12,20.76,21.34,20.70,21.31,684683
28-Jun-12,21.15,21.26,20.00,20.35,472793
27-Jun-12,21.91,22.32,20.40,21.33,898300
26-Jun-12,21.71,23.00,21.45,22.56,412162
25-Jun-12,20.47,21.86,19.93,21.74,407032
22-Jun-12,20.56,21.18,20.14,20.74,2959585
21-Jun-12,21.19,21.31,19.84,20.48,360877
20-Jun-12,21.85,21.91,21.10,21.14,225525
19-Jun-12,21.70,21.99,21.43,21.88,345322
18-Jun-12,21.00,21.91,20.81,21.63,342378
15-Jun-12,20.39,21.28,19.96,21.03,489640
14-Jun-12,20.30,20.54,19.80,20.43,360949
13-Jun-12,20.60,20.95,20.24,20.48,315208
12-Jun-12,20.23,20.68,19.63,20.58,321189
11-Jun-12,20.53,20.91,20.00,20.09,302888
8-Jun-12,20.16,20.42,19.97,20.27,124193
7-Jun-12,20.73,20.75,20.05,20.29,315679
6-Jun-12,19.75,20.77,19.51,20.39,611193
5-Jun-12,18.26,19.75,18.17,19.61,650171
4-Jun-12,17.95,18.73,17.39,18.50,668883
1-Jun-12,18.45,18.71,17.66,17.86,752953
31-May-12,20.14,20.34,18.46,19.31,2161558
30-May-12,20.25,20.58,19.73,20.04,556108
29-May-12,21.05,21.28,20.01,20.64,479228
25-May-12,21.17,21.26,20.65,20.83,172454
24-May-12,21.55,21.66,20.75,21.00,169956
23-May-12,21.26,21.75,20.51,21.41,291034
22-May-12,21.25,21.77,21.25,21.50,504212
21-May-12,20.42,21.52,20.12,21.20,398980
18-May-12,21.26,21.48,20.14,20.28,344380
17-May-12,20.51,21.46,20.01,21.29,550040
16-May-12,22.00,22.96,20.00,20.51,752174
15-May-12,22.10,22.51,21.53,21.81,313491
14-May-12,22.28,22.37,21.99,22.05,325689
11-May-12,21.44,22.81,21.26,22.72,357976
10-May-12,22.10,22.50,21.35,21.60,433854
9-May-12,20.00,23.05,19.00,21.97,1971341
8-May-12,19.28,19.49,18.92,19.30,525085
7-May-12,19.63,19.83,19.07,19.48,594027
4-May-12,20.49,20.49,19.14,19.80,654225
3-May-12,21.35,21.60,20.42,20.73,392620
2-May-12,21.13,21.55,20.55,21.31,460337
1-May-12,20.57,21.56,20.50,21.35,348123
30-Apr-12,21.26,21.43,20.47,20.48,338499
27-Apr-12,20.65,21.23,20.52,21.18,243511
26-Apr-12,20.38,20.94,20.24,20.58,240354
25-Apr-12,20.01,20.35,19.76,20.35,282628
24-Apr-12,19.91,20.71,19.44,19.53,370643
23-Apr-12,20.31,20.36,19.10,19.64,488209
20-Apr-12,21.51,21.74,20.51,20.62,627149
19-Apr-12,19.48,21.69,19.43,21.53,1350496
18-Apr-12,19.41,19.70,19.12,19.40,371477
17-Apr-12,19.26,19.71,19.18,19.46,492338
16-Apr-12,19.25,19.94,18.78,19.05,445425
13-Apr-12,18.70,19.19,18.25,19.12,331436
12-Apr-12,18.21,19.11,18.21,18.76,301004
11-Apr-12,17.24,18.34,17.10,18.21,726393
10-Apr-12,18.50,18.70,16.94,17.05,884567
9-Apr-12,18.99,18.99,18.44,18.54,411687
5-Apr-12,18.78,19.45,18.74,19.33,530685
4-Apr-12,18.88,18.96,15.31,18.60,1315555
3-Apr-12,19.02,19.38,18.85,19.12,682922
2-Apr-12,18.87,19.48,18.82,19.02,698738
30-Mar-12,19.50,19.55,18.64,18.81,891162
29-Mar-12,19.40,19.74,19.05,19.21,5503404
28-Mar-12,18.55,19.05,17.84,19.01,745347
27-Mar-12,19.31,20.05,18.45,18.52,967920
26-Mar-12,19.33,19.43,18.75,19.18,858989
23-Mar-12,19.03,19.23,18.58,18.87,532177
22-Mar-12,17.45,19.35,17.45,19.13,1474835
21-Mar-12,17.51,18.01,17.51,17.57,396481
20-Mar-12,17.65,17.79,17.45,17.47,262469
19-Mar-12,18.00,18.03,17.65,17.71,125289
16-Mar-12,17.95,18.36,17.80,18.00,427332
15-Mar-12,17.95,18.04,17.81,17.88,212831
14-Mar-12,18.05,18.15,17.56,17.87,360792
13-Mar-12,17.69,18.36,17.27,18.06,453054
12-Mar-12,18.43,18.55,17.88,18.43,253265
9-Mar-12,18.71,18.90,18.26,18.42,98885
8-Mar-12,18.30,18.84,18.10,18.74,211470
7-Mar-12,17.99,18.41,17.51,18.13,160217
6-Mar-12,18.05,18.07,17.50,18.00,197231
5-Mar-12,18.14,18.55,17.80,18.35,166966
2-Mar-12,18.70,18.83,18.00,18.21,418358
1-Mar-12,18.79,19.17,18.57,18.62,232806
29-Feb-12,19.34,19.38,18.70,18.74,493920
28-Feb-12,19.60,19.70,19.07,19.30,467088
27-Feb-12,19.44,19.60,19.12,19.36,407854
24-Feb-12,18.86,19.90,18.77,19.67,566237
23-Feb-12,18.03,19.15,18.00,18.90,523713
22-Feb-12,17.85,18.15,17.62,18.05,218071
21-Feb-12,17.34,18.29,17.03,17.74,715912
17-Feb-12,18.28,18.48,17.25,17.32,976569
16-Feb-12,16.30,18.29,16.26,18.10,1655802
15-Feb-12,17.88,17.88,16.51,16.81,777674
14-Feb-12,15.55,17.78,15.53,17.69,1573555
13-Feb-12,15.21,15.67,15.07,15.56,372460
10-Feb-12,14.59,15.03,14.55,15.01,162682
9-Feb-12,15.22,15.22,14.70,14.87,178559
8-Feb-12,15.14,15.30,15.05,15.13,110569
7-Feb-12,15.39,15.39,15.13,15.32,198901
6-Feb-12,15.33,15.42,15.26,15.40,148978
3-Feb-12,15.08,15.50,14.75,15.36,626506
2-Feb-12,15.25,15.25,14.77,14.81,286469
1-Feb-12,14.71,15.37,14.33,15.25,539106
31-Jan-12,15.05,15.09,14.46,14.47,288893
30-Jan-12,15.00,15.00,15.00,15.00,0
27-Jan-12,15.22,15.47,15.12,15.34,127477
26-Jan-12,15.60,15.60,15.17,15.30,64257
25-Jan-12,15.31,15.72,15.00,15.47,108325
24-Jan-12,15.46,15.50,15.19,15.33,100079
23-Jan-12,14.64,16.14,14.56,15.51,277523
20-Jan-12,14.76,14.76,14.37,14.60,121997
19-Jan-12,14.51,14.51,14.51,14.51,0
18-Jan-12,14.70,15.13,14.50,14.99,115317
17-Jan-12,14.84,14.96,14.03,14.71,218413
13-Jan-12,14.70,14.70,14.70,14.70,0
12-Jan-12,15.20,15.25,14.93,15.05,87098
11-Jan-12,14.86,15.82,14.66,15.14,136624
10-Jan-12,15.05,15.05,14.55,14.96,163102
9-Jan-12,14.97,14.97,14.42,14.89,154539
6-Jan-12,15.15,15.15,14.70,14.97,163112
5-Jan-12,14.95,15.19,14.65,15.03,105809
4-Jan-12,15.84,15.84,14.85,15.06,133876
3-Jan-12,15.75,15.75,15.75,15.75,0
30-Dec-11,15.40,15.40,15.40,15.40,0
29-Dec-11,14.61,15.23,14.61,14.81,61797
28-Dec-11,15.55,15.55,15.55,15.55,0
27-Dec-11,16.08,16.16,15.72,15.80,44356
23-Dec-11,16.12,16.12,16.12,16.12,0
22-Dec-11,16.39,16.41,15.97,16.14,61952
21-Dec-11,15.95,15.95,15.95,15.95,0
20-Dec-11,15.27,16.25,15.02,16.22,181035
19-Dec-11,14.83,15.20,14.45,14.93,102891
16-Dec-11,14.63,14.90,14.40,14.78,308073
15-Dec-11,14.62,15.79,13.77,14.49,599724
14-Dec-11,14.15,14.55,14.15,14.53,217828
13-Dec-11,14.27,14.27,14.27,14.27,0
12-Dec-11,13.74,13.74,13.74,13.74,0
9-Dec-11,12.56,13.86,12.47,13.57,137408
8-Dec-11,13.35,13.35,12.46,12.49,100737
7-Dec-11,13.89,14.26,13.00,13.39,63957
6-Dec-11,14.20,14.21,13.92,13.94,85497
5-Dec-11,13.76,14.40,13.68,14.21,173340
2-Dec-11,13.23,13.45,12.77,13.41,29990
1-Dec-11,13.90,13.93,12.81,13.02,62582
30-Nov-11,12.88,13.70,12.75,13.58,91824
29-Nov-11,12.48,12.72,12.15,12.47,93168
28-Nov-11,12.71,13.59,12.00,12.49,113706
25-Nov-11,12.29,12.66,12.03,12.04,26454
23-Nov-11,12.27,12.27,12.27,12.27,0
22-Nov-11,14.29,14.53,13.40,13.74,148257
21-Nov-11,13.32,14.43,13.32,14.30,156340
18-Nov-11,14.19,14.25,13.54,13.58,140408
17-Nov-11,14.69,14.91,13.92,14.17,60513
16-Nov-11,14.70,15.73,14.60,14.69,71981
15-Nov-11,14.58,14.95,14.38,14.83,65064
14-Nov-11,14.39,14.39,14.39,14.39,0
11-Nov-11,13.78,14.62,13.78,14.40,145590
10-Nov-11,14.64,14.64,14.64,14.64,0
9-Nov-11,13.78,14.75,13.29,14.40,216051
8-Nov-11,13.46,14.00,13.00,13.97,45534
7-Nov-11,12.89,13.63,12.68,13.44,81843
4-Nov-11,13.86,13.86,12.74,12.97,42353
3-Nov-11,13.82,14.32,13.09,13.91,63157
2-Nov-11,13.73,13.73,13.73,13.73,0
1-Nov-11,12.99,13.55,11.96,12.19,76754
31-Oct-11,13.77,14.10,13.10,13.45,127319
28-Oct-11,13.98,13.98,13.98,13.98,0
27-Oct-11,13.77,14.10,13.50,13.85,117601
26-Oct-11,12.72,13.55,12.31,13.46,142019
25-Oct-11,13.24,13.47,12.41,12.56,41725
24-Oct-11,13.50,13.50,12.89,13.31,65556
21-Oct-11,13.70,13.87,13.16,13.50,90019
20-Oct-11,14.56,14.56,13.49,13.76,64316
19-Oct-11,14.26,15.00,14.26,14.53,61660
18-Oct-11,14.97,14.97,14.97,14.97,0
17-Oct-11,13.91,14.00,12.64,13.76,68065
14-Oct-11,13.38,14.10,13.38,14.05,81161
13-Oct-11,13.24,13.24,13.24,13.24,0
12-Oct-11,12.31,13.70,12.31,13.62,102537
11-Oct-11,11.84,12.31,11.33,12.30,42356
10-Oct-11,10.74,11.91,10.74,11.90,61553
7-Oct-11,11.72,11.72,11.72,11.72,0
6-Oct-11,12.69,12.97,12.49,12.87,65572
5-Oct-11,12.70,12.70,12.70,12.70,0
4-Oct-11,10.75,12.81,10.51,12.61,144866
3-Oct-11,11.18,11.83,10.75,10.76,106408
30-Sep-11,11.16,11.52,10.56,11.31,1012851
29-Sep-11,12.24,12.64,11.33,11.34,99556
