Date,Open,High,Low,Close,Volume
27-Sep-12,15.55,15.82,15.55,15.79,28943
26-Sep-12,15.50,15.91,15.40,15.56,26501
25-Sep-12,15.50,15.61,15.36,15.42,50497
24-Sep-12,15.31,15.63,15.11,15.36,52582
21-Sep-12,15.51,15.58,15.17,15.26,63185
20-Sep-12,15.15,15.41,14.96,15.36,19698
19-Sep-12,15.12,15.50,15.00,15.32,13817
18-Sep-12,16.15,16.20,14.72,15.27,32449
17-Sep-12,16.34,16.34,15.93,16.26,7047
14-Sep-12,16.80,16.85,16.20,16.28,8675
13-Sep-12,16.35,16.69,16.26,16.64,9804
12-Sep-12,16.49,16.49,16.20,16.25,8178
11-Sep-12,15.97,16.26,15.85,16.22,6525
10-Sep-12,15.72,15.89,15.67,15.80,3876
7-Sep-12,16.05,16.05,15.72,15.77,20328
6-Sep-12,16.30,16.50,15.97,16.06,38474
5-Sep-12,16.00,16.49,15.96,16.18,37636
4-Sep-12,15.30,16.16,14.96,15.90,57031
31-Aug-12,14.67,15.25,14.62,15.22,27459
30-Aug-12,15.94,15.94,14.56,14.61,49878
29-Aug-12,16.10,16.10,15.92,15.96,13359
28-Aug-12,16.00,16.43,15.91,15.99,71014
27-Aug-12,16.17,16.17,15.86,16.00,48335
24-Aug-12,15.62,16.50,15.30,16.05,114396
23-Aug-12,15.52,15.65,15.23,15.62,28646
22-Aug-12,15.25,15.49,14.67,15.38,48488
21-Aug-12,15.40,15.59,15.12,15.29,44309
20-Aug-12,15.30,15.80,14.82,15.11,54617
17-Aug-12,14.90,15.54,14.90,15.28,45832
16-Aug-12,14.60,15.33,14.40,14.93,74881
15-Aug-12,14.68,14.95,14.30,14.54,49737
14-Aug-12,14.05,14.84,13.97,14.66,70344
13-Aug-12,13.96,14.05,13.85,14.05,53088
10-Aug-12,14.02,14.03,13.61,14.00,31821
9-Aug-12,14.04,14.29,13.92,14.01,40082
8-Aug-12,14.33,14.75,13.72,14.19,52116
7-Aug-12,14.02,14.93,13.11,14.54,95569
6-Aug-12,12.88,13.50,12.53,13.24,36786
3-Aug-12,13.19,13.50,12.65,12.93,24710
2-Aug-12,13.15,13.23,12.98,13.01,30448
1-Aug-12,13.00,13.39,13.00,13.14,21788
31-Jul-12,13.02,13.40,12.18,12.92,47175
30-Jul-12,13.60,13.61,13.41,13.43,22086
27-Jul-12,13.10,13.51,12.70,13.48,39003
26-Jul-12,12.74,13.07,12.60,13.05,22198
25-Jul-12,12.88,12.90,12.52,12.59,8503
24-Jul-12,12.97,13.34,12.73,12.86,41186
23-Jul-12,12.71,12.91,12.68,12.85,43427
20-Jul-12,12.66,13.00,12.04,12.86,24662
19-Jul-12,12.79,12.94,12.61,12.83,23351
18-Jul-12,12.55,12.87,12.45,12.84,36649
17-Jul-12,12.44,12.86,12.28,12.56,34106
16-Jul-12,12.65,12.88,12.53,12.55,29177
13-Jul-12,12.68,13.09,12.63,12.74,49871
12-Jul-12,12.27,12.65,12.00,12.55,31684
11-Jul-12,12.31,12.75,11.25,12.23,65934
10-Jul-12,11.92,12.44,11.92,12.20,61386
9-Jul-12,11.48,11.85,11.40,11.80,29472
6-Jul-12,11.47,11.47,11.11,11.42,37674
5-Jul-12,11.52,11.57,11.45,11.53,40632
3-Jul-12,11.53,11.55,11.45,11.52,55248
2-Jul-12,11.38,11.58,11.12,11.43,89958
29-Jun-12,9.92,11.66,9.92,11.44,123376
28-Jun-12,9.77,9.90,9.52,9.76,23417
27-Jun-12,9.81,10.31,9.77,9.94,81997
26-Jun-12,9.41,10.00,9.19,9.81,164697
25-Jun-12,9.70,9.75,9.22,9.45,52617
22-Jun-12,10.16,10.33,9.69,9.70,815899
21-Jun-12,9.85,10.27,9.78,10.14,120972
20-Jun-12,9.79,9.99,9.30,9.87,52407
19-Jun-12,9.25,9.79,9.17,9.72,60237
18-Jun-12,9.01,9.25,8.74,9.19,71037
15-Jun-12,9.03,9.06,8.85,8.98,31320
14-Jun-12,8.87,9.07,8.86,9.03,38505
13-Jun-12,9.02,9.22,8.93,9.06,11000
12-Jun-12,8.99,9.15,8.95,9.06,13488
11-Jun-12,9.04,9.10,8.82,8.93,18642
8-Jun-12,8.99,9.15,8.95,9.10,21143
7-Jun-12,9.05,9.24,8.86,9.03,50877
6-Jun-12,8.79,9.06,8.79,9.04,27451
5-Jun-12,8.73,8.95,8.51,8.95,17484
4-Jun-12,8.89,8.95,8.80,8.83,3806
1-Jun-12,8.91,8.95,8.63,8.95,6193
31-May-12,9.01,9.23,8.67,9.03,9575
30-May-12,8.54,9.23,8.54,9.05,6379
29-May-12,9.15,9.15,8.75,9.10,9482
25-May-12,9.02,9.11,8.80,9.09,13283
24-May-12,8.92,9.11,8.82,9.11,20032
23-May-12,8.81,8.95,8.50,8.89,21456
22-May-12,8.45,9.20,8.45,8.95,8528
21-May-12,8.61,8.61,8.36,8.50,3748
18-May-12,8.51,8.60,8.50,8.57,7822
17-May-12,8.57,8.64,8.50,8.60,5495
16-May-12,8.46,8.69,8.46,8.65,6800
15-May-12,8.55,8.60,8.45,8.55,5056
14-May-12,8.70,8.70,7.94,8.55,8706
11-May-12,8.50,8.70,8.50,8.70,1900
10-May-12,8.50,8.72,8.48,8.50,2347
9-May-12,8.65,8.65,8.35,8.60,4907
8-May-12,8.60,8.70,8.53,8.60,12696
7-May-12,8.51,8.75,8.48,8.73,19246
4-May-12,8.64,8.80,8.41,8.51,6092
3-May-12,8.56,8.65,8.21,8.65,115503
2-May-12,8.60,8.80,8.47,8.65,47217
1-May-12,8.00,9.00,8.00,8.59,88826
30-Apr-12,7.92,8.00,7.85,8.00,2964
27-Apr-12,7.84,7.94,7.84,7.93,1050
26-Apr-12,7.79,8.00,7.71,7.93,9031
25-Apr-12,7.62,7.90,7.55,7.80,1320
24-Apr-12,7.56,7.72,7.56,7.70,469
23-Apr-12,7.45,7.70,7.45,7.70,400
20-Apr-12,7.88,7.88,7.68,7.72,1061
19-Apr-12,7.75,7.99,7.60,7.99,586
18-Apr-12,7.57,7.90,7.54,7.90,438
17-Apr-12,7.21,7.85,7.21,7.85,6531
16-Apr-12,7.69,7.75,7.69,7.69,2400
13-Apr-12,7.50,7.75,7.50,7.61,2500
12-Apr-12,7.81,7.81,7.60,7.60,4346
11-Apr-12,7.61,7.93,7.61,7.78,1400
10-Apr-12,7.94,7.94,7.61,7.61,363
9-Apr-12,7.52,7.62,7.41,7.52,1914
5-Apr-12,7.65,7.70,7.52,7.57,566
4-Apr-12,7.31,7.69,7.31,7.69,3393
3-Apr-12,7.30,7.63,7.30,7.63,16770
2-Apr-12,7.58,7.60,7.35,7.39,6101
30-Mar-12,7.44,7.63,7.44,7.63,8100
29-Mar-12,7.63,7.63,7.31,7.39,2076
28-Mar-12,7.49,7.73,7.30,7.46,3389
27-Mar-12,7.50,7.74,7.47,7.48,3102
26-Mar-12,7.45,7.59,7.29,7.55,4196
23-Mar-12,7.28,7.40,7.26,7.40,6419
22-Mar-12,7.40,7.48,7.27,7.35,4700
21-Mar-12,7.10,7.39,7.10,7.39,18212
20-Mar-12,7.22,7.37,7.05,7.15,12916
19-Mar-12,7.14,7.35,7.10,7.33,14228
16-Mar-12,7.38,7.38,7.01,7.20,52978
15-Mar-12,7.19,7.39,7.04,7.38,6323
14-Mar-12,7.23,7.23,7.05,7.22,7961
13-Mar-12,7.31,7.44,7.12,7.23,10378
12-Mar-12,7.26,7.62,7.06,7.40,48196
9-Mar-12,7.50,7.57,7.34,7.48,1389
8-Mar-12,7.25,7.60,7.25,7.50,8534
7-Mar-12,7.30,7.68,7.27,7.39,21739
6-Mar-12,7.23,7.32,7.23,7.32,3307
5-Mar-12,7.25,7.48,6.98,7.26,14522
2-Mar-12,7.43,7.49,7.13,7.30,27512
1-Mar-12,7.59,7.65,7.24,7.43,15539
29-Feb-12,7.35,7.74,7.21,7.64,35838
28-Feb-12,7.24,8.00,7.24,7.59,45697
27-Feb-12,8.00,8.00,6.75,7.99,59799
24-Feb-12,6.86,8.25,6.86,8.05,103283
23-Feb-12,7.10,7.13,6.92,7.10,3213
22-Feb-12,7.02,7.10,6.94,7.10,1521
21-Feb-12,6.98,7.14,6.94,7.05,2754
17-Feb-12,7.09,7.09,6.86,7.02,2840
16-Feb-12,7.08,7.08,6.95,7.07,1318
15-Feb-12,6.78,7.10,6.77,7.01,3826
14-Feb-12,6.99,7.02,6.80,6.84,3991
13-Feb-12,7.02,7.15,6.99,7.00,4022
10-Feb-12,7.06,7.13,6.85,7.04,15256
9-Feb-12,6.67,7.24,6.50,6.98,21231
8-Feb-12,6.22,6.75,6.22,6.74,44580
7-Feb-12,6.19,6.20,6.16,6.16,14641
6-Feb-12,6.05,6.25,6.05,6.18,8114
3-Feb-12,6.20,6.20,5.96,5.99,1521
2-Feb-12,6.10,6.25,5.90,6.25,11062
1-Feb-12,5.87,6.16,5.69,6.10,17341
31-Jan-12,5.63,5.95,5.63,5.87,23949
30-Jan-12,5.62,5.68,5.53,5.64,7919
27-Jan-12,5.50,5.68,5.50,5.68,452
26-Jan-12,5.56,5.73,5.56,5.59,11656
25-Jan-12,5.55,5.72,5.54,5.68,1815
24-Jan-12,5.50,5.63,5.49,5.63,4303
23-Jan-12,5.55,5.71,5.52,5.60,8636
20-Jan-12,5.59,5.72,5.57,5.63,8787
19-Jan-12,5.70,5.74,5.57,5.59,4750
18-Jan-12,5.92,5.94,5.66,5.67,11353
17-Jan-12,5.94,5.94,5.77,5.91,7922
13-Jan-12,5.94,5.94,5.94,5.94,0
12-Jan-12,5.87,5.88,5.75,5.88,12956
11-Jan-12,5.67,5.76,5.60,5.76,8448
10-Jan-12,5.69,5.70,5.52,5.65,2805
9-Jan-12,5.80,5.90,5.45,5.72,19948
6-Jan-12,5.89,5.93,5.49,5.89,3300
5-Jan-12,5.52,5.95,5.39,5.95,28950
4-Jan-12,5.37,5.53,5.37,5.53,1828
3-Jan-12,5.60,5.60,5.50,5.54,1686
30-Dec-11,5.59,5.59,5.59,5.59,0
29-Dec-11,5.52,5.56,5.35,5.50,6052
28-Dec-11,5.40,5.60,5.33,5.57,49518
27-Dec-11,5.55,5.55,5.25,5.39,5535
23-Dec-11,5.30,5.30,5.30,5.30,0
22-Dec-11,5.18,5.40,5.18,5.25,3209
21-Dec-11,5.35,5.40,5.20,5.30,17277
20-Dec-11,5.35,5.39,5.21,5.39,8304
19-Dec-11,5.32,5.39,5.23,5.29,2995
16-Dec-11,5.48,5.48,5.23,5.25,27556
15-Dec-11,5.45,5.55,5.45,5.50,9214
14-Dec-11,5.57,5.62,5.37,5.37,10320
13-Dec-11,5.63,5.65,5.47,5.60,1149
12-Dec-11,5.67,5.89,5.49,5.59,24588
9-Dec-11,5.70,5.70,5.62,5.70,3894
8-Dec-11,5.84,5.90,5.57,5.63,4012
7-Dec-11,5.93,5.95,5.66,5.90,3000
6-Dec-11,5.99,5.99,5.77,5.90,19277
5-Dec-11,5.50,5.81,5.43,5.80,49563
2-Dec-11,5.41,5.50,5.24,5.49,2703
1-Dec-11,5.46,5.48,5.41,5.41,1213
30-Nov-11,5.48,5.50,5.11,5.50,7193
29-Nov-11,5.16,5.44,5.16,5.44,11955
28-Nov-11,5.20,5.24,5.03,5.22,23439
25-Nov-11,5.20,5.25,5.14,5.14,1299
23-Nov-11,5.03,5.03,5.03,5.03,0
22-Nov-11,5.01,5.09,5.00,5.09,790
21-Nov-11,5.09,5.16,4.99,5.16,800
18-Nov-11,4.93,5.18,4.93,5.18,37985
17-Nov-11,5.01,5.14,4.98,5.14,1924
16-Nov-11,5.03,5.18,4.97,5.14,41183
15-Nov-11,5.07,5.09,4.98,5.08,42300
14-Nov-11,5.10,5.10,5.10,5.10,5483
11-Nov-11,4.92,5.14,4.92,5.10,15076
10-Nov-11,4.88,4.93,4.75,4.77,9713
9-Nov-11,4.98,5.05,4.95,5.03,7104
8-Nov-11,5.06,5.06,4.84,5.05,31034
7-Nov-11,5.09,5.13,4.87,4.95,3290
4-Nov-11,5.04,5.15,4.87,5.05,2845
3-Nov-11,5.16,5.16,4.93,5.06,4780
2-Nov-11,5.16,5.16,4.86,5.09,9540
1-Nov-11,5.42,5.48,5.11,5.11,7601
31-Oct-11,4.93,5.57,4.93,5.49,3006
28-Oct-11,4.95,5.00,4.91,4.95,2547
27-Oct-11,4.99,5.15,4.85,5.01,16320
26-Oct-11,4.76,5.00,4.76,4.98,700
25-Oct-11,5.15,5.24,4.97,4.98,7183
24-Oct-11,4.98,5.31,4.98,5.14,6412
21-Oct-11,5.02,5.28,4.92,5.01,2693
20-Oct-11,4.99,4.99,4.88,4.93,5000
19-Oct-11,4.95,4.99,4.79,4.97,3797
18-Oct-11,4.67,5.00,4.67,5.00,3778
17-Oct-11,4.95,5.00,4.77,4.85,3502
14-Oct-11,5.06,5.06,4.83,4.88,3301
13-Oct-11,5.17,5.17,4.91,5.04,6209
12-Oct-11,4.84,5.19,4.82,5.17,8556
11-Oct-11,5.20,5.20,4.77,4.77,3300
10-Oct-11,4.94,5.10,4.88,4.97,16219
7-Oct-11,4.76,4.99,4.76,4.78,10072
6-Oct-11,4.81,4.95,4.64,4.74,7645
5-Oct-11,4.74,4.89,4.74,4.87,7500
4-Oct-11,4.82,5.09,4.82,4.95,2700
3-Oct-11,4.98,5.23,4.77,4.98,6301
30-Sep-11,5.00,5.00,5.00,5.00,188
29-Sep-11,5.40,5.40,5.07,5.07,2060
