Date,Open,High,Low,Close,Volume
27-Sep-12,10.59,10.81,10.49,10.61,2119036
26-Sep-12,10.48,10.57,10.12,10.50,1219791
25-Sep-12,10.91,10.91,10.45,10.46,1994609
24-Sep-12,10.68,11.14,10.66,10.75,1271770
21-Sep-12,11.13,11.18,10.69,10.73,651999
20-Sep-12,11.05,11.15,10.94,11.00,330025
19-Sep-12,11.24,11.31,11.02,11.15,344470
18-Sep-12,11.18,11.36,11.00,11.14,374632
17-Sep-12,10.97,11.22,10.86,11.15,663666
14-Sep-12,10.81,11.08,10.72,10.93,468744
13-Sep-12,10.61,10.81,10.40,10.70,486421
12-Sep-12,10.88,11.00,10.51,10.57,519633
11-Sep-12,10.64,10.87,10.61,10.82,619817
10-Sep-12,10.52,10.66,10.36,10.65,525904
7-Sep-12,10.39,10.58,10.26,10.54,1863919
6-Sep-12,10.03,10.44,10.03,10.34,3166201
5-Sep-12,9.97,10.14,9.89,9.94,1633930
4-Sep-12,10.22,10.32,9.86,10.01,1406656
31-Aug-12,10.14,10.39,10.03,10.25,1367356
30-Aug-12,10.17,10.18,9.96,10.03,1272968
29-Aug-12,10.34,10.48,10.22,10.29,953957
28-Aug-12,10.04,10.40,10.01,10.35,2158097
27-Aug-12,10.22,10.40,9.95,9.99,2015802
24-Aug-12,10.23,10.30,10.10,10.14,1330317
23-Aug-12,10.11,10.32,9.89,10.28,2246743
22-Aug-12,10.19,10.23,10.00,10.14,1234313
21-Aug-12,10.33,10.36,10.05,10.19,1793513
20-Aug-12,10.07,10.35,9.93,10.31,2830677
17-Aug-12,9.90,10.12,9.75,10.07,2934971
16-Aug-12,9.35,10.04,9.32,9.87,3598361
15-Aug-12,8.89,9.38,8.74,9.38,1858059
14-Aug-12,9.23,9.23,8.76,8.81,1737265
13-Aug-12,9.39,9.43,8.98,9.08,1807909
10-Aug-12,8.84,9.40,8.80,9.38,1628954
9-Aug-12,9.01,9.01,8.72,8.82,1885339
8-Aug-12,9.24,9.42,8.97,8.99,2471342
7-Aug-12,8.64,9.57,8.63,9.44,5158626
6-Aug-12,8.08,8.68,8.05,8.61,3357816
3-Aug-12,7.86,8.20,7.71,8.08,2805476
2-Aug-12,7.81,7.98,7.37,7.82,4775138
1-Aug-12,8.62,9.08,7.87,7.87,7850411
31-Jul-12,9.08,9.21,8.65,8.78,2862258
30-Jul-12,9.08,9.25,9.02,9.13,1693727
27-Jul-12,8.77,9.13,8.73,9.10,1081212
26-Jul-12,9.03,9.09,8.69,8.73,1357315
25-Jul-12,8.96,9.13,8.80,8.93,1146782
24-Jul-12,9.09,9.13,8.93,8.95,1365647
23-Jul-12,9.22,9.30,8.98,9.08,1394053
20-Jul-12,9.73,9.73,9.40,9.42,1890481
19-Jul-12,9.24,9.84,9.24,9.84,3204567
18-Jul-12,9.03,9.29,9.03,9.20,1051232
17-Jul-12,9.09,9.15,8.93,9.01,1242691
16-Jul-12,8.93,9.08,8.88,9.02,924083
13-Jul-12,9.11,9.19,8.83,8.89,2296996
12-Jul-12,9.13,9.16,8.91,9.10,1497905
11-Jul-12,9.17,9.29,9.00,9.16,9791422
10-Jul-12,9.34,9.38,9.04,9.12,1221199
9-Jul-12,9.40,9.43,9.13,9.26,1366445
6-Jul-12,9.46,9.46,9.13,9.42,1779582
5-Jul-12,9.92,9.93,9.50,9.50,1904711
3-Jul-12,9.43,9.78,9.38,9.78,1342915
2-Jul-12,9.48,9.58,9.27,9.40,1063311
29-Jun-12,9.41,9.52,9.26,9.46,2113188
28-Jun-12,9.35,9.50,9.12,9.24,1514387
27-Jun-12,9.46,9.58,9.25,9.40,2776052
26-Jun-12,9.61,9.65,9.39,9.41,1625910
25-Jun-12,9.73,9.82,9.52,9.62,1152380
22-Jun-12,9.87,10.00,9.82,9.87,2315900
21-Jun-12,10.26,10.30,9.82,9.85,1242677
20-Jun-12,10.31,10.35,10.05,10.23,1480978
19-Jun-12,10.06,10.32,10.06,10.29,2233992
18-Jun-12,9.92,10.08,9.76,10.03,1576418
15-Jun-12,10.03,10.09,9.61,10.00,3549734
14-Jun-12,10.27,10.27,9.91,10.04,2966021
13-Jun-12,10.61,10.74,10.19,10.26,2250604
12-Jun-12,10.59,10.79,10.54,10.75,1454354
11-Jun-12,10.99,10.99,10.54,10.56,1313761
8-Jun-12,11.14,11.14,10.63,10.87,2956744
7-Jun-12,11.79,11.81,11.12,11.14,1684476
6-Jun-12,11.27,11.63,11.24,11.63,2059488
5-Jun-12,10.89,11.19,10.80,11.14,2249050
4-Jun-12,11.06,11.25,10.72,10.90,2942080
1-Jun-12,11.35,11.40,10.90,11.06,2695475
31-May-12,11.71,11.75,11.50,11.52,2719407
30-May-12,11.75,11.86,11.57,11.73,2075683
29-May-12,11.66,11.91,11.58,11.90,2372150
25-May-12,11.50,11.61,11.35,11.56,1755322
24-May-12,11.74,11.80,11.48,11.51,2662738
23-May-12,11.83,12.27,11.32,11.78,8699523
22-May-12,11.32,11.51,11.02,11.16,2987157
21-May-12,11.25,11.31,11.00,11.27,2908663
18-May-12,11.60,11.76,11.15,11.19,2237402
17-May-12,11.95,12.01,11.61,11.62,1902044
16-May-12,12.39,12.44,11.90,11.94,2432003
15-May-12,12.60,12.70,12.29,12.33,1495468
14-May-12,12.55,12.90,12.53,12.60,1473384
11-May-12,12.65,12.89,12.60,12.61,853768
10-May-12,12.71,12.95,12.56,12.76,1608545
9-May-12,13.22,13.24,12.51,12.63,4319866
8-May-12,13.40,13.57,13.27,13.41,1120050
7-May-12,13.31,13.53,13.22,13.44,1496428
4-May-12,13.54,13.61,13.40,13.41,1046094
3-May-12,13.60,13.75,13.47,13.65,1473306
2-May-12,13.81,13.86,13.53,13.58,2015041
1-May-12,14.07,14.38,13.85,13.86,1295204
30-Apr-12,14.30,14.35,14.10,14.10,646411
27-Apr-12,14.28,14.34,14.12,14.30,640408
26-Apr-12,14.16,14.28,14.02,14.25,1031471
25-Apr-12,13.92,14.15,13.91,14.15,1028663
24-Apr-12,13.89,14.05,13.69,13.73,1312148
23-Apr-12,13.92,14.00,13.74,13.94,1211144
20-Apr-12,14.33,14.33,14.03,14.04,1106744
19-Apr-12,14.48,14.67,14.15,14.15,1291907
18-Apr-12,14.56,14.60,14.34,14.38,1172448
17-Apr-12,14.27,14.70,14.14,14.63,3110715
16-Apr-12,14.66,14.76,14.11,14.14,3209020
13-Apr-12,14.68,14.79,14.49,14.66,1804709
12-Apr-12,14.71,14.87,14.70,14.75,2787938
11-Apr-12,14.86,15.00,14.69,14.74,1056615
10-Apr-12,15.19,15.46,14.73,14.74,999376
9-Apr-12,15.06,15.36,15.05,15.16,1120076
5-Apr-12,15.35,15.54,15.25,15.27,1052560
4-Apr-12,15.35,15.52,15.25,15.45,827993
3-Apr-12,15.47,15.67,15.41,15.53,814290
2-Apr-12,15.34,15.46,15.10,15.44,1308386
30-Mar-12,15.62,15.62,15.33,15.38,910165
29-Mar-12,15.61,15.67,15.27,15.49,1139728
28-Mar-12,15.99,16.03,15.55,15.68,1085626
27-Mar-12,16.05,16.15,15.85,15.90,826038
26-Mar-12,15.87,16.12,15.86,16.03,703022
23-Mar-12,15.77,15.81,15.53,15.81,1159928
22-Mar-12,15.88,16.15,15.71,15.81,1290708
21-Mar-12,16.02,16.13,15.89,15.97,1321586
20-Mar-12,16.04,16.06,15.86,15.98,1011428
19-Mar-12,15.94,16.23,15.85,16.13,923921
16-Mar-12,15.90,16.13,15.90,16.03,1860709
15-Mar-12,15.66,15.97,15.59,15.93,922919
14-Mar-12,15.70,15.88,15.35,15.68,1706282
13-Mar-12,15.96,16.00,15.49,15.91,1228744
12-Mar-12,15.77,15.99,15.72,15.92,794471
9-Mar-12,15.60,15.90,15.60,15.83,1126459
8-Mar-12,15.43,15.65,15.25,15.61,804259
7-Mar-12,15.43,15.58,15.36,15.41,1175331
6-Mar-12,15.40,15.57,15.26,15.41,1392660
5-Mar-12,15.51,15.66,15.41,15.48,1179681
2-Mar-12,15.52,15.60,15.39,15.58,1477067
1-Mar-12,15.46,15.69,15.35,15.52,1194675
29-Feb-12,15.56,15.65,15.43,15.45,1727812
28-Feb-12,15.53,15.73,15.45,15.58,1145552
27-Feb-12,15.40,15.77,15.24,15.59,1212333
24-Feb-12,15.56,15.76,15.54,15.57,1474012
23-Feb-12,15.40,15.61,15.26,15.56,698771
22-Feb-12,15.13,15.55,15.05,15.41,1019747
21-Feb-12,15.31,15.50,15.13,15.20,786604
17-Feb-12,15.55,15.62,15.30,15.34,1772915
16-Feb-12,15.59,15.75,15.54,15.61,2041793
15-Feb-12,15.95,15.98,15.55,15.57,1540245
14-Feb-12,15.96,16.02,15.72,15.90,1467025
13-Feb-12,15.97,16.11,15.87,16.05,1702859
10-Feb-12,16.29,16.29,15.69,15.80,2151146
9-Feb-12,16.17,16.35,16.06,16.19,2411139
8-Feb-12,15.99,16.21,15.80,16.11,2313447
7-Feb-12,16.18,16.37,16.00,16.02,1973184
6-Feb-12,16.19,16.35,16.01,16.27,1469549
3-Feb-12,16.50,16.99,16.16,16.20,4515018
2-Feb-12,15.85,15.89,15.42,15.72,3015685
1-Feb-12,15.60,15.81,15.48,15.76,2729537
31-Jan-12,15.65,15.69,15.48,15.60,1440297
30-Jan-12,15.41,15.64,15.31,15.55,921829
27-Jan-12,15.10,15.69,15.09,15.63,1644556
26-Jan-12,15.47,15.51,15.16,15.20,1144239
25-Jan-12,15.40,15.50,15.24,15.40,1065491
24-Jan-12,15.09,15.48,15.08,15.40,1895661
23-Jan-12,15.15,15.20,14.89,15.16,1192578
20-Jan-12,15.17,15.66,15.02,15.08,2247528
19-Jan-12,15.21,15.32,15.00,15.10,1981015
18-Jan-12,14.75,15.30,14.71,15.21,2391120
17-Jan-12,14.51,14.98,14.50,14.82,3896872
13-Jan-12,14.50,14.50,14.50,14.50,0
12-Jan-12,14.26,14.58,14.11,14.58,1821615
11-Jan-12,14.41,14.59,14.32,14.50,1301701
10-Jan-12,15.01,15.07,14.30,14.49,2659047
9-Jan-12,14.79,14.95,14.60,14.91,2406698
6-Jan-12,14.64,14.98,14.52,14.76,2926726
5-Jan-12,14.24,14.86,14.14,14.66,3656978
4-Jan-12,13.98,14.10,13.87,14.00,1882779
3-Jan-12,13.83,14.05,13.78,14.00,3323802
30-Dec-11,13.55,13.55,13.55,13.55,0
29-Dec-11,13.37,13.55,13.24,13.40,1073048
28-Dec-11,13.35,13.35,13.35,13.35,0
27-Dec-11,13.80,13.82,13.64,13.76,910225
23-Dec-11,13.80,13.80,13.80,13.80,0
22-Dec-11,13.58,13.66,13.47,13.52,982968
21-Dec-11,13.78,13.78,13.33,13.55,2022870
20-Dec-11,13.73,13.94,13.61,13.76,1569050
19-Dec-11,13.75,13.75,13.38,13.48,1274089
16-Dec-11,13.82,14.01,13.56,13.69,2166837
15-Dec-11,13.71,13.91,13.46,13.76,1552714
14-Dec-11,13.66,13.80,13.42,13.55,2028395
13-Dec-11,14.31,14.37,13.67,13.82,3219441
12-Dec-11,14.16,14.16,14.16,14.16,0
9-Dec-11,13.77,14.21,13.76,14.10,1739726
8-Dec-11,14.07,14.17,13.74,13.77,1400175
7-Dec-11,14.18,14.22,13.92,14.18,1094199
6-Dec-11,14.20,14.53,13.99,14.25,1883179
5-Dec-11,14.18,14.27,13.90,14.13,2809472
2-Dec-11,13.99,14.05,13.59,13.66,2012269
1-Dec-11,13.94,14.04,13.76,13.82,1262582
30-Nov-11,14.13,14.15,13.73,13.95,2537756
29-Nov-11,13.93,13.95,13.55,13.67,1287167
28-Nov-11,13.75,14.01,13.67,13.94,3057248
25-Nov-11,13.20,13.53,13.19,13.27,823096
23-Nov-11,13.27,13.27,13.27,13.27,0
22-Nov-11,13.28,13.66,13.26,13.47,2546147
21-Nov-11,13.34,13.43,13.09,13.33,1894082
18-Nov-11,13.58,13.75,13.47,13.58,2540247
17-Nov-11,13.68,13.68,13.08,13.59,5870612
16-Nov-11,14.07,14.16,13.67,13.70,3389388
15-Nov-11,14.00,14.41,13.96,14.17,5699331
14-Nov-11,14.71,15.00,14.46,14.48,3037241
11-Nov-11,14.53,14.86,14.36,14.72,8020575
10-Nov-11,15.11,15.11,13.91,14.41,13745877
9-Nov-11,15.00,16.24,14.84,15.45,2783792
8-Nov-11,15.71,15.90,15.27,15.66,1474375
7-Nov-11,15.90,15.90,15.38,15.57,1056433
4-Nov-11,15.74,16.09,15.74,15.90,1488114
3-Nov-11,15.90,15.90,15.90,15.90,0
2-Nov-11,15.40,15.78,15.37,15.64,944844
1-Nov-11,15.28,15.57,15.02,15.29,1492979
31-Oct-11,15.87,15.99,15.57,15.78,983383
28-Oct-11,15.70,16.27,15.60,16.21,1327770
27-Oct-11,15.66,15.93,15.49,15.80,3477462
26-Oct-11,15.49,15.51,15.06,15.27,2065939
25-Oct-11,14.90,15.71,14.80,15.22,3509193
24-Oct-11,14.13,14.47,14.02,14.39,815401
21-Oct-11,14.21,14.21,13.80,14.09,578064
20-Oct-11,13.94,14.00,13.49,13.94,991434
19-Oct-11,14.22,14.40,13.83,13.89,811579
18-Oct-11,13.88,14.36,13.60,14.27,920554
17-Oct-11,13.89,14.10,13.84,13.92,976471
14-Oct-11,14.44,14.44,14.01,14.04,1061612
13-Oct-11,14.24,14.41,14.16,14.29,839851
12-Oct-11,14.45,14.61,14.23,14.28,1124343
11-Oct-11,14.24,14.45,14.13,14.36,2036817
10-Oct-11,13.82,14.55,13.75,14.42,1720540
7-Oct-11,14.14,14.14,13.43,13.56,2112195
6-Oct-11,13.29,14.10,13.24,14.09,2483338
5-Oct-11,12.44,13.28,12.29,13.22,1713374
4-Oct-11,12.16,12.44,11.78,12.43,2193290
3-Oct-11,12.58,12.95,12.25,12.25,1953329
30-Sep-11,13.00,13.10,12.71,12.72,1288535
29-Sep-11,13.15,13.28,12.72,13.16,1542433
