Date,Open,High,Low,Close,Volume
27-Sep-12,2.53,2.53,2.53,2.53,500
26-Sep-12,2.49,2.58,2.47,2.50,10826
25-Sep-12,2.56,2.56,2.46,2.46,12900
24-Sep-12,2.52,2.60,2.46,2.51,4470
21-Sep-12,2.65,2.65,2.65,2.65,2855
20-Sep-12,2.43,2.43,2.37,2.40,4550
19-Sep-12,2.38,2.40,2.34,2.34,6198
18-Sep-12,2.43,2.47,2.31,2.38,5662
17-Sep-12,2.48,2.48,2.48,2.48,300
14-Sep-12,2.53,2.53,2.53,2.53,0
13-Sep-12,2.45,2.54,2.51,2.53,2800
12-Sep-12,2.49,2.64,2.40,2.40,7095
11-Sep-12,2.44,2.44,2.44,2.44,200
10-Sep-12,2.44,2.53,2.41,2.53,2200
7-Sep-12,2.31,2.50,2.31,2.43,10988
6-Sep-12,2.46,2.46,2.46,2.46,0
5-Sep-12,2.77,2.82,2.43,2.46,12579
4-Sep-12,2.43,2.53,2.43,2.53,3591
31-Aug-12,2.42,2.42,2.42,2.42,0
30-Aug-12,2.48,2.57,2.40,2.50,9700
29-Aug-12,2.38,2.50,2.30,2.48,16343
28-Aug-12,2.51,2.53,2.48,2.48,2500
27-Aug-12,2.52,2.52,2.52,2.52,479
24-Aug-12,2.52,2.52,2.52,2.52,107
23-Aug-12,2.37,2.37,2.37,2.37,0
22-Aug-12,2.50,2.58,2.50,2.54,2359
21-Aug-12,2.45,2.45,2.45,2.45,1000
20-Aug-12,2.36,2.46,2.36,2.45,2853
17-Aug-12,2.50,2.50,2.50,2.50,100
16-Aug-12,2.50,2.51,2.50,2.51,300
15-Aug-12,2.53,2.53,2.38,2.50,1400
14-Aug-12,2.49,2.49,2.28,2.28,4068
13-Aug-12,2.51,2.51,2.51,2.51,100
10-Aug-12,2.47,2.47,2.47,2.47,0
9-Aug-12,2.45,2.50,2.45,2.45,1500
8-Aug-12,2.31,2.41,2.31,2.41,1600
7-Aug-12,2.41,2.42,2.32,2.32,3300
6-Aug-12,2.52,2.65,2.27,2.30,11822
3-Aug-12,2.40,2.40,2.40,2.40,100
2-Aug-12,2.43,2.43,2.43,2.43,0
1-Aug-12,2.43,2.43,2.43,2.43,0
31-Jul-12,2.43,2.43,2.43,2.43,100
30-Jul-12,2.44,2.44,2.28,2.42,2766
27-Jul-12,2.48,2.48,2.43,2.43,6503
26-Jul-12,2.45,2.48,2.45,2.48,1240
25-Jul-12,2.50,2.53,2.44,2.48,4564
24-Jul-12,2.47,2.51,2.30,2.51,9100
23-Jul-12,2.55,2.55,2.45,2.54,11025
20-Jul-12,2.40,2.40,2.40,2.40,0
19-Jul-12,2.45,2.63,2.26,2.26,7472
18-Jul-12,2.51,2.58,2.40,2.44,5333
17-Jul-12,2.57,2.69,2.42,2.57,6803
16-Jul-12,2.53,2.53,2.53,2.53,300
13-Jul-12,2.50,2.51,2.49,2.50,9941
12-Jul-12,2.50,2.50,2.50,2.50,1300
11-Jul-12,2.49,2.50,2.49,2.50,398
10-Jul-12,2.45,2.45,2.45,2.45,0
9-Jul-12,2.45,2.48,2.23,2.47,4855
6-Jul-12,2.39,2.48,2.39,2.48,303
5-Jul-12,2.34,2.48,2.30,2.43,5099
3-Jul-12,2.23,2.33,2.22,2.33,1410
2-Jul-12,2.38,2.38,2.21,2.21,884
29-Jun-12,2.35,2.41,2.14,2.39,2411
28-Jun-12,2.32,2.32,2.32,2.32,101
27-Jun-12,2.24,2.24,2.24,2.24,0
26-Jun-12,2.24,2.24,2.24,2.24,0
25-Jun-12,2.23,2.24,2.23,2.24,735
22-Jun-12,2.38,2.45,2.13,2.13,1040
21-Jun-12,2.30,2.30,2.30,2.30,0
20-Jun-12,2.30,2.30,2.30,2.30,0
19-Jun-12,2.30,2.36,2.30,2.36,202
18-Jun-12,2.24,2.24,2.24,2.24,191
15-Jun-12,2.29,2.36,2.23,2.36,3214
14-Jun-12,2.29,2.29,2.28,2.29,1009
13-Jun-12,2.35,2.35,2.33,2.33,1101
12-Jun-12,2.33,2.33,2.11,2.32,9848
11-Jun-12,2.33,2.33,2.33,2.33,0
8-Jun-12,2.33,2.33,2.33,2.33,303
7-Jun-12,2.41,2.41,2.39,2.39,404
6-Jun-12,2.31,2.45,2.29,2.45,566
5-Jun-12,2.32,2.40,2.32,2.40,1995
4-Jun-12,2.28,2.31,2.28,2.28,4808
1-Jun-12,2.23,2.31,2.23,2.31,656
31-May-12,2.11,2.27,2.10,2.27,5216
30-May-12,2.05,2.05,2.05,2.05,0
29-May-12,1.95,2.14,1.93,2.09,4305
25-May-12,2.05,2.21,1.98,1.98,7817
24-May-12,2.28,2.28,2.04,2.06,5050
23-May-12,2.24,2.27,2.24,2.27,1208
22-May-12,2.27,2.27,2.27,2.27,4969
21-May-12,2.27,2.29,2.27,2.27,11546
18-May-12,2.27,2.29,2.27,2.27,1552
17-May-12,2.30,2.30,2.30,2.30,0
16-May-12,2.30,2.30,2.30,2.30,505
15-May-12,2.30,2.30,2.28,2.29,960
14-May-12,2.33,2.33,2.28,2.30,404
11-May-12,2.42,2.42,2.33,2.33,1110
10-May-12,2.48,2.48,2.30,2.45,1479
9-May-12,2.50,2.50,2.50,2.50,441
8-May-12,2.33,2.48,2.33,2.48,648
7-May-12,2.38,2.38,2.36,2.36,706
4-May-12,2.33,2.34,2.33,2.33,1616
3-May-12,2.33,2.33,2.33,2.33,505
2-May-12,2.38,2.38,2.33,2.33,1670
1-May-12,2.47,2.47,2.33,2.33,5278
30-Apr-12,2.34,2.47,2.34,2.46,405
27-Apr-12,2.34,2.34,2.34,2.34,707
26-Apr-12,2.28,2.48,2.28,2.33,11659
25-Apr-12,2.32,2.33,2.27,2.28,2437
24-Apr-12,2.43,2.43,2.33,2.33,9479
23-Apr-12,2.23,2.49,2.23,2.44,11890
20-Apr-12,2.14,2.43,2.09,2.26,39695
19-Apr-12,2.09,2.15,2.09,2.12,8332
18-Apr-12,2.21,2.23,2.18,2.19,4310
17-Apr-12,2.13,2.42,2.13,2.22,5050
16-Apr-12,2.05,2.11,2.05,2.10,17823
13-Apr-12,2.08,2.08,2.03,2.03,1616
12-Apr-12,2.03,2.19,2.03,2.12,2905
11-Apr-12,2.08,2.26,2.08,2.13,1702
10-Apr-12,2.22,2.27,2.18,2.20,6314
9-Apr-12,2.49,2.49,2.19,2.22,5696
5-Apr-12,2.47,2.47,2.44,2.44,867
4-Apr-12,2.48,2.49,2.36,2.36,3965
3-Apr-12,2.48,2.48,2.48,2.48,204
2-Apr-12,2.48,2.48,2.45,2.45,204
30-Mar-12,2.49,2.49,2.40,2.41,3778
29-Mar-12,2.49,2.49,2.48,2.49,4386
28-Mar-12,2.46,2.46,2.43,2.43,204
27-Mar-12,2.42,2.47,2.42,2.45,3609
26-Mar-12,2.43,2.47,2.43,2.45,6945
23-Mar-12,2.35,2.40,2.30,2.40,1342
22-Mar-12,2.34,2.47,2.34,2.40,3429
21-Mar-12,2.46,2.48,2.30,2.36,3038
20-Mar-12,2.48,2.48,2.39,2.39,204
19-Mar-12,2.40,2.48,2.22,2.28,8546
16-Mar-12,2.53,2.55,2.41,2.41,11676
15-Mar-12,2.49,2.53,2.36,2.45,3301
14-Mar-12,2.43,2.45,2.43,2.45,4291
13-Mar-12,2.37,2.37,2.31,2.37,1809
12-Mar-12,2.21,2.35,2.21,2.35,8016
9-Mar-12,2.28,2.28,2.21,2.28,2958
8-Mar-12,2.28,2.28,2.25,2.25,1846
7-Mar-12,2.21,2.26,2.19,2.22,5491
6-Mar-12,2.06,2.18,2.06,2.18,1363
5-Mar-12,2.19,2.24,2.19,2.24,311
2-Mar-12,1.96,2.30,1.70,2.24,31176
1-Mar-12,2.25,2.25,2.07,2.07,424
29-Feb-12,2.18,2.18,2.11,2.11,230
28-Feb-12,2.18,2.25,2.05,2.23,8009
27-Feb-12,2.30,2.30,2.30,2.30,102
24-Feb-12,2.20,2.26,2.18,2.22,1224
23-Feb-12,2.34,2.35,2.34,2.34,510
22-Feb-12,2.34,2.34,2.34,2.34,0
21-Feb-12,2.33,2.35,2.16,2.34,3820
17-Feb-12,2.21,2.35,2.21,2.23,1098
16-Feb-12,2.28,2.28,2.28,2.28,0
15-Feb-12,2.39,2.39,2.20,2.28,1020
14-Feb-12,2.39,2.40,2.22,2.26,3468
13-Feb-12,2.30,2.30,2.30,2.30,0
8-Feb-12,2.30,2.30,2.30,2.30,0
7-Feb-12,2.27,2.45,2.13,2.28,5736
6-Feb-12,2.44,2.44,2.27,2.28,3726
3-Feb-12,2.28,2.41,2.27,2.27,9021
2-Feb-12,2.27,2.57,2.27,2.43,983
30-Jan-12,2.46,2.46,2.46,2.46,0
27-Jan-12,2.61,2.61,2.46,2.46,408
26-Jan-12,2.47,2.47,2.39,2.39,2305
25-Jan-12,2.44,2.44,2.40,2.40,1174
24-Jan-12,2.32,2.44,2.32,2.36,1636
23-Jan-12,2.38,2.44,2.26,2.42,1464
20-Jan-12,2.46,2.46,2.26,2.26,371
19-Jan-12,2.49,2.57,2.23,2.57,2626
18-Jan-12,2.38,2.60,2.38,2.60,1429
17-Jan-12,2.55,2.62,2.26,2.50,3978
13-Jan-12,2.27,2.27,2.27,2.27,0
12-Jan-12,2.36,2.62,2.16,2.44,10908
11-Jan-12,2.12,2.43,2.12,2.13,1209
10-Jan-12,2.36,2.36,2.19,2.19,412
9-Jan-12,2.11,2.11,2.11,2.11,0
6-Jan-12,2.10,2.10,2.10,2.10,515
5-Jan-12,2.09,2.09,2.09,2.09,0
4-Jan-12,2.17,2.17,2.14,2.14,1759
3-Jan-12,2.13,2.16,2.11,2.16,1508
30-Dec-11,2.13,2.13,2.13,2.13,0
29-Dec-11,2.15,2.27,2.09,2.09,15207
28-Dec-11,2.21,2.37,2.09,2.09,12220
27-Dec-11,2.05,2.46,2.05,2.22,15372
23-Dec-11,2.00,2.00,2.00,2.00,0
22-Dec-11,2.15,2.50,2.14,2.16,2931
21-Dec-11,2.21,2.41,2.14,2.14,7874
20-Dec-11,2.26,2.59,2.14,2.18,6774
19-Dec-11,2.32,2.49,2.22,2.28,4606
16-Dec-11,2.38,2.50,2.22,2.22,10454
15-Dec-11,2.20,2.40,2.20,2.40,4025
14-Dec-11,2.25,2.37,2.25,2.28,6800
13-Dec-11,2.21,2.28,2.21,2.21,6423
12-Dec-11,2.20,2.31,2.20,2.26,12541
9-Dec-11,2.19,2.20,2.18,2.20,5873
8-Dec-11,2.18,2.18,2.18,2.18,6101
7-Dec-11,2.18,2.20,2.18,2.20,8956
6-Dec-11,2.24,2.24,2.01,2.02,16667
5-Dec-11,2.18,2.28,2.18,2.25,3525
2-Dec-11,2.18,2.20,2.18,2.18,6232
1-Dec-11,2.19,2.19,2.19,2.19,0
30-Nov-11,2.08,2.15,2.08,2.15,309
29-Nov-11,2.29,2.29,2.01,2.08,7621
28-Nov-11,2.10,2.23,2.10,2.14,5084
25-Nov-11,2.27,2.31,2.23,2.23,1606
23-Nov-11,1.95,1.95,1.95,1.95,0
22-Nov-11,1.98,2.42,1.98,2.23,1212
21-Nov-11,2.28,2.28,1.97,1.99,2555
18-Nov-11,2.21,2.32,2.21,2.29,2951
17-Nov-11,2.13,2.41,2.12,2.30,9364
16-Nov-11,2.30,2.30,2.30,2.30,412
15-Nov-11,2.20,2.28,2.20,2.24,2988
14-Nov-11,2.42,2.42,2.15,2.23,6240
11-Nov-11,2.54,2.54,2.52,2.52,4820
9-Nov-11,2.50,2.50,2.50,2.50,0
8-Nov-11,2.52,2.52,2.45,2.45,206
7-Nov-11,2.44,2.62,2.43,2.46,2849
4-Nov-11,2.72,2.72,2.43,2.44,6705
3-Nov-11,2.62,2.62,2.57,2.57,824
2-Nov-11,2.38,2.65,2.38,2.43,2033
1-Nov-11,2.48,2.67,2.48,2.67,412
31-Oct-11,2.60,2.60,2.40,2.40,824
28-Oct-11,2.70,2.70,2.70,2.70,0
27-Oct-11,2.83,2.83,2.83,2.83,920
26-Oct-11,2.80,2.86,2.80,2.86,2095
21-Oct-11,3.00,3.00,3.00,3.00,0
19-Oct-11,2.82,2.82,2.82,2.82,0
18-Oct-11,2.80,2.87,2.79,2.79,2223
14-Oct-11,2.80,2.80,2.80,2.80,0
13-Oct-11,2.79,2.79,2.79,2.79,105
12-Oct-11,2.80,2.80,2.80,2.80,0
10-Oct-11,2.80,2.80,2.80,2.80,0
7-Oct-11,2.88,2.88,2.87,2.88,2778
5-Oct-11,3.00,3.00,3.00,3.00,0
4-Oct-11,2.80,2.90,2.80,2.90,659
3-Oct-11,2.85,2.85,2.85,2.85,104
30-Sep-11,2.85,2.87,2.85,2.87,318
29-Sep-11,2.93,2.93,2.85,2.85,4838
