Date,Open,High,Low,Close,Volume
27-Sep-12,38.19,38.22,35.59,36.79,68819
26-Sep-12,38.87,39.90,38.19,38.53,29593
25-Sep-12,38.99,39.99,37.95,38.38,30824
24-Sep-12,37.71,39.04,37.61,38.39,15469
21-Sep-12,39.06,39.08,37.72,37.98,23834
20-Sep-12,37.13,38.67,36.75,38.31,8446
19-Sep-12,36.72,38.78,36.59,37.64,11749
18-Sep-12,39.18,39.18,36.20,36.41,15399
17-Sep-12,41.00,41.00,38.91,39.02,14472
14-Sep-12,39.94,41.51,39.91,41.22,8090
13-Sep-12,37.38,39.69,37.38,39.69,6132
12-Sep-12,38.10,38.20,36.66,37.62,8175
11-Sep-12,37.40,37.89,36.70,37.88,9415
10-Sep-12,37.31,37.40,37.03,37.03,4996
7-Sep-12,36.25,37.53,35.99,37.03,32264
6-Sep-12,35.50,36.46,34.05,36.25,30041
5-Sep-12,35.71,35.73,34.80,35.32,18291
4-Sep-12,35.91,36.15,34.90,35.82,32136
31-Aug-12,36.47,36.83,35.69,35.90,15618
30-Aug-12,37.10,37.15,36.23,36.28,27387
29-Aug-12,36.34,37.80,36.34,37.65,53614
28-Aug-12,35.01,36.37,34.63,36.33,24434
27-Aug-12,35.34,35.57,34.37,35.20,22796
24-Aug-12,34.80,35.49,34.39,35.12,14487
23-Aug-12,36.74,36.74,34.86,35.06,49593
22-Aug-12,36.82,37.56,36.13,36.83,29207
21-Aug-12,38.00,38.64,36.11,37.01,36857
20-Aug-12,36.87,37.92,36.60,37.80,13974
17-Aug-12,35.59,37.38,35.59,37.15,19032
16-Aug-12,34.78,35.93,34.30,35.71,25605
15-Aug-12,34.42,35.00,34.15,34.70,13911
14-Aug-12,35.10,35.10,34.22,34.49,15496
13-Aug-12,34.17,34.96,33.52,34.96,53321
10-Aug-12,34.81,34.99,34.43,34.50,24964
9-Aug-12,35.04,35.47,34.33,35.05,24894
8-Aug-12,34.40,35.48,34.40,34.86,10086
7-Aug-12,35.27,35.50,34.82,34.97,40757
6-Aug-12,35.14,35.75,34.94,35.00,35211
3-Aug-12,34.97,36.00,34.13,35.03,57514
2-Aug-12,33.72,35.13,33.72,34.55,45698
1-Aug-12,34.45,34.45,33.70,33.84,36300
31-Jul-12,33.13,34.22,33.13,34.12,51512
30-Jul-12,33.55,34.22,33.05,33.30,41891
27-Jul-12,32.60,33.90,32.00,33.46,31951
26-Jul-12,32.49,32.65,31.49,32.27,68602
25-Jul-12,33.01,33.01,30.60,31.75,99372
24-Jul-12,34.30,34.30,31.50,32.63,162539
23-Jul-12,35.52,35.86,33.64,34.13,143773
20-Jul-12,34.10,37.00,32.28,36.30,448306
19-Jul-12,43.21,43.51,41.92,42.01,27101
18-Jul-12,41.72,43.47,41.72,42.79,35103
17-Jul-12,41.44,41.97,40.98,41.58,22697
16-Jul-12,41.11,41.16,40.10,41.06,20941
13-Jul-12,40.47,41.69,40.47,41.10,22883
12-Jul-12,38.64,40.53,38.64,40.33,43952
11-Jul-12,38.43,39.44,38.04,39.19,71983
10-Jul-12,39.09,39.70,37.75,38.21,125751
9-Jul-12,39.71,40.00,38.45,38.63,75791
6-Jul-12,41.25,41.68,40.19,41.56,31881
5-Jul-12,43.67,44.32,41.89,41.90,31993
3-Jul-12,41.73,44.51,41.09,43.97,35647
2-Jul-12,41.20,41.40,40.10,41.40,32854
29-Jun-12,38.29,41.38,37.93,41.10,47524
28-Jun-12,36.17,37.27,35.33,37.17,30477
27-Jun-12,37.24,38.04,35.72,36.50,44796
26-Jun-12,37.89,38.53,35.77,36.97,44730
25-Jun-12,36.96,38.11,36.16,38.00,38939
22-Jun-12,38.18,38.68,37.06,37.81,67863
21-Jun-12,40.22,40.24,37.32,38.02,67701
20-Jun-12,41.32,41.32,39.72,40.35,50145
19-Jun-12,38.77,41.42,38.67,41.29,67001
18-Jun-12,38.92,39.47,38.14,38.56,43368
15-Jun-12,39.95,40.14,39.01,39.49,63273
14-Jun-12,40.04,40.65,39.54,40.04,49447
13-Jun-12,39.76,40.22,39.05,39.97,64306
12-Jun-12,39.96,40.20,38.87,39.76,64988
11-Jun-12,42.58,43.13,39.53,39.53,49150
8-Jun-12,40.84,42.19,40.37,42.00,30532
7-Jun-12,42.42,42.46,40.92,41.10,33481
6-Jun-12,40.76,41.58,40.22,41.58,37629
5-Jun-12,39.61,40.84,39.45,40.30,32814
4-Jun-12,38.95,39.94,38.72,39.73,52397
1-Jun-12,39.09,40.17,38.38,38.51,64346
31-May-12,41.15,41.15,39.47,40.24,68467
30-May-12,42.28,42.53,40.77,40.89,36373
29-May-12,42.00,44.02,42.00,42.78,48105
25-May-12,42.26,42.33,41.03,41.63,41070
24-May-12,43.86,44.38,41.76,42.15,70862
23-May-12,41.40,44.37,40.50,43.60,63726
22-May-12,43.42,43.71,41.50,42.03,70334
21-May-12,42.21,43.31,42.01,43.07,37729
18-May-12,43.17,43.50,41.35,41.81,111869
17-May-12,43.51,43.97,42.70,43.14,92420
16-May-12,44.45,45.23,43.01,43.26,61428
15-May-12,44.00,45.40,43.70,44.36,88875
14-May-12,44.92,45.03,43.99,44.12,37645
11-May-12,46.75,47.31,45.34,45.58,40629
10-May-12,46.62,47.26,45.86,46.72,38887
9-May-12,45.41,46.50,44.23,46.02,26798
8-May-12,45.66,46.32,45.17,46.20,41618
7-May-12,45.32,46.52,45.00,46.16,31825
4-May-12,46.91,47.29,45.21,45.65,87746
3-May-12,47.69,48.10,45.21,47.33,43335
2-May-12,46.37,47.60,46.37,47.60,84272
1-May-12,46.64,47.25,46.34,47.05,79081
30-Apr-12,46.40,47.19,45.50,46.40,100135
27-Apr-12,45.28,46.83,44.98,46.73,51061
26-Apr-12,43.75,45.45,41.55,45.31,62304
25-Apr-12,45.44,45.85,44.83,45.29,79783
24-Apr-12,43.74,44.62,43.15,44.61,35381
23-Apr-12,43.41,44.01,43.19,43.50,78716
20-Apr-12,44.39,44.53,43.58,44.52,91404
19-Apr-12,43.84,43.97,43.10,43.64,31028
18-Apr-12,43.49,44.20,43.38,43.80,27516
17-Apr-12,44.74,44.74,43.82,43.98,29344
16-Apr-12,43.89,44.55,43.18,44.15,38349
13-Apr-12,43.73,43.73,42.93,43.50,30540
12-Apr-12,42.77,44.65,42.77,43.90,36612
11-Apr-12,42.43,42.70,42.00,42.50,52033
10-Apr-12,42.00,42.12,41.50,41.75,67654
9-Apr-12,41.33,42.40,41.29,41.94,44779
5-Apr-12,42.55,42.86,42.21,42.52,38152
4-Apr-12,43.00,43.56,42.88,43.01,64985
3-Apr-12,43.22,44.13,43.18,43.36,52235
2-Apr-12,42.34,43.29,42.04,43.16,35315
30-Mar-12,42.47,42.83,41.71,42.72,40625
29-Mar-12,41.41,42.29,40.40,41.83,66162
28-Mar-12,42.45,42.45,40.41,41.57,44712
27-Mar-12,45.01,45.01,41.97,42.35,58642
26-Mar-12,43.38,45.03,43.00,44.75,52645
23-Mar-12,40.85,42.78,40.43,42.74,64103
22-Mar-12,40.72,40.89,39.74,40.75,48596
21-Mar-12,41.98,42.17,41.23,41.44,46825
20-Mar-12,42.61,42.89,40.56,41.99,78077
19-Mar-12,41.94,44.00,41.94,43.01,49301
16-Mar-12,40.26,42.21,40.21,41.95,83919
15-Mar-12,38.16,40.80,37.90,40.29,71335
14-Mar-12,39.51,39.51,37.69,38.07,46974
13-Mar-12,37.74,39.62,37.74,39.35,41693
12-Mar-12,37.19,37.52,37.02,37.11,22377
9-Mar-12,36.40,38.84,36.30,37.19,44001
8-Mar-12,35.79,36.11,34.92,36.07,24185
7-Mar-12,35.29,35.42,34.89,35.22,71506
6-Mar-12,34.00,35.02,34.00,34.98,88048
5-Mar-12,34.06,34.59,33.83,34.44,39590
2-Mar-12,34.33,34.51,33.50,34.05,62020
1-Mar-12,33.80,35.42,33.80,34.22,55702
29-Feb-12,33.80,34.70,32.78,33.48,100700
28-Feb-12,35.17,35.38,33.64,33.74,98188
27-Feb-12,36.56,36.56,35.05,35.22,105150
24-Feb-12,38.04,38.48,36.81,36.91,40450
23-Feb-12,38.26,38.32,37.72,38.00,25589
22-Feb-12,38.57,39.09,38.04,38.20,28492
21-Feb-12,39.78,40.33,38.16,38.64,34500
17-Feb-12,40.79,40.99,39.48,39.54,25086
16-Feb-12,37.49,40.56,37.14,40.56,65117
15-Feb-12,40.25,40.25,37.34,37.48,84537
14-Feb-12,39.50,40.10,38.46,40.07,102261
13-Feb-12,39.58,39.68,39.02,39.44,19316
10-Feb-12,39.58,39.58,36.80,39.01,19224
9-Feb-12,40.34,40.34,39.71,40.04,15820
8-Feb-12,40.14,40.14,40.14,40.14,0
7-Feb-12,41.65,41.74,40.12,40.23,33420
6-Feb-12,41.74,41.74,41.74,41.74,0
3-Feb-12,43.01,43.74,42.31,42.59,31824
2-Feb-12,41.04,42.36,41.03,41.98,22928
1-Feb-12,40.01,41.45,39.66,41.26,46195
31-Jan-12,40.43,40.43,37.91,39.77,44837
30-Jan-12,40.06,40.52,39.55,39.88,36303
27-Jan-12,40.48,40.48,40.48,40.48,0
26-Jan-12,40.51,40.51,39.11,39.92,33325
25-Jan-12,40.03,40.89,39.17,40.00,47915
24-Jan-12,39.96,39.96,39.96,39.96,0
23-Jan-12,39.71,39.80,38.42,38.88,40040
20-Jan-12,39.73,39.73,39.73,39.73,0
19-Jan-12,38.33,39.13,37.58,38.99,30666
18-Jan-12,37.29,38.71,36.54,38.23,33458
17-Jan-12,37.34,37.34,37.34,37.34,0
13-Jan-12,36.71,36.71,36.71,36.71,0
12-Jan-12,37.18,37.87,36.38,37.74,45774
11-Jan-12,37.99,37.99,36.86,37.58,30755
10-Jan-12,38.28,38.36,37.66,38.00,31102
9-Jan-12,38.15,38.31,37.33,37.58,37040
6-Jan-12,38.13,38.80,37.50,38.03,22799
5-Jan-12,37.06,38.16,36.79,38.10,45521
4-Jan-12,37.65,37.65,37.65,37.65,0
3-Jan-12,38.83,38.98,37.67,38.48,94113
30-Dec-11,37.36,37.36,37.36,37.36,0
29-Dec-11,36.67,38.13,36.67,37.79,30562
28-Dec-11,37.62,38.22,36.73,37.05,49429
27-Dec-11,37.72,38.05,36.94,37.64,15261
23-Dec-11,37.91,37.91,37.91,37.91,0
22-Dec-11,38.34,38.78,37.87,38.16,28478
21-Dec-11,37.12,38.22,36.76,38.16,50621
20-Dec-11,36.80,36.80,36.80,36.80,0
19-Dec-11,33.55,33.63,32.57,32.75,28913
16-Dec-11,33.46,33.46,33.46,33.46,0
15-Dec-11,34.59,34.65,32.36,33.09,19107
14-Dec-11,32.06,33.69,31.70,32.97,37540
13-Dec-11,35.16,35.77,32.34,32.48,41231
12-Dec-11,34.87,35.22,33.83,34.90,35956
9-Dec-11,35.32,35.32,35.32,35.32,0
8-Dec-11,36.28,36.34,34.52,34.60,33019
7-Dec-11,36.82,36.87,35.53,36.41,41427
6-Dec-11,36.57,36.57,36.57,36.57,0
5-Dec-11,37.50,38.43,36.09,36.87,50786
2-Dec-11,38.00,38.00,35.52,36.37,29960
1-Dec-11,37.93,38.01,36.89,37.06,33064
30-Nov-11,37.96,38.92,37.01,37.82,97603
29-Nov-11,35.09,36.40,34.79,35.49,36789
28-Nov-11,34.69,34.69,34.69,34.69,0
25-Nov-11,30.74,31.13,29.83,29.85,20135
23-Nov-11,31.17,31.17,31.17,31.17,0
22-Nov-11,33.78,34.17,32.92,33.42,43923
21-Nov-11,33.97,33.97,33.97,33.97,0
18-Nov-11,35.85,36.16,34.50,35.47,39905
17-Nov-11,38.26,38.59,35.48,35.59,39737
16-Nov-11,39.10,39.98,38.17,38.21,30601
15-Nov-11,37.83,37.83,37.83,37.83,0
14-Nov-11,38.96,39.18,36.87,37.98,47301
11-Nov-11,38.88,39.62,38.67,39.45,21572
10-Nov-11,38.14,38.14,38.14,38.14,0
9-Nov-11,38.67,39.84,36.69,36.94,33386
8-Nov-11,40.39,40.39,40.39,40.39,0
7-Nov-11,39.59,40.75,38.52,40.38,29801
4-Nov-11,39.20,39.20,39.20,39.20,0
3-Nov-11,39.35,40.67,38.00,39.75,31475
2-Nov-11,36.25,38.86,36.07,38.47,30714
1-Nov-11,35.77,37.44,34.45,36.48,60164
31-Oct-11,37.73,37.73,37.73,37.73,0
28-Oct-11,41.08,41.93,39.84,40.62,78785
27-Oct-11,39.08,41.75,37.80,41.46,140724
26-Oct-11,35.55,36.99,35.01,36.93,56591
25-Oct-11,34.86,35.98,34.07,35.00,56156
24-Oct-11,34.09,35.37,33.89,35.31,83837
21-Oct-11,33.97,33.97,33.97,33.97,0
20-Oct-11,32.22,32.95,30.70,32.45,48865
19-Oct-11,32.58,32.58,32.58,32.58,0
18-Oct-11,32.63,34.38,31.24,34.02,107389
17-Oct-11,33.75,34.25,31.60,32.48,106694
14-Oct-11,33.85,34.36,32.40,34.34,47008
13-Oct-11,32.02,32.02,32.02,32.02,0
12-Oct-11,32.09,33.00,32.09,32.84,67167
11-Oct-11,31.21,32.00,28.64,31.87,49070
10-Oct-11,29.52,31.76,29.52,31.58,70273
7-Oct-11,30.47,30.47,27.10,28.70,85865
6-Oct-11,28.72,30.49,28.50,30.26,151303
5-Oct-11,28.04,29.95,27.48,28.65,116530
4-Oct-11,24.44,24.44,24.44,24.44,0
3-Oct-11,25.00,25.93,23.57,23.79,97321
30-Sep-11,25.57,26.49,24.96,25.42,59363
29-Sep-11,25.48,25.48,25.48,25.48,0
