Date,Open,High,Low,Close,Volume
27-Sep-12,60.95,60.99,60.95,60.99,15650
26-Sep-12,60.97,60.98,60.97,60.98,21768
25-Sep-12,60.98,60.98,60.95,60.98,29954
24-Sep-12,61.00,61.00,60.96,60.96,295754
21-Sep-12,60.92,60.97,60.92,60.97,37200
20-Sep-12,60.95,60.96,60.95,60.96,1490
19-Sep-12,60.94,60.98,60.94,60.98,4297
18-Sep-12,61.00,61.00,60.96,60.99,4427
17-Sep-12,60.95,60.99,60.95,60.99,7833
14-Sep-12,61.00,61.00,60.96,60.98,4064
13-Sep-12,61.02,61.02,61.02,61.02,2964
12-Sep-12,60.99,60.99,60.97,60.99,2964
11-Sep-12,60.99,60.99,60.98,60.98,875
10-Sep-12,60.99,60.99,60.95,60.99,7747
7-Sep-12,61.00,61.00,60.95,60.95,74763
6-Sep-12,60.99,60.99,60.95,60.98,32609
5-Sep-12,60.98,61.01,60.98,61.01,11520
4-Sep-12,61.03,61.03,60.98,61.02,23747
31-Aug-12,61.08,61.08,60.97,61.03,17636
30-Aug-12,61.00,61.01,60.97,61.01,9416
29-Aug-12,60.95,60.99,60.95,60.99,6427
28-Aug-12,60.98,60.99,60.94,60.99,13745
27-Aug-12,60.99,60.99,60.94,60.98,27307
24-Aug-12,60.96,60.99,60.96,60.97,14367
23-Aug-12,60.96,60.99,60.96,60.98,8467
22-Aug-12,60.95,60.99,60.94,60.99,4420
21-Aug-12,60.96,60.96,60.92,60.92,41253
20-Aug-12,60.93,60.95,60.93,60.95,11862
17-Aug-12,60.95,60.95,60.91,60.95,45213
16-Aug-12,60.95,60.95,60.92,60.92,10236
15-Aug-12,60.91,60.95,60.91,60.93,47547
14-Aug-12,60.95,60.96,60.93,60.96,12829
13-Aug-12,60.93,60.98,60.93,60.98,22536
10-Aug-12,60.95,60.98,60.93,60.97,10759
9-Aug-12,60.95,60.96,60.93,60.94,8898
8-Aug-12,60.96,60.96,60.93,60.95,35634
7-Aug-12,60.96,60.97,60.95,60.97,28176
6-Aug-12,60.97,61.00,60.96,60.97,6302
3-Aug-12,60.96,61.00,60.96,60.97,12373
2-Aug-12,60.97,61.00,60.97,60.97,38050
1-Aug-12,60.98,61.00,60.98,60.99,10954
31-Jul-12,60.98,61.00,60.98,60.98,18620
30-Jul-12,61.01,61.01,60.97,61.00,12724
27-Jul-12,60.98,61.01,60.96,60.98,8334
26-Jul-12,60.99,61.03,60.99,61.00,16231
25-Jul-12,61.04,61.04,60.98,61.00,29672
24-Jul-12,61.03,61.04,61.00,61.04,32152
23-Jul-12,61.04,61.04,61.02,61.04,18037
20-Jul-12,61.03,61.04,61.01,61.02,11010
19-Jul-12,61.03,61.03,60.99,61.02,11327
18-Jul-12,61.00,61.01,60.98,60.99,26731
17-Jul-12,60.99,61.01,60.97,60.97,17080
16-Jul-12,60.97,61.08,60.97,61.06,47336
13-Jul-12,60.94,60.96,60.94,60.96,10237
12-Jul-12,60.93,60.96,60.93,60.93,47565
11-Jul-12,60.93,60.98,60.93,60.95,3972
10-Jul-12,60.93,60.96,60.93,60.94,7631
9-Jul-12,60.98,60.98,60.93,60.97,19833
6-Jul-12,60.96,60.96,60.92,60.93,29023
5-Jul-12,60.93,60.93,60.90,60.92,27337
3-Jul-12,60.94,60.94,60.89,60.89,7989
2-Jul-12,60.84,60.92,60.84,60.90,32229
29-Jun-12,60.88,60.91,60.88,60.91,14194
28-Jun-12,60.91,60.94,60.91,60.93,4016
27-Jun-12,60.91,60.93,60.90,60.90,9872
26-Jun-12,60.94,60.94,60.90,60.91,17083
25-Jun-12,60.94,60.94,60.91,60.91,23419
22-Jun-12,60.90,60.94,60.90,60.93,8364
21-Jun-12,60.95,60.96,60.90,60.90,10061
20-Jun-12,60.93,60.97,60.90,60.94,23390
19-Jun-12,60.94,61.03,60.92,60.95,40023
18-Jun-12,60.91,60.95,60.91,60.93,18028
15-Jun-12,60.91,60.95,60.91,60.95,27745
14-Jun-12,60.93,60.93,60.89,60.90,5391
13-Jun-12,60.90,60.93,60.90,60.90,28278
12-Jun-12,60.96,60.96,60.92,60.93,37534
11-Jun-12,60.97,60.97,60.94,60.96,18091
8-Jun-12,60.96,61.08,60.91,60.97,80752
7-Jun-12,60.95,60.98,60.93,60.94,43867
6-Jun-12,61.46,61.46,60.94,60.95,36582
5-Jun-12,60.99,61.00,60.96,60.99,36413
4-Jun-12,60.98,60.99,60.96,60.99,18548
1-Jun-12,60.98,61.26,60.95,60.98,42892
31-May-12,60.96,60.97,60.94,60.96,27940
30-May-12,60.93,60.98,60.93,60.96,22520
29-May-12,60.92,60.95,60.92,60.94,3792
25-May-12,60.91,60.98,60.89,60.96,25518
24-May-12,60.91,60.94,60.91,60.94,18769
23-May-12,60.96,60.96,60.93,60.95,14773
22-May-12,60.95,60.95,60.91,60.94,36055
21-May-12,60.95,60.95,60.92,60.94,11310
18-May-12,60.93,60.96,60.91,60.92,34701
17-May-12,60.95,60.99,60.92,60.95,69009
16-May-12,60.94,60.96,60.91,60.94,26362
15-May-12,60.93,60.95,60.93,60.95,10898
14-May-12,60.96,60.96,60.93,60.96,8638
11-May-12,60.96,60.97,60.93,60.97,13684
10-May-12,60.94,60.97,60.94,60.97,7903
9-May-12,60.94,60.97,60.94,60.94,11982
8-May-12,60.94,60.97,60.94,60.95,11649
7-May-12,60.94,60.97,60.94,60.97,11834
4-May-12,60.97,60.97,60.94,60.95,11293
3-May-12,60.93,60.95,60.93,60.95,9792
2-May-12,60.96,60.96,60.92,60.95,19388
1-May-12,60.92,60.95,60.90,60.90,24970
30-Apr-12,60.92,60.96,60.92,60.96,8123
27-Apr-12,60.97,60.97,60.95,60.95,6995
26-Apr-12,60.98,60.98,60.94,60.95,36708
25-Apr-12,60.93,60.98,60.93,60.94,21939
24-Apr-12,60.97,60.97,60.95,60.97,12517
23-Apr-12,61.02,61.02,60.95,60.98,23201
20-Apr-12,60.96,60.96,60.93,60.94,12887
19-Apr-12,60.92,60.97,60.92,60.95,28739
18-Apr-12,60.94,60.94,60.91,60.92,7107
17-Apr-12,60.94,60.94,60.90,60.91,9771
16-Apr-12,60.95,60.95,60.91,60.95,8763
13-Apr-12,60.93,60.94,60.91,60.93,3047
12-Apr-12,60.91,60.94,60.89,60.90,19549
11-Apr-12,60.92,60.93,60.89,60.90,32253
10-Apr-12,60.90,60.92,60.88,60.90,8341
9-Apr-12,60.91,60.91,60.86,60.87,15885
5-Apr-12,60.90,60.90,60.83,60.87,7858
4-Apr-12,60.85,60.85,60.82,60.84,48065
3-Apr-12,60.84,60.87,60.80,60.80,10048
2-Apr-12,60.87,60.87,60.83,60.83,12044
30-Mar-12,60.82,60.87,60.82,60.86,9814
29-Mar-12,60.85,60.88,60.85,60.88,9990
28-Mar-12,60.84,60.88,60.83,60.87,10620
27-Mar-12,60.82,60.89,60.82,60.85,15278
22-Mar-12,60.80,60.82,60.79,60.82,9782
19-Mar-12,60.82,60.82,60.78,60.79,7102
16-Mar-12,60.76,60.83,60.76,60.82,46064
15-Mar-12,60.79,60.79,60.79,60.79,0
14-Mar-12,60.79,60.79,60.77,60.79,13359
13-Mar-12,60.84,60.87,60.83,60.84,13786
12-Mar-12,60.89,60.89,60.86,60.88,8069
9-Mar-12,60.87,60.89,60.87,60.89,6135
8-Mar-12,60.90,60.91,60.87,60.88,15540
7-Mar-12,60.90,60.92,60.88,60.90,7519
6-Mar-12,60.93,60.93,60.89,60.91,15603
5-Mar-12,60.90,60.93,60.89,60.90,20897
1-Mar-12,60.88,60.92,60.87,60.92,6257
29-Feb-12,60.92,60.97,60.86,60.92,47741
28-Feb-12,60.88,60.93,60.88,60.90,26812
27-Feb-12,60.86,60.95,60.86,60.88,38515
24-Feb-12,60.87,60.90,60.85,60.86,20724
23-Feb-12,60.90,60.92,60.86,60.90,28602
22-Feb-12,60.90,60.92,60.87,60.91,7134
21-Feb-12,60.83,60.91,60.83,60.87,9283
17-Feb-12,60.91,60.91,60.91,60.91,0
16-Feb-12,60.87,60.93,60.86,60.87,12729
15-Feb-12,60.86,60.89,60.86,60.87,15851
14-Feb-12,60.91,60.92,60.87,60.88,14707
13-Feb-12,60.80,60.91,60.80,60.87,33827
10-Feb-12,60.96,60.96,60.87,60.95,68701
9-Feb-12,60.91,60.97,60.89,60.96,10510
8-Feb-12,60.96,60.98,60.90,60.94,35389
7-Feb-12,60.97,61.01,60.97,60.98,43577
6-Feb-12,61.01,61.02,60.94,60.97,18493
3-Feb-12,60.99,61.00,60.93,60.94,12322
2-Feb-12,61.02,61.03,60.95,61.00,13582
1-Feb-12,60.95,61.07,60.94,61.04,152418
31-Jan-12,60.97,61.05,60.94,60.97,32794
30-Jan-12,61.01,61.09,60.96,60.97,33882
27-Jan-12,61.10,61.11,61.00,61.03,17099
26-Jan-12,61.11,61.11,61.01,61.06,15948
25-Jan-12,60.93,61.04,60.93,60.98,10890
24-Jan-12,60.93,60.99,60.93,60.94,16067
23-Jan-12,60.92,61.02,60.92,61.01,14730
20-Jan-12,60.94,60.98,60.93,60.93,15307
19-Jan-12,61.04,61.04,60.93,60.95,15161
18-Jan-12,61.00,61.01,60.96,61.00,12627
17-Jan-12,61.00,61.03,60.94,61.03,18905
13-Jan-12,60.93,60.93,60.93,60.93,0
12-Jan-12,60.97,61.04,60.94,60.94,68248
11-Jan-12,60.80,61.02,60.80,61.02,22942
10-Jan-12,60.91,60.99,60.91,60.98,17887
9-Jan-12,60.92,60.97,60.88,60.92,35303
6-Jan-12,60.91,60.94,60.90,60.94,1823
5-Jan-12,61.00,61.00,60.88,60.92,30449
4-Jan-12,60.95,60.95,60.90,60.95,8590
3-Jan-12,61.08,61.08,60.88,60.89,108335
30-Dec-11,60.98,60.98,60.98,60.98,0
29-Dec-11,60.87,60.94,60.87,60.88,34206
28-Dec-11,60.86,60.94,60.86,60.92,22734
27-Dec-11,60.91,60.93,60.85,60.86,7306
23-Dec-11,60.92,60.92,60.92,60.92,0
22-Dec-11,60.99,61.06,60.99,61.06,11785
21-Dec-11,61.00,61.09,61.00,61.08,8230
20-Dec-11,61.00,61.07,61.00,61.02,21493
19-Dec-11,61.05,61.10,61.05,61.09,5682
16-Dec-11,61.11,61.11,61.03,61.09,32346
15-Dec-11,61.08,61.09,61.02,61.05,21984
14-Dec-11,61.17,61.17,61.07,61.11,33235
13-Dec-11,61.08,61.14,61.01,61.12,48829
12-Dec-11,61.11,61.12,61.07,61.12,8250
9-Dec-11,61.13,61.13,61.06,61.06,8595
8-Dec-11,61.12,61.12,61.06,61.06,17893
7-Dec-11,61.00,61.10,61.00,61.09,23110
6-Dec-11,60.96,61.06,60.96,61.02,22043
5-Dec-11,61.04,61.07,61.02,61.07,13826
2-Dec-11,61.09,61.09,61.04,61.08,34459
1-Dec-11,61.11,61.11,61.04,61.08,94517
30-Nov-11,61.08,61.08,61.04,61.08,10463
29-Nov-11,61.04,61.08,61.04,61.08,18196
28-Nov-11,61.05,61.05,60.98,61.04,21136
25-Nov-11,61.03,61.07,61.03,61.06,3281
23-Nov-11,61.06,61.06,61.06,61.06,0
22-Nov-11,61.03,61.08,61.03,61.03,19015
21-Nov-11,61.05,61.05,61.03,61.03,34293
18-Nov-11,61.00,61.05,60.99,61.02,11087
17-Nov-11,61.02,61.06,61.00,61.01,22082
16-Nov-11,61.10,61.10,61.05,61.09,20740
15-Nov-11,61.11,61.11,61.05,61.11,18323
14-Nov-11,61.12,61.12,61.04,61.06,12560
11-Nov-11,61.00,61.09,61.00,61.04,8015
10-Nov-11,61.10,61.12,61.07,61.08,2684
9-Nov-11,61.14,61.14,61.10,61.12,41686
8-Nov-11,61.09,61.11,61.09,61.11,11043
7-Nov-11,61.11,61.13,61.09,61.13,18744
4-Nov-11,61.06,61.11,61.06,61.11,7444
3-Nov-11,61.11,61.14,61.07,61.12,42197
2-Nov-11,61.10,61.11,61.04,61.04,25659
1-Nov-11,61.05,61.13,61.05,61.13,28714
31-Oct-11,60.89,61.07,60.89,61.07,34563
28-Oct-11,61.00,61.01,60.95,61.01,31178
27-Oct-11,61.04,61.06,60.99,61.02,28692
26-Oct-11,61.02,61.08,61.01,61.02,13339
25-Oct-11,61.02,61.07,61.02,61.07,22463
24-Oct-11,61.05,61.05,61.00,61.05,14621
21-Oct-11,61.09,61.09,61.02,61.04,42357
20-Oct-11,61.09,61.09,61.03,61.08,10324
19-Oct-11,61.09,61.09,61.06,61.08,5764
18-Oct-11,61.06,61.08,61.05,61.08,22255
17-Oct-11,61.07,61.07,60.97,61.06,21593
14-Oct-11,61.05,61.07,61.03,61.06,15808
13-Oct-11,61.04,61.06,61.00,61.04,9365
12-Oct-11,60.97,61.03,60.92,61.00,57187
11-Oct-11,61.00,61.00,60.90,60.93,34028
10-Oct-11,61.03,61.03,60.84,60.94,54336
7-Oct-11,60.99,61.03,60.95,60.96,13739
6-Oct-11,61.01,61.07,60.96,60.97,16622
5-Oct-11,60.99,61.07,60.98,61.06,33713
4-Oct-11,60.97,61.09,60.97,61.07,19689
3-Oct-11,61.09,61.12,60.99,61.12,197913
30-Sep-11,61.09,61.09,61.04,61.08,3903
29-Sep-11,61.08,61.11,60.99,61.11,36006
