Date,Open,High,Low,Close,Volume
27-Sep-12,6.60,6.74,6.60,6.68,35227
26-Sep-12,6.51,6.66,6.49,6.60,43291
25-Sep-12,6.73,6.82,6.46,6.48,89723
24-Sep-12,6.65,6.73,6.58,6.71,53183
21-Sep-12,6.78,6.79,6.67,6.68,60219
20-Sep-12,6.70,6.75,6.59,6.68,11032
19-Sep-12,6.72,6.76,6.67,6.70,12120
18-Sep-12,6.73,6.73,6.61,6.69,9323
17-Sep-12,6.86,6.86,6.70,6.73,20671
14-Sep-12,6.79,6.94,6.67,6.90,12898
13-Sep-12,6.54,6.85,6.49,6.80,22121
12-Sep-12,6.46,6.58,6.46,6.56,9311
11-Sep-12,6.37,6.47,6.31,6.46,9660
10-Sep-12,6.44,6.47,6.36,6.40,8520
7-Sep-12,6.51,6.51,6.38,6.45,99690
6-Sep-12,6.28,6.60,6.28,6.48,85815
5-Sep-12,6.26,6.32,6.21,6.28,64873
4-Sep-12,6.34,6.34,6.12,6.29,89251
31-Aug-12,6.18,6.33,6.18,6.30,159590
30-Aug-12,6.27,6.29,6.12,6.13,22847
29-Aug-12,6.00,6.44,6.00,6.27,71282
28-Aug-12,5.81,5.97,5.78,5.96,45386
27-Aug-12,5.90,5.95,5.76,5.83,38857
24-Aug-12,5.78,5.91,5.72,5.91,45716
23-Aug-12,5.90,5.90,5.74,5.81,24417
22-Aug-12,5.76,5.87,5.72,5.82,37737
21-Aug-12,5.77,6.00,5.75,5.78,52232
20-Aug-12,5.68,5.87,5.67,5.73,68918
17-Aug-12,5.64,5.83,5.61,5.71,60753
16-Aug-12,5.35,5.69,5.35,5.67,59560
15-Aug-12,5.03,5.40,5.03,5.35,53461
14-Aug-12,5.18,5.23,5.02,5.05,90513
13-Aug-12,5.18,5.18,4.97,5.14,53100
10-Aug-12,5.20,5.25,5.08,5.18,85160
9-Aug-12,5.50,5.63,5.17,5.20,182842
8-Aug-12,6.07,6.21,5.50,5.54,495337
7-Aug-12,5.94,6.13,5.91,6.07,167151
6-Aug-12,6.00,6.08,5.78,5.91,106211
3-Aug-12,6.05,6.14,5.98,6.00,129592
2-Aug-12,6.23,6.31,5.93,5.98,180542
1-Aug-12,6.63,6.63,6.25,6.25,188595
31-Jul-12,6.57,6.77,6.53,6.60,272454
30-Jul-12,6.39,6.83,6.30,6.57,148349
27-Jul-12,6.03,6.43,5.95,6.41,136018
26-Jul-12,5.79,6.12,5.65,6.01,137745
25-Jul-12,5.62,5.82,5.50,5.70,81872
24-Jul-12,5.58,5.63,5.43,5.57,109573
23-Jul-12,5.74,5.74,5.43,5.55,92410
20-Jul-12,5.88,5.90,5.73,5.82,43236
19-Jul-12,5.91,6.02,5.91,5.92,82754
18-Jul-12,6.09,6.09,5.86,5.90,106063
17-Jul-12,6.44,6.44,6.05,6.09,55677
16-Jul-12,6.39,6.44,6.39,6.40,50934
13-Jul-12,6.04,6.40,6.04,6.38,65427
12-Jul-12,5.93,6.06,5.89,6.04,55275
11-Jul-12,5.84,6.00,5.74,5.98,41910
10-Jul-12,6.04,6.07,5.78,5.81,71185
9-Jul-12,6.05,6.05,5.94,6.00,38797
6-Jul-12,6.04,6.09,5.98,6.03,48663
5-Jul-12,6.05,6.14,5.97,6.12,49504
3-Jul-12,5.98,6.05,5.80,6.04,82582
2-Jul-12,5.95,5.99,5.77,5.99,191254
29-Jun-12,5.95,5.95,5.75,5.90,252889
28-Jun-12,5.87,5.90,5.75,5.87,186489
27-Jun-12,5.84,5.91,5.81,5.90,82104
26-Jun-12,5.90,5.90,5.78,5.86,101397
25-Jun-12,5.97,5.97,5.71,5.88,149203
22-Jun-12,6.18,6.23,6.00,6.00,3082859
21-Jun-12,6.21,6.26,6.10,6.15,168820
20-Jun-12,6.19,6.28,6.16,6.25,153623
19-Jun-12,6.14,6.29,6.11,6.23,174613
18-Jun-12,6.25,6.30,6.10,6.16,168455
15-Jun-12,6.40,6.41,6.28,6.30,96853
14-Jun-12,6.53,6.54,6.32,6.40,191492
13-Jun-12,6.95,7.00,6.41,6.53,366183
12-Jun-12,7.21,7.26,6.90,7.01,573060
11-Jun-12,7.43,7.52,7.20,7.25,50110
8-Jun-12,7.34,7.70,7.03,7.41,110123
7-Jun-12,7.48,7.62,7.43,7.49,45624
6-Jun-12,7.42,7.52,7.35,7.38,40303
5-Jun-12,7.46,7.63,7.36,7.39,107077
4-Jun-12,7.54,7.56,7.36,7.48,59970
1-Jun-12,7.64,7.73,7.45,7.54,131163
31-May-12,7.79,7.85,7.69,7.69,220600
30-May-12,7.59,7.84,7.59,7.80,73912
29-May-12,7.53,7.83,7.50,7.80,90363
25-May-12,7.54,7.69,7.48,7.53,79017
24-May-12,7.67,7.67,7.44,7.62,68215
23-May-12,7.69,7.80,7.57,7.65,41735
22-May-12,7.85,7.90,7.62,7.73,81878
21-May-12,7.90,7.92,7.76,7.83,130225
18-May-12,7.92,7.92,7.75,7.90,31807
17-May-12,7.85,7.90,7.61,7.86,80345
16-May-12,7.82,7.90,7.78,7.90,49880
15-May-12,7.77,7.92,7.61,7.83,29435
14-May-12,7.62,7.90,7.52,7.83,46482
11-May-12,7.73,7.75,7.61,7.71,65112
10-May-12,8.19,8.19,7.50,7.72,142319
9-May-12,7.82,8.02,7.34,7.59,97479
8-May-12,7.70,7.85,7.52,7.85,24439
7-May-12,7.98,8.06,7.64,7.77,41542
4-May-12,8.18,8.20,7.99,8.00,26216
3-May-12,8.19,8.22,8.04,8.16,27360
2-May-12,8.11,8.45,8.00,8.24,65990
1-May-12,8.44,8.53,8.08,8.20,72265
30-Apr-12,8.20,8.56,8.06,8.38,67376
27-Apr-12,8.20,8.21,8.11,8.20,16505
26-Apr-12,7.96,8.20,7.96,8.16,24593
25-Apr-12,8.00,8.00,7.86,8.00,31794
24-Apr-12,7.75,7.94,7.74,7.94,17540
23-Apr-12,7.80,7.80,7.57,7.74,34160
20-Apr-12,7.69,7.82,7.60,7.82,24003
19-Apr-12,7.66,7.70,7.60,7.70,14450
18-Apr-12,7.73,7.87,7.61,7.68,17568
17-Apr-12,7.62,7.80,7.62,7.77,27140
16-Apr-12,7.49,7.64,7.27,7.57,20286
13-Apr-12,7.51,7.57,7.41,7.48,12600
12-Apr-12,7.45,7.76,7.43,7.49,33493
11-Apr-12,7.36,7.50,7.34,7.48,20992
10-Apr-12,7.73,7.76,7.27,7.33,73694
9-Apr-12,7.82,7.85,7.71,7.71,19598
5-Apr-12,7.84,7.97,7.75,7.88,12622
4-Apr-12,8.00,8.00,7.80,7.86,18450
3-Apr-12,8.00,8.05,7.96,8.03,108199
2-Apr-12,7.94,8.19,7.94,8.02,97521
30-Mar-12,7.81,8.02,7.81,7.96,138846
29-Mar-12,7.79,7.86,7.72,7.82,132049
28-Mar-12,8.00,8.09,7.78,7.78,103475
27-Mar-12,8.07,8.12,7.86,8.06,54789
26-Mar-12,8.11,8.26,8.05,8.05,107641
23-Mar-12,8.02,8.13,7.89,8.04,221049
22-Mar-12,8.09,8.27,7.97,8.07,250031
21-Mar-12,8.20,8.26,8.03,8.16,87029
20-Mar-12,8.16,8.33,8.15,8.22,72819
19-Mar-12,8.10,8.25,8.04,8.22,83241
16-Mar-12,8.20,8.28,8.08,8.15,156827
15-Mar-12,8.39,8.65,8.39,8.43,155790
14-Mar-12,8.39,8.43,8.25,8.37,52208
13-Mar-12,8.34,8.42,8.20,8.33,100266
12-Mar-12,8.41,8.49,8.32,8.36,62293
9-Mar-12,8.24,8.50,8.21,8.48,97109
8-Mar-12,8.45,8.45,8.14,8.19,47647
7-Mar-12,8.60,8.60,8.20,8.26,236414
6-Mar-12,8.48,8.58,8.30,8.49,62600
5-Mar-12,8.64,8.64,8.51,8.58,68065
2-Mar-12,8.39,8.62,8.30,8.59,126064
1-Mar-12,8.20,8.49,8.14,8.40,53294
29-Feb-12,8.21,8.50,8.11,8.13,132265
28-Feb-12,7.90,8.29,7.90,8.20,116740
27-Feb-12,7.77,7.99,7.75,7.91,75938
24-Feb-12,7.76,7.84,7.67,7.75,58555
23-Feb-12,7.59,7.76,7.59,7.71,47541
22-Feb-12,7.58,7.81,7.56,7.62,61468
21-Feb-12,7.06,7.74,7.06,7.55,137470
17-Feb-12,7.00,7.09,6.94,6.97,41166
16-Feb-12,7.07,7.10,7.03,7.06,31976
15-Feb-12,7.03,7.10,6.96,7.03,51125
14-Feb-12,6.83,7.05,6.83,7.02,43795
13-Feb-12,6.90,7.00,6.86,7.00,54207
10-Feb-12,6.85,6.85,6.85,6.85,0
9-Feb-12,7.00,7.00,6.88,6.98,49630
8-Feb-12,6.94,6.99,6.90,6.97,73299
7-Feb-12,6.98,6.98,6.98,6.98,0
6-Feb-12,6.80,6.84,6.71,6.82,69518
3-Feb-12,6.69,6.84,6.69,6.77,207349
2-Feb-12,6.55,6.55,6.55,6.55,0
1-Feb-12,6.60,6.60,6.45,6.47,125444
31-Jan-12,6.59,6.63,6.55,6.60,79456
30-Jan-12,6.51,6.51,6.51,6.51,0
27-Jan-12,6.51,6.54,6.45,6.48,59355
26-Jan-12,6.50,6.52,6.42,6.47,62103
25-Jan-12,6.52,6.54,6.43,6.44,58793
24-Jan-12,6.60,6.61,6.42,6.50,85403
23-Jan-12,6.48,6.61,6.46,6.61,42557
20-Jan-12,6.46,6.51,6.44,6.51,67097
19-Jan-12,6.43,6.50,6.43,6.47,24174
18-Jan-12,6.52,6.52,6.41,6.50,24878
17-Jan-12,6.52,6.58,6.43,6.49,34388
13-Jan-12,6.51,6.51,6.51,6.51,0
12-Jan-12,6.46,6.60,6.41,6.55,34353
11-Jan-12,6.41,6.50,6.41,6.47,51576
10-Jan-12,6.50,6.63,6.41,6.46,24800
9-Jan-12,6.52,6.54,6.41,6.45,36571
6-Jan-12,6.55,6.59,6.55,6.59,33673
5-Jan-12,6.46,6.60,6.32,6.59,55900
4-Jan-12,6.54,6.54,6.33,6.50,35994
3-Jan-12,6.28,6.54,6.25,6.54,76768
30-Dec-11,6.18,6.18,6.18,6.18,0
29-Dec-11,6.20,6.28,6.00,6.03,111996
28-Dec-11,6.19,6.19,6.19,6.19,0
27-Dec-11,6.44,6.75,6.42,6.53,51364
23-Dec-11,6.53,6.53,6.53,6.53,0
22-Dec-11,6.46,6.50,6.31,6.38,42255
21-Dec-11,6.29,6.52,6.09,6.47,22627
20-Dec-11,6.39,6.39,6.39,6.39,0
19-Dec-11,6.35,6.58,6.09,6.23,52322
16-Dec-11,6.58,6.58,6.34,6.35,100054
15-Dec-11,6.55,6.58,6.41,6.42,22662
14-Dec-11,6.44,6.47,6.39,6.44,7169
13-Dec-11,6.49,6.50,6.38,6.46,34142
12-Dec-11,6.49,6.59,6.37,6.50,279107
9-Dec-11,6.32,6.81,6.32,6.56,217741
8-Dec-11,6.44,6.44,6.44,6.44,0
7-Dec-11,6.41,6.47,6.36,6.45,27191
6-Dec-11,6.50,6.56,6.31,6.51,107399
5-Dec-11,6.48,6.61,6.42,6.51,111942
2-Dec-11,6.50,6.50,6.40,6.44,20676
1-Dec-11,6.56,6.56,6.41,6.45,18383
30-Nov-11,6.52,6.57,6.43,6.57,222738
29-Nov-11,6.47,6.55,6.41,6.42,49531
28-Nov-11,6.52,6.60,6.42,6.50,96630
25-Nov-11,6.52,6.52,6.52,6.52,0
23-Nov-11,6.41,6.41,6.41,6.41,0
22-Nov-11,6.40,6.40,6.40,6.40,0
21-Nov-11,6.55,6.58,6.33,6.46,19770
18-Nov-11,6.50,6.68,6.50,6.60,132793
17-Nov-11,6.55,6.66,6.51,6.58,183765
16-Nov-11,6.50,6.61,6.35,6.53,61977
15-Nov-11,6.29,6.58,6.29,6.52,195820
14-Nov-11,6.21,6.36,6.21,6.30,122344
11-Nov-11,6.07,6.29,6.02,6.21,206280
10-Nov-11,6.01,6.17,5.99,6.08,142384
9-Nov-11,5.93,5.93,5.93,5.93,0
8-Nov-11,5.62,6.16,5.62,6.10,96289
7-Nov-11,6.05,6.13,6.00,6.09,100716
4-Nov-11,6.09,6.18,6.00,6.10,72386
3-Nov-11,6.11,6.11,6.11,6.11,0
2-Nov-11,6.22,6.40,5.98,6.10,103775
1-Nov-11,6.02,6.25,5.98,6.10,93625
31-Oct-11,6.31,6.31,6.06,6.14,37552
28-Oct-11,6.22,6.49,6.06,6.15,69868
27-Oct-11,6.00,6.22,5.90,6.12,72843
26-Oct-11,5.93,5.94,5.85,5.88,23684
25-Oct-11,6.00,6.00,5.85,5.90,37213
24-Oct-11,5.80,5.99,5.80,5.97,45148
21-Oct-11,5.70,5.90,5.66,5.76,77205
20-Oct-11,5.50,5.69,5.42,5.67,123508
19-Oct-11,5.64,5.64,5.49,5.54,30580
18-Oct-11,5.35,5.65,5.35,5.62,31100
17-Oct-11,5.25,5.34,5.20,5.34,52095
14-Oct-11,5.29,5.60,5.25,5.27,78887
13-Oct-11,5.34,5.45,5.20,5.26,53806
12-Oct-11,5.39,5.50,5.19,5.24,91800
11-Oct-11,5.15,5.67,5.08,5.22,210800
10-Oct-11,5.02,5.32,5.02,5.15,62621
7-Oct-11,5.09,5.10,5.00,5.01,46383
6-Oct-11,5.08,5.12,4.79,5.08,59230
5-Oct-11,4.98,5.09,4.89,5.05,78851
4-Oct-11,4.66,4.93,4.65,4.90,19008
3-Oct-11,4.64,4.64,4.64,4.64,0
30-Sep-11,4.95,5.00,4.72,4.76,61090
29-Sep-11,5.09,5.10,4.79,4.86,67861
