Date,Open,High,Low,Close,Volume
27-Sep-12,17.69,17.80,17.47,17.75,50656
26-Sep-12,17.96,18.18,17.39,17.52,48905
25-Sep-12,18.40,18.44,17.81,17.87,73161
24-Sep-12,18.24,18.61,18.12,18.29,113409
21-Sep-12,18.39,18.42,17.92,18.18,128467
20-Sep-12,17.95,18.23,17.95,18.07,6753
19-Sep-12,18.32,18.40,18.03,18.10,17242
18-Sep-12,18.06,18.33,17.80,18.33,27714
17-Sep-12,17.95,18.20,17.94,17.99,23511
14-Sep-12,18.00,18.10,17.83,18.00,38159
13-Sep-12,17.73,18.49,17.73,17.98,36581
12-Sep-12,17.49,17.97,17.37,17.75,42387
11-Sep-12,17.51,17.87,17.22,17.44,19061
10-Sep-12,17.20,17.94,17.18,17.44,53492
7-Sep-12,17.44,17.44,16.64,17.17,120811
6-Sep-12,16.73,17.50,16.73,17.33,114689
5-Sep-12,15.76,16.90,15.52,16.56,101166
4-Sep-12,16.85,17.00,16.33,16.97,44150
31-Aug-12,16.60,17.16,16.26,16.90,134614
30-Aug-12,16.76,16.76,16.36,16.44,115768
29-Aug-12,16.93,17.00,16.74,16.91,62305
28-Aug-12,17.04,17.20,16.77,16.90,69339
27-Aug-12,16.84,17.09,16.75,17.06,50325
24-Aug-12,16.60,16.94,16.50,16.80,36039
23-Aug-12,16.68,16.84,16.50,16.70,47942
22-Aug-12,16.85,16.95,16.71,16.79,28626
21-Aug-12,16.96,17.10,16.51,16.97,118527
20-Aug-12,16.80,16.93,16.55,16.83,192998
17-Aug-12,16.86,16.87,16.55,16.87,128886
16-Aug-12,16.28,17.10,16.03,16.90,111146
15-Aug-12,16.17,16.47,15.72,16.31,43800
14-Aug-12,16.57,16.77,15.98,16.26,71008
13-Aug-12,16.50,16.76,16.17,16.45,153352
10-Aug-12,15.97,16.18,15.94,16.12,23589
9-Aug-12,15.67,16.05,15.44,16.00,74467
8-Aug-12,15.82,15.99,15.29,15.75,89120
7-Aug-12,15.82,15.93,15.68,15.93,140630
6-Aug-12,15.40,16.06,15.25,15.71,104944
3-Aug-12,14.63,15.44,14.56,15.36,74675
2-Aug-12,14.16,14.70,14.16,14.31,50106
1-Aug-12,15.35,15.40,14.15,14.22,98618
31-Jul-12,12.81,15.70,12.81,15.15,216372
30-Jul-12,13.10,13.21,12.69,12.71,27446
27-Jul-12,12.85,13.29,12.47,13.13,41485
26-Jul-12,11.77,12.85,11.77,12.73,61517
25-Jul-12,11.38,11.92,11.24,11.55,55608
24-Jul-12,12.04,12.04,11.23,11.28,40616
23-Jul-12,12.41,12.41,11.95,11.96,36886
20-Jul-12,13.23,13.29,12.50,12.65,52057
19-Jul-12,13.56,13.61,13.35,13.38,27245
18-Jul-12,13.56,13.75,13.24,13.46,43445
17-Jul-12,13.85,13.97,13.47,13.56,33994
16-Jul-12,13.85,13.85,13.35,13.72,62157
13-Jul-12,13.89,14.24,13.60,13.85,85776
12-Jul-12,13.67,13.90,13.36,13.85,59394
11-Jul-12,13.73,13.91,13.58,13.81,52675
10-Jul-12,14.08,14.16,13.55,13.66,36740
9-Jul-12,13.87,14.13,13.72,13.97,65658
6-Jul-12,14.23,14.31,13.70,13.92,32452
5-Jul-12,14.31,14.53,14.17,14.41,67655
3-Jul-12,14.15,14.47,14.11,14.38,35071
2-Jul-12,13.36,14.10,13.32,14.10,73039
29-Jun-12,12.80,13.51,12.80,13.35,200143
28-Jun-12,12.94,13.03,12.40,12.47,104952
27-Jun-12,13.32,13.33,13.04,13.12,59110
26-Jun-12,13.45,13.49,13.15,13.25,40984
25-Jun-12,13.49,13.74,13.22,13.46,32584
22-Jun-12,13.78,14.08,13.68,13.69,530872
21-Jun-12,14.34,14.40,13.46,13.62,97592
20-Jun-12,14.43,14.46,14.22,14.39,40743
19-Jun-12,14.54,14.59,14.26,14.43,70757
18-Jun-12,13.99,14.57,13.99,14.43,85809
15-Jun-12,14.52,14.74,14.00,14.06,101147
14-Jun-12,14.26,14.77,14.26,14.55,44671
13-Jun-12,14.65,14.85,14.12,14.19,45720
12-Jun-12,14.56,14.88,14.33,14.72,57881
11-Jun-12,14.87,14.95,14.38,14.44,67362
8-Jun-12,14.94,14.96,14.60,14.65,47815
7-Jun-12,15.08,15.21,14.64,15.03,48106
6-Jun-12,14.50,14.92,14.40,14.79,71264
5-Jun-12,14.11,14.57,14.10,14.44,49275
4-Jun-12,14.28,14.32,14.13,14.24,57719
1-Jun-12,14.23,14.52,14.19,14.21,53485
31-May-12,14.75,14.84,14.09,14.63,141557
30-May-12,14.65,14.94,14.34,14.76,59115
29-May-12,14.44,14.80,14.20,14.75,95021
25-May-12,14.04,14.46,13.87,14.34,45948
24-May-12,14.05,14.12,13.55,14.00,58029
23-May-12,13.91,14.14,13.53,14.03,30678
22-May-12,14.40,14.50,13.97,14.13,46565
21-May-12,14.05,14.45,13.76,14.36,154004
18-May-12,14.24,14.54,13.72,13.93,113710
17-May-12,14.33,14.52,14.27,14.27,100094
16-May-12,14.44,14.65,14.25,14.36,109501
15-May-12,14.29,14.39,14.08,14.31,75638
14-May-12,14.05,14.37,13.99,14.33,88427
11-May-12,14.59,14.61,13.87,14.21,143832
10-May-12,14.91,15.50,13.96,14.67,170508
9-May-12,11.66,12.89,11.41,12.53,118734
8-May-12,12.94,12.99,11.80,11.86,168743
7-May-12,13.68,13.79,13.02,13.06,43675
4-May-12,13.72,13.92,13.18,13.71,60990
3-May-12,14.32,14.35,13.81,13.84,61677
2-May-12,14.56,14.59,14.28,14.39,71016
1-May-12,15.16,15.45,14.47,14.60,38878
30-Apr-12,15.48,15.54,15.06,15.09,41981
27-Apr-12,15.41,15.76,15.17,15.65,24779
26-Apr-12,15.01,15.55,14.98,15.33,28256
25-Apr-12,15.62,15.80,14.96,15.03,62072
24-Apr-12,14.98,15.46,14.86,15.45,35662
23-Apr-12,14.96,15.09,14.70,14.91,40076
20-Apr-12,15.42,15.64,15.03,15.32,34204
19-Apr-12,15.68,15.85,15.07,15.15,24439
18-Apr-12,15.91,15.99,15.57,15.62,24761
17-Apr-12,15.91,16.43,15.90,16.09,36332
16-Apr-12,15.90,15.93,15.59,15.72,26059
13-Apr-12,16.20,16.20,15.76,15.84,37116
12-Apr-12,16.11,16.45,16.11,16.34,23340
11-Apr-12,16.39,16.41,15.87,16.12,43157
10-Apr-12,16.50,16.50,16.08,16.16,54649
9-Apr-12,16.23,16.68,16.23,16.58,51579
5-Apr-12,16.46,16.60,16.34,16.55,32079
4-Apr-12,16.61,16.85,16.43,16.49,33574
3-Apr-12,17.53,17.55,16.87,16.89,42483
2-Apr-12,17.24,17.56,17.17,17.55,99902
30-Mar-12,17.41,17.41,16.94,17.27,40436
29-Mar-12,17.01,17.31,16.88,17.22,30772
28-Mar-12,17.10,17.14,16.96,17.12,37484
27-Mar-12,17.05,17.28,17.01,17.10,52542
26-Mar-12,16.60,17.25,16.33,17.06,69429
23-Mar-12,15.96,16.48,15.87,16.39,50692
22-Mar-12,16.00,16.22,15.68,15.99,21356
21-Mar-12,16.13,16.40,16.03,16.29,30983
20-Mar-12,16.06,16.27,15.87,16.02,37032
19-Mar-12,15.58,16.56,15.58,16.18,52346
16-Mar-12,16.08,16.18,15.57,15.59,84639
15-Mar-12,15.17,16.01,15.12,16.01,82232
14-Mar-12,15.22,15.27,14.87,15.24,55587
13-Mar-12,15.22,15.34,15.02,15.32,37915
12-Mar-12,15.19,15.40,14.95,15.03,28296
9-Mar-12,15.03,15.65,15.02,15.33,52332
8-Mar-12,14.73,15.09,14.48,15.06,35405
7-Mar-12,14.32,14.63,14.31,14.60,40227
6-Mar-12,14.40,14.68,14.20,14.22,31879
5-Mar-12,14.59,14.75,14.40,14.66,16899
2-Mar-12,15.00,15.06,14.37,14.69,63134
1-Mar-12,15.72,15.83,15.01,15.03,47913
29-Feb-12,15.69,15.80,15.41,15.63,61252
28-Feb-12,15.66,15.75,15.51,15.68,30583
27-Feb-12,15.55,15.73,15.30,15.66,23779
24-Feb-12,15.94,15.94,15.51,15.77,24645
23-Feb-12,15.40,15.95,15.14,15.94,28285
22-Feb-12,15.56,15.64,15.24,15.34,60288
21-Feb-12,16.01,16.34,15.39,15.69,51240
17-Feb-12,16.50,16.50,15.96,16.10,98060
16-Feb-12,16.13,16.50,16.04,16.40,54155
15-Feb-12,16.46,16.46,15.89,16.00,27695
14-Feb-12,16.32,16.49,16.06,16.40,74266
13-Feb-12,16.43,16.64,16.00,16.52,133358
10-Feb-12,15.64,16.50,15.64,16.21,82105
9-Feb-12,16.02,16.12,15.79,15.92,92501
8-Feb-12,15.78,16.14,15.77,15.98,37974
7-Feb-12,16.05,16.06,15.61,15.71,41868
6-Feb-12,15.86,16.24,15.86,16.06,20126
3-Feb-12,16.01,16.01,16.01,16.01,0
2-Feb-12,15.89,16.07,15.65,15.73,45873
1-Feb-12,15.99,16.36,15.65,15.67,109031
31-Jan-12,15.98,16.01,15.72,15.99,37863
30-Jan-12,15.77,15.77,15.77,15.77,0
27-Jan-12,15.89,16.08,15.89,16.00,57882
26-Jan-12,16.07,16.17,15.69,15.99,86024
25-Jan-12,15.91,16.05,15.67,16.00,27284
24-Jan-12,15.61,16.09,15.52,15.86,42578
23-Jan-12,15.75,15.75,15.75,15.75,0
20-Jan-12,14.85,15.73,14.54,15.62,49796
19-Jan-12,15.35,15.46,14.60,14.92,45329
18-Jan-12,14.94,15.30,14.71,15.29,49854
17-Jan-12,14.95,15.25,14.67,15.05,50991
13-Jan-12,14.72,14.72,14.72,14.72,0
12-Jan-12,15.10,15.25,14.86,14.99,41358
11-Jan-12,14.88,15.20,14.79,15.10,57949
10-Jan-12,15.00,15.00,15.00,15.00,0
9-Jan-12,14.78,14.89,14.39,14.48,43693
6-Jan-12,14.59,14.98,14.34,14.89,19020
5-Jan-12,14.59,14.92,14.33,14.74,43578
4-Jan-12,14.67,14.88,14.56,14.66,22276
3-Jan-12,14.95,15.32,14.50,14.76,85178
30-Dec-11,14.48,14.48,14.48,14.48,0
29-Dec-11,14.64,14.92,14.64,14.83,32905
28-Dec-11,14.73,14.73,14.73,14.73,0
27-Dec-11,15.17,15.29,14.92,15.25,29459
23-Dec-11,15.22,15.22,15.22,15.22,0
22-Dec-11,15.24,15.32,15.04,15.27,23565
21-Dec-11,14.99,14.99,14.99,14.99,0
20-Dec-11,15.40,16.00,14.87,15.77,110056
19-Dec-11,15.21,15.62,14.90,14.95,135176
16-Dec-11,15.53,15.53,15.53,15.53,0
15-Dec-11,15.48,15.55,14.92,15.31,76200
14-Dec-11,14.79,15.25,14.56,15.20,74041
13-Dec-11,15.62,15.87,14.75,14.97,76639
12-Dec-11,15.15,15.15,15.15,15.15,0
9-Dec-11,14.76,15.58,14.60,15.28,73231
8-Dec-11,14.99,15.01,14.57,14.67,47747
7-Dec-11,15.30,15.34,14.88,15.21,52670
6-Dec-11,15.73,15.92,15.31,15.43,57731
5-Dec-11,15.58,16.00,15.52,15.71,67223
2-Dec-11,15.62,15.72,15.02,15.21,45186
1-Dec-11,15.63,15.80,15.18,15.37,60670
30-Nov-11,14.53,15.78,14.41,15.74,145944
29-Nov-11,13.99,13.99,13.99,13.99,0
28-Nov-11,13.42,13.91,13.42,13.80,52653
25-Nov-11,13.23,13.38,12.85,12.89,16311
23-Nov-11,13.34,13.34,13.34,13.34,0
22-Nov-11,13.96,14.09,13.63,13.73,58725
21-Nov-11,14.04,14.44,13.86,13.92,45427
18-Nov-11,14.60,14.75,14.32,14.38,44005
17-Nov-11,14.58,14.99,14.40,14.57,54075
16-Nov-11,14.77,15.32,14.59,14.63,81873
15-Nov-11,14.28,15.00,14.00,14.99,57592
14-Nov-11,14.80,14.94,14.24,14.43,46544
11-Nov-11,14.87,15.02,14.87,14.97,42994
10-Nov-11,14.90,15.00,14.51,14.66,96330
9-Nov-11,14.55,14.55,14.55,14.55,0
8-Nov-11,15.53,15.69,15.09,15.28,107857
7-Nov-11,15.55,15.55,14.88,15.41,45034
4-Nov-11,15.45,15.45,15.45,15.45,0
3-Nov-11,15.50,15.50,14.51,15.29,90642
2-Nov-11,15.26,16.32,15.17,16.28,50126
1-Nov-11,15.60,15.60,15.60,15.60,0
31-Oct-11,16.03,16.69,15.90,16.29,49037
28-Oct-11,16.60,16.95,16.32,16.36,52541
27-Oct-11,16.35,16.35,16.35,16.35,0
26-Oct-11,14.83,15.17,14.21,15.08,90836
25-Oct-11,15.42,15.42,14.42,14.50,82684
24-Oct-11,15.20,15.74,14.55,15.59,70835
21-Oct-11,15.56,15.56,14.31,15.16,89211
20-Oct-11,15.38,15.66,14.64,15.20,54249
19-Oct-11,16.03,16.28,15.23,15.40,42139
18-Oct-11,15.99,15.99,15.99,15.99,0
17-Oct-11,16.24,16.69,15.49,15.54,53856
14-Oct-11,15.66,16.58,15.34,16.50,66860
13-Oct-11,15.88,15.88,15.13,15.44,60482
12-Oct-11,15.85,15.85,15.85,15.85,0
11-Oct-11,14.50,14.90,14.18,14.84,40525
10-Oct-11,14.09,14.68,13.71,14.66,50452
7-Oct-11,14.60,14.60,13.62,13.77,75827
6-Oct-11,14.14,14.59,13.84,14.55,50744
5-Oct-11,14.14,14.14,14.14,14.14,0
4-Oct-11,12.00,14.43,11.87,14.29,129859
3-Oct-11,13.07,13.30,12.13,12.17,113325
30-Sep-11,13.72,14.01,13.15,13.20,81463
29-Sep-11,13.84,14.03,13.33,14.00,66049
