Date,Open,High,Low,Close,Volume
27-Sep-12,1.30,1.40,1.30,1.40,41292
26-Sep-12,1.25,1.33,1.24,1.32,15630
25-Sep-12,1.25,1.35,1.25,1.35,12275
24-Sep-12,1.24,1.34,1.22,1.34,32435
21-Sep-12,1.29,1.30,1.23,1.30,8756
20-Sep-12,1.22,1.29,1.22,1.29,4300
19-Sep-12,1.23,1.24,1.17,1.20,4900
18-Sep-12,1.24,1.29,1.23,1.29,2243
17-Sep-12,1.26,1.27,1.24,1.27,416
14-Sep-12,1.26,1.26,1.20,1.22,5201
13-Sep-12,1.29,1.30,1.25,1.29,5330
12-Sep-12,1.32,1.36,1.28,1.36,3473
11-Sep-12,1.35,1.40,1.35,1.40,1401
10-Sep-12,1.35,1.40,1.35,1.40,1606
7-Sep-12,1.35,1.40,1.32,1.40,7778
6-Sep-12,1.32,1.39,1.31,1.39,12893
5-Sep-12,1.36,1.37,1.31,1.37,4477
4-Sep-12,1.31,1.40,1.30,1.40,18121
31-Aug-12,1.40,1.40,1.27,1.31,21068
30-Aug-12,1.42,1.42,1.32,1.41,6500
29-Aug-12,1.43,1.43,1.33,1.43,32159
28-Aug-12,1.43,1.45,1.30,1.40,30155
27-Aug-12,1.43,1.45,1.33,1.45,5970
24-Aug-12,1.39,1.45,1.35,1.45,8426
23-Aug-12,1.37,1.40,1.34,1.40,10506
22-Aug-12,1.45,1.45,1.33,1.38,14842
21-Aug-12,1.33,1.46,1.32,1.46,6739
20-Aug-12,1.33,1.45,1.33,1.45,9081
17-Aug-12,1.31,1.45,1.25,1.40,66117
16-Aug-12,1.30,1.32,1.20,1.30,9637
15-Aug-12,1.25,1.34,1.21,1.34,34814
14-Aug-12,1.31,1.31,1.24,1.26,16314
13-Aug-12,1.31,1.31,1.23,1.25,43800
10-Aug-12,1.35,1.39,1.27,1.39,18119
9-Aug-12,1.40,1.40,1.24,1.39,49112
8-Aug-12,1.42,1.42,1.34,1.38,21059
7-Aug-12,1.47,1.47,1.30,1.46,59241
6-Aug-12,1.46,1.49,1.38,1.49,5832
3-Aug-12,1.50,1.50,1.43,1.46,47399
2-Aug-12,1.52,1.58,1.44,1.55,23395
1-Aug-12,1.50,1.50,1.47,1.47,514
31-Jul-12,1.56,1.60,1.51,1.59,13178
30-Jul-12,1.57,1.60,1.53,1.57,17374
27-Jul-12,1.38,1.59,1.36,1.53,25248
26-Jul-12,1.41,1.45,1.35,1.40,78051
25-Jul-12,1.45,1.52,1.40,1.40,10764
24-Jul-12,1.43,1.62,1.39,1.47,17176
23-Jul-12,1.50,1.50,1.41,1.43,6396
20-Jul-12,1.55,1.59,1.50,1.50,13803
19-Jul-12,1.70,1.70,1.50,1.55,6223
18-Jul-12,1.61,1.61,1.52,1.59,3903
17-Jul-12,1.56,1.60,1.50,1.60,14814
16-Jul-12,1.69,1.69,1.50,1.56,30953
13-Jul-12,1.65,1.66,1.52,1.65,24035
12-Jul-12,1.42,1.63,1.40,1.63,23551
11-Jul-12,1.50,1.53,1.38,1.39,65977
10-Jul-12,1.36,1.45,1.30,1.31,25648
9-Jul-12,1.45,1.45,1.40,1.41,3313
6-Jul-12,1.50,1.50,1.41,1.42,2407
5-Jul-12,1.59,1.59,1.41,1.41,7935
3-Jul-12,1.50,1.50,1.45,1.46,3594
2-Jul-12,1.50,1.50,1.44,1.50,9794
29-Jun-12,1.45,1.50,1.44,1.50,7397
28-Jun-12,1.50,1.50,1.45,1.48,5430
27-Jun-12,1.50,1.50,1.44,1.49,8200
26-Jun-12,1.50,1.52,1.45,1.52,18700
25-Jun-12,1.51,1.57,1.44,1.49,21409
22-Jun-12,1.47,1.59,1.45,1.59,29410
21-Jun-12,1.43,1.46,1.38,1.45,13989
20-Jun-12,1.38,1.47,1.33,1.44,22350
19-Jun-12,1.29,1.36,1.25,1.33,22161
18-Jun-12,1.27,1.33,1.23,1.31,27200
15-Jun-12,1.30,1.33,1.26,1.33,10984
14-Jun-12,1.30,1.31,1.30,1.31,4254
13-Jun-12,1.27,1.28,1.23,1.25,16642
12-Jun-12,1.26,1.31,1.25,1.30,13644
11-Jun-12,1.25,1.32,1.22,1.30,23046
8-Jun-12,1.27,1.37,1.27,1.28,12996
7-Jun-12,1.25,1.34,1.24,1.34,5275
6-Jun-12,1.26,1.28,1.25,1.25,11029
5-Jun-12,1.30,1.33,1.30,1.31,25200
4-Jun-12,1.37,1.41,1.33,1.33,55551
1-Jun-12,1.36,1.42,1.27,1.37,34048
31-May-12,1.23,1.35,1.23,1.35,44506
30-May-12,1.25,1.31,1.19,1.25,282996
29-May-12,1.32,1.33,1.25,1.30,215943
25-May-12,1.33,1.35,1.30,1.35,107131
24-May-12,1.36,1.36,1.30,1.36,55415
23-May-12,1.32,1.37,1.31,1.37,48448
22-May-12,1.36,1.36,1.31,1.36,22943
21-May-12,1.36,1.37,1.32,1.36,23385
18-May-12,1.32,1.44,1.29,1.32,58655
17-May-12,1.28,1.40,1.28,1.36,55594
16-May-12,1.45,1.45,1.29,1.30,104301
15-May-12,1.40,1.43,1.33,1.40,53550
14-May-12,1.45,1.50,1.33,1.34,109347
11-May-12,1.53,1.57,1.42,1.52,115030
10-May-12,1.54,1.59,1.41,1.58,67766
9-May-12,1.45,1.51,1.35,1.51,56018
8-May-12,1.39,1.54,1.38,1.44,196935
7-May-12,1.42,1.43,1.31,1.34,58667
4-May-12,1.42,1.44,1.32,1.41,38729
3-May-12,1.51,1.57,1.38,1.42,53005
2-May-12,1.60,1.61,1.53,1.53,22595
1-May-12,1.62,1.64,1.57,1.61,39300
30-Apr-12,1.63,1.66,1.60,1.63,24400
27-Apr-12,1.65,1.67,1.61,1.67,51598
26-Apr-12,1.65,1.69,1.61,1.69,31818
25-Apr-12,1.63,1.68,1.63,1.68,5171
24-Apr-12,1.66,1.67,1.61,1.67,27899
23-Apr-12,1.64,1.67,1.60,1.67,34953
20-Apr-12,1.66,1.66,1.61,1.66,16388
19-Apr-12,1.65,1.68,1.60,1.68,40356
18-Apr-12,1.68,1.69,1.62,1.66,58003
17-Apr-12,1.65,1.69,1.63,1.69,18980
16-Apr-12,1.70,1.70,1.63,1.64,23982
13-Apr-12,1.69,1.70,1.62,1.63,33436
12-Apr-12,1.62,1.72,1.62,1.69,20080
11-Apr-12,1.64,1.68,1.62,1.62,14758
10-Apr-12,1.70,1.70,1.60,1.65,38523
9-Apr-12,1.65,1.75,1.64,1.75,22143
5-Apr-12,1.69,1.74,1.65,1.65,53224
4-Apr-12,1.71,1.73,1.65,1.66,36612
3-Apr-12,1.72,1.72,1.70,1.70,15650
2-Apr-12,1.71,1.75,1.69,1.70,205879
30-Mar-12,1.71,1.74,1.70,1.72,15735
29-Mar-12,1.71,1.74,1.65,1.70,10115
28-Mar-12,1.69,1.74,1.69,1.70,15950
27-Mar-12,1.73,1.78,1.69,1.69,216297
26-Mar-12,1.76,1.76,1.65,1.71,12171
23-Mar-12,1.70,1.75,1.67,1.70,22525
22-Mar-12,1.71,1.74,1.67,1.70,13790
21-Mar-12,1.71,1.78,1.67,1.71,119900
20-Mar-12,1.73,1.78,1.68,1.72,35800
19-Mar-12,1.69,1.80,1.68,1.70,35383
16-Mar-12,1.78,1.78,1.67,1.71,76396
15-Mar-12,1.79,1.82,1.75,1.76,17450
14-Mar-12,1.80,1.80,1.77,1.79,23481
13-Mar-12,1.76,1.81,1.71,1.77,261600
12-Mar-12,1.83,1.83,1.80,1.83,17600
9-Mar-12,1.81,1.83,1.70,1.83,12625
8-Mar-12,1.77,1.82,1.70,1.80,34960
7-Mar-12,1.77,1.81,1.76,1.78,21311
6-Mar-12,1.66,1.81,1.65,1.81,30132
5-Mar-12,1.66,1.81,1.65,1.66,20014
2-Mar-12,1.70,1.70,1.65,1.70,21312
1-Mar-12,1.70,1.73,1.65,1.72,37631
29-Feb-12,1.78,1.79,1.71,1.71,17698
28-Feb-12,1.77,1.85,1.75,1.84,68218
27-Feb-12,1.79,1.83,1.76,1.83,14905
24-Feb-12,1.80,1.82,1.70,1.77,18828
23-Feb-12,1.70,1.82,1.64,1.82,19365
22-Feb-12,1.68,1.72,1.66,1.72,75277
21-Feb-12,1.71,1.72,1.68,1.68,7104
17-Feb-12,1.72,1.76,1.70,1.72,3800
16-Feb-12,1.68,1.75,1.67,1.74,6000
15-Feb-12,1.67,1.76,1.67,1.73,5150
14-Feb-12,1.71,1.76,1.68,1.74,20709
13-Feb-12,1.73,1.79,1.72,1.76,13815
10-Feb-12,1.72,1.79,1.59,1.69,36705
9-Feb-12,1.70,1.78,1.70,1.72,51189
8-Feb-12,1.78,1.83,1.71,1.74,38679
7-Feb-12,1.79,1.79,1.75,1.76,14643
6-Feb-12,1.87,1.87,1.76,1.80,20250
3-Feb-12,1.80,1.85,1.73,1.85,17363
2-Feb-12,1.84,1.85,1.75,1.80,34948
1-Feb-12,1.75,1.84,1.75,1.84,28947
31-Jan-12,1.86,1.86,1.78,1.79,24561
30-Jan-12,1.76,1.91,1.76,1.91,8116
27-Jan-12,1.81,1.85,1.76,1.80,9422
26-Jan-12,1.85,1.85,1.75,1.81,11811
25-Jan-12,1.85,1.95,1.75,1.89,29691
24-Jan-12,1.78,1.80,1.78,1.80,1540
23-Jan-12,1.83,1.83,1.75,1.76,33184
20-Jan-12,1.84,1.86,1.79,1.85,5433
19-Jan-12,1.85,1.90,1.77,1.86,11243
18-Jan-12,1.90,1.91,1.77,1.85,45856
17-Jan-12,1.89,1.96,1.89,1.91,12449
13-Jan-12,1.92,1.92,1.92,1.92,0
12-Jan-12,1.89,2.00,1.89,1.90,2500
11-Jan-12,1.93,2.01,1.89,1.99,28476
10-Jan-12,1.99,2.09,1.89,1.92,21859
9-Jan-12,1.92,2.02,1.84,1.99,35152
6-Jan-12,1.87,1.98,1.84,1.98,12185
5-Jan-12,1.92,1.93,1.80,1.86,15482
4-Jan-12,1.79,1.99,1.75,1.98,27986
3-Jan-12,2.16,2.16,1.70,1.84,24780
30-Dec-11,1.87,1.87,1.87,1.87,0
29-Dec-11,1.95,1.95,1.93,1.93,2528
28-Dec-11,1.99,1.99,1.95,1.95,7813
27-Dec-11,1.95,1.99,1.95,1.99,2965
23-Dec-11,1.98,1.98,1.98,1.98,0
22-Dec-11,1.98,2.08,1.98,2.07,5948
21-Dec-11,1.91,2.01,1.91,1.95,22654
20-Dec-11,2.00,2.00,1.95,2.00,3800
19-Dec-11,2.03,2.03,1.92,1.96,18400
16-Dec-11,1.98,2.05,1.98,2.05,18795
15-Dec-11,1.97,2.07,1.97,2.01,19181
14-Dec-11,2.13,2.14,1.93,1.96,66827
13-Dec-11,2.10,2.16,2.08,2.12,18681
12-Dec-11,2.14,2.18,2.07,2.08,20973
9-Dec-11,2.17,2.33,2.15,2.15,6500
8-Dec-11,2.24,2.24,2.14,2.15,22005
7-Dec-11,2.25,2.25,2.18,2.23,38261
6-Dec-11,2.27,2.32,2.23,2.23,34966
5-Dec-11,2.25,2.34,2.21,2.27,22535
2-Dec-11,2.27,2.34,2.25,2.25,12793
1-Dec-11,2.19,2.23,2.14,2.23,11638
30-Nov-11,2.24,2.25,2.15,2.24,3661
29-Nov-11,2.14,2.20,2.14,2.20,3216
28-Nov-11,2.22,2.22,2.07,2.18,67900
25-Nov-11,2.17,2.19,2.09,2.16,19045
23-Nov-11,2.17,2.17,2.17,2.17,0
22-Nov-11,2.33,2.33,2.15,2.26,9875
21-Nov-11,2.26,2.27,2.10,2.20,25800
18-Nov-11,2.15,2.37,2.13,2.28,45447
17-Nov-11,2.35,2.45,2.14,2.20,82304
16-Nov-11,2.25,2.45,2.25,2.45,31527
15-Nov-11,2.31,2.49,2.26,2.49,29441
14-Nov-11,2.22,2.32,2.18,2.30,28215
11-Nov-11,2.32,2.32,2.20,2.26,18311
10-Nov-11,2.25,2.31,2.20,2.30,31616
9-Nov-11,2.25,2.29,2.18,2.29,37327
8-Nov-11,2.10,2.28,2.10,2.25,43843
7-Nov-11,2.29,2.29,2.09,2.29,41058
4-Nov-11,2.26,2.29,2.17,2.24,17956
3-Nov-11,2.29,2.29,2.02,2.29,26284
2-Nov-11,2.20,2.20,2.19,2.20,2662
1-Nov-11,2.20,2.27,2.10,2.19,7600
31-Oct-11,2.16,2.28,2.05,2.28,24620
28-Oct-11,2.10,2.32,2.05,2.32,14405
27-Oct-11,2.03,2.10,2.03,2.04,20731
26-Oct-11,2.02,2.13,2.02,2.13,15930
25-Oct-11,2.20,2.20,2.03,2.14,60377
24-Oct-11,2.21,2.34,2.19,2.26,87782
21-Oct-11,2.13,2.28,1.98,2.28,14390
20-Oct-11,1.85,2.34,1.85,2.10,75569
19-Oct-11,2.02,2.02,1.90,1.98,19900
18-Oct-11,1.99,2.05,1.86,2.05,13611
17-Oct-11,1.79,2.00,1.79,2.00,6650
14-Oct-11,1.95,1.95,1.77,1.92,14512
13-Oct-11,1.80,1.95,1.75,1.89,16370
12-Oct-11,1.85,1.87,1.73,1.87,7140
11-Oct-11,1.71,1.85,1.67,1.85,14782
10-Oct-11,1.72,1.85,1.72,1.84,19575
7-Oct-11,1.82,1.84,1.70,1.81,13082
6-Oct-11,1.71,1.88,1.71,1.87,3900
5-Oct-11,1.80,1.80,1.67,1.78,10654
4-Oct-11,1.77,1.84,1.61,1.77,67915
3-Oct-11,1.92,1.92,1.71,1.84,29480
30-Sep-11,1.83,1.90,1.60,1.90,51876
29-Sep-11,1.95,1.95,1.83,1.94,15849
