Date,Open,High,Low,Close,Volume
27-Sep-12,9.75,10.48,9.70,9.85,17334
26-Sep-12,9.71,9.71,9.70,9.70,2200
25-Sep-12,9.78,9.97,9.52,9.74,7268
24-Sep-12,9.51,9.85,9.51,9.85,1309
21-Sep-12,9.80,9.80,9.60,9.60,2993
20-Sep-12,9.85,9.85,9.80,9.80,4501
19-Sep-12,9.75,9.75,9.54,9.75,3500
18-Sep-12,9.87,9.87,9.85,9.87,1371
17-Sep-12,10.03,10.03,9.85,9.85,900
14-Sep-12,10.05,10.05,9.89,9.89,2200
13-Sep-12,9.88,10.04,9.88,10.04,16517
12-Sep-12,9.96,9.83,9.83,9.83,164
11-Sep-12,9.94,9.91,9.91,9.91,100
10-Sep-12,9.90,9.94,9.90,9.94,1400
7-Sep-12,9.82,10.00,9.82,9.98,3223
6-Sep-12,10.00,10.00,9.94,9.94,10592
5-Sep-12,9.90,9.98,9.90,9.98,580
4-Sep-12,9.93,10.00,9.75,9.90,9420
31-Aug-12,9.98,9.98,9.76,9.76,628
30-Aug-12,10.00,10.07,9.90,9.98,3200
29-Aug-12,9.50,10.00,9.42,9.97,4430
28-Aug-12,9.75,9.76,9.70,9.70,970
27-Aug-12,9.51,9.58,9.49,9.55,900
24-Aug-12,10.47,10.47,9.50,9.58,8918
23-Aug-12,10.60,10.60,10.43,10.43,3200
22-Aug-12,10.60,10.60,10.45,10.45,18370
21-Aug-12,10.03,10.70,10.00,10.60,2292
20-Aug-12,10.25,10.25,10.25,10.25,0
17-Aug-12,10.32,10.32,10.25,10.25,200
16-Aug-12,10.40,10.40,10.05,10.40,1922
15-Aug-12,10.40,10.40,10.40,10.40,0
14-Aug-12,10.40,10.40,10.40,10.40,0
13-Aug-12,10.56,10.56,10.14,10.40,1480
10-Aug-12,10.74,10.75,10.74,10.75,1018
9-Aug-12,10.63,10.75,10.63,10.75,892
8-Aug-12,10.71,10.71,10.54,10.70,1000
7-Aug-12,10.75,10.75,10.65,10.65,200
6-Aug-12,10.78,10.80,10.78,10.80,988
3-Aug-12,10.74,10.80,10.56,10.79,655
2-Aug-12,10.51,10.51,10.51,10.51,0
1-Aug-12,10.51,10.51,10.51,10.51,200
31-Jul-12,10.60,10.60,10.60,10.60,0
30-Jul-12,10.57,10.57,10.57,10.57,100
27-Jul-12,10.99,10.99,10.94,10.94,800
26-Jul-12,10.62,10.74,10.61,10.64,700
25-Jul-12,10.88,10.92,10.21,10.70,2088
24-Jul-12,10.87,10.87,10.86,10.86,200
23-Jul-12,10.97,10.97,10.97,10.97,400
20-Jul-12,10.35,10.35,10.35,10.35,0
19-Jul-12,10.34,10.67,10.34,10.43,1775
18-Jul-12,10.75,10.75,10.10,10.22,1500
17-Jul-12,10.49,11.05,10.49,10.70,1800
16-Jul-12,10.37,10.37,10.37,10.37,0
13-Jul-12,10.40,10.40,10.40,10.40,0
12-Jul-12,10.00,10.47,10.00,10.45,2000
11-Jul-12,10.07,10.29,10.06,10.27,5679
10-Jul-12,10.11,10.20,10.10,10.10,850
9-Jul-12,9.89,10.40,9.89,10.06,1653
6-Jul-12,9.80,9.83,9.41,9.80,10783
5-Jul-12,9.70,9.81,9.60,9.75,1853
3-Jul-12,9.71,9.71,9.70,9.70,3300
2-Jul-12,9.67,9.70,9.55,9.70,5506
29-Jun-12,9.39,9.81,9.39,9.75,12350
28-Jun-12,9.58,9.60,9.17,9.25,4256
27-Jun-12,9.60,9.62,9.60,9.62,751
26-Jun-12,9.60,9.60,9.60,9.60,0
25-Jun-12,9.74,9.75,9.60,9.60,1400
22-Jun-12,9.60,9.60,9.60,9.60,15746
21-Jun-12,9.84,9.84,9.81,9.81,3100
20-Jun-12,9.83,9.84,9.62,9.84,600
19-Jun-12,9.59,9.80,9.55,9.80,995
18-Jun-12,9.80,9.80,9.50,9.50,514
15-Jun-12,9.79,9.83,9.62,9.83,961
14-Jun-12,9.65,9.80,9.62,9.77,2200
13-Jun-12,9.73,9.88,9.01,9.88,9830
12-Jun-12,9.40,9.90,9.40,9.78,8100
11-Jun-12,9.73,9.83,9.17,9.39,5209
8-Jun-12,9.77,9.85,9.50,9.84,2399
7-Jun-12,9.78,9.83,9.35,9.83,2785
6-Jun-12,9.76,9.80,9.76,9.80,3916
5-Jun-12,9.72,9.80,9.54,9.77,4536
4-Jun-12,9.78,9.85,8.50,9.77,8340
1-Jun-12,9.41,9.85,9.21,9.60,4363
31-May-12,9.54,9.75,9.50,9.75,1496
30-May-12,9.89,9.89,9.84,9.85,800
29-May-12,9.66,10.00,9.66,10.00,1000
25-May-12,9.75,9.75,9.50,9.74,531
24-May-12,9.81,10.00,9.75,9.75,12000
23-May-12,9.60,9.75,9.60,9.75,250
22-May-12,9.80,9.85,9.72,9.72,900
21-May-12,9.75,9.77,9.75,9.77,331
18-May-12,9.74,9.74,9.74,9.74,999
17-May-12,9.75,9.75,9.75,9.75,100
16-May-12,9.84,9.84,9.75,9.75,205
15-May-12,9.95,9.95,9.95,9.95,200
14-May-12,9.99,9.99,9.62,9.64,400
11-May-12,9.76,10.00,9.65,9.75,10901
10-May-12,9.77,9.99,9.63,9.75,17532
9-May-12,9.90,10.00,9.75,9.93,3735
8-May-12,10.03,10.16,10.00,10.10,1700
7-May-12,10.34,10.79,10.00,10.30,3840
4-May-12,10.00,10.00,10.00,10.00,0
3-May-12,10.03,10.03,10.00,10.00,1300
2-May-12,10.30,10.30,10.30,10.30,0
1-May-12,10.36,10.36,10.30,10.30,200
30-Apr-12,10.03,10.33,10.03,10.25,750
27-Apr-12,10.02,10.17,10.00,10.15,505
26-Apr-12,10.33,10.33,10.33,10.33,600
25-Apr-12,10.36,10.36,10.29,10.29,300
24-Apr-12,10.22,10.22,10.22,10.22,100
23-Apr-12,10.24,10.25,10.21,10.21,707
20-Apr-12,10.34,10.50,10.25,10.45,2500
19-Apr-12,10.28,10.28,10.28,10.28,0
18-Apr-12,10.08,10.45,10.08,10.45,10600
17-Apr-12,10.35,10.35,10.35,10.35,100
16-Apr-12,10.33,10.33,10.33,10.33,0
13-Apr-12,10.33,10.33,10.33,10.33,0
12-Apr-12,10.43,10.57,10.01,10.33,1100
11-Apr-12,10.42,10.42,10.42,10.42,100
10-Apr-12,10.78,10.78,9.60,10.41,5280
9-Apr-12,10.15,10.90,10.15,10.82,400
5-Apr-12,10.20,10.20,10.20,10.20,0
4-Apr-12,10.03,10.21,10.03,10.20,300
3-Apr-12,10.02,10.41,9.87,10.02,5502
2-Apr-12,10.02,10.02,10.02,10.02,100
30-Mar-12,10.63,10.65,10.25,10.25,1100
29-Mar-12,10.60,10.60,10.31,10.31,737
28-Mar-12,10.61,10.61,10.21,10.35,2279
27-Mar-12,10.38,10.70,10.11,10.69,998
26-Mar-12,10.80,10.90,9.85,10.52,2099
23-Mar-12,10.78,10.90,10.03,10.90,2950
22-Mar-12,10.71,10.90,10.36,10.90,179185
21-Mar-12,10.56,10.90,10.52,10.83,600
20-Mar-12,10.88,10.90,10.49,10.50,1619
19-Mar-12,10.74,11.00,10.55,10.90,20520
16-Mar-12,10.60,10.75,10.36,10.75,1402
15-Mar-12,10.34,10.90,10.10,10.62,6543
14-Mar-12,10.29,10.34,10.29,10.34,400
13-Mar-12,10.19,10.34,10.19,10.25,2300
12-Mar-12,10.20,10.20,9.64,10.20,900
9-Mar-12,10.16,10.28,10.11,10.28,3697
8-Mar-12,10.13,10.17,10.13,10.17,900
7-Mar-12,10.15,10.15,10.00,10.14,3192
6-Mar-12,10.04,10.14,10.02,10.13,5600
5-Mar-12,9.75,10.09,9.70,10.00,2200
2-Mar-12,10.26,10.28,10.01,10.05,8833
1-Mar-12,10.30,10.30,10.25,10.25,520
29-Feb-12,10.26,10.50,10.26,10.33,3200
28-Feb-12,10.27,10.27,10.27,10.27,150
27-Feb-12,10.65,10.65,10.25,10.47,4271
24-Feb-12,10.67,10.77,10.56,10.68,2000
23-Feb-12,10.62,10.68,10.62,10.67,1619
22-Feb-12,10.78,10.79,10.28,10.70,700
21-Feb-12,10.54,11.25,10.51,10.74,67147
17-Feb-12,10.50,10.58,10.50,10.58,272
16-Feb-12,11.04,11.04,11.04,11.04,0
15-Feb-12,11.10,11.10,11.07,11.07,400
14-Feb-12,10.92,10.97,10.81,10.97,1005
13-Feb-12,10.64,11.03,10.64,11.00,13218
10-Feb-12,11.00,11.00,10.26,10.72,900
9-Feb-12,11.92,11.92,10.06,10.68,1800
8-Feb-12,10.44,10.50,10.30,10.50,4498
7-Feb-12,10.15,10.15,10.15,10.15,200
6-Feb-12,9.94,10.13,9.94,10.13,462
3-Feb-12,10.00,10.12,9.60,10.12,6237
2-Feb-12,9.99,9.99,9.99,9.99,0
1-Feb-12,10.00,10.00,10.00,10.00,0
31-Jan-12,10.18,10.18,9.75,9.96,4636
30-Jan-12,10.13,10.13,9.92,10.08,1740
27-Jan-12,10.01,10.47,9.76,10.34,3085
26-Jan-12,10.16,10.48,10.16,10.20,1900
25-Jan-12,10.19,10.19,9.83,10.13,2878
24-Jan-12,9.75,10.29,9.50,10.01,9000
23-Jan-12,10.01,10.35,9.68,9.72,7055
20-Jan-12,9.55,10.00,9.55,10.00,3800
19-Jan-12,9.78,10.00,9.29,9.38,4799
18-Jan-12,10.39,10.39,9.68,9.68,5904
17-Jan-12,9.68,10.90,9.40,10.39,11291
13-Jan-12,9.59,9.59,9.59,9.59,0
12-Jan-12,9.30,10.00,9.30,9.75,15281
11-Jan-12,9.30,9.31,9.29,9.29,3456
9-Jan-12,9.60,9.60,9.60,9.60,0
6-Jan-12,9.29,9.29,9.29,9.29,0
4-Jan-12,9.21,9.21,9.21,9.21,0
3-Jan-12,9.50,9.60,9.25,9.40,900
30-Dec-11,9.46,9.46,9.46,9.46,0
29-Dec-11,9.33,9.33,9.33,9.33,200
28-Dec-11,9.60,9.60,9.60,9.60,0
27-Dec-11,9.16,9.69,9.16,9.60,2828
23-Dec-11,9.44,9.44,9.44,9.44,0
22-Dec-11,9.27,9.48,9.25,9.34,2440
21-Dec-11,9.27,9.38,9.06,9.25,2794
20-Dec-11,9.28,9.50,9.25,9.31,5790
19-Dec-11,9.38,9.38,9.12,9.20,2300
16-Dec-11,9.25,9.40,9.01,9.28,4640
15-Dec-11,9.35,9.40,9.31,9.32,11352
14-Dec-11,9.32,9.32,9.28,9.32,3636
13-Dec-11,9.49,9.32,9.32,9.32,0
12-Dec-11,9.50,9.50,9.50,9.50,0
9-Dec-11,9.50,9.50,9.25,9.29,12240
8-Dec-11,9.50,9.74,9.26,9.31,2611
7-Dec-11,9.27,9.46,9.26,9.36,11664
6-Dec-11,9.65,9.65,9.26,9.50,18349
5-Dec-11,10.00,10.00,9.33,9.40,5300
2-Dec-11,10.10,10.37,10.03,10.03,8305
1-Dec-11,10.66,10.70,10.65,10.65,5500
30-Nov-11,11.42,11.42,11.00,11.00,3000
29-Nov-11,11.11,11.11,11.03,11.04,800
28-Nov-11,11.03,11.05,11.03,11.05,550
23-Nov-11,11.34,11.34,11.34,11.34,0
21-Nov-11,11.46,11.46,11.46,11.46,0
18-Nov-11,11.00,11.19,11.00,11.06,2300
17-Nov-11,11.07,11.07,11.07,11.07,250
16-Nov-11,11.04,11.14,11.00,11.12,1838
15-Nov-11,11.12,11.19,11.12,11.19,200
14-Nov-11,11.25,11.57,11.25,11.39,1045
11-Nov-11,11.64,11.64,11.24,11.24,1036
10-Nov-11,11.35,11.72,11.33,11.63,774
9-Nov-11,11.99,11.99,11.75,11.75,842
8-Nov-11,11.21,11.61,11.20,11.61,400
7-Nov-11,11.27,11.59,11.22,11.53,925
1-Nov-11,11.99,11.99,11.99,11.99,0
31-Oct-11,11.76,11.76,11.49,11.75,652
28-Oct-11,11.97,12.00,11.97,12.00,1686
27-Oct-11,11.45,12.73,10.92,12.22,6004
26-Oct-11,11.22,11.36,11.20,11.36,8900
25-Oct-11,11.10,11.13,11.05,11.10,6594
24-Oct-11,10.44,11.09,10.44,10.99,731
21-Oct-11,11.00,11.19,11.00,11.19,7700
20-Oct-11,11.19,11.19,11.11,11.14,5839
19-Oct-11,10.48,11.19,10.48,11.19,5000
18-Oct-11,11.08,11.29,11.08,11.11,1630
17-Oct-11,11.18,11.43,10.87,11.39,900
14-Oct-11,11.30,11.30,11.14,11.28,10067
13-Oct-11,11.20,11.29,11.07,11.29,8400
12-Oct-11,11.30,11.30,11.24,11.24,2590
11-Oct-11,11.20,11.30,11.20,11.29,1907
10-Oct-11,11.42,11.42,11.23,11.23,200
7-Oct-11,11.23,11.23,11.20,11.20,5300
6-Oct-11,11.14,11.14,11.08,11.08,200
5-Oct-11,11.30,11.39,11.04,11.12,800
4-Oct-11,11.10,11.41,11.10,11.41,700
3-Oct-11,11.08,11.12,11.04,11.09,9821
30-Sep-11,11.32,11.39,10.90,11.39,1300
29-Sep-11,11.31,11.37,11.18,11.37,500
