Date,Open,High,Low,Close,Volume
27-Sep-12,59.68,59.79,59.59,59.79,5337
26-Sep-12,58.34,58.65,58.22,58.34,5851
25-Sep-12,57.75,57.75,57.37,57.37,6920
24-Sep-12,56.47,56.66,56.33,56.62,12960
21-Sep-12,56.34,56.39,56.27,56.27,1200
20-Sep-12,55.84,55.84,55.66,55.78,900
19-Sep-12,55.52,55.62,55.41,55.62,660
18-Sep-12,55.00,55.07,54.66,54.66,1463
17-Sep-12,55.23,55.26,55.11,55.11,319
14-Sep-12,55.66,55.66,55.40,55.40,152
13-Sep-12,56.11,56.64,56.11,56.64,1977
12-Sep-12,56.11,56.12,55.85,55.85,2371
11-Sep-12,55.08,55.15,55.07,55.07,869
10-Sep-12,54.85,54.87,54.56,54.56,500
7-Sep-12,54.45,54.99,54.45,54.74,8122
6-Sep-12,54.34,54.80,54.34,54.55,17709
5-Sep-12,54.91,54.91,54.60,54.82,3876
4-Sep-12,55.19,55.30,54.34,54.96,25288
31-Aug-12,55.86,55.97,55.72,55.91,9815
30-Aug-12,56.33,56.33,55.81,55.81,7744
29-Aug-12,56.89,56.93,56.62,56.71,2328
28-Aug-12,56.96,57.07,56.88,57.01,2828
27-Aug-12,57.29,57.39,56.76,56.82,7069
24-Aug-12,58.32,58.55,58.17,58.20,3724
23-Aug-12,58.59,58.78,58.51,58.56,6443
22-Aug-12,58.36,58.74,58.27,58.63,9770
21-Aug-12,58.90,58.93,58.74,58.84,5587
20-Aug-12,58.44,58.51,58.36,58.47,3479
17-Aug-12,58.70,58.70,58.39,58.52,4778
16-Aug-12,59.12,59.12,58.94,58.94,4015
15-Aug-12,59.37,59.47,59.25,59.25,4680
14-Aug-12,59.40,59.54,59.30,59.30,5227
13-Aug-12,59.04,59.04,58.63,58.63,7021
10-Aug-12,58.64,58.91,58.64,58.87,4485
9-Aug-12,58.16,58.35,57.95,58.23,5402
8-Aug-12,58.45,58.65,58.39,58.45,4234
7-Aug-12,58.60,58.67,58.41,58.45,9370
6-Aug-12,58.12,58.38,57.23,58.23,5902
3-Aug-12,57.46,57.74,57.28,57.28,10618
2-Aug-12,58.20,58.26,57.73,58.01,7429
1-Aug-12,59.64,59.64,59.14,59.14,6389
31-Jul-12,59.46,59.72,59.22,59.41,8342
30-Jul-12,58.00,58.25,57.88,57.89,7659
27-Jul-12,57.88,57.93,57.75,57.92,4367
26-Jul-12,57.35,57.39,57.14,57.24,9958
25-Jul-12,55.79,55.96,55.49,55.96,6952
24-Jul-12,55.37,55.50,55.03,55.39,15039
23-Jul-12,54.59,54.88,54.48,54.68,5378
20-Jul-12,55.25,55.25,54.71,54.86,6512
19-Jul-12,55.83,56.12,55.73,55.76,13272
18-Jul-12,55.75,56.05,55.55,55.85,6595
17-Jul-12,56.56,56.56,56.05,56.42,7171
16-Jul-12,56.77,57.03,56.64,56.64,7957
13-Jul-12,56.41,56.97,56.41,56.97,6348
12-Jul-12,56.66,56.74,56.28,56.70,4521
11-Jul-12,57.65,57.65,57.13,57.54,4235
10-Jul-12,58.26,58.31,57.71,57.73,5223
9-Jul-12,58.42,58.42,57.96,58.26,3990
6-Jul-12,58.11,58.34,57.80,58.31,7724
5-Jul-12,58.88,58.95,58.56,58.66,5321
3-Jul-12,58.77,59.12,58.77,58.91,2526
2-Jul-12,58.99,59.04,58.57,58.59,17366
29-Jun-12,59.33,59.45,58.96,59.10,12676
28-Jun-12,58.68,58.78,58.39,58.78,10390
27-Jun-12,58.62,58.85,58.56,58.71,10953
26-Jun-12,57.22,57.42,56.94,57.10,17504
25-Jun-12,56.90,56.94,56.55,56.88,6116
22-Jun-12,56.79,56.79,56.09,56.59,15677
21-Jun-12,57.51,58.23,56.38,56.38,11075
20-Jun-12,57.61,57.84,57.24,57.69,10797
19-Jun-12,57.45,57.65,57.33,57.48,25907
18-Jun-12,57.24,57.48,57.07,57.32,15703
15-Jun-12,56.67,57.01,56.60,57.01,40404
14-Jun-12,56.20,56.70,56.12,56.39,11846
13-Jun-12,56.04,56.44,55.55,55.71,9479
12-Jun-12,56.47,56.71,56.01,56.41,8872
11-Jun-12,56.03,56.09,55.52,55.70,9797
8-Jun-12,55.57,55.67,55.05,55.41,18294
7-Jun-12,56.94,57.09,56.00,56.42,15361
6-Jun-12,56.38,57.06,56.31,56.81,15539
5-Jun-12,56.18,56.63,55.88,56.52,39074
4-Jun-12,56.21,56.43,55.68,55.78,18983
1-Jun-12,55.58,56.15,54.96,55.10,30378
31-May-12,56.06,56.30,55.69,56.13,36463
30-May-12,54.87,55.00,54.45,54.59,13037
29-May-12,54.92,55.35,54.69,55.06,13242
25-May-12,54.80,55.09,54.61,54.95,16387
24-May-12,54.60,54.94,54.30,54.75,27743
23-May-12,54.33,54.63,54.00,54.51,19000
22-May-12,54.17,54.69,54.03,54.03,15031
21-May-12,53.52,54.44,53.52,54.44,18430
18-May-12,53.42,53.42,52.79,52.93,23937
17-May-12,53.19,53.40,53.00,53.11,11537
16-May-12,53.02,53.97,53.02,53.83,16345
15-May-12,51.61,53.04,51.61,52.23,13645
14-May-12,53.96,53.96,52.95,53.58,42992
11-May-12,55.12,55.18,54.56,54.84,24245
10-May-12,56.19,56.20,55.63,55.66,22916
9-May-12,55.46,56.22,55.46,56.16,12029
8-May-12,56.44,56.44,55.73,56.25,12449
7-May-12,56.30,56.59,56.06,56.38,20783
4-May-12,55.66,56.27,55.66,56.27,26734
3-May-12,56.00,56.32,55.75,55.86,21466
2-May-12,56.50,56.95,56.05,56.25,20895
1-May-12,56.91,56.93,56.54,56.65,18413
30-Apr-12,56.80,57.34,56.80,57.19,16929
27-Apr-12,57.38,57.38,56.75,56.96,15735
26-Apr-12,57.51,58.12,57.18,57.78,30367
25-Apr-12,56.61,57.56,56.61,57.56,22674
24-Apr-12,56.02,56.61,56.02,56.08,18804
23-Apr-12,55.06,55.40,54.98,55.37,11552
20-Apr-12,55.24,55.36,54.64,55.00,37146
19-Apr-12,55.16,55.35,54.66,54.93,17385
18-Apr-12,55.71,56.02,55.59,55.93,18921
17-Apr-12,56.04,57.51,56.01,57.21,22158
16-Apr-12,57.18,57.30,56.81,57.11,13743
13-Apr-12,56.22,56.85,56.22,56.61,14732
12-Apr-12,56.32,57.24,56.32,57.19,14438
11-Apr-12,56.55,56.89,56.43,56.58,16945
10-Apr-12,56.50,56.88,56.02,56.33,12985
9-Apr-12,56.01,57.29,56.01,57.06,15050
5-Apr-12,56.50,56.78,55.72,56.66,22262
4-Apr-12,56.85,56.85,56.28,56.76,17220
3-Apr-12,58.50,58.50,57.43,57.87,12338
2-Apr-12,58.03,59.05,58.03,58.95,15397
30-Mar-12,59.65,59.70,58.73,58.73,17041
29-Mar-12,58.39,58.39,57.90,58.37,17655
28-Mar-12,57.20,58.14,56.50,57.65,32461
27-Mar-12,58.13,58.13,57.31,57.46,10116
26-Mar-12,59.68,59.76,59.29,59.67,16426
23-Mar-12,59.26,64.14,59.26,59.91,17909
22-Mar-12,58.97,59.67,58.97,59.35,17124
21-Mar-12,58.55,59.21,58.55,59.02,21422
20-Mar-12,59.01,59.35,58.92,59.25,6897
19-Mar-12,59.50,59.78,59.40,59.74,9792
16-Mar-12,59.01,59.82,59.01,59.27,13071
15-Mar-12,59.54,59.83,59.27,59.49,15868
14-Mar-12,59.99,60.08,59.48,59.48,5192
13-Mar-12,60.84,61.01,60.70,61.01,2786
12-Mar-12,61.37,61.37,61.02,61.05,1986
9-Mar-12,61.87,61.87,61.40,61.60,1725
8-Mar-12,62.52,62.52,62.16,62.32,6040
7-Mar-12,62.80,62.86,62.30,62.86,3125
6-Mar-12,62.27,62.60,62.00,62.54,5208
5-Mar-12,62.72,62.97,62.50,62.85,3034
2-Mar-12,62.83,63.38,62.16,62.75,5725
1-Mar-12,63.05,63.61,63.05,63.61,4293
29-Feb-12,62.92,63.04,62.51,62.68,5276
28-Feb-12,63.17,63.62,62.98,63.31,6719
27-Feb-12,61.80,62.25,61.80,62.25,2888
24-Feb-12,62.70,62.70,62.23,62.40,5759
23-Feb-12,62.52,63.18,62.52,63.18,3971
22-Feb-12,62.29,62.42,62.27,62.27,1656
21-Feb-12,62.92,62.92,62.05,62.13,7461
17-Feb-12,63.57,63.57,62.80,62.96,4132
16-Feb-12,63.83,63.97,63.41,63.90,11041
15-Feb-12,64.71,64.71,64.18,64.61,1961
14-Feb-12,64.09,64.13,63.50,64.13,3729
13-Feb-12,64.33,64.70,64.26,64.40,2363
10-Feb-12,63.88,64.16,63.88,64.14,2911
9-Feb-12,64.18,64.55,64.05,64.39,4290
8-Feb-12,64.20,64.20,63.62,64.02,6576
7-Feb-12,64.44,64.45,63.92,64.05,4201
6-Feb-12,64.03,64.49,63.91,63.99,3092
3-Feb-12,64.37,64.49,64.19,64.21,2690
2-Feb-12,64.05,65.19,64.05,64.60,13272
1-Feb-12,64.48,64.49,64.12,64.23,2122
31-Jan-12,65.71,65.71,64.54,64.61,5373
30-Jan-12,64.02,64.59,63.80,64.44,7568
27-Jan-12,63.51,64.01,63.32,63.59,14972
26-Jan-12,62.82,63.09,62.53,63.06,6940
25-Jan-12,61.99,63.00,61.99,62.90,21618
24-Jan-12,62.17,62.27,61.79,62.22,20487
23-Jan-12,63.00,63.68,63.00,63.26,21715
20-Jan-12,62.50,63.00,62.49,62.92,21961
19-Jan-12,61.87,61.87,61.60,61.71,13172
18-Jan-12,62.17,62.44,61.88,62.41,19961
17-Jan-12,62.23,62.30,61.96,62.26,15389
13-Jan-12,62.50,62.50,62.50,62.50,0
12-Jan-12,62.24,62.78,61.83,62.36,20974
11-Jan-12,63.24,63.24,62.37,62.60,28321
10-Jan-12,63.39,63.40,62.58,63.01,15824
9-Jan-12,64.26,64.26,63.00,63.50,30315
6-Jan-12,64.23,64.23,63.25,63.56,8198
5-Jan-12,65.37,65.59,64.84,64.84,10762
4-Jan-12,66.80,67.20,66.50,67.12,6530
3-Jan-12,66.56,67.32,66.56,66.92,9436
30-Dec-11,65.64,65.64,65.64,65.64,0
29-Dec-11,63.61,64.61,63.53,64.56,9864
28-Dec-11,63.47,63.58,62.71,63.26,13391
27-Dec-11,64.40,64.40,63.25,63.52,11389
23-Dec-11,64.63,64.63,64.63,64.63,0
22-Dec-11,63.62,64.18,63.06,63.91,9335
21-Dec-11,63.59,63.77,63.14,63.53,15924
20-Dec-11,63.88,64.34,63.18,64.34,25366
19-Dec-11,63.85,63.85,62.68,62.68,8775
16-Dec-11,64.53,64.64,63.00,63.43,20258
15-Dec-11,65.67,65.67,65.00,65.30,12860
14-Dec-11,65.54,66.07,65.41,65.63,12076
13-Dec-11,66.37,66.67,65.56,65.83,6967
12-Dec-11,66.12,66.86,65.77,66.45,13481
9-Dec-11,65.25,66.47,65.25,66.28,13062
8-Dec-11,65.19,65.57,64.29,64.42,11823
7-Dec-11,64.50,65.05,64.50,65.01,7358
6-Dec-11,64.59,64.59,63.85,64.02,23234
5-Dec-11,65.35,65.35,64.45,64.85,7410
2-Dec-11,64.90,65.10,63.80,63.89,13329
1-Dec-11,64.53,65.38,64.53,65.16,10524
30-Nov-11,64.69,65.22,64.57,64.80,11965
29-Nov-11,63.62,63.62,63.04,63.14,5192
28-Nov-11,63.38,64.05,63.33,63.43,7490
25-Nov-11,63.38,63.38,61.70,61.70,6295
23-Nov-11,64.00,64.00,64.00,64.00,0
22-Nov-11,64.45,65.32,64.45,64.80,14686
21-Nov-11,62.15,62.92,62.15,62.50,4090
18-Nov-11,62.18,63.50,62.18,62.82,13374
17-Nov-11,61.34,62.04,60.76,61.21,8107
16-Nov-11,61.10,62.33,61.10,61.26,7186
15-Nov-11,61.01,61.96,61.01,61.44,8833
14-Nov-11,62.03,62.03,61.19,61.23,6858
11-Nov-11,61.32,62.22,61.32,61.77,10055
10-Nov-11,60.10,61.67,60.10,61.05,13936
9-Nov-11,60.96,60.96,60.01,60.03,3863
8-Nov-11,60.57,60.64,60.22,60.44,5999
7-Nov-11,60.52,60.95,59.96,60.69,5921
4-Nov-11,60.59,60.59,60.03,60.07,4248
3-Nov-11,61.17,61.53,61.00,61.35,8649
2-Nov-11,60.01,60.65,60.01,60.04,5672
1-Nov-11,59.75,60.54,59.75,59.96,4607
31-Oct-11,59.99,59.99,58.57,58.57,6356
28-Oct-11,61.80,61.90,60.21,61.59,5948
27-Oct-11,62.48,62.95,62.35,62.65,7726
26-Oct-11,61.00,61.86,61.00,61.76,5455
25-Oct-11,59.51,59.65,58.68,58.68,4584
24-Oct-11,60.10,60.10,59.25,59.25,6198
21-Oct-11,60.57,60.77,59.80,60.06,11642
20-Oct-11,59.87,60.08,59.87,59.94,3440
19-Oct-11,60.38,60.83,60.01,60.07,6096
18-Oct-11,59.81,60.81,59.81,60.73,12247
17-Oct-11,59.51,60.14,59.35,59.46,4969
14-Oct-11,59.20,60.12,59.01,59.50,7249
13-Oct-11,60.29,60.61,59.04,59.14,6489
12-Oct-11,62.10,62.10,59.83,61.36,7639
11-Oct-11,62.33,62.50,62.10,62.50,1822
10-Oct-11,62.18,63.28,62.18,63.00,10356
7-Oct-11,62.01,63.20,61.64,61.75,14260
6-Oct-11,62.94,63.00,62.71,63.00,1871
5-Oct-11,61.81,62.95,61.81,62.40,3038
4-Oct-11,62.46,62.46,61.28,62.21,10890
3-Oct-11,63.25,64.37,63.03,63.03,8349
30-Sep-11,63.48,64.00,63.00,63.00,7893
29-Sep-11,64.58,64.96,63.52,64.09,13533
