Date,Open,High,Low,Close,Volume
26-Sep-12,7.86,8.01,7.77,7.97,116663
25-Sep-12,7.56,7.90,7.51,7.85,252533
24-Sep-12,7.42,7.52,7.41,7.50,61503
21-Sep-12,7.59,7.59,7.44,7.44,89243
20-Sep-12,7.38,7.64,7.38,7.49,18278
19-Sep-12,7.29,7.40,7.27,7.40,23209
18-Sep-12,7.49,7.50,7.28,7.32,19515
17-Sep-12,7.40,7.53,7.35,7.47,45281
14-Sep-12,7.48,7.52,7.35,7.47,19558
13-Sep-12,7.54,7.54,7.33,7.43,30778
12-Sep-12,7.30,7.54,7.27,7.51,20930
11-Sep-12,7.24,7.37,7.24,7.34,35208
10-Sep-12,7.40,7.44,7.23,7.27,13053
7-Sep-12,7.35,7.50,7.34,7.43,206492
6-Sep-12,7.26,7.40,7.20,7.36,79685
5-Sep-12,7.16,7.30,7.07,7.20,204083
4-Sep-12,7.31,7.31,7.10,7.20,158323
31-Aug-12,7.25,7.35,7.20,7.31,111994
30-Aug-12,7.24,7.30,7.15,7.24,104988
29-Aug-12,7.34,7.44,7.15,7.24,92379
28-Aug-12,7.48,7.60,7.27,7.31,80614
27-Aug-12,7.25,7.51,7.20,7.50,156387
24-Aug-12,7.07,7.30,7.04,7.24,79658
23-Aug-12,7.06,7.14,6.95,7.11,307619
22-Aug-12,6.95,7.00,6.79,6.79,96808
21-Aug-12,6.79,7.01,6.78,6.98,110601
20-Aug-12,6.77,6.90,6.77,6.79,51323
17-Aug-12,6.90,6.94,6.78,6.81,123375
16-Aug-12,6.80,6.95,6.79,6.89,193680
15-Aug-12,6.94,6.97,6.76,6.80,199876
14-Aug-12,6.98,7.07,6.93,7.02,193100
13-Aug-12,6.89,6.98,6.71,6.97,108219
10-Aug-12,6.87,6.94,6.56,6.88,243597
9-Aug-12,7.19,7.32,6.51,6.77,1113290
8-Aug-12,9.49,9.49,8.76,9.00,69113
7-Aug-12,9.64,9.65,9.43,9.51,84078
6-Aug-12,9.17,9.71,9.17,9.63,81735
3-Aug-12,9.16,9.56,9.01,9.19,95991
2-Aug-12,8.86,9.29,8.86,9.09,161743
1-Aug-12,8.61,9.00,8.61,8.90,86719
31-Jul-12,8.88,8.88,8.56,8.59,170412
30-Jul-12,8.92,8.99,8.59,8.91,103974
27-Jul-12,8.79,9.08,8.70,8.93,128756
26-Jul-12,8.87,9.06,8.68,8.75,109226
25-Jul-12,9.04,9.05,8.65,8.72,114886
24-Jul-12,9.49,9.54,8.86,8.95,102332
23-Jul-12,9.74,9.74,9.34,9.49,65487
20-Jul-12,10.09,10.09,9.81,9.88,51930
19-Jul-12,10.77,10.77,10.02,10.16,99252
18-Jul-12,10.12,10.74,10.08,10.71,117730
17-Jul-12,10.93,10.93,10.04,10.08,128944
16-Jul-12,10.85,11.00,10.78,10.92,25203
13-Jul-12,11.00,11.10,10.87,10.91,81442
12-Jul-12,10.89,11.13,10.73,11.00,107909
11-Jul-12,11.13,11.17,10.81,10.98,87126
10-Jul-12,11.45,11.48,11.11,11.14,86314
9-Jul-12,11.34,11.55,11.13,11.46,83008
6-Jul-12,11.53,11.55,11.29,11.39,55879
5-Jul-12,11.40,11.69,11.25,11.65,75214
3-Jul-12,11.60,11.72,11.26,11.39,124655
2-Jul-12,11.65,11.78,11.13,11.68,186081
29-Jun-12,11.37,11.68,11.25,11.62,171262
28-Jun-12,10.94,11.20,10.81,11.12,152578
27-Jun-12,10.95,11.19,10.95,11.05,106867
26-Jun-12,11.02,11.18,10.91,10.95,80217
25-Jun-12,11.16,11.17,10.63,10.99,163619
22-Jun-12,10.98,11.41,10.92,11.26,1532367
21-Jun-12,11.22,11.30,10.89,10.92,166878
20-Jun-12,11.33,11.35,11.07,11.17,178361
19-Jun-12,11.22,11.38,11.12,11.37,205833
18-Jun-12,11.15,11.48,10.96,11.22,453372
15-Jun-12,10.73,10.96,10.73,10.90,104276
14-Jun-12,11.37,11.37,10.69,10.77,168718
13-Jun-12,10.71,11.50,10.70,11.32,267736
12-Jun-12,9.92,10.77,9.54,10.67,189214
11-Jun-12,10.09,10.26,9.83,9.95,141537
8-Jun-12,9.83,10.03,9.44,9.99,46177
7-Jun-12,9.99,10.09,9.63,9.89,74103
6-Jun-12,9.41,9.85,9.41,9.85,68956
5-Jun-12,9.43,9.70,9.22,9.43,75002
4-Jun-12,9.54,9.99,9.18,9.44,101329
1-Jun-12,9.51,9.66,9.36,9.49,86273
31-May-12,9.82,9.82,9.36,9.58,181314
30-May-12,9.90,9.99,9.54,9.80,156811
29-May-12,9.75,10.09,9.70,9.99,79762
25-May-12,9.46,9.67,9.37,9.64,37423
24-May-12,9.71,9.71,9.44,9.50,43124
23-May-12,9.52,9.75,9.30,9.68,111494
22-May-12,9.92,9.95,9.49,9.62,235207
21-May-12,10.08,10.14,9.86,9.98,187971
18-May-12,10.17,10.37,10.00,10.05,128627
17-May-12,10.29,10.37,9.92,10.20,118757
16-May-12,10.23,10.52,10.16,10.32,68832
15-May-12,9.82,10.57,9.82,10.24,57888
14-May-12,9.89,9.98,9.74,9.89,104152
11-May-12,10.02,10.14,9.76,9.93,65108
10-May-12,9.94,10.12,9.76,10.07,155885
9-May-12,10.25,10.35,9.85,9.90,57512
8-May-12,10.41,10.43,10.07,10.36,81924
7-May-12,10.67,10.75,10.40,10.48,95073
4-May-12,9.85,10.71,9.76,10.68,183902
3-May-12,10.65,11.46,9.80,9.80,294539
2-May-12,10.41,10.71,10.25,10.70,56863
1-May-12,10.49,10.76,10.13,10.50,63519
30-Apr-12,10.45,10.74,10.35,10.53,79069
27-Apr-12,10.05,10.61,10.01,10.39,58403
26-Apr-12,9.98,10.12,9.85,10.04,159099
25-Apr-12,10.41,10.63,9.99,10.02,107954
24-Apr-12,10.50,10.52,10.12,10.37,120330
23-Apr-12,10.39,10.58,9.99,10.54,91583
20-Apr-12,10.98,10.98,10.03,10.48,239128
19-Apr-12,11.09,11.43,10.82,10.86,111885
18-Apr-12,11.32,11.34,10.94,11.07,465963
17-Apr-12,11.41,11.44,10.99,11.36,43014
16-Apr-12,11.47,11.47,11.28,11.37,51172
13-Apr-12,11.55,11.55,11.18,11.39,36126
12-Apr-12,10.99,11.62,10.95,11.57,116041
11-Apr-12,11.03,11.42,11.00,11.34,51944
10-Apr-12,11.08,11.19,10.90,11.04,170137
9-Apr-12,10.80,11.14,10.80,11.11,70754
5-Apr-12,11.10,11.26,10.94,11.09,104400
4-Apr-12,11.54,11.54,11.01,11.17,87885
3-Apr-12,11.90,12.31,11.64,11.66,78174
2-Apr-12,12.03,12.21,10.51,12.19,632502
30-Mar-12,13.18,13.18,12.01,12.10,141427
29-Mar-12,13.00,13.25,12.90,13.15,159193
28-Mar-12,13.00,13.06,12.77,12.99,169169
27-Mar-12,12.65,13.22,12.62,13.01,253526
26-Mar-12,12.63,12.96,12.31,12.67,215478
23-Mar-12,11.29,12.52,11.15,12.50,689519
22-Mar-12,10.97,11.38,10.93,11.33,121715
21-Mar-12,10.68,11.23,10.68,11.07,119567
20-Mar-12,11.41,11.41,10.63,10.70,105154
19-Mar-12,11.50,11.67,11.40,11.42,66014
16-Mar-12,11.47,11.50,11.16,11.46,80205
15-Mar-12,11.03,11.47,10.98,11.43,80169
14-Mar-12,10.99,11.08,10.86,11.02,96153
13-Mar-12,10.80,10.99,10.80,10.99,103648
12-Mar-12,10.95,10.95,10.51,10.73,254232
9-Mar-12,10.77,10.99,10.75,10.92,109032
8-Mar-12,10.65,10.84,10.52,10.79,203801
7-Mar-12,9.97,10.64,9.88,10.60,321716
6-Mar-12,9.65,9.98,9.60,9.95,177252
5-Mar-12,9.49,9.80,9.38,9.74,114889
2-Mar-12,9.64,9.80,9.42,9.53,73888
1-Mar-12,9.53,9.85,9.50,9.70,201120
29-Feb-12,9.50,9.65,9.01,9.56,510704
28-Feb-12,9.01,9.52,8.95,9.47,235792
27-Feb-12,8.58,9.11,8.45,9.06,237228
24-Feb-12,8.84,8.86,8.52,8.68,67846
23-Feb-12,8.95,9.00,8.50,8.89,240737
22-Feb-12,9.44,9.45,9.15,9.29,66336
21-Feb-12,9.75,9.75,9.41,9.45,95040
17-Feb-12,9.35,9.75,8.67,9.71,312524
16-Feb-12,9.30,9.45,9.26,9.35,145027
15-Feb-12,9.32,9.32,9.08,9.25,93980
14-Feb-12,8.79,9.27,8.79,9.23,124721
13-Feb-12,8.65,8.92,8.60,8.84,97100
10-Feb-12,9.31,9.31,8.41,8.57,164251
9-Feb-12,9.45,9.45,9.16,9.36,80049
8-Feb-12,9.03,9.45,8.90,9.45,195384
7-Feb-12,8.92,8.92,8.92,8.92,0
6-Feb-12,8.71,9.11,8.64,9.03,237763
3-Feb-12,8.76,8.82,8.64,8.77,85365
2-Feb-12,8.52,8.52,8.52,8.52,0
1-Feb-12,8.21,8.38,8.15,8.33,103481
31-Jan-12,8.08,8.20,8.03,8.16,57451
30-Jan-12,7.99,8.20,7.99,8.07,62405
27-Jan-12,7.98,8.07,7.94,8.05,59872
26-Jan-12,8.02,8.05,7.78,8.02,104053
25-Jan-12,7.99,8.05,7.93,8.02,179368
24-Jan-12,8.00,8.06,7.90,7.99,52645
23-Jan-12,7.99,7.99,7.99,7.99,0
20-Jan-12,8.19,8.24,8.06,8.13,65415
19-Jan-12,8.15,8.15,8.15,8.15,0
18-Jan-12,8.20,8.29,8.10,8.17,47622
17-Jan-12,8.20,8.20,8.20,8.20,0
13-Jan-12,8.21,8.21,8.21,8.21,0
12-Jan-12,8.12,8.42,7.91,8.30,70692
11-Jan-12,8.05,8.28,8.05,8.14,67381
10-Jan-12,8.42,8.42,8.42,8.42,0
9-Jan-12,8.42,8.42,8.36,8.38,59693
6-Jan-12,8.44,8.44,8.44,8.44,0
5-Jan-12,8.50,8.50,8.41,8.46,16694
4-Jan-12,8.52,8.52,8.52,8.52,0
3-Jan-12,8.73,8.75,8.52,8.54,37069
30-Dec-11,8.60,8.60,8.60,8.60,0
29-Dec-11,8.67,8.74,8.57,8.62,22105
28-Dec-11,8.98,8.98,8.72,8.74,26418
27-Dec-11,8.99,8.99,8.99,8.99,0
23-Dec-11,8.87,8.87,8.87,8.87,0
22-Dec-11,8.70,8.87,8.69,8.79,52589
21-Dec-11,8.80,8.88,8.61,8.69,37953
20-Dec-11,8.86,8.86,8.86,8.86,0
19-Dec-11,9.16,9.19,8.77,8.80,63506
16-Dec-11,9.05,9.05,9.05,9.05,0
15-Dec-11,8.43,8.87,8.20,8.81,313880
14-Dec-11,8.21,8.41,8.10,8.39,69558
13-Dec-11,8.43,8.45,8.30,8.34,65647
12-Dec-11,8.35,8.42,8.23,8.39,94706
9-Dec-11,8.39,8.39,8.39,8.39,0
8-Dec-11,8.40,8.40,8.16,8.30,82908
7-Dec-11,8.31,8.48,8.31,8.47,102980
6-Dec-11,8.46,8.46,8.32,8.39,100527
5-Dec-11,8.59,8.70,8.40,8.50,126511
2-Dec-11,8.44,8.51,8.30,8.49,106597
1-Dec-11,8.33,8.33,8.33,8.33,0
30-Nov-11,8.45,8.50,8.27,8.50,576023
29-Nov-11,8.25,8.30,8.05,8.23,164079
28-Nov-11,8.31,8.31,8.31,8.31,0
25-Nov-11,8.28,8.28,8.05,8.10,44207
23-Nov-11,8.39,8.39,8.39,8.39,0
22-Nov-11,8.49,8.56,8.34,8.51,227703
21-Nov-11,8.84,8.87,8.28,8.53,244320
18-Nov-11,8.83,8.83,8.83,8.83,0
17-Nov-11,8.99,8.99,8.61,8.93,38787
16-Nov-11,8.55,9.44,8.50,9.02,163147
15-Nov-11,8.64,8.64,8.64,8.64,0
14-Nov-11,8.29,8.59,7.87,8.50,41129
11-Nov-11,8.34,8.34,8.34,8.34,0
10-Nov-11,7.90,7.90,7.50,7.88,42241
9-Nov-11,7.81,7.81,7.81,7.81,0
8-Nov-11,7.10,7.88,6.89,7.84,308275
7-Nov-11,7.53,7.94,7.53,7.89,82762
4-Nov-11,7.80,7.93,7.65,7.76,38470
3-Nov-11,7.11,8.00,7.10,7.90,69434
2-Nov-11,7.61,7.61,7.61,7.61,0
1-Nov-11,7.47,7.65,7.25,7.58,61573
31-Oct-11,7.72,7.72,7.72,7.72,0
28-Oct-11,7.83,8.05,7.83,8.00,53398
27-Oct-11,7.88,7.99,7.72,7.80,56528
26-Oct-11,7.62,7.62,7.62,7.62,0
25-Oct-11,7.70,7.71,7.57,7.63,35358
24-Oct-11,7.65,7.70,7.55,7.69,46358
21-Oct-11,7.39,7.39,7.39,7.39,0
20-Oct-11,7.27,7.36,7.20,7.25,42003
19-Oct-11,7.36,7.39,7.17,7.31,12910
18-Oct-11,7.37,7.37,7.37,7.37,0
17-Oct-11,7.60,7.60,7.42,7.46,35127
14-Oct-11,7.49,7.49,7.49,7.49,0
13-Oct-11,7.96,7.97,7.15,7.33,67613
12-Oct-11,7.75,8.25,7.71,7.93,119348
11-Oct-11,7.14,7.78,7.10,7.70,90027
10-Oct-11,6.99,7.25,6.86,7.19,34496
7-Oct-11,6.86,7.15,6.50,6.87,135189
6-Oct-11,6.77,7.00,6.69,6.82,86559
5-Oct-11,6.72,6.72,6.72,6.72,0
4-Oct-11,6.78,6.84,6.01,6.82,84404
3-Oct-11,7.14,7.28,6.76,6.85,44424
30-Sep-11,7.10,7.20,6.81,7.15,65456
29-Sep-11,7.79,7.79,7.10,7.15,44490
