Date,Open,High,Low,Close,Volume
27-Sep-12,4.10,4.13,4.07,4.10,6101
26-Sep-12,4.11,4.11,4.06,4.07,21007
25-Sep-12,4.07,4.10,4.05,4.07,19443
24-Sep-12,4.10,4.12,4.02,4.04,46100
21-Sep-12,4.09,4.13,4.06,4.06,55618
20-Sep-12,4.04,4.08,4.04,4.08,3060
19-Sep-12,4.05,4.07,4.02,4.03,12800
18-Sep-12,3.95,4.02,3.95,4.02,10491
17-Sep-12,4.00,4.00,3.96,3.96,1000
14-Sep-12,3.93,4.02,3.93,4.00,8613
13-Sep-12,3.93,4.00,3.93,3.97,7386
12-Sep-12,3.92,3.94,3.94,3.94,100
11-Sep-12,3.95,3.97,3.95,3.95,2200
10-Sep-12,3.94,3.94,3.94,3.94,57739
7-Sep-12,3.91,3.98,3.89,3.95,406789
6-Sep-12,3.91,3.98,3.91,3.92,288500
5-Sep-12,3.92,3.92,3.90,3.90,2160
4-Sep-12,3.92,3.95,3.86,3.95,85728
31-Aug-12,3.90,3.96,3.88,3.90,433511
30-Aug-12,3.90,3.90,3.89,3.89,300
29-Aug-12,3.88,3.89,3.85,3.89,119848
28-Aug-12,3.87,3.88,3.86,3.87,277957
27-Aug-12,3.87,3.89,3.86,3.87,98667
24-Aug-12,3.88,3.88,3.85,3.86,63314
23-Aug-12,3.86,3.87,3.84,3.86,33534
22-Aug-12,3.85,3.87,3.84,3.86,875385
21-Aug-12,3.80,3.88,3.80,3.84,564085
20-Aug-12,3.83,3.85,3.74,3.82,1226869
17-Aug-12,2.80,2.87,2.78,2.85,107759
16-Aug-12,2.88,2.90,2.81,2.85,197800
15-Aug-12,2.87,2.87,2.87,2.87,300
14-Aug-12,2.86,2.90,2.78,2.90,54302
13-Aug-12,2.85,2.85,2.85,2.85,22400
10-Aug-12,2.85,2.85,2.85,2.85,20000
9-Aug-12,2.85,2.89,2.82,2.89,517601
8-Aug-12,2.82,2.85,2.82,2.85,110300
7-Aug-12,2.85,2.85,2.85,2.85,54100
6-Aug-12,2.86,2.88,2.85,2.85,4500
3-Aug-12,2.88,2.90,2.78,2.84,7700
2-Aug-12,2.81,2.90,2.78,2.90,8974
1-Aug-12,2.89,2.89,2.89,2.89,0
31-Jul-12,2.90,2.98,2.90,2.95,18776
30-Jul-12,2.89,2.89,2.89,2.89,0
27-Jul-12,2.89,2.99,2.89,2.99,300
26-Jul-12,2.90,2.98,2.80,2.98,7300
25-Jul-12,2.96,2.96,2.96,2.96,0
24-Jul-12,2.96,2.97,2.90,2.96,8924
23-Jul-12,2.89,2.95,2.89,2.95,15820
20-Jul-12,2.95,2.95,2.95,2.95,0
19-Jul-12,2.95,2.95,2.95,2.95,0
18-Jul-12,2.95,2.95,2.95,2.95,10000
17-Jul-12,2.85,2.85,2.85,2.85,10200
16-Jul-12,2.86,2.86,2.86,2.86,246
13-Jul-12,2.90,2.90,2.90,2.90,0
12-Jul-12,2.90,2.90,2.90,2.90,0
11-Jul-12,2.85,2.93,2.85,2.90,25100
10-Jul-12,2.85,2.90,2.84,2.85,6899
9-Jul-12,2.80,2.94,2.80,2.86,7230
6-Jul-12,2.90,2.90,2.90,2.90,0
5-Jul-12,2.90,2.90,2.90,2.90,0
3-Jul-12,2.82,2.90,2.80,2.90,2861
2-Jul-12,2.82,2.87,2.81,2.87,1660
29-Jun-12,2.90,2.90,2.90,2.90,500
28-Jun-12,2.90,2.91,2.81,2.88,9992
27-Jun-12,2.90,2.90,2.90,2.90,1100
26-Jun-12,2.90,2.98,2.90,2.91,5600
25-Jun-12,2.85,2.90,2.81,2.90,6814
22-Jun-12,2.99,3.00,2.82,2.86,2990
21-Jun-12,2.90,2.98,2.90,2.95,5607
20-Jun-12,2.89,2.91,2.89,2.91,2207
19-Jun-12,2.91,2.95,2.91,2.92,2550
18-Jun-12,2.91,2.92,2.91,2.92,3000
15-Jun-12,2.92,2.92,2.92,2.92,158
14-Jun-12,2.86,2.86,2.86,2.86,4689
13-Jun-12,2.89,2.89,2.89,2.89,0
12-Jun-12,2.91,2.91,2.83,2.83,9089
11-Jun-12,2.91,2.91,2.90,2.90,4500
8-Jun-12,2.87,2.87,2.86,2.86,3068
7-Jun-12,2.97,2.97,2.97,2.97,300
6-Jun-12,2.97,2.97,2.97,2.97,600
5-Jun-12,2.94,2.97,2.94,2.97,2200
4-Jun-12,2.90,2.93,2.76,2.93,13060
1-Jun-12,2.93,2.93,2.93,2.93,160
31-May-12,2.82,2.82,2.82,2.82,1081
30-May-12,3.08,3.08,2.91,2.91,10420
29-May-12,3.13,3.15,3.07,3.07,2100
25-May-12,3.02,3.02,3.02,3.02,0
24-May-12,3.02,3.02,3.00,3.00,1840
23-May-12,3.00,3.03,3.00,3.01,49895
22-May-12,2.95,3.04,2.85,3.01,8714
21-May-12,2.94,2.94,2.94,2.94,100
18-May-12,2.87,2.87,2.84,2.84,4400
17-May-12,2.85,2.94,2.82,2.82,60099
16-May-12,2.94,3.00,2.83,2.86,13638
15-May-12,2.97,2.97,2.97,2.97,0
14-May-12,2.94,2.97,2.94,2.97,4800
11-May-12,3.05,3.08,3.05,3.05,1400
10-May-12,2.95,2.99,2.94,2.95,6452
9-May-12,2.94,2.98,2.94,2.96,15395
8-May-12,2.95,3.00,2.91,2.95,28272
7-May-12,3.01,3.01,2.98,2.99,1600
4-May-12,3.05,3.05,3.01,3.01,4400
3-May-12,3.06,3.06,3.05,3.06,5600
2-May-12,3.14,3.14,3.12,3.12,1650
1-May-12,3.05,3.10,2.95,3.10,15355
30-Apr-12,2.90,3.02,2.90,3.02,22796
27-Apr-12,2.80,2.85,2.80,2.85,5495
26-Apr-12,2.82,2.82,2.82,2.82,0
25-Apr-12,2.82,2.82,2.82,2.82,0
24-Apr-12,2.73,2.84,2.73,2.82,32688
23-Apr-12,2.72,2.90,2.70,2.80,58425
20-Apr-12,2.74,2.75,2.65,2.69,140513
19-Apr-12,2.71,2.76,2.63,2.75,13059
18-Apr-12,2.75,2.75,2.75,2.75,1400
17-Apr-12,2.75,2.75,2.73,2.75,5200
16-Apr-12,2.72,2.73,2.67,2.67,96240
13-Apr-12,2.62,2.73,2.62,2.69,50400
12-Apr-12,2.60,2.79,2.60,2.74,65793
11-Apr-12,2.65,2.75,2.65,2.75,12900
10-Apr-12,2.75,2.75,2.53,2.60,1191587
9-Apr-12,2.72,2.77,2.70,2.75,12740
5-Apr-12,2.67,2.72,2.66,2.72,550
4-Apr-12,2.78,2.87,2.72,2.75,19774
3-Apr-12,2.87,2.88,2.73,2.73,49706
2-Apr-12,2.87,2.87,2.86,2.86,2611
30-Mar-12,2.90,2.98,2.86,2.87,3400
29-Mar-12,2.94,2.95,2.90,2.90,10500
28-Mar-12,3.00,3.00,3.00,3.00,800
27-Mar-12,2.97,2.97,2.97,2.97,100
26-Mar-12,3.09,3.09,3.09,3.09,0
23-Mar-12,2.87,3.10,2.87,3.10,14502
22-Mar-12,3.00,3.00,3.00,3.00,0
21-Mar-12,3.00,3.00,3.00,3.00,0
20-Mar-12,2.95,3.00,2.95,3.00,5985
19-Mar-12,2.93,2.93,2.93,2.93,0
16-Mar-12,2.93,2.93,2.93,2.93,602
15-Mar-12,2.71,2.85,2.71,2.85,8510
14-Mar-12,2.72,2.82,2.71,2.80,4800
13-Mar-12,2.72,2.72,2.67,2.67,2800
12-Mar-12,2.77,2.80,2.77,2.80,1562
9-Mar-12,2.91,2.91,2.91,2.91,0
8-Mar-12,2.91,2.91,2.91,2.91,200
7-Mar-12,2.84,2.84,2.84,2.84,0
6-Mar-12,2.75,2.90,2.75,2.84,2100
5-Mar-12,2.80,2.86,2.74,2.75,3885
2-Mar-12,2.90,2.90,2.76,2.80,300
1-Mar-12,2.85,2.90,2.80,2.90,1205
29-Feb-12,2.90,2.90,2.83,2.83,400
28-Feb-12,2.88,2.90,2.88,2.90,3500
27-Feb-12,2.83,2.85,2.83,2.85,1434
24-Feb-12,2.75,2.79,2.75,2.79,200
23-Feb-12,2.79,2.79,2.75,2.75,20747
22-Feb-12,2.80,2.80,2.80,2.80,0
21-Feb-12,2.73,2.80,2.73,2.80,10424
17-Feb-12,2.68,2.75,2.68,2.71,16339
16-Feb-12,2.82,2.82,2.82,2.82,0
15-Feb-12,2.65,2.65,2.65,2.65,200
14-Feb-12,2.82,2.82,2.82,2.82,100
13-Feb-12,2.86,2.86,2.83,2.85,3180
10-Feb-12,2.66,2.69,2.65,2.65,5100
9-Feb-12,2.66,2.66,2.65,2.65,3500
8-Feb-12,2.72,2.80,2.65,2.74,6025
7-Feb-12,2.86,2.89,2.82,2.82,2733
6-Feb-12,2.94,3.00,2.94,3.00,1503
3-Feb-12,2.70,2.95,2.70,2.85,13761
1-Feb-12,2.67,2.67,2.67,2.67,0
30-Jan-12,2.62,2.62,2.62,2.62,0
27-Jan-12,2.51,2.62,2.51,2.62,4100
26-Jan-12,2.51,2.55,2.51,2.55,400
25-Jan-12,2.74,2.74,2.50,2.55,8960
24-Jan-12,2.68,2.69,2.68,2.69,400
23-Jan-12,2.63,2.69,2.63,2.69,750
20-Jan-12,2.62,2.62,2.62,2.62,0
19-Jan-12,2.77,2.77,2.74,2.76,2100
18-Jan-12,2.70,2.77,2.70,2.77,6600
12-Jan-12,2.65,2.65,2.65,2.65,0
11-Jan-12,2.70,2.70,2.62,2.62,300
10-Jan-12,2.74,2.75,2.74,2.75,1380
4-Jan-12,2.67,2.67,2.67,2.67,0
3-Jan-12,2.75,2.75,2.55,2.64,349584
30-Dec-11,2.75,2.75,2.75,2.75,0
29-Dec-11,2.57,2.57,2.57,2.57,0
28-Dec-11,2.60,2.60,2.58,2.58,4754
27-Dec-11,2.62,2.63,2.55,2.57,5781
23-Dec-11,2.60,2.60,2.60,2.60,0
22-Dec-11,2.54,2.60,2.54,2.60,5142
21-Dec-11,2.56,2.60,2.56,2.60,4970
20-Dec-11,2.55,2.66,2.55,2.60,7530
19-Dec-11,2.60,2.60,2.55,2.58,9320
16-Dec-11,2.55,2.62,2.54,2.62,23500
15-Dec-11,2.53,2.61,2.53,2.55,6133
14-Dec-11,2.58,2.58,2.58,2.58,1194
13-Dec-11,2.68,2.68,2.68,2.68,0
12-Dec-11,2.54,2.54,2.54,2.54,6300
9-Dec-11,2.58,2.60,2.53,2.53,1149
8-Dec-11,2.60,2.60,2.54,2.54,800
7-Dec-11,2.70,2.70,2.60,2.61,824648
2-Dec-11,2.55,2.55,2.55,2.55,0
1-Dec-11,2.55,2.59,2.55,2.59,1070
29-Nov-11,2.55,2.55,2.55,2.55,0
28-Nov-11,2.49,2.50,2.37,2.47,2901
25-Nov-11,2.32,2.33,2.32,2.33,2200
23-Nov-11,2.42,2.42,2.42,2.42,0
21-Nov-11,2.60,2.60,2.60,2.60,0
18-Nov-11,2.50,2.69,2.50,2.69,5477
17-Nov-11,2.56,2.57,2.50,2.57,23400
16-Nov-11,2.60,2.60,2.60,2.60,0
15-Nov-11,2.57,2.57,2.57,2.57,0
14-Nov-11,2.57,2.57,2.51,2.51,599
11-Nov-11,2.60,2.60,2.55,2.60,9419
10-Nov-11,2.62,2.62,2.62,2.62,100
9-Nov-11,2.66,2.69,2.65,2.69,2800
8-Nov-11,2.73,2.95,2.66,2.66,15398
7-Nov-11,2.65,2.74,2.61,2.65,21828
4-Nov-11,2.74,2.74,2.68,2.68,200
2-Nov-11,2.65,2.65,2.65,2.65,0
1-Nov-11,2.74,2.74,2.67,2.67,73200
31-Oct-11,2.65,2.75,2.62,2.72,25750
28-Oct-11,2.66,2.74,2.65,2.65,14487
27-Oct-11,2.59,2.73,2.59,2.73,18620
26-Oct-11,2.39,2.47,2.39,2.39,841187
25-Oct-11,2.40,2.49,2.39,2.39,10800
24-Oct-11,2.38,2.53,2.36,2.44,62081
21-Oct-11,2.38,2.50,2.38,2.38,28352
20-Oct-11,2.38,2.47,2.38,2.38,29700
19-Oct-11,2.40,2.40,2.39,2.39,5100
18-Oct-11,2.37,2.45,2.35,2.37,929390
17-Oct-11,2.25,2.58,2.25,2.35,13723
14-Oct-11,2.33,2.40,2.26,2.26,10800
13-Oct-11,2.24,2.33,2.24,2.33,4099
12-Oct-11,2.31,2.34,2.18,2.19,52329
11-Oct-11,2.40,2.42,2.21,2.29,23190
10-Oct-11,2.41,2.44,2.40,2.40,14004
7-Oct-11,2.36,2.49,2.36,2.49,4200
6-Oct-11,2.52,2.52,2.34,2.38,74500
5-Oct-11,2.50,2.55,2.50,2.50,12800
4-Oct-11,2.51,2.63,2.50,2.63,7600
3-Oct-11,2.50,2.63,2.50,2.56,10674
30-Sep-11,2.76,2.79,2.60,2.65,38849
29-Sep-11,2.61,2.63,2.43,2.43,320607
