Date,Open,High,Low,Close,Volume
27-Sep-12,0.49,0.49,0.46,0.46,26059
26-Sep-12,0.55,0.61,0.45,0.45,44210
25-Sep-12,0.55,0.60,0.50,0.53,43656
24-Sep-12,0.53,0.59,0.50,0.55,14654
21-Sep-12,0.57,0.63,0.57,0.63,2522
20-Sep-12,0.57,0.61,0.54,0.61,4300
19-Sep-12,0.64,0.68,0.59,0.60,31643
18-Sep-12,0.67,0.67,0.58,0.60,6415
17-Sep-12,0.65,0.72,0.65,0.67,2320
14-Sep-12,0.83,0.88,0.69,0.74,27850
13-Sep-12,0.70,0.80,0.70,0.80,9834
12-Sep-12,0.71,0.74,0.70,0.74,814
11-Sep-12,0.74,0.74,0.74,0.74,0
10-Sep-12,0.74,0.74,0.74,0.74,100
7-Sep-12,0.75,0.75,0.73,0.73,4699
6-Sep-12,0.73,0.73,0.73,0.73,0
5-Sep-12,0.64,0.74,0.64,0.70,10925
4-Sep-12,0.67,0.71,0.66,0.71,5250
31-Aug-12,0.70,0.70,0.66,0.70,18413
30-Aug-12,0.70,0.70,0.70,0.70,0
29-Aug-12,0.70,0.70,0.70,0.70,0
28-Aug-12,0.72,0.72,0.68,0.70,4600
27-Aug-12,0.80,0.80,0.69,0.73,2400
24-Aug-12,0.71,0.74,0.71,0.74,8900
23-Aug-12,0.69,0.72,0.68,0.72,6818
22-Aug-12,0.74,0.75,0.69,0.70,11225
21-Aug-12,0.70,0.88,0.65,0.69,101743
20-Aug-12,0.72,0.72,0.72,0.72,0
17-Aug-12,0.70,0.72,0.70,0.72,10775
16-Aug-12,0.67,0.72,0.67,0.72,2323
15-Aug-12,0.67,0.67,0.65,0.67,18652
14-Aug-12,0.71,0.71,0.54,0.66,34651
13-Aug-12,0.70,0.72,0.70,0.70,14900
10-Aug-12,0.71,0.74,0.69,0.74,11853
9-Aug-12,0.72,0.74,0.71,0.71,26434
8-Aug-12,0.72,0.75,0.72,0.75,22500
7-Aug-12,0.74,0.75,0.74,0.74,2000
6-Aug-12,0.78,0.78,0.71,0.73,8801
3-Aug-12,0.73,0.79,0.73,0.79,10900
2-Aug-12,0.72,0.75,0.72,0.72,16400
1-Aug-12,0.74,0.75,0.73,0.75,14000
31-Jul-12,0.80,0.81,0.73,0.75,21398
30-Jul-12,0.74,0.80,0.74,0.80,550
27-Jul-12,0.75,0.75,0.74,0.74,48845
26-Jul-12,0.75,0.81,0.74,0.74,80600
25-Jul-12,0.74,0.77,0.74,0.75,11602
24-Jul-12,0.74,0.77,0.73,0.74,10687
23-Jul-12,0.75,0.75,0.75,0.75,0
20-Jul-12,0.78,0.78,0.78,0.78,3800
19-Jul-12,0.74,0.75,0.74,0.75,1100
18-Jul-12,0.75,0.78,0.75,0.75,5200
17-Jul-12,0.74,0.77,0.74,0.75,600
16-Jul-12,0.76,0.82,0.74,0.74,2700
13-Jul-12,0.73,0.76,0.73,0.73,620
12-Jul-12,0.72,0.76,0.72,0.76,3401
11-Jul-12,0.70,0.75,0.70,0.71,900
10-Jul-12,0.72,0.75,0.70,0.75,22451
9-Jul-12,0.75,0.83,0.72,0.75,54949
6-Jul-12,0.76,0.88,0.72,0.78,58892
5-Jul-12,0.77,0.81,0.76,0.76,29451
3-Jul-12,0.81,0.89,0.80,0.81,16839
2-Jul-12,0.84,0.89,0.81,0.81,837
29-Jun-12,0.84,0.85,0.83,0.84,10100
28-Jun-12,0.82,0.90,0.81,0.81,10420
27-Jun-12,0.84,0.90,0.82,0.82,500
26-Jun-12,0.88,0.88,0.81,0.85,6400
25-Jun-12,0.89,0.90,0.81,0.81,2510
22-Jun-12,0.88,0.90,0.84,0.88,17871
21-Jun-12,0.91,0.91,0.91,0.91,0
20-Jun-12,0.91,0.91,0.91,0.91,650
19-Jun-12,0.85,0.90,0.78,0.90,31499
18-Jun-12,0.80,0.90,0.80,0.85,15901
15-Jun-12,0.83,0.83,0.83,0.83,1900
14-Jun-12,0.89,0.90,0.83,0.83,5400
13-Jun-12,0.84,0.86,0.77,0.82,10700
12-Jun-12,0.81,0.90,0.80,0.81,5701
11-Jun-12,0.84,0.87,0.80,0.80,32935
8-Jun-12,0.92,0.93,0.84,0.84,22012
7-Jun-12,0.88,0.90,0.86,0.90,19981
6-Jun-12,0.90,0.90,0.88,0.88,51709
5-Jun-12,0.95,0.95,0.88,0.90,20961
4-Jun-12,0.95,1.15,0.93,0.93,525
1-Jun-12,0.98,1.00,0.92,0.95,11975
31-May-12,0.93,0.98,0.93,0.95,12800
30-May-12,0.92,0.97,0.92,0.93,1100
29-May-12,0.96,0.96,0.96,0.96,0
25-May-12,0.95,0.99,0.95,0.96,624
24-May-12,0.93,0.93,0.93,0.93,0
23-May-12,0.92,0.95,0.91,0.93,6118
22-May-12,0.93,0.99,0.91,0.98,6750
21-May-12,0.93,0.95,0.93,0.95,6157
18-May-12,0.93,0.95,0.93,0.94,19665
17-May-12,0.92,0.98,0.90,0.93,28783
16-May-12,0.97,0.97,0.92,0.93,10665
15-May-12,0.98,0.99,0.95,0.96,11110
14-May-12,0.99,0.99,0.96,0.98,27375
11-May-12,1.02,1.02,0.98,1.00,4752
10-May-12,1.02,1.02,0.98,1.01,1140
9-May-12,1.04,1.04,0.98,1.00,9600
8-May-12,1.01,1.04,1.00,1.01,10550
7-May-12,1.04,1.06,1.02,1.03,9411
4-May-12,1.03,1.03,1.01,1.02,15999
3-May-12,1.13,1.13,1.01,1.04,9802
2-May-12,1.07,1.13,1.07,1.08,1100
1-May-12,1.07,1.14,1.06,1.07,26042
30-Apr-12,1.10,1.10,1.07,1.07,1088
27-Apr-12,1.14,1.16,1.02,1.06,11727
26-Apr-12,1.16,1.17,1.05,1.10,32562
25-Apr-12,1.20,1.24,1.20,1.24,8400
24-Apr-12,1.26,1.31,1.19,1.20,22920
23-Apr-12,1.30,1.45,1.20,1.28,16321
20-Apr-12,1.47,1.52,1.34,1.38,24948
19-Apr-12,1.39,1.50,1.30,1.46,263874
18-Apr-12,1.04,1.48,1.01,1.37,257455
17-Apr-12,1.03,1.03,1.00,1.01,8692
16-Apr-12,1.03,1.04,1.00,1.01,2950
13-Apr-12,1.04,1.05,1.01,1.02,1800
12-Apr-12,1.03,1.04,0.98,0.98,19799
11-Apr-12,1.10,1.12,1.02,1.03,66011
10-Apr-12,1.19,1.19,1.08,1.14,13713
9-Apr-12,1.16,1.17,1.14,1.14,1200
5-Apr-12,1.17,1.23,1.14,1.14,16800
4-Apr-12,1.22,1.22,1.15,1.20,20105
3-Apr-12,1.24,1.26,1.22,1.24,1050
2-Apr-12,1.25,1.27,1.21,1.24,23191
30-Mar-12,1.24,1.24,1.24,1.24,0
29-Mar-12,1.24,1.27,1.23,1.27,2400
28-Mar-12,1.27,1.30,1.24,1.29,10422
27-Mar-12,1.29,1.29,1.24,1.25,360169
26-Mar-12,1.26,1.30,1.26,1.30,4200
23-Mar-12,1.29,1.29,1.24,1.27,26163
22-Mar-12,1.30,1.31,1.23,1.29,4124
21-Mar-12,1.23,1.37,1.23,1.29,80443
20-Mar-12,1.30,1.32,1.23,1.23,93653
19-Mar-12,1.45,1.49,1.31,1.33,145885
16-Mar-12,1.54,1.63,1.54,1.63,37441
15-Mar-12,1.56,1.56,1.56,1.56,464
14-Mar-12,1.63,1.63,1.57,1.59,25152
13-Mar-12,1.55,1.64,1.55,1.63,19775
12-Mar-12,1.52,1.55,1.50,1.52,7800
9-Mar-12,1.51,1.53,1.51,1.53,1565
8-Mar-12,1.52,1.53,1.49,1.52,50750
7-Mar-12,1.51,1.53,1.50,1.52,37467
6-Mar-12,1.53,1.53,1.53,1.53,0
5-Mar-12,1.51,1.55,1.51,1.55,8649
2-Mar-12,1.51,1.56,1.49,1.52,54720
1-Mar-12,1.56,1.58,1.53,1.56,10983
29-Feb-12,1.55,1.62,1.50,1.54,17809
28-Feb-12,1.50,1.60,1.50,1.59,13200
27-Feb-12,1.48,1.55,1.48,1.53,22882
24-Feb-12,1.54,1.54,1.48,1.48,123261
23-Feb-12,1.56,1.63,1.49,1.54,128807
22-Feb-12,1.66,1.66,1.58,1.59,40186
21-Feb-12,1.65,1.66,1.58,1.66,9126
17-Feb-12,1.64,1.67,1.63,1.64,17724
16-Feb-12,1.65,1.68,1.64,1.65,33000
15-Feb-12,1.65,1.68,1.65,1.68,400
14-Feb-12,1.67,1.70,1.65,1.69,22715
13-Feb-12,1.65,1.67,1.65,1.65,16675
10-Feb-12,1.67,1.68,1.65,1.65,35028
9-Feb-12,1.65,1.69,1.65,1.66,24908
8-Feb-12,1.65,1.66,1.63,1.64,54587
7-Feb-12,1.65,1.66,1.59,1.65,82550
6-Feb-12,1.67,1.72,1.64,1.64,92784
3-Feb-12,1.66,1.67,1.65,1.66,39399
2-Feb-12,1.65,1.72,1.65,1.66,5275
1-Feb-12,1.68,1.68,1.60,1.64,8355
31-Jan-12,1.65,1.70,1.59,1.69,85873
30-Jan-12,1.63,1.73,1.62,1.70,96922
27-Jan-12,1.65,1.65,1.60,1.65,4900
26-Jan-12,1.73,1.73,1.62,1.65,7200
25-Jan-12,1.73,1.75,1.65,1.74,15049
24-Jan-12,1.73,1.76,1.62,1.76,3851
23-Jan-12,1.75,1.77,1.65,1.71,3268
20-Jan-12,1.75,1.78,1.70,1.75,27396
19-Jan-12,1.74,1.78,1.74,1.77,2300
18-Jan-12,1.79,1.80,1.72,1.79,3904
17-Jan-12,1.79,1.82,1.78,1.78,16275
13-Jan-12,1.78,1.78,1.78,1.78,0
12-Jan-12,1.79,1.82,1.79,1.82,17882
11-Jan-12,1.80,1.80,1.78,1.78,2225
10-Jan-12,1.76,1.82,1.76,1.77,1950
9-Jan-12,1.79,1.88,1.73,1.78,9675
6-Jan-12,1.76,1.77,1.75,1.77,1332
5-Jan-12,1.88,1.88,1.80,1.83,10875
4-Jan-12,1.73,1.88,1.73,1.77,16929
3-Jan-12,1.75,1.79,1.70,1.70,6505
30-Dec-11,1.68,1.68,1.68,1.68,0
29-Dec-11,1.70,1.70,1.64,1.64,305
28-Dec-11,1.62,1.62,1.62,1.62,0
27-Dec-11,1.68,1.70,1.65,1.67,27436
23-Dec-11,1.74,1.74,1.74,1.74,0
22-Dec-11,1.60,1.64,1.47,1.62,23786
21-Dec-11,1.65,1.68,1.60,1.63,28300
20-Dec-11,1.63,1.68,1.60,1.62,19800
19-Dec-11,1.70,1.70,1.60,1.63,44200
16-Dec-11,1.65,1.73,1.63,1.66,8539
15-Dec-11,1.61,1.67,1.59,1.64,36034
14-Dec-11,1.63,1.65,1.50,1.65,19725
13-Dec-11,1.77,1.77,1.70,1.70,5700
12-Dec-11,1.63,1.72,1.63,1.70,21786
9-Dec-11,1.61,1.74,1.61,1.63,9175
8-Dec-11,1.70,1.71,1.58,1.62,67098
7-Dec-11,1.64,1.70,1.64,1.66,18849
6-Dec-11,1.82,1.92,1.69,1.75,10411
5-Dec-11,1.98,1.98,1.82,1.82,15465
2-Dec-11,1.83,1.99,1.82,1.95,57759
1-Dec-11,1.93,1.97,1.76,1.82,18375
30-Nov-11,1.90,1.95,1.87,1.94,39900
29-Nov-11,1.97,1.98,1.78,1.90,55554
28-Nov-11,2.06,2.07,1.90,2.01,5182
25-Nov-11,2.02,2.11,2.02,2.05,800
23-Nov-11,2.01,2.01,2.01,2.01,0
22-Nov-11,2.02,2.18,2.01,2.01,4900
21-Nov-11,2.07,2.07,2.02,2.02,3800
18-Nov-11,2.06,2.06,2.06,2.06,200
17-Nov-11,2.15,2.15,2.09,2.15,26300
16-Nov-11,2.08,2.26,2.08,2.26,31308
15-Nov-11,2.16,2.24,2.06,2.15,28849
14-Nov-11,1.96,2.22,1.95,2.21,24995
11-Nov-11,2.11,2.12,2.00,2.02,3066
10-Nov-11,2.10,2.12,2.10,2.11,600
9-Nov-11,2.10,2.10,2.10,2.10,200
8-Nov-11,2.00,2.00,2.00,2.00,0
7-Nov-11,2.09,2.10,1.99,2.00,16145
3-Nov-11,2.10,2.10,2.10,2.10,0
2-Nov-11,2.15,2.15,2.08,2.08,500
1-Nov-11,2.25,2.25,2.17,2.20,1156
31-Oct-11,2.33,2.33,2.30,2.30,20343
28-Oct-11,2.28,2.29,2.27,2.27,6444
27-Oct-11,2.28,2.33,2.27,2.28,6094
26-Oct-11,2.20,2.26,2.20,2.25,6075
25-Oct-11,2.26,2.27,2.19,2.23,28173
24-Oct-11,2.15,2.18,2.12,2.18,9507
21-Oct-11,1.97,2.13,1.97,2.13,20277
20-Oct-11,2.10,2.10,2.00,2.00,9900
19-Oct-11,1.92,2.18,1.92,2.10,7726
18-Oct-11,1.76,1.91,1.76,1.91,35438
17-Oct-11,1.82,1.85,1.80,1.85,39900
14-Oct-11,1.85,1.85,1.85,1.85,8000
13-Oct-11,1.85,1.85,1.85,1.85,5200
12-Oct-11,1.80,1.85,1.80,1.85,7240
11-Oct-11,1.83,1.85,1.67,1.81,11065
10-Oct-11,1.80,1.80,1.79,1.80,10000
7-Oct-11,1.76,1.84,1.73,1.84,35475
6-Oct-11,1.80,1.80,1.75,1.75,10623
5-Oct-11,1.84,1.84,1.80,1.80,30440
4-Oct-11,1.87,1.90,1.57,1.85,14920
30-Sep-11,2.04,2.04,2.04,2.04,0
