Date,Open,High,Low,Close,Volume
27-Sep-12,5.45,5.51,5.39,5.50,73107
26-Sep-12,5.40,5.45,5.40,5.45,34671
25-Sep-12,5.45,5.45,5.35,5.44,19350
24-Sep-12,5.44,5.45,5.35,5.41,14724
21-Sep-12,5.45,5.45,5.32,5.45,1600
20-Sep-12,5.36,5.36,5.33,5.33,8200
19-Sep-12,5.39,5.40,5.33,5.33,4400
18-Sep-12,5.35,5.40,5.34,5.35,10753
17-Sep-12,5.45,5.45,5.28,5.30,1050
14-Sep-12,5.28,5.35,5.27,5.35,6735
13-Sep-12,5.46,5.50,5.30,5.47,22304
12-Sep-12,5.40,5.40,5.03,5.30,37607
11-Sep-12,5.59,5.80,5.29,5.34,78887
10-Sep-12,2.89,2.92,2.88,2.92,7800
7-Sep-12,2.82,2.92,2.82,2.92,3800
6-Sep-12,2.80,2.84,2.80,2.84,800
5-Sep-12,2.76,2.80,2.75,2.78,5892
4-Sep-12,2.65,2.80,2.65,2.80,2000
31-Aug-12,2.84,2.84,2.65,2.75,3610
30-Aug-12,2.65,2.75,2.65,2.65,1950
29-Aug-12,2.61,2.73,2.61,2.68,400
28-Aug-12,2.53,2.53,2.49,2.50,16900
27-Aug-12,2.58,2.68,2.50,2.65,8000
24-Aug-12,2.46,2.68,2.46,2.68,1600
23-Aug-12,2.50,2.50,2.50,2.50,17000
22-Aug-12,2.50,2.50,2.50,2.50,1100
21-Aug-12,2.50,2.50,2.48,2.50,24700
20-Aug-12,2.50,2.50,2.50,2.50,70282
17-Aug-12,2.50,2.50,2.48,2.48,10300
16-Aug-12,2.46,2.57,2.46,2.57,750
15-Aug-12,2.60,2.60,2.60,2.60,9500
14-Aug-12,2.45,2.45,2.45,2.45,0
13-Aug-12,2.45,2.69,2.45,2.50,1759
10-Aug-12,2.65,2.65,2.46,2.46,5111
9-Aug-12,2.70,2.70,2.70,2.70,200
8-Aug-12,2.74,2.74,2.55,2.57,2500
7-Aug-12,2.75,2.75,2.74,2.75,1449
6-Aug-12,2.75,2.75,2.75,2.75,0
3-Aug-12,2.75,2.75,2.75,2.75,27600
2-Aug-12,2.75,2.75,2.75,2.75,200
1-Aug-12,2.75,2.75,2.75,2.75,0
31-Jul-12,2.75,2.75,2.75,2.75,300
30-Jul-12,2.85,2.85,2.75,2.75,2648
27-Jul-12,2.87,2.87,2.87,2.87,300
26-Jul-12,2.70,2.88,2.70,2.88,1100
25-Jul-12,2.65,2.75,2.65,2.75,2820
24-Jul-12,2.65,2.65,2.65,2.65,2500
23-Jul-12,2.45,2.65,2.45,2.65,8908
20-Jul-12,2.50,2.50,2.50,2.50,6200
19-Jul-12,2.47,2.50,2.40,2.50,16600
18-Jul-12,2.47,2.49,2.40,2.49,300
17-Jul-12,2.45,2.50,2.45,2.50,3961
16-Jul-12,2.49,2.49,2.22,2.47,17620
13-Jul-12,2.48,2.56,2.48,2.55,7200
12-Jul-12,2.55,2.55,2.55,2.55,2299
11-Jul-12,2.45,2.70,2.45,2.54,7400
10-Jul-12,2.65,2.66,2.45,2.49,30376
9-Jul-12,2.65,2.65,2.52,2.65,1750
6-Jul-12,2.65,2.65,2.55,2.65,9403
5-Jul-12,2.70,2.70,2.70,2.70,500
3-Jul-12,2.55,2.71,2.55,2.58,1300
2-Jul-12,2.52,2.71,2.51,2.52,922
29-Jun-12,2.40,2.71,2.39,2.71,36725
28-Jun-12,2.40,2.65,2.32,2.33,22682
27-Jun-12,2.45,2.45,2.45,2.45,400
26-Jun-12,2.45,2.45,2.45,2.45,31926
25-Jun-12,2.40,2.50,2.40,2.45,30365
22-Jun-12,2.45,2.45,2.45,2.45,300
21-Jun-12,2.45,2.45,2.45,2.45,0
20-Jun-12,2.45,2.45,2.45,2.45,10000
19-Jun-12,2.45,2.47,2.42,2.45,19523
18-Jun-12,2.45,2.45,2.38,2.38,13701
15-Jun-12,2.45,2.45,2.25,2.43,13191
14-Jun-12,2.32,2.32,2.32,2.32,0
13-Jun-12,2.40,3.00,2.32,2.32,5401
12-Jun-12,2.51,2.51,2.51,2.51,0
11-Jun-12,2.46,2.51,2.46,2.50,970
8-Jun-12,2.54,2.70,2.44,2.50,14540
7-Jun-12,2.35,2.51,2.35,2.43,14831
6-Jun-12,2.60,2.76,2.35,2.39,24710
5-Jun-12,2.77,2.77,2.52,2.53,1568
4-Jun-12,2.92,2.92,2.77,2.77,410
1-Jun-12,2.80,2.94,2.80,2.94,655
31-May-12,2.70,2.70,2.70,2.70,1062
30-May-12,2.84,2.84,2.84,2.84,700
29-May-12,2.88,2.88,2.85,2.85,1400
25-May-12,2.85,2.85,2.85,2.85,0
24-May-12,2.82,2.85,2.82,2.85,240
23-May-12,2.80,2.80,2.80,2.80,0
22-May-12,3.02,3.02,2.80,2.80,8319
21-May-12,2.96,3.00,2.96,3.00,1678
18-May-12,3.01,3.01,3.01,3.01,0
17-May-12,2.99,2.99,2.99,2.99,142
16-May-12,3.01,3.01,3.01,3.01,0
15-May-12,3.06,3.06,3.01,3.01,5817
14-May-12,3.20,3.25,3.13,3.25,1100
11-May-12,3.10,3.24,3.10,3.24,700
10-May-12,3.00,3.00,3.00,3.00,0
9-May-12,3.00,3.00,3.00,3.00,0
8-May-12,3.00,3.19,3.00,3.00,1050
7-May-12,3.15,3.36,2.89,3.00,15957
4-May-12,3.12,3.12,3.12,3.12,0
3-May-12,3.50,3.50,3.50,3.50,100
2-May-12,3.12,3.12,3.12,3.12,500
1-May-12,3.10,3.10,3.10,3.10,1000
30-Apr-12,2.92,2.92,2.92,2.92,0
27-Apr-12,2.92,3.55,2.92,3.55,1000
26-Apr-12,3.55,3.55,3.55,3.55,100
25-Apr-12,3.60,3.60,3.60,3.60,0
24-Apr-12,3.60,3.60,3.60,3.60,0
23-Apr-12,3.60,3.60,3.60,3.60,0
20-Apr-12,3.55,3.65,3.55,3.65,3892
19-Apr-12,3.41,3.41,3.41,3.41,0
18-Apr-12,3.41,3.41,3.41,3.41,0
17-Apr-12,3.41,3.41,3.41,3.41,0
16-Apr-12,3.41,3.41,3.41,3.41,0
13-Apr-12,3.41,3.41,3.41,3.41,0
12-Apr-12,3.50,3.50,3.40,3.40,1637
11-Apr-12,3.55,3.55,3.55,3.55,0
10-Apr-12,3.60,3.60,3.55,3.55,2100
9-Apr-12,3.61,3.61,3.61,3.61,170
5-Apr-12,3.67,3.67,3.67,3.67,0
4-Apr-12,3.65,3.65,3.65,3.65,0
3-Apr-12,3.71,3.71,3.64,3.64,1400
2-Apr-12,3.69,3.69,3.69,3.69,0
30-Mar-12,3.68,3.69,3.68,3.68,1300
29-Mar-12,3.61,3.61,3.61,3.61,0
28-Mar-12,3.61,3.61,3.61,3.61,100
27-Mar-12,3.90,3.90,3.58,3.58,6080
26-Mar-12,3.97,3.97,3.97,3.97,0
23-Mar-12,3.97,3.97,3.97,3.97,190
22-Mar-12,3.97,3.97,3.97,3.97,3867
21-Mar-12,4.00,4.00,4.00,4.00,1800
20-Mar-12,4.33,4.33,4.00,4.00,1400
19-Mar-12,4.12,4.15,3.95,3.95,7987
16-Mar-12,4.00,4.00,4.00,4.00,100
15-Mar-12,3.33,3.80,3.33,3.80,289
14-Mar-12,3.63,3.77,3.63,3.75,600
13-Mar-12,3.60,3.60,3.60,3.60,600
12-Mar-12,3.50,3.62,3.50,3.62,400
9-Mar-12,3.50,3.50,3.50,3.50,400
8-Mar-12,3.28,3.50,3.27,3.50,10918
7-Mar-12,3.28,3.53,3.00,3.53,65700
6-Mar-12,3.66,3.66,3.66,3.66,0
5-Mar-12,3.92,3.92,3.62,3.63,10292
2-Mar-12,4.04,4.04,3.92,3.92,200
1-Mar-12,3.98,4.05,3.98,4.05,1215
29-Feb-12,4.01,4.14,3.84,4.13,1900
28-Feb-12,3.88,4.01,3.88,4.00,2517
27-Feb-12,3.93,3.93,3.88,3.88,3219
24-Feb-12,4.00,4.00,3.93,3.93,2379
23-Feb-12,4.15,4.43,3.91,4.00,7188
22-Feb-12,4.25,4.25,3.91,4.10,4096
21-Feb-12,4.24,4.60,4.24,4.25,20773
17-Feb-12,3.26,4.10,3.26,4.10,14832
16-Feb-12,3.00,3.07,3.00,3.07,2100
15-Feb-12,3.23,3.25,3.23,3.25,1977
14-Feb-12,2.96,3.29,2.96,3.29,3454
13-Feb-12,3.00,3.01,3.00,3.00,400
10-Feb-12,3.00,3.02,3.00,3.00,963
7-Feb-12,3.10,3.10,3.10,3.10,0
6-Feb-12,3.50,3.50,3.14,3.25,550
3-Feb-12,3.00,3.42,3.00,3.39,900
2-Feb-12,3.00,3.00,3.00,3.00,2128
31-Jan-12,2.80,2.80,2.80,2.80,0
27-Jan-12,2.70,2.70,2.70,2.70,0
25-Jan-12,2.58,2.58,2.58,2.58,0
23-Jan-12,2.60,2.60,2.60,2.60,0
18-Jan-12,2.51,2.51,2.51,2.51,0
17-Jan-12,2.48,2.48,2.48,2.48,100
13-Jan-12,2.47,2.47,2.47,2.47,0
12-Jan-12,2.29,2.59,2.29,2.59,500
10-Jan-12,2.22,2.22,2.22,2.22,0
9-Jan-12,2.36,2.37,2.19,2.20,3807
30-Dec-11,2.33,2.33,2.33,2.33,0
29-Dec-11,2.21,2.39,2.19,2.24,7291
28-Dec-11,2.32,2.42,2.32,2.32,1704
27-Dec-11,2.32,2.35,2.32,2.32,825
23-Dec-11,2.32,2.32,2.32,2.32,0
22-Dec-11,2.47,2.47,2.39,2.46,3200
21-Dec-11,2.46,2.69,2.40,2.40,2900
20-Dec-11,2.63,2.75,2.46,2.52,1540
16-Dec-11,2.50,2.50,2.50,2.50,0
15-Dec-11,2.50,2.57,2.50,2.50,6835
14-Dec-11,2.50,2.50,2.50,2.50,0
12-Dec-11,2.54,2.54,2.54,2.54,0
9-Dec-11,2.95,3.00,2.95,3.00,1000
8-Dec-11,2.56,2.56,2.56,2.56,921
6-Dec-11,3.00,3.00,3.00,3.00,0
5-Dec-11,2.91,2.91,2.91,2.91,0
2-Dec-11,2.72,2.72,2.72,2.72,0
1-Dec-11,2.35,2.35,2.35,2.35,250
30-Nov-11,2.63,2.63,2.63,2.63,0
29-Nov-11,2.37,2.37,2.37,2.37,100
28-Nov-11,2.48,2.48,2.48,2.48,0
23-Nov-11,2.35,2.35,2.35,2.35,0
21-Nov-11,2.59,2.59,2.59,2.59,0
18-Nov-11,2.34,2.34,2.34,2.34,400
17-Nov-11,2.34,2.34,2.34,2.34,100
15-Nov-11,2.32,2.32,2.32,2.32,0
14-Nov-11,2.33,2.33,2.33,2.33,0
11-Nov-11,2.34,2.34,2.20,2.20,3300
10-Nov-11,2.25,2.31,2.25,2.30,4607
9-Nov-11,2.25,2.25,2.25,2.25,1487
8-Nov-11,2.35,2.35,2.30,2.30,852
7-Nov-11,2.14,2.21,2.13,2.21,8918
4-Nov-11,2.25,2.36,2.25,2.36,9000
28-Oct-11,2.30,2.30,2.30,2.30,0
27-Oct-11,2.19,2.19,2.19,2.19,0
24-Oct-11,2.25,2.25,2.25,2.25,0
18-Oct-11,2.22,2.22,2.22,2.22,0
17-Oct-11,2.25,2.25,2.25,2.25,1300
14-Oct-11,2.23,2.23,2.20,2.20,600
13-Oct-11,2.23,2.23,2.20,2.20,6400
12-Oct-11,2.09,2.22,2.08,2.22,4800
11-Oct-11,2.29,2.29,2.16,2.16,700
10-Oct-11,2.08,2.08,2.08,2.08,0
7-Oct-11,2.30,2.30,2.22,2.22,15580
3-Oct-11,2.38,2.38,2.38,2.38,0
