Date,Open,High,Low,Close,Volume
27-Sep-12,114.21,116.22,113.30,115.43,1524718
26-Sep-12,113.91,114.73,111.90,113.71,1079413
25-Sep-12,115.48,116.47,113.53,113.93,1876603
24-Sep-12,113.29,114.78,113.11,114.07,1052748
21-Sep-12,115.10,115.50,113.42,114.37,848771
20-Sep-12,114.43,114.97,113.00,114.90,427394
19-Sep-12,113.09,116.39,112.77,115.69,704182
18-Sep-12,112.39,113.43,111.66,112.77,335179
17-Sep-12,114.16,115.15,111.97,112.47,422172
14-Sep-12,110.95,114.50,110.80,113.01,1015551
13-Sep-12,106.91,110.42,106.53,110.07,567763
12-Sep-12,105.70,107.81,105.68,107.45,629212
11-Sep-12,102.40,105.21,102.29,104.80,485582
10-Sep-12,104.10,104.50,102.76,103.09,487058
7-Sep-12,102.00,103.85,101.71,102.74,2416687
6-Sep-12,100.78,102.25,100.47,101.55,2193285
5-Sep-12,100.58,101.14,99.32,99.61,1580460
4-Sep-12,102.60,102.89,100.38,100.72,1817195
31-Aug-12,103.80,105.05,102.84,103.17,970553
30-Aug-12,104.52,104.52,102.36,102.85,1028625
29-Aug-12,105.25,105.68,103.66,104.92,1228311
28-Aug-12,105.00,105.95,104.32,105.23,1128941
27-Aug-12,106.13,106.30,104.51,105.47,1183733
24-Aug-12,104.53,105.61,103.48,105.33,1287489
23-Aug-12,106.11,106.70,105.11,105.15,1110998
22-Aug-12,105.36,107.10,104.84,105.80,1453661
21-Aug-12,105.65,107.50,104.84,105.41,1615740
20-Aug-12,108.10,110.00,105.25,105.60,1930889
17-Aug-12,104.78,105.38,103.71,104.80,1208844
16-Aug-12,100.69,104.78,100.40,104.24,2194351
15-Aug-12,99.36,100.50,99.09,100.21,802099
14-Aug-12,101.04,101.34,99.32,99.54,911169
13-Aug-12,100.91,101.75,99.55,100.13,1001712
10-Aug-12,101.00,101.98,99.87,101.83,1254209
9-Aug-12,102.34,103.14,101.30,101.53,1004165
8-Aug-12,101.81,102.98,101.54,102.71,1353766
7-Aug-12,99.39,104.00,98.81,102.64,3457756
6-Aug-12,95.98,98.63,94.84,97.80,1551566
3-Aug-12,95.15,96.38,95.01,95.56,1473900
2-Aug-12,94.04,95.98,92.56,93.53,1804480
1-Aug-12,95.40,95.87,94.11,95.30,1749203
31-Jul-12,94.29,94.91,93.00,93.75,1430554
30-Jul-12,94.42,96.57,93.70,94.55,1818243
27-Jul-12,93.41,94.85,93.17,94.61,2010430
26-Jul-12,93.27,93.43,90.11,93.10,3255720
25-Jul-12,93.20,94.00,91.58,92.79,1725870
24-Jul-12,95.68,95.99,92.02,93.00,2659366
23-Jul-12,95.34,95.50,94.00,95.02,1857716
20-Jul-12,98.58,99.94,97.23,97.31,1855456
19-Jul-12,96.54,100.13,95.87,99.66,2236531
18-Jul-12,96.25,100.94,94.52,96.29,5189043
17-Jul-12,97.45,98.27,95.58,97.36,2251480
16-Jul-12,96.03,97.70,95.33,96.44,2089117
13-Jul-12,96.83,97.00,95.10,96.22,2589541
12-Jul-12,99.56,100.26,96.46,96.75,2807558
11-Jul-12,99.95,102.98,99.43,100.64,2214691
10-Jul-12,100.60,101.69,99.47,100.23,2682783
9-Jul-12,99.89,101.19,99.25,100.01,2237313
6-Jul-12,100.88,101.00,99.03,100.69,2384541
5-Jul-12,100.98,102.30,98.44,101.82,2831533
3-Jul-12,101.98,102.70,100.67,101.55,1349508
2-Jul-12,102.60,104.57,101.59,102.15,1939087
29-Jun-12,104.28,105.00,102.89,103.72,2247741
28-Jun-12,101.70,103.24,100.40,102.01,1792702
27-Jun-12,102.78,103.66,101.96,102.40,1850103
26-Jun-12,101.69,102.93,100.45,102.04,2042143
25-Jun-12,101.18,102.74,101.00,102.06,1691470
22-Jun-12,102.63,104.14,101.84,103.32,2407146
21-Jun-12,105.16,107.57,101.95,102.05,2992376
20-Jun-12,105.36,105.45,103.00,104.89,1555844
19-Jun-12,100.74,105.08,100.74,104.52,2136587
18-Jun-12,98.90,101.00,98.01,100.33,1714995
15-Jun-12,99.99,100.56,99.08,99.53,1832964
14-Jun-12,98.90,101.12,98.24,100.49,1989851
13-Jun-12,100.72,102.27,99.96,100.20,1863522
12-Jun-12,101.28,101.70,99.40,101.47,2622173
11-Jun-12,105.16,105.65,99.40,99.53,3227365
8-Jun-12,101.94,104.38,100.99,104.21,1300668
7-Jun-12,105.88,107.00,102.31,102.64,1812774
6-Jun-12,102.32,104.69,102.11,103.91,2042813
5-Jun-12,97.38,101.30,97.00,100.99,2906840
4-Jun-12,97.15,98.70,95.82,98.17,2625293
1-Jun-12,99.80,100.56,96.52,97.38,3345814
31-May-12,104.09,104.46,100.17,103.04,2820699
30-May-12,105.74,106.14,103.08,104.55,2835885
29-May-12,103.56,105.80,103.23,104.61,1497356
25-May-12,103.05,104.40,101.50,102.04,1382846
24-May-12,104.66,105.46,102.10,103.23,1594351
23-May-12,102.22,104.12,101.01,103.66,1921404
22-May-12,103.89,105.30,101.72,103.15,2241628
21-May-12,102.43,104.34,98.26,104.17,3241284
18-May-12,102.03,106.68,101.39,101.94,3069183
17-May-12,104.85,106.02,101.26,101.54,2592054
16-May-12,107.14,108.35,104.81,105.06,2357014
15-May-12,108.20,109.28,106.19,106.45,2604899
14-May-12,111.01,111.19,107.94,108.09,3214877
11-May-12,112.44,115.38,111.55,112.90,2462556
10-May-12,117.02,117.25,113.21,113.25,2441681
9-May-12,116.94,117.77,113.95,115.37,3321167
8-May-12,123.24,123.25,116.35,119.23,4636317
7-May-12,126.18,127.59,124.75,125.19,2977703
4-May-12,128.67,129.55,126.94,127.40,2222157
3-May-12,133.79,134.26,129.87,130.55,1738556
2-May-12,138.00,138.28,133.52,133.65,3921666
1-May-12,132.80,135.88,132.49,134.71,1540027
30-Apr-12,134.56,135.36,130.50,133.40,1839760
27-Apr-12,134.48,136.63,133.87,135.04,2066755
26-Apr-12,130.09,134.30,127.90,134.13,3566976
25-Apr-12,127.65,129.18,125.84,128.90,2838127
24-Apr-12,124.91,125.93,124.18,124.71,1122884
23-Apr-12,127.38,127.38,124.72,125.25,1842923
20-Apr-12,130.82,130.82,128.87,128.99,1565842
19-Apr-12,130.75,131.85,129.05,129.55,1800192
18-Apr-12,128.74,132.47,128.48,130.28,3983206
17-Apr-12,124.46,125.55,123.40,124.77,1746362
16-Apr-12,125.44,125.65,123.18,123.37,1370777
13-Apr-12,125.39,126.75,124.18,125.48,1047457
12-Apr-12,124.92,127.86,124.66,126.28,2347499
11-Apr-12,123.69,126.33,123.60,124.28,1954852
10-Apr-12,124.56,125.95,120.75,122.10,2226366
9-Apr-12,123.38,125.00,122.82,124.22,1590519
5-Apr-12,123.45,126.38,123.45,125.94,1049855
4-Apr-12,124.15,125.16,123.41,123.76,1193586
3-Apr-12,125.34,127.10,125.03,125.68,1019030
2-Apr-12,124.73,127.69,124.26,125.48,1447321
30-Mar-12,126.03,126.57,123.77,124.88,1289926
29-Mar-12,124.97,125.42,122.86,124.93,1524585
28-Mar-12,128.90,129.01,124.39,126.25,2171602
27-Mar-12,129.79,130.46,128.66,128.81,1551337
26-Mar-12,127.68,131.20,127.52,130.00,2763419
23-Mar-12,127.19,127.41,125.85,126.57,1092837
22-Mar-12,128.00,129.85,125.97,126.81,1355905
21-Mar-12,128.21,129.95,127.70,128.87,1660344
20-Mar-12,128.03,128.68,126.04,128.01,1817911
19-Mar-12,126.58,130.71,126.58,129.29,1987975
16-Mar-12,128.20,129.00,126.33,126.96,1859690
15-Mar-12,125.40,128.83,125.36,128.00,1977745
14-Mar-12,125.74,126.54,125.18,126.08,1716430
13-Mar-12,124.65,126.23,124.02,125.33,2990011
12-Mar-12,121.11,122.57,120.09,121.07,1851490
9-Mar-12,123.28,123.97,120.26,120.79,2055829
8-Mar-12,123.81,124.26,122.50,123.39,2102416
7-Mar-12,121.27,123.35,121.21,122.27,2291581
6-Mar-12,119.97,120.74,118.60,119.38,2391731
5-Mar-12,126.55,127.96,122.32,122.75,3160858
2-Mar-12,124.20,132.59,123.21,127.27,14145306
1-Mar-12,120.00,123.38,119.62,122.06,4315439
29-Feb-12,116.50,119.84,116.05,118.54,4508213
28-Feb-12,116.38,117.16,115.09,115.09,3111779
27-Feb-12,117.41,117.60,116.33,116.52,1934477
24-Feb-12,116.94,119.49,116.80,118.10,2087202
23-Feb-12,117.68,118.13,115.79,116.34,1894800
22-Feb-12,118.51,120.15,117.19,117.74,2341190
21-Feb-12,118.65,121.58,117.99,119.40,8347755
17-Feb-12,114.20,114.84,112.45,112.69,2115201
16-Feb-12,111.58,112.90,110.63,112.67,1680197
15-Feb-12,111.48,112.74,111.06,111.41,2250530
14-Feb-12,109.80,111.85,109.18,111.16,2116472
13-Feb-12,113.24,113.25,110.00,110.56,3735775
10-Feb-12,112.50,114.21,112.02,113.20,1608535
9-Feb-12,115.17,115.30,113.21,113.59,2147236
8-Feb-12,113.26,114.66,112.71,114.64,2330808
7-Feb-12,112.50,114.45,112.50,112.67,2191802
6-Feb-12,114.44,114.87,112.05,112.83,3308795
3-Feb-12,117.01,117.23,114.39,114.98,7267945
2-Feb-12,118.53,120.81,117.10,120.78,4245840
1-Feb-12,117.34,118.84,115.82,117.75,3267445
31-Jan-12,117.10,117.65,114.87,115.23,1640011
30-Jan-12,116.33,116.57,112.16,115.41,2893330
27-Jan-12,119.00,120.00,118.13,119.07,1413236
26-Jan-12,121.49,123.27,118.35,119.15,2380171
25-Jan-12,118.54,121.17,117.47,120.42,2404182
24-Jan-12,116.78,119.31,115.76,118.47,2499311
23-Jan-12,115.79,119.57,115.64,117.27,2491274
20-Jan-12,117.27,117.76,115.18,115.47,1519065
19-Jan-12,118.63,119.08,116.00,117.35,2153553
18-Jan-12,112.27,117.20,112.00,116.81,2979606
17-Jan-12,110.46,113.68,110.36,111.90,3459669
13-Jan-12,107.85,107.85,107.85,107.85,0
12-Jan-12,106.98,110.94,104.62,109.80,6975086
11-Jan-12,107.00,112.16,106.93,111.89,2589690
10-Jan-12,107.22,107.22,107.22,107.22,0
9-Jan-12,107.38,108.00,105.88,106.64,1568133
6-Jan-12,110.90,111.19,107.21,107.41,1882369
5-Jan-12,111.16,111.45,109.32,110.84,2248314
4-Jan-12,113.65,114.00,111.92,112.01,1724189
3-Jan-12,114.47,115.80,112.30,113.97,2034177
30-Dec-11,110.49,110.49,110.49,110.49,0
29-Dec-11,109.66,110.88,108.53,110.34,1490020
28-Dec-11,109.24,109.24,109.24,109.24,0
27-Dec-11,110.56,114.45,109.36,113.53,2489382
23-Dec-11,110.02,110.02,110.02,110.02,0
22-Dec-11,108.08,108.65,106.57,108.04,1409346
21-Dec-11,106.94,108.39,105.00,107.94,2053937
20-Dec-11,107.54,107.54,107.54,107.54,0
19-Dec-11,106.50,108.65,101.90,102.20,1896869
16-Dec-11,105.52,107.26,104.92,105.65,2323682
15-Dec-11,103.41,105.29,101.02,104.58,2632841
14-Dec-11,104.01,104.48,101.67,102.29,2751581
13-Dec-11,109.33,110.49,103.77,104.41,2766142
12-Dec-11,108.74,108.74,108.74,108.74,0
9-Dec-11,110.22,111.88,108.63,110.86,4211493
8-Dec-11,113.45,114.83,110.00,110.18,1910807
7-Dec-11,112.50,114.55,110.00,114.05,2580156
6-Dec-11,117.11,117.88,113.00,113.67,3074270
5-Dec-11,120.58,120.92,116.03,117.63,2442849
2-Dec-11,121.25,121.50,118.27,118.41,1574708
1-Dec-11,119.85,121.66,117.58,118.96,1804420
30-Nov-11,116.00,120.62,115.65,120.56,4304983
29-Nov-11,114.32,115.00,110.00,110.14,2144719
28-Nov-11,112.39,115.95,112.36,114.60,2503155
25-Nov-11,107.18,109.77,106.77,107.02,1040088
23-Nov-11,107.99,107.99,107.99,107.99,0
22-Nov-11,110.48,114.17,110.07,112.90,2557595
21-Nov-11,115.15,116.02,110.09,112.07,3714003
18-Nov-11,121.78,123.13,119.82,121.76,2385858
17-Nov-11,124.49,124.85,119.17,120.78,10292697
16-Nov-11,126.19,127.05,122.94,123.25,2849292
15-Nov-11,124.71,129.00,123.72,127.86,2046634
14-Nov-11,125.07,128.98,124.34,125.02,3339618
11-Nov-11,120.98,125.75,119.26,125.46,3099206
10-Nov-11,125.18,125.50,117.40,119.57,4997915
9-Nov-11,126.00,127.71,123.21,123.91,2472170
8-Nov-11,130.22,130.72,126.75,129.04,2165853
7-Nov-11,131.36,132.31,127.20,128.72,3835580
4-Nov-11,132.21,134.46,131.05,131.65,1938291
3-Nov-11,134.14,134.94,129.10,133.69,2618665
2-Nov-11,133.39,136.70,131.29,132.54,3747894
1-Nov-11,129.01,130.96,127.02,128.61,2808914
31-Oct-11,135.52,137.92,132.68,132.80,2174642
28-Oct-11,137.89,142.20,136.11,138.03,3993909
27-Oct-11,134.03,138.36,131.57,136.89,5457814
26-Oct-11,126.44,128.64,121.75,128.01,3268011
25-Oct-11,126.75,128.00,123.00,123.18,2756734
24-Oct-11,122.90,127.95,122.66,127.65,6640107
21-Oct-11,124.60,125.55,117.37,120.40,5659058
20-Oct-11,124.09,125.40,119.60,123.37,6758205
19-Oct-11,136.77,139.30,129.50,130.27,6147504
18-Oct-11,132.65,138.60,129.41,137.65,4557084
17-Oct-11,133.66,138.24,133.16,134.81,3549504
14-Oct-11,134.33,134.81,129.07,134.48,4003743
13-Oct-11,136.86,137.90,129.90,131.28,6072514
12-Oct-11,139.30,140.40,136.75,137.71,3042451
11-Oct-11,138.84,140.95,136.04,137.77,3875894
10-Oct-11,131.68,139.77,131.53,139.73,4630283
7-Oct-11,136.18,137.85,127.96,129.06,5857434
6-Oct-11,124.20,132.71,123.65,132.58,7174526
5-Oct-11,117.25,120.30,115.05,119.94,4008525
4-Oct-11,112.06,119.00,108.42,118.75,6170132
3-Oct-11,111.86,115.35,107.78,110.67,6039644
30-Sep-11,121.76,124.75,111.71,115.08,9441026
29-Sep-11,138.55,139.47,120.42,125.54,8014476
