Date,Open,High,Low,Close,Volume
27-Sep-12,8.03,8.10,7.96,7.97,131419
26-Sep-12,7.97,8.10,7.91,8.03,120161
25-Sep-12,8.00,8.14,7.92,7.97,259335
24-Sep-12,7.82,8.00,7.78,7.97,237229
21-Sep-12,7.87,7.87,7.76,7.78,168239
20-Sep-12,7.82,7.82,7.76,7.80,49041
19-Sep-12,8.00,8.00,7.81,7.83,52470
18-Sep-12,7.99,7.99,7.81,7.93,55704
17-Sep-12,7.96,8.03,7.94,7.96,84939
14-Sep-12,7.87,8.12,7.87,7.95,141587
13-Sep-12,7.92,8.00,7.83,7.86,90189
12-Sep-12,7.85,8.01,7.85,7.94,49333
11-Sep-12,7.82,7.94,7.80,7.91,78063
10-Sep-12,8.06,8.08,7.85,7.86,75036
7-Sep-12,7.89,8.10,7.87,7.94,246979
6-Sep-12,7.87,8.00,7.78,7.84,311014
5-Sep-12,8.00,8.01,7.82,7.85,318425
4-Sep-12,7.87,8.08,7.68,8.01,398235
31-Aug-12,8.28,8.28,7.86,7.90,274302
30-Aug-12,8.16,8.22,7.92,8.08,153931
29-Aug-12,7.80,8.24,7.80,8.22,212065
28-Aug-12,7.85,7.91,7.75,7.80,788182
27-Aug-12,7.78,7.87,7.67,7.81,433219
24-Aug-12,7.80,7.93,7.57,7.63,283539
23-Aug-12,8.00,8.02,7.75,7.80,415732
22-Aug-12,7.92,8.00,7.90,7.95,316014
21-Aug-12,8.10,8.10,7.94,7.95,471583
20-Aug-12,8.01,8.03,7.96,8.00,217705
17-Aug-12,7.96,8.10,7.96,8.00,280845
16-Aug-12,8.15,8.20,7.99,8.06,423628
15-Aug-12,8.25,8.27,8.10,8.14,237531
14-Aug-12,8.38,8.40,8.06,8.10,392909
13-Aug-12,8.69,8.69,8.16,8.22,534755
10-Aug-12,8.03,8.24,7.84,8.08,1093909
9-Aug-12,7.84,7.88,7.40,7.67,357722
8-Aug-12,7.71,7.91,7.50,7.76,431123
7-Aug-12,7.11,7.70,7.07,7.60,1240543
6-Aug-12,6.80,7.17,6.78,7.05,691104
3-Aug-12,6.99,7.22,6.50,6.75,5464830
2-Aug-12,10.34,11.01,10.31,10.63,357091
1-Aug-12,10.50,10.50,10.17,10.31,182265
31-Jul-12,10.90,11.00,10.35,10.43,143782
30-Jul-12,11.09,11.22,10.68,10.90,155073
27-Jul-12,10.40,11.11,10.26,11.09,252893
26-Jul-12,10.98,10.98,10.30,10.39,172081
25-Jul-12,10.75,11.00,10.57,10.83,140667
24-Jul-12,11.39,11.55,10.63,10.77,148518
23-Jul-12,11.16,11.42,11.08,11.31,141618
20-Jul-12,11.70,11.73,11.46,11.47,126988
19-Jul-12,11.69,11.74,11.42,11.58,89563
18-Jul-12,11.67,11.70,11.35,11.68,276456
17-Jul-12,11.01,11.70,11.00,11.55,268540
16-Jul-12,11.30,11.43,11.20,11.27,92590
13-Jul-12,11.34,11.57,11.30,11.37,122044
12-Jul-12,11.60,11.66,11.20,11.35,221611
11-Jul-12,11.39,11.70,11.29,11.64,214513
10-Jul-12,11.63,11.71,11.31,11.40,210736
9-Jul-12,11.49,11.64,11.26,11.52,252549
6-Jul-12,11.58,11.74,11.35,11.48,137482
5-Jul-12,11.75,11.77,11.52,11.75,210458
3-Jul-12,11.65,11.84,11.65,11.82,142975
2-Jul-12,11.74,11.98,11.52,11.72,237459
29-Jun-12,12.13,12.40,11.67,11.73,433129
28-Jun-12,11.72,11.86,11.59,11.80,491588
27-Jun-12,11.20,11.88,10.97,11.78,296886
26-Jun-12,10.79,11.20,10.71,11.13,157007
25-Jun-12,11.23,11.26,10.52,10.74,371986
22-Jun-12,11.40,11.58,11.12,11.34,2639177
21-Jun-12,10.93,11.58,10.85,11.25,303617
20-Jun-12,10.54,11.00,10.54,10.89,257602
19-Jun-12,10.17,10.62,10.10,10.60,253214
18-Jun-12,10.03,10.49,10.00,10.18,242336
15-Jun-12,10.27,10.27,9.81,10.12,352595
14-Jun-12,10.10,10.43,9.91,10.30,250056
13-Jun-12,10.50,10.50,9.53,10.16,467642
12-Jun-12,10.08,10.70,9.52,10.60,526378
11-Jun-12,10.25,10.59,9.92,10.49,385018
8-Jun-12,9.44,10.13,9.33,10.10,209041
7-Jun-12,9.55,9.76,9.31,9.50,304086
6-Jun-12,9.31,9.71,9.13,9.50,314195
5-Jun-12,9.02,9.49,8.97,9.33,279762
4-Jun-12,9.71,9.85,8.87,9.10,447880
1-Jun-12,10.57,10.72,9.65,9.66,515148
31-May-12,10.34,11.06,10.16,10.75,976694
30-May-12,10.19,10.40,10.05,10.35,163531
29-May-12,10.25,10.30,10.03,10.28,164031
25-May-12,10.20,10.25,10.01,10.23,183675
24-May-12,10.27,10.27,10.04,10.23,156604
23-May-12,10.58,10.58,10.00,10.24,209599
22-May-12,10.15,10.63,10.07,10.13,480276
21-May-12,9.35,9.94,9.33,9.94,348876
18-May-12,9.54,9.59,9.02,9.20,579944
17-May-12,10.12,10.15,9.56,9.67,380836
16-May-12,10.05,10.44,10.00,10.08,260368
15-May-12,10.19,10.33,9.92,10.00,326741
14-May-12,10.33,10.38,10.13,10.24,270821
11-May-12,10.14,10.44,10.10,10.39,218628
10-May-12,10.16,10.50,10.03,10.17,394097
9-May-12,10.54,10.65,10.09,10.18,422410
8-May-12,10.31,10.77,9.94,10.65,426249
7-May-12,10.81,10.85,9.96,10.20,713753
4-May-12,11.25,11.25,10.64,10.89,676829
3-May-12,11.92,12.00,11.12,11.30,971589
2-May-12,12.37,12.40,11.55,12.01,664533
1-May-12,12.03,12.44,12.00,12.22,614278
30-Apr-12,12.08,12.24,11.92,12.05,776323
27-Apr-12,12.25,12.35,11.90,12.20,1148030
26-Apr-12,12.35,12.49,11.52,12.25,1210805
25-Apr-12,13.76,13.98,12.00,12.33,1718055
24-Apr-12,13.45,13.99,13.41,13.83,456371
23-Apr-12,13.39,13.59,13.31,13.47,477307
20-Apr-12,13.67,13.67,13.36,13.61,312924
19-Apr-12,13.51,13.71,13.33,13.56,281104
18-Apr-12,13.38,13.72,13.06,13.47,311673
17-Apr-12,13.40,13.89,13.35,13.39,298987
16-Apr-12,13.18,13.38,13.17,13.32,295594
13-Apr-12,13.39,13.44,12.91,13.18,303979
12-Apr-12,13.19,13.48,13.19,13.37,429554
11-Apr-12,13.19,13.36,13.01,13.18,610623
10-Apr-12,13.20,13.37,13.02,13.11,455484
9-Apr-12,13.55,13.62,13.02,13.16,346069
5-Apr-12,13.60,13.75,13.36,13.73,186832
4-Apr-12,13.85,13.90,13.06,13.50,400041
3-Apr-12,14.65,14.70,13.75,13.92,294108
2-Apr-12,14.69,14.79,14.59,14.65,241018
30-Mar-12,15.00,15.00,14.72,14.81,149012
29-Mar-12,14.64,14.92,14.56,14.83,284620
28-Mar-12,15.11,15.11,14.61,14.76,312450
27-Mar-12,14.91,15.12,14.83,15.00,307341
26-Mar-12,14.52,14.79,14.45,14.72,305606
23-Mar-12,14.33,14.57,14.20,14.38,207209
22-Mar-12,14.40,14.60,14.32,14.41,295971
21-Mar-12,14.16,14.43,14.06,14.39,143106
20-Mar-12,14.48,14.56,14.00,14.20,263584
19-Mar-12,14.33,14.59,14.30,14.52,359422
16-Mar-12,14.01,14.48,13.99,14.30,377408
15-Mar-12,14.02,14.18,13.96,14.08,288482
14-Mar-12,14.24,14.34,13.96,14.05,209144
13-Mar-12,13.94,14.20,13.80,14.19,314961
12-Mar-12,14.08,14.08,13.83,13.94,257344
9-Mar-12,13.83,14.07,13.75,13.99,422891
8-Mar-12,13.62,13.98,13.52,13.80,374182
7-Mar-12,13.29,13.62,13.25,13.53,385995
6-Mar-12,13.19,13.48,13.01,13.29,290751
5-Mar-12,13.61,13.63,13.23,13.36,355106
2-Mar-12,13.48,13.70,13.31,13.50,476272
1-Mar-12,13.00,13.29,13.00,13.26,347195
29-Feb-12,13.14,13.25,12.92,13.01,226097
28-Feb-12,13.32,13.50,12.90,13.05,453736
27-Feb-12,13.50,13.52,13.20,13.26,381012
24-Feb-12,13.45,13.65,13.27,13.47,345595
23-Feb-12,13.27,13.38,13.10,13.28,493430
22-Feb-12,13.99,14.06,13.13,13.20,775944
21-Feb-12,14.24,14.24,13.55,13.97,556279
17-Feb-12,14.26,14.27,13.91,14.06,585591
16-Feb-12,14.09,14.29,13.97,13.99,898956
15-Feb-12,14.14,14.14,13.78,13.99,1444921
14-Feb-12,14.74,15.25,13.50,13.84,2628564
13-Feb-12,15.58,16.22,15.32,16.14,796889
10-Feb-12,15.52,15.52,15.15,15.33,227918
9-Feb-12,15.28,15.54,15.20,15.51,185713
8-Feb-12,15.49,15.69,15.11,15.17,229992
7-Feb-12,15.63,15.68,15.34,15.50,179463
6-Feb-12,15.56,15.56,15.56,15.56,0
3-Feb-12,15.75,15.86,15.08,15.30,319220
2-Feb-12,15.75,15.85,15.50,15.62,157976
1-Feb-12,15.89,15.89,15.28,15.69,296812
31-Jan-12,16.24,16.25,15.56,15.86,158978
30-Jan-12,16.15,16.15,15.75,15.93,206289
27-Jan-12,15.97,16.18,15.59,16.13,232282
26-Jan-12,15.75,15.75,15.75,15.75,0
25-Jan-12,15.09,15.59,15.00,15.40,340309
24-Jan-12,15.06,15.17,14.57,14.86,156346
23-Jan-12,15.25,15.38,14.90,15.03,245373
20-Jan-12,14.80,15.18,14.65,15.17,268058
19-Jan-12,14.90,14.90,14.62,14.76,160843
18-Jan-12,14.72,15.08,14.55,14.93,174444
17-Jan-12,15.20,15.20,14.63,14.93,166881
13-Jan-12,15.00,15.00,15.00,15.00,0
12-Jan-12,14.70,14.95,14.20,14.92,279945
11-Jan-12,13.67,14.95,13.65,14.94,318366
10-Jan-12,13.62,13.62,13.62,13.62,0
9-Jan-12,13.75,13.99,13.57,13.65,146782
6-Jan-12,13.74,13.81,13.50,13.75,51485
5-Jan-12,14.00,14.04,13.60,13.71,152617
4-Jan-12,14.23,14.49,13.66,13.80,247512
3-Jan-12,13.76,13.76,13.76,13.76,0
30-Dec-11,13.42,13.42,13.42,13.42,0
29-Dec-11,13.37,13.37,13.37,13.37,0
28-Dec-11,13.53,13.53,13.53,13.53,0
27-Dec-11,14.21,14.56,14.21,14.25,158116
23-Dec-11,14.22,14.22,14.22,14.22,0
22-Dec-11,14.60,14.96,13.90,14.74,551041
21-Dec-11,14.51,14.51,14.51,14.51,0
20-Dec-11,14.30,14.30,14.30,14.30,0
19-Dec-11,14.50,15.63,14.39,14.51,1315927
16-Dec-11,12.87,14.43,12.87,14.31,632075
15-Dec-11,12.62,13.00,12.40,12.81,507055
14-Dec-11,13.19,13.19,12.04,12.43,1154514
13-Dec-11,14.14,14.20,13.10,13.22,515433
12-Dec-11,13.95,13.95,13.95,13.95,0
9-Dec-11,14.34,14.50,14.05,14.28,362879
8-Dec-11,14.53,14.53,14.53,14.53,0
7-Dec-11,14.29,14.47,13.87,14.31,1237782
6-Dec-11,14.76,14.80,14.00,14.43,854886
5-Dec-11,15.47,15.50,14.70,14.84,485953
2-Dec-11,15.01,15.41,14.91,15.16,560526
1-Dec-11,15.90,15.99,14.03,14.79,1370835
30-Nov-11,16.78,16.88,15.90,15.96,1122132
29-Nov-11,16.88,17.10,16.45,16.52,421606
28-Nov-11,17.40,17.43,16.85,16.95,245914
25-Nov-11,17.00,17.19,16.86,16.92,59712
23-Nov-11,17.01,17.01,17.01,17.01,0
22-Nov-11,17.72,17.96,17.15,17.58,210040
21-Nov-11,17.50,18.05,17.11,17.81,339871
18-Nov-11,17.68,17.98,17.50,17.62,258514
17-Nov-11,18.33,18.62,17.47,17.66,351536
16-Nov-11,18.44,18.71,18.30,18.60,449519
15-Nov-11,17.80,18.46,17.66,18.44,588628
14-Nov-11,18.09,18.09,17.47,17.91,344546
11-Nov-11,17.22,18.11,17.11,17.95,417463
10-Nov-11,17.85,17.90,16.80,16.96,447740
9-Nov-11,17.89,18.15,17.52,17.59,969185
8-Nov-11,18.10,18.49,18.06,18.15,547875
7-Nov-11,17.90,18.13,17.69,18.06,426150
4-Nov-11,18.06,18.20,17.52,17.86,396240
3-Nov-11,19.45,19.45,17.42,18.25,853342
2-Nov-11,20.00,20.28,19.60,19.63,454178
1-Nov-11,20.00,20.16,19.10,19.72,401613
31-Oct-11,21.10,21.15,20.11,20.36,577214
28-Oct-11,20.64,20.64,20.64,20.64,0
27-Oct-11,19.50,19.52,18.80,19.52,606081
26-Oct-11,18.52,18.52,18.52,18.52,0
25-Oct-11,17.60,18.09,17.40,17.76,238813
24-Oct-11,18.12,18.18,17.50,17.60,246949
21-Oct-11,17.55,17.55,17.55,17.55,0
20-Oct-11,17.45,17.73,17.25,17.30,241149
19-Oct-11,17.50,17.76,17.26,17.44,214115
18-Oct-11,17.49,18.02,17.29,17.75,229840
17-Oct-11,18.19,18.20,17.50,17.56,173148
14-Oct-11,17.71,17.71,17.71,17.71,0
13-Oct-11,17.50,18.20,17.00,17.73,643216
12-Oct-11,16.94,17.40,16.87,17.38,385039
11-Oct-11,16.86,17.20,16.67,16.96,426466
10-Oct-11,17.05,17.41,16.82,17.08,187973
7-Oct-11,16.90,16.90,16.90,16.90,0
6-Oct-11,17.04,17.56,16.96,17.36,457874
5-Oct-11,17.48,17.48,17.00,17.21,182314
4-Oct-11,18.49,18.49,16.95,17.57,271916
3-Oct-11,17.83,18.02,16.99,17.02,164828
30-Sep-11,17.97,17.97,17.97,17.97,0
29-Sep-11,19.09,19.09,18.09,18.57,125363
