Date,Open,High,Low,Close,Volume
27-Sep-12,20.92,21.22,20.79,21.06,1021650
26-Sep-12,20.87,21.00,20.52,20.88,1126129
25-Sep-12,21.41,21.59,20.85,20.87,746561
24-Sep-12,21.14,21.39,21.10,21.29,580748
21-Sep-12,21.61,21.67,21.26,21.42,1073591
20-Sep-12,21.49,21.58,21.20,21.40,721712
19-Sep-12,21.33,21.70,21.24,21.62,1163638
18-Sep-12,21.28,21.48,21.08,21.28,1081424
17-Sep-12,21.45,21.45,21.08,21.34,990736
14-Sep-12,21.20,21.72,21.20,21.61,1045892
13-Sep-12,20.88,21.38,20.66,21.23,1197988
12-Sep-12,20.85,21.00,20.76,20.91,1292525
11-Sep-12,20.67,21.01,20.65,20.86,932637
10-Sep-12,20.38,20.78,20.38,20.74,882182
7-Sep-12,20.37,20.82,20.34,20.51,654405
6-Sep-12,20.03,20.50,19.90,20.34,982250
5-Sep-12,19.67,20.00,19.44,19.92,1092109
4-Sep-12,19.46,19.88,19.25,19.70,931275
31-Aug-12,19.44,19.70,19.28,19.39,593940
30-Aug-12,19.18,19.42,19.14,19.24,549971
29-Aug-12,19.45,19.58,19.20,19.34,486563
28-Aug-12,18.99,19.70,18.94,19.49,1076887
27-Aug-12,19.27,19.39,18.98,19.07,504392
24-Aug-12,19.14,19.49,19.14,19.17,932729
23-Aug-12,19.08,19.26,18.96,19.09,590841
22-Aug-12,19.34,19.45,19.02,19.14,748208
21-Aug-12,19.39,19.91,19.33,19.43,1398649
20-Aug-12,18.94,19.37,18.91,19.29,862645
17-Aug-12,19.28,19.45,18.95,19.02,366982
16-Aug-12,19.16,19.59,19.16,19.46,177093
15-Aug-12,18.94,19.28,18.94,19.19,151935
14-Aug-12,19.01,19.21,18.91,18.99,227427
13-Aug-12,18.87,19.18,18.84,18.92,241153
10-Aug-12,18.87,19.03,18.69,18.85,183399
9-Aug-12,18.63,19.26,18.63,19.08,307127
8-Aug-12,18.89,19.25,18.53,18.64,570359
7-Aug-12,17.00,19.00,16.85,18.82,801311
6-Aug-12,16.08,16.28,15.95,15.98,295646
3-Aug-12,15.99,16.34,15.79,16.08,382698
2-Aug-12,16.07,16.19,15.58,15.72,764790
1-Aug-12,16.30,16.52,16.17,16.20,744433
31-Jul-12,15.90,16.37,15.89,16.21,1155094
30-Jul-12,16.20,16.53,15.89,15.89,1034190
27-Jul-12,15.72,16.16,15.61,16.11,329104
26-Jul-12,15.59,15.91,15.45,15.62,466596
25-Jul-12,15.35,15.56,15.20,15.30,588127
24-Jul-12,15.89,15.89,15.13,15.29,737278
23-Jul-12,15.31,15.93,15.31,15.86,491469
20-Jul-12,16.13,16.25,15.85,15.89,697447
19-Jul-12,16.78,16.80,16.19,16.26,782958
18-Jul-12,16.64,16.95,16.59,16.77,548874
17-Jul-12,16.69,16.81,16.50,16.68,591372
16-Jul-12,16.70,16.78,16.47,16.62,446287
13-Jul-12,16.44,16.87,16.43,16.78,642608
12-Jul-12,16.35,16.49,16.23,16.37,460893
11-Jul-12,16.66,16.79,16.40,16.49,666991
10-Jul-12,17.10,17.15,16.52,16.68,1003806
9-Jul-12,16.85,17.00,16.70,16.93,766565
6-Jul-12,16.75,16.95,16.71,16.81,421154
5-Jul-12,17.00,17.21,16.88,17.00,789567
3-Jul-12,16.76,17.17,16.72,17.13,425538
2-Jul-12,16.53,16.72,16.37,16.70,794828
29-Jun-12,16.40,16.48,16.23,16.45,718631
28-Jun-12,15.48,15.98,15.47,15.98,1219984
27-Jun-12,15.27,15.70,15.15,15.68,938116
26-Jun-12,14.97,15.20,14.93,15.10,801155
25-Jun-12,14.59,15.03,14.50,14.91,904871
22-Jun-12,15.22,15.28,15.08,15.16,1827315
21-Jun-12,16.10,16.27,15.11,15.16,1377362
20-Jun-12,16.43,16.46,16.06,16.11,993493
19-Jun-12,16.15,16.65,16.11,16.47,1029077
18-Jun-12,15.85,16.17,15.81,16.15,684235
15-Jun-12,15.96,15.98,15.81,15.95,1480440
14-Jun-12,15.78,16.14,15.78,15.95,1103368
13-Jun-12,15.91,16.15,15.72,15.80,1765317
12-Jun-12,15.88,16.13,15.77,15.99,1208042
11-Jun-12,16.37,16.39,15.82,15.84,1241119
8-Jun-12,15.64,16.30,15.62,16.20,4206314
7-Jun-12,17.08,17.08,15.58,15.62,2714192
6-Jun-12,15.97,16.47,15.96,16.19,1357026
5-Jun-12,15.61,15.87,15.57,15.79,1209154
4-Jun-12,15.97,16.00,15.58,15.73,1027870
1-Jun-12,15.91,16.15,15.78,15.98,1038104
31-May-12,16.41,16.46,16.03,16.29,1006685
30-May-12,16.75,16.75,16.28,16.40,701764
29-May-12,16.89,17.22,16.82,16.96,828552
25-May-12,16.66,16.80,16.50,16.69,880142
24-May-12,16.62,16.71,16.32,16.63,882254
23-May-12,16.35,16.58,16.10,16.57,1163277
22-May-12,17.06,17.10,16.44,16.53,1496008
21-May-12,16.68,16.99,16.51,16.94,819777
18-May-12,16.88,17.01,16.60,16.64,946429
17-May-12,17.44,17.50,16.75,16.77,891545
16-May-12,17.66,17.98,17.44,17.44,1330901
15-May-12,17.79,17.89,17.50,17.56,1220592
14-May-12,17.78,17.96,17.72,17.78,1166172
11-May-12,17.82,18.22,17.78,18.05,1251004
10-May-12,18.02,18.16,17.89,17.99,1398379
9-May-12,17.69,17.93,17.48,17.80,1665714
8-May-12,17.95,18.08,17.79,18.00,3307450
7-May-12,18.65,18.84,18.34,18.48,2207674
4-May-12,19.30,19.72,18.73,18.80,2039788
3-May-12,21.95,21.95,19.07,19.60,4884456
2-May-12,22.30,22.63,22.22,22.61,806935
1-May-12,22.04,22.74,22.01,22.50,1241776
30-Apr-12,22.44,22.58,21.90,22.07,965607
27-Apr-12,22.02,22.61,22.02,22.50,1021573
26-Apr-12,21.91,22.11,21.87,21.95,607626
25-Apr-12,21.95,22.10,21.80,22.00,628118
24-Apr-12,21.56,21.87,21.44,21.64,462550
23-Apr-12,21.37,21.58,21.27,21.51,571696
20-Apr-12,21.69,21.95,21.64,21.72,518069
19-Apr-12,21.95,22.19,21.50,21.60,652953
18-Apr-12,22.36,22.36,21.97,21.99,448611
17-Apr-12,21.87,22.71,21.84,22.47,1343633
16-Apr-12,21.57,22.04,21.36,21.76,1124531
13-Apr-12,22.00,22.07,21.45,21.49,806615
12-Apr-12,21.46,22.14,21.39,22.08,721809
11-Apr-12,21.44,21.67,21.33,21.49,602892
10-Apr-12,21.54,21.79,21.14,21.18,1110177
9-Apr-12,21.64,21.78,21.35,21.65,1012500
5-Apr-12,22.11,22.41,22.03,22.06,531985
4-Apr-12,22.36,22.55,22.01,22.26,993010
3-Apr-12,22.59,22.90,22.38,22.68,1242965
2-Apr-12,22.26,22.85,22.26,22.63,1105648
30-Mar-12,22.64,22.87,22.37,22.37,962932
29-Mar-12,22.64,22.66,22.26,22.43,610167
28-Mar-12,22.93,23.07,22.51,22.86,713842
27-Mar-12,23.08,23.27,22.96,22.97,513389
26-Mar-12,22.98,23.25,22.93,23.10,694186
23-Mar-12,22.39,22.82,22.13,22.79,610448
22-Mar-12,22.81,22.88,22.28,22.41,781986
21-Mar-12,23.26,23.37,22.92,23.02,553664
20-Mar-12,23.13,23.35,22.91,23.26,813737
19-Mar-12,23.00,23.58,22.96,23.33,745885
16-Mar-12,23.27,23.54,23.06,23.14,1187948
15-Mar-12,22.99,23.44,22.97,23.30,656380
14-Mar-12,22.84,23.17,22.83,22.90,647815
13-Mar-12,22.57,22.91,22.45,22.91,782928
12-Mar-12,22.66,22.81,22.41,22.47,648853
9-Mar-12,22.51,22.95,22.51,22.67,395861
8-Mar-12,22.57,22.67,22.21,22.52,683232
7-Mar-12,22.17,22.60,22.14,22.45,703546
6-Mar-12,22.69,22.72,22.06,22.13,869532
5-Mar-12,22.93,23.11,22.78,22.99,940913
2-Mar-12,23.53,23.83,22.86,22.93,1071173
1-Mar-12,23.53,23.89,23.40,23.61,1221271
29-Feb-12,23.73,24.00,23.21,23.35,3360984
28-Feb-12,23.88,24.00,23.59,23.72,788584
27-Feb-12,23.79,24.05,23.54,23.94,1406343
24-Feb-12,24.04,24.24,23.92,23.95,679957
23-Feb-12,23.75,24.15,23.59,24.06,668654
22-Feb-12,23.82,23.97,23.66,23.78,720498
21-Feb-12,23.54,24.28,23.52,23.85,940639
17-Feb-12,23.57,23.69,23.38,23.46,626139
16-Feb-12,22.99,23.52,22.93,23.45,733291
15-Feb-12,23.27,23.41,22.92,23.02,682859
14-Feb-12,23.21,23.30,22.98,23.25,548550
13-Feb-12,23.16,23.41,22.85,23.25,474319
10-Feb-12,22.87,23.07,22.75,23.00,670206
9-Feb-12,22.56,23.08,22.51,23.03,802166
8-Feb-12,22.37,22.74,22.26,22.52,770475
7-Feb-12,22.50,22.54,22.22,22.39,967238
6-Feb-12,22.80,22.91,22.40,22.54,846179
3-Feb-12,23.00,23.22,22.85,22.93,715964
2-Feb-12,23.67,23.67,22.65,22.79,1419664
1-Feb-12,23.12,23.77,22.96,23.75,929146
31-Jan-12,23.37,23.38,22.83,22.89,960660
30-Jan-12,23.17,23.27,22.89,23.22,570145
27-Jan-12,23.05,23.48,23.05,23.44,328354
26-Jan-12,23.20,23.40,23.08,23.19,441688
25-Jan-12,22.50,23.19,22.48,23.11,1264536
24-Jan-12,22.57,22.81,22.26,22.56,514076
23-Jan-12,22.59,22.75,22.39,22.61,489792
20-Jan-12,22.63,22.69,22.42,22.63,376328
19-Jan-12,22.40,22.74,22.40,22.66,426045
18-Jan-12,22.02,22.45,21.85,22.39,413286
17-Jan-12,22.06,22.31,21.95,22.02,533463
13-Jan-12,22.03,22.03,22.03,22.03,0
12-Jan-12,22.03,22.42,21.95,22.37,652103
11-Jan-12,21.76,22.24,21.73,22.07,553205
10-Jan-12,21.50,21.90,21.50,21.76,611593
9-Jan-12,21.22,21.42,21.17,21.24,417470
6-Jan-12,21.07,21.36,20.92,21.19,549351
5-Jan-12,20.73,21.10,20.57,21.07,600082
4-Jan-12,20.72,20.97,20.59,20.84,717636
3-Jan-12,20.99,21.11,20.73,20.80,868705
30-Dec-11,20.57,20.57,20.57,20.57,0
29-Dec-11,20.17,20.45,20.13,20.35,991738
28-Dec-11,20.43,20.50,20.04,20.07,712260
27-Dec-11,20.38,20.66,20.30,20.44,435781
23-Dec-11,20.48,20.48,20.48,20.48,0
22-Dec-11,20.21,20.50,20.10,20.38,890985
21-Dec-11,19.96,20.40,19.91,20.27,1286786
20-Dec-11,19.62,20.07,19.59,19.99,974830
19-Dec-11,19.71,19.94,19.11,19.17,836939
16-Dec-11,19.33,20.02,19.32,19.55,1415241
15-Dec-11,19.65,19.69,19.05,19.20,1062715
14-Dec-11,19.84,19.85,19.32,19.37,1076427
13-Dec-11,20.32,20.52,19.82,19.91,1036863
12-Dec-11,20.74,20.79,20.13,20.25,1069723
9-Dec-11,20.71,21.01,20.63,20.83,617096
8-Dec-11,21.02,21.08,20.62,20.69,999407
7-Dec-11,21.10,21.39,20.87,21.20,684425
6-Dec-11,21.50,21.63,21.21,21.31,781253
5-Dec-11,21.45,21.66,21.19,21.39,813634
2-Dec-11,21.70,21.77,21.01,21.07,823949
1-Dec-11,21.29,21.79,21.27,21.47,587159
30-Nov-11,21.20,21.49,21.20,21.45,1146845
29-Nov-11,20.56,20.90,20.45,20.59,638849
28-Nov-11,20.52,20.73,20.40,20.55,1044053
25-Nov-11,19.80,20.12,19.80,19.92,373815
23-Nov-11,19.96,19.96,19.96,19.96,0
22-Nov-11,20.46,20.64,20.25,20.31,779480
21-Nov-11,20.52,20.78,20.13,20.58,618000
18-Nov-11,21.03,21.14,20.77,20.89,561740
17-Nov-11,21.09,21.28,20.75,20.94,991205
16-Nov-11,20.97,21.60,20.65,21.18,854217
15-Nov-11,20.64,21.39,20.64,21.26,1387357
14-Nov-11,20.59,20.86,20.37,20.82,1855745
11-Nov-11,20.12,20.90,20.01,20.80,1228817
10-Nov-11,20.29,20.45,19.88,20.02,1902518
9-Nov-11,20.56,20.60,20.00,20.14,1600788
8-Nov-11,21.22,21.30,20.71,21.15,597871
7-Nov-11,21.06,21.25,20.70,21.00,524082
4-Nov-11,21.03,21.25,20.72,21.08,469742
3-Nov-11,20.75,21.46,20.63,21.38,739389
2-Nov-11,20.58,20.93,20.32,20.51,817737
1-Nov-11,20.30,20.73,19.97,20.39,901706
31-Oct-11,21.00,21.31,20.69,20.92,637080
28-Oct-11,21.61,21.89,21.36,21.41,478009
27-Oct-11,21.19,22.03,20.99,21.75,1172898
26-Oct-11,20.50,20.58,20.02,20.49,569158
25-Oct-11,20.49,20.56,20.02,20.17,571946
24-Oct-11,19.83,20.83,19.83,20.67,1204254
21-Oct-11,19.57,19.96,19.45,19.83,939847
20-Oct-11,19.23,19.44,18.77,19.35,455824
19-Oct-11,19.41,19.55,19.02,19.22,1052552
18-Oct-11,18.88,19.74,18.76,19.45,950021
17-Oct-11,19.23,19.31,18.72,18.83,600632
14-Oct-11,19.70,19.74,19.21,19.43,780048
13-Oct-11,19.26,19.48,18.90,19.39,786180
12-Oct-11,19.00,19.85,18.94,19.47,789930
11-Oct-11,18.62,19.18,18.53,18.91,650828
10-Oct-11,18.44,18.90,18.37,18.90,600594
7-Oct-11,18.83,18.89,17.80,18.04,803987
6-Oct-11,18.08,18.77,17.94,18.76,712926
5-Oct-11,17.43,18.27,17.30,18.15,1486347
4-Oct-11,16.64,17.39,16.39,17.37,1229887
3-Oct-11,17.53,17.74,16.80,16.84,1225047
30-Sep-11,17.92,18.16,17.66,17.67,887463
