Date,Open,High,Low,Close,Volume
27-Sep-12,39.41,39.76,39.13,39.72,3693415
26-Sep-12,39.70,40.10,39.06,39.30,4654402
25-Sep-12,40.30,40.94,39.75,39.90,8517045
24-Sep-12,39.57,40.55,39.33,40.29,5603826
21-Sep-12,39.47,39.72,39.14,39.60,4859920
20-Sep-12,39.43,39.52,38.89,39.41,2700695
19-Sep-12,39.45,39.52,39.24,39.43,4872536
18-Sep-12,39.02,39.48,38.96,39.47,4198851
17-Sep-12,38.97,39.20,38.43,39.13,4526059
14-Sep-12,38.12,39.04,38.06,39.04,5884249
13-Sep-12,37.27,38.30,37.10,38.17,6864978
12-Sep-12,37.78,38.23,37.28,37.35,4165780
11-Sep-12,38.23,38.49,37.84,37.89,4658018
10-Sep-12,38.67,39.03,38.20,38.20,3945428
7-Sep-12,38.45,39.25,38.44,39.00,3608718
6-Sep-12,38.26,38.66,38.24,38.37,3364988
5-Sep-12,38.32,38.51,38.08,38.17,3566439
4-Sep-12,38.30,38.72,38.04,38.15,3643339
31-Aug-12,38.94,39.07,38.38,38.41,3024193
30-Aug-12,38.86,39.06,38.73,38.80,3197112
29-Aug-12,38.66,39.36,38.65,39.12,2935843
28-Aug-12,38.81,39.03,38.51,38.53,2574012
27-Aug-12,38.74,39.19,38.62,39.00,2875131
24-Aug-12,39.23,39.39,38.66,38.72,4418183
23-Aug-12,39.55,39.72,39.25,39.30,3199762
22-Aug-12,39.82,39.87,39.40,39.57,4052159
21-Aug-12,39.87,40.47,39.71,39.90,6390164
20-Aug-12,39.70,40.24,39.00,40.18,15124868
17-Aug-12,38.24,38.25,37.78,38.04,654799
16-Aug-12,37.56,38.17,37.43,38.17,567575
15-Aug-12,37.06,37.84,37.01,37.65,511944
14-Aug-12,37.55,37.66,36.88,36.97,532925
13-Aug-12,37.59,37.68,37.29,37.48,499217
10-Aug-12,37.37,37.75,37.35,37.73,446766
9-Aug-12,37.45,37.72,37.20,37.53,539832
8-Aug-12,37.13,37.85,37.04,37.60,831867
7-Aug-12,36.76,37.35,36.71,37.20,968404
6-Aug-12,36.88,37.00,36.56,36.58,569685
3-Aug-12,36.52,37.07,36.43,36.70,933247
2-Aug-12,36.20,36.57,35.78,36.33,4691803
1-Aug-12,36.26,37.00,36.10,36.51,3795660
31-Jul-12,38.04,38.38,36.04,36.06,7907700
30-Jul-12,36.71,37.29,36.69,37.14,3539630
27-Jul-12,35.57,36.82,35.48,36.67,4065674
26-Jul-12,35.80,36.00,34.98,35.30,4729066
25-Jul-12,35.19,35.76,34.58,35.32,8002597
24-Jul-12,37.13,37.47,36.72,37.07,2740606
23-Jul-12,37.45,37.55,36.72,37.24,2632471
20-Jul-12,38.01,38.32,37.51,37.66,3270433
19-Jul-12,39.83,40.22,38.04,38.16,5057271
18-Jul-12,38.55,39.23,38.30,39.00,3059937
17-Jul-12,38.13,38.80,38.01,38.66,3893286
16-Jul-12,38.01,38.21,37.76,38.03,2820959
13-Jul-12,37.55,38.25,37.55,38.16,3212581
12-Jul-12,37.55,37.79,37.34,37.55,3166026
11-Jul-12,37.65,37.90,37.50,37.76,3281791
10-Jul-12,37.96,38.06,37.52,37.69,2785259
9-Jul-12,38.31,38.81,37.74,38.04,5033641
6-Jul-12,37.54,37.74,37.33,37.63,3002822
5-Jul-12,38.13,38.42,37.60,37.86,3698100
3-Jul-12,38.51,38.66,37.94,38.15,2679510
2-Jul-12,39.02,39.41,38.46,38.57,3886244
29-Jun-12,40.63,40.65,38.52,38.77,8105317
28-Jun-12,40.73,41.84,38.85,39.85,16653008
27-Jun-12,40.39,41.41,40.08,40.96,3776590
26-Jun-12,40.65,40.97,40.10,40.68,2399794
25-Jun-12,41.36,41.68,40.55,40.69,3920153
22-Jun-12,40.98,41.92,40.81,41.69,6517645
21-Jun-12,41.13,41.32,40.62,40.76,5036062
20-Jun-12,41.22,41.57,40.81,40.99,8123976
19-Jun-12,41.51,41.59,40.89,40.90,6721166
18-Jun-12,40.91,41.41,40.87,41.11,6632944
15-Jun-12,41.57,41.95,40.98,40.99,7244477
14-Jun-12,41.89,41.89,41.31,41.50,6159529
13-Jun-12,42.60,43.15,41.56,41.59,6770773
12-Jun-12,42.97,43.03,42.40,42.88,3190336
11-Jun-12,43.30,43.45,42.62,42.75,4147162
8-Jun-12,41.77,43.33,41.72,43.24,3920661
7-Jun-12,42.37,42.64,41.95,42.00,5026898
6-Jun-12,41.83,42.75,41.78,42.43,4845114
5-Jun-12,40.57,41.86,40.39,41.75,4796494
4-Jun-12,40.50,40.76,40.19,40.50,3216110
1-Jun-12,40.39,40.91,40.34,40.49,4381394
31-May-12,41.27,41.56,40.50,40.89,4951613
30-May-12,41.47,41.86,41.25,41.36,3062722
29-May-12,41.42,41.90,41.22,41.81,3042181
25-May-12,41.00,41.72,41.00,41.20,2843257
24-May-12,40.74,42.17,40.45,41.13,5878516
23-May-12,40.09,40.56,39.86,40.34,3216838
22-May-12,40.77,41.18,40.08,40.26,4066350
21-May-12,39.32,40.91,39.31,40.78,4517496
18-May-12,39.68,40.11,39.07,39.23,4439449
17-May-12,40.15,40.53,39.62,39.62,6217745
16-May-12,40.17,41.10,39.50,40.21,5564686
15-May-12,41.35,41.48,40.74,40.83,4586798
14-May-12,41.04,42.16,40.73,41.53,4512044
11-May-12,41.78,42.08,41.14,41.24,4391084
10-May-12,42.32,42.46,41.80,41.84,3360581
9-May-12,41.77,42.75,41.67,42.08,6097207
8-May-12,42.63,43.16,42.25,43.05,5117453
7-May-12,43.16,43.33,42.57,42.98,4713613
4-May-12,43.91,43.94,43.00,43.14,3800737
3-May-12,44.82,44.82,43.14,44.01,6631093
2-May-12,44.24,45.10,44.24,44.93,5361240
1-May-12,44.06,44.95,43.94,44.45,5721947
30-Apr-12,43.17,44.21,43.00,44.04,8277482
27-Apr-12,45.49,45.52,43.46,43.52,9513522
26-Apr-12,44.39,45.70,43.34,45.31,17611765
25-Apr-12,49.48,50.26,49.18,49.36,2952977
24-Apr-12,48.84,49.10,48.50,49.04,2111442
23-Apr-12,49.00,49.01,48.52,48.93,1832917
20-Apr-12,49.21,49.60,48.81,49.21,2239522
19-Apr-12,48.05,49.64,47.79,49.07,4452478
18-Apr-12,47.50,48.25,47.48,47.91,3243790
17-Apr-12,47.61,47.98,47.28,47.77,2092194
16-Apr-12,47.87,47.90,47.07,47.23,2473273
13-Apr-12,47.99,48.29,47.80,47.82,1851744
12-Apr-12,47.85,48.34,47.65,48.19,2115497
11-Apr-12,48.41,48.45,47.63,47.69,2785395
10-Apr-12,48.51,48.72,47.47,47.67,2551557
9-Apr-12,48.86,49.08,48.63,48.77,2749384
5-Apr-12,49.38,49.65,49.16,49.62,2015957
4-Apr-12,49.66,49.74,49.22,49.64,2847785
3-Apr-12,50.21,50.44,49.53,49.93,3102587
2-Apr-12,50.22,50.47,49.95,50.23,4367669
30-Mar-12,49.60,51.14,49.50,50.16,8015549
29-Mar-12,46.26,49.90,46.23,49.56,12687047
28-Mar-12,47.12,47.58,46.15,46.52,4745100
27-Mar-12,47.09,47.25,46.07,47.00,4522570
26-Mar-12,45.76,47.10,45.74,47.00,3761591
23-Mar-12,45.80,46.17,45.35,45.60,5106397
22-Mar-12,46.24,46.61,46.16,46.50,3429250
21-Mar-12,46.31,46.73,46.03,46.52,3981532
20-Mar-12,46.46,46.68,45.87,46.30,2714763
19-Mar-12,46.49,46.97,46.42,46.73,2131188
16-Mar-12,46.14,46.58,45.95,46.50,5898494
15-Mar-12,45.87,46.06,45.78,45.96,3211046
14-Mar-12,45.70,46.01,45.58,45.70,5667452
13-Mar-12,46.19,46.38,45.47,45.86,4328573
12-Mar-12,46.83,46.83,45.94,46.00,2527103
9-Mar-12,46.32,47.12,46.29,46.86,2696229
8-Mar-12,46.10,46.59,45.97,46.31,2316874
7-Mar-12,45.68,46.20,45.61,45.72,2026288
6-Mar-12,46.48,46.93,45.33,45.65,3235871
5-Mar-12,46.27,47.00,46.23,46.79,2571771
2-Mar-12,47.11,47.24,46.42,46.58,2648346
1-Mar-12,46.75,47.24,46.35,47.22,2596124
29-Feb-12,46.74,47.05,46.38,46.76,4147588
28-Feb-12,46.71,46.88,46.46,46.64,2565872
27-Feb-12,46.54,47.25,46.38,46.74,3687015
24-Feb-12,46.68,47.08,46.68,46.89,3066422
23-Feb-12,47.18,47.42,46.64,46.69,2981242
22-Feb-12,46.97,47.32,46.73,47.14,3149687
21-Feb-12,47.27,47.50,46.67,46.87,3661239
17-Feb-12,47.46,47.60,47.07,47.08,3318698
16-Feb-12,47.17,47.34,46.95,47.17,2951808
15-Feb-12,47.50,47.71,47.09,47.18,4112385
14-Feb-12,46.26,47.28,46.07,47.27,5976030
13-Feb-12,45.98,46.50,45.88,46.26,3281186
10-Feb-12,45.26,45.95,45.00,45.70,3761578
9-Feb-12,45.14,45.93,45.14,45.80,4271025
8-Feb-12,44.44,45.30,44.40,45.14,4255481
7-Feb-12,43.75,44.80,43.61,44.71,3798286
6-Feb-12,44.10,44.12,43.28,43.74,4845091
3-Feb-12,44.75,44.75,43.40,44.11,5902546
2-Feb-12,45.34,45.61,44.60,44.79,3304221
1-Feb-12,42.91,45.75,42.27,45.07,6347172
31-Jan-12,44.08,45.00,43.53,43.70,4689594
30-Jan-12,43.18,44.09,42.85,44.02,5152468
27-Jan-12,42.25,43.60,42.25,43.43,4092367
26-Jan-12,42.85,42.85,41.95,42.61,4022520
25-Jan-12,41.98,42.91,41.05,42.63,6321025
24-Jan-12,43.46,43.62,42.54,42.77,4391491
23-Jan-12,43.78,44.21,43.40,43.58,2324418
20-Jan-12,44.14,44.36,43.48,43.74,3183132
19-Jan-12,44.06,44.48,43.68,44.13,4371351
18-Jan-12,44.52,44.97,44.07,44.91,2596000
17-Jan-12,44.24,44.86,44.08,44.57,3016225
13-Jan-12,43.70,43.70,43.70,43.70,0
12-Jan-12,44.23,44.28,43.44,43.93,2412586
11-Jan-12,44.05,44.38,43.80,44.19,1933921
10-Jan-12,44.47,44.69,44.10,44.32,3210379
9-Jan-12,44.21,44.45,43.70,44.14,3052761
6-Jan-12,43.56,44.74,43.51,44.07,3458103
5-Jan-12,43.00,43.82,42.82,43.63,3063803
4-Jan-12,42.30,43.23,42.27,43.20,5584677
3-Jan-12,42.85,42.99,42.23,42.40,4149882
30-Dec-11,42.19,42.19,42.19,42.19,0
29-Dec-11,42.76,43.42,42.75,43.02,1708209
28-Dec-11,43.74,43.79,42.63,42.73,2526137
27-Dec-11,43.38,43.89,43.35,43.73,2492839
23-Dec-11,43.40,43.40,43.40,43.40,0
22-Dec-11,42.10,42.50,42.10,42.43,2963281
21-Dec-11,41.81,42.12,41.12,42.06,4111239
20-Dec-11,40.92,41.80,40.72,41.65,5147158
19-Dec-11,40.47,40.87,40.04,40.16,2940128
16-Dec-11,40.69,41.00,40.20,40.39,4864321
15-Dec-11,40.47,40.62,39.34,40.05,5326079
14-Dec-11,39.69,40.13,39.27,39.28,3914689
13-Dec-11,40.30,40.72,39.50,39.61,2823804
12-Dec-11,40.59,40.82,39.81,40.02,2485510
9-Dec-11,40.41,41.02,40.33,40.91,2576668
8-Dec-11,41.50,41.56,40.12,40.25,2973342
7-Dec-11,41.30,41.97,40.77,41.71,4464599
6-Dec-11,40.87,41.63,40.84,41.35,3181697
5-Dec-11,41.61,41.80,40.72,40.85,3514377
2-Dec-11,42.00,42.00,40.77,41.01,3294177
1-Dec-11,41.75,42.17,41.54,41.68,2898699
30-Nov-11,41.02,41.84,40.35,41.82,5129380
29-Nov-11,39.32,40.04,39.30,39.93,3773257
28-Nov-11,38.45,39.23,38.39,39.07,2921058
25-Nov-11,38.00,38.56,37.87,37.89,1299309
23-Nov-11,38.14,38.14,38.14,38.14,0
22-Nov-11,39.34,39.64,38.82,39.16,3271940
21-Nov-11,38.96,39.69,38.86,39.44,3660165
18-Nov-11,39.86,39.91,39.38,39.69,3134273
17-Nov-11,39.62,39.92,39.21,39.46,4027282
16-Nov-11,41.09,41.09,39.68,39.73,4525945
15-Nov-11,41.50,41.71,40.90,41.58,3505346
14-Nov-11,41.05,42.04,41.05,41.68,3541933
11-Nov-11,40.53,41.60,40.49,41.36,3542937
10-Nov-11,39.89,40.33,39.40,40.23,2986525
9-Nov-11,39.83,39.88,39.22,39.45,3777919
8-Nov-11,40.16,40.69,39.59,40.56,3083521
7-Nov-11,39.86,40.07,39.20,40.04,2662051
4-Nov-11,39.31,39.72,38.92,39.65,3090812
3-Nov-11,40.06,40.11,39.18,39.60,4363079
2-Nov-11,40.05,40.10,39.46,39.63,3599577
1-Nov-11,38.57,39.76,38.57,39.33,5072281
31-Oct-11,40.72,40.94,39.74,39.76,6264670
28-Oct-11,40.76,40.85,40.16,40.63,4705522
27-Oct-11,40.27,41.07,39.39,40.35,5619239
26-Oct-11,38.88,39.51,38.41,38.90,4070822
25-Oct-11,38.52,39.20,38.11,38.31,3238741
24-Oct-11,38.50,39.09,38.05,38.62,4635311
21-Oct-11,37.84,38.20,37.55,38.12,3403184
20-Oct-11,37.00,37.43,36.40,37.34,3527279
19-Oct-11,37.14,38.11,36.70,36.87,3961981
18-Oct-11,36.74,37.44,35.24,37.10,8076208
17-Oct-11,37.49,37.91,37.38,37.49,3961540
14-Oct-11,37.50,37.88,37.40,37.86,3981353
13-Oct-11,37.34,37.52,36.65,37.01,3914933
12-Oct-11,37.00,37.91,36.90,37.47,4134970
11-Oct-11,36.37,36.79,36.24,36.58,2270993
10-Oct-11,36.20,36.85,35.82,36.84,3757828
7-Oct-11,35.79,35.85,34.65,35.47,7455707
6-Oct-11,35.20,35.55,34.95,35.50,5708585
5-Oct-11,35.63,35.79,34.86,35.26,5716236
4-Oct-11,33.95,35.64,33.42,35.57,7361461
3-Oct-11,36.08,36.38,34.31,34.33,6776124
30-Sep-11,36.77,37.25,36.23,36.34,5073038
