Date,Open,High,Low,Close,Volume
27-Sep-12,24.95,25.10,24.95,25.07,91565
26-Sep-12,24.89,24.96,24.86,24.93,40503
25-Sep-12,24.87,24.97,24.84,24.94,57959
24-Sep-12,24.94,24.97,24.82,24.82,62529
21-Sep-12,25.00,25.00,24.92,24.92,55289
20-Sep-12,24.96,24.99,24.94,24.95,39437
19-Sep-12,25.03,25.03,24.96,24.96,32054
18-Sep-12,25.04,25.05,24.98,25.00,42242
17-Sep-12,25.04,25.04,24.97,24.98,38083
14-Sep-12,25.08,25.09,25.00,25.00,51931
13-Sep-12,25.01,25.11,25.01,25.04,35582
12-Sep-12,25.01,25.07,24.97,25.00,52136
11-Sep-12,25.00,25.09,24.98,25.04,42742
10-Sep-12,24.99,25.00,24.96,24.97,40844
7-Sep-12,24.99,25.03,24.97,25.00,31301
6-Sep-12,24.96,25.00,24.94,25.00,42469
5-Sep-12,24.97,24.97,24.90,24.95,36191
4-Sep-12,24.90,24.97,24.88,24.97,37702
31-Aug-12,24.99,24.99,24.84,24.86,58263
30-Aug-12,24.98,24.98,24.93,24.95,42820
29-Aug-12,25.01,25.04,24.94,24.95,35167
28-Aug-12,25.26,25.38,25.24,25.36,30723
27-Aug-12,25.20,25.27,25.19,25.24,26551
24-Aug-12,25.21,25.26,25.14,25.15,20355
23-Aug-12,25.21,25.28,25.21,25.27,34812
22-Aug-12,25.30,25.30,25.17,25.17,34856
21-Aug-12,25.26,25.37,25.20,25.27,39485
20-Aug-12,25.32,25.36,25.25,25.26,26730
17-Aug-12,25.25,25.33,25.23,25.27,9042
16-Aug-12,25.29,25.36,25.23,25.32,13997
15-Aug-12,25.13,25.36,25.13,25.29,42727
14-Aug-12,25.17,25.19,25.13,25.17,10928
13-Aug-12,25.15,25.21,25.13,25.13,14443
10-Aug-12,25.14,25.22,25.13,25.20,10226
9-Aug-12,25.19,25.22,25.11,25.19,10801
8-Aug-12,25.15,25.19,25.12,25.17,5577
7-Aug-12,25.17,25.18,25.07,25.15,19161
6-Aug-12,25.15,25.20,25.15,25.20,8860
3-Aug-12,25.13,25.20,25.05,25.09,14802
2-Aug-12,25.05,25.10,25.04,25.09,31658
1-Aug-12,25.10,25.12,25.04,25.07,26949
31-Jul-12,25.17,25.17,24.99,24.99,35136
30-Jul-12,25.17,25.21,25.07,25.10,28694
27-Jul-12,25.13,25.20,25.07,25.12,31461
26-Jul-12,24.98,25.12,24.98,25.08,44202
25-Jul-12,24.98,24.98,24.85,24.96,52405
24-Jul-12,24.97,25.05,24.73,24.88,134007
23-Jul-12,24.92,25.04,24.81,24.96,64922
20-Jul-12,24.93,25.09,24.80,25.05,69740
19-Jul-12,25.00,25.07,24.89,24.89,240340
18-Jul-12,24.98,25.00,24.97,25.00,85021
17-Jul-12,24.99,25.00,24.97,25.00,80097
16-Jul-12,24.98,25.00,24.94,25.00,117804
13-Jul-12,24.91,25.00,24.89,25.00,101419
12-Jul-12,24.80,24.95,24.67,24.89,93778
11-Jul-12,24.73,24.86,24.64,24.85,78153
10-Jul-12,24.87,24.88,24.60,24.66,84129
9-Jul-12,24.70,24.88,24.64,24.81,72742
6-Jul-12,24.62,24.77,24.62,24.71,32058
5-Jul-12,24.81,24.88,24.66,24.72,89926
3-Jul-12,24.78,24.85,24.73,24.84,27033
2-Jul-12,24.76,24.79,24.67,24.76,44119
29-Jun-12,24.64,24.79,24.49,24.79,81321
28-Jun-12,24.28,24.66,24.28,24.64,41485
27-Jun-12,24.40,24.55,24.40,24.48,55588
26-Jun-12,24.13,24.48,24.13,24.44,86574
25-Jun-12,24.19,24.32,24.07,24.22,44657
22-Jun-12,24.16,24.42,24.07,24.31,56601
21-Jun-12,23.96,24.30,23.96,24.12,64518
20-Jun-12,23.89,24.09,23.74,24.07,72240
19-Jun-12,23.88,23.96,23.74,23.83,57511
18-Jun-12,23.47,23.84,23.34,23.74,47820
15-Jun-12,23.24,23.66,23.04,23.48,167016
14-Jun-12,23.18,23.31,22.93,23.15,56146
13-Jun-12,22.98,23.24,22.84,23.13,39795
12-Jun-12,22.81,23.14,22.30,23.03,78733
11-Jun-12,23.46,23.46,22.63,22.64,69410
8-Jun-12,23.27,23.50,23.21,23.49,33148
7-Jun-12,23.62,23.69,23.41,23.41,65062
6-Jun-12,23.35,23.68,23.35,23.52,52191
5-Jun-12,22.88,23.49,22.88,23.24,49988
4-Jun-12,22.70,23.05,22.68,22.95,33020
1-Jun-12,22.75,22.98,22.55,22.83,67599
31-May-12,23.35,23.45,23.06,23.13,99270
30-May-12,23.40,23.63,23.17,23.31,91117
29-May-12,23.94,24.09,23.85,23.94,47225
25-May-12,23.73,23.84,23.49,23.74,49624
24-May-12,23.33,23.80,23.33,23.66,100010
23-May-12,23.39,23.46,22.95,23.40,138434
22-May-12,23.01,23.70,23.01,23.45,79219
21-May-12,21.74,22.99,21.74,22.89,77637
18-May-12,22.75,22.86,21.52,21.73,176010
17-May-12,23.82,23.83,22.78,22.83,64181
16-May-12,24.05,24.08,23.77,23.85,55318
15-May-12,24.16,24.18,23.92,23.95,44728
14-May-12,24.34,24.34,24.11,24.14,47866
11-May-12,24.40,24.63,24.38,24.48,40159
10-May-12,24.37,24.53,24.26,24.49,71201
9-May-12,24.27,24.36,24.14,24.30,30965
8-May-12,24.43,24.45,24.24,24.42,45967
7-May-12,24.22,24.50,24.22,24.43,36843
4-May-12,24.22,24.37,24.17,24.36,38483
3-May-12,24.07,24.28,24.00,24.23,32939
2-May-12,24.18,24.25,23.94,23.97,51600
1-May-12,24.29,24.42,24.17,24.20,31075
30-Apr-12,24.02,24.33,24.02,24.25,31129
27-Apr-12,23.91,24.14,23.90,24.09,56386
26-Apr-12,23.91,24.03,23.91,23.94,44251
25-Apr-12,24.05,24.13,23.88,23.95,63373
24-Apr-12,23.70,24.00,23.70,23.98,44914
23-Apr-12,23.95,23.95,23.60,23.76,85165
20-Apr-12,24.13,24.20,23.96,24.04,46404
19-Apr-12,24.11,24.26,24.01,24.08,60921
18-Apr-12,24.21,24.24,24.05,24.05,56177
17-Apr-12,24.12,24.29,24.12,24.22,39584
16-Apr-12,24.10,24.22,24.06,24.14,34781
13-Apr-12,24.14,24.14,23.99,24.05,30113
12-Apr-12,24.07,24.16,23.94,24.16,68616
11-Apr-12,24.19,24.19,23.94,23.99,39300
10-Apr-12,24.17,24.29,23.95,24.00,108537
9-Apr-12,24.32,24.35,24.14,24.25,48330
5-Apr-12,24.38,24.43,24.33,24.42,20128
4-Apr-12,24.35,24.47,24.33,24.40,64774
3-Apr-12,24.45,24.56,24.44,24.47,51023
2-Apr-12,24.47,24.53,24.37,24.45,33293
30-Mar-12,24.59,24.63,24.45,24.45,46109
29-Mar-12,24.46,24.61,24.41,24.48,217157
28-Mar-12,24.50,24.63,24.49,24.60,64454
27-Mar-12,24.39,24.65,24.32,24.58,135788
26-Mar-12,24.47,24.55,24.42,24.45,180777
23-Mar-12,24.32,24.45,24.28,24.44,184076
22-Mar-12,24.33,24.43,24.25,24.35,60815
21-Mar-12,24.43,24.48,24.30,24.35,291806
20-Mar-12,24.48,24.48,24.33,24.38,107461
19-Mar-12,24.50,24.64,24.42,24.55,50176
16-Mar-12,24.37,24.50,24.26,24.48,100082
15-Mar-12,24.13,24.36,24.08,24.29,176170
14-Mar-12,24.17,24.23,24.05,24.18,132846
13-Mar-12,24.10,24.27,24.10,24.13,333691
12-Mar-12,23.95,24.15,23.95,24.12,105160
9-Mar-12,24.06,24.12,24.00,24.05,88514
8-Mar-12,23.90,24.01,23.89,23.97,34839
7-Mar-12,23.75,23.97,23.67,23.79,74749
6-Mar-12,23.84,23.85,23.48,23.70,112390
5-Mar-12,23.98,24.06,23.87,23.97,98316
2-Mar-12,23.80,24.05,23.78,23.98,73007
1-Mar-12,23.98,24.01,23.71,23.85,47967
29-Feb-12,23.69,24.00,23.69,23.93,70263
28-Feb-12,23.67,23.75,23.59,23.72,76413
27-Feb-12,23.89,24.07,23.89,23.99,69966
24-Feb-12,23.95,24.08,23.86,24.03,107485
23-Feb-12,24.09,24.14,23.97,23.98,55818
22-Feb-12,24.08,24.10,23.82,24.08,68113
21-Feb-12,23.90,24.09,23.85,24.05,123234
17-Feb-12,23.82,23.90,23.76,23.83,79694
16-Feb-12,23.76,23.83,23.67,23.83,50645
15-Feb-12,23.80,23.90,23.68,23.79,68903
14-Feb-12,23.61,23.80,23.59,23.65,71618
13-Feb-12,23.62,23.89,23.52,23.77,67463
10-Feb-12,23.56,23.70,23.42,23.44,45332
9-Feb-12,23.78,23.86,23.60,23.67,68121
8-Feb-12,23.78,23.91,23.66,23.78,56779
7-Feb-12,23.76,23.94,23.66,23.75,112412
6-Feb-12,23.55,23.86,23.55,23.82,96792
3-Feb-12,23.38,23.92,23.38,23.72,210261
2-Feb-12,23.03,23.35,23.03,23.31,28529
1-Feb-12,22.90,23.20,22.90,23.06,73859
31-Jan-12,22.79,23.00,22.64,22.92,39686
30-Jan-12,22.62,22.81,22.62,22.68,48774
27-Jan-12,22.60,22.86,22.60,22.83,44097
26-Jan-12,22.46,22.74,22.40,22.70,73258
25-Jan-12,22.13,22.50,21.95,22.34,83877
24-Jan-12,22.22,22.37,22.05,22.26,70388
23-Jan-12,22.64,22.77,22.14,22.27,96569
20-Jan-12,22.52,22.72,22.35,22.52,68413
19-Jan-12,22.87,22.97,22.32,22.32,111046
18-Jan-12,22.42,22.77,22.42,22.68,86204
17-Jan-12,22.40,22.62,22.30,22.49,44074
13-Jan-12,22.29,22.29,22.29,22.29,0
12-Jan-12,21.75,22.07,21.52,22.00,49992
11-Jan-12,21.90,21.90,21.51,21.68,46669
10-Jan-12,22.32,22.36,21.75,21.87,118704
9-Jan-12,22.11,22.18,22.02,22.15,29025
6-Jan-12,21.74,22.24,21.74,22.07,95236
5-Jan-12,21.14,21.95,21.05,21.84,43401
4-Jan-12,20.91,21.35,20.82,21.30,33470
3-Jan-12,21.10,21.13,20.84,20.84,41069
30-Dec-11,20.92,20.92,20.92,20.92,0
29-Dec-11,19.96,20.74,19.96,20.63,134245
28-Dec-11,20.15,20.24,19.76,20.03,48154
27-Dec-11,20.67,20.67,20.22,20.23,79866
23-Dec-11,20.73,20.73,20.73,20.73,0
22-Dec-11,20.78,21.21,20.62,20.90,57228
21-Dec-11,20.88,20.90,20.65,20.81,45849
20-Dec-11,21.29,21.29,20.70,20.86,77943
19-Dec-11,21.20,21.20,20.67,21.04,60588
16-Dec-11,21.35,21.35,20.95,21.00,57646
15-Dec-11,21.62,21.67,20.86,21.32,131329
14-Dec-11,21.29,21.45,21.06,21.43,84467
13-Dec-11,21.21,21.65,21.04,21.42,142767
12-Dec-11,21.32,21.40,21.09,21.09,24844
9-Dec-11,21.30,21.60,21.28,21.57,19692
8-Dec-11,21.46,21.50,21.25,21.33,70539
7-Dec-11,21.52,21.68,21.36,21.57,36237
6-Dec-11,21.33,21.67,21.25,21.50,81005
5-Dec-11,20.95,21.29,20.76,21.29,190188
2-Dec-11,20.92,20.93,20.65,20.65,43707
1-Dec-11,21.12,21.15,20.59,20.66,38990
30-Nov-11,21.54,21.54,20.98,21.01,52374
29-Nov-11,21.34,21.39,20.87,20.96,32917
28-Nov-11,21.54,21.77,21.29,21.60,98222
25-Nov-11,20.66,21.12,20.66,21.10,37060
23-Nov-11,20.84,20.84,20.84,20.84,0
22-Nov-11,21.02,21.12,20.90,20.97,54242
21-Nov-11,21.21,21.21,20.80,21.07,56280
18-Nov-11,21.23,21.42,21.15,21.32,35010
17-Nov-11,21.43,21.53,21.08,21.25,52357
16-Nov-11,21.60,21.62,21.35,21.36,60758
15-Nov-11,21.52,21.77,21.47,21.68,25112
14-Nov-11,21.73,21.87,21.54,21.70,29375
11-Nov-11,21.44,21.92,21.44,21.88,32413
10-Nov-11,21.42,21.51,21.11,21.24,58080
9-Nov-11,21.49,21.53,21.14,21.22,45247
8-Nov-11,21.80,21.92,21.75,21.82,31265
7-Nov-11,21.90,22.02,21.70,21.80,52918
4-Nov-11,21.74,21.93,21.68,21.81,39998
3-Nov-11,21.93,21.93,21.63,21.71,40283
2-Nov-11,21.50,21.79,21.41,21.66,42804
1-Nov-11,21.64,21.68,21.01,21.28,50504
31-Oct-11,22.42,22.42,22.00,22.14,38152
28-Oct-11,22.21,22.61,22.21,22.54,34806
27-Oct-11,22.29,22.78,22.28,22.44,59939
26-Oct-11,21.58,22.00,21.48,21.95,41941
25-Oct-11,21.50,21.62,21.45,21.52,28765
24-Oct-11,21.17,21.68,21.17,21.67,56627
21-Oct-11,21.07,21.25,20.90,21.24,56421
20-Oct-11,21.12,21.46,20.48,20.78,56465
19-Oct-11,21.08,21.52,21.08,21.25,33020
18-Oct-11,20.89,21.35,20.73,21.20,44581
17-Oct-11,20.70,20.98,20.63,20.88,29600
14-Oct-11,21.12,21.20,20.52,20.73,55096
13-Oct-11,21.29,21.29,20.81,20.85,45464
12-Oct-11,21.08,21.62,21.07,21.31,46872
11-Oct-11,20.65,21.02,20.62,20.93,32561
10-Oct-11,20.87,21.50,20.70,20.85,59196
7-Oct-11,20.40,20.79,20.26,20.76,39492
6-Oct-11,19.21,20.38,19.15,20.31,41539
5-Oct-11,18.16,19.32,18.16,19.03,69200
4-Oct-11,18.90,18.90,17.60,18.24,131881
3-Oct-11,20.02,20.41,19.10,19.10,61008
30-Sep-11,19.81,20.45,19.80,20.33,54305
