Date,Open,High,Low,Close,Volume
27-Sep-12,2.82,2.92,2.80,2.92,41515
26-Sep-12,2.70,2.76,2.70,2.75,32550
25-Sep-12,2.57,2.84,2.55,2.72,22839
24-Sep-12,2.58,2.69,2.57,2.62,19664
21-Sep-12,2.81,2.85,2.66,2.66,91279
20-Sep-12,2.80,2.85,2.71,2.75,75779
19-Sep-12,2.89,2.95,2.78,2.87,20076
18-Sep-12,2.76,2.84,2.75,2.84,51696
17-Sep-12,2.79,2.89,2.79,2.80,38917
14-Sep-12,3.00,3.00,2.70,2.78,62021
13-Sep-12,2.80,2.94,2.70,2.92,104385
12-Sep-12,2.77,2.77,2.60,2.65,34678
11-Sep-12,2.67,2.80,2.50,2.80,79155
10-Sep-12,2.61,2.76,2.60,2.70,93566
7-Sep-12,2.73,2.80,2.50,2.68,98599
6-Sep-12,2.97,2.97,2.35,2.59,124582
5-Sep-12,3.03,3.03,2.23,2.27,213292
4-Sep-12,3.16,3.34,3.00,3.10,35803
31-Aug-12,3.45,3.50,3.21,3.34,103252
30-Aug-12,3.49,3.49,3.27,3.40,22378
29-Aug-12,3.28,3.55,3.07,3.35,81009
28-Aug-12,3.32,3.39,3.25,3.32,36731
27-Aug-12,3.42,3.45,3.25,3.37,32174
24-Aug-12,3.23,3.44,3.16,3.40,137198
23-Aug-12,3.15,3.20,3.05,3.20,29757
22-Aug-12,3.06,3.15,2.95,3.15,145338
21-Aug-12,3.30,3.30,3.05,3.13,143127
20-Aug-12,3.24,3.38,3.21,3.30,44980
17-Aug-12,3.35,3.35,3.28,3.29,2100
16-Aug-12,3.31,3.34,3.31,3.32,600
15-Aug-12,3.25,3.35,3.24,3.30,5963
14-Aug-12,3.27,3.34,3.25,3.25,1358
13-Aug-12,3.08,3.20,3.08,3.20,4200
10-Aug-12,3.08,3.22,3.08,3.16,3486
9-Aug-12,3.00,3.23,3.00,3.15,6745
8-Aug-12,3.21,3.27,3.15,3.27,2565
7-Aug-12,3.06,3.30,2.94,3.23,8000
6-Aug-12,2.93,3.00,2.58,2.92,11250
3-Aug-12,2.82,2.94,2.78,2.87,10009
2-Aug-12,2.88,2.94,2.77,2.78,43977
1-Aug-12,2.93,2.96,2.88,2.92,78213
31-Jul-12,2.94,3.07,2.81,2.92,86316
30-Jul-12,2.69,2.92,2.69,2.83,172655
27-Jul-12,2.46,2.70,2.42,2.61,48489
26-Jul-12,2.32,2.49,2.27,2.40,50508
25-Jul-12,2.21,2.29,2.12,2.28,108573
24-Jul-12,2.29,2.30,2.15,2.23,36327
23-Jul-12,2.30,2.30,2.18,2.24,80541
20-Jul-12,2.22,2.34,2.17,2.33,39006
19-Jul-12,2.16,2.23,2.15,2.22,92890
18-Jul-12,2.15,2.25,2.15,2.23,190399
17-Jul-12,2.35,2.35,2.15,2.18,82867
16-Jul-12,2.42,2.50,2.15,2.25,273598
13-Jul-12,2.25,2.87,2.25,2.36,332779
12-Jul-12,2.46,2.46,2.18,2.25,162217
11-Jul-12,2.60,2.66,2.37,2.45,91952
10-Jul-12,2.80,2.92,2.30,2.60,607234
9-Jul-12,3.19,3.29,2.76,2.78,227352
6-Jul-12,3.71,3.87,3.06,3.21,228276
5-Jul-12,4.65,4.65,3.69,3.73,407687
3-Jul-12,4.70,4.83,4.60,4.64,57475
2-Jul-12,4.70,4.76,4.63,4.66,72726
29-Jun-12,4.80,5.10,4.56,4.68,304368
28-Jun-12,4.47,4.70,4.44,4.68,131432
27-Jun-12,4.42,4.50,4.37,4.47,93217
26-Jun-12,4.29,4.39,4.29,4.36,17480
25-Jun-12,4.75,4.75,4.24,4.26,184240
22-Jun-12,4.34,4.35,4.28,4.35,9932
21-Jun-12,4.36,4.36,4.25,4.34,19307
20-Jun-12,4.50,4.50,4.25,4.30,93233
19-Jun-12,4.41,4.41,4.32,4.35,28874
18-Jun-12,4.35,4.36,4.25,4.34,63289
15-Jun-12,4.41,4.41,4.23,4.38,115225
14-Jun-12,4.32,4.38,4.30,4.33,28718
13-Jun-12,4.35,4.42,4.30,4.35,50204
12-Jun-12,4.47,4.47,4.35,4.40,41602
11-Jun-12,4.44,4.61,4.41,4.43,72868
8-Jun-12,4.33,4.51,4.27,4.43,46002
7-Jun-12,4.57,4.57,4.45,4.46,85534
6-Jun-12,4.45,4.55,4.41,4.50,64416
5-Jun-12,4.26,4.44,4.20,4.38,56211
4-Jun-12,4.13,4.27,4.12,4.25,82779
1-Jun-12,4.00,4.22,4.00,4.10,93454
31-May-12,4.35,4.35,4.02,4.15,191520
30-May-12,4.69,4.73,4.27,4.35,547811
29-May-12,4.70,4.90,4.59,4.70,562389
25-May-12,4.55,4.73,4.50,4.58,724834
24-May-12,4.32,4.58,4.32,4.52,317700
23-May-12,4.33,4.48,4.33,4.36,617357
22-May-12,4.40,4.45,4.25,4.31,181263
21-May-12,4.40,4.50,4.36,4.44,412463
18-May-12,4.34,4.49,4.28,4.28,326425
17-May-12,4.43,4.50,4.00,4.35,202097
16-May-12,5.39,5.39,4.10,4.65,486094
15-May-12,6.45,6.48,5.60,5.64,154316
14-May-12,5.95,6.00,5.75,5.89,79741
11-May-12,6.35,6.35,5.94,6.04,136934
10-May-12,6.55,6.63,6.25,6.35,189428
9-May-12,6.69,6.82,6.55,6.56,77821
8-May-12,6.66,6.79,6.66,6.70,53778
7-May-12,6.80,6.81,6.70,6.73,110213
4-May-12,6.84,6.89,6.80,6.82,46997
3-May-12,7.02,7.02,6.85,6.91,82168
2-May-12,7.10,7.11,6.86,6.99,116950
1-May-12,7.00,7.28,6.80,7.27,170083
30-Apr-12,7.59,7.59,7.05,7.06,233343
27-Apr-12,7.66,7.69,7.60,7.65,70887
26-Apr-12,7.70,7.80,7.63,7.65,65904
25-Apr-12,7.70,7.80,7.63,7.66,46375
24-Apr-12,7.78,7.78,7.62,7.72,79140
23-Apr-12,7.87,7.87,7.61,7.74,55750
20-Apr-12,7.90,7.92,7.85,7.86,50079
19-Apr-12,7.94,7.95,7.89,7.90,54001
18-Apr-12,7.87,7.96,7.83,7.95,68096
17-Apr-12,7.84,7.97,7.84,7.95,128038
16-Apr-12,7.78,7.85,7.76,7.83,79519
13-Apr-12,7.74,7.84,7.73,7.81,91870
12-Apr-12,7.60,7.79,7.60,7.71,60113
11-Apr-12,7.49,7.79,7.34,7.60,126989
10-Apr-12,7.72,7.77,7.45,7.47,52000
9-Apr-12,7.61,7.78,7.55,7.78,79809
5-Apr-12,7.56,7.78,7.55,7.64,135940
4-Apr-12,7.56,7.59,7.53,7.59,41230
3-Apr-12,7.49,7.59,7.45,7.57,235659
2-Apr-12,7.40,7.50,7.30,7.45,130755
30-Mar-12,7.47,7.51,7.18,7.36,147861
29-Mar-12,7.45,7.51,7.26,7.26,102954
28-Mar-12,7.48,7.51,7.40,7.48,31549
27-Mar-12,7.46,7.51,7.35,7.50,121868
26-Mar-12,7.50,7.54,7.25,7.51,163743
23-Mar-12,7.45,7.53,7.45,7.50,48046
22-Mar-12,7.47,7.53,7.31,7.53,43867
21-Mar-12,7.49,7.52,7.34,7.50,45860
20-Mar-12,7.51,7.59,7.30,7.46,58123
19-Mar-12,7.28,7.59,7.28,7.55,30961
16-Mar-12,7.34,7.49,7.34,7.43,51246
15-Mar-12,7.49,7.49,6.92,7.48,60488
14-Mar-12,7.40,7.59,7.31,7.55,168584
13-Mar-12,7.41,7.57,7.28,7.49,44759
12-Mar-12,7.20,7.60,7.20,7.56,15131
9-Mar-12,7.10,7.36,7.10,7.35,7000
8-Mar-12,7.25,7.40,7.10,7.10,129800
7-Mar-12,7.35,7.44,7.13,7.24,19100
6-Mar-12,7.41,7.41,7.30,7.30,41830
5-Mar-12,7.45,7.72,7.33,7.49,111805
2-Mar-12,7.28,7.40,7.24,7.29,2800
1-Mar-12,7.20,7.28,7.20,7.22,12446
29-Feb-12,6.97,7.00,6.90,6.98,14700
28-Feb-12,7.29,7.30,6.81,6.98,50558
27-Feb-12,7.32,7.35,7.06,7.20,66685
24-Feb-12,7.55,7.60,7.32,7.34,11100
23-Feb-12,7.35,7.40,7.31,7.36,4040
22-Feb-12,7.59,7.64,7.30,7.30,22541
21-Feb-12,7.72,7.93,7.19,7.24,65950
17-Feb-12,7.71,7.71,7.66,7.71,10598
16-Feb-12,7.66,7.66,7.65,7.65,6520
15-Feb-12,7.77,7.80,7.60,7.61,31026
14-Feb-12,7.80,7.80,7.67,7.70,5624
13-Feb-12,7.64,7.71,7.64,7.65,39000
10-Feb-12,7.63,7.63,7.57,7.57,1000
9-Feb-12,7.64,7.64,7.64,7.64,0
8-Feb-12,7.87,7.87,7.65,7.66,34601
7-Feb-12,8.01,8.15,7.76,7.93,22779
6-Feb-12,7.89,8.15,7.89,8.00,30377
3-Feb-12,7.99,8.00,7.90,7.90,17700
2-Feb-12,7.79,7.90,7.72,7.87,16700
1-Feb-12,7.72,7.75,7.61,7.70,29856
31-Jan-12,7.58,7.86,7.55,7.60,61750
30-Jan-12,8.00,8.00,7.36,7.60,90252
27-Jan-12,7.60,7.75,7.55,7.74,45894
26-Jan-12,7.57,7.75,7.52,7.55,43384
25-Jan-12,7.29,7.60,7.29,7.50,144501
24-Jan-12,7.20,7.29,7.20,7.29,60326
23-Jan-12,7.10,7.24,7.06,7.24,19700
20-Jan-12,7.06,7.25,7.06,7.15,33100
19-Jan-12,7.02,7.05,7.00,7.05,44689
18-Jan-12,7.02,7.05,7.00,7.02,31500
17-Jan-12,7.01,7.05,6.96,6.99,28707
13-Jan-12,6.95,6.95,6.95,6.95,0
12-Jan-12,6.95,7.01,6.95,7.00,3100
11-Jan-12,6.90,7.00,6.90,7.00,6800
10-Jan-12,7.00,7.02,6.95,7.00,13304
9-Jan-12,6.99,7.00,6.90,6.95,9796
6-Jan-12,7.00,7.01,6.98,6.99,9124
5-Jan-12,6.86,7.01,6.85,6.98,14100
4-Jan-12,6.86,7.02,6.86,6.96,10183
3-Jan-12,7.10,7.10,6.90,6.90,13535
30-Dec-11,7.10,7.10,7.10,7.10,0
29-Dec-11,7.03,7.03,6.94,7.00,48663
27-Dec-11,7.03,7.03,7.03,7.03,0
23-Dec-11,6.95,6.95,6.95,6.95,0
22-Dec-11,7.00,7.00,6.84,6.92,51762
21-Dec-11,7.00,7.04,6.87,7.04,23104
20-Dec-11,6.89,7.06,6.89,7.00,3770
19-Dec-11,6.71,6.91,6.70,6.80,11499
16-Dec-11,6.72,6.82,6.65,6.70,14120
15-Dec-11,6.56,6.88,6.56,6.75,12720
14-Dec-11,6.48,6.73,6.41,6.41,15120
13-Dec-11,6.56,6.58,6.20,6.45,62817
12-Dec-11,6.88,6.88,6.43,6.58,94613
9-Dec-11,6.67,6.96,6.67,6.88,18062
8-Dec-11,6.84,6.84,6.33,6.60,25540
7-Dec-11,6.91,6.94,6.78,6.89,66135
6-Dec-11,7.01,7.05,6.95,6.97,23042
5-Dec-11,6.95,7.28,6.95,7.05,18989
2-Dec-11,6.89,7.00,6.79,6.90,47474
1-Dec-11,6.85,6.95,6.76,6.82,9500
30-Nov-11,7.09,7.09,6.75,6.85,91882
29-Nov-11,6.97,6.97,6.61,6.85,21800
28-Nov-11,6.90,7.00,6.90,7.00,33724
25-Nov-11,6.69,6.99,6.57,6.86,25611
23-Nov-11,6.88,6.88,6.88,6.88,0
22-Nov-11,7.14,7.14,6.72,6.99,45352
21-Nov-11,7.10,7.40,7.00,7.10,50597
18-Nov-11,6.77,7.10,6.77,7.10,49431
17-Nov-11,6.86,6.86,6.67,6.83,19316
16-Nov-11,7.07,7.07,6.65,6.80,41186
15-Nov-11,6.96,7.06,6.77,7.00,26996
14-Nov-11,6.85,7.00,6.85,7.00,66160
11-Nov-11,6.88,6.97,6.85,6.86,24000
10-Nov-11,6.90,6.90,6.85,6.85,3300
9-Nov-11,6.80,6.94,6.68,6.85,44282
8-Nov-11,6.95,7.02,6.73,6.99,17492
7-Nov-11,7.04,7.08,6.89,7.01,15909
4-Nov-11,7.10,7.10,6.81,6.99,41726
3-Nov-11,7.00,7.04,6.93,7.04,2300
2-Nov-11,6.89,7.10,6.89,7.00,3924
1-Nov-11,6.64,6.80,6.64,6.75,108344
31-Oct-11,6.70,6.92,6.62,6.70,205687
28-Oct-11,7.05,7.09,6.60,6.73,58186
27-Oct-11,6.90,7.21,6.89,7.13,71043
26-Oct-11,6.60,6.81,6.55,6.70,22100
25-Oct-11,6.67,6.83,6.51,6.59,14887
24-Oct-11,6.91,6.91,6.63,6.71,43444
21-Oct-11,6.72,6.91,6.72,6.89,14252
20-Oct-11,6.58,6.82,6.58,6.71,2423
19-Oct-11,6.64,6.79,6.60,6.66,26350
18-Oct-11,6.53,6.76,6.51,6.70,44298
17-Oct-11,6.50,6.68,6.50,6.55,90975
14-Oct-11,6.60,6.60,6.50,6.50,38706
13-Oct-11,6.50,6.60,6.50,6.50,51146
12-Oct-11,6.25,6.56,6.20,6.47,68084
11-Oct-11,6.21,6.31,5.89,6.30,37297
10-Oct-11,5.99,6.25,5.99,6.15,44838
7-Oct-11,6.04,6.09,5.85,5.99,52946
6-Oct-11,6.48,6.55,5.68,5.98,45478
5-Oct-11,6.61,6.70,6.47,6.58,26302
4-Oct-11,6.57,6.84,6.41,6.65,104533
3-Oct-11,6.77,6.84,6.52,6.65,62683
30-Sep-11,6.21,6.99,6.21,6.82,180586
