Date,Open,High,Low,Close,Volume
27-Sep-12,34.59,34.65,33.78,34.61,1271207
26-Sep-12,33.56,33.70,33.04,33.62,1618702
25-Sep-12,33.90,34.93,33.63,33.66,1562846
24-Sep-12,33.63,34.10,33.45,33.76,1118430
21-Sep-12,34.66,34.86,33.68,33.79,2119583
20-Sep-12,34.60,34.78,34.18,34.48,1663771
19-Sep-12,33.95,35.30,33.77,34.60,4047616
18-Sep-12,33.80,34.14,33.54,33.76,1544544
17-Sep-12,34.00,34.04,33.66,33.66,1453960
14-Sep-12,33.82,34.20,33.73,33.91,1558998
13-Sep-12,34.07,34.07,33.38,33.82,1672305
12-Sep-12,33.52,34.37,33.14,34.14,2516939
11-Sep-12,32.72,33.12,32.57,33.09,1698699
10-Sep-12,33.12,33.45,32.70,32.73,2904335
7-Sep-12,34.20,34.20,33.34,33.38,1330636
6-Sep-12,33.94,34.15,33.70,33.77,2844658
5-Sep-12,33.82,34.07,33.61,33.75,3044247
4-Sep-12,33.66,33.88,33.25,33.48,1457108
31-Aug-12,33.89,34.07,33.40,33.67,1611214
30-Aug-12,33.62,33.86,33.28,33.71,1954676
29-Aug-12,33.60,33.92,33.50,33.74,986697
28-Aug-12,33.98,34.07,33.55,33.63,1402677
27-Aug-12,34.00,34.14,33.52,33.86,2999570
24-Aug-12,32.65,32.98,32.33,32.92,766085
23-Aug-12,32.42,32.82,32.22,32.79,1452124
22-Aug-12,32.41,32.63,32.20,32.38,1810344
21-Aug-12,32.90,33.07,32.35,32.46,1029104
20-Aug-12,33.38,33.40,32.64,32.81,1126488
17-Aug-12,33.44,33.62,33.18,33.47,201726
16-Aug-12,32.98,33.60,32.98,33.40,345006
15-Aug-12,33.25,33.28,32.86,32.98,665009
14-Aug-12,33.56,33.77,33.11,33.22,787564
13-Aug-12,33.79,33.86,33.14,33.32,273245
10-Aug-12,33.88,33.88,33.51,33.76,730134
9-Aug-12,33.99,34.51,33.79,34.30,322211
8-Aug-12,33.58,34.42,33.41,34.15,335101
7-Aug-12,33.83,34.25,33.39,33.65,489023
6-Aug-12,32.70,34.00,32.64,33.83,621826
3-Aug-12,31.75,32.65,31.68,32.63,572031
2-Aug-12,31.79,32.17,31.50,31.50,1393866
1-Aug-12,31.81,32.07,31.74,31.80,1401095
31-Jul-12,32.20,32.41,31.49,31.86,2064701
30-Jul-12,31.49,31.84,31.37,31.43,2396761
27-Jul-12,31.24,31.94,31.21,31.52,2338236
26-Jul-12,29.70,31.36,29.56,31.04,5632618
25-Jul-12,28.19,29.60,28.17,29.48,6860059
24-Jul-12,27.63,27.96,27.40,27.49,3063271
23-Jul-12,27.54,27.79,27.41,27.57,1966700
20-Jul-12,27.85,27.99,27.58,27.81,986342
19-Jul-12,27.79,28.04,27.59,27.94,1853282
18-Jul-12,27.85,28.18,27.61,27.67,1074863
17-Jul-12,27.96,28.07,27.47,27.93,1826585
16-Jul-12,27.53,28.01,27.40,27.85,1974770
13-Jul-12,27.59,27.62,27.14,27.52,2679125
12-Jul-12,27.78,27.83,27.34,27.53,3724265
11-Jul-12,27.90,28.04,27.73,27.91,2081429
10-Jul-12,28.31,28.41,27.70,27.87,1663473
9-Jul-12,28.40,28.48,28.16,28.21,770830
6-Jul-12,28.48,28.56,28.28,28.40,727016
5-Jul-12,28.81,28.97,28.42,28.66,898510
3-Jul-12,28.47,28.79,28.40,28.71,1082920
2-Jul-12,28.17,28.43,27.92,28.41,1490737
29-Jun-12,27.86,28.28,27.50,28.08,1754074
28-Jun-12,28.27,28.36,27.38,27.50,3365682
27-Jun-12,27.26,27.60,27.10,27.31,556783
26-Jun-12,27.15,27.48,27.09,27.25,1279352
25-Jun-12,27.06,27.36,26.52,27.15,1287647
22-Jun-12,26.44,27.25,26.42,27.16,1663035
21-Jun-12,26.56,26.78,26.26,26.43,1376614
20-Jun-12,26.79,26.80,26.30,26.51,1217002
19-Jun-12,27.10,27.17,26.63,26.72,1347380
18-Jun-12,25.93,27.06,25.85,26.96,1571394
15-Jun-12,25.54,26.08,25.29,25.99,2525066
14-Jun-12,27.13,27.13,24.96,25.57,3774360
13-Jun-12,27.10,27.40,26.92,27.10,1117858
12-Jun-12,26.82,27.28,26.54,27.21,828986
11-Jun-12,27.66,27.74,26.76,26.81,971208
8-Jun-12,27.49,27.64,27.34,27.48,1437924
7-Jun-12,27.72,27.89,27.40,27.47,1186219
6-Jun-12,27.29,27.75,27.18,27.40,998342
5-Jun-12,27.22,27.48,26.96,27.19,702979
4-Jun-12,27.10,27.48,26.82,27.39,886759
1-Jun-12,26.89,27.29,26.78,27.11,1354076
31-May-12,27.22,27.67,26.72,27.43,2716810
30-May-12,27.34,27.36,26.76,27.18,1477067
29-May-12,27.77,27.79,27.07,27.45,1030587
25-May-12,27.66,27.94,27.35,27.48,922628
24-May-12,27.66,27.79,26.90,27.61,1220545
23-May-12,26.84,27.76,26.71,27.70,1665935
22-May-12,27.03,27.37,26.88,27.20,1430057
21-May-12,26.02,27.12,25.64,26.98,1055045
18-May-12,26.35,26.70,25.87,26.01,797958
17-May-12,26.83,27.06,26.20,26.29,1301680
16-May-12,27.08,27.49,26.60,26.76,1615569
15-May-12,26.06,27.19,26.04,27.11,1856251
14-May-12,25.93,26.15,25.77,26.08,1206093
11-May-12,26.03,26.43,25.99,26.06,1379102
10-May-12,26.55,26.84,26.01,26.28,1705422
9-May-12,25.87,27.31,25.87,26.47,4415235
8-May-12,24.56,25.72,24.35,25.58,3002789
7-May-12,23.88,24.94,23.58,24.80,1407308
4-May-12,24.61,24.65,24.04,24.25,842507
3-May-12,25.00,25.10,24.27,24.52,1114715
2-May-12,25.11,25.22,24.81,24.98,860044
1-May-12,24.94,25.70,24.88,25.32,1115649
30-Apr-12,25.12,25.36,25.00,25.04,1055193
27-Apr-12,24.77,25.22,24.43,25.18,1410815
26-Apr-12,24.66,25.00,24.49,24.81,1085297
25-Apr-12,24.86,24.96,24.53,24.59,1058550
24-Apr-12,24.92,25.07,24.46,24.61,1041359
23-Apr-12,24.74,24.98,24.50,24.75,1204780
20-Apr-12,25.39,25.48,24.96,25.00,1255394
19-Apr-12,25.39,25.69,24.97,25.25,1465739
18-Apr-12,25.59,25.59,25.16,25.36,1183877
17-Apr-12,25.58,25.85,25.48,25.61,1111773
16-Apr-12,25.79,25.80,25.33,25.50,1590921
13-Apr-12,25.27,26.03,25.17,25.79,2181953
12-Apr-12,24.21,25.63,24.13,25.60,2673260
11-Apr-12,24.77,25.09,23.76,24.31,5504151
10-Apr-12,26.01,26.57,24.78,24.82,6090327
9-Apr-12,24.85,27.47,24.55,26.40,25969914
5-Apr-12,18.37,18.65,18.29,18.42,861097
4-Apr-12,18.49,18.56,18.12,18.45,1163627
3-Apr-12,18.63,18.75,18.51,18.70,800560
2-Apr-12,19.00,19.06,18.55,18.71,690075
30-Mar-12,19.36,19.48,18.77,18.97,1227636
29-Mar-12,19.09,19.36,18.91,19.29,854245
28-Mar-12,19.19,19.31,18.99,19.29,1763671
27-Mar-12,19.24,19.48,19.19,19.19,1259014
26-Mar-12,18.64,19.34,18.57,19.30,2137450
23-Mar-12,17.74,18.85,17.48,18.49,1709053
22-Mar-12,17.89,17.90,17.65,17.77,816863
21-Mar-12,18.04,18.16,17.87,18.08,725917
20-Mar-12,18.09,18.09,17.73,17.99,653774
19-Mar-12,18.10,18.41,17.88,18.26,1336408
16-Mar-12,18.02,18.16,17.88,18.10,1568083
15-Mar-12,17.88,18.09,17.74,18.08,1624577
14-Mar-12,17.81,17.90,17.71,17.90,645132
13-Mar-12,17.68,17.88,17.50,17.84,509355
12-Mar-12,17.69,17.86,17.44,17.56,390849
9-Mar-12,17.57,18.03,17.57,17.70,876908
8-Mar-12,17.17,17.68,17.17,17.60,894836
7-Mar-12,17.08,17.37,17.00,17.03,1179547
6-Mar-12,17.56,17.56,16.80,17.04,1392703
5-Mar-12,17.60,17.98,17.55,17.75,1213526
2-Mar-12,18.02,18.06,17.64,17.67,1147341
1-Mar-12,18.00,18.32,17.94,18.09,1260640
29-Feb-12,18.08,18.18,17.35,17.96,2285906
28-Feb-12,18.30,18.37,17.85,17.99,1233798
27-Feb-12,18.13,18.46,18.13,18.19,1080289
24-Feb-12,18.43,18.43,18.06,18.23,857550
23-Feb-12,18.44,18.51,18.18,18.44,603451
22-Feb-12,18.52,18.65,18.20,18.33,933964
21-Feb-12,18.76,18.85,18.44,18.63,669162
17-Feb-12,18.84,18.85,18.52,18.73,987504
16-Feb-12,18.70,18.86,18.37,18.80,1357227
15-Feb-12,18.79,18.85,18.48,18.78,1740862
14-Feb-12,18.50,18.84,18.40,18.70,2489300
13-Feb-12,18.54,18.72,18.37,18.51,1377515
10-Feb-12,18.10,18.61,18.10,18.35,1626468
9-Feb-12,18.26,18.45,18.12,18.34,1110778
8-Feb-12,17.85,18.33,17.82,18.17,1374374
7-Feb-12,17.80,18.09,17.74,17.80,1672954
6-Feb-12,18.17,18.24,17.76,17.81,1025888
3-Feb-12,18.47,18.50,18.20,18.32,1046161
2-Feb-12,17.79,18.29,17.66,18.24,1933080
1-Feb-12,17.35,18.89,16.71,17.76,6921920
31-Jan-12,16.18,16.30,16.00,16.21,2428570
30-Jan-12,15.88,16.16,15.71,16.15,1240751
27-Jan-12,15.65,16.11,15.63,16.07,469412
26-Jan-12,15.85,15.90,15.60,15.72,914608
25-Jan-12,15.66,15.86,15.46,15.84,864843
24-Jan-12,15.43,15.67,15.40,15.65,1250685
23-Jan-12,15.56,15.75,15.38,15.56,733467
20-Jan-12,15.78,15.88,15.54,15.60,1391263
19-Jan-12,15.61,16.05,15.60,15.86,999269
18-Jan-12,15.05,15.75,14.97,15.70,1492001
17-Jan-12,15.08,15.21,14.96,15.04,930400
13-Jan-12,14.93,14.93,14.93,14.93,0
12-Jan-12,16.32,16.47,15.76,15.83,1402364
11-Jan-12,16.24,16.32,16.10,16.22,1197915
10-Jan-12,16.49,16.79,16.24,16.27,2164820
9-Jan-12,15.88,16.40,15.84,16.27,1969874
6-Jan-12,15.46,16.24,15.46,15.83,1552212
5-Jan-12,14.97,15.63,14.94,15.46,1694548
4-Jan-12,15.09,15.26,14.84,15.01,986290
3-Jan-12,15.28,15.47,15.09,15.13,1023808
30-Dec-11,15.10,15.10,15.10,15.10,0
29-Dec-11,15.08,15.25,15.00,15.09,708790
28-Dec-11,15.49,15.49,14.96,14.98,733580
27-Dec-11,15.27,15.50,15.14,15.46,721831
23-Dec-11,15.34,15.34,15.34,15.34,0
22-Dec-11,15.13,15.29,15.04,15.24,1916967
21-Dec-11,14.87,15.30,14.83,15.10,2323076
20-Dec-11,14.30,14.90,14.23,14.81,1411980
19-Dec-11,14.10,14.29,14.02,14.04,1629822
16-Dec-11,13.70,14.10,13.69,14.05,2973444
15-Dec-11,13.65,13.85,13.51,13.72,1763425
14-Dec-11,13.70,13.86,13.54,13.56,1177324
13-Dec-11,14.12,14.24,13.78,13.85,1315280
12-Dec-11,13.81,14.04,13.55,14.00,1136545
9-Dec-11,13.73,14.10,13.66,13.98,848838
8-Dec-11,14.30,14.39,13.55,13.58,1751926
7-Dec-11,14.06,14.57,13.84,14.43,1297068
6-Dec-11,14.48,14.58,14.01,14.07,565968
5-Dec-11,14.62,14.95,14.36,14.46,1050066
2-Dec-11,14.03,14.52,13.81,14.47,1666487
1-Dec-11,14.30,14.34,13.91,13.92,1363763
30-Nov-11,14.35,14.50,14.13,14.34,2717228
29-Nov-11,13.78,13.92,13.49,13.82,1873427
28-Nov-11,14.03,14.11,13.70,13.79,1742239
25-Nov-11,13.63,13.90,13.58,13.58,464504
23-Nov-11,13.63,13.63,13.63,13.63,0
22-Nov-11,14.36,14.43,13.98,14.03,1682518
21-Nov-11,14.47,14.49,14.21,14.33,1368871
18-Nov-11,14.70,14.88,14.52,14.73,1062859
17-Nov-11,14.81,14.92,14.39,14.58,1439724
16-Nov-11,14.89,15.30,14.81,14.86,2184985
15-Nov-11,14.86,15.14,14.50,15.02,1018987
14-Nov-11,15.27,15.50,14.91,15.01,773059
11-Nov-11,15.24,15.58,14.91,15.48,1043232
10-Nov-11,15.20,15.30,14.88,15.06,1025858
9-Nov-11,15.37,15.72,14.88,15.02,1901175
8-Nov-11,15.58,15.82,15.29,15.73,1513591
7-Nov-11,15.52,15.54,15.17,15.44,1316034
4-Nov-11,15.39,15.82,15.32,15.56,1782274
3-Nov-11,15.47,15.57,14.72,15.42,1873520
2-Nov-11,14.40,15.32,14.00,15.02,3729843
1-Nov-11,13.56,14.10,13.14,13.35,2057860
31-Oct-11,14.41,14.49,14.07,14.12,1203515
28-Oct-11,14.41,14.71,14.33,14.65,1438164
27-Oct-11,14.72,14.88,14.23,14.50,1717547
26-Oct-11,14.24,14.46,13.70,14.34,1232247
25-Oct-11,15.04,15.04,13.99,14.04,1642927
24-Oct-11,14.53,15.32,14.36,15.07,2231318
21-Oct-11,14.36,14.59,14.09,14.52,1298536
20-Oct-11,14.05,14.35,13.58,14.27,2062250
19-Oct-11,14.31,14.81,14.00,14.08,1653876
18-Oct-11,13.97,14.44,13.89,14.35,2108302
17-Oct-11,13.86,14.11,13.78,13.97,1774796
14-Oct-11,14.23,14.26,13.54,14.09,1922526
13-Oct-11,13.06,14.54,13.00,14.01,4357123
12-Oct-11,13.33,13.48,13.10,13.15,1801283
11-Oct-11,12.88,13.37,12.67,13.24,1283461
10-Oct-11,12.94,13.30,12.66,13.07,1528092
7-Oct-11,13.32,13.40,12.54,12.71,1849009
6-Oct-11,12.48,13.34,12.24,13.23,2255018
5-Oct-11,12.18,12.96,11.88,12.76,3376583
4-Oct-11,11.26,12.20,11.17,12.18,3332374
3-Oct-11,11.98,12.00,11.28,11.40,3420452
30-Sep-11,12.03,12.46,11.86,12.00,2328948
