Date,Open,High,Low,Close,Volume
27-Sep-12,31.40,31.76,31.11,31.67,592752
26-Sep-12,31.18,31.40,31.09,31.26,564118
25-Sep-12,31.36,31.54,31.04,31.20,972831
24-Sep-12,30.93,31.43,30.92,31.28,839179
21-Sep-12,31.02,31.22,30.64,31.16,1066154
20-Sep-12,31.09,31.10,30.77,30.85,666273
19-Sep-12,31.16,31.47,31.16,31.28,415847
18-Sep-12,31.42,31.42,30.96,31.17,421513
17-Sep-12,31.75,31.75,31.30,31.44,536084
14-Sep-12,30.90,31.97,30.90,31.84,982335
13-Sep-12,30.66,31.08,30.38,30.95,828018
12-Sep-12,30.83,30.98,30.45,30.64,921006
11-Sep-12,30.60,30.86,30.53,30.69,664776
10-Sep-12,30.66,31.05,30.60,30.61,532867
7-Sep-12,30.64,30.93,30.64,30.76,478268
6-Sep-12,30.17,30.91,30.06,30.81,819092
5-Sep-12,29.39,30.04,29.22,29.86,1679430
4-Sep-12,31.01,31.25,28.91,29.60,2486379
31-Aug-12,31.12,31.42,30.85,31.23,712701
30-Aug-12,31.17,31.19,30.77,31.00,435913
29-Aug-12,31.08,31.72,31.05,31.37,535591
28-Aug-12,31.01,31.23,30.86,31.07,413863
27-Aug-12,31.59,31.64,31.00,31.02,543336
24-Aug-12,31.29,31.59,31.20,31.50,518606
23-Aug-12,31.59,31.59,31.18,31.33,547955
22-Aug-12,31.82,31.84,31.51,31.61,498745
21-Aug-12,32.07,32.26,31.73,31.89,630536
20-Aug-12,31.94,32.23,31.78,31.96,479532
17-Aug-12,31.91,32.12,31.83,32.04,170299
16-Aug-12,31.25,31.96,31.25,31.84,153700
15-Aug-12,31.29,31.50,31.22,31.29,137770
14-Aug-12,31.77,31.81,31.38,31.46,117319
13-Aug-12,31.72,31.95,31.40,31.56,127838
10-Aug-12,31.44,31.78,31.27,31.77,193066
9-Aug-12,31.61,31.80,31.47,31.57,183289
8-Aug-12,31.24,31.87,31.24,31.62,217758
7-Aug-12,31.37,31.61,31.18,31.48,160774
6-Aug-12,31.25,31.39,30.96,31.23,204728
3-Aug-12,31.13,31.46,31.06,31.12,168283
2-Aug-12,30.56,30.81,30.16,30.54,887840
1-Aug-12,30.94,31.27,30.71,30.72,1066651
31-Jul-12,31.23,31.37,30.78,30.79,1064225
30-Jul-12,30.87,31.33,30.71,31.32,816454
27-Jul-12,30.58,31.29,30.47,30.87,1020151
26-Jul-12,30.61,30.81,29.97,30.31,888866
25-Jul-12,29.98,30.40,29.52,29.91,1281971
24-Jul-12,28.32,30.88,28.32,30.31,3070363
23-Jul-12,28.12,28.38,27.79,28.24,720857
20-Jul-12,29.14,29.49,28.70,28.74,1089730
19-Jul-12,29.26,29.50,29.17,29.31,1050596
18-Jul-12,28.54,29.25,28.49,29.12,627763
17-Jul-12,28.16,28.66,27.89,28.59,661388
16-Jul-12,28.00,28.25,27.71,28.14,655054
13-Jul-12,27.47,28.10,27.43,28.02,635037
12-Jul-12,27.60,27.62,27.32,27.37,1256916
11-Jul-12,27.53,27.87,27.45,27.80,1175307
10-Jul-12,27.49,27.80,27.37,27.51,1348523
9-Jul-12,27.26,27.44,27.03,27.43,998275
6-Jul-12,27.02,27.38,26.96,27.37,1007561
5-Jul-12,27.62,27.77,27.30,27.41,603912
3-Jul-12,27.22,27.82,26.98,27.77,408770
2-Jul-12,27.49,27.55,27.01,27.22,738264
29-Jun-12,27.42,27.51,27.20,27.34,581093
28-Jun-12,26.44,26.81,26.32,26.73,691912
27-Jun-12,26.55,26.71,26.26,26.63,901001
26-Jun-12,26.72,26.77,26.18,26.38,1213860
25-Jun-12,27.14,27.15,26.54,26.55,856315
22-Jun-12,27.64,27.68,27.31,27.51,1000339
21-Jun-12,28.16,28.27,27.38,27.40,607839
20-Jun-12,28.35,28.50,27.97,28.06,911377
19-Jun-12,27.84,28.65,27.84,28.39,749667
18-Jun-12,27.65,27.87,27.52,27.76,597301
15-Jun-12,27.25,27.83,27.19,27.81,1367995
14-Jun-12,27.10,27.30,26.83,27.06,1170373
13-Jun-12,27.63,27.66,26.96,27.02,974577
12-Jun-12,27.92,28.04,27.58,27.70,1205273
11-Jun-12,28.66,28.67,27.75,27.82,764969
8-Jun-12,27.93,28.56,27.79,28.32,1259166
7-Jun-12,28.45,29.32,28.01,28.09,850799
6-Jun-12,27.69,28.21,27.53,28.21,802538
5-Jun-12,27.30,27.78,27.24,27.37,968017
4-Jun-12,28.03,28.12,27.14,27.36,1161291
1-Jun-12,28.85,28.85,28.05,28.12,964171
31-May-12,29.22,29.25,28.85,29.11,1513792
30-May-12,30.06,30.18,29.20,29.20,1069812
29-May-12,29.54,30.46,29.50,30.43,680526
25-May-12,29.35,29.58,29.26,29.45,892225
24-May-12,29.07,29.49,28.90,29.33,978802
23-May-12,28.74,29.49,28.72,29.41,1127904
22-May-12,29.31,29.31,28.79,29.00,1050627
21-May-12,28.83,29.25,28.49,29.09,1160223
18-May-12,29.05,29.22,28.58,28.68,887075
17-May-12,29.56,29.71,28.91,28.91,727343
16-May-12,30.01,30.30,29.46,29.51,922359
15-May-12,30.26,30.46,29.81,29.89,733019
14-May-12,30.34,30.50,30.12,30.20,741925
11-May-12,30.50,31.02,30.39,30.73,706023
10-May-12,31.05,31.16,30.61,30.68,815337
9-May-12,30.58,31.01,30.43,30.78,1181748
8-May-12,31.15,31.15,30.48,31.00,1179893
7-May-12,31.32,31.65,31.27,31.29,917028
4-May-12,32.07,32.17,31.25,31.45,1449690
3-May-12,32.46,32.78,32.26,32.27,1062576
2-May-12,32.12,32.54,31.89,32.42,801116
1-May-12,31.92,32.64,31.82,32.36,1099945
30-Apr-12,32.35,32.36,31.91,31.98,1201815
27-Apr-12,32.47,32.51,32.20,32.39,837496
26-Apr-12,31.55,32.46,31.28,32.35,1205107
25-Apr-12,31.66,32.10,31.38,31.53,1161553
24-Apr-12,30.90,31.36,30.85,31.28,851228
23-Apr-12,30.63,30.94,30.17,30.87,818827
20-Apr-12,31.00,31.68,30.98,31.07,1267113
19-Apr-12,31.19,31.52,30.72,30.89,797636
18-Apr-12,30.97,31.24,30.72,31.14,716171
17-Apr-12,30.64,31.37,30.62,31.17,937292
16-Apr-12,30.51,30.82,30.10,30.39,634610
13-Apr-12,30.52,30.52,29.90,30.32,1317906
12-Apr-12,29.73,30.79,29.70,30.64,1106605
11-Apr-12,29.14,29.71,29.03,29.68,1144231
10-Apr-12,29.59,29.59,28.68,28.80,1362031
9-Apr-12,29.31,29.78,29.31,29.68,1162755
5-Apr-12,29.59,30.07,29.51,29.86,1099558
4-Apr-12,29.65,29.86,29.40,29.77,1131799
3-Apr-12,29.97,30.14,29.75,29.89,1102059
2-Apr-12,29.84,30.33,29.73,30.02,1168871
30-Mar-12,30.46,30.47,29.97,30.13,959117
29-Mar-12,29.83,30.27,29.76,30.17,642573
28-Mar-12,30.34,30.48,29.93,30.14,1118240
27-Mar-12,29.84,30.60,29.84,30.36,1519064
26-Mar-12,29.43,29.85,29.30,29.81,762210
23-Mar-12,28.69,29.19,28.58,29.11,774446
22-Mar-12,29.00,29.09,28.53,28.68,674828
21-Mar-12,29.42,29.45,29.04,29.27,613849
20-Mar-12,29.67,29.76,29.39,29.41,645554
19-Mar-12,29.90,30.18,29.75,29.90,981441
16-Mar-12,29.82,30.02,29.68,29.91,972944
15-Mar-12,29.37,29.85,29.07,29.81,985595
14-Mar-12,29.58,29.82,29.27,29.39,505273
13-Mar-12,29.19,29.66,28.98,29.62,754697
12-Mar-12,29.08,29.39,29.02,29.06,464973
9-Mar-12,28.76,29.47,28.76,29.15,561574
8-Mar-12,28.49,28.88,28.17,28.77,1425240
7-Mar-12,28.51,28.74,28.04,28.31,1064849
6-Mar-12,29.08,29.29,28.46,28.50,1564357
5-Mar-12,29.74,29.74,29.16,29.49,1081491
2-Mar-12,29.93,30.49,29.80,29.97,1381483
1-Mar-12,30.50,30.87,29.66,29.91,1852095
29-Feb-12,30.94,31.29,30.47,30.50,749573
28-Feb-12,31.08,31.10,30.68,30.86,741458
27-Feb-12,30.68,31.10,30.48,31.03,972600
24-Feb-12,30.92,31.10,30.77,30.80,1317759
23-Feb-12,30.30,30.95,30.05,30.85,1279079
22-Feb-12,30.23,30.61,30.21,30.36,929282
21-Feb-12,30.41,30.75,30.26,30.33,661516
17-Feb-12,30.07,30.29,29.65,30.24,836738
16-Feb-12,29.21,30.11,29.17,29.84,956828
15-Feb-12,29.55,29.58,28.94,29.18,811131
14-Feb-12,29.83,29.83,29.08,29.35,1847637
13-Feb-12,29.42,29.90,29.35,29.89,1133720
10-Feb-12,29.39,29.50,28.99,29.20,1554864
9-Feb-12,29.83,30.03,29.43,29.75,1656390
8-Feb-12,29.50,29.95,29.44,29.77,1635294
7-Feb-12,28.80,29.50,28.65,29.44,1487922
6-Feb-12,28.49,28.86,28.37,28.84,798236
3-Feb-12,29.12,29.23,28.54,28.56,1416081
2-Feb-12,28.59,29.10,28.57,28.79,1878112
1-Feb-12,28.02,28.85,28.02,28.53,3238520
31-Jan-12,26.54,27.43,25.52,27.15,4866183
30-Jan-12,28.57,28.72,28.03,28.70,1253708
27-Jan-12,29.13,29.39,28.74,28.78,880903
26-Jan-12,28.89,29.31,28.86,29.24,1031380
25-Jan-12,28.57,28.76,28.36,28.70,997343
24-Jan-12,28.81,28.88,28.54,28.61,896357
23-Jan-12,29.26,29.33,28.88,28.93,531349
20-Jan-12,29.27,29.51,29.05,29.22,761009
19-Jan-12,29.03,29.49,28.86,29.34,1007666
18-Jan-12,28.43,28.94,28.21,28.90,1473479
17-Jan-12,29.23,29.23,28.39,28.42,1406119
13-Jan-12,28.80,28.80,28.80,28.80,0
12-Jan-12,29.92,30.12,29.56,29.74,894591
11-Jan-12,29.54,29.95,29.38,29.80,598338
10-Jan-12,29.91,30.15,29.57,29.65,685454
9-Jan-12,29.75,29.85,29.32,29.46,659064
6-Jan-12,29.25,30.31,28.98,29.59,1551819
5-Jan-12,29.14,29.54,28.73,29.23,1526243
4-Jan-12,29.28,29.45,28.54,29.43,1592433
3-Jan-12,29.54,30.10,29.04,29.31,2419538
30-Dec-11,28.68,28.68,28.68,28.68,0
29-Dec-11,28.49,28.80,28.30,28.77,596826
28-Dec-11,28.65,28.65,28.28,28.39,1091144
27-Dec-11,28.47,28.73,28.39,28.62,496145
23-Dec-11,28.64,28.64,28.64,28.64,0
22-Dec-11,28.05,28.44,27.99,28.35,803081
21-Dec-11,27.90,28.05,27.43,27.95,821807
20-Dec-11,27.39,27.98,27.39,27.91,923657
19-Dec-11,27.69,27.83,26.68,26.80,1033525
16-Dec-11,27.56,27.99,27.23,27.47,3864591
15-Dec-11,27.52,27.55,27.12,27.28,1062540
14-Dec-11,27.31,27.63,26.90,27.12,1321965
13-Dec-11,28.24,28.49,27.24,27.44,1511717
12-Dec-11,28.09,28.15,27.34,28.06,1682897
9-Dec-11,27.28,28.71,27.26,28.56,1612394
8-Dec-11,27.54,27.60,27.02,27.10,1298788
7-Dec-11,27.54,27.96,27.19,27.82,1083943
6-Dec-11,27.40,27.94,27.07,27.72,1397336
5-Dec-11,26.96,27.38,26.84,27.30,1910951
2-Dec-11,27.28,27.38,26.65,26.97,2183176
1-Dec-11,26.25,27.05,26.25,26.90,1270829
30-Nov-11,26.03,26.22,25.67,26.21,1908945
29-Nov-11,25.04,25.53,24.84,25.29,932790
28-Nov-11,25.10,25.20,24.70,24.90,866838
25-Nov-11,23.98,24.73,23.98,24.25,486826
23-Nov-11,24.08,24.08,24.08,24.08,0
22-Nov-11,25.17,25.19,24.71,24.87,798987
21-Nov-11,25.60,25.62,24.97,25.22,1070218
18-Nov-11,26.20,26.28,25.80,26.05,680750
17-Nov-11,26.39,26.46,25.86,26.06,1064787
16-Nov-11,26.79,26.99,26.39,26.42,1016831
15-Nov-11,26.44,27.16,26.19,27.03,1460012
14-Nov-11,25.77,26.63,25.64,26.54,3126492
11-Nov-11,26.05,26.20,25.86,26.03,1412832
10-Nov-11,25.79,25.94,25.29,25.63,1113469
9-Nov-11,25.84,25.98,25.30,25.43,1125773
8-Nov-11,26.50,26.76,25.90,26.53,960047
7-Nov-11,26.78,26.97,25.88,26.34,1299226
4-Nov-11,26.58,26.78,26.08,26.61,1146763
3-Nov-11,26.48,26.98,26.02,26.92,1312728
2-Nov-11,26.21,26.54,25.83,26.15,1260590
1-Nov-11,25.72,26.06,25.28,25.60,2036697
31-Oct-11,27.02,27.26,26.59,26.60,1609016
28-Oct-11,27.73,28.04,27.23,27.44,1772233
27-Oct-11,26.49,28.39,26.28,27.78,3654281
26-Oct-11,24.96,25.66,24.46,25.40,4864055
25-Oct-11,26.91,26.95,26.11,26.27,1843219
24-Oct-11,26.51,27.43,26.27,27.25,1237193
21-Oct-11,25.83,26.41,25.61,26.40,1638960
20-Oct-11,25.39,25.83,25.22,25.55,1764469
19-Oct-11,26.86,26.86,25.38,25.44,2710471
18-Oct-11,26.08,27.20,25.95,27.03,1735349
17-Oct-11,27.31,27.31,26.00,26.07,1385529
14-Oct-11,27.28,27.65,26.96,27.54,966381
13-Oct-11,27.00,27.07,26.28,26.89,833695
12-Oct-11,26.88,27.41,26.83,27.11,1272509
11-Oct-11,26.79,27.08,26.49,26.71,1082202
10-Oct-11,26.94,27.15,26.56,27.06,1043674
7-Oct-11,26.77,26.83,25.98,26.40,1545684
6-Oct-11,26.30,26.62,25.93,26.58,1635143
5-Oct-11,25.35,26.49,25.16,26.40,1383203
4-Oct-11,23.59,25.38,23.52,25.35,1704606
3-Oct-11,24.93,25.43,23.96,23.97,1660965
30-Sep-11,26.15,26.34,25.08,25.08,1436043
