Date,Open,High,Low,Close,Volume
27-Sep-12,4.26,4.26,4.15,4.21,45811
26-Sep-12,4.31,4.31,4.03,4.18,152176
25-Sep-12,4.80,4.80,4.22,4.35,284005
24-Sep-12,4.31,4.88,4.26,4.76,300797
21-Sep-12,4.14,4.38,4.05,4.38,138273
20-Sep-12,4.01,4.13,3.98,4.12,49589
19-Sep-12,3.97,4.14,3.97,4.07,44396
18-Sep-12,3.94,4.04,3.89,4.01,36755
17-Sep-12,4.08,4.08,3.90,3.99,98999
14-Sep-12,4.01,4.18,3.89,4.08,118562
13-Sep-12,3.86,4.10,3.75,4.02,127687
12-Sep-12,3.56,3.82,3.56,3.82,55428
11-Sep-12,3.60,3.67,3.51,3.60,46640
10-Sep-12,3.65,3.75,3.61,3.63,51462
7-Sep-12,3.71,3.73,3.59,3.61,74706
6-Sep-12,3.52,3.73,3.44,3.71,82845
5-Sep-12,3.55,3.55,3.44,3.46,28354
4-Sep-12,3.52,3.55,3.49,3.55,57514
31-Aug-12,3.59,3.59,3.55,3.55,75810
30-Aug-12,3.55,3.59,3.55,3.57,31854
29-Aug-12,3.60,3.60,3.55,3.57,66984
28-Aug-12,3.56,3.60,3.56,3.60,36133
27-Aug-12,3.53,3.59,3.52,3.55,18485
24-Aug-12,3.58,3.58,3.49,3.52,60329
23-Aug-12,3.64,3.64,3.46,3.55,50712
22-Aug-12,3.72,3.72,3.60,3.62,27996
21-Aug-12,3.72,3.81,3.66,3.68,69486
20-Aug-12,3.75,3.79,3.68,3.70,10658
17-Aug-12,3.78,3.86,3.74,3.79,4930
16-Aug-12,3.72,3.83,3.62,3.81,12875
15-Aug-12,3.75,3.75,3.64,3.67,4372
14-Aug-12,3.80,3.94,3.72,3.72,14039
13-Aug-12,4.15,4.15,3.80,3.80,49971
10-Aug-12,3.71,3.85,3.70,3.79,28748
9-Aug-12,3.61,3.84,3.61,3.74,5382
8-Aug-12,3.49,3.67,3.49,3.63,14060
7-Aug-12,3.45,3.65,3.45,3.56,20361
6-Aug-12,3.25,3.49,3.25,3.47,11445
3-Aug-12,3.45,3.61,3.37,3.45,31129
2-Aug-12,3.35,3.54,3.25,3.33,54506
1-Aug-12,3.41,3.43,3.35,3.35,15877
31-Jul-12,3.48,3.48,3.34,3.41,20640
30-Jul-12,3.55,3.63,3.40,3.45,74757
27-Jul-12,3.38,3.57,3.37,3.55,85591
26-Jul-12,3.33,3.46,3.28,3.43,78848
25-Jul-12,3.30,3.35,3.22,3.29,84140
24-Jul-12,3.31,3.39,3.22,3.27,35232
23-Jul-12,3.30,3.35,3.22,3.30,33516
20-Jul-12,3.36,3.40,3.32,3.33,39639
19-Jul-12,3.34,3.51,3.34,3.43,77432
18-Jul-12,3.32,3.40,3.28,3.39,105698
17-Jul-12,3.35,3.40,3.31,3.31,65734
16-Jul-12,3.36,3.41,3.30,3.31,70624
13-Jul-12,3.35,3.43,3.31,3.41,62068
12-Jul-12,3.43,3.62,3.30,3.34,105717
11-Jul-12,3.23,3.47,3.23,3.40,83857
10-Jul-12,3.15,3.28,3.15,3.27,173194
9-Jul-12,3.20,3.28,3.14,3.15,118762
6-Jul-12,3.30,3.38,3.29,3.31,57164
5-Jul-12,3.66,3.66,3.28,3.37,259447
3-Jul-12,3.45,3.68,3.41,3.66,102188
2-Jul-12,3.36,3.55,3.33,3.52,92564
29-Jun-12,3.33,3.43,3.31,3.33,162556
28-Jun-12,3.09,3.27,3.09,3.21,147157
27-Jun-12,3.24,3.30,3.18,3.20,156390
26-Jun-12,3.24,3.32,3.18,3.29,110938
25-Jun-12,3.38,3.52,3.28,3.28,108419
22-Jun-12,3.27,3.52,3.26,3.48,222565
21-Jun-12,3.25,3.37,3.20,3.27,235775
20-Jun-12,3.31,3.35,3.25,3.28,261829
19-Jun-12,3.26,3.37,3.20,3.37,504258
18-Jun-12,3.11,3.24,3.05,3.22,499471
15-Jun-12,3.19,3.70,3.09,3.09,2865961
14-Jun-12,3.23,3.42,3.18,3.24,513402
13-Jun-12,3.19,3.33,3.14,3.25,184385
12-Jun-12,3.10,3.32,3.06,3.24,184307
11-Jun-12,3.61,3.61,3.06,3.10,430193
8-Jun-12,3.43,3.48,3.25,3.42,217552
7-Jun-12,3.76,3.79,3.42,3.49,179596
6-Jun-12,3.51,3.75,3.51,3.67,158242
5-Jun-12,3.54,3.72,3.53,3.53,104618
4-Jun-12,3.70,3.72,3.50,3.60,117907
1-Jun-12,3.73,3.88,3.57,3.70,339024
31-May-12,3.88,3.96,3.78,3.85,57145
30-May-12,3.94,3.97,3.78,3.92,67080
29-May-12,3.96,4.08,3.96,4.00,41678
25-May-12,3.96,4.00,3.90,3.97,98229
24-May-12,3.95,4.06,3.86,4.00,63619
23-May-12,4.00,4.00,3.83,3.89,96474
22-May-12,3.85,4.04,3.85,3.95,63557
21-May-12,3.84,3.92,3.71,3.89,120768
18-May-12,4.23,4.23,3.88,3.90,111684
17-May-12,4.16,4.20,3.85,4.01,198513
16-May-12,4.31,4.33,4.16,4.18,122048
15-May-12,4.23,4.37,4.18,4.31,174300
14-May-12,4.51,4.58,4.20,4.28,144121
11-May-12,4.55,4.71,4.54,4.63,117952
10-May-12,4.59,4.70,4.52,4.54,111398
9-May-12,4.49,4.61,4.44,4.54,151277
8-May-12,4.34,4.69,4.24,4.60,302408
7-May-12,4.32,4.44,4.32,4.42,120278
4-May-12,4.46,4.52,4.30,4.40,178239
3-May-12,4.75,4.76,4.46,4.51,140112
2-May-12,4.82,4.87,4.75,4.75,126800
1-May-12,4.88,4.95,4.85,4.91,61535
30-Apr-12,4.80,4.91,4.75,4.87,213462
27-Apr-12,4.82,4.86,4.77,4.80,148999
26-Apr-12,4.95,4.95,4.78,4.87,106269
25-Apr-12,5.14,5.14,4.94,4.98,114307
24-Apr-12,4.79,5.07,4.79,5.03,225132
23-Apr-12,4.92,4.94,4.70,4.74,333599
20-Apr-12,5.10,5.10,4.87,4.93,281464
19-Apr-12,5.38,5.38,5.02,5.11,258813
18-Apr-12,5.25,5.46,5.24,5.35,323941
17-Apr-12,5.68,5.73,5.36,5.44,316389
16-Apr-12,5.83,5.87,5.54,5.67,180686
13-Apr-12,5.92,5.94,5.77,5.83,103183
12-Apr-12,5.82,5.99,5.82,5.92,196547
11-Apr-12,5.81,5.83,5.64,5.74,122831
10-Apr-12,5.78,5.78,5.54,5.54,111145
9-Apr-12,5.80,5.88,5.67,5.79,126747
5-Apr-12,5.83,5.85,5.68,5.76,88246
4-Apr-12,5.95,5.95,5.80,5.85,148123
3-Apr-12,6.14,6.14,5.96,6.00,155233
2-Apr-12,6.01,6.18,6.01,6.11,102639
30-Mar-12,6.03,6.13,6.00,6.03,181736
29-Mar-12,6.00,6.13,5.94,6.02,99816
28-Mar-12,6.16,6.16,6.00,6.01,70464
27-Mar-12,6.05,6.18,5.93,6.13,216300
26-Mar-12,6.10,6.10,5.95,5.98,189003
23-Mar-12,6.12,6.17,6.05,6.07,160275
22-Mar-12,6.04,6.15,6.02,6.07,115009
21-Mar-12,6.00,6.25,6.00,6.05,295461
20-Mar-12,6.03,6.08,6.00,6.04,100979
19-Mar-12,6.18,6.26,6.06,6.06,88740
16-Mar-12,6.22,6.26,6.13,6.18,83332
15-Mar-12,6.11,6.16,6.06,6.16,61387
14-Mar-12,6.22,6.25,6.05,6.07,87206
13-Mar-12,5.91,6.12,5.80,6.06,92847
12-Mar-12,5.95,5.95,5.78,5.83,50656
9-Mar-12,6.03,6.03,5.81,5.91,129828
8-Mar-12,6.10,6.10,5.95,5.98,42459
7-Mar-12,5.90,6.07,5.90,6.00,81275
6-Mar-12,5.99,6.03,5.90,5.94,59493
5-Mar-12,6.26,6.30,5.95,6.11,227491
2-Mar-12,6.31,6.44,6.15,6.20,121929
1-Mar-12,6.05,6.36,6.02,6.31,124749
29-Feb-12,6.13,6.24,6.04,6.07,81901
28-Feb-12,6.08,6.12,6.02,6.11,66308
27-Feb-12,6.10,6.12,5.98,6.08,120064
24-Feb-12,6.30,6.44,6.10,6.13,86647
23-Feb-12,6.40,6.47,6.30,6.36,67839
22-Feb-12,6.40,6.52,6.34,6.35,95157
21-Feb-12,6.24,6.46,6.24,6.44,86614
17-Feb-12,6.05,6.35,6.05,6.31,102518
16-Feb-12,6.06,6.15,5.95,6.14,68979
15-Feb-12,6.11,6.16,6.00,6.02,79512
14-Feb-12,6.04,6.18,6.04,6.12,80505
13-Feb-12,6.03,6.18,6.03,6.10,70726
10-Feb-12,6.59,6.59,5.96,6.07,101737
9-Feb-12,6.00,6.19,6.00,6.05,112991
8-Feb-12,6.08,6.21,5.89,6.00,234400
7-Feb-12,6.20,6.24,6.07,6.08,99015
6-Feb-12,6.23,6.35,6.20,6.30,90245
3-Feb-12,6.26,6.49,6.20,6.36,196634
2-Feb-12,6.06,6.41,6.06,6.26,111268
1-Feb-12,6.08,6.24,6.08,6.13,92405
31-Jan-12,5.90,6.15,5.80,6.15,214949
30-Jan-12,6.13,6.13,5.75,5.82,242659
27-Jan-12,6.42,6.48,6.15,6.25,257181
26-Jan-12,6.47,6.68,6.47,6.53,83851
25-Jan-12,6.46,6.50,6.31,6.46,82502
24-Jan-12,6.36,6.44,6.27,6.38,75619
23-Jan-12,6.50,6.55,6.39,6.42,91283
20-Jan-12,6.43,6.54,6.32,6.45,101413
19-Jan-12,6.24,6.57,6.20,6.50,139011
18-Jan-12,5.99,6.22,5.90,6.15,400935
17-Jan-12,6.03,6.11,5.98,6.01,87706
13-Jan-12,6.00,6.00,6.00,6.00,0
12-Jan-12,6.44,6.45,6.17,6.22,113454
11-Jan-12,6.35,6.45,6.32,6.37,212852
10-Jan-12,6.46,6.72,6.35,6.39,127963
9-Jan-12,6.28,6.40,6.25,6.32,170804
6-Jan-12,6.21,6.50,6.01,6.28,191320
5-Jan-12,5.75,6.08,5.62,5.99,143027
4-Jan-12,5.20,5.99,5.17,5.92,333656
3-Jan-12,4.94,5.28,4.94,5.19,198526
30-Dec-11,4.87,4.87,4.87,4.87,0
29-Dec-11,4.88,5.00,4.82,4.97,89525
28-Dec-11,4.87,5.05,4.80,4.83,86268
27-Dec-11,5.00,5.09,4.88,4.96,104950
23-Dec-11,5.00,5.00,5.00,5.00,0
22-Dec-11,4.89,5.02,4.82,4.92,217485
21-Dec-11,4.75,4.88,4.74,4.85,198815
20-Dec-11,4.87,4.99,4.75,4.77,201874
19-Dec-11,4.98,5.00,4.77,4.81,126811
16-Dec-11,5.03,5.10,4.95,4.99,111244
15-Dec-11,5.00,5.32,5.00,5.04,80775
14-Dec-11,5.01,5.07,4.91,4.98,64960
13-Dec-11,5.23,5.28,5.01,5.02,79302
12-Dec-11,5.14,5.34,5.13,5.19,138619
9-Dec-11,5.11,5.36,5.11,5.31,116218
8-Dec-11,5.27,5.33,5.11,5.11,81837
7-Dec-11,5.33,5.41,5.25,5.35,57792
6-Dec-11,5.34,5.43,5.26,5.40,81669
5-Dec-11,5.48,5.55,5.30,5.37,114488
2-Dec-11,5.47,5.47,5.37,5.44,109710
1-Dec-11,5.30,5.39,5.30,5.35,138067
30-Nov-11,5.45,5.46,5.31,5.34,122189
29-Nov-11,5.31,5.32,5.13,5.23,111935
28-Nov-11,5.55,5.57,5.29,5.36,89916
25-Nov-11,5.14,5.30,5.11,5.26,38702
23-Nov-11,5.19,5.19,5.19,5.19,0
22-Nov-11,5.35,5.41,5.28,5.37,181467
21-Nov-11,5.45,5.58,5.22,5.35,110596
18-Nov-11,5.65,5.72,5.49,5.56,116369
17-Nov-11,5.92,5.98,5.51,5.58,85818
16-Nov-11,6.07,6.09,5.91,5.94,115686
15-Nov-11,5.94,6.24,5.89,6.16,83886
14-Nov-11,6.17,6.22,5.98,6.04,122222
11-Nov-11,6.11,6.28,6.10,6.11,98926
10-Nov-11,6.14,6.24,6.00,6.07,94935
9-Nov-11,6.33,6.33,6.05,6.10,157643
8-Nov-11,6.27,6.49,6.20,6.41,58837
7-Nov-11,6.01,6.19,6.01,6.15,53477
4-Nov-11,6.30,6.44,5.99,6.08,112337
3-Nov-11,6.30,6.45,6.22,6.30,68580
2-Nov-11,6.14,6.40,6.08,6.28,81806
1-Nov-11,6.00,6.25,5.87,6.04,183974
31-Oct-11,6.89,6.89,6.00,6.21,343601
28-Oct-11,7.00,7.03,6.73,6.93,113207
27-Oct-11,7.28,7.30,6.98,7.05,167499
26-Oct-11,6.98,7.02,6.72,6.85,124433
25-Oct-11,6.91,7.10,6.71,6.89,108223
24-Oct-11,6.96,7.10,6.86,6.91,264034
21-Oct-11,6.58,6.94,6.48,6.83,153927
20-Oct-11,6.50,6.60,6.31,6.47,99911
19-Oct-11,6.70,6.71,6.50,6.50,69821
18-Oct-11,6.37,6.74,6.35,6.68,197515
17-Oct-11,6.69,6.69,6.29,6.40,252513
14-Oct-11,6.30,6.81,6.26,6.69,231260
13-Oct-11,6.10,6.33,5.95,6.25,161806
12-Oct-11,5.74,6.29,5.74,6.17,178789
11-Oct-11,5.64,5.73,5.47,5.70,126914
10-Oct-11,5.41,5.84,5.35,5.69,108410
7-Oct-11,5.51,5.68,5.30,5.40,77480
6-Oct-11,5.33,5.55,5.28,5.48,104987
5-Oct-11,5.22,5.48,4.96,5.43,145156
4-Oct-11,5.05,5.30,4.98,5.24,236765
3-Oct-11,5.37,5.48,5.11,5.25,240035
30-Sep-11,5.79,6.05,5.46,5.50,204069
