Date,Open,High,Low,Close,Volume
27-Sep-12,13.96,13.99,13.90,13.96,51486
26-Sep-12,13.94,14.08,13.88,14.00,42191
25-Sep-12,13.95,14.01,13.78,14.01,36054
24-Sep-12,13.85,13.99,13.85,13.98,22149
21-Sep-12,13.84,13.94,13.83,13.90,19215
20-Sep-12,13.77,13.87,13.77,13.79,33807
19-Sep-12,13.74,13.94,13.71,13.80,70741
18-Sep-12,13.75,13.80,13.73,13.73,22927
17-Sep-12,13.80,13.85,13.79,13.79,16817
14-Sep-12,13.76,13.87,13.74,13.79,30126
13-Sep-12,13.82,13.88,13.80,13.80,29439
12-Sep-12,13.77,13.89,13.74,13.87,22608
11-Sep-12,13.78,13.90,13.77,13.90,18466
10-Sep-12,13.76,13.86,13.71,13.83,17296
7-Sep-12,13.76,13.88,13.75,13.83,24535
6-Sep-12,13.73,13.85,13.72,13.82,22203
5-Sep-12,13.85,13.85,13.73,13.77,39601
4-Sep-12,13.80,13.96,13.79,13.91,20274
31-Aug-12,13.85,13.94,13.80,13.94,19445
30-Aug-12,13.86,13.92,13.84,13.90,11027
29-Aug-12,13.75,13.90,13.73,13.88,13716
28-Aug-12,13.77,13.79,13.71,13.78,13996
27-Aug-12,13.81,13.85,13.77,13.85,15565
24-Aug-12,13.77,13.83,13.77,13.83,8311
23-Aug-12,13.83,13.86,13.81,13.82,9477
22-Aug-12,13.71,13.75,13.70,13.74,8895
21-Aug-12,13.74,13.92,13.72,13.76,19071
20-Aug-12,13.76,13.79,13.76,13.79,3058
17-Aug-12,13.73,13.87,13.73,13.83,2105
16-Aug-12,13.76,13.82,13.70,13.78,4686
15-Aug-12,13.75,13.82,13.73,13.78,3541
14-Aug-12,13.63,13.83,13.63,13.81,7190
13-Aug-12,13.62,13.68,13.50,13.68,3438
10-Aug-12,13.61,13.75,13.61,13.71,2358
9-Aug-12,13.62,13.70,13.62,13.66,1294
8-Aug-12,13.64,13.67,13.63,13.63,2530
7-Aug-12,13.65,13.70,13.65,13.69,837
6-Aug-12,13.67,13.80,13.61,13.69,4579
3-Aug-12,13.63,13.73,13.61,13.69,2250
2-Aug-12,13.53,13.75,13.53,13.66,25546
1-Aug-12,13.58,13.71,13.58,13.64,12189
31-Jul-12,13.77,13.77,13.58,13.58,10659
30-Jul-12,13.60,13.72,13.60,13.71,15847
27-Jul-12,13.64,13.72,13.62,13.65,18686
26-Jul-12,13.69,13.70,13.55,13.70,18301
25-Jul-12,13.62,13.68,13.62,13.67,4199
24-Jul-12,13.72,13.72,13.61,13.67,10630
23-Jul-12,13.60,13.76,13.60,13.74,13766
20-Jul-12,13.56,13.68,13.56,13.66,8049
19-Jul-12,13.60,13.74,13.59,13.61,14664
18-Jul-12,13.57,13.65,13.55,13.62,10560
17-Jul-12,13.64,13.68,13.62,13.66,10166
16-Jul-12,13.48,13.64,13.48,13.64,10432
13-Jul-12,13.40,13.56,13.40,13.56,7273
12-Jul-12,13.46,13.46,13.34,13.46,17797
11-Jul-12,13.44,13.54,13.44,13.53,6449
10-Jul-12,13.60,13.63,13.50,13.50,13332
9-Jul-12,13.41,13.52,13.41,13.50,8343
6-Jul-12,13.45,13.58,13.45,13.46,7965
5-Jul-12,13.50,13.52,13.48,13.48,7596
3-Jul-12,13.37,13.46,13.37,13.44,2835
2-Jul-12,13.54,13.58,13.21,13.45,23595
29-Jun-12,13.45,13.68,13.38,13.63,31393
28-Jun-12,13.29,13.36,13.25,13.36,23377
27-Jun-12,13.25,13.32,13.21,13.30,20811
26-Jun-12,13.19,13.20,13.05,13.17,27901
25-Jun-12,13.05,13.19,13.05,13.17,13063
22-Jun-12,13.12,13.16,13.10,13.12,14614
21-Jun-12,13.14,13.20,13.10,13.16,11093
20-Jun-12,13.05,13.10,13.05,13.09,4308
19-Jun-12,12.94,13.31,12.94,13.05,19466
18-Jun-12,12.97,13.00,12.94,12.96,15542
15-Jun-12,13.01,13.05,13.00,13.01,15313
14-Jun-12,13.00,13.09,13.00,13.06,28824
13-Jun-12,13.05,13.08,12.99,13.07,18375
12-Jun-12,13.00,13.15,13.00,13.15,14021
11-Jun-12,13.02,13.05,12.95,13.01,28526
8-Jun-12,12.90,13.02,12.90,13.02,17263
7-Jun-12,12.92,13.02,12.90,12.90,10084
6-Jun-12,12.91,13.03,12.91,12.91,13284
5-Jun-12,12.86,12.98,12.86,12.94,28719
4-Jun-12,13.05,13.12,12.87,12.92,15144
1-Jun-12,13.10,13.16,12.99,13.12,22533
31-May-12,13.09,13.17,13.04,13.17,20245
30-May-12,13.07,13.20,13.07,13.15,21262
29-May-12,13.19,13.25,13.15,13.19,38656
25-May-12,13.26,13.40,13.19,13.19,43158
24-May-12,13.31,13.34,13.26,13.31,17270
23-May-12,13.29,13.36,13.28,13.33,22192
22-May-12,13.31,13.36,13.22,13.28,20346
21-May-12,13.10,13.48,13.03,13.36,31278
18-May-12,13.05,13.22,13.02,13.15,57973
17-May-12,13.31,13.31,13.09,13.11,57508
16-May-12,13.24,13.41,13.24,13.37,16911
15-May-12,13.30,13.30,13.24,13.24,6919
14-May-12,13.35,13.43,13.31,13.31,29809
11-May-12,13.29,13.50,13.29,13.41,16644
10-May-12,13.45,13.52,13.42,13.42,9966
9-May-12,13.36,13.58,13.34,13.47,35845
8-May-12,13.44,13.50,13.40,13.45,23274
7-May-12,13.40,13.50,13.40,13.50,30270
4-May-12,13.44,13.49,13.41,13.41,14712
3-May-12,13.62,13.71,13.50,13.50,14475
2-May-12,13.51,13.60,13.51,13.60,5525
1-May-12,13.61,13.68,13.53,13.57,28907
30-Apr-12,13.49,13.61,13.49,13.56,19904
27-Apr-12,13.50,13.59,13.49,13.53,46624
26-Apr-12,13.47,13.56,13.46,13.52,27858
25-Apr-12,13.54,13.58,13.46,13.47,47513
24-Apr-12,13.73,13.75,13.48,13.54,48440
23-Apr-12,13.59,13.73,13.58,13.71,14229
20-Apr-12,13.56,13.65,13.56,13.59,13859
19-Apr-12,13.55,13.59,13.46,13.52,10163
18-Apr-12,13.68,13.72,13.47,13.51,40498
17-Apr-12,13.62,13.66,13.57,13.65,25309
16-Apr-12,13.53,13.63,13.47,13.59,41527
13-Apr-12,13.53,13.56,13.38,13.42,28467
12-Apr-12,13.51,13.60,13.46,13.46,27155
11-Apr-12,13.64,13.64,13.57,13.60,9948
10-Apr-12,13.55,13.55,13.49,13.54,30115
9-Apr-12,13.44,13.53,13.44,13.53,11440
5-Apr-12,13.53,13.55,13.43,13.43,30133
4-Apr-12,13.49,13.60,13.42,13.47,24406
3-Apr-12,13.42,13.52,13.41,13.52,15534
2-Apr-12,13.40,13.56,13.40,13.48,21243
30-Mar-12,13.48,13.59,13.40,13.40,33694
29-Mar-12,13.45,13.58,13.38,13.38,55175
28-Mar-12,13.50,13.62,13.45,13.45,89632
27-Mar-12,13.66,13.66,13.52,13.54,104195
26-Mar-12,13.50,13.63,13.48,13.60,127140
23-Mar-12,13.39,13.55,13.39,13.53,23801
22-Mar-12,13.39,13.51,13.37,13.43,33010
21-Mar-12,13.27,13.43,13.23,13.38,107638
20-Mar-12,13.19,13.40,13.17,13.34,83473
19-Mar-12,13.26,13.41,13.21,13.31,95427
16-Mar-12,13.28,13.44,13.12,13.34,119995
15-Mar-12,13.35,13.37,13.26,13.28,23622
14-Mar-12,13.35,13.43,13.34,13.34,31137
13-Mar-12,13.50,13.51,13.35,13.40,38021
12-Mar-12,13.55,13.64,13.49,13.51,55357
9-Mar-12,13.62,13.62,13.50,13.62,8490
8-Mar-12,13.44,13.60,13.43,13.60,21465
7-Mar-12,13.31,13.54,13.31,13.46,120023
6-Mar-12,13.42,13.42,13.29,13.34,52554
5-Mar-12,13.48,13.54,13.43,13.43,41720
2-Mar-12,13.46,13.54,13.40,13.54,45010
1-Mar-12,13.43,13.48,13.38,13.48,37522
29-Feb-12,13.39,13.48,13.39,13.45,24707
28-Feb-12,13.45,13.45,13.38,13.39,26345
27-Feb-12,13.46,13.49,13.37,13.41,20243
24-Feb-12,13.51,13.54,13.40,13.46,42010
23-Feb-12,13.50,13.58,13.48,13.54,24027
22-Feb-12,13.45,13.54,13.45,13.52,31569
21-Feb-12,13.44,13.56,13.42,13.45,51549
17-Feb-12,13.40,13.46,13.36,13.44,28907
16-Feb-12,13.42,13.43,13.36,13.40,21194
15-Feb-12,13.44,13.46,13.39,13.43,15442
14-Feb-12,13.41,13.45,13.37,13.44,28353
13-Feb-12,13.43,13.50,13.42,13.47,31829
10-Feb-12,13.45,13.48,13.35,13.48,40388
9-Feb-12,13.47,13.47,13.40,13.45,24176
8-Feb-12,13.18,13.45,13.18,13.43,94752
7-Feb-12,13.09,13.27,13.09,13.19,32916
6-Feb-12,13.11,13.18,13.11,13.15,16874
3-Feb-12,13.18,13.25,13.16,13.16,36196
2-Feb-12,13.21,13.25,13.17,13.21,18731
1-Feb-12,13.15,13.26,13.15,13.21,27502
31-Jan-12,13.16,13.19,13.15,13.15,21145
30-Jan-12,13.15,13.19,13.12,13.19,18393
27-Jan-12,13.22,13.26,13.06,13.17,70053
26-Jan-12,13.18,13.28,13.16,13.28,17755
25-Jan-12,13.16,13.25,13.09,13.19,27435
24-Jan-12,13.14,13.15,13.09,13.12,17629
23-Jan-12,13.06,13.14,13.04,13.14,22995
20-Jan-12,12.97,13.02,12.95,13.02,17910
19-Jan-12,12.86,13.04,12.86,12.97,17075
18-Jan-12,12.85,12.95,12.85,12.90,28280
17-Jan-12,12.91,12.96,12.90,12.90,33420
13-Jan-12,12.91,12.91,12.91,12.91,0
12-Jan-12,13.01,13.01,12.91,12.92,18481
11-Jan-12,13.01,13.05,12.93,12.94,21746
10-Jan-12,13.00,13.01,12.90,12.95,32069
9-Jan-12,12.79,12.87,12.78,12.83,17353
6-Jan-12,12.73,12.79,12.68,12.78,19178
5-Jan-12,12.65,12.72,12.65,12.69,23478
4-Jan-12,12.47,12.66,12.47,12.65,28768
3-Jan-12,12.49,12.53,12.47,12.51,17840
30-Dec-11,12.45,12.45,12.45,12.45,0
29-Dec-11,12.69,12.75,12.59,12.61,16186
28-Dec-11,12.54,12.66,12.44,12.62,45446
27-Dec-11,12.53,12.60,12.48,12.55,18578
23-Dec-11,12.60,12.60,12.60,12.60,0
22-Dec-11,12.32,12.50,12.32,12.49,29641
21-Dec-11,12.40,12.40,12.29,12.36,15852
20-Dec-11,12.30,12.42,12.24,12.42,16291
19-Dec-11,12.22,12.28,12.21,12.21,18380
16-Dec-11,12.21,12.28,12.19,12.21,21880
15-Dec-11,12.22,12.25,12.18,12.19,24600
14-Dec-11,12.20,12.27,12.16,12.19,37481
13-Dec-11,12.27,12.33,12.22,12.22,31405
12-Dec-11,12.42,12.42,12.24,12.27,23844
9-Dec-11,12.55,12.55,12.45,12.45,28479
8-Dec-11,12.55,12.55,12.37,12.45,20951
7-Dec-11,12.44,12.62,12.44,12.60,18085
6-Dec-11,12.65,12.65,12.46,12.51,36764
5-Dec-11,12.57,12.66,12.55,12.61,19084
2-Dec-11,12.16,12.64,12.16,12.54,21143
1-Dec-11,12.47,12.60,12.47,12.56,16210
30-Nov-11,12.62,12.62,12.45,12.55,18128
29-Nov-11,12.34,12.54,12.32,12.54,31455
28-Nov-11,12.33,12.44,12.33,12.40,37892
25-Nov-11,12.08,12.26,12.08,12.20,21790
23-Nov-11,12.14,12.14,12.14,12.14,0
22-Nov-11,12.31,12.32,12.21,12.32,12716
21-Nov-11,12.25,12.29,12.25,12.25,22476
18-Nov-11,12.30,12.37,12.30,12.37,25402
17-Nov-11,12.37,12.43,12.27,12.30,47602
16-Nov-11,12.26,12.48,12.26,12.48,15061
15-Nov-11,12.32,12.45,12.32,12.44,8334
14-Nov-11,12.47,12.53,12.36,12.43,16672
11-Nov-11,12.41,12.60,12.41,12.58,17495
10-Nov-11,12.55,12.57,12.43,12.46,18256
9-Nov-11,12.52,12.56,12.50,12.53,13132
8-Nov-11,12.80,12.80,12.63,12.63,8756
7-Nov-11,12.55,12.75,12.55,12.75,11989
4-Nov-11,12.70,12.70,12.52,12.62,18260
3-Nov-11,12.79,12.79,12.59,12.65,33008
2-Nov-11,12.80,12.80,12.65,12.72,4932
1-Nov-11,12.67,12.70,12.52,12.69,14038
31-Oct-11,12.87,12.87,12.75,12.82,15298
28-Oct-11,12.78,12.88,12.76,12.88,17030
27-Oct-11,12.65,12.84,12.61,12.84,34709
26-Oct-11,12.40,12.59,12.39,12.55,37170
25-Oct-11,12.74,12.74,12.40,12.40,22772
24-Oct-11,12.60,12.75,12.56,12.75,9473
21-Oct-11,12.54,12.64,12.42,12.64,10266
20-Oct-11,12.42,12.50,12.39,12.39,14167
19-Oct-11,12.43,12.47,12.31,12.47,18209
18-Oct-11,12.27,12.34,12.12,12.34,16826
17-Oct-11,12.33,12.33,12.17,12.20,13259
14-Oct-11,12.17,12.43,12.17,12.28,22900
13-Oct-11,12.08,12.11,11.82,12.11,19831
12-Oct-11,11.97,12.29,11.97,12.17,22997
11-Oct-11,12.04,12.12,12.03,12.03,16584
10-Oct-11,11.90,12.19,11.90,12.10,28789
7-Oct-11,12.14,12.14,11.58,11.85,35688
6-Oct-11,11.90,12.03,11.84,12.03,20930
5-Oct-11,11.87,11.87,11.68,11.85,26699
4-Oct-11,11.75,11.96,11.73,11.79,29810
3-Oct-11,12.12,12.12,12.03,12.05,20619
30-Sep-11,12.30,12.30,12.23,12.26,9442
