Date,Open,High,Low,Close,Volume
27-Sep-12,68.30,69.10,68.09,68.92,2200773
26-Sep-12,67.77,67.92,66.81,67.45,2644611
25-Sep-12,69.52,69.83,67.96,68.06,2397904
24-Sep-12,69.21,69.67,69.07,69.38,1581819
21-Sep-12,70.57,70.68,69.92,69.95,1697004
20-Sep-12,69.56,70.26,69.24,70.15,1979254
19-Sep-12,71.16,71.60,70.83,71.18,2165883
18-Sep-12,70.63,71.22,70.44,71.08,2251163
17-Sep-12,72.09,72.18,71.02,71.26,2222004
14-Sep-12,72.34,73.00,72.16,72.28,6493866
13-Sep-12,68.72,70.89,68.32,70.51,3151548
12-Sep-12,69.12,69.18,68.26,68.72,2532276
11-Sep-12,67.56,68.70,67.47,68.49,2764074
10-Sep-12,67.72,68.13,67.09,67.14,2348922
7-Sep-12,67.15,68.16,67.10,67.70,4076900
6-Sep-12,64.40,65.65,64.35,65.25,2961529
5-Sep-12,63.55,63.74,63.00,63.48,1958167
4-Sep-12,65.27,65.43,64.65,64.97,1831241
31-Aug-12,65.85,65.97,64.97,65.80,2289069
30-Aug-12,65.82,65.87,64.80,64.98,3128074
29-Aug-12,67.90,67.97,67.36,67.37,1705453
28-Aug-12,68.28,68.47,68.08,68.15,2843612
27-Aug-12,68.84,68.91,68.15,68.17,1268342
24-Aug-12,68.27,69.20,68.12,68.80,1633998
23-Aug-12,69.86,69.98,68.91,69.05,1675393
22-Aug-12,68.94,69.85,68.70,69.70,1347145
21-Aug-12,70.12,70.60,69.21,69.49,1415770
20-Aug-12,69.02,69.23,68.63,69.16,1238982
17-Aug-12,68.98,69.30,68.59,69.08,408747
16-Aug-12,68.87,69.43,68.45,69.21,381060
15-Aug-12,68.27,68.42,67.98,68.21,297281
14-Aug-12,69.25,69.47,68.78,68.93,261345
13-Aug-12,69.55,69.84,68.95,69.25,250639
10-Aug-12,69.33,69.97,69.09,69.91,342752
9-Aug-12,69.17,69.69,69.15,69.51,278474
8-Aug-12,68.76,69.17,68.61,68.97,428685
7-Aug-12,68.66,68.98,68.38,68.44,396056
6-Aug-12,67.87,68.74,67.85,68.23,588576
3-Aug-12,67.58,68.28,67.38,68.01,687771
2-Aug-12,65.91,66.93,65.48,66.11,2996165
1-Aug-12,67.06,67.25,66.10,66.14,2596612
31-Jul-12,66.73,67.03,66.29,66.34,2473378
30-Jul-12,66.58,67.08,66.28,66.70,2466731
27-Jul-12,65.61,67.30,65.27,66.99,3921148
26-Jul-12,65.18,65.40,64.53,64.88,6493863
25-Jul-12,63.75,63.89,62.70,63.35,6777986
24-Jul-12,63.39,63.49,61.94,62.52,4960805
23-Jul-12,61.81,63.10,61.37,62.89,4251253
20-Jul-12,64.55,64.61,63.84,64.05,2715933
19-Jul-12,64.45,65.47,64.34,65.15,3264677
18-Jul-12,62.48,63.70,62.40,63.40,3766213
17-Jul-12,63.09,63.34,62.17,63.32,2585350
16-Jul-12,62.93,63.03,62.38,62.80,1801998
13-Jul-12,62.21,63.46,62.21,63.22,2104079
12-Jul-12,61.42,62.23,60.73,61.84,3502906
11-Jul-12,63.21,63.83,62.83,63.38,2411454
10-Jul-12,64.83,64.93,62.58,62.94,2933610
9-Jul-12,64.27,64.58,63.89,64.34,2228744
6-Jul-12,65.13,65.29,64.40,64.95,1850705
5-Jul-12,66.28,66.68,64.97,66.19,2396359
3-Jul-12,65.85,66.88,65.68,66.60,2464293
2-Jul-12,65.62,65.65,64.73,65.54,2016610
29-Jun-12,65.16,65.50,64.65,65.30,3811504
28-Jun-12,61.44,62.07,61.00,61.99,2998216
27-Jun-12,61.44,62.27,61.15,62.10,3306145
26-Jun-12,61.86,62.10,61.03,61.65,2128010
25-Jun-12,61.78,61.88,60.90,61.28,3885484
22-Jun-12,63.39,63.63,62.68,63.31,2970683
21-Jun-12,65.91,65.91,63.06,63.14,4393909
20-Jun-12,67.45,67.57,66.17,66.70,3272385
19-Jun-12,66.78,67.46,66.42,66.98,3039584
18-Jun-12,65.03,66.27,64.74,65.92,2909148
15-Jun-12,64.18,65.04,63.87,65.00,2308806
14-Jun-12,62.64,63.78,62.35,63.55,2160723
13-Jun-12,63.26,64.14,62.91,63.18,2281172
12-Jun-12,63.46,63.96,62.82,63.96,1884472
11-Jun-12,63.80,63.90,62.14,62.23,2523825
8-Jun-12,62.01,63.16,61.67,63.01,3041050
7-Jun-12,65.42,65.76,64.33,64.42,7580082
6-Jun-12,62.39,63.50,62.32,63.23,4839207
5-Jun-12,60.48,61.36,60.41,61.23,4057042
4-Jun-12,60.54,61.00,59.87,60.87,3799946
1-Jun-12,60.45,61.52,60.41,61.05,3844928
31-May-12,61.63,61.88,60.35,61.53,4434178
30-May-12,62.06,62.11,61.43,61.56,3834704
29-May-12,63.75,64.51,63.31,64.02,3997538
25-May-12,61.75,62.18,61.57,61.81,2980967
24-May-12,62.76,63.25,62.10,62.80,3811293
23-May-12,62.36,63.30,61.22,63.14,5127379
22-May-12,64.61,65.06,63.12,63.58,4499099
21-May-12,63.03,64.51,62.83,64.47,2787865
18-May-12,63.46,63.60,62.31,62.49,4025285
17-May-12,64.37,64.54,63.43,63.55,3937519
16-May-12,65.39,66.38,64.42,64.42,3729898
15-May-12,66.90,67.45,65.50,65.77,3492569
14-May-12,67.68,68.01,67.25,67.46,3786388
11-May-12,68.53,69.88,68.48,68.82,4045065
10-May-12,70.35,70.84,69.78,70.18,3182127
9-May-12,68.50,69.86,68.06,69.33,3169185
8-May-12,69.97,70.22,68.80,70.04,3485262
7-May-12,71.07,71.65,70.75,71.37,1693507
4-May-12,72.43,72.53,71.37,71.73,3614795
3-May-12,74.47,74.66,73.17,73.43,2385626
2-May-12,75.11,75.17,74.35,75.00,3724858
1-May-12,74.57,76.10,74.42,75.50,3799927
30-Apr-12,74.28,74.38,73.67,74.30,2422498
27-Apr-12,74.59,74.59,73.98,74.25,4242527
26-Apr-12,72.85,73.72,72.70,73.60,1881945
25-Apr-12,73.39,73.48,72.74,73.41,2764606
24-Apr-12,71.54,72.77,71.48,72.23,1847034
23-Apr-12,71.75,72.06,70.97,71.95,2400532
20-Apr-12,74.10,74.20,73.25,73.41,2447818
19-Apr-12,73.62,73.88,72.53,73.00,2905714
18-Apr-12,73.05,73.40,72.66,72.83,2486280
17-Apr-12,71.45,72.11,71.01,71.81,2314464
16-Apr-12,71.27,71.53,70.25,70.84,2099055
13-Apr-12,71.84,71.88,70.34,70.45,2788925
12-Apr-12,70.55,72.00,70.46,71.81,3149382
11-Apr-12,70.24,70.29,69.18,69.34,2719854
10-Apr-12,69.55,69.98,68.54,69.01,4519287
9-Apr-12,69.20,70.16,69.10,69.90,1678841
5-Apr-12,69.98,71.54,69.92,70.04,2614105
4-Apr-12,70.16,71.16,69.50,69.93,6283991
3-Apr-12,73.31,73.35,71.04,71.76,7073537
2-Apr-12,72.63,74.40,72.40,73.84,2904599
30-Mar-12,72.61,72.80,71.86,72.40,3126152
29-Mar-12,70.11,71.48,69.98,71.39,3319574
28-Mar-12,71.46,71.52,69.96,70.77,3652032
27-Mar-12,72.45,72.75,71.47,71.48,2035515
26-Mar-12,72.31,72.72,71.86,72.61,3007059
23-Mar-12,70.74,71.90,70.40,71.58,2808725
22-Mar-12,70.79,70.96,70.17,70.70,4299332
21-Mar-12,72.30,72.65,71.91,72.17,2092984
20-Mar-12,73.21,73.33,72.65,73.01,3924529
19-Mar-12,75.06,76.05,74.88,75.51,2264194
16-Mar-12,74.90,75.19,74.65,74.69,2905552
15-Mar-12,74.02,74.56,73.73,74.36,3531321
14-Mar-12,74.81,74.94,72.90,73.36,4955001
13-Mar-12,74.46,75.44,74.31,75.39,4793256
12-Mar-12,73.62,74.02,73.42,73.50,2542901
9-Mar-12,73.80,74.67,73.43,74.14,2439031
8-Mar-12,73.95,74.22,73.40,74.01,2562060
7-Mar-12,72.68,73.13,72.19,72.92,2474648
6-Mar-12,72.37,72.39,71.52,71.97,3474936
5-Mar-12,75.27,75.29,73.92,74.33,2802653
2-Mar-12,76.93,76.97,75.57,76.01,1594513
1-Mar-12,77.25,77.79,76.95,77.29,1888401
29-Feb-12,78.84,79.19,76.51,76.82,3843140
28-Feb-12,78.45,79.19,78.29,78.81,2786508
27-Feb-12,77.11,78.31,76.87,78.03,2845610
24-Feb-12,77.84,78.26,77.59,77.79,2321441
23-Feb-12,77.59,78.04,76.99,77.65,2680321
22-Feb-12,77.40,78.04,77.30,77.76,2486417
21-Feb-12,77.67,78.43,77.40,77.89,2921546
17-Feb-12,76.80,76.83,75.40,76.11,2575215
16-Feb-12,75.43,76.94,75.20,76.90,2926507
15-Feb-12,77.34,77.35,75.76,76.07,3393191
14-Feb-12,77.31,77.40,75.93,76.79,2546867
13-Feb-12,78.71,78.75,77.91,78.42,1760643
10-Feb-12,76.90,77.24,76.50,77.10,3416109
9-Feb-12,80.32,80.38,78.92,79.62,3224069
8-Feb-12,80.99,81.64,79.93,80.73,2903185
7-Feb-12,81.27,81.87,80.30,81.77,2732952
6-Feb-12,81.79,81.95,81.29,81.76,2373443
3-Feb-12,81.42,82.23,81.19,82.15,3371740
2-Feb-12,81.30,81.62,80.45,80.90,3484339
1-Feb-12,80.30,81.29,80.27,80.45,3696133
31-Jan-12,80.40,80.46,78.31,79.44,3473962
30-Jan-12,79.19,79.88,78.54,79.44,2188297
27-Jan-12,79.88,80.80,79.74,80.15,2620806
26-Jan-12,81.49,81.92,80.10,80.42,3547237
25-Jan-12,77.68,80.44,77.36,80.14,4295233
24-Jan-12,77.36,78.20,77.13,78.12,2304447
23-Jan-12,78.69,79.42,78.53,78.83,2513468
20-Jan-12,78.53,78.55,77.73,78.15,2633283
19-Jan-12,78.69,78.80,78.18,78.51,4279478
18-Jan-12,77.16,78.36,77.00,78.32,3431848
17-Jan-12,76.95,77.19,76.02,76.29,4098233
13-Jan-12,74.95,74.95,74.95,74.95,0
12-Jan-12,76.14,76.60,75.27,76.39,4558421
11-Jan-12,74.48,75.45,74.23,75.16,3320062
10-Jan-12,74.92,75.45,74.61,74.72,3508584
9-Jan-12,72.92,73.05,72.16,72.71,2276544
6-Jan-12,73.49,73.55,72.30,72.45,1924887
5-Jan-12,73.36,73.84,72.71,73.38,1883188
4-Jan-12,74.45,75.05,73.74,74.79,2617090
3-Jan-12,74.63,75.28,74.27,74.76,4699620
30-Dec-11,70.63,70.63,70.63,70.63,0
29-Dec-11,69.42,70.40,69.15,70.30,1626786
28-Dec-11,70.87,70.94,68.72,68.93,1908061
27-Dec-11,70.83,71.27,70.43,70.84,1109734
23-Dec-11,71.15,71.15,71.15,71.15,0
22-Dec-11,70.75,71.67,70.55,71.08,2750511
21-Dec-11,70.61,70.90,69.42,70.80,2659118
20-Dec-11,69.68,70.67,69.65,70.56,2948273
19-Dec-11,68.93,69.22,67.25,67.41,2473166
16-Dec-11,70.06,70.67,69.22,69.78,3492460
15-Dec-11,70.35,70.45,68.79,69.05,2896614
14-Dec-11,69.97,70.11,68.68,69.50,4851520
13-Dec-11,72.51,73.33,70.03,70.55,3719835
12-Dec-11,72.92,72.92,71.83,72.62,2786690
9-Dec-11,73.45,75.43,73.14,75.04,3310722
8-Dec-11,74.95,75.11,73.13,73.29,3387273
7-Dec-11,75.64,76.14,74.95,75.69,3000978
6-Dec-11,76.06,76.93,75.64,76.11,3307364
5-Dec-11,77.15,77.77,75.95,76.72,2604369
2-Dec-11,76.77,76.86,75.17,75.30,3308741
1-Dec-11,74.60,75.50,73.67,74.00,3636771
30-Nov-11,74.03,75.35,73.77,75.17,5883331
29-Nov-11,69.67,70.46,69.21,69.67,2087141
28-Nov-11,70.28,70.50,68.88,69.66,3222238
25-Nov-11,66.69,67.47,66.30,66.32,1986598
23-Nov-11,66.93,66.93,66.93,66.93,0
22-Nov-11,69.05,69.93,68.54,69.37,2899202
21-Nov-11,69.78,70.19,68.65,69.82,3610147
18-Nov-11,72.52,72.81,71.65,71.92,2753211
17-Nov-11,73.90,74.06,71.76,72.23,4214772
16-Nov-11,74.72,75.59,73.88,73.97,3373927
15-Nov-11,75.47,76.60,75.19,76.06,3583085
14-Nov-11,76.68,76.89,75.35,75.90,2609807
11-Nov-11,77.18,78.24,76.96,77.86,2472645
10-Nov-11,77.05,77.17,75.12,76.23,3266121
9-Nov-11,76.72,77.02,74.94,75.09,4196008
8-Nov-11,79.61,80.22,78.82,80.07,4079592
7-Nov-11,78.13,79.22,77.58,79.12,2114448
4-Nov-11,78.73,79.24,77.13,79.00,3833234
3-Nov-11,77.77,79.34,76.90,79.02,6693506
2-Nov-11,76.75,77.95,76.01,77.40,5796494
1-Nov-11,74.50,77.20,74.09,75.60,5007512
31-Oct-11,79.60,79.73,78.08,78.08,5090857
28-Oct-11,82.45,83.77,82.18,83.15,4099825
27-Oct-11,83.02,84.37,82.02,83.77,7068570
26-Oct-11,78.36,78.74,76.34,78.04,4519907
25-Oct-11,77.36,78.04,75.75,76.51,3711571
24-Oct-11,77.04,79.59,77.02,79.39,5597142
21-Oct-11,74.38,75.31,73.91,75.07,3135418
20-Oct-11,72.90,73.47,71.08,72.64,4883231
19-Oct-11,74.51,74.96,72.63,72.88,5075819
18-Oct-11,73.91,76.52,72.50,76.06,5181346
17-Oct-11,76.39,76.52,74.39,74.59,3417071
14-Oct-11,77.43,77.75,76.42,77.70,3208648
13-Oct-11,75.23,76.16,74.19,76.01,3702167
12-Oct-11,76.32,77.66,76.00,76.19,5071419
11-Oct-11,73.42,74.36,72.93,74.04,4039470
10-Oct-11,74.21,75.22,74.08,75.18,3163257
7-Oct-11,73.35,73.59,70.58,71.53,5080045
6-Oct-11,70.31,72.21,69.86,71.79,6369699
5-Oct-11,67.97,69.51,67.17,69.36,6925189
4-Oct-11,63.56,67.09,62.54,67.01,8570410
3-Oct-11,65.44,66.96,64.40,64.42,4202108
30-Sep-11,66.56,68.08,66.15,66.44,4205430
