Date,Open,High,Low,Close,Volume
27-Sep-12,35.62,35.76,35.27,35.44,268175
26-Sep-12,35.66,36.07,35.48,35.61,323146
25-Sep-12,35.95,36.28,35.53,35.64,335015
24-Sep-12,35.52,36.02,35.49,35.80,202963
21-Sep-12,35.91,35.99,35.30,35.70,533526
20-Sep-12,35.37,36.05,35.27,35.62,375200
19-Sep-12,35.31,35.55,35.20,35.49,237101
18-Sep-12,35.47,35.58,35.12,35.31,283597
17-Sep-12,35.21,35.67,35.08,35.55,359612
14-Sep-12,35.14,35.56,35.12,35.35,323034
13-Sep-12,34.82,35.35,34.70,35.04,286535
12-Sep-12,34.84,35.22,34.62,34.89,317186
11-Sep-12,34.47,34.70,34.41,34.56,151728
10-Sep-12,34.48,34.74,34.45,34.45,192915
7-Sep-12,34.80,34.88,34.48,34.57,217843
6-Sep-12,34.48,34.91,34.28,34.75,312964
5-Sep-12,34.63,34.67,34.32,34.47,333075
4-Sep-12,34.09,34.60,33.85,34.46,318648
31-Aug-12,34.35,34.37,33.91,34.20,500509
30-Aug-12,34.46,34.46,34.03,34.11,354201
29-Aug-12,34.47,34.85,34.47,34.49,474248
28-Aug-12,34.03,34.31,33.86,34.15,461679
27-Aug-12,33.51,34.53,33.40,34.13,738350
24-Aug-12,32.65,33.78,32.32,33.42,1811056
23-Aug-12,31.35,31.36,30.82,31.01,384152
22-Aug-12,31.43,31.55,31.22,31.32,158674
21-Aug-12,31.41,31.57,31.26,31.42,772607
20-Aug-12,31.46,31.50,31.29,31.41,502246
17-Aug-12,31.66,31.71,31.46,31.51,115683
16-Aug-12,31.53,31.75,31.36,31.61,71876
15-Aug-12,31.41,31.72,31.37,31.57,80536
14-Aug-12,32.01,32.05,31.80,31.96,94073
13-Aug-12,31.41,31.94,31.41,31.90,124935
10-Aug-12,31.45,31.51,31.20,31.48,86267
9-Aug-12,31.44,31.58,31.15,31.46,158182
8-Aug-12,30.57,31.45,30.57,31.39,205028
7-Aug-12,31.89,31.92,30.42,30.67,290075
6-Aug-12,31.83,32.01,31.77,31.89,80369
3-Aug-12,31.51,31.94,31.42,31.71,94446
2-Aug-12,31.10,31.23,30.93,31.20,432049
1-Aug-12,31.89,32.30,31.14,31.14,495914
31-Jul-12,32.31,32.38,31.83,31.85,396654
30-Jul-12,31.91,32.34,31.86,32.31,310740
27-Jul-12,31.65,32.21,31.60,31.97,300028
26-Jul-12,31.90,32.06,31.50,31.55,309566
25-Jul-12,31.65,31.70,31.40,31.59,340793
24-Jul-12,32.14,32.14,31.48,31.60,406501
23-Jul-12,32.01,32.12,31.72,31.97,473273
20-Jul-12,32.01,33.05,32.01,32.19,4348479
19-Jul-12,32.01,32.35,31.47,32.13,899922
18-Jul-12,31.77,31.96,31.67,31.85,610615
17-Jul-12,30.97,32.39,30.97,31.75,1582402
16-Jul-12,31.48,31.48,30.29,30.86,950397
13-Jul-12,31.45,31.77,31.31,31.64,509120
12-Jul-12,31.32,31.49,31.24,31.36,452928
11-Jul-12,31.68,31.78,31.24,31.46,444037
10-Jul-12,32.29,32.29,31.54,31.64,459023
9-Jul-12,32.50,32.65,31.94,32.07,386528
6-Jul-12,31.93,32.53,31.93,32.46,392140
5-Jul-12,32.58,32.73,32.15,32.17,317964
3-Jul-12,32.14,32.68,32.14,32.66,219145
2-Jul-12,32.24,32.43,31.50,32.13,814845
29-Jun-12,32.99,33.02,32.11,32.17,522569
28-Jun-12,32.76,32.82,32.20,32.54,420531
27-Jun-12,32.38,33.07,32.38,32.94,204081
26-Jun-12,32.30,32.42,32.11,32.26,4550700
25-Jun-12,32.47,32.55,32.14,32.19,136109
22-Jun-12,32.53,32.76,32.40,32.70,260745
21-Jun-12,33.00,33.20,32.30,32.35,216889
20-Jun-12,33.18,33.35,32.92,32.99,203174
19-Jun-12,32.90,33.43,32.64,33.13,221477
18-Jun-12,32.53,32.81,32.47,32.75,177479
15-Jun-12,32.55,32.83,32.47,32.56,317112
14-Jun-12,32.39,32.64,32.28,32.46,157422
13-Jun-12,32.38,32.59,32.12,32.29,166629
12-Jun-12,32.41,32.47,32.06,32.47,127149
11-Jun-12,32.95,32.95,32.28,32.30,236942
8-Jun-12,32.56,32.74,32.20,32.66,244040
7-Jun-12,33.05,33.10,32.46,32.51,862672
6-Jun-12,32.47,32.79,32.25,32.75,228519
5-Jun-12,31.61,32.51,31.61,32.25,241870
4-Jun-12,31.99,32.09,31.73,31.87,171106
1-Jun-12,31.77,32.21,31.66,31.81,267897
31-May-12,31.85,32.42,31.76,32.18,429221
30-May-12,31.68,31.94,31.68,31.78,206678
29-May-12,31.95,31.97,31.62,31.94,197585
25-May-12,31.74,31.90,31.60,31.73,134305
24-May-12,31.82,31.96,31.37,31.72,256399
23-May-12,31.92,32.13,31.50,31.76,150575
22-May-12,31.94,32.29,31.87,32.08,199895
21-May-12,31.70,31.96,31.32,31.96,214403
18-May-12,31.87,32.10,31.51,31.60,184515
17-May-12,32.23,32.34,31.92,31.93,159924
16-May-12,32.17,32.43,32.04,32.25,201642
15-May-12,32.86,32.86,32.41,32.50,201635
14-May-12,32.49,33.02,32.41,32.70,255668
11-May-12,32.62,32.83,32.48,32.58,134773
10-May-12,32.57,32.86,32.45,32.75,105710
9-May-12,32.28,32.66,32.21,32.49,217162
8-May-12,31.59,32.42,31.52,32.42,209978
7-May-12,32.05,32.22,31.59,31.73,259500
4-May-12,31.84,32.50,31.84,32.14,218566
3-May-12,32.55,32.70,32.16,32.20,188691
2-May-12,32.88,32.92,32.48,32.54,180270
1-May-12,33.13,33.68,32.90,33.08,342931
30-Apr-12,33.01,33.24,32.96,33.01,275812
27-Apr-12,33.12,33.32,32.82,33.10,242383
26-Apr-12,33.02,33.34,32.91,33.18,162651
25-Apr-12,32.96,33.11,32.65,33.08,171193
24-Apr-12,32.24,32.65,32.22,32.60,193330
23-Apr-12,32.33,32.40,32.12,32.28,180051
20-Apr-12,32.64,32.95,32.46,32.72,163705
19-Apr-12,32.52,32.64,32.10,32.34,148892
18-Apr-12,32.81,32.95,32.40,32.57,178760
17-Apr-12,32.86,33.12,32.56,32.97,204123
16-Apr-12,32.49,32.83,32.42,32.62,172020
13-Apr-12,32.43,32.67,32.30,32.30,186338
12-Apr-12,32.18,32.67,32.10,32.50,194321
11-Apr-12,32.49,32.49,32.11,32.21,263045
10-Apr-12,32.83,32.94,32.15,32.26,314442
9-Apr-12,33.03,33.14,32.76,32.85,244006
5-Apr-12,33.87,34.07,33.25,33.37,196261
4-Apr-12,33.89,34.06,33.67,34.01,372740
3-Apr-12,34.23,34.31,33.76,34.07,368343
2-Apr-12,33.41,34.29,33.30,34.22,372317
30-Mar-12,33.75,33.76,33.34,33.53,538611
29-Mar-12,33.44,33.70,33.21,33.60,204716
28-Mar-12,33.83,34.04,33.45,33.63,171321
27-Mar-12,33.73,34.08,33.67,33.89,215747
26-Mar-12,33.54,33.74,33.46,33.68,294835
23-Mar-12,33.24,33.40,33.01,33.25,255658
22-Mar-12,33.08,33.32,32.89,33.17,147482
21-Mar-12,33.38,33.71,33.21,33.33,197316
20-Mar-12,32.91,33.48,32.88,33.40,189066
19-Mar-12,33.00,33.54,32.91,33.07,306416
16-Mar-12,33.05,33.59,33.00,33.05,1016372
15-Mar-12,33.47,33.82,33.13,33.63,330649
14-Mar-12,34.25,34.32,33.19,33.52,380286
13-Mar-12,34.15,34.39,33.88,34.37,311896
12-Mar-12,33.72,34.26,33.72,33.93,388561
9-Mar-12,33.48,33.91,33.30,33.69,321509
8-Mar-12,33.16,33.55,33.00,33.52,255504
7-Mar-12,32.84,33.17,32.55,33.07,519504
6-Mar-12,32.50,32.86,32.45,32.81,244056
5-Mar-12,32.51,32.87,32.18,32.82,238016
2-Mar-12,32.71,32.98,32.45,32.54,297616
1-Mar-12,32.71,33.14,32.66,32.72,298738
29-Feb-12,33.19,33.34,32.84,32.84,328786
28-Feb-12,33.29,33.37,32.73,33.08,238729
27-Feb-12,33.77,33.91,33.31,33.33,275780
24-Feb-12,34.33,34.36,33.78,33.91,211335
23-Feb-12,34.05,34.47,33.98,34.40,158291
22-Feb-12,34.07,34.27,33.79,34.05,109548
21-Feb-12,34.21,34.59,33.96,34.09,141518
17-Feb-12,34.07,34.58,33.93,34.24,253012
16-Feb-12,33.90,34.21,33.90,34.00,364798
15-Feb-12,34.39,34.43,33.71,33.90,384970
14-Feb-12,34.34,34.46,34.02,34.22,311519
13-Feb-12,35.20,35.28,34.62,34.90,213282
10-Feb-12,35.14,35.26,34.92,34.99,116846
9-Feb-12,35.36,35.50,35.14,35.30,241246
8-Feb-12,35.26,35.82,35.20,35.32,188746
7-Feb-12,34.96,35.42,34.71,35.29,196905
6-Feb-12,34.83,35.51,34.81,35.14,305199
3-Feb-12,34.80,35.10,34.48,35.02,330933
2-Feb-12,34.15,34.30,33.93,33.94,150027
1-Feb-12,33.98,34.31,33.66,34.20,270090
31-Jan-12,33.80,33.90,33.43,33.76,190372
30-Jan-12,34.03,34.03,33.48,33.58,159231
27-Jan-12,34.26,34.45,33.96,34.22,135610
26-Jan-12,34.64,34.67,34.12,34.43,264419
25-Jan-12,33.83,34.61,33.59,34.54,192240
24-Jan-12,33.55,34.03,33.38,33.91,199841
23-Jan-12,34.07,34.34,33.55,33.75,155673
20-Jan-12,33.73,34.19,33.65,34.10,259822
19-Jan-12,34.08,34.11,33.08,33.81,568256
18-Jan-12,33.09,33.26,32.90,33.19,241169
17-Jan-12,33.49,33.72,33.02,33.08,240875
13-Jan-12,33.19,33.19,33.19,33.19,0
12-Jan-12,33.76,33.79,33.42,33.59,271064
11-Jan-12,34.18,34.36,33.57,33.66,372289
10-Jan-12,34.16,34.55,34.01,34.26,347327
9-Jan-12,33.82,34.00,33.57,33.83,308953
6-Jan-12,33.62,33.90,33.40,33.67,250661
5-Jan-12,33.00,33.94,32.88,33.65,253921
4-Jan-12,33.04,33.50,33.01,33.21,172546
3-Jan-12,34.03,34.12,32.99,33.13,221813
30-Dec-11,33.58,33.58,33.58,33.58,0
29-Dec-11,33.73,34.26,33.72,34.15,177169
28-Dec-11,34.31,34.32,33.59,33.66,236119
27-Dec-11,33.72,34.41,33.59,34.23,153160
23-Dec-11,33.84,33.84,33.84,33.84,0
22-Dec-11,33.75,33.75,33.41,33.46,157801
21-Dec-11,32.94,33.73,32.94,33.64,175547
20-Dec-11,32.61,33.18,32.54,33.09,271389
19-Dec-11,32.75,33.09,32.09,32.16,221410
16-Dec-11,32.60,32.86,32.47,32.69,599817
15-Dec-11,32.07,32.43,31.94,32.40,320873
14-Dec-11,32.11,32.27,31.75,31.77,254359
13-Dec-11,32.64,32.87,32.09,32.20,306578
12-Dec-11,32.43,32.78,32.12,32.40,285150
9-Dec-11,32.20,32.88,32.13,32.75,439109
8-Dec-11,32.86,32.89,31.97,32.06,341876
7-Dec-11,32.91,33.49,32.59,32.99,892602
6-Dec-11,32.75,33.31,32.75,33.04,215320
5-Dec-11,33.25,33.64,32.66,32.81,564032
2-Dec-11,33.13,33.16,32.67,32.89,316727
1-Dec-11,32.76,33.17,32.55,32.79,303935
30-Nov-11,32.29,32.75,31.99,32.75,434557
29-Nov-11,30.75,31.50,30.74,31.37,279333
28-Nov-11,30.84,31.10,30.39,30.60,379007
25-Nov-11,30.33,30.49,30.01,30.01,127240
23-Nov-11,30.31,30.31,30.31,30.31,0
22-Nov-11,31.45,31.49,30.84,30.90,307183
21-Nov-11,31.85,31.96,30.68,31.43,482083
18-Nov-11,32.24,32.45,32.16,32.25,201358
17-Nov-11,32.40,32.78,32.03,32.21,173333
16-Nov-11,32.49,33.04,32.28,32.44,196378
15-Nov-11,32.72,32.91,32.58,32.77,246386
14-Nov-11,33.37,33.46,32.97,33.14,339852
11-Nov-11,33.04,33.46,32.98,33.43,224776
10-Nov-11,32.71,32.91,32.48,32.73,290901
9-Nov-11,33.09,33.20,32.26,32.35,315815
8-Nov-11,33.42,33.77,32.96,33.69,182926
7-Nov-11,33.66,33.76,32.72,33.30,169985
4-Nov-11,32.94,33.67,32.60,33.60,310629
3-Nov-11,32.98,33.54,32.88,33.41,323614
2-Nov-11,32.70,33.53,32.70,32.74,392398
1-Nov-11,32.76,33.40,32.12,32.28,338608
31-Oct-11,34.00,34.47,33.70,33.71,281908
28-Oct-11,34.09,34.44,33.82,34.22,297457
27-Oct-11,33.94,34.33,33.63,34.00,519884
26-Oct-11,33.53,33.75,32.98,33.18,288843
25-Oct-11,33.52,33.87,32.97,33.06,326816
24-Oct-11,33.35,33.87,33.19,33.78,271303
21-Oct-11,32.95,33.32,32.86,33.32,302600
20-Oct-11,32.28,32.69,31.82,32.62,273141
19-Oct-11,32.32,32.83,32.07,32.16,205227
18-Oct-11,32.13,32.48,31.75,32.29,368653
17-Oct-11,32.06,32.21,31.75,32.03,359292
14-Oct-11,32.19,32.24,31.90,32.22,147892
13-Oct-11,31.85,32.02,31.59,31.91,173568
12-Oct-11,32.15,32.22,31.86,31.91,283597
11-Oct-11,31.71,32.25,31.47,32.02,355543
10-Oct-11,31.09,31.98,31.07,31.98,233839
7-Oct-11,31.35,31.40,30.76,30.78,200436
6-Oct-11,30.28,31.19,30.28,31.17,237601
5-Oct-11,30.47,30.66,30.01,30.53,202697
4-Oct-11,29.41,30.48,29.10,30.37,434750
3-Oct-11,30.58,31.02,29.56,29.57,379814
30-Sep-11,30.77,31.27,30.63,30.64,358111
