Date,Open,High,Low,Close,Volume
27-Sep-12,18.55,18.56,18.50,18.55,84633
26-Sep-12,18.37,18.56,18.35,18.56,155415
25-Sep-12,18.33,18.39,18.23,18.34,148227
24-Sep-12,18.31,18.37,18.28,18.33,117774
21-Sep-12,18.23,18.32,18.18,18.31,82002
20-Sep-12,18.22,18.24,18.14,18.18,92706
19-Sep-12,18.12,18.22,18.12,18.21,73839
18-Sep-12,18.07,18.14,18.04,18.08,109829
17-Sep-12,18.15,18.15,17.99,18.10,78884
14-Sep-12,18.02,18.19,17.97,18.17,143837
13-Sep-12,17.80,17.99,17.74,17.98,133495
12-Sep-12,17.93,18.05,17.82,17.86,107739
11-Sep-12,17.89,18.05,17.85,18.05,106506
10-Sep-12,17.78,17.90,17.78,17.87,76951
7-Sep-12,17.86,17.99,17.71,17.85,136614
6-Sep-12,17.88,18.04,17.81,17.86,124022
5-Sep-12,18.12,18.14,17.83,17.89,110772
4-Sep-12,17.99,18.20,17.97,18.15,94926
31-Aug-12,17.93,18.00,17.92,18.00,63812
30-Aug-12,17.84,17.98,17.84,17.94,106508
29-Aug-12,17.88,18.00,17.82,17.89,108573
28-Aug-12,17.86,17.97,17.83,17.88,109648
27-Aug-12,18.06,18.10,17.89,17.93,86561
24-Aug-12,18.06,18.07,17.97,17.98,66794
23-Aug-12,18.11,18.11,17.99,18.04,68305
22-Aug-12,18.03,18.06,17.80,17.80,111427
21-Aug-12,18.15,18.19,17.97,18.06,113366
20-Aug-12,18.18,18.20,18.11,18.15,86889
17-Aug-12,18.00,18.15,18.00,18.08,19169
16-Aug-12,18.16,18.19,18.00,18.04,24897
15-Aug-12,18.08,18.13,18.04,18.10,33823
14-Aug-12,18.18,18.18,17.82,18.05,43332
13-Aug-12,18.04,18.19,17.98,18.18,21915
10-Aug-12,18.04,18.19,18.04,18.14,18872
9-Aug-12,18.01,18.13,17.98,18.07,24925
8-Aug-12,18.12,18.12,18.01,18.07,19487
7-Aug-12,18.15,18.24,18.06,18.19,20675
6-Aug-12,18.10,18.16,18.04,18.15,25605
3-Aug-12,18.09,18.14,18.01,18.12,24399
2-Aug-12,17.99,18.07,17.94,18.07,74884
1-Aug-12,17.80,18.04,17.78,18.03,109299
31-Jul-12,17.80,17.87,17.77,17.80,93748
30-Jul-12,17.77,17.82,17.69,17.78,171455
27-Jul-12,17.83,17.84,17.75,17.78,101966
26-Jul-12,17.91,17.97,17.75,17.79,118568
25-Jul-12,17.83,18.09,17.83,17.84,180525
24-Jul-12,17.91,17.99,17.87,17.94,137586
23-Jul-12,17.86,17.95,17.77,17.95,80601
20-Jul-12,17.71,17.88,17.71,17.86,84857
19-Jul-12,17.63,17.82,17.63,17.78,89064
18-Jul-12,17.49,17.68,17.49,17.64,73252
17-Jul-12,17.60,17.65,17.46,17.46,128732
16-Jul-12,17.67,17.67,17.57,17.60,69407
13-Jul-12,17.53,17.69,17.44,17.67,71835
12-Jul-12,17.27,17.64,17.20,17.48,116240
11-Jul-12,17.66,17.75,17.55,17.55,83957
10-Jul-12,17.78,17.84,17.63,17.65,94180
9-Jul-12,17.76,17.78,17.70,17.72,64818
6-Jul-12,17.72,17.88,17.67,17.75,48788
5-Jul-12,17.78,17.84,17.71,17.75,61818
3-Jul-12,17.75,17.80,17.73,17.75,36932
2-Jul-12,17.67,17.77,17.66,17.68,111466
29-Jun-12,17.99,18.10,17.73,17.73,121886
28-Jun-12,17.98,18.00,17.85,17.99,101573
27-Jun-12,17.98,17.99,17.82,17.92,123178
26-Jun-12,17.81,17.90,17.77,17.87,121067
25-Jun-12,17.59,17.81,17.52,17.72,90437
22-Jun-12,17.62,17.67,17.58,17.66,73891
21-Jun-12,17.56,17.71,17.52,17.58,104668
20-Jun-12,17.37,17.46,17.34,17.45,103545
19-Jun-12,17.09,17.38,17.08,17.37,75404
18-Jun-12,16.99,17.04,16.94,17.00,69152
15-Jun-12,17.07,17.15,16.88,17.01,89384
14-Jun-12,17.05,17.11,17.02,17.07,88035
13-Jun-12,17.22,17.23,17.00,17.05,98285
12-Jun-12,17.06,17.34,17.06,17.32,87845
11-Jun-12,16.95,17.15,16.92,17.04,73146
8-Jun-12,16.86,16.94,16.77,16.90,90126
7-Jun-12,16.93,16.99,16.80,16.92,117234
6-Jun-12,16.91,16.97,16.82,16.92,119472
5-Jun-12,16.92,16.96,16.83,16.93,107888
4-Jun-12,17.25,17.27,16.89,16.94,116681
1-Jun-12,17.10,17.37,17.10,17.30,122473
31-May-12,17.58,17.60,17.30,17.34,88946
30-May-12,17.49,17.56,17.45,17.53,89909
29-May-12,17.35,17.53,17.35,17.48,63142
25-May-12,17.49,17.59,17.19,17.27,103162
24-May-12,17.31,17.55,17.24,17.48,132878
23-May-12,16.82,17.39,16.81,17.23,102111
22-May-12,16.72,16.89,16.68,16.73,141268
21-May-12,16.85,17.00,16.75,16.75,181629
18-May-12,17.09,17.12,16.76,16.83,140899
17-May-12,17.65,17.70,17.03,17.05,214088
16-May-12,17.49,17.64,17.48,17.59,143019
15-May-12,17.37,17.51,17.30,17.44,107292
14-May-12,17.71,17.75,17.44,17.44,113613
11-May-12,17.58,17.93,17.58,17.88,102330
10-May-12,17.72,17.80,17.67,17.75,73505
9-May-12,17.46,17.77,17.44,17.67,122305
8-May-12,17.21,17.49,17.21,17.45,143865
7-May-12,17.27,17.36,17.19,17.23,128013
4-May-12,17.38,17.39,17.18,17.25,118305
3-May-12,17.66,17.66,17.27,17.38,132757
2-May-12,17.81,17.84,17.54,17.59,101607
1-May-12,17.78,17.99,17.75,17.90,129678
30-Apr-12,17.66,17.80,17.66,17.74,114872
27-Apr-12,17.63,17.65,17.53,17.59,115473
26-Apr-12,17.68,17.83,17.66,17.74,138659
25-Apr-12,17.49,17.64,17.42,17.64,112221
24-Apr-12,17.37,17.46,17.27,17.46,129608
23-Apr-12,17.06,17.31,17.04,17.31,187940
20-Apr-12,16.83,17.06,16.80,17.06,94039
19-Apr-12,16.86,16.91,16.70,16.79,165499
18-Apr-12,16.82,16.95,16.82,16.84,152104
17-Apr-12,16.99,17.08,16.89,16.90,215022
16-Apr-12,17.08,17.12,16.81,16.92,229098
13-Apr-12,17.06,17.13,17.00,17.01,160083
12-Apr-12,17.21,17.21,16.95,17.05,171505
11-Apr-12,17.18,17.46,17.18,17.24,171014
10-Apr-12,17.25,17.36,17.16,17.18,129266
9-Apr-12,17.46,17.46,17.23,17.30,111279
5-Apr-12,17.62,17.63,17.42,17.49,182033
4-Apr-12,17.46,17.66,17.44,17.56,137674
3-Apr-12,17.68,17.70,17.51,17.61,172809
2-Apr-12,17.78,17.84,17.64,17.73,179679
30-Mar-12,17.84,17.88,17.71,17.74,115205
29-Mar-12,17.91,17.98,17.58,17.74,166948
28-Mar-12,18.00,18.06,17.80,17.89,178708
27-Mar-12,17.58,18.13,17.54,17.93,431589
26-Mar-12,17.38,17.58,17.36,17.54,132392
23-Mar-12,17.21,17.35,17.15,17.35,301316
22-Mar-12,17.16,17.26,16.90,17.15,188678
21-Mar-12,16.96,17.16,16.96,17.16,106273
20-Mar-12,17.02,17.02,16.94,16.96,60850
19-Mar-12,16.82,16.95,16.78,16.95,139626
16-Mar-12,16.97,17.00,16.74,16.89,226656
15-Mar-12,17.23,17.23,16.93,17.01,117109
14-Mar-12,17.00,17.10,16.93,17.10,126940
13-Mar-12,17.02,17.07,16.95,17.04,138942
12-Mar-12,17.05,17.15,17.04,17.12,162211
9-Mar-12,17.16,17.16,17.03,17.06,145427
8-Mar-12,17.00,17.11,16.96,17.10,132528
7-Mar-12,16.66,17.00,16.66,16.99,146383
6-Mar-12,16.90,16.94,16.54,16.62,268510
5-Mar-12,17.12,17.16,16.91,16.92,298109
2-Mar-12,17.03,17.12,16.97,17.10,188605
1-Mar-12,17.01,17.06,16.90,16.99,190623
29-Feb-12,17.13,17.14,16.93,16.96,155248
28-Feb-12,17.14,17.15,17.03,17.03,160292
27-Feb-12,17.07,17.14,16.98,17.07,204044
24-Feb-12,17.26,17.27,16.99,17.00,428462
23-Feb-12,17.09,17.26,17.07,17.19,237000
22-Feb-12,17.04,17.16,17.02,17.11,255624
21-Feb-12,17.15,17.16,16.98,16.98,290744
17-Feb-12,17.24,17.34,16.86,17.09,200158
16-Feb-12,17.20,17.23,17.14,17.20,107317
15-Feb-12,17.07,17.23,17.01,17.15,299793
14-Feb-12,16.77,16.99,16.77,16.98,256545
13-Feb-12,16.77,16.91,16.74,16.77,141354
10-Feb-12,16.85,16.92,16.78,16.80,119178
9-Feb-12,16.94,17.00,16.90,16.90,111044
8-Feb-12,16.99,17.02,16.88,16.91,120963
7-Feb-12,16.89,17.11,16.88,16.95,98562
6-Feb-12,17.01,17.05,16.89,16.89,231164
3-Feb-12,16.89,17.12,16.89,17.02,367309
2-Feb-12,17.06,17.08,16.87,16.87,187484
1-Feb-12,17.10,17.10,16.97,17.02,121621
31-Jan-12,17.23,17.23,16.99,17.06,204327
30-Jan-12,17.10,17.24,17.07,17.17,147562
27-Jan-12,17.08,17.18,17.06,17.10,198097
26-Jan-12,16.82,17.07,16.82,17.07,229117
25-Jan-12,16.79,16.84,16.74,16.82,142113
24-Jan-12,16.72,16.79,16.69,16.77,250760
23-Jan-12,16.59,16.73,16.59,16.71,173122
20-Jan-12,16.67,16.75,16.64,16.66,276585
19-Jan-12,16.61,16.71,16.48,16.65,196318
18-Jan-12,16.45,16.61,16.38,16.61,77401
17-Jan-12,16.52,16.60,16.48,16.48,85838
13-Jan-12,16.51,16.51,16.51,16.51,0
12-Jan-12,16.71,16.71,16.50,16.51,99202
11-Jan-12,16.41,16.74,16.34,16.72,135050
10-Jan-12,16.49,16.51,16.41,16.48,92119
9-Jan-12,16.52,16.54,16.36,16.40,83004
6-Jan-12,16.34,16.47,16.30,16.44,62862
5-Jan-12,16.31,16.35,16.25,16.34,65290
4-Jan-12,16.10,16.33,16.04,16.33,78506
3-Jan-12,16.04,16.10,16.02,16.06,62106
30-Dec-11,15.97,15.97,15.97,15.97,0
29-Dec-11,16.35,16.35,16.10,16.10,56380
28-Dec-11,16.70,16.70,16.24,16.34,80562
27-Dec-11,16.50,16.70,16.45,16.53,103680
23-Dec-11,16.62,16.62,16.62,16.62,0
22-Dec-11,16.47,16.68,16.45,16.65,121274
21-Dec-11,16.25,16.50,16.22,16.47,145543
20-Dec-11,16.07,16.18,16.01,16.18,71809
19-Dec-11,16.05,16.11,15.96,16.01,77362
16-Dec-11,15.99,16.04,15.87,15.96,84462
15-Dec-11,16.01,16.18,15.92,15.93,91981
14-Dec-11,16.36,16.36,15.89,16.00,109946
13-Dec-11,16.19,16.24,16.13,16.19,52746
12-Dec-11,16.14,16.24,16.10,16.17,60397
9-Dec-11,16.32,16.37,16.21,16.28,87241
8-Dec-11,16.39,16.58,16.25,16.33,58454
7-Dec-11,16.57,16.57,16.28,16.42,100699
6-Dec-11,16.55,16.61,16.47,16.61,122106
5-Dec-11,16.23,16.54,16.21,16.54,147043
2-Dec-11,16.23,16.29,16.12,16.15,163105
1-Dec-11,16.10,16.23,16.10,16.23,126650
30-Nov-11,16.05,16.09,15.96,16.08,89088
29-Nov-11,15.91,15.92,15.61,15.84,67536
28-Nov-11,15.96,16.18,15.75,15.85,56645
25-Nov-11,16.02,16.02,15.84,15.89,37219
23-Nov-11,15.72,15.72,15.72,15.72,0
22-Nov-11,15.80,15.83,15.69,15.80,75764
21-Nov-11,15.83,15.85,15.59,15.72,96833
18-Nov-11,15.80,15.84,15.73,15.83,76398
17-Nov-11,15.89,15.97,15.61,15.68,101070
16-Nov-11,15.72,15.85,15.72,15.80,63466
15-Nov-11,16.12,16.19,15.81,15.85,144583
14-Nov-11,16.33,16.43,16.16,16.21,92138
11-Nov-11,16.29,16.50,16.24,16.47,182498
10-Nov-11,16.13,16.15,16.05,16.15,70732
9-Nov-11,16.25,16.25,16.13,16.20,75828
8-Nov-11,16.27,16.29,16.18,16.28,95902
7-Nov-11,16.21,16.27,16.10,16.27,86745
4-Nov-11,16.24,16.25,16.11,16.12,71720
3-Nov-11,16.24,16.30,16.18,16.24,67816
2-Nov-11,16.09,16.21,16.01,16.16,57397
1-Nov-11,16.11,16.11,15.96,16.05,96836
31-Oct-11,16.27,16.27,16.12,16.14,85932
28-Oct-11,16.28,16.29,16.16,16.27,81169
27-Oct-11,16.41,16.43,16.14,16.24,95866
26-Oct-11,15.88,16.00,15.88,16.00,108670
25-Oct-11,16.00,16.00,15.86,15.88,101375
24-Oct-11,15.94,16.00,15.79,15.98,87582
21-Oct-11,15.74,15.92,15.70,15.92,96139
20-Oct-11,15.54,15.62,15.49,15.62,78321
19-Oct-11,15.38,15.46,15.33,15.46,74025
18-Oct-11,15.20,15.32,15.17,15.30,52622
17-Oct-11,15.47,15.47,15.22,15.26,79607
14-Oct-11,15.37,15.51,15.35,15.43,60313
13-Oct-11,15.21,15.34,15.13,15.34,88481
12-Oct-11,15.53,15.58,15.30,15.39,180747
11-Oct-11,15.50,15.73,15.50,15.66,70730
10-Oct-11,15.43,15.64,15.37,15.55,94236
7-Oct-11,15.50,15.52,15.18,15.18,75279
6-Oct-11,15.48,15.48,15.31,15.35,87426
5-Oct-11,15.08,15.44,15.05,15.42,107669
4-Oct-11,15.30,15.43,15.00,15.05,135721
3-Oct-11,15.84,15.94,15.50,15.53,56800
30-Sep-11,15.70,15.97,15.61,15.89,125272
