Date,Open,High,Low,Close,Volume
27-Sep-12,18.71,18.94,18.59,18.80,952552
26-Sep-12,18.72,18.86,18.59,18.61,762282
25-Sep-12,19.17,19.25,18.85,18.86,1303542
24-Sep-12,19.11,19.38,19.07,19.11,1419112
21-Sep-12,19.29,19.36,19.16,19.18,1725186
20-Sep-12,19.51,19.58,19.06,19.15,942656
19-Sep-12,19.43,19.50,19.25,19.25,693300
18-Sep-12,19.61,19.68,19.33,19.42,647286
17-Sep-12,19.76,19.94,19.62,19.63,700753
14-Sep-12,19.53,19.91,19.46,19.78,1388843
13-Sep-12,19.38,19.62,19.32,19.47,993036
12-Sep-12,19.30,19.48,19.21,19.39,1703535
11-Sep-12,18.81,19.23,18.79,19.23,1411470
10-Sep-12,19.02,19.05,18.79,18.82,848338
7-Sep-12,19.00,19.04,18.89,18.99,412682
6-Sep-12,18.90,19.00,18.81,18.91,929358
5-Sep-12,18.92,18.95,18.71,18.78,682863
4-Sep-12,18.57,18.92,18.46,18.89,1109846
31-Aug-12,18.64,18.65,18.43,18.53,929817
30-Aug-12,18.48,18.56,18.41,18.52,337993
29-Aug-12,18.50,18.64,18.48,18.54,453204
28-Aug-12,18.45,18.60,18.34,18.52,912867
27-Aug-12,18.46,18.51,18.33,18.44,639274
24-Aug-12,18.34,18.51,18.28,18.39,466683
23-Aug-12,18.47,18.51,18.32,18.39,959368
22-Aug-12,18.49,18.52,18.30,18.46,951097
21-Aug-12,18.54,18.65,18.47,18.50,624035
20-Aug-12,18.62,18.65,18.46,18.55,684604
17-Aug-12,18.76,18.77,18.62,18.66,164057
16-Aug-12,18.86,18.86,18.69,18.79,159760
15-Aug-12,18.78,18.89,18.67,18.82,207588
14-Aug-12,18.75,18.85,18.70,18.80,259845
13-Aug-12,18.55,18.71,18.52,18.71,182698
10-Aug-12,18.34,18.55,18.26,18.54,298336
9-Aug-12,18.63,18.68,18.31,18.37,738422
8-Aug-12,18.77,18.83,18.52,18.63,216816
7-Aug-12,19.17,19.18,18.83,18.85,208480
6-Aug-12,18.84,19.12,18.79,19.10,339857
3-Aug-12,19.00,19.00,18.70,18.76,279974
2-Aug-12,18.70,18.95,18.62,18.77,1254108
1-Aug-12,18.83,18.99,18.68,18.77,926522
31-Jul-12,18.85,18.94,18.73,18.80,918545
30-Jul-12,18.80,18.98,18.78,18.87,397615
27-Jul-12,18.67,18.89,18.60,18.76,940351
26-Jul-12,18.56,18.62,18.40,18.59,912844
25-Jul-12,18.37,18.51,18.21,18.36,724291
24-Jul-12,18.43,18.45,18.10,18.33,1020505
23-Jul-12,18.31,18.48,18.21,18.42,818978
20-Jul-12,18.51,18.60,18.38,18.54,809393
19-Jul-12,18.90,18.95,18.49,18.60,1121869
18-Jul-12,19.08,19.13,18.81,18.82,1149363
17-Jul-12,18.94,19.15,18.72,19.13,723352
16-Jul-12,18.92,19.03,18.78,18.93,686982
13-Jul-12,18.79,18.97,18.73,18.92,627454
12-Jul-12,18.56,18.84,18.48,18.72,738679
11-Jul-12,18.82,18.86,18.60,18.69,1113281
10-Jul-12,19.00,19.00,18.69,18.79,1351659
9-Jul-12,18.79,18.81,18.56,18.76,732652
6-Jul-12,18.67,18.86,18.66,18.79,717107
5-Jul-12,19.01,19.10,18.73,18.81,730038
3-Jul-12,18.80,19.02,18.76,19.01,735510
2-Jul-12,18.75,18.78,18.58,18.72,1795913
29-Jun-12,18.55,18.70,18.44,18.68,1127354
28-Jun-12,17.93,18.24,17.85,18.24,1639731
27-Jun-12,17.95,18.07,17.74,18.03,1469001
26-Jun-12,17.92,18.12,17.81,17.99,1732778
25-Jun-12,17.71,17.91,17.69,17.83,2115824
22-Jun-12,18.05,18.12,17.68,17.79,16523503
21-Jun-12,18.46,18.47,17.89,17.92,1467366
20-Jun-12,18.58,18.65,18.30,18.41,1502551
19-Jun-12,18.37,18.78,18.28,18.53,2123448
18-Jun-12,18.19,18.49,18.15,18.31,1478401
15-Jun-12,18.33,18.43,18.23,18.30,1619498
14-Jun-12,18.06,18.38,18.03,18.33,808551
13-Jun-12,18.10,18.30,17.92,18.02,884919
12-Jun-12,17.98,18.12,17.81,18.11,1026703
11-Jun-12,18.63,18.69,17.83,17.84,1549909
8-Jun-12,18.14,18.43,18.09,18.42,982370
7-Jun-12,18.57,18.59,18.16,18.16,1144863
6-Jun-12,18.22,18.41,18.04,18.39,1141616
5-Jun-12,17.61,18.10,17.60,18.04,991986
4-Jun-12,17.71,17.80,17.52,17.74,958899
1-Jun-12,17.69,17.93,17.63,17.65,1301684
31-May-12,17.96,18.22,17.82,18.05,1579504
30-May-12,18.25,18.25,17.88,17.97,1348408
29-May-12,18.37,18.57,18.27,18.38,969184
25-May-12,18.46,18.52,18.21,18.25,771893
24-May-12,18.33,18.44,18.12,18.42,701177
23-May-12,18.08,18.40,17.95,18.37,1029575
22-May-12,18.30,18.31,18.06,18.16,1695592
21-May-12,18.04,18.34,17.86,18.21,1620103
18-May-12,18.19,18.36,17.92,17.97,1100459
17-May-12,18.82,18.82,18.22,18.22,1162507
16-May-12,19.02,19.07,18.74,18.74,1228685
15-May-12,19.17,19.21,18.81,18.92,1090551
14-May-12,19.37,19.41,19.11,19.14,1122535
11-May-12,19.31,19.66,19.25,19.50,1019046
10-May-12,19.66,19.66,19.27,19.41,1255276
9-May-12,19.36,19.64,19.27,19.51,813741
8-May-12,19.37,19.59,19.33,19.59,991386
7-May-12,19.35,19.65,19.32,19.52,855070
4-May-12,19.66,19.75,19.42,19.42,2102001
3-May-12,20.06,20.20,19.84,19.87,1449968
2-May-12,19.94,20.14,19.83,20.02,2386279
1-May-12,19.81,20.30,19.80,20.19,2463612
30-Apr-12,19.95,20.02,19.67,19.82,1126133
27-Apr-12,19.95,19.98,19.75,19.96,932535
26-Apr-12,19.77,19.85,19.63,19.85,1476602
25-Apr-12,19.62,19.83,19.59,19.82,1109783
24-Apr-12,19.17,19.46,19.12,19.46,1522404
23-Apr-12,19.20,19.20,18.95,19.12,1665956
20-Apr-12,19.34,19.42,19.23,19.36,1534774
19-Apr-12,19.08,19.25,18.90,19.15,1722499
18-Apr-12,19.12,19.18,19.01,19.03,963678
17-Apr-12,19.00,19.39,18.95,19.21,1106430
16-Apr-12,18.66,19.10,18.66,18.96,987359
13-Apr-12,18.74,18.87,18.61,18.63,920347
12-Apr-12,18.57,18.83,18.44,18.80,801997
11-Apr-12,18.54,18.57,18.35,18.54,1331508
10-Apr-12,18.59,18.68,18.38,18.38,2698566
9-Apr-12,18.39,18.69,18.36,18.58,1528099
5-Apr-12,18.70,18.74,18.56,18.64,1140757
4-Apr-12,18.70,18.89,18.63,18.76,1744321
3-Apr-12,19.27,19.32,18.80,18.81,26049300
2-Apr-12,19.03,19.47,18.96,19.32,5146572
30-Mar-12,18.93,19.10,18.90,18.98,2509658
29-Mar-12,18.77,18.94,18.72,18.80,2595716
28-Mar-12,19.00,19.00,18.63,18.79,1178395
27-Mar-12,19.32,19.32,19.07,19.07,1186406
26-Mar-12,19.28,19.45,19.11,19.27,1420852
23-Mar-12,19.02,19.20,18.81,19.11,849675
22-Mar-12,19.07,19.08,18.78,19.01,1344137
21-Mar-12,19.22,19.26,19.10,19.18,1061539
20-Mar-12,19.23,19.25,19.01,19.15,1178814
19-Mar-12,19.20,19.65,19.09,19.29,1151118
16-Mar-12,18.79,19.17,18.72,19.13,1441181
15-Mar-12,18.76,18.78,18.59,18.74,1149577
14-Mar-12,18.73,19.00,18.69,18.71,922512
13-Mar-12,18.53,18.79,18.49,18.77,1073793
12-Mar-12,18.61,18.67,18.38,18.40,978752
9-Mar-12,18.46,18.63,18.38,18.54,1180734
8-Mar-12,18.49,18.54,18.38,18.45,710586
7-Mar-12,18.36,18.46,18.25,18.44,1345120
6-Mar-12,18.33,18.48,18.18,18.31,1096540
5-Mar-12,18.42,18.51,18.23,18.47,1423353
2-Mar-12,18.57,18.60,18.32,18.46,1185180
1-Mar-12,18.50,18.69,18.50,18.59,1188093
29-Feb-12,18.47,18.63,18.37,18.42,1138377
28-Feb-12,18.49,18.52,18.30,18.39,964499
27-Feb-12,18.61,18.62,18.35,18.51,796913
24-Feb-12,18.84,18.84,18.61,18.69,1418438
23-Feb-12,18.59,18.83,18.52,18.80,1812955
22-Feb-12,18.67,18.79,18.50,18.53,1324766
21-Feb-12,19.24,19.29,18.64,18.66,1035670
17-Feb-12,19.22,19.26,18.98,19.07,590189
16-Feb-12,19.01,19.27,18.95,19.15,2464156
15-Feb-12,19.06,19.20,18.81,18.94,2486625
14-Feb-12,19.02,19.02,18.72,18.83,1634175
13-Feb-12,18.95,19.10,18.82,19.10,1193021
10-Feb-12,18.65,18.95,18.58,18.77,1173630
9-Feb-12,19.20,19.44,18.76,18.82,1549647
8-Feb-12,19.26,19.44,19.11,19.28,936571
7-Feb-12,19.22,19.31,19.13,19.30,1316915
6-Feb-12,19.24,19.35,19.15,19.31,1082041
3-Feb-12,19.46,19.52,19.20,19.33,1592998
2-Feb-12,19.21,19.33,19.14,19.18,1344841
1-Feb-12,18.78,19.25,18.75,19.21,2852208
31-Jan-12,18.46,18.62,18.34,18.57,1644040
30-Jan-12,18.20,18.43,18.17,18.34,2267011
27-Jan-12,18.17,18.45,18.16,18.28,2761710
26-Jan-12,18.38,18.50,18.24,18.28,2704880
25-Jan-12,18.25,18.44,18.16,18.29,3232381
24-Jan-12,18.06,18.28,18.05,18.25,1820663
23-Jan-12,18.29,18.35,18.09,18.23,1474062
20-Jan-12,18.18,18.29,18.05,18.26,1181451
19-Jan-12,18.20,18.27,18.07,18.19,1600424
18-Jan-12,18.14,18.29,18.14,18.19,1387669
17-Jan-12,18.23,18.24,18.06,18.07,1486291
13-Jan-12,18.03,18.03,18.03,18.03,0
12-Jan-12,18.12,18.43,17.99,18.12,1298457
11-Jan-12,18.28,18.54,18.21,18.43,855493
10-Jan-12,17.72,18.25,17.72,18.23,931902
9-Jan-12,18.01,18.19,17.91,18.05,760707
6-Jan-12,18.38,18.40,18.13,18.14,755632
5-Jan-12,17.87,18.36,17.80,18.32,1384936
4-Jan-12,18.18,18.26,17.85,17.97,1215997
3-Jan-12,18.49,18.68,18.05,18.19,1464705
30-Dec-11,18.08,18.08,18.08,18.08,0
29-Dec-11,18.20,18.41,18.15,18.28,669596
28-Dec-11,18.38,18.41,18.10,18.14,697163
27-Dec-11,18.53,18.66,18.43,18.59,627559
23-Dec-11,18.60,18.60,18.60,18.60,0
22-Dec-11,18.37,18.75,18.36,18.48,1018421
21-Dec-11,18.43,18.54,18.18,18.36,1129325
20-Dec-11,18.13,18.48,18.06,18.42,1460205
19-Dec-11,17.98,18.20,17.82,17.86,1682185
16-Dec-11,17.65,17.88,17.59,17.86,6490071
15-Dec-11,17.59,17.67,17.33,17.51,2139954
14-Dec-11,17.15,17.56,17.13,17.35,1746476
13-Dec-11,17.71,18.01,17.27,17.37,1581590
12-Dec-11,17.92,17.95,17.66,17.79,768788
9-Dec-11,17.76,18.23,17.74,18.14,1900424
8-Dec-11,18.08,18.10,17.61,17.67,1282613
7-Dec-11,17.87,18.20,17.72,18.13,2102908
6-Dec-11,18.05,18.10,17.90,17.93,1347990
5-Dec-11,18.17,18.32,17.96,18.04,1471091
2-Dec-11,17.99,18.25,17.89,17.90,1747381
1-Dec-11,17.73,17.94,17.60,17.82,1359605
30-Nov-11,17.46,17.81,17.40,17.81,2403183
29-Nov-11,17.23,17.32,16.88,16.92,1649171
28-Nov-11,17.02,17.13,16.80,17.12,3113577
25-Nov-11,16.44,17.00,16.43,16.55,553324
23-Nov-11,16.47,16.47,16.47,16.47,0
22-Nov-11,17.30,17.39,17.02,17.16,1650679
21-Nov-11,17.44,17.62,17.14,17.30,1755421
18-Nov-11,17.89,17.98,17.70,17.86,2130357
17-Nov-11,17.96,18.05,17.69,17.85,6550510
16-Nov-11,17.90,18.14,17.80,17.90,1705533
15-Nov-11,17.90,18.10,17.74,18.02,3006574
14-Nov-11,18.03,18.44,17.99,18.01,8919921
11-Nov-11,18.34,18.80,18.16,18.76,1313502
10-Nov-11,18.40,18.40,17.95,18.15,1002996
9-Nov-11,18.39,18.65,18.04,18.09,1609183
8-Nov-11,18.78,18.95,18.47,18.90,1713816
7-Nov-11,18.54,18.84,18.31,18.61,1102590
4-Nov-11,18.19,18.58,18.00,18.52,1721503
3-Nov-11,18.14,18.47,17.70,18.36,1548193
2-Nov-11,17.38,17.95,17.22,17.90,2036387
1-Nov-11,17.49,17.83,17.17,17.21,1886044
31-Oct-11,17.99,18.31,17.91,18.11,1340567
28-Oct-11,18.27,18.43,18.09,18.34,1499006
27-Oct-11,18.18,18.52,17.77,18.15,2524373
26-Oct-11,17.72,17.72,17.25,17.48,2392173
25-Oct-11,17.46,17.62,17.19,17.51,1620945
24-Oct-11,17.49,17.75,17.41,17.56,4009717
21-Oct-11,17.33,17.41,17.03,17.35,3163228
20-Oct-11,17.19,17.31,16.69,17.00,2302903
19-Oct-11,17.48,17.56,17.06,17.15,2082591
18-Oct-11,17.16,17.55,17.00,17.45,2372982
17-Oct-11,17.39,17.42,17.03,17.09,1516430
14-Oct-11,17.22,17.59,17.22,17.52,1285335
13-Oct-11,17.01,17.13,16.48,17.01,1379843
12-Oct-11,16.98,17.26,16.87,17.07,1303482
11-Oct-11,17.21,17.34,16.72,16.80,2200168
10-Oct-11,16.89,17.43,16.85,17.40,1571334
7-Oct-11,17.25,17.35,16.60,16.63,1959860
6-Oct-11,16.73,17.23,16.48,17.20,1727902
5-Oct-11,16.65,16.89,15.98,16.78,2047427
4-Oct-11,15.60,16.65,15.44,16.58,2815228
3-Oct-11,16.43,16.73,15.77,15.80,2615900
30-Sep-11,16.67,16.96,16.52,16.57,1694026
