Date,Open,High,Low,Close,Volume
27-Sep-12,16.64,16.70,16.46,16.48,52059
26-Sep-12,16.47,16.68,16.47,16.68,39538
25-Sep-12,16.42,16.46,16.37,16.45,16671
24-Sep-12,16.40,16.46,16.38,16.41,13945
21-Sep-12,16.56,16.60,16.42,16.45,23802
20-Sep-12,16.47,16.52,16.44,16.49,15960
19-Sep-12,16.45,16.49,16.34,16.49,24401
18-Sep-12,16.50,16.51,16.42,16.42,8218
17-Sep-12,16.51,16.51,16.40,16.44,13657
14-Sep-12,16.58,16.68,16.42,16.47,41839
13-Sep-12,16.60,16.70,16.60,16.63,10389
12-Sep-12,16.72,16.72,16.61,16.67,14818
11-Sep-12,16.75,16.80,16.73,16.74,24536
10-Sep-12,16.64,16.76,16.63,16.72,25884
7-Sep-12,16.72,16.76,16.60,16.60,17066
6-Sep-12,16.70,16.74,16.51,16.56,22798
5-Sep-12,16.63,16.75,16.62,16.73,43479
4-Sep-12,16.67,16.68,16.57,16.62,34368
31-Aug-12,16.49,16.67,16.49,16.65,27140
30-Aug-12,16.46,16.47,16.42,16.45,10228
29-Aug-12,16.12,16.42,16.10,16.40,22002
28-Aug-12,15.92,16.07,15.90,16.07,20752
27-Aug-12,15.99,16.00,15.92,15.92,21198
24-Aug-12,16.10,16.12,15.98,16.00,34364
23-Aug-12,16.08,16.23,16.05,16.08,32115
22-Aug-12,16.38,16.38,16.08,16.09,24672
21-Aug-12,16.22,16.36,16.22,16.36,19261
20-Aug-12,16.32,16.34,16.30,16.30,8470
17-Aug-12,16.44,16.45,16.28,16.28,5072
16-Aug-12,16.47,16.47,16.42,16.42,3627
15-Aug-12,16.50,16.55,16.41,16.45,5189
14-Aug-12,16.44,16.52,16.33,16.51,4069
13-Aug-12,16.39,16.44,16.22,16.42,17668
10-Aug-12,16.20,16.43,16.20,16.43,12020
9-Aug-12,16.40,16.40,16.16,16.16,8006
8-Aug-12,16.46,16.53,16.37,16.37,11200
7-Aug-12,16.61,16.61,16.49,16.49,2986
6-Aug-12,16.61,16.70,16.55,16.55,8534
3-Aug-12,16.69,16.69,16.60,16.69,10819
2-Aug-12,16.70,16.75,16.62,16.64,54984
1-Aug-12,16.83,16.92,16.77,16.78,18717
31-Jul-12,16.81,16.86,16.73,16.74,22695
30-Jul-12,16.79,16.83,16.77,16.81,17670
27-Jul-12,16.75,16.81,16.73,16.73,20429
26-Jul-12,16.70,16.75,16.65,16.66,27508
25-Jul-12,16.78,16.85,16.68,16.70,23436
24-Jul-12,16.73,16.75,16.68,16.75,15423
23-Jul-12,16.88,16.88,16.61,16.65,59339
20-Jul-12,16.79,16.95,16.63,16.86,54260
19-Jul-12,16.84,16.95,16.73,16.82,22906
18-Jul-12,16.68,16.71,16.63,16.71,26452
17-Jul-12,16.68,16.72,16.62,16.68,50520
16-Jul-12,16.76,16.76,16.67,16.68,20605
13-Jul-12,16.81,16.89,16.74,16.77,19772
12-Jul-12,16.83,17.05,16.75,16.80,39659
11-Jul-12,16.91,16.98,16.89,16.94,12015
10-Jul-12,16.78,16.84,16.78,16.80,20859
9-Jul-12,17.07,17.07,16.75,16.78,28733
6-Jul-12,16.86,17.08,16.85,16.92,23381
5-Jul-12,16.84,16.93,16.84,16.89,24481
3-Jul-12,16.61,16.76,16.60,16.76,21827
2-Jul-12,16.55,16.61,16.55,16.59,13259
29-Jun-12,16.45,16.53,16.43,16.53,10685
28-Jun-12,16.48,16.52,16.44,16.46,8598
27-Jun-12,16.46,16.49,16.43,16.48,20625
26-Jun-12,16.48,16.48,16.45,16.47,29193
25-Jun-12,16.31,16.47,16.31,16.47,41005
22-Jun-12,16.35,16.37,16.25,16.34,16992
21-Jun-12,16.36,16.42,16.34,16.35,27658
20-Jun-12,16.37,16.40,16.37,16.38,6450
19-Jun-12,16.37,16.42,16.36,16.42,7592
18-Jun-12,16.37,16.43,16.35,16.37,18374
15-Jun-12,16.35,16.42,16.33,16.39,15070
14-Jun-12,16.35,16.42,16.35,16.42,22940
13-Jun-12,16.36,16.38,16.32,16.38,38565
12-Jun-12,16.30,16.33,16.29,16.32,4845
11-Jun-12,16.32,16.32,16.11,16.27,19542
8-Jun-12,16.29,16.35,16.24,16.35,18766
7-Jun-12,16.37,16.40,16.28,16.28,15022
6-Jun-12,16.43,16.44,16.36,16.39,27503
5-Jun-12,16.36,16.46,16.36,16.45,11708
4-Jun-12,16.33,16.38,16.32,16.37,8048
1-Jun-12,16.30,16.36,16.30,16.36,7517
31-May-12,16.29,16.34,16.27,16.30,5387
30-May-12,16.30,16.38,16.28,16.28,13079
29-May-12,16.32,16.35,16.29,16.31,2931
25-May-12,16.25,16.31,16.24,16.28,3545
24-May-12,16.10,16.24,16.10,16.24,13051
23-May-12,16.01,16.15,16.01,16.12,7025
22-May-12,16.05,16.07,16.01,16.01,6414
21-May-12,16.03,16.09,16.02,16.02,44100
18-May-12,16.13,16.15,16.04,16.06,10236
17-May-12,16.34,16.34,16.10,16.13,16000
16-May-12,16.16,16.26,16.15,16.26,12511
15-May-12,16.05,16.16,16.04,16.14,7429
14-May-12,16.21,16.26,16.04,16.05,19888
11-May-12,16.30,16.30,16.21,16.24,12891
10-May-12,16.48,16.50,16.38,16.39,22336
9-May-12,16.47,16.53,16.37,16.40,10105
8-May-12,16.54,16.59,16.40,16.40,19546
7-May-12,16.42,16.50,16.42,16.50,14492
4-May-12,16.42,16.50,16.26,16.42,28180
3-May-12,16.37,16.47,16.37,16.43,16489
2-May-12,16.31,16.37,16.28,16.36,19357
1-May-12,16.35,16.41,16.22,16.23,17481
30-Apr-12,16.28,16.33,16.25,16.32,12492
27-Apr-12,16.20,16.33,16.19,16.25,20046
26-Apr-12,16.20,16.20,16.14,16.18,32868
25-Apr-12,16.19,16.21,16.12,16.18,29233
24-Apr-12,16.16,16.16,16.07,16.11,16613
23-Apr-12,16.02,16.10,16.02,16.03,20029
20-Apr-12,15.96,16.00,15.94,16.00,12211
19-Apr-12,15.81,16.00,15.78,15.96,12683
18-Apr-12,15.75,15.90,15.70,15.90,18163
17-Apr-12,15.82,15.83,15.71,15.71,15073
16-Apr-12,15.76,15.86,15.73,15.74,20859
13-Apr-12,15.77,15.78,15.75,15.75,10444
12-Apr-12,15.84,15.84,15.72,15.77,16519
11-Apr-12,15.82,15.90,15.82,15.87,12107
10-Apr-12,15.71,15.78,15.64,15.78,26763
9-Apr-12,15.56,15.72,15.56,15.65,13047
5-Apr-12,15.54,15.62,15.48,15.56,10827
4-Apr-12,15.45,15.53,15.45,15.47,15458
3-Apr-12,15.56,15.58,15.45,15.45,18711
2-Apr-12,15.70,15.74,15.58,15.59,17206
30-Mar-12,15.68,15.70,15.65,15.67,6912
29-Mar-12,15.73,15.73,15.65,15.66,15846
28-Mar-12,15.64,15.74,15.57,15.71,35664
27-Mar-12,15.45,15.75,15.40,15.66,33978
26-Mar-12,15.46,15.51,15.40,15.40,26531
23-Mar-12,15.45,15.45,15.38,15.43,5470
22-Mar-12,15.46,15.52,15.38,15.42,54419
21-Mar-12,15.42,15.45,15.40,15.41,17663
20-Mar-12,15.39,15.67,15.35,15.35,28187
19-Mar-12,15.36,15.46,15.16,15.36,66746
16-Mar-12,15.51,15.56,15.15,15.34,64837
15-Mar-12,15.70,15.70,15.36,15.60,94808
14-Mar-12,15.90,15.90,15.56,15.77,46853
13-Mar-12,16.06,16.15,15.88,15.90,24992
12-Mar-12,16.25,16.26,16.10,16.10,15939
9-Mar-12,16.10,16.17,16.10,16.17,5007
8-Mar-12,16.20,16.27,16.10,16.10,12710
7-Mar-12,15.96,16.22,15.96,16.19,19626
6-Mar-12,15.98,15.98,15.78,15.95,27959
5-Mar-12,16.26,16.29,15.97,15.97,48258
2-Mar-12,16.36,16.36,16.29,16.36,15716
1-Mar-12,16.17,16.34,16.10,16.34,53905
29-Feb-12,16.28,16.32,16.15,16.15,24506
28-Feb-12,16.24,16.38,16.17,16.24,24580
27-Feb-12,16.22,16.28,16.22,16.27,13891
24-Feb-12,16.21,16.32,16.20,16.22,13137
23-Feb-12,16.23,16.25,16.08,16.21,18798
22-Feb-12,16.20,16.24,16.18,16.21,10471
21-Feb-12,15.97,16.20,15.97,16.20,28273
17-Feb-12,16.00,16.04,15.90,16.01,28219
16-Feb-12,16.13,16.13,15.97,15.98,17553
15-Feb-12,16.13,16.20,16.09,16.10,22562
14-Feb-12,16.21,16.21,16.14,16.14,14328
13-Feb-12,16.23,16.27,16.17,16.21,10392
10-Feb-12,16.27,16.33,16.26,16.26,19728
9-Feb-12,16.34,16.39,16.23,16.23,27042
8-Feb-12,16.25,16.33,16.22,16.33,11843
7-Feb-12,16.20,16.33,16.17,16.30,24687
6-Feb-12,16.24,16.24,16.17,16.20,9741
3-Feb-12,16.08,16.17,16.02,16.17,28019
2-Feb-12,16.05,16.13,16.05,16.10,10866
1-Feb-12,16.21,16.29,16.01,16.07,53908
31-Jan-12,15.95,16.15,15.92,16.12,23962
30-Jan-12,15.79,15.96,15.79,15.94,24206
27-Jan-12,15.92,16.05,15.90,15.91,23347
26-Jan-12,15.76,16.00,15.59,15.93,37706
25-Jan-12,15.55,15.75,15.54,15.75,22012
24-Jan-12,15.53,15.57,15.50,15.56,14719
23-Jan-12,15.35,15.57,15.35,15.55,27743
20-Jan-12,15.44,15.45,15.38,15.38,28774
19-Jan-12,15.41,15.50,15.40,15.43,14146
18-Jan-12,15.47,15.55,15.40,15.43,30954
17-Jan-12,15.53,15.57,15.44,15.45,12820
13-Jan-12,15.54,15.54,15.54,15.54,0
12-Jan-12,15.38,15.41,15.25,15.36,33237
11-Jan-12,15.33,15.41,15.33,15.41,12988
10-Jan-12,15.40,15.46,15.37,15.43,36688
9-Jan-12,15.30,15.42,15.30,15.38,16029
6-Jan-12,15.40,15.40,15.27,15.32,40087
5-Jan-12,15.24,15.44,15.21,15.44,54273
4-Jan-12,15.27,15.33,15.22,15.23,29304
3-Jan-12,15.37,15.38,15.23,15.23,18406
30-Dec-11,15.32,15.32,15.32,15.32,0
29-Dec-11,15.29,15.46,15.29,15.43,23400
28-Dec-11,15.38,15.39,15.27,15.31,12660
27-Dec-11,15.35,15.40,15.27,15.33,16384
23-Dec-11,15.37,15.37,15.37,15.37,0
22-Dec-11,15.20,15.23,15.14,15.23,10270
21-Dec-11,15.14,15.19,15.11,15.19,24272
20-Dec-11,15.28,15.33,15.16,15.20,23103
19-Dec-11,15.36,15.38,15.34,15.34,2330
16-Dec-11,15.30,15.36,15.30,15.36,12448
15-Dec-11,15.28,15.34,15.27,15.33,11486
14-Dec-11,15.29,15.35,15.27,15.31,7151
13-Dec-11,15.17,15.30,15.17,15.29,5608
12-Dec-11,15.19,15.26,15.15,15.25,27936
9-Dec-11,15.19,15.20,15.13,15.20,17759
8-Dec-11,15.18,15.23,15.16,15.19,14990
7-Dec-11,15.12,15.18,15.12,15.18,12446
6-Dec-11,15.11,15.15,15.11,15.13,11081
5-Dec-11,15.08,15.15,15.08,15.11,6820
2-Dec-11,15.05,15.06,15.00,15.06,14847
1-Dec-11,15.08,15.08,14.95,14.95,14852
30-Nov-11,15.09,15.13,14.98,14.99,19241
29-Nov-11,15.00,15.03,14.94,15.03,27709
28-Nov-11,15.16,15.17,14.94,14.98,34197
25-Nov-11,15.16,15.17,15.15,15.17,2800
23-Nov-11,15.14,15.14,15.14,15.14,0
22-Nov-11,15.15,15.17,15.14,15.16,6286
21-Nov-11,15.13,15.20,15.10,15.11,9838
18-Nov-11,15.11,15.16,15.10,15.16,10474
17-Nov-11,15.05,15.16,15.05,15.13,12431
16-Nov-11,15.03,15.06,15.00,15.05,14466
15-Nov-11,15.07,15.10,14.95,15.03,15034
14-Nov-11,15.27,15.27,15.02,15.02,16729
11-Nov-11,15.45,15.45,15.28,15.30,13074
10-Nov-11,15.30,15.48,15.28,15.28,19838
9-Nov-11,15.27,15.40,15.24,15.39,12411
8-Nov-11,15.09,15.27,15.09,15.27,24172
7-Nov-11,14.95,15.08,14.95,15.08,10198
4-Nov-11,14.99,14.99,14.93,14.93,2945
3-Nov-11,14.97,15.01,14.88,15.01,20381
2-Nov-11,14.88,14.96,14.88,14.96,7711
1-Nov-11,14.79,14.88,14.77,14.88,12862
31-Oct-11,14.73,14.79,14.73,14.77,4643
28-Oct-11,14.81,14.89,14.73,14.76,18715
27-Oct-11,14.79,14.85,14.79,14.81,21711
26-Oct-11,14.79,14.84,14.76,14.84,9111
25-Oct-11,14.84,14.84,14.77,14.84,6554
24-Oct-11,14.84,14.87,14.80,14.82,20636
21-Oct-11,14.83,14.91,14.80,14.84,14360
20-Oct-11,14.83,14.86,14.80,14.85,12781
19-Oct-11,14.76,14.90,14.75,14.79,16735
18-Oct-11,14.99,15.05,14.77,14.77,29697
17-Oct-11,15.12,15.14,15.00,15.00,22588
14-Oct-11,15.05,15.20,14.95,15.06,24965
13-Oct-11,14.87,15.05,14.80,15.05,16013
12-Oct-11,14.63,14.88,14.60,14.88,36598
11-Oct-11,14.57,14.71,14.57,14.71,16880
10-Oct-11,14.51,14.57,14.51,14.57,5174
7-Oct-11,14.44,14.49,14.40,14.47,20267
6-Oct-11,14.55,14.55,14.48,14.51,13782
5-Oct-11,14.47,14.55,14.47,14.53,10161
4-Oct-11,14.64,14.64,14.44,14.44,21820
3-Oct-11,14.64,14.69,14.61,14.67,14303
30-Sep-11,14.78,14.81,14.60,14.60,17505
