Date,Open,High,Low,Close,Volume
27-Sep-12,46.78,47.36,46.52,46.88,461322
26-Sep-12,46.67,47.00,46.48,46.57,503058
25-Sep-12,47.25,47.53,46.58,46.58,717462
24-Sep-12,46.64,47.50,46.64,47.18,798739
21-Sep-12,47.57,47.64,46.76,46.80,1622310
20-Sep-12,48.31,48.32,47.34,47.51,980928
19-Sep-12,49.07,49.20,48.53,48.53,960966
18-Sep-12,49.34,49.73,48.75,49.13,815592
17-Sep-12,49.85,50.18,49.50,49.67,367086
14-Sep-12,49.76,50.25,49.76,49.90,379772
13-Sep-12,49.15,49.80,49.15,49.71,553693
12-Sep-12,49.56,49.62,49.08,49.30,434468
11-Sep-12,49.85,49.99,49.50,49.81,335509
10-Sep-12,50.57,50.57,49.71,49.90,352802
7-Sep-12,50.86,50.97,50.59,50.64,254157
6-Sep-12,50.74,50.96,50.64,50.77,460737
5-Sep-12,50.79,50.79,50.35,50.57,812893
4-Sep-12,49.78,50.52,49.61,50.48,400983
31-Aug-12,50.19,50.26,49.58,49.92,486894
30-Aug-12,50.08,50.35,49.76,49.96,301999
29-Aug-12,50.52,50.60,50.26,50.34,206021
28-Aug-12,50.17,50.51,49.87,50.48,278962
27-Aug-12,50.57,50.78,50.20,50.25,425033
24-Aug-12,50.27,50.70,50.03,50.55,454597
23-Aug-12,49.99,50.49,49.65,50.23,440957
22-Aug-12,49.76,50.00,49.25,49.98,266162
21-Aug-12,49.76,49.88,49.67,49.75,483380
20-Aug-12,49.44,49.75,49.44,49.74,857757
17-Aug-12,49.21,49.65,49.10,49.62,119313
16-Aug-12,48.74,49.35,48.54,49.30,179523
15-Aug-12,48.74,48.88,48.59,48.80,78098
14-Aug-12,49.13,49.22,48.37,48.65,96432
13-Aug-12,49.10,49.27,48.71,49.04,56785
10-Aug-12,48.80,49.23,48.80,49.23,147924
9-Aug-12,48.90,49.31,48.77,48.85,101372
8-Aug-12,49.67,49.71,48.89,49.10,101717
7-Aug-12,50.68,50.74,49.78,49.94,111599
6-Aug-12,50.64,50.74,50.34,50.51,109707
3-Aug-12,51.39,51.39,50.42,50.63,222676
2-Aug-12,50.63,50.82,49.88,50.81,983083
1-Aug-12,52.47,52.94,50.85,50.90,861270
31-Jul-12,52.23,52.85,52.23,52.68,437941
30-Jul-12,52.06,52.67,52.06,52.35,311729
27-Jul-12,52.04,52.67,51.95,52.29,431406
26-Jul-12,52.52,52.70,51.57,51.80,461289
25-Jul-12,52.04,52.25,51.61,52.00,385519
24-Jul-12,51.92,52.02,51.56,51.96,516448
23-Jul-12,51.41,52.05,51.28,51.87,214011
20-Jul-12,51.72,52.28,51.63,52.07,414106
19-Jul-12,52.77,52.88,51.70,52.15,502224
18-Jul-12,53.00,53.12,52.51,52.69,355216
17-Jul-12,52.95,53.31,52.45,53.26,264955
16-Jul-12,52.48,52.81,52.37,52.70,332466
13-Jul-12,51.92,52.61,51.90,52.60,323585
12-Jul-12,50.39,51.95,50.26,51.82,490273
11-Jul-12,50.78,50.88,50.45,50.74,362139
10-Jul-12,51.86,51.86,50.58,50.80,433730
9-Jul-12,51.37,51.54,51.08,51.54,313906
6-Jul-12,50.74,51.43,50.73,51.32,381771
5-Jul-12,51.25,51.48,50.82,51.08,376919
3-Jul-12,50.97,51.49,50.77,51.20,346120
2-Jul-12,50.31,50.95,49.95,50.89,621423
29-Jun-12,49.65,50.08,49.46,50.02,524924
28-Jun-12,48.20,48.88,47.82,48.83,660418
27-Jun-12,48.58,48.67,48.29,48.39,853961
26-Jun-12,48.27,48.88,48.15,48.43,620708
25-Jun-12,47.73,48.45,47.67,48.29,559956
22-Jun-12,48.53,48.57,47.83,48.37,814670
21-Jun-12,49.03,49.21,48.20,48.25,621534
20-Jun-12,49.10,49.31,48.57,49.16,537094
19-Jun-12,49.28,49.44,48.94,49.18,836683
18-Jun-12,49.03,49.75,48.86,49.16,381254
15-Jun-12,48.96,49.22,48.62,49.21,776470
14-Jun-12,48.15,49.08,48.15,48.95,413322
13-Jun-12,48.68,48.91,48.01,48.18,375119
12-Jun-12,48.75,48.98,48.27,48.97,400215
11-Jun-12,50.18,50.25,48.52,48.57,468428
8-Jun-12,49.21,49.83,49.10,49.83,445127
7-Jun-12,50.31,50.51,49.16,49.26,468058
6-Jun-12,49.65,49.97,49.11,49.90,670937
5-Jun-12,47.84,49.24,47.66,49.14,735948
4-Jun-12,48.38,48.61,47.80,47.88,667290
1-Jun-12,48.35,48.98,48.35,48.41,839099
31-May-12,49.30,49.40,48.81,49.23,1352950
30-May-12,49.94,50.06,49.16,49.18,664577
29-May-12,50.26,50.99,50.26,50.48,574322
25-May-12,50.40,50.66,49.84,50.04,398721
24-May-12,50.48,50.99,49.74,50.43,460771
23-May-12,49.83,50.66,49.62,50.58,479785
22-May-12,50.09,50.55,49.87,50.31,674793
21-May-12,48.09,49.97,48.09,49.92,810665
18-May-12,49.14,49.40,48.07,48.10,1826911
17-May-12,50.60,50.60,48.83,48.99,967633
16-May-12,51.55,51.59,50.48,50.50,515788
15-May-12,51.55,51.62,51.13,51.33,594661
14-May-12,51.77,52.21,51.59,51.60,553627
11-May-12,52.24,52.38,52.02,52.37,1038283
10-May-12,52.90,52.97,52.11,52.61,596590
9-May-12,52.04,52.95,51.90,52.54,669278
8-May-12,52.58,52.78,52.03,52.50,1224363
7-May-12,52.03,53.08,51.95,52.94,828151
4-May-12,52.07,52.41,51.69,52.30,757692
3-May-12,52.62,52.83,52.03,52.07,1120887
2-May-12,52.94,53.57,52.31,52.80,625591
1-May-12,52.84,53.37,52.48,52.98,769374
30-Apr-12,52.76,52.97,52.23,52.50,749702
27-Apr-12,52.79,53.08,52.30,52.88,559524
26-Apr-12,53.05,53.09,52.32,52.73,782152
25-Apr-12,53.11,53.23,52.67,53.10,905236
24-Apr-12,52.01,52.82,51.86,52.82,865464
23-Apr-12,51.58,52.03,51.31,52.03,1479136
20-Apr-12,50.93,52.15,50.93,52.00,1062849
19-Apr-12,50.45,51.05,50.30,50.84,848808
18-Apr-12,50.69,50.89,50.52,50.56,354336
17-Apr-12,50.87,51.03,50.33,50.88,431195
16-Apr-12,50.00,51.06,49.96,50.60,682813
13-Apr-12,49.31,50.06,49.11,49.71,652290
12-Apr-12,48.66,49.63,48.57,49.63,660168
11-Apr-12,48.52,48.74,48.17,48.73,741973
10-Apr-12,49.49,49.60,48.08,48.15,748019
9-Apr-12,49.28,49.74,49.20,49.44,397233
5-Apr-12,49.99,50.35,49.87,50.07,324821
4-Apr-12,50.05,50.44,49.69,50.09,343236
3-Apr-12,50.61,50.71,50.14,50.35,558111
2-Apr-12,50.60,50.85,50.30,50.60,651630
30-Mar-12,50.34,50.94,50.11,50.55,805724
29-Mar-12,49.28,50.20,49.02,50.06,722469
28-Mar-12,49.55,49.55,48.96,49.50,585184
27-Mar-12,49.69,49.96,49.58,49.61,633023
26-Mar-12,49.58,49.82,49.42,49.66,542376
23-Mar-12,48.71,49.54,48.65,49.26,470672
22-Mar-12,49.50,49.50,48.46,48.85,664014
21-Mar-12,49.82,49.88,49.48,49.71,587114
20-Mar-12,49.48,49.95,49.37,49.80,491506
19-Mar-12,49.29,50.06,49.27,49.66,749200
16-Mar-12,49.08,49.76,49.00,49.44,1413318
15-Mar-12,49.81,49.81,48.89,48.96,1141968
14-Mar-12,50.61,50.84,49.63,49.70,1004952
13-Mar-12,49.66,50.74,49.66,50.72,790039
12-Mar-12,49.60,50.14,49.55,49.88,501835
9-Mar-12,48.97,49.82,48.96,49.65,734691
8-Mar-12,49.25,49.25,48.69,49.05,1183561
7-Mar-12,49.16,49.18,48.58,49.08,670202
6-Mar-12,49.19,49.67,48.93,48.94,1223453
5-Mar-12,48.63,49.71,48.53,49.68,962158
2-Mar-12,48.49,48.88,48.30,48.63,1125705
1-Mar-12,48.71,48.97,48.31,48.46,1277804
29-Feb-12,48.88,49.12,48.36,48.43,2409906
28-Feb-12,49.42,49.50,48.69,48.76,715338
27-Feb-12,49.29,49.49,48.87,49.38,874213
24-Feb-12,49.17,49.77,48.96,49.54,846967
23-Feb-12,48.45,49.02,48.45,48.90,1052830
22-Feb-12,49.00,49.46,48.43,48.44,871966
21-Feb-12,50.03,50.12,48.88,49.02,783416
17-Feb-12,50.01,50.17,49.77,49.98,903094
16-Feb-12,49.76,50.04,49.62,49.95,1175150
15-Feb-12,49.73,49.98,49.44,49.58,800594
14-Feb-12,49.76,49.76,49.22,49.69,636247
13-Feb-12,49.87,50.20,49.58,49.75,705145
10-Feb-12,49.80,50.23,49.55,49.58,644848
9-Feb-12,50.94,51.06,50.03,50.15,588792
8-Feb-12,51.36,51.53,50.65,50.85,1199795
7-Feb-12,51.81,52.27,51.27,51.41,743336
6-Feb-12,52.07,52.36,51.75,52.01,469615
3-Feb-12,52.26,52.43,51.89,52.27,720092
2-Feb-12,52.10,52.10,51.39,51.88,763084
1-Feb-12,52.01,52.28,51.64,52.24,574927
31-Jan-12,51.63,51.91,51.26,51.82,815744
30-Jan-12,51.80,52.06,51.28,51.37,692800
27-Jan-12,51.68,52.36,51.68,52.27,461401
26-Jan-12,51.81,52.12,51.65,51.88,786646
25-Jan-12,50.27,51.60,50.07,51.52,737742
24-Jan-12,49.66,50.41,49.65,50.38,552870
23-Jan-12,49.62,50.00,49.62,49.83,543673
20-Jan-12,49.69,49.89,49.23,49.55,797624
19-Jan-12,50.52,50.68,49.75,49.75,832587
18-Jan-12,50.73,51.20,50.37,50.53,431165
17-Jan-12,50.75,51.22,50.52,50.70,374235
13-Jan-12,50.45,50.45,50.45,50.45,0
12-Jan-12,49.99,49.99,49.02,49.20,484208
11-Jan-12,50.14,50.42,49.84,49.95,491764
10-Jan-12,50.29,50.60,50.13,50.35,592160
9-Jan-12,50.13,50.35,49.73,49.86,245275
6-Jan-12,50.37,50.75,49.72,50.17,296502
5-Jan-12,49.43,50.45,49.37,50.32,283573
4-Jan-12,50.29,50.29,49.54,49.56,346948
3-Jan-12,51.27,51.81,50.15,50.46,415931
30-Dec-11,50.48,50.48,50.48,50.48,0
29-Dec-11,50.02,50.86,49.88,50.47,240194
28-Dec-11,50.44,50.44,49.90,49.95,661238
27-Dec-11,50.21,50.60,50.06,50.36,508821
23-Dec-11,50.28,50.28,50.28,50.28,0
22-Dec-11,49.83,50.58,49.75,50.23,434024
21-Dec-11,49.76,49.80,49.18,49.66,223170
20-Dec-11,48.79,49.83,48.79,49.75,327021
19-Dec-11,48.81,48.99,48.12,48.15,294212
16-Dec-11,48.58,49.53,48.34,48.71,915047
15-Dec-11,47.69,48.68,47.41,48.47,483820
14-Dec-11,46.31,47.55,46.28,47.21,576361
13-Dec-11,47.22,47.64,46.19,46.57,482381
12-Dec-11,47.63,47.69,46.75,47.21,450617
9-Dec-11,47.34,48.55,47.30,48.22,615038
8-Dec-11,48.39,48.40,47.09,47.26,462355
7-Dec-11,47.65,48.62,47.37,48.52,376552
6-Dec-11,48.08,48.11,47.67,47.89,333337
5-Dec-11,48.17,48.50,47.70,48.06,429198
2-Dec-11,47.97,48.45,47.59,47.69,516568
1-Dec-11,48.43,48.55,47.55,47.65,520785
30-Nov-11,47.95,48.76,47.52,48.66,834039
29-Nov-11,46.71,47.00,46.19,46.49,527359
28-Nov-11,47.22,47.36,46.18,46.56,807028
25-Nov-11,45.37,46.28,45.02,45.43,180892
23-Nov-11,45.35,45.35,45.35,45.35,0
22-Nov-11,45.84,46.45,45.76,46.04,895843
21-Nov-11,46.50,46.76,45.47,45.94,664256
18-Nov-11,47.10,47.36,46.56,47.22,1101935
17-Nov-11,47.88,48.02,46.42,46.76,632962
16-Nov-11,48.41,48.75,47.90,47.96,422040
15-Nov-11,48.35,49.22,47.94,48.83,382786
14-Nov-11,49.20,49.26,48.31,48.47,689833
11-Nov-11,48.63,49.53,48.35,49.36,363296
10-Nov-11,48.20,48.29,47.59,48.18,891279
9-Nov-11,48.75,48.94,47.26,47.50,697625
8-Nov-11,49.59,49.80,48.08,49.69,431370
7-Nov-11,49.67,50.13,48.43,49.36,528228
4-Nov-11,48.62,49.67,48.35,49.56,585554
3-Nov-11,49.65,49.79,48.14,49.17,752887
2-Nov-11,48.73,49.65,47.65,49.09,1390142
1-Nov-11,48.61,49.58,47.94,48.24,1108940
31-Oct-11,48.99,50.63,48.65,50.12,849033
28-Oct-11,50.12,50.63,49.31,49.69,971753
27-Oct-11,49.79,50.72,49.28,49.96,1404083
26-Oct-11,48.51,48.57,47.33,48.36,899927
25-Oct-11,48.66,48.78,47.84,47.93,894638
24-Oct-11,48.06,49.49,47.84,48.84,1520520
21-Oct-11,47.12,48.10,46.99,48.05,990792
20-Oct-11,46.83,47.39,45.69,46.63,1670163
19-Oct-11,46.59,47.39,46.45,47.06,1515612
18-Oct-11,44.86,46.89,44.61,46.77,977047
17-Oct-11,44.95,45.11,44.50,44.81,1095907
14-Oct-11,44.72,45.64,44.61,45.55,824149
13-Oct-11,44.51,44.71,43.60,44.25,918327
12-Oct-11,43.95,45.07,43.74,44.61,787741
11-Oct-11,44.68,45.13,43.58,43.75,756618
10-Oct-11,43.91,45.08,43.81,45.05,899609
7-Oct-11,44.03,44.67,42.78,43.17,1567446
6-Oct-11,42.30,43.61,41.87,43.59,626639
5-Oct-11,43.09,43.09,40.12,42.53,1017959
4-Oct-11,40.03,43.32,39.66,43.20,1419419
3-Oct-11,41.98,42.59,40.23,40.66,1196630
30-Sep-11,42.31,43.00,42.25,42.34,1225237
