Date,Open,High,Low,Close,Volume
27-Sep-12,14.26,14.40,14.19,14.37,44989
26-Sep-12,14.33,14.33,14.12,14.20,99852
25-Sep-12,14.42,14.52,14.29,14.34,109505
24-Sep-12,14.22,14.47,14.21,14.39,103521
21-Sep-12,14.22,14.48,14.11,14.11,749977
20-Sep-12,14.44,14.44,14.13,14.13,318787
19-Sep-12,14.41,14.73,14.30,14.56,164652
18-Sep-12,14.79,14.91,14.33,14.35,191472
17-Sep-12,14.95,14.95,14.72,14.79,101311
14-Sep-12,15.00,15.39,14.79,14.96,154454
13-Sep-12,14.67,14.92,14.53,14.79,124817
12-Sep-12,14.52,14.78,14.45,14.62,105583
11-Sep-12,14.44,14.65,14.43,14.51,52808
10-Sep-12,14.48,14.59,14.43,14.45,69219
7-Sep-12,14.59,14.72,14.45,14.53,56204
6-Sep-12,14.48,14.71,14.41,14.54,159770
5-Sep-12,14.44,14.60,14.30,14.38,189125
4-Sep-12,14.29,14.36,14.17,14.26,135863
31-Aug-12,14.01,14.55,14.01,14.17,224442
30-Aug-12,13.67,14.01,13.65,13.94,107773
29-Aug-12,13.69,13.82,13.66,13.75,69188
28-Aug-12,13.41,14.00,13.41,13.70,207239
27-Aug-12,13.45,13.51,13.21,13.40,69450
24-Aug-12,13.08,13.53,12.98,13.35,107119
23-Aug-12,13.15,13.30,12.98,13.04,49273
22-Aug-12,13.11,13.18,12.97,13.15,74585
21-Aug-12,13.02,13.24,12.97,13.03,300876
20-Aug-12,13.02,13.13,12.91,13.02,84980
17-Aug-12,12.98,13.06,12.88,12.98,59266
16-Aug-12,12.40,13.13,12.40,12.99,223908
15-Aug-12,12.25,12.38,12.17,12.34,22500
14-Aug-12,12.16,12.26,12.09,12.26,2500
13-Aug-12,12.22,12.37,11.89,12.07,9600
10-Aug-12,12.17,12.27,11.93,12.25,16014
9-Aug-12,12.25,12.41,12.25,12.31,7662
8-Aug-12,11.76,12.39,11.76,12.23,6396
7-Aug-12,11.71,11.88,11.57,11.81,5614
6-Aug-12,11.75,11.80,11.65,11.65,7300
3-Aug-12,11.55,11.74,11.52,11.70,19205
2-Aug-12,11.18,11.40,11.12,11.33,40901
1-Aug-12,11.34,11.44,11.01,11.27,107872
31-Jul-12,11.60,11.70,11.22,11.29,72927
30-Jul-12,11.37,11.57,11.27,11.55,65555
27-Jul-12,11.22,11.42,11.15,11.38,65981
26-Jul-12,10.87,11.10,10.87,11.10,14049
25-Jul-12,10.80,10.87,10.60,10.71,24145
24-Jul-12,10.95,10.95,10.61,10.78,39217
23-Jul-12,10.97,11.29,10.80,10.95,37382
20-Jul-12,10.89,11.20,10.86,11.15,28694
19-Jul-12,10.97,11.04,10.90,10.94,48215
18-Jul-12,10.91,11.10,10.80,10.91,12537
17-Jul-12,10.77,10.96,10.71,10.91,51670
16-Jul-12,10.85,10.86,10.75,10.79,48837
13-Jul-12,10.93,11.06,10.84,10.87,51221
12-Jul-12,10.87,10.97,10.82,10.89,41189
11-Jul-12,10.90,11.04,10.89,10.91,36945
10-Jul-12,10.99,10.99,10.82,10.85,90867
9-Jul-12,10.90,10.93,10.84,10.93,12491
6-Jul-12,11.06,11.14,10.90,10.96,90336
5-Jul-12,10.94,11.15,10.94,11.06,323156
3-Jul-12,11.05,11.10,10.91,10.91,154432
2-Jul-12,10.93,11.10,10.88,11.07,216857
29-Jun-12,10.86,10.92,10.64,10.90,197201
28-Jun-12,10.60,10.70,10.50,10.63,37475
27-Jun-12,10.50,10.70,10.41,10.65,44206
26-Jun-12,10.45,10.61,10.34,10.40,24209
25-Jun-12,10.61,10.64,10.24,10.42,23176
22-Jun-12,10.50,10.69,10.38,10.63,11795
21-Jun-12,10.88,10.90,10.40,10.40,40096
20-Jun-12,11.00,11.00,10.84,10.95,36226
19-Jun-12,10.93,11.00,10.93,10.97,74610
18-Jun-12,10.89,11.00,10.80,10.89,39934
15-Jun-12,10.90,11.00,10.67,10.90,75027
14-Jun-12,10.83,10.94,10.79,10.91,36012
13-Jun-12,10.47,11.28,10.38,10.90,80706
12-Jun-12,10.54,10.62,10.33,10.47,63170
11-Jun-12,10.93,10.96,10.46,10.49,26946
8-Jun-12,10.82,10.93,10.65,10.90,186569
7-Jun-12,10.91,11.00,10.73,10.85,40674
6-Jun-12,10.73,10.81,10.56,10.78,39509
5-Jun-12,10.09,10.61,10.09,10.57,36947
4-Jun-12,10.32,10.35,10.02,10.10,86028
1-Jun-12,10.38,10.38,10.15,10.21,63934
31-May-12,11.04,11.04,10.62,10.64,211910
30-May-12,11.18,11.18,10.99,11.01,53423
29-May-12,11.29,11.49,11.23,11.30,38373
25-May-12,11.31,11.44,11.02,11.16,52786
24-May-12,11.32,11.36,10.98,11.36,25463
23-May-12,10.99,11.30,10.93,11.26,28112
22-May-12,10.76,11.12,10.76,11.08,54169
21-May-12,10.64,10.82,10.60,10.81,17243
18-May-12,10.93,10.93,10.60,10.60,50383
17-May-12,11.23,11.23,10.80,10.92,142338
16-May-12,11.15,11.29,11.05,11.17,129982
15-May-12,10.98,11.38,10.92,11.21,98259
14-May-12,10.78,11.12,10.63,10.98,157988
11-May-12,10.91,11.21,10.82,11.07,91574
10-May-12,11.59,11.59,10.99,11.00,180955
9-May-12,11.30,11.52,11.21,11.49,76288
8-May-12,11.61,11.66,11.33,11.43,459200
7-May-12,11.57,11.83,11.39,11.70,97781
4-May-12,11.91,11.98,11.59,11.65,300327
3-May-12,11.93,11.96,11.75,11.95,366287
2-May-12,11.79,12.12,11.55,11.90,195309
1-May-12,11.62,11.88,11.58,11.88,135322
30-Apr-12,11.53,11.62,11.49,11.62,88437
27-Apr-12,11.47,11.60,11.45,11.53,40688
26-Apr-12,11.12,11.46,11.02,11.43,35152
25-Apr-12,11.01,11.16,10.98,11.09,107008
24-Apr-12,10.65,11.11,10.65,10.90,111203
23-Apr-12,10.76,10.82,10.65,10.69,63964
20-Apr-12,10.73,11.08,10.73,10.90,55917
19-Apr-12,10.83,10.90,10.67,10.68,189679
18-Apr-12,10.92,10.99,10.77,10.82,263654
17-Apr-12,10.86,11.25,10.86,10.92,158018
16-Apr-12,10.84,10.90,10.76,10.80,244192
13-Apr-12,10.87,10.87,10.59,10.80,95366
12-Apr-12,10.61,10.95,10.56,10.87,104013
11-Apr-12,10.32,10.67,10.31,10.63,106268
10-Apr-12,10.32,10.41,10.18,10.25,78702
9-Apr-12,10.31,10.34,10.03,10.30,121833
5-Apr-12,10.37,10.48,10.30,10.43,56154
4-Apr-12,10.35,10.50,10.14,10.44,87011
3-Apr-12,10.50,10.58,10.47,10.54,147849
2-Apr-12,10.63,10.73,10.48,10.54,388208
30-Mar-12,10.30,10.68,10.18,10.58,228761
29-Mar-12,10.33,10.33,10.10,10.17,269038
28-Mar-12,10.39,10.46,10.20,10.23,234809
27-Mar-12,10.28,10.55,10.18,10.42,163255
26-Mar-12,10.78,10.78,10.29,10.29,131032
23-Mar-12,10.95,10.95,10.59,10.60,156411
22-Mar-12,11.03,11.04,10.91,10.97,54558
21-Mar-12,11.32,11.38,11.15,11.19,271484
20-Mar-12,11.37,11.47,11.10,11.25,68068
19-Mar-12,11.71,11.71,11.20,11.40,64886
16-Mar-12,11.59,11.72,11.51,11.72,178054
15-Mar-12,11.19,11.67,11.13,11.65,125675
14-Mar-12,11.28,11.29,10.99,11.17,53135
13-Mar-12,10.65,11.30,10.65,11.26,104249
12-Mar-12,10.49,10.78,10.49,10.59,214826
9-Mar-12,10.39,10.75,10.38,10.53,250296
8-Mar-12,10.25,10.41,10.20,10.35,234416
7-Mar-12,9.88,10.28,9.88,10.16,32300
6-Mar-12,10.11,10.11,9.75,9.86,111602
5-Mar-12,10.17,10.26,10.11,10.20,145803
2-Mar-12,10.25,10.29,10.10,10.18,57178
1-Mar-12,10.49,10.51,10.21,10.27,333860
29-Feb-12,10.08,10.44,10.05,10.38,477059
28-Feb-12,10.16,10.32,10.01,10.07,40601
27-Feb-12,10.24,10.25,10.12,10.22,27783
24-Feb-12,10.20,10.36,10.15,10.26,49185
23-Feb-12,10.25,10.30,10.05,10.26,157640
22-Feb-12,10.42,10.42,10.19,10.24,125698
21-Feb-12,10.52,10.52,10.33,10.50,73430
17-Feb-12,10.50,10.63,10.49,10.52,58812
16-Feb-12,10.16,10.59,10.16,10.50,137610
15-Feb-12,10.00,10.32,10.00,10.22,95892
14-Feb-12,9.77,10.00,9.73,9.95,71068
13-Feb-12,9.56,9.81,9.46,9.77,62522
10-Feb-12,9.40,9.47,9.35,9.41,136559
9-Feb-12,9.24,9.50,9.24,9.44,42507
8-Feb-12,9.21,9.39,9.17,9.25,121971
7-Feb-12,9.31,9.38,8.95,9.16,111473
6-Feb-12,9.27,9.38,9.26,9.29,52129
3-Feb-12,8.99,9.35,8.86,9.26,150178
2-Feb-12,8.95,9.11,8.95,8.96,24251
1-Feb-12,8.90,9.00,8.86,9.00,45872
31-Jan-12,8.74,8.89,8.65,8.80,18800
30-Jan-12,8.98,8.98,8.64,8.67,15157
27-Jan-12,8.87,9.00,8.82,8.98,9637
26-Jan-12,8.96,9.00,8.82,8.88,44310
25-Jan-12,8.87,9.01,8.87,8.97,25725
24-Jan-12,8.82,8.90,8.58,8.86,13315
23-Jan-12,9.00,9.10,8.87,8.94,28791
20-Jan-12,9.18,9.20,8.94,9.00,43574
19-Jan-12,9.48,9.48,9.25,9.25,26633
18-Jan-12,9.21,9.46,9.21,9.45,27144
17-Jan-12,9.28,9.53,9.25,9.25,58429
13-Jan-12,9.19,9.19,9.19,9.19,0
12-Jan-12,8.72,9.40,8.66,9.40,170807
11-Jan-12,8.31,8.75,8.31,8.69,113038
10-Jan-12,8.17,8.39,8.17,8.32,74606
9-Jan-12,8.25,8.26,8.14,8.14,56394
6-Jan-12,7.94,8.14,7.93,8.09,82441
5-Jan-12,8.00,8.02,7.91,8.00,84740
4-Jan-12,7.91,8.02,7.88,7.99,13794
3-Jan-12,7.96,8.24,7.80,7.93,89898
30-Dec-11,7.81,7.81,7.81,7.81,0
29-Dec-11,7.46,7.78,7.43,7.74,69246
28-Dec-11,7.47,7.47,7.25,7.38,27796
27-Dec-11,7.49,7.56,7.47,7.53,11617
23-Dec-11,7.53,7.53,7.53,7.53,0
22-Dec-11,7.60,7.66,7.48,7.59,29032
21-Dec-11,7.56,7.70,7.41,7.63,63117
20-Dec-11,7.25,7.61,7.25,7.57,45166
19-Dec-11,7.49,7.49,7.11,7.20,61116
16-Dec-11,7.57,7.57,7.26,7.49,44358
15-Dec-11,7.65,7.76,7.51,7.55,34852
14-Dec-11,7.82,7.82,7.39,7.60,74689
13-Dec-11,7.92,8.04,7.45,7.88,101639
12-Dec-11,7.71,7.90,7.65,7.90,127543
9-Dec-11,7.70,7.93,7.69,7.76,491222
8-Dec-11,7.87,7.88,7.61,7.65,58679
7-Dec-11,7.68,8.16,7.63,7.97,106043
6-Dec-11,7.67,7.80,7.61,7.73,45693
5-Dec-11,7.62,7.93,7.52,7.62,51114
2-Dec-11,7.60,7.74,7.50,7.53,104171
1-Dec-11,7.59,7.63,7.31,7.56,24877
30-Nov-11,7.67,8.00,7.41,7.59,180527
29-Nov-11,7.42,7.58,7.39,7.52,24665
28-Nov-11,7.51,7.62,7.38,7.39,73918
25-Nov-11,7.23,7.43,7.23,7.41,19238
23-Nov-11,7.37,7.37,7.37,7.37,0
22-Nov-11,7.72,7.87,7.57,7.67,73700
21-Nov-11,8.00,8.00,7.72,7.73,41004
18-Nov-11,8.16,8.20,8.00,8.09,29947
17-Nov-11,8.06,8.15,8.00,8.10,68947
16-Nov-11,8.00,8.14,8.00,8.07,14483
15-Nov-11,8.00,8.10,7.99,8.08,20576
14-Nov-11,8.10,8.19,7.82,8.04,61262
11-Nov-11,7.76,8.06,7.72,8.04,66706
10-Nov-11,7.72,7.79,7.58,7.73,66105
9-Nov-11,7.68,7.77,7.53,7.67,52316
8-Nov-11,7.74,7.84,7.64,7.84,111668
7-Nov-11,7.70,7.75,7.59,7.73,40465
4-Nov-11,7.59,7.75,7.56,7.71,15787
3-Nov-11,7.77,7.77,7.60,7.75,93348
2-Nov-11,7.34,7.70,7.18,7.66,125805
1-Nov-11,7.00,7.24,6.98,7.24,125557
31-Oct-11,7.20,7.32,7.15,7.25,261818
28-Oct-11,7.11,7.32,7.07,7.29,262548
27-Oct-11,7.32,7.32,7.06,7.09,293315
26-Oct-11,7.07,7.20,6.95,7.11,53192
25-Oct-11,6.92,7.04,6.90,7.00,26228
24-Oct-11,6.82,7.14,6.75,6.99,101616
21-Oct-11,6.81,6.93,6.74,6.79,73055
20-Oct-11,6.76,6.84,6.60,6.76,26189
19-Oct-11,6.76,7.10,6.70,6.76,139466
18-Oct-11,6.40,6.77,6.38,6.75,90890
17-Oct-11,6.78,6.81,6.48,6.56,43910
14-Oct-11,6.95,7.10,6.66,6.79,51874
13-Oct-11,6.86,6.93,6.86,6.90,8920
12-Oct-11,6.75,7.00,6.75,6.92,67365
11-Oct-11,6.63,6.72,6.54,6.72,42142
10-Oct-11,6.55,6.66,6.54,6.62,22117
7-Oct-11,6.68,6.68,6.31,6.44,79647
6-Oct-11,6.27,6.73,6.27,6.66,45170
5-Oct-11,6.28,6.35,6.14,6.30,64178
4-Oct-11,6.28,6.44,6.08,6.27,117371
3-Oct-11,6.61,6.62,6.12,6.36,169123
30-Sep-11,6.58,6.69,6.50,6.65,63530
