Date,Open,High,Low,Close,Volume
27-Sep-12,10.58,10.70,10.52,10.66,8732
26-Sep-12,10.63,10.63,10.53,10.53,14018
25-Sep-12,10.72,10.74,10.67,10.68,9810
24-Sep-12,10.71,10.73,10.58,10.71,11150
21-Sep-12,10.95,10.95,10.74,10.74,9902
20-Sep-12,10.83,10.92,10.83,10.89,8010
19-Sep-12,10.65,10.89,10.65,10.86,19457
18-Sep-12,10.66,10.66,10.52,10.65,11016
17-Sep-12,10.80,10.82,10.63,10.63,6861
14-Sep-12,10.70,10.87,10.59,10.81,11950
13-Sep-12,10.52,10.69,10.45,10.69,5424
12-Sep-12,10.60,10.62,10.43,10.46,16300
11-Sep-12,10.62,10.70,10.59,10.63,28817
10-Sep-12,10.58,10.68,10.54,10.55,29805
7-Sep-12,10.43,10.73,10.43,10.63,11050
6-Sep-12,10.33,10.41,10.23,10.36,22261
5-Sep-12,10.18,10.21,9.95,10.19,4649
4-Sep-12,10.26,10.29,10.20,10.26,9291
31-Aug-12,10.20,10.32,10.19,10.25,55922
30-Aug-12,10.31,10.31,10.18,10.20,16323
29-Aug-12,10.21,10.36,10.20,10.35,4300
28-Aug-12,10.19,10.23,10.15,10.17,13853
27-Aug-12,10.21,10.21,10.13,10.13,4843
24-Aug-12,10.16,10.22,10.16,10.19,20849
23-Aug-12,10.20,10.25,10.17,10.18,7800
22-Aug-12,10.26,10.26,10.12,10.21,9245
21-Aug-12,10.27,10.35,10.27,10.29,5573
20-Aug-12,10.15,10.21,10.10,10.21,24292
17-Aug-12,10.13,10.17,10.10,10.17,2400
16-Aug-12,10.05,10.15,10.05,10.13,900
15-Aug-12,10.05,10.13,10.05,10.11,1000
14-Aug-12,10.17,10.23,10.08,10.08,900
13-Aug-12,10.23,10.23,10.11,10.14,1500
10-Aug-12,10.29,10.29,10.22,10.28,1690
9-Aug-12,10.15,10.34,10.15,10.28,2700
8-Aug-12,10.04,10.12,10.03,10.10,2790
7-Aug-12,10.07,10.13,10.05,10.08,900
6-Aug-12,9.88,10.15,9.88,9.99,1600
3-Aug-12,9.98,10.11,9.97,9.97,1417
2-Aug-12,9.91,9.93,9.83,9.88,14614
1-Aug-12,10.06,10.06,9.88,9.94,61768
31-Jul-12,10.13,10.15,10.04,10.11,21155
30-Jul-12,10.08,10.14,10.06,10.10,15352
27-Jul-12,10.06,10.19,9.98,10.15,23827
26-Jul-12,10.13,10.16,10.00,10.10,29504
25-Jul-12,9.83,10.08,9.83,10.04,4689
24-Jul-12,9.91,9.91,9.76,9.79,2102
23-Jul-12,9.87,9.98,9.85,9.92,4694
20-Jul-12,10.01,10.11,9.99,10.00,6426
19-Jul-12,9.97,10.08,9.94,10.08,5498
18-Jul-12,9.92,10.02,9.92,9.94,12178
17-Jul-12,9.91,9.97,9.85,9.96,16341
16-Jul-12,9.91,9.95,9.86,9.92,6119
13-Jul-12,9.84,9.98,9.84,9.92,10903
12-Jul-12,9.87,9.88,9.76,9.81,14638
11-Jul-12,9.79,9.90,9.79,9.87,53596
10-Jul-12,9.81,9.83,9.74,9.77,3050
9-Jul-12,9.86,9.86,9.69,9.72,2629
6-Jul-12,9.97,9.97,9.79,9.87,4200
5-Jul-12,9.80,10.11,9.80,10.01,11426
3-Jul-12,9.83,9.87,9.75,9.81,5400
2-Jul-12,9.73,9.83,9.62,9.73,2415
29-Jun-12,9.54,9.77,9.54,9.68,3792
28-Jun-12,9.31,9.43,9.25,9.36,6948
27-Jun-12,9.37,9.48,9.36,9.43,6682
26-Jun-12,9.27,9.30,9.17,9.29,9589
25-Jun-12,9.50,9.52,9.21,9.27,15943
22-Jun-12,9.69,9.71,9.50,9.53,6100
21-Jun-12,9.80,9.90,9.62,9.63,28692
20-Jun-12,9.81,9.95,9.77,9.80,11451
19-Jun-12,9.60,9.85,9.56,9.77,8605
18-Jun-12,9.45,9.53,9.42,9.51,11374
15-Jun-12,9.45,9.49,9.41,9.48,20572
14-Jun-12,9.67,9.67,9.45,9.50,10000
13-Jun-12,9.71,9.91,9.56,9.59,10800
12-Jun-12,9.69,9.78,9.53,9.71,16034
11-Jun-12,9.52,9.76,9.46,9.49,24955
8-Jun-12,9.36,9.55,9.29,9.53,13878
7-Jun-12,9.59,9.61,9.33,9.38,41382
6-Jun-12,9.54,9.60,9.50,9.54,14464
5-Jun-12,9.41,9.47,9.32,9.36,18190
4-Jun-12,9.66,9.66,9.19,9.36,19532
1-Jun-12,9.62,9.71,9.59,9.65,10662
31-May-12,9.73,9.76,9.61,9.74,30478
30-May-12,9.75,9.77,9.67,9.77,11921
29-May-12,9.89,9.89,9.80,9.80,9866
25-May-12,9.84,9.85,9.75,9.85,5276
24-May-12,9.94,9.98,9.82,9.87,13014
23-May-12,9.98,10.10,9.75,9.89,18336
22-May-12,10.09,10.20,10.01,10.04,12030
21-May-12,10.05,10.22,9.91,10.12,16506
18-May-12,9.94,10.37,9.90,10.05,27839
17-May-12,9.92,9.99,9.80,9.93,16958
16-May-12,9.98,10.01,9.86,9.87,26757
15-May-12,10.13,10.22,9.92,9.96,11034
14-May-12,10.10,10.22,9.97,10.14,3510
11-May-12,10.16,10.40,10.10,10.10,11010
10-May-12,10.13,10.22,10.06,10.09,11905
9-May-12,10.01,10.22,9.97,10.13,11361
8-May-12,10.43,10.43,9.90,10.11,43820
7-May-12,10.39,10.39,10.25,10.38,19400
4-May-12,10.58,10.65,10.37,10.37,5900
3-May-12,10.91,10.91,10.61,10.61,5357
2-May-12,10.83,10.92,10.79,10.92,7900
1-May-12,10.87,10.93,10.82,10.91,5600
30-Apr-12,10.82,10.93,10.79,10.93,18308
27-Apr-12,10.90,10.92,10.74,10.89,9409
26-Apr-12,10.74,10.90,10.70,10.83,4626
25-Apr-12,10.85,10.97,10.67,10.69,28518
24-Apr-12,10.70,10.82,10.67,10.69,11984
23-Apr-12,10.63,10.75,10.50,10.74,5914
20-Apr-12,10.74,10.78,10.68,10.73,7298
19-Apr-12,10.80,10.82,10.63,10.63,9131
18-Apr-12,10.66,10.90,10.64,10.83,11137
17-Apr-12,10.42,10.79,10.40,10.73,23581
16-Apr-12,10.14,10.39,10.14,10.25,13651
13-Apr-12,10.43,10.43,10.02,10.02,9721
12-Apr-12,10.40,10.53,10.31,10.37,18264
11-Apr-12,10.09,10.35,10.07,10.31,21019
10-Apr-12,10.18,10.19,9.93,10.00,8179
9-Apr-12,10.26,10.30,10.18,10.21,9042
5-Apr-12,10.38,10.45,10.23,10.37,36504
4-Apr-12,10.55,10.55,10.37,10.37,6907
3-Apr-12,10.35,10.87,10.35,10.70,87133
2-Apr-12,10.22,10.32,10.14,10.23,43203
30-Mar-12,10.13,10.26,10.11,10.23,6095
29-Mar-12,10.12,10.14,9.95,10.12,14745
28-Mar-12,10.18,10.20,10.09,10.15,15720
27-Mar-12,10.27,10.27,10.09,10.14,17410
26-Mar-12,10.15,10.41,10.14,10.30,20254
23-Mar-12,9.92,10.06,9.88,10.01,9988
22-Mar-12,9.92,9.95,9.85,9.94,45782
21-Mar-12,10.09,10.10,9.98,9.99,54901
20-Mar-12,10.22,10.22,10.08,10.15,35413
19-Mar-12,10.29,10.38,10.14,10.28,15920
16-Mar-12,10.47,10.52,10.23,10.26,9072
15-Mar-12,10.48,10.54,10.43,10.50,12970
14-Mar-12,10.59,10.76,10.48,10.52,8583
13-Mar-12,10.59,10.61,10.53,10.57,12679
12-Mar-12,10.93,10.93,10.54,10.59,17059
9-Mar-12,10.81,11.04,10.73,10.96,13204
8-Mar-12,10.76,11.05,10.76,10.84,21535
7-Mar-12,10.72,10.72,10.47,10.66,16550
6-Mar-12,10.82,10.82,10.54,10.69,18268
5-Mar-12,11.02,11.04,10.89,10.92,11927
2-Mar-12,10.84,11.06,10.82,11.01,19529
1-Mar-12,10.78,10.89,10.77,10.89,13016
29-Feb-12,10.82,10.93,10.72,10.79,19101
28-Feb-12,10.72,10.80,10.67,10.80,11711
27-Feb-12,10.70,10.78,10.70,10.70,16920
24-Feb-12,10.66,10.76,10.63,10.76,12625
23-Feb-12,10.70,10.75,10.62,10.70,25653
22-Feb-12,10.64,10.69,10.49,10.60,17435
21-Feb-12,10.48,10.72,10.48,10.72,7160
17-Feb-12,10.64,10.64,10.42,10.53,19485
16-Feb-12,10.53,10.66,10.45,10.66,33869
15-Feb-12,10.69,10.74,10.47,10.56,24046
14-Feb-12,10.75,10.77,10.60,10.68,9064
13-Feb-12,10.83,10.91,10.64,10.75,14317
10-Feb-12,10.80,10.89,10.67,10.67,32357
9-Feb-12,10.99,11.04,10.91,10.95,10578
8-Feb-12,11.11,11.16,10.87,11.07,20573
7-Feb-12,10.99,11.09,10.95,11.06,12044
6-Feb-12,11.04,11.08,10.98,11.08,9982
3-Feb-12,11.00,11.20,10.95,11.16,14701
2-Feb-12,10.97,11.02,10.88,10.92,49479
1-Feb-12,11.10,11.20,10.88,10.88,36497
31-Jan-12,10.95,11.25,10.95,10.96,23004
30-Jan-12,10.89,10.93,10.81,10.90,7985
27-Jan-12,10.93,11.02,10.93,11.02,16016
26-Jan-12,11.00,11.02,10.79,10.97,39547
25-Jan-12,10.79,11.02,10.79,10.90,8761
24-Jan-12,10.87,11.00,10.80,10.96,46547
23-Jan-12,10.82,11.01,10.82,10.94,16087
20-Jan-12,10.79,10.84,10.73,10.81,15237
19-Jan-12,10.64,10.92,10.57,10.84,63232
18-Jan-12,10.48,10.65,10.45,10.65,14566
17-Jan-12,10.55,10.55,10.41,10.53,11533
13-Jan-12,10.39,10.39,10.39,10.39,0
12-Jan-12,9.96,10.46,9.96,10.20,17971
11-Jan-12,9.98,9.99,9.88,9.94,5613
10-Jan-12,10.00,10.10,9.95,9.95,13544
9-Jan-12,10.04,10.12,9.95,9.95,11871
6-Jan-12,10.22,10.25,10.04,10.14,8804
5-Jan-12,10.15,10.30,9.99,10.20,15680
4-Jan-12,9.84,10.21,9.80,10.15,23779
3-Jan-12,9.87,9.93,9.85,9.87,10502
30-Dec-11,9.70,9.70,9.70,9.70,0
29-Dec-11,9.43,9.54,9.27,9.47,25472
28-Dec-11,9.63,9.76,9.45,9.50,36620
27-Dec-11,9.42,9.72,9.41,9.66,19480
23-Dec-11,9.59,9.59,9.59,9.59,0
22-Dec-11,9.34,9.54,9.30,9.51,66608
21-Dec-11,9.34,9.40,9.15,9.25,54937
20-Dec-11,9.46,9.55,9.38,9.43,34458
19-Dec-11,9.36,9.45,9.31,9.31,63972
16-Dec-11,9.38,9.63,9.26,9.29,28196
15-Dec-11,9.34,9.43,9.29,9.30,18481
14-Dec-11,9.56,9.58,9.16,9.30,36822
13-Dec-11,9.82,9.91,9.55,9.59,22000
12-Dec-11,9.80,9.83,9.71,9.79,14917
9-Dec-11,9.78,9.97,9.78,9.88,24200
8-Dec-11,9.93,9.95,9.65,9.79,22371
7-Dec-11,10.09,10.11,9.97,10.08,13825
6-Dec-11,10.14,10.19,10.06,10.12,22736
5-Dec-11,9.94,10.18,9.94,10.18,23641
2-Dec-11,9.80,9.87,9.66,9.87,25699
1-Dec-11,9.88,9.99,9.63,9.68,45346
30-Nov-11,9.57,9.94,9.57,9.94,27845
29-Nov-11,9.29,9.37,9.29,9.33,35145
28-Nov-11,9.16,9.40,9.16,9.40,21542
25-Nov-11,8.79,8.99,8.79,8.91,18786
23-Nov-11,8.86,8.86,8.86,8.86,0
22-Nov-11,9.13,9.27,9.09,9.13,38809
21-Nov-11,9.21,9.21,8.92,9.13,54133
18-Nov-11,9.46,9.54,9.25,9.34,44961
17-Nov-11,9.67,9.80,9.35,9.46,30904
16-Nov-11,9.63,9.79,9.63,9.73,38270
15-Nov-11,9.79,9.79,9.67,9.73,41157
14-Nov-11,9.85,9.94,9.81,9.94,33322
11-Nov-11,10.02,10.09,9.81,9.84,62124
10-Nov-11,10.23,10.26,9.86,9.93,30949
9-Nov-11,10.22,10.31,10.16,10.20,11836
8-Nov-11,10.35,10.41,10.27,10.41,11312
7-Nov-11,10.32,10.36,10.20,10.36,18630
4-Nov-11,10.38,10.40,10.27,10.34,15979
3-Nov-11,10.42,10.67,10.21,10.48,31876
2-Nov-11,10.33,10.53,10.29,10.39,35004
1-Nov-11,10.35,10.40,10.13,10.17,32224
31-Oct-11,10.68,11.20,10.68,10.69,31506
28-Oct-11,10.71,10.80,10.67,10.79,15433
27-Oct-11,10.79,10.84,10.54,10.84,25003
26-Oct-11,10.56,10.61,10.45,10.50,19247
25-Oct-11,10.58,10.62,10.44,10.48,29127
24-Oct-11,10.60,10.70,10.53,10.69,29930
21-Oct-11,10.43,10.51,10.40,10.46,9631
20-Oct-11,10.25,10.43,10.16,10.28,26589
19-Oct-11,10.09,10.58,10.09,10.31,35650
18-Oct-11,9.82,10.11,9.75,10.04,29726
17-Oct-11,9.76,9.87,9.75,9.79,33011
14-Oct-11,9.67,9.75,9.54,9.75,34049
13-Oct-11,9.47,9.64,9.39,9.58,17202
12-Oct-11,9.40,9.61,9.38,9.58,23693
11-Oct-11,9.42,9.44,9.21,9.26,14125
10-Oct-11,9.32,9.57,9.32,9.57,11869
7-Oct-11,9.33,9.37,8.99,9.16,43013
6-Oct-11,9.02,9.33,8.96,9.30,18874
5-Oct-11,8.83,9.13,8.79,9.04,42283
4-Oct-11,8.83,8.84,8.50,8.79,60212
3-Oct-11,9.27,9.31,8.79,8.84,44129
30-Sep-11,9.60,9.70,9.31,9.31,75938
