Date,Open,High,Low,Close,Volume
27-Sep-12,5.89,5.95,5.82,5.85,81315
26-Sep-12,5.97,6.01,5.88,5.89,63194
25-Sep-12,6.02,6.09,5.97,5.97,116377
24-Sep-12,5.95,6.03,5.89,6.00,143507
21-Sep-12,6.15,6.15,5.93,5.97,263020
20-Sep-12,6.07,6.19,6.03,6.12,68089
19-Sep-12,6.25,6.25,6.08,6.13,282095
18-Sep-12,6.16,6.31,6.05,6.29,163030
17-Sep-12,6.10,6.18,5.96,6.18,105240
14-Sep-12,5.99,6.19,5.99,6.15,152344
13-Sep-12,5.94,6.05,5.90,6.00,546438
12-Sep-12,5.85,5.97,5.85,5.96,117852
11-Sep-12,5.91,5.91,5.83,5.85,49110
10-Sep-12,5.92,5.97,5.82,5.92,70898
7-Sep-12,5.70,5.97,5.64,5.94,180151
6-Sep-12,5.62,5.69,5.61,5.68,277139
5-Sep-12,5.69,5.69,5.58,5.61,109928
4-Sep-12,5.54,5.70,5.54,5.67,86810
31-Aug-12,5.63,5.63,5.53,5.54,121797
30-Aug-12,5.57,5.62,5.56,5.58,74443
29-Aug-12,5.60,5.64,5.56,5.59,43582
28-Aug-12,5.65,5.65,5.56,5.61,56074
27-Aug-12,5.55,5.66,5.55,5.65,76891
24-Aug-12,5.57,5.64,5.54,5.58,106075
23-Aug-12,5.55,5.58,5.54,5.55,63748
22-Aug-12,5.59,5.63,5.51,5.57,83083
21-Aug-12,5.67,5.72,5.54,5.59,175638
20-Aug-12,5.72,5.74,5.65,5.69,77863
17-Aug-12,5.67,5.75,5.64,5.72,111082
16-Aug-12,5.56,5.69,5.54,5.62,33505
15-Aug-12,5.54,5.65,5.49,5.58,53374
14-Aug-12,5.74,5.76,5.52,5.55,19654
13-Aug-12,5.60,5.83,5.55,5.70,28634
10-Aug-12,5.54,5.61,5.51,5.60,18504
9-Aug-12,5.36,5.59,5.35,5.55,19911
8-Aug-12,5.39,5.41,5.31,5.38,18034
7-Aug-12,5.43,5.45,5.34,5.42,39197
6-Aug-12,5.29,5.42,5.29,5.40,32301
3-Aug-12,5.25,5.35,5.25,5.30,36283
2-Aug-12,5.20,5.26,5.18,5.21,135900
1-Aug-12,5.31,5.36,5.19,5.20,182553
31-Jul-12,5.24,5.35,5.23,5.29,310177
30-Jul-12,5.25,5.37,5.11,5.26,237657
27-Jul-12,5.20,5.41,5.16,5.23,267194
26-Jul-12,5.28,5.28,5.07,5.21,183726
25-Jul-12,5.81,5.81,5.24,5.25,236237
24-Jul-12,5.90,5.99,5.80,5.83,69572
23-Jul-12,5.83,5.95,5.76,5.90,113708
20-Jul-12,6.03,6.08,5.90,5.90,87336
19-Jul-12,6.09,6.10,5.98,6.07,495956
18-Jul-12,6.01,6.16,5.97,6.07,210842
17-Jul-12,6.09,6.10,5.98,6.04,49045
16-Jul-12,6.05,6.11,6.00,6.05,63703
13-Jul-12,6.00,6.07,5.93,6.05,66001
12-Jul-12,5.98,6.00,5.87,6.00,63800
11-Jul-12,5.92,6.01,5.90,5.99,63685
10-Jul-12,5.92,5.94,5.84,5.93,72858
9-Jul-12,5.95,5.95,5.85,5.91,53164
6-Jul-12,5.90,5.98,5.90,5.96,46800
5-Jul-12,5.90,5.99,5.90,5.96,109007
3-Jul-12,5.93,6.00,5.89,5.92,66948
2-Jul-12,5.94,5.96,5.77,5.96,101956
29-Jun-12,5.88,5.95,5.83,5.94,171235
28-Jun-12,5.77,5.81,5.73,5.81,120542
27-Jun-12,5.74,5.83,5.74,5.83,65652
26-Jun-12,5.55,5.88,5.47,5.75,752154
25-Jun-12,5.52,5.65,5.49,5.56,90066
22-Jun-12,5.51,5.66,5.49,5.59,234353
21-Jun-12,5.62,5.66,5.44,5.50,262783
20-Jun-12,5.62,5.74,5.50,5.64,165289
19-Jun-12,5.50,5.77,5.50,5.65,90424
18-Jun-12,5.48,5.56,5.48,5.50,63995
15-Jun-12,5.63,5.63,5.41,5.53,263833
14-Jun-12,5.56,5.65,5.56,5.64,57560
13-Jun-12,5.48,5.61,5.48,5.57,156118
12-Jun-12,5.66,5.74,5.43,5.47,166015
11-Jun-12,5.96,5.96,5.65,5.65,104917
8-Jun-12,5.81,5.94,5.78,5.92,78486
7-Jun-12,5.82,5.84,5.78,5.81,86374
6-Jun-12,5.78,5.86,5.74,5.75,155073
5-Jun-12,5.72,5.84,5.72,5.76,121793
4-Jun-12,5.64,5.77,5.62,5.75,96680
1-Jun-12,5.56,5.73,5.56,5.61,206095
31-May-12,5.79,5.81,5.63,5.64,267842
30-May-12,5.73,5.85,5.72,5.77,99713
29-May-12,5.81,5.94,5.77,5.79,144082
25-May-12,5.79,5.80,5.71,5.76,120579
24-May-12,5.90,5.90,5.73,5.81,78067
23-May-12,5.81,5.96,5.73,5.91,185670
22-May-12,6.06,6.07,5.84,5.87,86057
21-May-12,6.04,6.12,6.04,6.09,57940
18-May-12,6.17,6.18,6.02,6.05,177966
17-May-12,6.24,6.25,6.17,6.18,234350
16-May-12,6.24,6.29,6.20,6.26,102374
15-May-12,6.16,6.25,6.15,6.24,121584
14-May-12,6.11,6.24,6.09,6.18,162865
11-May-12,6.15,6.18,6.10,6.18,209572
10-May-12,6.12,6.19,6.10,6.18,111082
9-May-12,5.98,6.14,5.94,6.11,104568
8-May-12,5.92,6.07,5.89,6.05,166440
7-May-12,5.92,5.98,5.86,5.94,74243
4-May-12,5.95,5.99,5.81,5.95,174387
3-May-12,6.07,6.09,5.96,5.99,192468
2-May-12,6.11,6.12,5.96,6.09,228598
1-May-12,6.04,6.17,6.00,6.13,211316
30-Apr-12,6.04,6.08,5.96,6.07,169054
27-Apr-12,5.96,6.04,5.92,6.02,262596
26-Apr-12,5.92,6.01,5.92,5.94,92490
25-Apr-12,5.95,6.09,5.88,5.95,123302
24-Apr-12,5.84,5.99,5.84,5.95,140977
23-Apr-12,6.00,6.06,5.78,5.85,233625
20-Apr-12,6.17,6.17,6.05,6.09,179628
19-Apr-12,6.09,6.13,6.03,6.10,137132
18-Apr-12,6.17,6.17,5.99,6.10,136750
17-Apr-12,6.16,6.25,6.16,6.23,153616
16-Apr-12,6.22,6.27,6.11,6.15,863426
13-Apr-12,6.26,6.27,6.21,6.21,134517
12-Apr-12,6.42,6.47,6.29,6.30,114426
11-Apr-12,6.37,6.46,6.29,6.45,103622
10-Apr-12,6.37,6.42,6.21,6.32,157140
9-Apr-12,6.36,6.50,6.34,6.40,92797
5-Apr-12,6.23,6.50,6.23,6.47,67558
4-Apr-12,6.41,6.42,6.26,6.27,118013
3-Apr-12,6.58,6.58,6.43,6.47,85177
2-Apr-12,6.28,6.63,6.24,6.62,135326
30-Mar-12,6.57,6.57,6.31,6.32,87356
29-Mar-12,6.51,6.57,6.48,6.52,47120
28-Mar-12,6.56,6.56,6.44,6.55,58548
27-Mar-12,6.57,6.60,6.47,6.54,89786
26-Mar-12,6.58,6.60,6.50,6.56,117234
23-Mar-12,6.48,6.57,6.46,6.55,125274
22-Mar-12,6.36,6.51,6.36,6.51,163974
21-Mar-12,6.65,6.66,6.40,6.43,70094
20-Mar-12,6.64,6.70,6.61,6.62,70096
19-Mar-12,6.61,6.73,6.53,6.70,75548
16-Mar-12,6.60,6.65,6.43,6.65,228022
15-Mar-12,6.57,6.60,6.50,6.58,80950
14-Mar-12,6.70,6.70,6.51,6.58,58003
13-Mar-12,6.64,6.74,6.58,6.73,77775
12-Mar-12,6.62,6.72,6.59,6.60,32972
9-Mar-12,6.61,6.75,6.56,6.64,78520
8-Mar-12,6.75,6.75,6.55,6.63,54873
7-Mar-12,6.52,6.75,6.50,6.73,178474
6-Mar-12,6.54,6.58,6.50,6.51,113212
5-Mar-12,6.55,6.72,6.51,6.61,78453
2-Mar-12,6.72,6.76,6.48,6.55,209387
1-Mar-12,6.55,6.73,6.54,6.71,299297
29-Feb-12,6.53,6.62,6.39,6.50,122988
28-Feb-12,6.61,6.61,6.48,6.49,175134
27-Feb-12,6.69,6.69,6.47,6.59,116173
24-Feb-12,6.77,6.77,6.66,6.76,67927
23-Feb-12,6.73,6.79,6.66,6.75,101331
22-Feb-12,6.69,6.72,6.54,6.70,156816
21-Feb-12,6.69,6.79,6.62,6.71,71075
17-Feb-12,6.64,6.72,6.54,6.69,93594
16-Feb-12,6.35,6.72,6.22,6.60,182758
15-Feb-12,6.58,6.61,6.51,6.57,116185
14-Feb-12,6.58,6.58,6.47,6.56,71383
13-Feb-12,6.58,6.70,6.52,6.63,107935
10-Feb-12,6.47,6.56,6.46,6.56,79138
9-Feb-12,6.50,6.52,6.46,6.50,119330
8-Feb-12,6.49,6.55,6.47,6.51,89054
7-Feb-12,6.49,6.54,6.46,6.50,55272
6-Feb-12,6.50,6.55,6.48,6.54,43905
3-Feb-12,6.55,6.65,6.47,6.55,131583
2-Feb-12,6.45,6.50,6.37,6.49,67266
1-Feb-12,6.28,6.47,6.27,6.44,121767
31-Jan-12,6.23,6.31,6.18,6.27,78390
30-Jan-12,6.17,6.28,6.14,6.23,121532
27-Jan-12,6.08,6.24,6.06,6.22,66503
26-Jan-12,6.12,6.20,6.05,6.09,175749
25-Jan-12,6.18,6.24,6.06,6.12,129843
24-Jan-12,6.07,6.24,6.06,6.20,122849
23-Jan-12,6.14,6.17,6.07,6.09,81212
20-Jan-12,6.09,6.21,6.09,6.16,83755
19-Jan-12,6.13,6.17,6.03,6.11,119920
18-Jan-12,6.11,6.12,6.06,6.12,97876
17-Jan-12,6.12,6.19,6.08,6.13,134553
13-Jan-12,6.09,6.09,6.09,6.09,0
12-Jan-12,6.01,6.05,5.96,6.02,239419
11-Jan-12,5.96,6.01,5.94,6.00,243348
10-Jan-12,5.97,6.02,5.87,6.00,794078
9-Jan-12,6.01,6.02,5.88,5.90,306960
6-Jan-12,6.00,6.02,5.88,5.96,106241
5-Jan-12,5.96,6.02,5.82,5.99,92969
4-Jan-12,6.07,6.11,5.98,6.02,150241
3-Jan-12,6.21,6.21,6.11,6.12,267554
30-Dec-11,6.11,6.11,6.11,6.11,0
29-Dec-11,6.12,6.16,6.07,6.09,106330
28-Dec-11,6.11,6.11,6.06,6.07,90012
27-Dec-11,6.07,6.18,6.01,6.15,50549
23-Dec-11,6.12,6.12,6.12,6.12,0
22-Dec-11,6.09,6.16,6.06,6.09,105845
21-Dec-11,5.98,6.09,5.94,6.05,160758
20-Dec-11,5.86,6.03,5.81,6.02,184877
19-Dec-11,6.05,6.08,5.77,5.79,205498
16-Dec-11,6.04,6.10,5.87,6.02,216800
15-Dec-11,6.07,6.07,5.94,6.01,126239
14-Dec-11,5.74,6.01,5.74,5.99,494553
13-Dec-11,6.06,6.11,5.83,5.84,153725
12-Dec-11,5.96,6.03,5.88,6.01,111845
9-Dec-11,5.95,6.09,5.86,6.01,145890
8-Dec-11,6.02,6.05,5.90,5.92,166443
7-Dec-11,6.11,6.11,6.01,6.05,134254
6-Dec-11,6.10,6.20,6.02,6.14,93028
5-Dec-11,6.11,6.11,5.98,6.10,186042
2-Dec-11,6.01,6.06,5.97,6.02,88497
1-Dec-11,6.01,6.01,5.88,5.94,127294
30-Nov-11,6.10,6.12,6.00,6.02,382132
29-Nov-11,6.07,6.07,5.83,5.94,341607
28-Nov-11,5.83,6.02,5.69,5.99,314936
25-Nov-11,5.44,5.52,5.27,5.28,59881
23-Nov-11,5.47,5.47,5.47,5.47,0
22-Nov-11,5.69,5.73,5.58,5.64,100346
21-Nov-11,5.69,5.79,5.64,5.70,115577
18-Nov-11,5.83,5.89,5.70,5.79,119984
17-Nov-11,5.80,5.92,5.77,5.82,142015
16-Nov-11,5.83,5.92,5.81,5.82,138802
15-Nov-11,5.78,5.99,5.72,5.91,299514
14-Nov-11,5.90,5.90,5.74,5.78,265574
11-Nov-11,6.01,6.01,5.85,5.91,181713
10-Nov-11,6.02,6.03,5.87,5.98,179913
9-Nov-11,6.12,6.12,5.94,5.95,183040
8-Nov-11,6.31,6.33,6.16,6.28,160299
7-Nov-11,6.26,6.33,6.19,6.28,146347
4-Nov-11,6.02,6.30,5.96,6.26,417370
3-Nov-11,6.08,6.10,5.91,6.07,265579
2-Nov-11,6.16,6.24,5.96,6.03,353341
1-Nov-11,6.13,6.25,6.04,6.07,276910
31-Oct-11,6.48,6.50,6.32,6.33,236074
28-Oct-11,6.68,6.73,6.54,6.59,195924
27-Oct-11,6.68,6.75,6.52,6.72,369918
26-Oct-11,6.48,6.60,6.37,6.53,243074
25-Oct-11,6.62,6.67,6.46,6.47,203172
24-Oct-11,6.65,6.73,6.56,6.68,230860
21-Oct-11,6.77,6.79,6.62,6.65,190510
20-Oct-11,6.77,6.79,6.57,6.67,151981
19-Oct-11,6.92,6.98,6.71,6.74,175846
18-Oct-11,6.84,6.97,6.75,6.94,196351
17-Oct-11,6.91,6.96,6.80,6.82,483224
14-Oct-11,7.03,7.06,6.92,6.99,118510
13-Oct-11,6.94,7.03,6.86,6.98,141018
12-Oct-11,6.74,7.07,6.72,7.00,300835
11-Oct-11,6.50,6.74,6.45,6.72,601092
10-Oct-11,6.51,6.56,6.46,6.56,254400
7-Oct-11,6.56,6.58,6.38,6.39,202039
6-Oct-11,6.51,6.59,6.46,6.56,149554
5-Oct-11,6.40,6.56,6.28,6.51,228121
4-Oct-11,6.24,6.44,6.10,6.37,498783
3-Oct-11,6.54,6.63,6.26,6.26,216587
30-Sep-11,6.55,6.72,6.51,6.59,187892
