Date,Open,High,Low,Close,Volume
27-Sep-12,36.60,36.75,36.34,36.59,627077
26-Sep-12,36.57,36.68,36.30,36.50,947610
25-Sep-12,37.35,37.40,36.76,36.76,749039
24-Sep-12,36.91,37.54,36.91,37.28,760998
21-Sep-12,37.66,37.88,37.04,37.12,1169290
20-Sep-12,37.20,37.59,37.10,37.41,628314
19-Sep-12,37.26,37.51,36.90,37.40,755297
18-Sep-12,37.04,37.31,36.96,37.28,686498
17-Sep-12,37.00,37.30,36.92,37.25,813143
14-Sep-12,37.24,37.47,36.76,37.01,1989378
13-Sep-12,36.88,37.46,36.84,37.22,524003
12-Sep-12,37.62,37.62,36.90,37.04,427849
11-Sep-12,37.24,37.24,36.79,36.97,664051
10-Sep-12,36.80,37.17,36.61,36.90,964653
7-Sep-12,36.51,36.90,36.51,36.81,462796
6-Sep-12,36.15,36.83,36.12,36.49,598698
5-Sep-12,35.87,35.96,35.70,35.86,868589
4-Sep-12,36.11,36.23,35.65,35.90,613230
31-Aug-12,36.43,36.50,36.16,36.25,492102
30-Aug-12,35.97,36.28,35.91,36.16,548714
29-Aug-12,35.99,36.25,35.85,36.19,430954
28-Aug-12,36.05,36.05,35.84,35.88,693953
27-Aug-12,36.44,36.47,36.09,36.09,461800
24-Aug-12,36.50,36.56,36.28,36.39,654999
23-Aug-12,36.88,36.88,36.54,36.61,777969
22-Aug-12,36.50,36.89,36.47,36.88,622822
21-Aug-12,36.84,36.91,36.47,36.56,435199
20-Aug-12,36.84,36.90,36.39,36.73,584990
17-Aug-12,36.77,36.90,36.58,36.74,108864
16-Aug-12,36.65,37.04,36.65,36.79,163323
15-Aug-12,36.55,36.85,36.44,36.72,187773
14-Aug-12,36.81,37.04,36.44,36.54,204640
13-Aug-12,36.30,36.75,36.30,36.60,130837
10-Aug-12,36.79,36.79,36.16,36.43,350640
9-Aug-12,36.36,36.64,36.19,36.59,141681
8-Aug-12,36.24,36.61,36.10,36.48,172944
7-Aug-12,36.43,36.59,36.19,36.31,258661
6-Aug-12,36.55,36.63,36.43,36.45,202646
3-Aug-12,35.98,36.53,35.98,36.51,225496
2-Aug-12,35.54,35.91,35.28,35.51,1124274
1-Aug-12,35.99,36.17,35.56,35.90,1383149
31-Jul-12,35.82,36.03,35.63,35.90,1016602
30-Jul-12,35.75,35.93,35.57,35.79,916573
27-Jul-12,35.26,35.84,34.90,35.63,1406927
26-Jul-12,35.11,35.37,34.47,35.06,1589045
25-Jul-12,34.93,35.03,34.39,34.86,1006070
24-Jul-12,35.12,35.25,34.51,34.82,1043035
23-Jul-12,34.66,35.45,34.26,35.26,1866202
20-Jul-12,35.78,35.79,35.03,35.06,875815
19-Jul-12,34.47,36.29,34.14,36.07,2384206
18-Jul-12,34.04,34.28,33.74,34.20,1810556
17-Jul-12,34.06,34.28,33.80,34.09,480138
16-Jul-12,34.21,34.22,33.86,34.02,728584
13-Jul-12,33.49,34.42,33.42,34.32,777411
12-Jul-12,33.42,33.54,33.13,33.41,656146
11-Jul-12,33.69,33.75,33.33,33.59,821126
10-Jul-12,33.74,34.16,33.42,33.64,794468
9-Jul-12,33.97,34.18,33.58,33.69,817878
6-Jul-12,34.04,34.24,33.94,34.09,413888
5-Jul-12,34.14,34.52,34.12,34.33,827364
3-Jul-12,33.74,34.27,33.71,34.27,884623
2-Jul-12,34.43,34.43,33.94,33.94,1252387
29-Jun-12,34.59,34.92,34.38,34.49,1162789
28-Jun-12,33.26,33.98,33.26,33.78,1020058
27-Jun-12,33.27,33.76,33.27,33.44,1087549
26-Jun-12,33.53,33.57,33.08,33.45,493652
25-Jun-12,33.76,33.86,33.31,33.55,536860
22-Jun-12,34.31,34.48,33.99,34.19,2380594
21-Jun-12,34.84,35.04,34.25,34.30,870732
20-Jun-12,34.54,35.06,34.48,34.85,920652
19-Jun-12,34.56,34.90,34.43,34.64,691700
18-Jun-12,34.11,34.44,33.88,34.34,876536
15-Jun-12,34.05,34.40,33.98,34.32,683693
14-Jun-12,33.96,34.27,33.83,34.04,414518
13-Jun-12,33.89,34.19,33.79,33.94,683951
12-Jun-12,33.70,34.07,33.63,34.04,538268
11-Jun-12,34.62,34.66,33.69,33.70,800505
8-Jun-12,33.65,34.38,33.56,34.31,1131459
7-Jun-12,33.96,34.32,33.60,33.68,1770592
6-Jun-12,33.50,33.67,33.36,33.64,1680218
5-Jun-12,32.96,33.29,32.55,33.20,1184199
4-Jun-12,32.78,33.11,32.40,33.11,1924289
1-Jun-12,33.60,33.60,32.69,32.69,1481354
31-May-12,34.18,34.28,33.57,34.09,1684906
30-May-12,34.54,34.54,34.17,34.29,728140
29-May-12,34.82,34.90,34.45,34.64,546920
25-May-12,34.46,34.64,34.32,34.41,586417
24-May-12,34.60,34.67,34.02,34.40,987211
23-May-12,34.04,34.64,33.82,34.51,1121033
22-May-12,34.50,34.62,34.13,34.28,1322429
21-May-12,34.00,34.58,33.80,34.49,1375607
18-May-12,34.46,34.69,33.88,33.99,640947
17-May-12,35.25,35.39,34.41,34.44,640198
16-May-12,36.07,36.29,35.27,35.29,1083246
15-May-12,36.10,36.39,35.80,36.06,1075143
14-May-12,36.35,36.48,36.06,36.17,1086820
11-May-12,36.64,36.85,36.52,36.71,873135
10-May-12,36.73,36.86,36.26,36.80,1741483
9-May-12,36.20,36.70,36.12,36.44,749858
8-May-12,36.37,36.60,35.60,36.52,1350181
7-May-12,36.06,36.42,35.87,36.42,702135
4-May-12,36.76,36.76,36.23,36.25,1192943
3-May-12,37.07,37.21,36.83,36.86,956009
2-May-12,37.21,37.34,36.96,37.08,657576
1-May-12,37.07,37.47,36.76,37.25,839648
30-Apr-12,37.09,37.15,36.69,36.98,1428944
27-Apr-12,36.70,37.25,36.68,37.17,1083182
26-Apr-12,36.62,36.78,36.19,36.70,1117147
25-Apr-12,37.19,37.31,36.68,36.73,1145988
24-Apr-12,36.91,37.28,36.78,37.04,867356
23-Apr-12,37.28,37.29,36.77,37.06,766330
20-Apr-12,37.34,38.06,37.22,37.67,1354931
19-Apr-12,37.72,38.56,37.19,37.33,1917270
18-Apr-12,37.37,38.04,37.34,37.50,2380861
17-Apr-12,37.00,37.69,36.96,37.56,1011156
16-Apr-12,36.62,37.05,36.50,36.84,1042367
13-Apr-12,36.90,37.03,36.57,36.58,925480
12-Apr-12,36.85,37.22,36.72,36.98,1490923
11-Apr-12,37.14,37.15,36.26,36.76,1706392
10-Apr-12,37.26,37.33,36.31,36.40,1868435
9-Apr-12,37.01,37.29,36.84,37.25,1019620
5-Apr-12,37.60,37.68,37.26,37.49,1782907
4-Apr-12,37.02,37.74,36.87,37.63,1346048
3-Apr-12,37.29,37.53,37.20,37.51,1723373
2-Apr-12,36.68,37.53,36.66,37.50,1477728
30-Mar-12,37.01,37.05,36.68,36.83,1094580
29-Mar-12,36.61,36.96,36.58,36.93,756583
28-Mar-12,37.01,37.01,36.61,36.94,773167
27-Mar-12,36.89,37.15,36.71,37.10,770770
26-Mar-12,36.91,37.11,36.63,36.90,464320
23-Mar-12,36.46,36.58,36.20,36.56,620856
22-Mar-12,37.05,37.05,36.24,36.51,900441
21-Mar-12,37.77,37.83,37.47,37.47,306528
20-Mar-12,37.55,37.79,37.38,37.68,616233
19-Mar-12,37.54,38.13,37.48,37.80,750898
16-Mar-12,37.38,37.67,37.20,37.65,579848
15-Mar-12,37.07,37.41,36.98,37.40,663639
14-Mar-12,36.92,37.28,36.85,37.06,813927
13-Mar-12,36.22,36.98,36.16,36.97,975648
12-Mar-12,36.30,36.36,35.99,36.05,671448
9-Mar-12,36.38,36.57,36.10,36.24,1881108
8-Mar-12,36.62,36.80,36.20,36.34,2289096
7-Mar-12,36.29,36.62,36.22,36.49,684611
6-Mar-12,36.12,36.32,35.76,36.24,758952
5-Mar-12,36.34,36.50,36.01,36.29,429879
2-Mar-12,36.98,37.01,36.43,36.48,593498
1-Mar-12,37.01,37.35,36.79,36.94,579226
29-Feb-12,36.75,37.25,36.73,36.97,946366
28-Feb-12,36.55,37.06,36.55,36.64,626033
27-Feb-12,36.36,36.75,36.15,36.61,596275
24-Feb-12,36.53,36.96,36.32,36.60,559904
23-Feb-12,36.47,36.72,36.26,36.54,431167
22-Feb-12,37.06,37.26,36.52,36.52,615078
21-Feb-12,36.99,37.30,36.96,37.12,516895
17-Feb-12,37.74,37.77,36.79,36.82,828637
16-Feb-12,37.03,37.61,36.92,37.55,727186
15-Feb-12,36.98,37.29,36.89,37.10,1602065
14-Feb-12,37.08,37.18,36.71,36.99,1538563
13-Feb-12,37.75,37.93,37.29,37.35,1770011
10-Feb-12,37.38,37.52,37.13,37.50,1133676
9-Feb-12,37.29,37.90,37.25,37.81,1497905
8-Feb-12,37.01,37.57,36.93,37.21,1274538
7-Feb-12,36.65,37.30,36.60,37.01,1193847
6-Feb-12,36.14,36.74,36.12,36.73,1040115
3-Feb-12,35.85,36.56,35.61,36.29,1233580
2-Feb-12,35.44,35.73,34.53,35.51,1768390
1-Feb-12,36.33,37.04,36.13,36.24,1884591
31-Jan-12,36.18,36.34,36.02,36.07,806844
30-Jan-12,35.89,36.21,35.62,36.11,729672
27-Jan-12,36.36,36.82,35.96,36.11,1048446
26-Jan-12,35.59,36.83,35.47,36.49,1914466
25-Jan-12,35.00,35.50,34.72,35.36,768118
24-Jan-12,34.65,35.29,34.52,35.12,1211065
23-Jan-12,34.76,35.07,34.50,34.76,768560
20-Jan-12,34.80,34.81,34.45,34.62,633895
19-Jan-12,34.39,35.07,34.03,34.93,674084
18-Jan-12,33.76,34.40,33.75,34.40,642007
17-Jan-12,34.32,34.56,33.83,33.86,736160
13-Jan-12,33.98,33.98,33.98,33.98,0
12-Jan-12,34.18,34.46,34.10,34.40,729836
11-Jan-12,33.80,34.44,33.73,34.13,760501
10-Jan-12,34.28,34.34,33.79,33.82,1792541
9-Jan-12,34.28,34.33,33.89,33.91,876059
6-Jan-12,34.28,34.50,33.96,34.26,960901
5-Jan-12,33.95,34.30,33.47,34.27,1239940
4-Jan-12,33.64,34.19,33.62,34.11,1201033
3-Jan-12,34.15,34.15,33.75,33.79,1088019
30-Dec-11,33.58,33.58,33.58,33.58,0
29-Dec-11,33.22,33.98,33.20,33.89,695684
28-Dec-11,34.30,34.34,33.05,33.07,891789
27-Dec-11,34.43,34.44,34.00,34.14,675752
23-Dec-11,34.49,34.49,34.49,34.49,0
22-Dec-11,33.60,34.33,33.60,34.16,861540
21-Dec-11,33.49,33.68,33.23,33.63,1026872
20-Dec-11,32.93,33.79,32.93,33.51,1389333
19-Dec-11,33.33,33.44,32.40,32.49,913064
16-Dec-11,33.47,33.84,33.12,33.31,1677676
15-Dec-11,32.45,33.39,32.43,33.19,2591109
14-Dec-11,31.84,32.66,31.78,32.23,1823242
13-Dec-11,32.31,32.66,31.71,31.86,1097572
12-Dec-11,32.27,32.40,32.00,32.24,1099826
9-Dec-11,32.72,32.82,32.40,32.56,885784
8-Dec-11,32.72,32.85,32.44,32.65,1305202
7-Dec-11,33.04,33.04,32.66,32.89,988495
6-Dec-11,33.55,33.91,33.06,33.14,1567465
5-Dec-11,32.76,33.12,32.69,32.89,1295248
2-Dec-11,32.47,32.75,32.27,32.44,900804
1-Dec-11,32.09,32.83,32.06,32.16,778285
30-Nov-11,32.44,32.74,31.87,32.31,1442745
29-Nov-11,31.21,31.95,31.09,31.51,882640
28-Nov-11,30.92,31.29,30.84,31.14,1058035
25-Nov-11,30.23,30.59,30.16,30.25,485727
23-Nov-11,30.41,30.41,30.41,30.41,0
22-Nov-11,30.60,30.79,30.35,30.55,756510
21-Nov-11,30.77,30.93,30.45,30.73,1532593
18-Nov-11,31.75,31.80,31.18,31.24,1115532
17-Nov-11,32.15,32.47,31.40,31.59,1876137
16-Nov-11,32.38,32.63,32.02,32.04,794816
15-Nov-11,32.57,32.80,32.32,32.43,905293
14-Nov-11,33.00,33.25,32.63,32.69,573514
11-Nov-11,32.82,33.46,32.78,33.20,707913
10-Nov-11,32.71,32.87,32.09,32.40,1692651
9-Nov-11,33.08,33.09,32.01,32.24,1670296
8-Nov-11,33.52,33.87,33.19,33.75,543644
7-Nov-11,33.53,33.73,33.01,33.46,629327
4-Nov-11,33.23,33.81,33.00,33.75,1549459
3-Nov-11,33.15,33.61,32.90,33.46,1275774
2-Nov-11,33.13,33.27,32.77,32.99,1216185
1-Nov-11,32.70,33.23,32.50,32.76,2067952
31-Oct-11,34.32,34.48,33.76,33.79,1012927
28-Oct-11,34.27,34.81,34.19,34.67,1672774
27-Oct-11,33.81,34.86,33.60,34.40,1967521
26-Oct-11,32.96,33.15,32.46,32.91,1337926
25-Oct-11,33.25,33.42,32.55,32.61,1422316
24-Oct-11,33.03,33.43,32.87,33.27,1269032
21-Oct-11,33.40,33.57,32.84,33.05,1394426
20-Oct-11,32.75,33.23,32.39,33.17,1387662
19-Oct-11,33.50,33.99,32.72,32.88,2396615
18-Oct-11,32.15,32.72,31.75,32.56,1461830
17-Oct-11,32.92,33.00,32.06,32.17,1097443
14-Oct-11,33.13,33.26,32.83,33.16,1013017
13-Oct-11,32.77,32.89,32.28,32.76,768559
12-Oct-11,32.71,33.15,32.46,32.99,1919471
11-Oct-11,31.95,32.53,31.67,32.43,1320716
10-Oct-11,31.22,32.09,31.22,32.08,1434987
7-Oct-11,30.53,31.20,30.25,30.88,1497341
6-Oct-11,29.33,30.56,28.93,30.23,1965421
5-Oct-11,30.04,30.16,29.26,29.39,2488734
4-Oct-11,28.93,30.15,28.68,30.14,2049249
3-Oct-11,30.22,30.70,29.29,29.30,1976735
30-Sep-11,30.65,31.33,30.43,30.61,1470434
