Date,Open,High,Low,Close,Volume
27-Sep-12,7.45,7.47,7.45,7.45,159654
26-Sep-12,7.40,7.46,7.40,7.45,119698
25-Sep-12,7.42,7.43,7.41,7.42,82894
24-Sep-12,7.42,7.45,7.41,7.42,136753
21-Sep-12,7.43,7.43,7.41,7.42,76812
20-Sep-12,7.41,7.43,7.40,7.42,146179
19-Sep-12,7.40,7.41,7.37,7.41,102831
18-Sep-12,7.42,7.42,7.26,7.34,278632
17-Sep-12,7.39,7.42,7.34,7.42,37095
14-Sep-12,7.36,7.40,7.33,7.38,36502
13-Sep-12,7.42,7.42,7.29,7.38,121387
12-Sep-12,7.36,7.45,7.36,7.43,76975
11-Sep-12,7.39,7.40,7.34,7.37,71696
10-Sep-12,7.36,7.40,7.33,7.40,63067
7-Sep-12,7.39,7.39,7.30,7.35,59824
6-Sep-12,7.34,7.39,7.26,7.35,68715
5-Sep-12,7.34,7.34,7.27,7.32,41047
4-Sep-12,7.31,7.35,7.23,7.30,86480
31-Aug-12,7.34,7.36,7.31,7.35,111496
30-Aug-12,7.30,7.35,7.28,7.33,60719
29-Aug-12,7.34,7.35,7.29,7.34,103248
28-Aug-12,7.30,7.35,7.30,7.34,114616
27-Aug-12,7.33,7.35,7.30,7.33,53030
24-Aug-12,7.31,7.32,7.27,7.32,66501
23-Aug-12,7.27,7.31,7.27,7.31,72708
22-Aug-12,7.28,7.29,7.26,7.27,81433
21-Aug-12,7.30,7.30,7.25,7.28,65061
20-Aug-12,7.30,7.31,7.27,7.30,77482
17-Aug-12,7.22,7.30,7.22,7.30,18239
16-Aug-12,7.23,7.25,7.23,7.25,13115
15-Aug-12,7.16,7.23,7.16,7.23,22840
14-Aug-12,7.17,7.18,7.16,7.17,43776
13-Aug-12,7.17,7.18,7.17,7.17,7485
10-Aug-12,7.11,7.19,7.11,7.17,24815
9-Aug-12,7.10,7.15,7.10,7.14,20815
8-Aug-12,7.11,7.13,7.07,7.13,48502
7-Aug-12,7.10,7.12,7.09,7.11,7600
6-Aug-12,7.11,7.12,7.08,7.10,13878
3-Aug-12,7.10,7.12,7.09,7.12,12882
2-Aug-12,7.10,7.11,7.09,7.10,40516
1-Aug-12,7.10,7.11,7.06,7.09,44606
31-Jul-12,7.09,7.11,7.08,7.11,54556
30-Jul-12,7.13,7.13,7.09,7.09,66404
27-Jul-12,7.12,7.15,7.12,7.12,30656
26-Jul-12,7.10,7.15,7.09,7.10,28790
25-Jul-12,7.05,7.10,7.04,7.09,50708
24-Jul-12,7.08,7.09,7.03,7.07,31258
23-Jul-12,7.05,7.06,7.04,7.05,52099
20-Jul-12,7.02,7.08,7.02,7.05,56150
19-Jul-12,7.07,7.07,7.04,7.04,72637
18-Jul-12,7.07,7.07,7.03,7.04,55669
17-Jul-12,7.06,7.06,7.03,7.05,41156
16-Jul-12,7.07,7.08,7.03,7.04,28004
13-Jul-12,7.04,7.08,7.02,7.08,37276
12-Jul-12,7.07,7.07,7.00,7.02,34144
11-Jul-12,7.02,7.06,7.02,7.06,57493
10-Jul-12,7.02,7.04,7.00,7.03,23173
9-Jul-12,6.99,7.03,6.99,7.01,30621
6-Jul-12,6.99,7.00,6.97,7.00,24823
5-Jul-12,7.01,7.01,6.97,7.00,20019
3-Jul-12,6.95,7.00,6.94,6.98,62236
2-Jul-12,7.00,7.01,6.95,6.96,34043
29-Jun-12,7.01,7.05,7.01,7.04,52335
28-Jun-12,7.02,7.04,6.98,7.00,45374
27-Jun-12,7.01,7.03,7.01,7.03,73618
26-Jun-12,6.98,7.01,6.97,7.01,63339
25-Jun-12,7.01,7.01,6.97,6.97,43447
22-Jun-12,7.01,7.02,6.98,7.02,45762
21-Jun-12,7.02,7.02,6.98,7.00,50283
20-Jun-12,7.00,7.02,6.98,7.01,69280
19-Jun-12,6.90,7.00,6.90,7.00,65030
18-Jun-12,6.92,6.92,6.88,6.90,23615
15-Jun-12,6.93,6.94,6.90,6.92,45797
14-Jun-12,6.90,6.93,6.88,6.92,18875
13-Jun-12,6.93,6.93,6.86,6.91,52262
12-Jun-12,6.90,6.92,6.89,6.91,47259
11-Jun-12,6.91,6.94,6.90,6.91,38606
8-Jun-12,6.92,6.94,6.90,6.94,16979
7-Jun-12,6.92,6.93,6.89,6.89,31839
6-Jun-12,6.89,6.92,6.87,6.89,46258
5-Jun-12,6.86,6.90,6.84,6.89,51228
4-Jun-12,6.86,6.87,6.83,6.84,48935
1-Jun-12,6.92,6.92,6.84,6.86,58581
31-May-12,6.93,6.96,6.91,6.96,49188
30-May-12,6.95,6.97,6.93,6.97,41202
29-May-12,6.93,6.97,6.93,6.97,37458
25-May-12,6.92,6.95,6.91,6.94,33463
24-May-12,6.93,6.94,6.92,6.93,35598
23-May-12,6.93,6.94,6.88,6.94,69039
22-May-12,6.95,6.96,6.93,6.94,52836
21-May-12,6.91,6.93,6.88,6.93,29778
18-May-12,6.92,6.93,6.87,6.89,90077
17-May-12,6.94,6.95,6.92,6.93,181770
16-May-12,6.96,6.96,6.93,6.94,98205
15-May-12,6.94,6.96,6.94,6.96,44625
14-May-12,6.95,6.97,6.93,6.96,63775
11-May-12,6.96,6.99,6.94,6.98,36472
10-May-12,6.98,6.99,6.95,6.99,32032
9-May-12,6.95,6.97,6.93,6.96,28504
8-May-12,6.95,6.98,6.93,6.94,56387
7-May-12,6.93,6.96,6.93,6.93,36251
4-May-12,6.98,6.98,6.93,6.93,24280
3-May-12,6.96,6.97,6.94,6.96,44741
2-May-12,6.98,7.00,6.95,6.95,41654
1-May-12,6.97,6.99,6.95,6.98,135334
30-Apr-12,6.97,7.01,6.97,7.01,95480
27-Apr-12,6.98,7.01,6.97,6.97,59976
26-Apr-12,6.99,7.01,6.97,6.97,31445
25-Apr-12,6.96,7.01,6.93,6.98,143475
24-Apr-12,6.95,6.96,6.93,6.95,80762
23-Apr-12,6.94,6.95,6.91,6.92,64231
20-Apr-12,6.95,6.97,6.92,6.94,40957
19-Apr-12,6.95,6.96,6.90,6.93,95517
18-Apr-12,6.93,6.95,6.91,6.95,31413
17-Apr-12,6.93,6.94,6.90,6.90,94340
16-Apr-12,6.92,6.94,6.89,6.90,131242
13-Apr-12,6.95,6.95,6.90,6.92,43111
12-Apr-12,6.93,6.95,6.89,6.91,26851
11-Apr-12,6.91,6.96,6.89,6.90,69381
10-Apr-12,6.87,6.92,6.80,6.86,111582
9-Apr-12,6.94,6.94,6.90,6.90,53153
5-Apr-12,6.92,6.94,6.92,6.93,42609
4-Apr-12,6.95,6.95,6.92,6.94,47912
3-Apr-12,6.91,6.95,6.91,6.93,39122
2-Apr-12,6.91,6.95,6.90,6.93,32866
30-Mar-12,6.90,7.00,6.89,7.00,66329
29-Mar-12,6.92,6.92,6.88,6.89,45600
28-Mar-12,6.90,6.92,6.88,6.90,42270
27-Mar-12,6.89,6.92,6.88,6.90,39534
26-Mar-12,6.89,6.92,6.89,6.90,33538
23-Mar-12,6.87,6.92,6.87,6.88,42985
22-Mar-12,6.84,6.91,6.84,6.88,94966
21-Mar-12,6.84,6.87,6.84,6.85,45122
20-Mar-12,6.85,6.87,6.84,6.85,47881
19-Mar-12,6.80,6.87,6.80,6.87,105876
16-Mar-12,6.81,6.87,6.80,6.81,91939
15-Mar-12,6.87,6.87,6.82,6.84,40858
14-Mar-12,6.86,6.88,6.84,6.85,59669
13-Mar-12,6.87,6.89,6.85,6.89,31817
12-Mar-12,6.86,6.88,6.83,6.87,35987
9-Mar-12,6.84,6.86,6.78,6.85,55550
8-Mar-12,6.84,6.88,6.82,6.85,39826
7-Mar-12,6.81,6.86,6.79,6.84,72019
6-Mar-12,6.84,6.84,6.80,6.83,59127
5-Mar-12,6.83,6.87,6.83,6.86,81942
2-Mar-12,6.85,6.88,6.85,6.87,61288
1-Mar-12,6.86,6.87,6.84,6.86,50016
29-Feb-12,6.83,6.92,6.83,6.92,140383
28-Feb-12,6.92,6.92,6.85,6.87,61347
27-Feb-12,6.81,6.91,6.81,6.90,115029
24-Feb-12,6.80,6.86,6.78,6.85,121454
23-Feb-12,6.77,6.82,6.77,6.81,128914
22-Feb-12,6.79,6.80,6.75,6.78,137594
21-Feb-12,6.72,6.78,6.71,6.77,112521
17-Feb-12,6.73,6.77,6.72,6.76,130736
16-Feb-12,6.72,6.73,6.67,6.72,69061
15-Feb-12,6.71,6.76,6.69,6.71,105796
14-Feb-12,6.71,6.74,6.71,6.72,89823
13-Feb-12,6.74,6.78,6.70,6.74,79943
10-Feb-12,6.76,6.78,6.74,6.76,122006
9-Feb-12,6.76,6.78,6.74,6.75,47538
8-Feb-12,6.73,6.75,6.72,6.75,49771
7-Feb-12,6.68,6.74,6.66,6.73,80898
6-Feb-12,6.73,6.73,6.68,6.71,76044
3-Feb-12,6.72,6.75,6.72,6.73,102320
2-Feb-12,6.71,6.73,6.70,6.73,112243
1-Feb-12,6.71,6.73,6.65,6.72,129553
31-Jan-12,6.66,6.75,6.65,6.72,134523
30-Jan-12,6.57,6.70,6.57,6.70,141491
27-Jan-12,6.58,6.60,6.58,6.60,101202
26-Jan-12,6.57,6.60,6.57,6.59,89625
25-Jan-12,6.55,6.57,6.54,6.56,75839
24-Jan-12,6.55,6.56,6.51,6.55,134938
23-Jan-12,6.52,6.58,6.52,6.58,82312
20-Jan-12,6.56,6.57,6.50,6.50,61470
19-Jan-12,6.54,6.57,6.52,6.55,90478
18-Jan-12,6.56,6.57,6.52,6.55,106597
17-Jan-12,6.53,6.57,6.53,6.56,121945
13-Jan-12,6.56,6.56,6.56,6.56,0
12-Jan-12,6.59,6.59,6.55,6.55,120074
11-Jan-12,6.56,6.59,6.56,6.57,36607
10-Jan-12,6.58,6.58,6.55,6.57,92605
9-Jan-12,6.57,6.59,6.53,6.59,111826
6-Jan-12,6.54,6.57,6.52,6.56,101092
5-Jan-12,6.56,6.59,6.53,6.59,57660
4-Jan-12,6.54,6.57,6.51,6.54,72944
3-Jan-12,6.55,6.63,6.53,6.54,80940
30-Dec-11,6.52,6.52,6.52,6.52,0
29-Dec-11,6.56,6.58,6.52,6.58,85895
28-Dec-11,6.54,6.55,6.52,6.52,107465
27-Dec-11,6.54,6.57,6.53,6.55,155348
23-Dec-11,6.52,6.52,6.52,6.52,0
22-Dec-11,6.50,6.58,6.50,6.54,84923
21-Dec-11,6.52,6.52,6.49,6.49,86774
20-Dec-11,6.52,6.52,6.49,6.52,97351
19-Dec-11,6.50,6.52,6.47,6.48,198776
16-Dec-11,6.49,6.51,6.48,6.49,156281
15-Dec-11,6.50,6.52,6.49,6.51,90003
14-Dec-11,6.48,6.51,6.47,6.50,118027
13-Dec-11,6.48,6.52,6.46,6.50,145171
12-Dec-11,6.48,6.53,6.46,6.50,121737
9-Dec-11,6.46,6.55,6.46,6.53,92990
8-Dec-11,6.46,6.49,6.44,6.48,86731
7-Dec-11,6.47,6.49,6.45,6.47,82543
6-Dec-11,6.48,6.52,6.45,6.48,136138
5-Dec-11,6.50,6.52,6.48,6.51,104919
2-Dec-11,6.52,6.53,6.44,6.50,117655
1-Dec-11,6.46,6.50,6.42,6.49,90577
30-Nov-11,6.52,6.58,6.50,6.51,95974
29-Nov-11,6.54,6.54,6.48,6.52,86778
28-Nov-11,6.68,6.68,6.53,6.56,77388
25-Nov-11,6.48,6.60,6.47,6.53,57316
23-Nov-11,6.50,6.50,6.50,6.50,0
22-Nov-11,6.48,6.55,6.47,6.53,95741
21-Nov-11,6.53,6.55,6.51,6.51,79439
18-Nov-11,6.56,6.62,6.52,6.55,128269
17-Nov-11,6.57,6.62,6.54,6.59,44061
16-Nov-11,6.58,6.60,6.55,6.56,105096
15-Nov-11,6.58,6.60,6.48,6.60,183646
14-Nov-11,6.58,6.64,6.58,6.60,90901
11-Nov-11,6.65,6.66,6.59,6.61,74094
10-Nov-11,6.56,6.66,6.56,6.63,101341
9-Nov-11,6.53,6.61,6.51,6.58,87501
8-Nov-11,6.67,6.68,6.59,6.62,65171
7-Nov-11,6.60,6.67,6.59,6.66,118800
4-Nov-11,6.59,6.73,6.58,6.64,157928
3-Nov-11,6.66,6.66,6.58,6.65,93467
2-Nov-11,6.62,6.66,6.60,6.66,55773
1-Nov-11,6.55,6.67,6.50,6.63,90091
31-Oct-11,6.65,6.73,6.65,6.70,156283
28-Oct-11,6.56,6.69,6.52,6.69,143811
27-Oct-11,6.66,6.69,6.60,6.61,116658
26-Oct-11,6.55,6.61,6.53,6.55,234722
25-Oct-11,6.51,6.58,6.51,6.54,101222
24-Oct-11,6.53,6.64,6.53,6.56,50857
21-Oct-11,6.50,6.57,6.45,6.53,126082
20-Oct-11,6.56,6.59,6.46,6.50,233213
19-Oct-11,6.65,6.71,6.54,6.56,221407
18-Oct-11,6.71,6.71,6.47,6.67,301184
17-Oct-11,6.65,6.70,6.62,6.68,133211
14-Oct-11,6.75,6.78,6.70,6.73,117461
13-Oct-11,6.71,6.76,6.68,6.74,125834
12-Oct-11,6.79,6.79,6.68,6.76,82967
11-Oct-11,6.70,6.77,6.60,6.75,147540
10-Oct-11,6.69,6.75,6.64,6.75,128980
7-Oct-11,6.62,6.71,6.53,6.70,146059
6-Oct-11,6.61,6.70,6.60,6.66,128374
5-Oct-11,6.63,6.76,6.50,6.67,225528
4-Oct-11,6.73,6.73,6.52,6.64,319511
3-Oct-11,6.79,6.82,6.60,6.80,326194
30-Sep-11,6.89,6.89,6.82,6.88,120239
