Date,Open,High,Low,Close,Volume
27-Sep-12,17.15,17.25,17.09,17.14,401064
26-Sep-12,17.11,17.36,16.90,17.06,979396
25-Sep-12,17.26,17.34,17.13,17.15,625858
24-Sep-12,17.17,17.28,17.06,17.21,319459
21-Sep-12,17.37,17.37,17.13,17.20,636227
20-Sep-12,17.18,17.33,17.00,17.31,1667748
19-Sep-12,17.52,17.56,17.16,17.16,836490
18-Sep-12,17.51,17.62,17.49,17.54,331085
17-Sep-12,17.55,17.73,17.52,17.58,362183
14-Sep-12,17.54,17.61,17.46,17.55,507127
13-Sep-12,17.54,17.69,17.46,17.61,261124
12-Sep-12,17.57,17.61,17.44,17.55,418012
11-Sep-12,17.44,17.56,17.37,17.53,319254
10-Sep-12,17.42,17.48,17.36,17.42,223157
7-Sep-12,17.45,17.45,17.28,17.42,374872
6-Sep-12,17.27,17.50,17.25,17.40,342837
5-Sep-12,17.16,17.24,17.11,17.21,340147
4-Sep-12,16.96,17.20,16.94,17.17,742571
31-Aug-12,17.12,17.23,16.94,17.10,452998
30-Aug-12,17.23,17.23,16.96,16.99,487345
29-Aug-12,17.29,17.30,17.12,17.26,327832
28-Aug-12,17.24,17.31,17.15,17.27,529256
27-Aug-12,17.48,17.48,17.22,17.28,436632
24-Aug-12,17.64,17.64,17.41,17.45,374124
23-Aug-12,17.83,17.83,17.54,17.68,459494
22-Aug-12,17.60,17.96,17.58,17.87,891254
21-Aug-12,17.61,17.76,17.54,17.63,351485
20-Aug-12,17.58,17.61,17.40,17.58,347450
17-Aug-12,17.58,17.66,17.38,17.59,109302
16-Aug-12,17.44,17.59,17.40,17.55,102025
15-Aug-12,17.35,17.43,17.31,17.42,53956
14-Aug-12,17.31,17.44,17.31,17.38,92030
13-Aug-12,17.27,17.34,17.17,17.29,70947
10-Aug-12,17.34,17.34,17.20,17.29,107938
9-Aug-12,17.37,17.49,17.30,17.36,160661
8-Aug-12,17.24,17.42,17.18,17.39,155510
7-Aug-12,17.49,17.55,17.23,17.27,119949
6-Aug-12,17.39,17.50,17.38,17.43,96787
3-Aug-12,17.37,17.49,17.29,17.34,171092
2-Aug-12,16.98,17.19,16.91,17.18,501425
1-Aug-12,17.21,17.26,17.00,17.06,562961
31-Jul-12,17.23,17.32,17.11,17.18,535445
30-Jul-12,17.09,17.23,17.01,17.23,492352
27-Jul-12,16.65,17.20,16.64,17.10,1019786
26-Jul-12,16.63,16.76,16.38,16.60,404010
25-Jul-12,16.32,16.62,16.32,16.50,632023
24-Jul-12,16.69,16.69,16.27,16.28,945779
23-Jul-12,16.67,16.77,16.49,16.73,1037687
20-Jul-12,17.08,17.23,16.84,16.89,796101
19-Jul-12,17.09,17.46,17.00,17.21,1472049
18-Jul-12,17.09,17.14,16.96,17.09,990605
17-Jul-12,17.18,17.26,16.91,17.10,592489
16-Jul-12,16.97,17.11,16.87,17.10,857442
13-Jul-12,17.10,17.17,16.94,17.01,636556
12-Jul-12,17.21,17.21,17.04,17.11,978988
11-Jul-12,17.22,17.23,17.08,17.21,329159
10-Jul-12,17.25,17.41,17.15,17.24,485666
9-Jul-12,17.24,17.27,17.09,17.16,696508
6-Jul-12,17.19,17.34,17.12,17.28,333249
5-Jul-12,17.31,17.42,17.15,17.27,497510
3-Jul-12,17.15,17.46,17.15,17.32,579038
2-Jul-12,17.15,17.35,17.04,17.12,1363081
29-Jun-12,17.07,17.22,16.91,17.15,1046167
28-Jun-12,16.73,16.87,16.68,16.87,792904
27-Jun-12,16.80,16.97,16.76,16.85,1095661
26-Jun-12,16.65,16.84,16.55,16.81,729868
25-Jun-12,16.71,16.75,16.50,16.65,559456
22-Jun-12,16.59,16.92,16.54,16.84,1111296
21-Jun-12,16.91,16.92,16.46,16.49,619213
20-Jun-12,16.76,16.91,16.64,16.91,587329
19-Jun-12,16.64,16.90,16.64,16.88,622237
18-Jun-12,16.37,16.68,16.26,16.65,654444
15-Jun-12,16.34,16.50,16.20,16.37,1268681
14-Jun-12,16.01,16.13,15.98,16.05,481720
13-Jun-12,16.16,16.22,15.95,16.03,693974
12-Jun-12,16.06,16.18,15.88,16.17,649747
11-Jun-12,16.19,16.24,15.95,15.97,674319
8-Jun-12,15.75,16.15,15.73,16.11,513599
7-Jun-12,16.05,16.13,15.77,15.77,430912
6-Jun-12,15.69,15.96,15.69,15.96,405743
5-Jun-12,15.34,15.69,15.31,15.63,817051
4-Jun-12,15.51,15.57,15.29,15.42,489049
1-Jun-12,15.50,15.61,15.38,15.43,562902
31-May-12,15.80,15.80,15.59,15.64,834527
30-May-12,15.80,15.86,15.68,15.79,647987
29-May-12,15.86,15.98,15.76,15.90,401426
25-May-12,15.79,15.90,15.65,15.79,777563
24-May-12,15.95,16.00,15.69,15.82,783294
23-May-12,15.69,15.95,15.64,15.94,611598
22-May-12,15.82,16.00,15.71,15.79,780198
21-May-12,15.67,15.84,15.59,15.79,644424
18-May-12,15.94,15.96,15.60,15.63,1082273
17-May-12,16.01,16.10,15.87,15.94,865767
16-May-12,16.23,16.23,16.02,16.04,626490
15-May-12,16.23,16.28,16.07,16.19,791846
14-May-12,16.23,16.29,16.05,16.23,502930
11-May-12,16.25,16.43,16.21,16.30,500638
10-May-12,16.33,16.40,16.22,16.28,817612
9-May-12,15.73,16.28,15.70,16.27,986442
8-May-12,15.72,15.82,15.62,15.81,828886
7-May-12,15.80,15.93,15.75,15.78,364931
4-May-12,15.88,16.05,15.79,15.79,791441
3-May-12,16.05,16.19,15.90,15.93,795777
2-May-12,16.11,16.16,16.00,16.06,487143
1-May-12,16.06,16.30,16.06,16.22,449728
30-Apr-12,16.09,16.27,15.98,16.05,1059564
27-Apr-12,16.17,16.28,16.05,16.24,624240
26-Apr-12,16.10,16.18,15.99,16.17,338743
25-Apr-12,16.15,16.15,15.90,16.11,991577
24-Apr-12,15.78,16.02,15.72,15.96,626742
23-Apr-12,15.66,15.84,15.60,15.80,640344
20-Apr-12,15.91,15.99,15.71,15.81,592385
19-Apr-12,15.55,16.00,15.55,15.79,762177
18-Apr-12,15.86,15.87,15.63,15.66,525448
17-Apr-12,15.60,15.93,15.59,15.90,853279
16-Apr-12,15.75,15.76,15.51,15.54,958613
13-Apr-12,15.83,15.92,15.71,15.72,368798
12-Apr-12,15.77,15.94,15.74,15.88,432831
11-Apr-12,15.73,15.85,15.65,15.78,484209
10-Apr-12,15.91,16.00,15.50,15.53,691287
9-Apr-12,15.90,16.08,15.88,15.93,493209
5-Apr-12,16.18,16.21,15.95,16.04,880739
4-Apr-12,16.14,16.22,16.03,16.16,565942
3-Apr-12,16.30,16.32,16.17,16.26,572794
2-Apr-12,16.21,16.38,16.15,16.33,655516
30-Mar-12,16.28,16.40,16.15,16.23,576045
29-Mar-12,16.34,16.35,16.12,16.23,538624
28-Mar-12,16.31,16.46,16.22,16.46,517518
27-Mar-12,16.52,16.64,16.45,16.47,578191
26-Mar-12,16.38,16.58,16.32,16.49,726538
23-Mar-12,16.38,16.40,16.20,16.26,556759
22-Mar-12,16.40,16.47,16.29,16.43,472927
21-Mar-12,16.33,16.58,16.20,16.55,682635
20-Mar-12,16.42,16.48,16.27,16.30,323785
19-Mar-12,16.40,16.51,16.30,16.44,459404
16-Mar-12,16.48,16.52,16.32,16.41,764391
15-Mar-12,16.30,16.70,16.20,16.48,854057
14-Mar-12,16.68,16.68,16.25,16.28,903865
13-Mar-12,16.69,16.71,16.40,16.67,681503
12-Mar-12,16.56,16.62,16.30,16.45,457731
9-Mar-12,16.40,16.64,16.36,16.52,673509
8-Mar-12,16.33,16.44,16.21,16.38,464813
7-Mar-12,16.28,16.34,16.11,16.21,641160
6-Mar-12,16.58,16.63,16.21,16.23,884909
5-Mar-12,16.20,16.60,16.01,16.51,1809755
2-Mar-12,16.16,16.26,15.93,16.00,587515
1-Mar-12,16.33,16.38,16.10,16.18,597998
29-Feb-12,16.36,16.42,16.20,16.33,546576
28-Feb-12,16.44,16.55,16.28,16.36,491828
27-Feb-12,16.43,16.60,16.28,16.48,608797
24-Feb-12,16.53,16.66,16.42,16.52,490461
23-Feb-12,16.46,16.64,16.33,16.59,419008
22-Feb-12,16.43,16.63,16.39,16.43,545851
21-Feb-12,16.41,16.59,16.33,16.52,738523
17-Feb-12,16.57,16.78,16.36,16.39,760119
16-Feb-12,16.31,16.67,16.22,16.52,1018676
15-Feb-12,16.68,16.85,16.34,16.39,906812
14-Feb-12,16.43,16.71,16.30,16.69,1598105
13-Feb-12,16.15,16.48,16.11,16.45,1971636
10-Feb-12,15.76,16.20,15.57,16.07,1933451
9-Feb-12,15.05,16.39,15.05,16.20,4257604
8-Feb-12,14.76,15.07,14.51,14.58,1573228
7-Feb-12,14.60,15.00,14.50,14.94,1292214
6-Feb-12,14.60,14.67,14.48,14.62,905629
3-Feb-12,14.69,14.78,14.63,14.69,721803
2-Feb-12,14.82,14.82,14.38,14.48,1242502
1-Feb-12,14.40,14.75,14.31,14.74,1167136
31-Jan-12,14.24,14.32,14.02,14.29,945884
30-Jan-12,14.11,14.21,14.00,14.17,533216
27-Jan-12,13.95,14.28,13.86,14.27,829691
26-Jan-12,14.00,14.10,13.89,13.94,591146
25-Jan-12,13.92,13.98,13.62,13.97,545511
24-Jan-12,13.59,13.91,13.44,13.90,850592
23-Jan-12,13.58,13.66,13.52,13.60,756820
20-Jan-12,13.66,13.70,13.42,13.57,1251133
19-Jan-12,13.79,13.90,13.51,13.74,1602230
18-Jan-12,13.86,14.13,13.75,14.08,839110
17-Jan-12,14.09,14.10,13.85,13.89,614466
13-Jan-12,14.02,14.02,14.02,14.02,0
12-Jan-12,14.18,14.32,13.92,14.21,497445
11-Jan-12,13.89,14.23,13.81,14.20,1191859
10-Jan-12,13.93,14.07,13.85,13.94,1210775
9-Jan-12,13.67,13.80,13.65,13.79,669859
6-Jan-12,13.52,13.74,13.39,13.61,761988
5-Jan-12,13.41,13.64,13.31,13.55,428851
4-Jan-12,13.66,13.68,13.37,13.49,970220
3-Jan-12,13.91,14.00,13.55,13.73,1216139
30-Dec-11,13.69,13.69,13.69,13.69,0
29-Dec-11,13.13,13.29,13.05,13.27,2387456
28-Dec-11,13.12,13.28,13.04,13.12,1985937
27-Dec-11,13.27,13.42,13.08,13.11,1859571
23-Dec-11,13.35,13.35,13.35,13.35,0
22-Dec-11,13.01,13.29,12.94,13.21,2016970
21-Dec-11,13.02,13.16,12.87,13.02,2325793
20-Dec-11,13.28,13.34,13.02,13.05,2208284
19-Dec-11,13.31,13.33,13.05,13.09,891601
16-Dec-11,13.48,13.49,13.25,13.31,1243930
15-Dec-11,13.66,13.69,13.26,13.35,1209269
14-Dec-11,13.88,13.94,13.36,13.46,1623462
13-Dec-11,14.24,14.40,13.90,13.95,761250
12-Dec-11,14.19,14.38,14.08,14.14,925183
9-Dec-11,14.22,14.50,14.19,14.35,645358
8-Dec-11,14.39,14.46,14.12,14.17,774469
7-Dec-11,14.56,14.64,14.46,14.55,573242
6-Dec-11,14.74,14.78,14.57,14.63,862445
5-Dec-11,14.94,14.96,14.67,14.75,582848
2-Dec-11,14.94,14.97,14.72,14.73,742409
1-Dec-11,14.86,14.96,14.72,14.78,736434
30-Nov-11,14.78,14.97,14.68,14.93,2033202
29-Nov-11,14.21,14.36,14.12,14.35,587759
28-Nov-11,14.04,14.19,13.95,14.18,778837
25-Nov-11,13.79,13.95,13.61,13.61,312163
23-Nov-11,13.86,13.86,13.86,13.86,0
22-Nov-11,14.06,14.16,13.93,14.06,829630
21-Nov-11,14.06,14.22,14.00,14.06,1075489
18-Nov-11,14.20,14.33,14.14,14.32,1049483
17-Nov-11,14.13,14.30,14.02,14.11,1214827
16-Nov-11,14.38,14.59,14.17,14.18,908815
15-Nov-11,14.48,14.61,14.41,14.49,714124
14-Nov-11,14.62,14.62,14.34,14.53,637754
11-Nov-11,14.56,14.78,14.56,14.66,781315
10-Nov-11,14.60,14.60,14.32,14.44,1000072
9-Nov-11,14.33,14.61,14.29,14.35,1516623
8-Nov-11,14.34,14.69,14.31,14.67,1025419
7-Nov-11,14.37,14.41,14.12,14.25,881473
4-Nov-11,14.48,14.48,14.19,14.38,667166
3-Nov-11,14.49,14.65,14.28,14.57,1074738
2-Nov-11,14.26,14.47,14.15,14.33,950470
1-Nov-11,14.33,14.47,14.01,14.03,1726238
31-Oct-11,15.02,15.03,14.63,14.66,1430431
28-Oct-11,15.40,15.40,15.05,15.23,753361
27-Oct-11,15.39,15.56,15.29,15.34,1822501
26-Oct-11,14.77,15.12,14.60,15.05,2773100
25-Oct-11,15.00,15.04,14.52,14.54,934936
24-Oct-11,14.84,15.09,14.84,15.02,917473
21-Oct-11,15.20,15.20,14.59,14.73,1678214
20-Oct-11,13.51,14.61,13.43,14.49,2013863
19-Oct-11,14.53,14.82,14.35,14.48,1398622
18-Oct-11,14.40,14.76,14.12,14.70,1230138
17-Oct-11,14.70,14.70,14.37,14.37,1110573
14-Oct-11,14.62,14.78,14.52,14.71,1065006
13-Oct-11,14.40,14.47,14.22,14.45,1414451
12-Oct-11,14.30,14.59,14.27,14.51,1787824
11-Oct-11,14.13,14.26,14.06,14.21,607969
10-Oct-11,14.00,14.28,13.91,14.27,1136145
7-Oct-11,14.37,14.41,13.82,13.82,1047071
6-Oct-11,13.75,14.34,13.74,14.25,2277975
5-Oct-11,13.91,13.91,13.59,13.83,1696844
4-Oct-11,13.78,13.84,13.25,13.84,3028055
3-Oct-11,15.08,15.15,13.89,13.92,3066189
30-Sep-11,14.97,15.35,14.95,15.19,1831380
