Date,Open,High,Low,Close,Volume
27-Sep-12,11.32,11.40,11.31,11.32,71525
26-Sep-12,11.46,11.46,11.30,11.34,76784
25-Sep-12,11.52,11.55,11.40,11.43,50490
24-Sep-12,11.42,11.50,11.38,11.45,66308
21-Sep-12,11.41,11.45,11.36,11.43,91969
20-Sep-12,11.42,11.45,11.21,11.40,138446
19-Sep-12,11.45,11.51,11.44,11.45,38392
18-Sep-12,11.38,11.55,11.37,11.47,59481
17-Sep-12,11.46,11.50,11.43,11.44,121753
14-Sep-12,11.50,11.62,11.50,11.52,100543
13-Sep-12,11.42,11.57,11.39,11.53,109552
12-Sep-12,11.39,11.45,11.39,11.42,65812
11-Sep-12,11.38,11.50,11.38,11.47,70678
10-Sep-12,11.45,11.48,11.40,11.40,98500
7-Sep-12,11.43,11.54,11.42,11.49,95450
6-Sep-12,11.32,11.54,11.32,11.52,116152
5-Sep-12,11.35,11.40,10.96,11.38,300869
4-Sep-12,11.77,11.98,11.22,11.41,740506
31-Aug-12,12.30,12.30,12.07,12.17,53485
30-Aug-12,12.25,12.30,12.14,12.18,65629
29-Aug-12,12.25,12.33,12.25,12.33,48530
28-Aug-12,12.32,12.36,12.20,12.23,72848
27-Aug-12,12.24,12.39,12.24,12.35,115565
24-Aug-12,12.17,12.26,12.13,12.23,45006
23-Aug-12,11.90,12.22,11.90,12.20,105609
22-Aug-12,11.93,12.05,11.90,11.96,55442
21-Aug-12,12.10,12.20,11.97,12.03,82046
20-Aug-12,12.16,12.22,12.11,12.15,43494
17-Aug-12,12.17,12.23,12.14,12.17,10843
16-Aug-12,12.11,12.14,12.07,12.14,9871
15-Aug-12,12.22,12.22,12.03,12.06,14411
14-Aug-12,12.37,12.37,12.23,12.28,8928
13-Aug-12,12.28,12.40,12.28,12.29,8763
10-Aug-12,12.44,12.44,12.16,12.26,8616
9-Aug-12,12.25,12.38,12.23,12.38,6933
8-Aug-12,12.26,12.26,12.12,12.23,8455
7-Aug-12,12.16,12.20,12.11,12.19,13723
6-Aug-12,12.10,12.17,12.09,12.14,14066
3-Aug-12,12.12,12.17,12.10,12.12,10670
2-Aug-12,12.09,12.11,12.01,12.08,42006
1-Aug-12,12.07,12.16,12.16,12.16,112
31-Jul-12,12.04,12.10,11.96,12.01,26390
30-Jul-12,12.02,12.04,11.96,12.04,47885
27-Jul-12,12.03,12.04,11.93,11.99,46932
26-Jul-12,12.01,12.02,11.86,11.95,43825
25-Jul-12,11.81,11.87,11.72,11.87,38955
24-Jul-12,11.86,11.86,11.70,11.78,48240
23-Jul-12,11.76,11.83,11.68,11.81,67026
20-Jul-12,11.85,11.86,11.80,11.84,39814
19-Jul-12,11.97,11.97,11.81,11.88,53963
18-Jul-12,11.87,11.89,11.77,11.86,53453
17-Jul-12,11.87,11.87,11.71,11.83,55565
16-Jul-12,11.76,11.82,11.74,11.80,40965
13-Jul-12,11.82,11.85,11.76,11.83,63464
12-Jul-12,11.52,12.04,11.50,11.86,99258
11-Jul-12,11.84,11.85,11.54,11.58,55531
10-Jul-12,11.95,12.00,11.84,11.88,58004
9-Jul-12,11.76,12.08,11.76,11.94,92751
6-Jul-12,11.73,11.87,11.59,11.81,32235
5-Jul-12,11.76,11.96,11.75,11.84,84706
3-Jul-12,11.68,11.89,11.68,11.88,28425
2-Jul-12,11.42,11.74,11.42,11.74,37732
29-Jun-12,11.49,11.57,11.47,11.47,61885
28-Jun-12,11.28,11.33,11.22,11.31,44719
27-Jun-12,11.27,11.35,11.19,11.34,39956
26-Jun-12,11.10,11.28,11.10,11.22,62345
25-Jun-12,11.24,11.25,11.13,11.17,40501
22-Jun-12,11.24,11.35,11.22,11.33,35902
21-Jun-12,11.34,11.34,11.20,11.22,78081
20-Jun-12,11.27,11.29,11.20,11.29,48625
19-Jun-12,11.13,11.23,11.08,11.23,38430
18-Jun-12,11.04,11.11,11.00,11.05,94398
15-Jun-12,11.09,11.13,11.01,11.10,73473
14-Jun-12,10.97,11.08,10.97,11.08,72965
13-Jun-12,11.08,11.12,11.02,11.06,72517
12-Jun-12,11.35,11.35,11.18,11.22,54794
11-Jun-12,11.28,11.29,11.21,11.24,68135
8-Jun-12,11.10,11.39,11.08,11.24,34945
7-Jun-12,11.07,11.26,11.07,11.14,74658
6-Jun-12,10.90,11.08,10.90,11.07,45900
5-Jun-12,10.75,10.93,10.75,10.87,62301
4-Jun-12,11.05,11.09,10.77,10.83,95663
1-Jun-12,11.11,11.18,11.05,11.05,28254
31-May-12,11.25,11.25,11.15,11.23,43032
30-May-12,11.30,11.32,11.20,11.26,38286
29-May-12,11.33,11.43,11.33,11.39,47543
25-May-12,11.39,11.39,11.23,11.28,50034
24-May-12,11.25,11.33,11.18,11.33,53639
23-May-12,11.20,11.24,11.10,11.20,108481
22-May-12,11.08,11.31,11.08,11.31,55359
21-May-12,11.14,11.22,11.05,11.07,74670
18-May-12,11.69,11.69,11.03,11.07,174138
17-May-12,11.88,11.88,11.64,11.64,88087
16-May-12,11.91,11.96,11.80,11.87,56111
15-May-12,11.90,11.94,11.80,11.87,46645
14-May-12,11.97,12.05,11.87,11.91,87841
11-May-12,12.02,12.25,12.02,12.14,53259
10-May-12,12.17,12.19,12.07,12.13,31720
9-May-12,12.03,12.10,12.01,12.08,55359
8-May-12,12.15,12.29,12.12,12.28,53346
7-May-12,12.13,12.29,12.12,12.24,44977
4-May-12,12.19,12.43,12.17,12.21,57525
3-May-12,12.32,12.32,12.23,12.23,30404
2-May-12,12.19,12.33,12.19,12.33,44038
1-May-12,12.22,12.38,12.22,12.25,36155
30-Apr-12,12.09,12.29,12.09,12.29,55159
27-Apr-12,12.18,12.23,12.14,12.15,49270
26-Apr-12,12.12,12.24,11.97,12.17,68582
25-Apr-12,12.12,12.13,12.07,12.12,36776
24-Apr-12,12.20,12.20,12.03,12.03,83684
23-Apr-12,11.95,12.20,11.92,12.20,51574
20-Apr-12,11.83,12.09,11.83,12.07,37143
19-Apr-12,11.92,12.02,11.91,12.00,35216
18-Apr-12,11.84,11.99,11.84,11.97,53356
17-Apr-12,12.08,12.14,11.90,11.98,88536
16-Apr-12,12.13,12.13,11.85,11.97,113462
13-Apr-12,12.07,12.11,12.05,12.06,51317
12-Apr-12,12.07,12.15,12.05,12.10,67495
11-Apr-12,12.40,12.40,11.95,12.01,151848
10-Apr-12,12.65,12.65,12.25,12.26,87686
9-Apr-12,12.34,12.63,12.34,12.62,39721
5-Apr-12,12.58,12.85,12.55,12.55,48215
4-Apr-12,12.66,12.69,12.51,12.60,34332
3-Apr-12,12.71,12.87,12.70,12.74,36582
2-Apr-12,12.83,12.94,12.75,12.83,55568
30-Mar-12,12.71,13.06,12.65,12.83,174717
29-Mar-12,12.54,12.66,12.47,12.58,41091
28-Mar-12,12.76,12.76,12.59,12.64,36780
27-Mar-12,12.70,12.78,12.68,12.78,52930
26-Mar-12,12.60,12.70,12.60,12.68,44643
23-Mar-12,12.45,12.55,12.38,12.54,40126
22-Mar-12,12.40,12.44,12.34,12.42,27204
21-Mar-12,12.46,12.48,12.38,12.44,41551
20-Mar-12,12.55,12.55,12.43,12.46,32159
19-Mar-12,12.57,12.61,12.50,12.58,36906
16-Mar-12,12.49,12.56,12.48,12.53,40838
15-Mar-12,12.55,12.58,12.42,12.44,40707
14-Mar-12,12.61,12.61,12.43,12.53,57438
13-Mar-12,12.53,12.66,12.49,12.66,64061
12-Mar-12,12.53,12.57,12.43,12.53,32663
9-Mar-12,12.49,12.53,12.44,12.53,36696
8-Mar-12,12.40,12.52,12.39,12.46,60312
7-Mar-12,12.33,12.45,12.25,12.37,50226
6-Mar-12,12.31,12.35,12.16,12.25,67091
5-Mar-12,12.36,12.46,12.27,12.40,83241
2-Mar-12,12.44,12.48,12.36,12.41,39192
1-Mar-12,12.37,12.48,12.36,12.45,43361
29-Feb-12,12.32,12.41,12.30,12.33,59088
28-Feb-12,12.21,12.39,12.21,12.37,46871
27-Feb-12,12.18,12.34,12.11,12.24,75872
24-Feb-12,12.15,12.22,12.12,12.22,52788
23-Feb-12,11.94,12.13,11.94,12.12,69385
22-Feb-12,12.11,12.13,11.99,12.04,35508
21-Feb-12,12.03,12.11,12.01,12.07,53798
17-Feb-12,12.03,12.04,11.87,11.97,118794
16-Feb-12,11.96,11.98,11.90,11.90,50419
15-Feb-12,11.99,11.99,11.88,11.94,46260
14-Feb-12,12.01,12.04,11.78,11.97,96484
13-Feb-12,12.14,12.14,12.00,12.05,67703
10-Feb-12,12.24,12.24,12.00,12.01,113241
9-Feb-12,12.31,12.44,12.20,12.29,83763
8-Feb-12,12.62,12.62,12.30,12.31,91621
7-Feb-12,12.38,12.67,12.33,12.64,97011
6-Feb-12,12.39,12.53,12.36,12.47,44492
3-Feb-12,12.45,12.48,12.31,12.36,38759
2-Feb-12,12.37,12.49,12.29,12.34,69124
1-Feb-12,12.14,12.34,12.10,12.34,82416
31-Jan-12,12.09,12.10,12.02,12.07,45085
30-Jan-12,11.90,12.05,11.90,12.05,39226
27-Jan-12,12.03,12.09,11.88,12.00,90254
26-Jan-12,11.82,12.14,11.82,12.14,79977
25-Jan-12,11.61,11.80,11.61,11.80,43235
24-Jan-12,11.72,11.75,11.60,11.61,50561
23-Jan-12,11.59,11.78,11.59,11.74,60068
20-Jan-12,11.66,11.72,11.59,11.61,51006
19-Jan-12,11.60,11.67,11.56,11.63,50367
18-Jan-12,11.43,11.56,11.41,11.56,30384
17-Jan-12,11.51,11.57,11.46,11.48,50047
13-Jan-12,11.50,11.50,11.50,11.50,0
12-Jan-12,11.59,11.62,11.45,11.59,38155
11-Jan-12,11.58,11.64,11.55,11.61,24403
10-Jan-12,11.53,11.78,11.50,11.73,99063
9-Jan-12,11.25,11.54,11.20,11.54,78390
6-Jan-12,10.99,11.17,10.99,11.17,48591
5-Jan-12,10.90,10.99,10.90,10.99,48914
4-Jan-12,10.96,10.96,10.80,10.95,41331
3-Jan-12,10.99,10.99,10.91,10.96,95523
30-Dec-11,10.77,10.77,10.77,10.77,0
29-Dec-11,10.72,10.81,10.63,10.75,62017
28-Dec-11,10.82,10.83,10.68,10.77,54030
27-Dec-11,10.82,10.88,10.76,10.81,62126
23-Dec-11,10.79,10.79,10.79,10.79,0
22-Dec-11,10.75,10.80,10.70,10.80,44181
21-Dec-11,10.59,10.75,10.54,10.75,76616
20-Dec-11,10.60,10.68,10.50,10.66,53778
19-Dec-11,10.65,10.65,10.42,10.44,51227
16-Dec-11,10.59,10.67,10.50,10.58,44525
15-Dec-11,10.70,10.73,10.50,10.56,76265
14-Dec-11,10.78,10.78,10.57,10.59,43991
13-Dec-11,10.94,10.99,10.83,10.86,65493
12-Dec-11,10.86,10.88,10.75,10.88,54787
9-Dec-11,10.85,10.96,10.78,10.91,31569
8-Dec-11,10.88,10.96,10.76,10.77,35989
7-Dec-11,10.91,11.04,10.86,10.96,40096
6-Dec-11,11.04,11.05,10.90,11.01,42290
5-Dec-11,11.01,11.12,10.97,11.01,39696
2-Dec-11,11.03,11.09,10.93,10.93,25211
1-Dec-11,10.92,11.03,10.83,11.01,46700
30-Nov-11,10.89,10.92,10.81,10.92,39629
29-Nov-11,10.67,10.69,10.55,10.62,55871
28-Nov-11,10.69,10.75,10.57,10.64,60763
25-Nov-11,10.37,10.49,10.35,10.44,32423
23-Nov-11,10.35,10.35,10.35,10.35,0
22-Nov-11,10.43,10.66,10.43,10.56,58678
21-Nov-11,10.57,10.66,10.53,10.56,61550
18-Nov-11,10.87,10.95,10.79,10.82,47490
17-Nov-11,11.06,11.11,10.82,10.90,66179
16-Nov-11,11.12,11.14,11.01,11.11,40696
15-Nov-11,11.14,11.19,11.05,11.13,57485
14-Nov-11,11.21,11.22,11.06,11.09,50217
11-Nov-11,11.20,11.26,11.11,11.13,31881
10-Nov-11,11.16,11.18,11.03,11.04,44344
9-Nov-11,11.11,11.20,11.01,11.01,75166
8-Nov-11,11.34,11.44,11.17,11.32,60755
7-Nov-11,11.21,11.42,11.21,11.42,67865
4-Nov-11,11.15,11.31,11.15,11.26,39683
3-Nov-11,11.34,11.41,11.20,11.35,43773
2-Nov-11,11.27,11.44,11.15,11.36,60756
1-Nov-11,11.12,11.23,11.09,11.23,59164
31-Oct-11,11.37,11.41,11.28,11.32,66884
28-Oct-11,11.38,11.45,11.35,11.45,39695
27-Oct-11,11.25,11.45,11.25,11.36,76186
26-Oct-11,11.25,11.25,11.04,11.11,63291
25-Oct-11,11.01,11.22,11.01,11.20,46360
24-Oct-11,11.09,11.26,11.08,11.21,37725
21-Oct-11,10.99,11.10,10.95,11.00,38011
20-Oct-11,11.03,11.07,10.81,10.90,35858
19-Oct-11,11.07,11.07,10.87,10.97,44767
18-Oct-11,10.91,11.07,10.90,10.99,46844
17-Oct-11,11.06,11.12,10.83,10.83,51585
14-Oct-11,11.20,11.24,11.10,11.10,33840
13-Oct-11,11.15,11.17,10.95,11.03,37447
12-Oct-11,11.23,11.28,11.14,11.20,27640
11-Oct-11,11.14,11.28,11.02,11.26,51768
10-Oct-11,10.70,11.24,10.60,11.20,108543
7-Oct-11,10.56,10.62,10.42,10.50,35428
6-Oct-11,10.18,10.46,10.13,10.46,30172
5-Oct-11,10.07,10.19,9.91,10.16,90105
4-Oct-11,10.06,10.14,9.60,10.07,106037
3-Oct-11,10.69,10.76,10.25,10.25,59951
30-Sep-11,11.15,11.17,10.70,10.77,43483
