Date,Open,High,Low,Close,Volume
27-Sep-12,5.21,5.45,5.21,5.41,80219
26-Sep-12,5.00,5.21,4.99,5.19,85903
25-Sep-12,5.22,5.32,4.98,5.00,177738
24-Sep-12,5.06,5.24,5.05,5.19,121921
21-Sep-12,5.16,5.25,4.97,5.10,344265
20-Sep-12,4.96,5.10,4.76,5.07,96547
19-Sep-12,5.23,5.23,4.89,4.99,156297
18-Sep-12,4.64,5.29,4.64,5.22,216743
17-Sep-12,4.63,4.66,4.55,4.63,127698
14-Sep-12,4.60,4.73,4.58,4.66,124511
13-Sep-12,4.55,4.73,4.47,4.59,256141
12-Sep-12,4.11,4.56,4.11,4.54,338781
11-Sep-12,4.00,4.08,3.99,4.07,282278
10-Sep-12,3.96,4.12,3.91,3.98,165447
7-Sep-12,3.79,4.08,3.76,4.00,176724
6-Sep-12,3.62,3.80,3.62,3.78,83619
5-Sep-12,3.71,3.74,3.58,3.59,107198
4-Sep-12,3.60,3.70,3.50,3.67,80427
31-Aug-12,3.66,3.75,3.55,3.55,162455
30-Aug-12,3.70,3.70,3.62,3.62,36937
29-Aug-12,3.77,3.78,3.72,3.73,49425
28-Aug-12,3.70,3.78,3.66,3.77,114725
27-Aug-12,3.73,3.85,3.72,3.73,115744
24-Aug-12,3.98,4.07,3.70,3.72,140564
23-Aug-12,4.09,4.10,3.94,4.01,75763
22-Aug-12,4.29,4.29,4.02,4.11,330926
21-Aug-12,4.27,4.38,4.27,4.31,85875
20-Aug-12,4.17,4.29,4.17,4.25,86909
17-Aug-12,4.15,4.17,4.10,4.17,30406
16-Aug-12,4.22,4.22,4.14,4.17,24397
15-Aug-12,4.23,4.28,4.12,4.22,32551
14-Aug-12,4.30,4.34,4.20,4.26,51546
13-Aug-12,4.27,4.37,4.21,4.26,15071
10-Aug-12,4.47,4.49,4.23,4.28,31152
9-Aug-12,4.53,4.55,4.44,4.45,31349
8-Aug-12,4.62,4.75,4.43,4.54,35405
7-Aug-12,4.62,4.69,4.60,4.65,40897
6-Aug-12,4.67,4.72,4.58,4.59,46122
3-Aug-12,4.85,5.10,4.66,4.67,44756
2-Aug-12,4.84,4.95,4.69,4.79,170348
1-Aug-12,4.94,5.07,4.65,4.88,280081
31-Jul-12,4.97,5.31,4.75,4.88,1572020
30-Jul-12,5.01,5.12,4.99,5.00,163801
27-Jul-12,5.05,5.12,4.98,5.00,272478
26-Jul-12,5.11,5.13,4.98,5.05,165073
25-Jul-12,5.31,5.35,5.00,5.05,142770
24-Jul-12,5.61,5.80,5.20,5.25,75502
23-Jul-12,5.99,6.06,5.49,5.60,131514
20-Jul-12,5.72,6.11,5.66,6.10,136805
19-Jul-12,6.14,6.22,5.49,5.73,120880
18-Jul-12,6.10,6.19,6.06,6.12,88051
17-Jul-12,6.19,6.29,6.04,6.13,38404
16-Jul-12,6.21,6.28,6.09,6.15,49988
13-Jul-12,6.23,6.34,6.17,6.24,81499
12-Jul-12,6.17,6.36,6.17,6.23,75441
11-Jul-12,6.26,6.34,6.20,6.24,50257
10-Jul-12,6.39,6.40,6.06,6.23,83425
9-Jul-12,6.45,6.50,6.28,6.34,109182
6-Jul-12,6.55,6.61,6.44,6.49,84040
5-Jul-12,6.53,6.67,6.42,6.62,34862
3-Jul-12,6.63,6.63,6.41,6.53,85375
2-Jul-12,6.71,6.75,6.36,6.64,144004
29-Jun-12,6.45,6.81,6.38,6.73,103154
28-Jun-12,6.27,6.37,6.15,6.32,48484
27-Jun-12,6.73,6.73,6.04,6.33,86358
26-Jun-12,6.87,6.92,6.64,6.71,48135
25-Jun-12,7.07,7.16,6.83,6.86,41372
22-Jun-12,7.09,7.26,7.09,7.22,252937
21-Jun-12,7.33,7.33,7.04,7.06,96088
20-Jun-12,7.59,7.60,7.31,7.35,23123
19-Jun-12,7.33,7.72,7.32,7.61,82183
18-Jun-12,7.85,7.87,7.24,7.30,69429
15-Jun-12,7.44,7.95,7.41,7.95,177223
14-Jun-12,7.39,7.53,7.16,7.45,109916
13-Jun-12,7.71,7.95,7.28,7.35,101668
12-Jun-12,7.74,7.79,7.54,7.75,78046
11-Jun-12,8.05,8.05,7.64,7.70,97206
8-Jun-12,8.07,8.18,7.78,7.97,133499
7-Jun-12,8.07,8.21,7.99,8.07,111494
6-Jun-12,7.59,8.00,7.55,7.97,92322
5-Jun-12,7.43,7.57,7.33,7.54,75479
4-Jun-12,7.26,7.58,7.19,7.53,118568
1-Jun-12,6.97,7.22,6.91,7.20,129741
31-May-12,6.90,7.25,6.88,7.17,134070
30-May-12,6.90,7.07,6.84,6.91,68055
29-May-12,6.91,7.00,6.84,7.00,81151
25-May-12,6.90,6.95,6.73,6.84,94318
24-May-12,6.60,6.88,6.50,6.87,110442
23-May-12,6.55,6.58,6.30,6.54,77527
22-May-12,6.52,6.60,6.41,6.57,102001
21-May-12,6.30,6.52,6.24,6.50,93766
18-May-12,6.14,6.34,6.01,6.30,137447
17-May-12,6.44,6.46,6.13,6.17,68517
16-May-12,6.73,6.78,6.41,6.45,85734
15-May-12,6.71,6.87,6.66,6.72,40207
14-May-12,6.88,6.90,6.72,6.73,75153
11-May-12,6.96,7.07,6.83,6.96,63603
10-May-12,7.04,7.20,6.99,7.03,52974
9-May-12,6.98,7.12,6.92,7.01,57081
8-May-12,6.92,7.25,6.49,7.07,77240
7-May-12,6.89,7.10,6.84,7.07,75888
4-May-12,7.62,7.62,6.75,6.84,87311
3-May-12,7.70,7.88,7.51,7.68,77837
2-May-12,7.69,7.80,7.57,7.73,43512
1-May-12,7.99,8.01,7.74,7.75,92631
30-Apr-12,8.11,8.11,7.99,8.01,161968
27-Apr-12,7.89,8.18,7.80,8.15,61635
26-Apr-12,7.79,7.89,7.69,7.87,50033
25-Apr-12,7.80,7.91,7.69,7.82,120382
24-Apr-12,8.01,8.03,7.55,7.70,104987
23-Apr-12,8.40,8.40,7.98,8.04,351591
20-Apr-12,8.75,8.83,8.43,8.48,208072
19-Apr-12,8.88,8.94,8.60,8.63,77403
18-Apr-12,9.02,9.06,8.84,8.91,88809
17-Apr-12,9.12,9.28,9.09,9.14,66937
16-Apr-12,8.96,9.07,8.73,9.03,55135
13-Apr-12,9.06,9.20,8.86,8.88,79185
12-Apr-12,9.09,9.22,9.09,9.12,64972
11-Apr-12,9.11,9.16,9.03,9.10,93293
10-Apr-12,9.05,9.16,9.00,9.03,104488
9-Apr-12,9.03,9.28,9.03,9.06,83695
5-Apr-12,9.11,9.28,9.11,9.22,58645
4-Apr-12,9.10,9.27,9.07,9.18,70278
3-Apr-12,9.32,9.39,9.16,9.24,66185
2-Apr-12,9.06,9.37,9.01,9.37,107994
30-Mar-12,9.26,9.30,9.10,9.11,41621
29-Mar-12,9.15,9.45,9.07,9.17,81632
28-Mar-12,9.22,9.35,9.09,9.18,49488
27-Mar-12,9.47,9.52,9.23,9.24,61388
26-Mar-12,9.45,9.54,9.22,9.50,90573
23-Mar-12,9.03,9.33,9.02,9.32,62943
22-Mar-12,9.09,9.32,8.93,9.06,57609
21-Mar-12,9.32,9.42,9.18,9.21,46587
20-Mar-12,9.27,9.39,9.22,9.27,25893
19-Mar-12,9.01,9.42,8.97,9.36,53484
16-Mar-12,9.32,9.32,8.99,8.99,192328
15-Mar-12,9.39,9.49,9.24,9.35,49100
14-Mar-12,9.53,9.59,9.40,9.41,44043
13-Mar-12,9.40,9.62,9.32,9.58,80901
12-Mar-12,9.34,9.39,9.24,9.31,57172
9-Mar-12,9.45,9.45,9.03,9.36,101379
8-Mar-12,9.16,9.35,8.76,9.33,68560
7-Mar-12,9.05,9.21,8.95,9.11,58188
6-Mar-12,9.27,9.36,8.97,9.04,62866
5-Mar-12,9.00,9.49,8.90,9.38,63014
2-Mar-12,8.94,9.04,8.78,8.98,125854
1-Mar-12,8.99,9.24,8.94,8.97,89072
29-Feb-12,9.46,9.54,8.98,8.98,63305
28-Feb-12,9.61,9.64,9.44,9.46,25978
27-Feb-12,9.66,9.70,9.50,9.61,43689
24-Feb-12,9.95,9.95,9.74,9.76,29830
23-Feb-12,9.74,10.08,9.68,9.99,52543
22-Feb-12,10.01,10.13,9.73,9.73,77678
21-Feb-12,10.75,10.82,9.99,10.05,69534
17-Feb-12,10.75,10.76,10.68,10.76,65016
16-Feb-12,10.26,10.72,10.23,10.69,49261
15-Feb-12,10.55,10.57,10.22,10.22,68916
14-Feb-12,10.78,10.79,10.30,10.49,113193
13-Feb-12,10.69,10.87,10.66,10.87,44557
10-Feb-12,10.55,10.75,10.50,10.58,59943
9-Feb-12,10.71,10.72,10.53,10.68,33917
8-Feb-12,10.47,10.76,10.41,10.64,46233
7-Feb-12,10.36,10.49,10.33,10.45,46085
6-Feb-12,10.43,10.52,10.20,10.39,49906
3-Feb-12,10.15,10.72,10.02,10.51,190577
2-Feb-12,9.91,10.13,9.83,10.00,299380
1-Feb-12,9.47,9.97,9.43,9.94,145316
31-Jan-12,9.49,9.50,9.30,9.43,71010
30-Jan-12,9.40,9.47,9.26,9.46,83086
27-Jan-12,9.13,9.57,9.07,9.50,182935
26-Jan-12,9.00,9.22,8.92,9.17,96876
25-Jan-12,8.78,9.14,8.78,8.99,76032
24-Jan-12,8.58,8.84,8.55,8.82,96323
23-Jan-12,8.60,8.71,8.55,8.64,41585
20-Jan-12,8.67,8.81,8.56,8.63,48458
19-Jan-12,8.72,8.77,8.63,8.66,54260
18-Jan-12,8.48,8.68,8.46,8.66,56199
17-Jan-12,8.71,8.74,8.46,8.51,104845
13-Jan-12,8.64,8.64,8.64,8.64,0
12-Jan-12,8.68,8.70,8.46,8.66,52740
11-Jan-12,8.55,8.84,8.51,8.68,90152
10-Jan-12,8.70,8.70,8.40,8.61,182203
9-Jan-12,8.76,8.76,8.45,8.58,78502
6-Jan-12,8.77,8.83,8.56,8.74,101105
5-Jan-12,8.76,8.83,8.50,8.75,42866
4-Jan-12,9.00,9.08,8.79,8.82,75545
3-Jan-12,8.69,9.20,8.69,9.08,109921
30-Dec-11,8.52,8.52,8.52,8.52,0
29-Dec-11,8.66,8.75,8.54,8.62,106885
28-Dec-11,8.89,8.93,8.60,8.63,46969
27-Dec-11,8.95,9.02,8.92,8.92,45512
23-Dec-11,8.98,8.98,8.98,8.98,0
22-Dec-11,8.86,9.12,8.81,8.92,67236
21-Dec-11,8.88,9.03,8.65,8.82,133374
20-Dec-11,8.82,8.97,8.74,8.95,131218
19-Dec-11,9.01,9.16,8.63,8.67,127287
16-Dec-11,9.06,9.34,8.87,8.95,217863
15-Dec-11,9.42,9.42,8.97,9.02,158003
14-Dec-11,9.22,9.40,9.13,9.33,137454
13-Dec-11,9.67,9.71,9.29,9.32,98192
12-Dec-11,9.50,9.60,9.32,9.59,109120
9-Dec-11,9.29,9.74,9.22,9.65,123942
8-Dec-11,9.36,9.48,9.14,9.28,125604
7-Dec-11,9.23,9.55,9.05,9.50,88689
6-Dec-11,9.13,9.44,9.02,9.30,75925
5-Dec-11,9.18,9.28,9.01,9.16,86146
2-Dec-11,9.07,9.13,8.93,9.03,51294
1-Dec-11,9.13,9.14,8.90,8.92,87627
30-Nov-11,8.85,9.16,8.70,9.13,214941
29-Nov-11,8.68,8.68,8.44,8.55,39923
28-Nov-11,8.69,8.94,8.52,8.66,132176
25-Nov-11,8.58,8.66,8.36,8.40,69309
23-Nov-11,8.65,8.65,8.65,8.65,0
22-Nov-11,9.24,9.35,9.03,9.05,81225
21-Nov-11,8.98,9.50,8.91,9.26,173242
18-Nov-11,8.97,9.17,8.96,9.15,127764
17-Nov-11,8.90,9.20,8.86,8.97,108898
16-Nov-11,8.62,9.12,8.61,8.92,245581
15-Nov-11,8.39,8.74,8.39,8.71,189877
14-Nov-11,8.50,8.66,8.46,8.50,130182
11-Nov-11,8.55,8.64,8.54,8.57,95989
10-Nov-11,8.47,8.58,8.34,8.49,90143
9-Nov-11,8.45,8.50,8.30,8.32,162299
8-Nov-11,8.59,8.75,8.47,8.64,139730
7-Nov-11,8.47,8.58,8.35,8.50,90239
4-Nov-11,8.47,8.59,8.38,8.52,76321
3-Nov-11,8.55,8.56,8.20,8.54,170753
2-Nov-11,9.05,9.05,8.30,8.47,223343
1-Nov-11,8.44,8.70,8.24,8.32,135202
31-Oct-11,8.88,9.01,8.74,8.75,90856
28-Oct-11,8.99,9.07,8.92,8.99,114333
27-Oct-11,8.92,9.19,8.70,8.80,214432
26-Oct-11,8.43,8.56,8.18,8.50,74060
25-Oct-11,8.74,8.77,8.25,8.28,120222
24-Oct-11,8.52,8.83,8.43,8.76,122979
21-Oct-11,8.53,8.64,8.34,8.49,128889
20-Oct-11,8.53,8.55,8.21,8.38,87913
19-Oct-11,8.68,8.75,8.48,8.52,116566
18-Oct-11,8.55,8.79,8.39,8.73,125304
17-Oct-11,8.71,8.82,8.44,8.52,115018
14-Oct-11,8.76,8.81,8.52,8.81,176573
13-Oct-11,8.80,8.86,8.50,8.66,110342
12-Oct-11,8.79,8.95,8.69,8.89,135679
11-Oct-11,8.63,8.83,8.54,8.76,141870
10-Oct-11,8.67,8.72,8.44,8.72,128216
7-Oct-11,8.84,8.93,8.36,8.52,123756
6-Oct-11,8.81,8.88,8.64,8.82,100864
5-Oct-11,9.40,9.42,8.75,8.81,154174
4-Oct-11,8.47,9.54,8.30,9.46,247245
3-Oct-11,8.95,9.27,8.49,8.50,225173
30-Sep-11,8.64,9.20,8.64,8.99,268534
