Date,Open,High,Low,Close,Volume
27-Sep-12,36.37,37.76,36.30,37.75,1545896
26-Sep-12,35.86,36.47,35.58,36.31,1120146
25-Sep-12,35.67,36.68,35.52,35.89,1214618
24-Sep-12,34.54,35.43,34.50,35.39,519271
21-Sep-12,35.02,35.06,34.62,34.69,671656
20-Sep-12,34.30,34.63,33.90,34.50,274155
19-Sep-12,33.93,34.58,33.72,34.44,428530
18-Sep-12,34.25,34.28,33.67,33.93,523415
17-Sep-12,33.99,34.47,33.78,34.19,726966
14-Sep-12,35.11,35.42,34.08,34.17,889735
13-Sep-12,35.25,35.43,34.90,35.10,632529
12-Sep-12,35.84,35.95,34.98,35.08,834774
11-Sep-12,36.18,36.36,35.67,35.77,331439
10-Sep-12,36.07,36.39,35.80,36.09,199185
7-Sep-12,36.15,36.30,35.93,36.16,265479
6-Sep-12,35.61,36.17,35.41,35.95,322907
5-Sep-12,35.64,35.84,35.32,35.33,364321
4-Sep-12,35.27,35.99,34.87,35.74,351854
31-Aug-12,35.79,35.95,35.32,35.44,232673
30-Aug-12,36.06,36.25,35.53,35.57,242060
29-Aug-12,36.01,36.47,35.64,36.19,390794
28-Aug-12,35.90,36.18,35.61,36.01,344858
27-Aug-12,35.64,36.33,35.64,36.01,499706
24-Aug-12,35.04,35.61,34.77,35.54,299013
23-Aug-12,35.32,35.72,34.45,35.03,581416
22-Aug-12,35.53,35.72,35.37,35.41,390443
21-Aug-12,35.89,36.10,35.49,35.57,352872
20-Aug-12,35.87,36.07,35.51,35.84,509185
17-Aug-12,35.33,36.26,35.20,36.05,306632
16-Aug-12,34.11,35.78,34.03,35.35,185961
15-Aug-12,33.79,34.32,33.79,34.22,104389
14-Aug-12,33.89,34.08,33.59,33.78,180956
13-Aug-12,34.02,34.20,33.75,34.05,71254
10-Aug-12,34.40,34.40,33.84,34.09,98493
9-Aug-12,34.50,34.61,34.21,34.41,55727
8-Aug-12,34.34,34.79,34.34,34.51,112838
7-Aug-12,34.32,34.75,34.23,34.70,182272
6-Aug-12,34.43,34.86,34.10,34.33,129199
3-Aug-12,34.12,34.82,33.76,34.46,168761
2-Aug-12,33.51,33.83,33.28,33.56,507950
1-Aug-12,34.14,34.14,34.14,34.14,0
31-Jul-12,33.77,34.58,33.70,34.14,590082
30-Jul-12,33.85,34.13,33.63,33.90,400781
27-Jul-12,33.87,34.07,33.57,33.85,531757
26-Jul-12,33.96,34.08,33.51,33.74,541862
25-Jul-12,33.66,34.10,33.15,33.37,890639
24-Jul-12,33.00,34.20,32.40,32.96,1474248
23-Jul-12,32.03,32.39,31.76,31.99,968625
20-Jul-12,32.78,32.97,32.52,32.69,638013
19-Jul-12,33.15,33.40,32.55,33.24,534129
18-Jul-12,32.25,33.39,32.25,32.99,1117966
17-Jul-12,31.32,32.33,31.21,32.18,674542
16-Jul-12,31.67,31.91,31.12,31.24,471527
13-Jul-12,30.85,31.82,30.85,31.81,654917
12-Jul-12,30.24,30.83,30.16,30.72,522478
11-Jul-12,30.64,30.82,30.26,30.52,294437
10-Jul-12,30.75,31.14,30.37,30.57,423335
9-Jul-12,30.34,30.88,30.33,30.74,344147
6-Jul-12,30.51,30.80,30.22,30.47,351866
5-Jul-12,30.76,31.12,30.60,30.83,420477
3-Jul-12,30.95,30.95,30.65,30.89,188194
2-Jul-12,30.95,31.15,30.31,30.95,471631
29-Jun-12,30.44,30.92,30.05,30.91,650418
28-Jun-12,29.43,29.92,29.16,29.90,565810
27-Jun-12,29.11,30.08,29.01,29.66,885708
26-Jun-12,29.27,29.53,28.96,29.15,588177
25-Jun-12,29.15,29.45,28.92,29.34,402965
22-Jun-12,29.11,29.57,28.78,29.52,1632838
21-Jun-12,29.58,29.63,28.73,28.75,415437
20-Jun-12,30.08,30.32,29.34,29.53,672063
19-Jun-12,29.75,30.20,29.44,30.17,676881
18-Jun-12,29.22,29.86,29.04,29.72,494979
15-Jun-12,29.36,29.42,28.79,29.37,623272
14-Jun-12,28.81,29.38,28.74,29.32,725155
13-Jun-12,29.50,29.56,28.59,28.75,532683
12-Jun-12,29.46,29.62,29.07,29.56,517741
11-Jun-12,30.23,30.48,29.38,29.40,756741
8-Jun-12,29.70,29.97,29.23,29.94,512037
7-Jun-12,30.44,30.57,29.80,29.87,655885
6-Jun-12,29.88,30.18,29.71,30.03,532483
5-Jun-12,28.60,29.89,28.60,29.79,1134801
4-Jun-12,28.89,28.89,28.17,28.80,681668
1-Jun-12,30.07,30.07,28.74,28.90,1028690
31-May-12,30.46,30.83,30.02,30.71,902411
30-May-12,30.67,30.82,30.37,30.50,793202
29-May-12,30.99,31.00,30.35,30.97,772202
25-May-12,30.69,30.91,30.50,30.81,555087
24-May-12,31.04,31.06,30.33,30.58,670052
23-May-12,31.11,31.23,30.50,30.93,1048665
22-May-12,31.19,31.98,31.18,31.41,1177275
21-May-12,29.98,31.08,29.69,31.08,1115488
18-May-12,30.30,30.91,29.79,29.96,1179021
17-May-12,31.85,31.95,30.25,30.31,1578864
16-May-12,32.38,32.63,31.68,31.75,1323710
15-May-12,32.61,32.75,32.25,32.36,1239353
14-May-12,33.32,33.47,32.54,32.56,1225081
11-May-12,33.38,34.00,33.38,33.65,1067577
10-May-12,32.67,33.82,32.46,33.69,1652283
9-May-12,32.35,32.70,32.14,32.43,1041833
8-May-12,32.79,32.85,32.26,32.65,2157059
7-May-12,32.35,33.19,32.25,32.75,1987608
4-May-12,32.77,33.34,32.49,32.64,1230734
3-May-12,33.35,33.67,32.77,33.05,1193113
2-May-12,33.98,34.13,33.25,33.45,1582444
1-May-12,33.81,35.48,32.40,34.31,7721364
30-Apr-12,37.30,38.02,36.80,37.81,1956341
27-Apr-12,36.53,37.31,36.14,37.15,1065803
26-Apr-12,35.88,36.79,35.68,36.51,1512868
25-Apr-12,35.08,36.05,35.00,35.97,1290931
24-Apr-12,34.76,35.02,34.20,34.37,414097
23-Apr-12,34.93,35.22,34.64,34.88,633506
20-Apr-12,34.92,35.43,34.56,35.32,1551132
19-Apr-12,35.12,35.33,34.50,34.60,668175
18-Apr-12,35.36,35.64,35.05,35.06,563511
17-Apr-12,35.99,36.09,35.39,35.45,444407
16-Apr-12,36.35,36.65,35.67,35.69,862252
13-Apr-12,35.26,35.65,35.05,35.49,811498
12-Apr-12,35.58,35.65,35.35,35.37,688320
11-Apr-12,34.68,36.05,34.52,35.50,934303
10-Apr-12,35.43,35.48,34.34,34.35,793343
9-Apr-12,35.75,35.87,35.26,35.41,787211
5-Apr-12,36.02,36.42,35.86,36.33,418401
4-Apr-12,36.55,36.75,35.96,36.23,666194
3-Apr-12,37.01,37.20,36.79,36.99,584152
2-Apr-12,36.30,37.23,36.30,36.98,1011388
30-Mar-12,36.43,36.58,36.14,36.30,833342
29-Mar-12,35.44,36.46,35.26,36.31,782210
28-Mar-12,36.00,36.33,35.51,35.68,1038382
27-Mar-12,36.49,36.49,35.94,35.97,583705
26-Mar-12,36.63,36.80,36.21,36.62,824090
23-Mar-12,36.56,36.82,35.83,36.25,822184
22-Mar-12,37.15,37.63,35.98,36.69,1709438
21-Mar-12,40.35,40.86,40.04,40.25,1660619
20-Mar-12,40.88,40.88,40.02,40.14,2040174
19-Mar-12,41.80,42.21,40.79,41.30,4346046
16-Mar-12,40.08,40.34,39.79,39.96,791265
15-Mar-12,39.70,40.16,39.51,40.09,512291
14-Mar-12,40.12,40.36,39.34,39.60,493294
13-Mar-12,39.85,40.11,39.50,40.11,476755
12-Mar-12,39.94,39.94,39.45,39.61,397437
9-Mar-12,39.86,40.28,39.71,39.83,527818
8-Mar-12,39.63,40.05,39.38,39.75,809922
7-Mar-12,38.58,39.92,38.36,39.48,998403
6-Mar-12,38.22,38.80,38.08,38.54,686733
5-Mar-12,37.74,38.83,37.65,38.53,1342844
2-Mar-12,38.49,38.83,37.75,37.85,1264968
1-Mar-12,38.76,38.97,37.91,38.40,1244757
29-Feb-12,38.27,39.80,38.15,38.46,2518167
28-Feb-12,35.28,38.98,35.28,38.82,5821975
27-Feb-12,33.01,33.69,32.92,33.54,1266402
24-Feb-12,33.38,33.52,32.94,33.20,626118
23-Feb-12,33.33,33.75,33.21,33.48,436477
22-Feb-12,33.52,33.59,32.88,33.21,559027
21-Feb-12,33.01,33.84,33.01,33.52,505501
17-Feb-12,33.16,33.49,32.90,32.97,773724
16-Feb-12,32.55,33.17,32.55,33.07,609697
15-Feb-12,32.85,33.00,32.46,32.63,826384
14-Feb-12,32.60,32.74,32.29,32.73,422609
13-Feb-12,32.60,32.71,32.23,32.51,671668
10-Feb-12,32.89,33.04,32.34,32.46,562282
9-Feb-12,33.31,33.35,33.04,33.20,576742
8-Feb-12,33.33,33.60,32.79,33.23,294086
7-Feb-12,33.28,33.45,33.10,33.25,363198
6-Feb-12,33.67,33.76,33.26,33.28,288909
3-Feb-12,33.29,33.91,33.23,33.87,544492
2-Feb-12,32.87,33.13,32.68,32.93,336734
1-Feb-12,32.70,32.93,32.60,32.88,499989
31-Jan-12,32.80,32.84,32.45,32.65,386046
30-Jan-12,32.15,32.85,31.81,32.64,521072
27-Jan-12,32.04,32.41,32.04,32.31,353360
26-Jan-12,32.56,32.67,32.03,32.20,431298
25-Jan-12,31.75,32.50,31.72,32.44,585448
24-Jan-12,31.11,31.99,30.90,31.89,1205978
23-Jan-12,31.96,32.00,31.21,31.25,973777
20-Jan-12,32.38,32.68,31.87,32.00,657401
19-Jan-12,32.96,33.00,32.32,32.40,588894
18-Jan-12,32.30,33.27,32.02,32.77,1051638
17-Jan-12,34.06,34.22,32.06,32.26,1330817
13-Jan-12,33.76,33.76,33.76,33.76,0
12-Jan-12,34.53,34.64,33.86,34.08,704591
11-Jan-12,33.97,34.45,33.97,34.37,400545
10-Jan-12,33.84,34.35,33.57,34.02,478859
9-Jan-12,33.50,33.76,33.33,33.57,566141
6-Jan-12,33.42,33.62,33.16,33.30,724369
5-Jan-12,33.77,33.84,33.03,33.37,623457
4-Jan-12,33.10,33.90,33.10,33.82,450422
3-Jan-12,34.58,34.75,33.09,33.15,797162
30-Dec-11,33.95,33.95,33.95,33.95,0
29-Dec-11,34.30,34.53,34.17,34.38,254412
28-Dec-11,34.25,34.38,34.05,34.17,374215
27-Dec-11,33.88,34.23,33.67,34.09,351468
23-Dec-11,33.87,33.87,33.87,33.87,0
22-Dec-11,33.82,34.01,33.19,33.36,406737
21-Dec-11,33.50,33.72,33.05,33.60,422613
20-Dec-11,33.01,33.65,32.98,33.48,489246
19-Dec-11,33.64,33.72,32.50,32.57,554413
16-Dec-11,33.59,33.72,33.13,33.30,817336
15-Dec-11,33.37,33.63,32.88,33.42,731811
14-Dec-11,34.96,34.96,33.06,33.11,1274491
13-Dec-11,34.99,35.30,34.81,34.90,1508184
12-Dec-11,34.42,34.98,34.26,34.91,708286
9-Dec-11,34.52,35.00,34.21,34.70,955081
8-Dec-11,33.48,34.75,33.48,34.25,1184342
7-Dec-11,33.06,33.60,32.92,33.46,524223
6-Dec-11,33.22,33.48,33.10,33.23,652106
5-Dec-11,33.66,33.75,33.11,33.32,826154
2-Dec-11,33.88,34.05,33.44,33.56,516890
1-Dec-11,32.77,33.66,32.61,33.44,999221
30-Nov-11,32.53,32.95,32.22,32.94,1021129
29-Nov-11,31.06,32.05,31.05,31.74,1212971
28-Nov-11,31.28,31.44,30.89,31.21,1034993
25-Nov-11,30.57,31.00,30.39,30.51,320087
23-Nov-11,30.75,30.75,30.75,30.75,0
22-Nov-11,31.35,31.99,31.25,31.53,533404
21-Nov-11,31.94,31.96,31.35,31.42,1123541
18-Nov-11,32.32,32.55,31.82,32.50,971161
17-Nov-11,32.09,32.60,31.97,32.32,748462
16-Nov-11,33.18,33.25,32.04,32.21,742677
15-Nov-11,32.33,33.70,32.33,33.32,878308
14-Nov-11,32.35,33.00,32.30,32.60,685045
11-Nov-11,32.26,32.75,32.26,32.37,448428
10-Nov-11,32.21,32.41,31.80,31.98,768147
9-Nov-11,31.93,32.27,31.75,31.89,685390
8-Nov-11,32.88,33.00,32.00,32.57,604271
7-Nov-11,32.04,32.72,31.98,32.63,842718
4-Nov-11,31.43,32.13,31.31,32.01,583009
3-Nov-11,32.00,32.06,31.27,31.59,857974
2-Nov-11,32.21,32.25,31.23,31.74,1052083
1-Nov-11,31.36,32.04,31.07,31.56,691707
31-Oct-11,31.82,32.61,31.70,32.03,771214
28-Oct-11,32.11,32.62,31.86,32.15,654795
27-Oct-11,32.14,33.00,31.73,32.25,1605446
26-Oct-11,32.27,32.50,31.20,31.40,1947754
25-Oct-11,32.23,32.52,31.69,31.90,1051368
24-Oct-11,32.38,33.00,32.20,32.54,1389879
21-Oct-11,31.03,32.25,30.95,32.25,2749348
20-Oct-11,30.96,31.24,30.30,30.54,1600702
19-Oct-11,30.03,31.18,30.03,31.02,2355741
18-Oct-11,28.53,30.27,27.92,29.85,3423539
17-Oct-11,28.34,28.46,27.75,27.86,1411641
14-Oct-11,28.22,28.49,28.09,28.32,1185751
13-Oct-11,27.73,28.11,27.54,27.94,1245851
12-Oct-11,28.08,28.46,27.71,27.76,1223836
11-Oct-11,27.70,28.08,27.53,27.83,1026683
10-Oct-11,27.03,27.91,26.95,27.81,711349
7-Oct-11,27.58,27.64,26.54,26.63,966800
6-Oct-11,26.67,27.63,26.42,27.50,866411
5-Oct-11,26.70,26.99,26.18,26.82,1071830
4-Oct-11,25.75,26.84,25.29,26.73,1081306
3-Oct-11,27.16,27.28,25.89,26.00,1096827
30-Sep-11,26.68,28.02,26.45,27.25,1102934
