Date,Open,High,Low,Close,Volume
27-Sep-12,65.61,66.88,65.06,66.60,276663
26-Sep-12,65.05,65.75,64.75,65.36,352774
25-Sep-12,65.92,66.81,64.75,65.05,397171
24-Sep-12,66.45,66.66,65.41,65.73,385341
21-Sep-12,66.17,66.92,65.71,66.92,591136
20-Sep-12,65.45,66.55,64.74,65.93,576889
19-Sep-12,64.40,66.50,64.34,65.93,772355
18-Sep-12,64.96,65.08,64.00,64.40,210632
17-Sep-12,64.96,65.20,64.63,65.18,470611
14-Sep-12,65.82,66.11,64.97,65.21,239732
13-Sep-12,65.12,66.03,64.60,65.58,1107798
12-Sep-12,63.98,64.59,63.77,64.10,236333
11-Sep-12,64.92,65.23,63.67,63.84,243046
10-Sep-12,64.43,65.18,64.39,65.03,200765
7-Sep-12,64.34,65.10,64.34,64.79,242006
6-Sep-12,64.48,65.32,64.48,65.17,259138
5-Sep-12,64.92,65.01,63.76,64.17,130317
4-Sep-12,64.52,64.96,63.66,64.65,281147
31-Aug-12,65.01,65.01,64.11,64.52,341998
30-Aug-12,64.93,65.10,64.29,64.54,292525
29-Aug-12,64.82,65.31,64.54,65.07,276233
28-Aug-12,64.62,65.11,64.41,64.54,261166
27-Aug-12,64.60,64.89,64.41,64.77,233100
24-Aug-12,63.94,64.63,63.78,64.42,335779
23-Aug-12,63.88,64.49,63.68,64.20,415501
22-Aug-12,64.35,64.74,63.96,64.33,808787
21-Aug-12,62.62,64.90,62.16,64.50,1651912
20-Aug-12,62.93,63.10,60.81,61.23,912775
17-Aug-12,60.67,62.78,60.64,62.64,138590
16-Aug-12,58.71,60.96,58.71,60.43,152065
15-Aug-12,58.83,59.25,58.41,58.50,129243
14-Aug-12,59.46,59.88,58.74,59.05,61696
13-Aug-12,58.74,59.62,58.27,59.24,74576
10-Aug-12,58.97,59.22,58.46,59.02,56511
9-Aug-12,59.97,60.21,58.88,59.04,78579
8-Aug-12,59.56,60.35,59.56,59.95,81074
7-Aug-12,59.27,60.54,59.10,60.01,82376
6-Aug-12,58.75,59.98,58.65,58.98,59986
3-Aug-12,59.17,59.30,58.20,58.62,71094
2-Aug-12,58.12,59.22,57.76,58.48,438570
1-Aug-12,59.20,59.20,57.98,58.40,463309
31-Jul-12,59.25,59.59,58.71,59.12,495316
30-Jul-12,59.37,59.77,58.82,59.63,439192
27-Jul-12,57.43,59.84,57.43,59.36,441810
26-Jul-12,56.41,57.25,55.97,57.00,444286
25-Jul-12,55.55,55.97,54.94,55.42,194708
24-Jul-12,55.61,55.81,54.89,55.45,261637
23-Jul-12,54.40,56.10,54.22,55.66,382835
20-Jul-12,56.13,56.13,54.95,55.30,494273
19-Jul-12,55.89,57.24,55.28,56.40,499739
18-Jul-12,55.23,56.54,55.07,55.98,238996
17-Jul-12,55.49,55.74,54.85,55.23,387698
16-Jul-12,55.83,55.83,54.86,55.36,281935
13-Jul-12,55.22,56.94,55.22,55.99,216560
12-Jul-12,54.76,55.94,54.27,55.26,348446
11-Jul-12,55.31,55.80,54.12,55.20,935936
10-Jul-12,55.67,56.65,54.73,55.22,528151
9-Jul-12,55.91,55.91,54.38,55.45,783681
6-Jul-12,56.10,56.33,55.60,55.94,266709
5-Jul-12,55.24,56.86,54.88,56.54,407851
3-Jul-12,55.08,55.37,54.44,55.21,301319
2-Jul-12,54.42,55.33,54.25,55.28,406940
29-Jun-12,53.64,55.38,53.57,54.40,694240
28-Jun-12,53.53,54.12,52.87,53.48,737575
27-Jun-12,53.13,54.10,52.78,53.76,670396
26-Jun-12,52.49,53.42,52.40,53.20,621622
25-Jun-12,52.78,53.19,52.32,52.55,720537
22-Jun-12,53.07,53.21,52.84,53.05,1122426
21-Jun-12,53.09,53.45,52.50,52.78,700318
20-Jun-12,52.33,53.63,52.33,53.22,888960
19-Jun-12,52.23,53.25,51.29,52.47,882428
18-Jun-12,52.00,52.95,51.16,52.13,4463440
15-Jun-12,57.01,58.86,56.50,58.80,693638
14-Jun-12,57.93,58.92,56.59,57.65,485464
13-Jun-12,58.50,58.84,57.34,57.55,541567
12-Jun-12,57.11,58.87,57.11,58.75,412641
11-Jun-12,57.97,58.24,56.71,57.12,523905
8-Jun-12,57.56,57.60,56.82,57.43,531081
7-Jun-12,59.09,59.97,57.25,57.68,728535
6-Jun-12,58.13,58.85,57.26,58.65,572064
5-Jun-12,57.13,58.49,56.71,57.79,374999
4-Jun-12,57.26,57.55,55.95,57.33,573505
1-Jun-12,58.50,58.91,56.51,57.26,446093
31-May-12,59.92,60.16,59.03,59.68,480237
30-May-12,59.83,60.51,59.34,59.70,654397
29-May-12,61.60,61.99,60.85,61.22,443298
25-May-12,61.60,61.68,60.65,61.17,405071
24-May-12,61.54,61.92,61.00,61.39,399271
23-May-12,60.78,61.64,59.54,61.52,1052351
22-May-12,58.88,61.89,58.33,61.23,2104224
21-May-12,54.96,56.08,53.97,55.80,750921
18-May-12,54.72,55.55,53.93,54.95,526986
17-May-12,55.53,55.95,53.83,54.28,583634
16-May-12,55.46,56.16,55.24,55.68,266005
15-May-12,55.34,56.50,55.05,55.45,174710
14-May-12,54.84,56.02,54.84,55.43,339282
11-May-12,55.31,56.30,54.79,55.34,343494
10-May-12,56.39,56.71,55.10,55.57,282790
9-May-12,54.42,56.50,54.17,55.92,339352
8-May-12,56.26,56.28,54.38,55.15,301134
7-May-12,56.63,57.46,56.52,56.72,222580
4-May-12,57.03,58.43,56.51,56.76,271231
3-May-12,57.90,58.66,56.73,57.32,256051
2-May-12,56.34,58.35,55.84,58.20,451159
1-May-12,56.49,57.91,56.15,56.44,272498
30-Apr-12,57.35,57.35,55.83,56.26,305524
27-Apr-12,58.09,58.37,57.48,57.48,417023
26-Apr-12,56.04,58.21,55.70,58.10,507836
25-Apr-12,54.42,56.01,54.13,55.95,373310
24-Apr-12,54.71,55.08,53.16,54.02,359433
23-Apr-12,55.43,55.44,54.40,54.74,271480
20-Apr-12,56.29,56.53,55.78,56.19,339063
19-Apr-12,56.57,57.98,55.85,56.16,688014
18-Apr-12,55.24,56.75,55.12,56.62,619666
17-Apr-12,54.94,55.80,54.83,55.39,507481
16-Apr-12,54.77,55.10,53.61,54.75,488882
13-Apr-12,53.98,54.40,53.50,54.21,250906
12-Apr-12,53.55,54.54,53.46,54.20,329516
11-Apr-12,52.70,53.85,52.62,53.49,451219
10-Apr-12,53.32,53.50,51.84,52.25,717116
9-Apr-12,53.43,53.77,52.58,53.54,340390
5-Apr-12,54.74,55.08,54.26,54.52,266733
4-Apr-12,55.97,56.11,54.36,54.85,428287
3-Apr-12,56.00,56.75,56.00,56.41,670796
2-Apr-12,54.86,56.13,54.46,55.99,632167
30-Mar-12,55.00,55.12,54.14,54.77,365584
29-Mar-12,54.77,54.87,53.94,54.71,375298
28-Mar-12,55.00,55.27,54.48,55.21,617066
27-Mar-12,54.73,54.99,54.26,54.92,444560
26-Mar-12,55.26,55.67,54.44,54.75,621738
23-Mar-12,54.30,55.10,53.50,54.74,1166574
22-Mar-12,55.33,56.19,54.53,54.97,832887
21-Mar-12,56.14,56.49,55.12,55.42,1030355
20-Mar-12,54.51,56.50,53.24,56.13,1012624
19-Mar-12,55.35,55.35,53.78,54.33,1045042
16-Mar-12,56.67,56.67,55.39,55.50,479060
15-Mar-12,55.47,56.86,55.10,56.70,437125
14-Mar-12,55.98,56.16,55.20,55.63,290257
13-Mar-12,55.18,56.34,54.87,56.17,334668
12-Mar-12,55.39,55.81,54.68,55.16,385551
9-Mar-12,55.25,55.94,54.90,55.39,297826
8-Mar-12,54.72,55.36,54.48,54.97,277771
7-Mar-12,53.96,54.51,53.26,54.36,295538
6-Mar-12,54.33,54.45,53.45,53.71,448482
5-Mar-12,54.99,55.35,54.60,54.99,357373
2-Mar-12,56.82,56.82,54.76,54.99,626771
1-Mar-12,56.42,57.00,56.00,56.56,527866
29-Feb-12,56.45,57.06,56.04,56.40,753548
28-Feb-12,55.69,56.52,55.29,56.44,656945
27-Feb-12,53.52,56.10,52.95,55.76,833707
24-Feb-12,53.99,54.42,53.08,53.69,319835
23-Feb-12,53.57,54.69,53.21,54.06,543599
22-Feb-12,53.31,53.75,52.81,53.20,233000
21-Feb-12,53.81,54.42,53.00,53.28,545971
17-Feb-12,53.04,53.69,52.83,53.50,359348
16-Feb-12,51.87,52.93,51.69,52.67,418369
15-Feb-12,51.00,52.19,50.73,51.75,390754
14-Feb-12,50.80,51.23,50.60,50.84,247499
13-Feb-12,51.38,51.49,50.71,51.07,108024
10-Feb-12,51.04,51.23,50.52,50.93,231514
9-Feb-12,51.49,51.72,50.69,51.36,171718
8-Feb-12,51.62,52.14,50.70,51.56,295984
7-Feb-12,51.06,51.73,50.55,51.30,261759
6-Feb-12,50.23,51.28,50.07,51.22,171943
3-Feb-12,50.54,50.63,49.99,50.46,338677
2-Feb-12,50.64,50.98,49.81,49.85,295370
1-Feb-12,50.17,50.95,50.04,50.61,307627
31-Jan-12,49.78,50.13,49.26,49.97,449352
30-Jan-12,48.77,49.84,48.10,49.41,658641
27-Jan-12,49.00,49.73,48.64,49.49,265538
26-Jan-12,50.04,50.04,48.62,49.02,536894
25-Jan-12,48.89,50.00,48.84,49.74,346541
24-Jan-12,48.23,49.42,48.00,49.08,204130
23-Jan-12,48.28,48.77,47.98,48.61,328963
20-Jan-12,48.34,48.83,47.78,48.29,312846
19-Jan-12,48.41,49.11,47.66,48.55,522033
18-Jan-12,47.25,48.49,46.97,48.42,353023
17-Jan-12,46.97,47.96,46.75,47.18,458574
13-Jan-12,46.59,46.59,46.59,46.59,0
12-Jan-12,47.00,47.27,46.01,46.39,728901
11-Jan-12,47.82,48.00,46.57,46.83,967746
10-Jan-12,45.62,48.46,45.10,48.11,2355893
9-Jan-12,42.80,43.01,42.18,42.64,424451
6-Jan-12,44.09,44.11,42.33,42.64,1095969
5-Jan-12,42.91,46.27,40.54,44.24,2069900
4-Jan-12,42.30,42.61,41.60,41.91,870875
3-Jan-12,45.12,45.17,41.99,42.27,885857
30-Dec-11,44.21,44.21,44.21,44.21,0
29-Dec-11,44.21,44.80,43.49,44.56,181406
28-Dec-11,44.65,44.76,43.90,44.06,159387
27-Dec-11,44.30,45.08,44.02,44.76,152110
23-Dec-11,44.55,44.55,44.55,44.55,0
22-Dec-11,44.13,44.75,42.98,43.60,499259
21-Dec-11,44.51,44.60,42.18,44.08,1041328
20-Dec-11,45.65,45.95,44.52,45.05,366698
19-Dec-11,45.19,45.33,44.45,44.66,429150
16-Dec-11,45.11,46.09,44.68,45.05,578009
15-Dec-11,44.86,45.53,44.14,44.71,688757
14-Dec-11,45.38,45.79,44.23,44.54,518372
13-Dec-11,48.29,48.53,45.06,45.80,672651
12-Dec-11,47.83,48.41,47.07,48.01,402562
9-Dec-11,47.33,48.77,46.82,48.65,364805
8-Dec-11,47.30,47.98,47.08,47.32,438866
7-Dec-11,47.43,48.43,47.15,47.74,554988
6-Dec-11,46.75,48.06,46.74,47.64,612409
5-Dec-11,46.87,47.20,46.55,46.77,510934
2-Dec-11,45.97,46.87,45.87,46.05,427093
1-Dec-11,44.72,45.86,44.44,45.69,645752
30-Nov-11,45.45,45.94,44.10,45.00,1163163
29-Nov-11,44.89,45.11,43.43,43.95,614004
28-Nov-11,44.65,45.67,44.48,45.03,575127
25-Nov-11,43.80,44.00,42.69,42.97,369767
23-Nov-11,43.84,43.84,43.84,43.84,0
22-Nov-11,45.72,46.73,44.01,45.22,1663369
21-Nov-11,44.06,45.86,43.42,44.85,1290089
18-Nov-11,45.16,45.31,43.88,44.80,587354
17-Nov-11,45.53,45.92,43.86,44.71,855958
16-Nov-11,49.00,49.00,45.12,45.46,1366936
15-Nov-11,48.97,49.93,48.50,49.64,399970
14-Nov-11,49.65,50.48,49.25,49.51,457906
11-Nov-11,48.99,51.54,48.41,51.06,452972
10-Nov-11,48.93,49.44,47.97,48.42,602142
9-Nov-11,48.63,49.07,47.88,48.26,444761
8-Nov-11,51.27,51.31,48.51,49.94,785745
7-Nov-11,52.87,53.03,50.72,50.85,438160
4-Nov-11,51.44,53.12,50.93,53.03,417675
3-Nov-11,52.23,53.32,50.06,52.02,479006
2-Nov-11,53.27,53.27,51.94,52.59,325997
1-Nov-11,50.10,52.62,50.00,51.98,344561
31-Oct-11,52.69,53.25,52.23,52.34,248214
28-Oct-11,53.40,54.08,52.40,53.58,536286
27-Oct-11,54.92,54.92,51.71,52.72,374489
26-Oct-11,52.66,52.86,50.14,52.16,382109
25-Oct-11,52.90,53.05,52.00,52.05,305801
24-Oct-11,52.65,53.83,51.94,53.41,510350
21-Oct-11,51.97,52.78,51.36,52.30,344187
20-Oct-11,50.79,51.55,49.92,51.35,473067
19-Oct-11,50.19,51.99,49.87,50.78,472043
18-Oct-11,49.79,50.74,47.73,50.39,833825
17-Oct-11,50.89,51.55,49.60,49.78,237691
14-Oct-11,50.92,51.55,50.26,51.39,279991
13-Oct-11,50.37,51.32,49.51,50.12,453460
12-Oct-11,51.11,51.62,49.56,50.63,433079
11-Oct-11,50.49,50.71,49.19,50.39,673927
10-Oct-11,50.61,51.87,50.06,51.23,311330
7-Oct-11,49.82,50.98,49.07,49.35,507151
6-Oct-11,48.15,49.79,47.43,49.39,833644
5-Oct-11,47.87,49.00,47.40,48.45,1054374
4-Oct-11,44.27,47.58,43.89,47.52,689324
3-Oct-11,45.79,46.70,44.55,45.00,711985
30-Sep-11,46.14,48.31,45.42,46.18,661091
