Date,Open,High,Low,Close,Volume
27-Sep-12,45.84,46.67,45.80,46.45,601625
26-Sep-12,46.00,46.06,45.64,45.70,535744
25-Sep-12,46.70,46.75,45.93,45.94,585759
24-Sep-12,46.73,46.97,46.58,46.62,431337
21-Sep-12,47.53,47.78,46.92,46.99,785670
20-Sep-12,47.56,47.58,47.18,47.32,413177
19-Sep-12,48.12,48.15,47.56,47.59,494706
18-Sep-12,47.63,48.07,47.44,48.07,645557
17-Sep-12,47.19,47.74,47.12,47.63,774594
14-Sep-12,46.83,47.69,46.70,47.35,650768
13-Sep-12,46.26,46.89,45.89,46.83,986123
12-Sep-12,46.98,46.99,46.16,46.16,629354
11-Sep-12,46.42,46.87,46.29,46.86,493148
10-Sep-12,46.63,46.80,46.46,46.48,443934
7-Sep-12,47.23,47.29,46.73,46.84,457000
6-Sep-12,46.40,47.19,46.30,47.17,778989
5-Sep-12,46.24,46.24,45.55,46.09,736833
4-Sep-12,45.98,46.34,45.57,46.17,601943
31-Aug-12,45.68,46.00,45.37,45.78,598334
30-Aug-12,45.84,46.03,45.47,45.52,573856
29-Aug-12,46.20,46.32,45.78,46.11,533233
28-Aug-12,46.34,46.61,46.00,46.16,518866
27-Aug-12,47.10,47.21,46.55,46.58,543571
24-Aug-12,46.52,47.13,46.43,47.07,687150
23-Aug-12,46.42,46.79,46.08,46.67,873173
22-Aug-12,46.57,46.75,46.28,46.52,717241
21-Aug-12,46.80,47.11,46.64,46.77,668281
20-Aug-12,46.79,46.85,46.45,46.79,441556
17-Aug-12,46.70,46.99,46.37,46.96,240096
16-Aug-12,45.98,46.63,45.83,46.50,210058
15-Aug-12,45.70,46.07,45.70,45.93,181168
14-Aug-12,45.81,46.08,45.53,45.71,146460
13-Aug-12,45.80,45.99,45.22,45.52,237770
10-Aug-12,45.69,46.06,45.63,45.89,204176
9-Aug-12,46.46,46.91,45.65,45.72,294789
8-Aug-12,46.61,46.76,46.39,46.41,138397
7-Aug-12,46.50,47.02,46.50,46.82,149579
6-Aug-12,46.47,46.62,45.98,46.39,155676
3-Aug-12,46.37,46.66,46.21,46.35,172418
2-Aug-12,45.70,45.94,45.15,45.58,904654
1-Aug-12,47.19,47.19,45.85,45.95,760921
31-Jul-12,47.36,47.40,46.65,46.84,950917
30-Jul-12,46.80,47.69,46.80,47.30,713788
27-Jul-12,46.64,47.14,45.72,47.06,1598097
26-Jul-12,48.80,49.49,45.48,46.97,2946461
25-Jul-12,48.29,48.69,47.94,48.50,828514
24-Jul-12,48.40,48.75,47.98,48.25,837443
23-Jul-12,47.59,48.58,47.59,48.33,582420
20-Jul-12,48.54,48.92,48.42,48.48,455136
19-Jul-12,49.00,49.26,48.82,49.05,548199
18-Jul-12,48.64,49.31,48.60,48.94,744069
17-Jul-12,48.47,49.00,48.22,49.00,597882
16-Jul-12,48.54,48.71,47.69,48.35,980033
13-Jul-12,47.78,48.77,47.59,48.77,862910
12-Jul-12,47.11,48.08,47.02,47.58,817801
11-Jul-12,47.40,47.73,47.12,47.47,1081042
10-Jul-12,47.31,47.79,46.92,47.30,1084717
9-Jul-12,46.92,47.10,46.64,47.06,488019
6-Jul-12,47.21,47.38,46.44,46.99,834647
5-Jul-12,47.60,47.81,47.28,47.55,880847
3-Jul-12,47.76,48.09,47.63,47.95,573100
2-Jul-12,46.78,47.99,46.73,47.77,1305547
29-Jun-12,46.31,46.61,45.90,46.60,1116010
28-Jun-12,45.23,45.57,44.96,45.35,772382
27-Jun-12,45.39,45.85,45.34,45.63,550759
26-Jun-12,45.31,45.59,45.14,45.37,1022032
25-Jun-12,46.07,46.07,45.16,45.22,865775
22-Jun-12,46.43,46.73,46.00,46.51,2230034
21-Jun-12,46.94,47.03,45.93,46.10,958681
20-Jun-12,47.01,47.10,46.55,46.83,744283
19-Jun-12,47.36,47.43,46.96,47.00,977001
18-Jun-12,47.24,47.42,46.95,47.19,1048532
15-Jun-12,47.86,47.96,47.21,47.43,1110769
14-Jun-12,46.66,48.03,46.42,47.78,1399431
13-Jun-12,46.17,46.79,46.12,46.35,1061314
12-Jun-12,46.14,46.49,45.94,46.36,1119487
11-Jun-12,47.08,47.15,45.93,45.99,1246019
8-Jun-12,45.71,46.88,45.57,46.85,1159598
7-Jun-12,45.75,46.40,45.62,45.72,1282057
6-Jun-12,44.38,45.39,44.38,45.38,1093331
5-Jun-12,43.53,44.14,43.44,44.13,1009838
4-Jun-12,43.29,43.69,43.01,43.62,1055187
1-Jun-12,44.63,44.84,43.34,43.34,1485372
31-May-12,45.16,45.43,44.80,45.17,1128739
30-May-12,45.67,45.88,45.21,45.23,714549
29-May-12,46.01,46.13,45.52,46.10,1054082
25-May-12,45.54,45.74,45.37,45.65,655732
24-May-12,45.29,45.65,44.94,45.47,830317
23-May-12,44.65,45.20,44.10,45.12,1069443
22-May-12,45.42,45.70,44.89,45.00,1035982
21-May-12,44.80,45.35,44.66,45.27,1002199
18-May-12,45.42,45.76,44.39,44.50,995264
17-May-12,46.27,46.33,45.36,45.37,925812
16-May-12,46.31,46.50,45.96,46.18,957449
15-May-12,46.04,46.44,45.79,46.23,773516
14-May-12,45.84,46.41,45.61,46.12,765486
11-May-12,45.83,46.47,45.77,46.25,753471
10-May-12,45.65,46.23,45.65,46.08,793162
9-May-12,45.17,45.87,44.92,45.38,953990
8-May-12,45.97,46.04,44.62,45.63,1508099
7-May-12,45.65,46.47,45.59,46.30,1586991
4-May-12,46.25,46.25,45.48,45.71,881773
3-May-12,45.74,46.50,45.62,46.40,1723292
2-May-12,45.54,45.93,45.49,45.74,939218
1-May-12,45.95,46.15,45.61,45.94,745009
30-Apr-12,46.06,46.35,45.76,45.82,711003
27-Apr-12,46.48,46.49,45.96,46.15,936781
26-Apr-12,44.51,47.24,44.51,46.33,1758539
25-Apr-12,44.14,44.52,43.83,43.97,896926
24-Apr-12,44.12,44.30,43.61,43.70,594756
23-Apr-12,43.98,44.18,43.50,44.14,618291
20-Apr-12,44.03,44.70,43.99,44.45,620256
19-Apr-12,44.35,44.57,43.74,43.91,438420
18-Apr-12,44.49,44.55,44.16,44.27,486996
17-Apr-12,44.19,44.80,44.11,44.62,752497
16-Apr-12,44.01,44.16,43.83,43.86,811349
13-Apr-12,43.93,44.14,43.62,43.80,661272
12-Apr-12,43.48,44.17,43.46,44.05,550073
11-Apr-12,42.98,43.47,42.85,43.45,584059
10-Apr-12,43.03,43.22,42.50,42.50,545606
9-Apr-12,43.16,43.29,42.87,43.21,387845
5-Apr-12,43.70,43.88,43.50,43.82,392058
4-Apr-12,44.15,44.17,43.82,43.89,484512
3-Apr-12,44.76,44.84,44.45,44.57,738469
2-Apr-12,44.19,44.87,44.03,44.81,1132764
30-Mar-12,43.86,44.36,43.83,44.26,854382
29-Mar-12,43.29,43.64,43.13,43.52,889102
28-Mar-12,44.20,44.20,43.35,43.50,1094586
27-Mar-12,44.60,44.60,44.06,44.13,1089076
26-Mar-12,44.34,44.54,44.15,44.54,637215
23-Mar-12,43.67,43.95,43.29,43.92,673423
22-Mar-12,43.21,43.70,43.12,43.62,815087
21-Mar-12,43.74,43.77,43.35,43.55,690635
20-Mar-12,43.63,43.77,43.29,43.64,698567
19-Mar-12,44.10,44.15,43.71,43.87,980523
16-Mar-12,44.19,44.35,43.68,43.95,1151563
15-Mar-12,43.83,44.21,43.55,44.20,827382
14-Mar-12,44.25,44.46,43.81,43.90,684963
13-Mar-12,44.25,44.35,43.96,44.26,890084
12-Mar-12,43.23,44.51,42.28,44.09,1932884
9-Mar-12,42.58,42.87,42.45,42.63,737269
8-Mar-12,42.05,42.59,42.05,42.53,866363
7-Mar-12,41.40,42.03,41.33,41.84,366450
6-Mar-12,41.69,41.99,41.33,41.39,606048
5-Mar-12,41.83,42.14,41.64,42.02,435390
2-Mar-12,42.50,42.50,41.80,41.84,747042
1-Mar-12,42.14,42.70,42.12,42.57,629068
29-Feb-12,42.45,42.57,41.82,42.04,610194
28-Feb-12,42.46,42.50,42.03,42.45,434529
27-Feb-12,42.07,42.74,42.01,42.40,443511
24-Feb-12,42.35,42.50,42.10,42.39,373057
23-Feb-12,42.31,42.50,42.31,42.40,375150
22-Feb-12,41.97,42.56,41.97,42.35,616790
21-Feb-12,42.66,42.66,41.90,42.20,554898
17-Feb-12,42.88,43.04,42.28,42.63,728621
16-Feb-12,42.16,42.62,42.14,42.56,449513
15-Feb-12,42.95,42.99,41.94,42.04,609593
14-Feb-12,42.48,42.94,42.41,42.85,759189
13-Feb-12,42.88,43.09,42.74,42.85,964808
10-Feb-12,42.13,43.52,42.13,42.63,2004593
9-Feb-12,39.70,42.57,39.70,42.41,2044885
8-Feb-12,39.67,39.69,39.15,39.40,915390
7-Feb-12,39.53,39.70,39.37,39.67,399533
6-Feb-12,39.41,39.85,39.24,39.72,731531
3-Feb-12,39.50,39.86,39.40,39.64,937199
2-Feb-12,39.65,39.68,39.07,39.10,628508
1-Feb-12,39.32,39.72,39.16,39.52,649173
31-Jan-12,39.47,39.48,38.80,38.97,742058
30-Jan-12,38.92,39.37,38.90,39.22,489164
27-Jan-12,39.06,39.48,39.06,39.32,605043
26-Jan-12,39.88,40.10,39.25,39.26,486210
25-Jan-12,39.38,39.92,39.22,39.77,350956
24-Jan-12,39.15,39.55,39.10,39.36,621288
23-Jan-12,39.52,39.94,39.28,39.42,377203
20-Jan-12,39.59,39.75,39.41,39.54,465233
19-Jan-12,39.15,39.93,39.15,39.83,652696
18-Jan-12,39.07,39.33,38.91,39.17,526393
17-Jan-12,39.44,39.62,39.05,39.13,471884
13-Jan-12,38.94,38.94,38.94,38.94,0
12-Jan-12,39.40,39.45,38.88,39.09,675464
11-Jan-12,39.41,39.71,39.22,39.35,569723
10-Jan-12,39.17,39.60,39.15,39.58,640268
9-Jan-12,38.99,39.00,38.61,38.96,410721
6-Jan-12,38.58,39.00,38.26,38.94,706440
5-Jan-12,38.17,38.49,37.89,38.42,900007
4-Jan-12,38.68,38.79,38.36,38.43,811280
3-Jan-12,39.39,39.51,38.78,38.83,641507
30-Dec-11,38.74,38.74,38.74,38.74,0
29-Dec-11,38.56,38.84,38.54,38.79,426221
28-Dec-11,39.06,39.06,38.33,38.37,400220
27-Dec-11,39.04,39.26,38.93,39.13,226346
23-Dec-11,39.09,39.09,39.09,39.09,0
22-Dec-11,38.24,38.88,38.16,38.79,663813
21-Dec-11,38.50,38.59,37.66,38.26,773234
20-Dec-11,38.11,38.77,38.00,38.60,962743
19-Dec-11,37.89,38.09,37.30,37.45,730525
16-Dec-11,37.97,38.21,37.63,37.73,1305118
15-Dec-11,37.81,37.94,37.51,37.73,1017273
14-Dec-11,37.12,37.51,37.02,37.35,1092751
13-Dec-11,37.57,37.79,37.06,37.25,895635
12-Dec-11,37.66,37.68,37.14,37.36,776454
9-Dec-11,37.21,38.16,36.97,38.02,759852
8-Dec-11,37.21,37.69,36.99,37.05,1167845
7-Dec-11,37.53,37.53,36.81,37.39,1411688
6-Dec-11,37.75,37.86,37.31,37.75,1343428
5-Dec-11,37.67,37.94,37.39,37.70,1005252
2-Dec-11,37.28,37.48,37.15,37.20,1081125
1-Dec-11,37.01,37.24,36.75,37.02,890052
30-Nov-11,36.61,37.21,36.38,37.15,1192942
29-Nov-11,34.88,35.46,34.70,35.33,1151102
28-Nov-11,34.44,34.80,34.25,34.80,765624
25-Nov-11,33.41,33.94,33.38,33.56,277808
23-Nov-11,33.52,33.52,33.52,33.52,0
22-Nov-11,34.21,34.67,34.09,34.35,623987
21-Nov-11,33.96,34.43,33.96,34.24,737139
18-Nov-11,35.34,35.39,34.70,34.86,886514
17-Nov-11,35.77,35.81,34.95,35.13,945570
16-Nov-11,36.25,36.46,35.71,35.77,1214322
15-Nov-11,36.00,36.90,35.95,36.73,1207067
14-Nov-11,36.16,36.27,35.90,36.03,743087
11-Nov-11,35.82,36.17,35.69,36.16,549021
10-Nov-11,35.56,35.70,35.08,35.36,764841
9-Nov-11,35.73,35.82,35.02,35.08,1119269
8-Nov-11,36.18,36.60,35.71,36.56,573925
7-Nov-11,35.94,36.04,35.52,36.04,790902
4-Nov-11,35.34,35.87,35.06,35.74,534134
3-Nov-11,35.30,35.82,34.90,35.71,833175
2-Nov-11,34.44,35.11,34.42,34.93,761972
1-Nov-11,34.00,34.68,33.86,33.95,897504
31-Oct-11,35.20,35.77,35.15,35.15,724829
28-Oct-11,35.42,35.91,35.33,35.52,780694
27-Oct-11,34.71,35.87,34.56,35.36,824005
26-Oct-11,33.70,34.04,33.17,33.84,1012598
25-Oct-11,33.91,34.20,33.14,33.21,1155618
24-Oct-11,33.83,34.51,33.75,34.22,761825
21-Oct-11,33.65,33.87,33.33,33.87,816737
20-Oct-11,31.63,33.49,31.63,33.31,1111616
19-Oct-11,34.12,34.24,33.52,33.59,644391
18-Oct-11,33.03,34.27,32.96,34.14,894077
17-Oct-11,33.67,33.89,33.08,33.14,711375
14-Oct-11,33.93,34.10,33.72,34.05,514614
13-Oct-11,33.39,33.57,33.01,33.51,744139
12-Oct-11,33.45,33.79,33.40,33.58,923952
11-Oct-11,32.92,33.41,32.78,33.25,559757
10-Oct-11,32.43,33.18,32.23,33.18,880943
7-Oct-11,32.21,32.32,31.55,31.80,869913
6-Oct-11,31.67,32.16,31.46,32.15,685218
5-Oct-11,31.18,31.91,30.76,31.76,1037146
4-Oct-11,29.07,30.97,29.07,30.92,1664811
3-Oct-11,30.48,31.01,29.55,29.56,730385
30-Sep-11,30.94,31.42,30.73,30.74,812142
