Date,Open,High,Low,Close,Volume
27-Sep-12,45.54,45.93,45.43,45.46,1352032
26-Sep-12,45.59,45.99,45.45,45.49,1204333
25-Sep-12,46.01,46.20,45.81,45.81,1414941
24-Sep-12,45.22,46.08,45.22,45.98,1722352
21-Sep-12,45.31,45.43,45.12,45.39,1830296
20-Sep-12,45.09,45.27,45.04,45.21,1338955
19-Sep-12,45.15,45.29,44.86,45.20,1592394
18-Sep-12,44.62,45.16,44.58,45.16,1827744
17-Sep-12,45.19,45.24,44.67,44.74,1153199
14-Sep-12,45.08,45.17,44.78,45.17,2397633
13-Sep-12,44.39,45.15,44.39,45.10,1563020
12-Sep-12,44.42,44.48,44.16,44.47,1115673
11-Sep-12,44.26,44.46,44.21,44.43,1478702
10-Sep-12,44.39,44.50,44.12,44.34,842806
7-Sep-12,44.38,44.40,44.09,44.31,1062552
6-Sep-12,44.09,44.49,44.01,44.38,1423406
5-Sep-12,43.97,44.09,43.85,43.99,2060278
4-Sep-12,43.83,44.03,43.74,43.97,2569173
31-Aug-12,43.91,43.97,43.61,43.79,1814107
30-Aug-12,43.56,44.04,43.44,43.81,1540032
29-Aug-12,43.35,43.89,43.29,43.71,1511736
28-Aug-12,43.45,43.60,43.10,43.30,2810302
27-Aug-12,43.83,43.87,43.48,43.59,1810904
24-Aug-12,43.56,43.90,43.54,43.87,1288931
23-Aug-12,44.08,44.11,43.45,43.60,1601021
22-Aug-12,44.12,44.42,43.95,44.08,2059503
21-Aug-12,44.27,44.80,44.17,44.25,1534073
20-Aug-12,44.71,44.83,44.52,44.83,1018893
17-Aug-12,45.02,45.07,44.45,44.76,435740
16-Aug-12,45.29,45.29,44.94,45.07,228237
15-Aug-12,45.25,45.49,45.00,45.32,320962
14-Aug-12,44.88,45.48,44.88,45.28,529495
13-Aug-12,44.85,44.96,44.64,44.78,239231
10-Aug-12,44.62,45.03,44.45,44.98,279651
9-Aug-12,44.67,44.95,44.50,44.85,363578
8-Aug-12,44.52,44.68,44.18,44.61,706166
7-Aug-12,45.36,45.36,44.55,44.56,713460
6-Aug-12,45.86,45.99,45.25,45.25,433563
3-Aug-12,45.51,45.77,45.30,45.69,476867
2-Aug-12,44.67,45.03,44.33,45.01,2105906
1-Aug-12,46.18,46.18,46.18,46.18,0
31-Jul-12,46.77,46.94,46.15,46.18,1880533
30-Jul-12,46.34,46.80,46.20,46.72,1264967
27-Jul-12,45.88,46.49,45.88,46.36,4166078
26-Jul-12,45.63,45.86,45.53,45.67,1803676
25-Jul-12,45.41,45.49,45.00,45.14,1379275
24-Jul-12,45.63,45.78,45.06,45.33,1136960
23-Jul-12,45.83,46.07,45.50,45.64,1680545
20-Jul-12,45.64,46.10,45.53,46.01,2031927
19-Jul-12,45.59,45.88,45.40,45.80,2098971
18-Jul-12,45.64,45.72,45.36,45.65,1699536
17-Jul-12,45.79,45.95,45.60,45.67,2738319
16-Jul-12,46.32,46.37,45.59,45.61,3111216
13-Jul-12,46.25,46.60,46.23,46.41,2505054
12-Jul-12,46.34,46.51,46.24,46.27,1362996
11-Jul-12,46.01,46.52,46.01,46.39,2509798
10-Jul-12,45.82,46.22,45.82,46.08,1351885
9-Jul-12,45.70,45.86,45.53,45.85,1271800
6-Jul-12,45.67,45.87,45.38,45.65,1430602
5-Jul-12,46.17,46.20,45.70,45.70,1346089
3-Jul-12,46.51,46.81,46.20,46.29,918433
2-Jul-12,46.45,46.56,46.03,46.56,4182318
29-Jun-12,46.46,46.48,45.82,46.20,1936679
28-Jun-12,45.71,46.04,45.46,46.02,1506096
27-Jun-12,44.84,45.91,44.82,45.87,1782637
26-Jun-12,44.79,45.45,44.66,45.43,2809120
25-Jun-12,44.27,44.75,44.24,44.67,1595755
22-Jun-12,45.00,45.07,44.50,44.59,2486310
21-Jun-12,45.70,45.78,44.78,44.85,2008210
20-Jun-12,45.89,45.95,45.33,45.46,1781734
19-Jun-12,46.27,46.38,45.83,45.90,3035711
18-Jun-12,46.05,46.28,45.91,46.15,2441176
15-Jun-12,46.23,46.34,45.92,46.14,2577126
14-Jun-12,45.98,46.16,45.77,46.06,2058474
13-Jun-12,46.11,46.11,45.68,45.92,1257617
12-Jun-12,45.98,46.09,45.45,46.09,1991456
11-Jun-12,46.31,46.55,45.99,46.00,1474888
8-Jun-12,45.55,46.04,45.51,46.04,1712211
7-Jun-12,45.73,45.97,45.47,45.64,4296791
6-Jun-12,45.33,45.64,45.05,45.63,1596445
5-Jun-12,44.85,45.20,44.70,45.13,1650431
4-Jun-12,44.58,44.96,44.35,44.94,1605837
1-Jun-12,44.49,44.86,44.30,44.37,1842829
31-May-12,44.73,45.17,44.68,44.96,1428040
30-May-12,44.94,45.32,44.66,44.69,1305012
29-May-12,45.13,45.24,44.85,45.14,1522566
25-May-12,44.54,45.25,44.54,45.00,1206651
24-May-12,44.66,45.03,44.57,44.85,1525062
23-May-12,44.77,44.94,44.29,44.68,1719604
22-May-12,44.43,45.00,44.41,44.89,1870688
21-May-12,43.93,44.47,43.87,44.46,1573842
18-May-12,44.10,44.32,43.71,43.82,1966692
17-May-12,44.26,44.27,43.78,43.90,1860032
16-May-12,44.21,44.40,44.12,44.18,3009391
15-May-12,44.35,44.53,43.98,44.10,2859653
14-May-12,44.06,44.55,43.96,44.31,1687527
11-May-12,43.93,44.45,43.88,44.39,2196396
10-May-12,44.03,44.27,43.94,44.11,2519382
9-May-12,43.14,44.09,43.14,43.96,3829860
8-May-12,43.37,43.64,43.23,43.43,2309124
7-May-12,43.76,43.82,43.54,43.57,2430935
4-May-12,43.71,44.09,43.66,43.76,2207953
3-May-12,43.62,44.13,43.35,43.72,2515482
2-May-12,44.12,44.19,43.62,43.67,1675899
1-May-12,44.01,44.52,43.86,44.27,1537254
30-Apr-12,43.82,44.05,43.59,44.01,1600112
27-Apr-12,43.75,43.94,43.54,43.81,1076770
26-Apr-12,43.58,43.71,43.18,43.65,1497770
25-Apr-12,43.43,43.72,43.00,43.67,2115380
24-Apr-12,42.49,43.25,42.27,43.10,3462787
23-Apr-12,42.65,42.75,42.13,42.38,1653327
20-Apr-12,42.58,43.02,42.33,42.89,1986291
19-Apr-12,42.79,42.81,42.35,42.52,1757172
18-Apr-12,42.68,43.04,42.63,42.86,1706304
17-Apr-12,42.65,43.02,42.35,42.95,2306365
16-Apr-12,41.72,42.66,41.63,42.44,2148689
13-Apr-12,42.03,42.42,41.57,41.57,2779611
12-Apr-12,41.64,41.73,41.42,41.71,1557856
11-Apr-12,42.16,42.17,41.66,41.66,1668758
10-Apr-12,42.57,42.57,41.89,41.94,1646705
9-Apr-12,42.43,42.80,42.29,42.77,1736790
5-Apr-12,42.64,42.92,42.50,42.79,1983261
4-Apr-12,42.39,42.87,42.32,42.82,1893710
3-Apr-12,42.81,42.90,42.42,42.65,2414284
2-Apr-12,42.41,42.85,42.19,42.79,1487092
30-Mar-12,42.60,42.69,42.26,42.51,1267861
29-Mar-12,42.15,42.56,41.83,42.50,2589430
28-Mar-12,43.19,43.19,42.10,42.42,1392374
27-Mar-12,42.87,43.53,42.80,43.30,2115821
26-Mar-12,42.79,43.00,42.50,42.80,1680283
23-Mar-12,42.62,42.79,42.58,42.67,1489723
22-Mar-12,42.30,42.76,42.19,42.69,1875743
21-Mar-12,42.33,42.82,42.27,42.60,1788929
20-Mar-12,42.08,42.46,41.94,42.34,1370374
19-Mar-12,42.59,42.77,42.21,42.24,1446816
16-Mar-12,42.97,42.98,42.48,42.64,1908012
15-Mar-12,43.09,43.31,42.85,43.00,1325816
14-Mar-12,43.73,43.88,43.07,43.13,1293776
13-Mar-12,43.90,43.90,43.56,43.81,1776939
12-Mar-12,42.91,43.74,42.88,43.61,2257558
9-Mar-12,42.83,43.05,42.56,42.82,1834151
8-Mar-12,43.05,43.30,42.67,42.69,1865068
7-Mar-12,43.01,43.07,42.58,42.98,1288483
6-Mar-12,42.92,43.10,42.51,43.02,1890365
5-Mar-12,42.72,43.18,42.62,43.10,1640521
2-Mar-12,42.85,43.44,42.57,42.81,2367867
1-Mar-12,42.27,44.50,42.27,42.78,4541559
29-Feb-12,42.10,42.15,41.39,41.87,2177340
28-Feb-12,42.41,42.41,41.88,41.99,1040232
27-Feb-12,42.05,42.44,41.73,42.30,1241833
24-Feb-12,41.96,42.36,41.73,42.23,1070558
23-Feb-12,41.76,42.09,41.75,41.90,1693570
22-Feb-12,41.54,41.93,41.47,41.72,1356407
21-Feb-12,41.41,41.79,41.22,41.68,1627132
17-Feb-12,41.50,41.50,41.15,41.16,1774311
16-Feb-12,40.64,41.52,40.64,41.32,1684244
15-Feb-12,40.77,40.88,40.31,40.58,1450082
14-Feb-12,40.56,40.93,40.44,40.80,1255543
13-Feb-12,41.20,41.21,40.64,40.66,1052009
10-Feb-12,40.85,41.13,40.84,41.09,1150328
9-Feb-12,40.92,41.23,40.76,41.09,1503409
8-Feb-12,41.03,41.08,40.73,41.01,936218
7-Feb-12,40.77,41.19,40.62,41.09,963891
6-Feb-12,41.00,41.07,40.79,40.93,1357692
3-Feb-12,41.34,41.41,40.82,41.08,1615689
2-Feb-12,40.92,41.07,40.65,40.68,1728604
1-Feb-12,41.14,41.28,40.86,40.93,1758083
31-Jan-12,40.88,41.24,40.84,41.04,1722303
30-Jan-12,40.91,40.91,40.54,40.72,1842032
27-Jan-12,41.28,41.28,40.95,41.06,1561687
26-Jan-12,40.90,41.71,40.89,41.38,2135949
25-Jan-12,40.00,41.00,39.80,40.91,2896827
24-Jan-12,40.15,40.27,39.90,40.12,1726589
23-Jan-12,40.39,40.83,40.22,40.31,2204593
20-Jan-12,39.98,40.54,39.98,40.49,2913315
19-Jan-12,40.52,40.52,39.60,39.98,2669013
18-Jan-12,40.39,40.58,40.16,40.44,1838109
17-Jan-12,40.91,41.02,40.38,40.48,2193544
13-Jan-12,40.57,40.57,40.57,40.57,0
12-Jan-12,40.79,40.85,40.43,40.54,1798124
11-Jan-12,40.36,40.68,40.29,40.64,3746098
10-Jan-12,40.73,40.74,40.25,40.49,2125062
9-Jan-12,40.42,40.56,40.30,40.37,1893791
6-Jan-12,40.53,40.62,40.35,40.39,1783703
5-Jan-12,40.80,40.83,40.32,40.53,3742638
4-Jan-12,41.23,41.75,40.96,41.02,2207695
3-Jan-12,41.81,41.90,41.16,41.36,2867213
30-Dec-11,41.40,41.40,41.40,41.40,0
29-Dec-11,41.28,41.55,41.20,41.52,1104108
28-Dec-11,41.16,41.23,40.92,41.14,1280845
27-Dec-11,41.23,41.56,41.13,41.39,1069084
23-Dec-11,41.19,41.19,41.19,41.19,0
22-Dec-11,40.68,40.86,40.53,40.70,1920300
21-Dec-11,40.00,40.74,39.94,40.67,2329494
20-Dec-11,39.50,40.02,39.37,39.95,1560556
19-Dec-11,39.27,39.65,38.86,38.98,1430664
16-Dec-11,39.28,39.75,39.17,39.30,1859308
15-Dec-11,38.84,39.34,38.71,39.20,1626131
14-Dec-11,39.14,39.22,38.74,38.81,1931069
13-Dec-11,39.14,39.72,39.09,39.25,1954045
12-Dec-11,38.97,39.42,38.73,38.97,1606886
9-Dec-11,38.66,39.11,38.57,39.05,1866443
8-Dec-11,39.23,39.23,38.42,38.50,1608569
7-Dec-11,39.44,39.62,39.27,39.30,2187110
6-Dec-11,39.39,39.91,39.27,39.58,1654368
5-Dec-11,38.99,39.34,38.87,39.28,2494520
2-Dec-11,39.20,39.23,38.38,38.46,1947825
1-Dec-11,39.18,39.47,38.99,39.13,1313078
30-Nov-11,38.83,39.33,38.66,39.31,2938902
29-Nov-11,38.30,38.42,37.97,38.20,2922946
28-Nov-11,38.38,38.62,37.90,38.12,2042398
25-Nov-11,37.83,38.10,37.83,37.85,830609
23-Nov-11,37.77,37.77,37.77,37.77,0
22-Nov-11,39.16,39.19,38.25,38.43,1586743
21-Nov-11,39.36,39.49,38.82,39.12,1143272
18-Nov-11,39.65,39.91,39.54,39.61,1960685
17-Nov-11,39.72,40.07,39.25,39.52,1607928
16-Nov-11,40.25,40.41,39.69,39.73,1995777
15-Nov-11,40.45,40.72,40.33,40.62,1129382
14-Nov-11,40.52,40.77,40.23,40.50,1607497
11-Nov-11,40.84,41.16,40.65,40.77,1534347
10-Nov-11,40.27,40.68,39.93,40.47,2348229
9-Nov-11,40.60,40.64,39.92,39.99,1570454
8-Nov-11,41.01,41.16,40.60,41.14,1922278
7-Nov-11,40.57,41.08,40.52,41.02,1570708
4-Nov-11,41.00,41.09,40.22,40.76,1706163
3-Nov-11,40.38,41.24,40.36,41.13,2826676
2-Nov-11,40.32,41.04,39.92,40.02,4251616
1-Nov-11,39.63,40.04,39.39,40.00,3462813
31-Oct-11,40.56,41.17,40.43,40.60,1924037
28-Oct-11,41.31,41.31,40.55,40.72,2794616
27-Oct-11,40.80,41.57,40.60,41.30,4126444
26-Oct-11,39.88,40.18,39.52,39.98,2349799
25-Oct-11,39.48,39.92,39.35,39.53,3575758
24-Oct-11,39.50,39.59,39.18,39.56,2002341
21-Oct-11,39.18,39.60,38.97,39.56,1615192
20-Oct-11,38.51,38.89,38.36,38.70,1061069
19-Oct-11,38.59,39.13,38.43,38.52,1482339
18-Oct-11,37.98,38.75,37.72,38.59,2249575
17-Oct-11,38.10,38.27,37.86,37.91,1352396
14-Oct-11,38.20,38.50,38.06,38.25,1890946
13-Oct-11,37.69,38.03,37.48,37.93,1353566
12-Oct-11,38.73,38.73,37.81,37.83,3299351
11-Oct-11,38.74,38.83,38.25,38.59,1765200
10-Oct-11,38.20,38.75,38.19,38.75,1770901
7-Oct-11,37.68,38.07,37.46,37.74,2986271
6-Oct-11,36.82,37.52,36.63,37.46,2688274
5-Oct-11,36.30,36.40,35.75,36.27,3961935
4-Oct-11,36.72,36.90,35.63,36.30,5256636
3-Oct-11,38.11,38.46,37.06,37.11,2632597
30-Sep-11,38.77,38.77,37.82,38.25,3663014
