Date,Open,High,Low,Close,Volume
27-Sep-12,44.57,44.84,44.46,44.56,345631
26-Sep-12,44.81,45.08,44.32,44.51,327340
25-Sep-12,46.42,46.76,45.24,45.27,290297
24-Sep-12,46.45,46.85,46.25,46.27,383544
21-Sep-12,46.88,46.91,46.45,46.45,815934
20-Sep-12,47.11,47.28,46.12,46.63,236285
19-Sep-12,48.10,48.10,47.25,47.37,233430
18-Sep-12,47.96,48.35,47.67,47.85,178301
17-Sep-12,47.80,47.94,47.44,47.88,241961
14-Sep-12,48.12,48.92,48.00,48.11,253921
13-Sep-12,47.74,48.27,47.38,47.94,196657
12-Sep-12,47.67,47.88,47.26,47.63,142161
11-Sep-12,47.41,47.63,47.07,47.57,132774
10-Sep-12,47.27,47.28,46.86,47.23,132104
7-Sep-12,46.69,47.20,46.54,46.97,116877
6-Sep-12,46.62,47.23,46.62,47.22,239649
5-Sep-12,46.65,46.89,46.36,46.50,220323
4-Sep-12,45.48,46.55,45.30,46.46,188826
31-Aug-12,45.93,45.93,45.25,45.59,214994
30-Aug-12,45.58,45.70,45.30,45.65,108053
29-Aug-12,45.33,45.93,45.12,45.91,112346
28-Aug-12,45.01,45.29,44.76,45.14,159931
27-Aug-12,45.05,45.19,44.60,45.07,200083
24-Aug-12,44.88,44.93,44.68,44.83,252055
23-Aug-12,45.32,45.44,45.01,45.01,175802
22-Aug-12,45.25,45.50,44.93,45.29,151320
21-Aug-12,45.90,45.90,44.94,45.24,377058
20-Aug-12,45.99,45.99,45.50,45.60,197510
17-Aug-12,45.49,46.16,45.45,46.12,78539
16-Aug-12,45.53,45.82,45.37,45.64,58505
15-Aug-12,45.47,45.85,45.35,45.67,45412
14-Aug-12,45.68,45.68,45.33,45.42,87292
13-Aug-12,45.10,45.63,44.72,45.63,54823
10-Aug-12,45.44,45.48,44.93,45.06,48949
9-Aug-12,45.62,46.03,45.31,45.38,79352
8-Aug-12,45.62,45.96,45.37,45.59,71069
7-Aug-12,45.73,45.98,45.03,45.69,111524
6-Aug-12,45.69,46.10,45.58,45.64,79655
3-Aug-12,45.00,45.82,44.65,45.47,78742
2-Aug-12,44.40,44.65,43.68,44.58,139170
1-Aug-12,45.29,45.74,44.21,44.21,233726
31-Jul-12,45.85,45.90,45.04,45.16,203655
30-Jul-12,45.69,46.44,45.45,45.79,241109
27-Jul-12,43.00,45.98,43.00,45.53,551221
26-Jul-12,43.44,43.44,42.25,42.47,197713
25-Jul-12,43.06,43.06,42.36,42.87,173639
24-Jul-12,43.12,43.57,42.53,42.68,182179
23-Jul-12,42.81,43.45,42.69,43.17,224614
20-Jul-12,43.39,44.21,43.21,43.37,282959
19-Jul-12,44.03,44.21,43.43,43.74,236070
18-Jul-12,43.89,43.89,43.56,43.80,337972
17-Jul-12,43.46,44.28,42.92,43.89,370621
16-Jul-12,43.04,43.82,42.86,43.41,281397
13-Jul-12,41.83,42.91,41.83,42.91,242827
12-Jul-12,41.30,41.90,41.29,41.69,194007
11-Jul-12,41.18,41.50,41.18,41.35,166684
10-Jul-12,41.74,41.84,41.19,41.28,221574
9-Jul-12,41.71,41.89,41.33,41.50,314496
6-Jul-12,41.32,41.92,41.32,41.90,173086
5-Jul-12,41.83,42.13,41.43,41.74,218399
3-Jul-12,41.81,42.09,41.66,41.95,249824
2-Jul-12,41.37,41.79,41.13,41.79,423431
29-Jun-12,41.42,41.42,40.83,41.11,597465
28-Jun-12,40.24,40.76,40.04,40.59,228541
27-Jun-12,40.28,40.66,40.07,40.40,349898
26-Jun-12,41.31,41.39,40.91,41.08,444539
25-Jun-12,41.19,41.50,41.04,41.13,216266
22-Jun-12,42.03,42.14,41.41,41.58,349143
21-Jun-12,42.85,43.04,41.58,41.72,303358
20-Jun-12,43.20,43.26,42.48,42.76,515870
19-Jun-12,42.11,43.29,41.99,43.15,251498
18-Jun-12,41.42,42.10,41.18,41.88,316790
15-Jun-12,41.57,41.60,41.14,41.43,339155
14-Jun-12,41.62,41.79,41.16,41.47,251749
13-Jun-12,41.81,42.22,41.24,41.46,133064
12-Jun-12,41.73,41.78,40.99,41.76,137909
11-Jun-12,43.07,43.08,41.45,41.49,196922
8-Jun-12,42.14,42.80,42.10,42.75,194912
7-Jun-12,43.21,43.40,41.89,42.26,198262
6-Jun-12,42.63,42.98,42.04,42.75,295529
5-Jun-12,41.51,42.39,41.31,42.28,204952
4-Jun-12,41.00,41.77,40.99,41.77,348734
1-Jun-12,40.42,41.25,40.30,41.00,288727
31-May-12,41.46,41.57,40.84,41.27,309625
30-May-12,42.20,42.31,41.31,41.32,180632
29-May-12,42.34,42.69,42.12,42.57,130450
25-May-12,42.36,42.43,41.98,42.12,146520
24-May-12,42.41,42.57,41.68,42.19,127000
23-May-12,42.18,42.30,41.61,42.29,216524
22-May-12,42.88,42.97,42.14,42.35,209829
21-May-12,41.81,42.87,41.73,42.70,355237
18-May-12,41.94,42.00,41.40,41.69,401396
17-May-12,43.31,43.38,41.98,42.00,245936
16-May-12,44.17,44.28,43.28,43.35,231977
15-May-12,43.99,44.18,43.65,44.12,244850
14-May-12,44.32,44.62,44.07,44.07,232432
11-May-12,44.16,44.74,44.16,44.73,250944
10-May-12,44.80,44.80,44.17,44.53,342136
9-May-12,44.33,44.87,44.28,44.62,265349
8-May-12,44.40,44.92,44.30,44.68,332626
7-May-12,44.45,44.71,44.29,44.70,494831
4-May-12,45.22,45.54,44.59,44.59,549011
3-May-12,46.32,46.51,45.37,45.40,632863
2-May-12,47.59,47.59,46.00,46.21,681207
1-May-12,48.18,48.49,47.49,47.95,210535
30-Apr-12,48.12,48.34,47.64,47.99,205274
27-Apr-12,48.00,48.22,47.56,48.09,245288
26-Apr-12,47.65,47.85,47.32,47.82,267189
25-Apr-12,47.50,47.88,47.45,47.61,326874
24-Apr-12,46.65,47.28,46.54,47.10,242145
23-Apr-12,46.86,46.86,46.33,46.54,222194
20-Apr-12,47.18,47.66,46.65,47.41,211663
19-Apr-12,46.99,46.99,46.20,46.49,244058
18-Apr-12,47.13,47.18,46.80,46.82,208291
17-Apr-12,47.00,47.61,46.68,47.22,216242
16-Apr-12,46.28,46.82,46.10,46.62,155719
13-Apr-12,46.33,46.33,45.86,45.92,175059
12-Apr-12,46.09,46.38,45.75,46.38,205000
11-Apr-12,45.64,45.99,45.32,45.99,282687
10-Apr-12,45.89,46.08,45.13,45.28,376151
9-Apr-12,45.60,45.82,45.26,45.73,201993
5-Apr-12,46.74,46.98,46.17,46.29,205533
4-Apr-12,47.14,47.28,46.55,46.95,297810
3-Apr-12,47.15,47.57,47.05,47.46,497910
2-Apr-12,46.35,47.18,46.35,47.15,287522
30-Mar-12,46.37,46.54,46.08,46.38,337141
29-Mar-12,46.11,46.31,45.56,46.21,147015
28-Mar-12,46.50,46.50,45.84,46.46,247827
27-Mar-12,47.12,47.40,46.94,46.97,349014
26-Mar-12,46.82,47.21,46.63,46.97,218699
23-Mar-12,46.03,46.63,45.66,46.40,225888
22-Mar-12,45.79,46.02,45.40,45.96,220980
21-Mar-12,46.63,46.78,46.08,46.11,210545
20-Mar-12,46.50,46.67,46.21,46.45,177042
19-Mar-12,46.22,46.99,46.10,46.76,207810
16-Mar-12,46.10,46.38,45.77,46.14,295963
15-Mar-12,46.14,46.32,45.72,46.03,202346
14-Mar-12,46.46,46.70,45.92,46.17,164507
13-Mar-12,45.74,46.48,45.38,46.47,390291
12-Mar-12,45.59,45.82,45.38,45.66,150859
9-Mar-12,45.63,45.83,45.27,45.46,269627
8-Mar-12,45.67,45.81,45.33,45.50,396954
7-Mar-12,45.42,45.68,45.00,45.51,179401
6-Mar-12,45.43,45.69,45.22,45.25,254259
5-Mar-12,45.22,45.73,44.85,45.70,373220
2-Mar-12,45.69,45.79,45.07,45.14,266817
1-Mar-12,45.53,46.01,45.37,45.78,276622
29-Feb-12,45.80,46.20,45.43,45.50,338348
28-Feb-12,45.47,45.89,45.07,45.73,390163
27-Feb-12,44.92,45.65,44.55,45.36,372190
24-Feb-12,42.88,45.73,42.88,45.09,658131
23-Feb-12,41.38,42.85,41.29,42.72,829632
22-Feb-12,41.98,42.31,41.25,41.45,488545
21-Feb-12,42.67,42.82,41.86,41.90,429875
17-Feb-12,42.96,42.96,42.47,42.54,264081
16-Feb-12,42.60,43.16,42.60,42.90,241599
15-Feb-12,43.02,43.15,42.29,42.52,358740
14-Feb-12,43.59,43.65,42.94,43.07,186310
13-Feb-12,43.97,44.19,43.60,43.69,634316
10-Feb-12,43.57,43.93,43.45,43.48,317340
9-Feb-12,44.14,44.43,43.70,43.83,275594
8-Feb-12,44.77,44.84,44.02,44.21,312716
7-Feb-12,45.05,45.05,44.46,44.53,362586
6-Feb-12,45.19,45.29,44.87,44.99,151294
3-Feb-12,45.74,45.81,45.08,45.27,404787
2-Feb-12,45.59,45.88,45.07,45.20,241640
1-Feb-12,44.71,45.50,44.66,45.41,278151
31-Jan-12,44.74,44.83,44.09,44.47,200704
30-Jan-12,44.27,44.60,43.98,44.51,236929
27-Jan-12,44.42,44.75,44.31,44.70,265833
26-Jan-12,44.23,44.73,44.14,44.50,190492
25-Jan-12,43.65,44.05,43.10,43.98,648693
24-Jan-12,43.73,43.99,43.64,43.75,222091
23-Jan-12,44.20,44.57,43.72,43.93,196453
20-Jan-12,43.42,44.25,43.24,44.10,235947
19-Jan-12,43.36,43.66,43.16,43.42,212568
18-Jan-12,43.35,43.74,43.07,43.31,272897
17-Jan-12,43.64,43.78,42.99,43.36,297931
13-Jan-12,43.24,43.24,43.24,43.24,0
12-Jan-12,43.98,44.00,42.81,43.22,339244
11-Jan-12,44.29,44.50,44.02,44.23,273107
10-Jan-12,44.54,44.71,44.25,44.49,267352
9-Jan-12,44.02,44.11,43.58,43.98,290890
6-Jan-12,43.72,44.27,43.35,43.87,238530
5-Jan-12,43.30,43.99,42.82,43.79,135410
4-Jan-12,44.11,44.19,43.32,43.38,213571
3-Jan-12,44.55,44.89,43.71,44.25,324600
30-Dec-11,43.71,43.71,43.71,43.71,0
29-Dec-11,44.04,44.35,43.91,44.09,259798
28-Dec-11,44.41,44.41,43.60,43.91,293266
27-Dec-11,44.86,45.37,44.27,45.00,211112
23-Dec-11,44.93,44.93,44.93,44.93,0
22-Dec-11,44.46,44.98,44.46,44.58,204908
21-Dec-11,44.01,44.63,43.71,44.46,179754
20-Dec-11,43.08,44.09,43.04,44.06,268816
19-Dec-11,42.93,43.26,42.38,42.38,200633
16-Dec-11,42.52,43.09,42.00,42.66,706254
15-Dec-11,42.71,42.71,42.00,42.33,381887
14-Dec-11,42.06,42.65,41.90,42.21,410212
13-Dec-11,43.26,43.51,42.10,42.26,243426
12-Dec-11,42.99,43.15,42.56,43.12,357012
9-Dec-11,43.53,43.66,43.19,43.40,369456
8-Dec-11,44.10,44.18,43.15,43.32,318931
7-Dec-11,44.03,44.36,43.59,44.33,274710
6-Dec-11,44.33,44.55,43.84,44.22,290676
5-Dec-11,44.58,44.69,43.88,44.21,268479
2-Dec-11,44.36,44.85,43.97,44.03,220427
1-Dec-11,44.35,44.57,43.80,44.03,242954
30-Nov-11,43.78,44.76,43.33,44.70,563309
29-Nov-11,42.78,42.84,42.01,42.23,218353
28-Nov-11,42.37,42.95,42.09,42.62,357270
25-Nov-11,41.50,42.21,41.05,41.13,228293
23-Nov-11,41.50,41.50,41.50,41.50,0
22-Nov-11,43.68,43.90,43.18,43.28,192968
21-Nov-11,43.94,44.29,43.30,43.60,305796
18-Nov-11,44.35,44.68,44.10,44.67,177482
17-Nov-11,44.59,45.06,44.10,44.23,317844
16-Nov-11,44.34,45.24,43.99,44.51,537964
15-Nov-11,43.61,44.70,43.46,44.34,392794
14-Nov-11,44.85,45.13,43.66,43.87,295021
11-Nov-11,44.63,45.49,44.42,45.11,298806
10-Nov-11,44.91,45.03,43.93,44.14,390947
9-Nov-11,44.96,45.84,44.12,44.20,352905
8-Nov-11,45.78,46.48,45.19,46.33,530772
7-Nov-11,45.36,46.10,44.82,45.38,326357
4-Nov-11,45.39,45.67,44.80,45.56,257995
3-Nov-11,44.22,45.98,43.87,45.78,501320
2-Nov-11,45.00,45.57,44.27,45.01,369269
1-Nov-11,43.99,44.83,42.96,44.36,730251
31-Oct-11,44.95,45.84,44.45,44.80,579504
28-Oct-11,44.97,45.69,44.68,45.44,429359
27-Oct-11,45.02,45.33,43.76,44.49,747574
26-Oct-11,42.40,42.89,41.58,42.66,366779
25-Oct-11,42.74,42.74,41.98,42.07,447488
24-Oct-11,41.56,42.90,41.32,42.83,437859
21-Oct-11,40.77,41.68,40.69,41.64,383797
20-Oct-11,39.77,40.28,39.10,40.25,276527
19-Oct-11,39.78,40.26,39.56,39.79,389069
18-Oct-11,38.58,40.05,38.45,39.97,342877
17-Oct-11,38.54,38.87,38.16,38.38,362482
14-Oct-11,38.58,39.22,38.02,38.90,548735
13-Oct-11,38.57,38.82,37.76,38.20,328242
12-Oct-11,38.87,39.35,38.48,38.91,387859
11-Oct-11,39.35,39.44,38.34,38.47,414318
10-Oct-11,38.07,39.83,38.07,39.80,360991
7-Oct-11,38.80,38.93,37.14,37.51,465343
6-Oct-11,37.32,38.94,37.32,38.78,429781
5-Oct-11,38.57,38.57,36.14,37.46,366310
4-Oct-11,36.93,38.70,35.97,38.52,502378
3-Oct-11,38.67,39.26,37.35,37.37,609126
30-Sep-11,38.96,40.00,38.71,38.98,416379
