Date,Open,High,Low,Close,Volume
27-Sep-12,1.18,1.22,1.17,1.22,2000
26-Sep-12,1.25,1.27,1.20,1.20,6750
25-Sep-12,1.22,1.29,1.22,1.26,2500
24-Sep-12,1.23,1.23,1.21,1.21,550
21-Sep-12,1.18,1.25,1.15,1.25,8428
20-Sep-12,1.19,1.22,1.16,1.17,1450
19-Sep-12,1.20,1.24,1.19,1.24,36470
18-Sep-12,1.27,1.27,1.20,1.21,5297
17-Sep-12,1.15,1.25,1.15,1.25,21000
14-Sep-12,1.11,1.15,1.10,1.14,9200
13-Sep-12,1.14,1.16,1.14,1.15,32674
12-Sep-12,1.15,1.15,1.05,1.15,19260
11-Sep-12,1.15,1.15,1.15,1.15,0
10-Sep-12,1.17,1.17,1.10,1.15,4054
7-Sep-12,1.18,1.19,1.16,1.17,12249
6-Sep-12,1.17,1.20,1.17,1.17,2385
5-Sep-12,1.22,1.22,1.18,1.19,450
4-Sep-12,1.21,1.25,1.16,1.21,13145
31-Aug-12,1.20,1.26,1.18,1.26,7211
30-Aug-12,1.23,1.23,1.23,1.23,0
29-Aug-12,1.23,1.23,1.23,1.23,500
28-Aug-12,1.24,1.24,1.21,1.22,524
27-Aug-12,1.16,1.25,1.16,1.24,9721
24-Aug-12,1.21,1.21,1.15,1.15,3059
23-Aug-12,1.25,1.25,1.13,1.19,8364
22-Aug-12,1.23,1.25,1.18,1.25,10700
21-Aug-12,1.25,1.25,1.25,1.25,0
20-Aug-12,1.21,1.25,1.20,1.25,11838
17-Aug-12,1.18,1.19,1.12,1.19,2300
16-Aug-12,1.17,1.23,1.15,1.23,2500
15-Aug-12,1.19,1.25,1.19,1.21,500
14-Aug-12,1.22,1.22,1.15,1.15,1197
13-Aug-12,1.20,1.20,1.20,1.20,0
10-Aug-12,1.19,1.24,1.19,1.20,400
9-Aug-12,1.14,1.26,1.13,1.26,1201
8-Aug-12,1.20,1.20,1.20,1.20,0
7-Aug-12,1.21,1.21,1.16,1.20,2695
6-Aug-12,1.18,1.18,1.18,1.18,200
3-Aug-12,1.18,1.22,1.18,1.18,400
2-Aug-12,1.19,1.19,1.18,1.18,200
1-Aug-12,1.23,1.23,1.23,1.23,0
31-Jul-12,1.18,1.24,1.14,1.23,14600
30-Jul-12,1.22,1.22,1.22,1.22,100
27-Jul-12,1.18,1.18,1.18,1.18,0
26-Jul-12,1.18,1.18,1.18,1.18,0
25-Jul-12,1.19,1.19,1.18,1.18,200
24-Jul-12,1.15,1.17,1.15,1.15,1200
23-Jul-12,1.15,1.15,1.15,1.15,0
20-Jul-12,1.15,1.15,1.15,1.15,0
19-Jul-12,1.21,1.21,1.11,1.15,1360
18-Jul-12,1.24,1.24,1.24,1.24,100
17-Jul-12,1.25,1.25,1.25,1.25,6074
16-Jul-12,1.12,1.26,1.11,1.25,35945
13-Jul-12,1.22,1.23,1.21,1.22,800
12-Jul-12,1.23,1.23,1.23,1.23,400
11-Jul-12,1.23,1.23,1.23,1.23,585
10-Jul-12,1.25,1.25,1.23,1.24,1756
9-Jul-12,1.25,1.25,1.25,1.25,0
6-Jul-12,1.25,1.25,1.25,1.25,200
5-Jul-12,1.25,1.25,1.25,1.25,1450
3-Jul-12,1.25,1.25,1.25,1.25,300
2-Jul-12,1.31,1.31,1.23,1.25,5580
29-Jun-12,1.28,1.34,1.28,1.34,11741
28-Jun-12,1.31,1.33,1.31,1.33,500
27-Jun-12,1.25,1.34,1.25,1.28,825
26-Jun-12,1.28,1.34,1.23,1.23,1320
25-Jun-12,1.30,1.30,1.30,1.30,249
22-Jun-12,1.35,1.35,1.30,1.30,4135
21-Jun-12,1.35,1.35,1.35,1.35,0
20-Jun-12,1.35,1.35,1.35,1.35,3800
19-Jun-12,1.35,1.35,1.35,1.35,300
18-Jun-12,1.38,1.38,1.38,1.38,400
15-Jun-12,1.40,1.44,1.30,1.44,58016
14-Jun-12,1.31,1.44,1.23,1.44,1784
13-Jun-12,1.30,1.35,1.30,1.35,10284
12-Jun-12,1.37,1.41,1.24,1.26,1100
11-Jun-12,1.27,1.33,1.27,1.33,1300
8-Jun-12,1.28,1.28,1.25,1.25,600
7-Jun-12,1.28,1.30,1.25,1.30,6370
6-Jun-12,1.23,1.35,1.23,1.26,2200
5-Jun-12,1.28,1.28,1.21,1.23,400
4-Jun-12,1.28,1.28,1.28,1.28,24982
1-Jun-12,1.36,1.36,1.32,1.32,700
31-May-12,1.43,1.43,1.38,1.43,4523
30-May-12,1.39,1.43,1.39,1.43,609
29-May-12,1.39,1.43,1.39,1.42,2000
25-May-12,1.45,1.45,1.43,1.43,550
24-May-12,1.23,1.43,1.23,1.43,4100
23-May-12,1.19,1.23,1.19,1.23,3300
22-May-12,1.19,1.20,1.17,1.20,3205
21-May-12,1.16,1.20,1.16,1.20,3440
18-May-12,1.19,1.21,1.15,1.19,14200
17-May-12,1.19,1.21,1.18,1.21,22495
16-May-12,1.26,1.26,1.21,1.21,17897
15-May-12,1.34,1.34,1.20,1.25,8200
14-May-12,1.32,1.38,1.14,1.38,54410
11-May-12,1.33,1.37,1.33,1.37,725
10-May-12,1.40,1.40,1.36,1.36,1349
9-May-12,1.35,1.42,1.35,1.42,6505
8-May-12,1.44,1.57,1.39,1.51,1800
7-May-12,1.50,1.50,1.46,1.50,720
4-May-12,1.39,1.54,1.39,1.54,19387
3-May-12,1.42,1.42,1.38,1.41,1575
2-May-12,1.49,1.49,1.44,1.44,1800
1-May-12,1.50,1.51,1.47,1.48,1700
30-Apr-12,1.57,1.61,1.50,1.54,7699
27-Apr-12,1.59,1.60,1.52,1.60,1950
26-Apr-12,1.56,1.58,1.56,1.58,300
25-Apr-12,1.50,1.60,1.36,1.60,12331
24-Apr-12,1.60,1.61,1.54,1.55,12076
23-Apr-12,1.14,1.52,1.14,1.52,17308
20-Apr-12,1.28,1.30,1.25,1.30,800
19-Apr-12,1.37,1.37,1.35,1.35,1300
18-Apr-12,1.26,1.38,1.19,1.38,17025
17-Apr-12,1.28,1.31,1.27,1.31,8054
16-Apr-12,1.16,1.27,1.16,1.27,7500
13-Apr-12,1.28,1.34,1.28,1.32,1400
12-Apr-12,1.22,1.27,1.22,1.26,1416
11-Apr-12,1.25,1.25,1.24,1.25,11615
10-Apr-12,1.30,1.30,1.26,1.26,3427
9-Apr-12,1.33,1.33,1.29,1.33,2225
5-Apr-12,1.37,1.37,1.37,1.37,0
4-Apr-12,1.31,1.37,1.29,1.37,9344
3-Apr-12,1.36,1.36,1.14,1.32,13817
2-Apr-12,1.40,1.40,1.38,1.38,8648
30-Mar-12,1.40,1.40,1.39,1.39,26500
29-Mar-12,1.42,1.42,1.42,1.42,0
28-Mar-12,1.43,1.43,1.42,1.42,10650
27-Mar-12,1.43,1.43,1.40,1.43,1000
26-Mar-12,1.44,1.44,1.44,1.44,463
23-Mar-12,1.42,1.49,1.42,1.42,1200
22-Mar-12,1.38,1.40,1.38,1.40,3343
21-Mar-12,1.38,1.42,1.38,1.42,1400
20-Mar-12,1.35,1.35,1.35,1.35,772
19-Mar-12,1.39,1.40,1.39,1.40,521
16-Mar-12,1.43,1.44,1.40,1.44,991
15-Mar-12,1.40,1.40,1.40,1.40,700
14-Mar-12,1.40,1.44,1.35,1.44,4040
13-Mar-12,1.44,1.44,1.44,1.44,249
12-Mar-12,1.41,1.41,1.40,1.40,1886
9-Mar-12,1.45,1.45,1.45,1.45,3900
8-Mar-12,1.42,1.45,1.42,1.43,16800
7-Mar-12,1.42,1.42,1.30,1.40,10921
6-Mar-12,1.42,1.42,1.40,1.40,3836
5-Mar-12,1.41,1.44,1.40,1.44,14576
2-Mar-12,1.40,1.41,1.31,1.41,10608
1-Mar-12,1.25,1.40,1.25,1.36,8030
29-Feb-12,1.42,1.45,1.42,1.45,361
28-Feb-12,1.38,1.42,1.38,1.42,4162
27-Feb-12,1.43,1.43,1.40,1.42,13638
24-Feb-12,1.40,1.41,1.36,1.40,17620
23-Feb-12,1.35,1.41,1.35,1.39,7307
22-Feb-12,1.30,1.36,1.30,1.32,898
21-Feb-12,1.44,1.44,1.35,1.36,22548
17-Feb-12,1.26,1.40,1.22,1.40,14323
16-Feb-12,1.25,1.28,1.24,1.28,9500
15-Feb-12,1.22,1.25,1.22,1.25,5711
14-Feb-12,1.22,1.25,1.17,1.21,4692
13-Feb-12,1.25,1.26,1.22,1.22,1152
10-Feb-12,1.32,1.32,1.22,1.26,1408
9-Feb-12,1.27,1.34,1.27,1.28,2700
8-Feb-12,1.34,1.36,1.30,1.30,10368
7-Feb-12,1.30,1.35,1.25,1.31,5500
6-Feb-12,1.30,1.35,1.30,1.35,1200
3-Feb-12,1.22,1.30,1.22,1.29,14480
2-Feb-12,1.18,1.20,1.17,1.20,10496
1-Feb-12,1.19,1.25,1.17,1.17,16800
31-Jan-12,1.16,1.17,1.13,1.16,38762
30-Jan-12,1.16,1.20,1.15,1.17,52722
27-Jan-12,1.22,1.24,1.13,1.17,40771
26-Jan-12,1.28,1.30,1.22,1.22,13858
25-Jan-12,1.21,1.32,1.21,1.28,3650
24-Jan-12,1.23,1.23,1.15,1.23,3650
23-Jan-12,1.27,1.31,1.24,1.24,6804
20-Jan-12,1.34,1.34,1.25,1.25,2450
19-Jan-12,1.38,1.38,1.33,1.33,2510
18-Jan-12,1.39,1.40,1.36,1.36,625
17-Jan-12,1.42,1.42,1.34,1.34,4532
13-Jan-12,1.40,1.40,1.40,1.40,0
12-Jan-12,1.40,1.42,1.38,1.40,3399
11-Jan-12,1.36,1.40,1.36,1.40,5789
10-Jan-12,1.41,1.45,1.34,1.40,13599
9-Jan-12,1.40,1.40,1.38,1.40,4900
6-Jan-12,1.31,1.44,1.31,1.40,32482
5-Jan-12,1.29,1.31,1.13,1.30,30449
4-Jan-12,1.39,1.42,1.25,1.34,35237
3-Jan-12,1.39,1.44,1.32,1.40,45669
30-Dec-11,1.36,1.36,1.36,1.36,0
29-Dec-11,1.24,1.24,1.15,1.15,8619
28-Dec-11,1.30,1.30,1.22,1.22,11500
27-Dec-11,1.33,1.34,1.29,1.33,9528
23-Dec-11,1.34,1.34,1.34,1.34,0
22-Dec-11,1.02,1.04,1.01,1.03,6659
21-Dec-11,1.03,1.04,1.00,1.01,58750
20-Dec-11,1.10,1.10,1.01,1.04,49400
19-Dec-11,1.14,1.14,1.05,1.09,24508
16-Dec-11,1.10,1.15,1.06,1.15,40567
15-Dec-11,1.08,1.14,1.08,1.10,15700
14-Dec-11,1.13,1.13,1.09,1.09,17345
13-Dec-11,1.18,1.25,1.12,1.14,7360
12-Dec-11,1.11,1.14,1.11,1.14,16108
9-Dec-11,1.03,1.10,1.03,1.09,17755
8-Dec-11,1.12,1.12,1.00,1.03,66316
7-Dec-11,1.17,1.24,1.10,1.10,122824
6-Dec-11,1.15,1.15,1.12,1.15,1855
5-Dec-11,1.10,1.15,1.10,1.15,5955
2-Dec-11,1.12,1.12,1.05,1.05,1141400
1-Dec-11,1.13,1.15,1.13,1.15,1200
30-Nov-11,1.19,1.30,1.14,1.17,4102
29-Nov-11,1.16,1.16,1.15,1.15,9831
28-Nov-11,1.15,1.20,1.15,1.20,3432
22-Nov-11,1.12,1.12,1.12,1.12,0
21-Nov-11,1.18,1.18,1.08,1.12,19350
18-Nov-11,1.22,1.23,1.15,1.15,25559
17-Nov-11,1.23,1.23,1.18,1.20,1900
16-Nov-11,1.23,1.27,1.23,1.27,2666
14-Nov-11,1.25,1.25,1.25,1.25,0
10-Nov-11,1.31,1.31,1.31,1.31,0
9-Nov-11,1.40,1.40,1.35,1.35,54720
8-Nov-11,1.31,1.39,1.30,1.39,1871
7-Nov-11,1.37,1.37,1.27,1.31,3907
4-Nov-11,1.41,1.41,1.41,1.41,200
3-Nov-11,1.40,1.47,1.35,1.40,19775
2-Nov-11,1.35,1.37,1.35,1.37,3400
1-Nov-11,1.25,1.42,1.09,1.35,15778
31-Oct-11,1.35,1.35,1.35,1.35,200
28-Oct-11,1.29,1.29,1.29,1.29,0
27-Oct-11,1.27,1.32,1.27,1.27,4007
26-Oct-11,1.35,1.35,1.24,1.30,2800
24-Oct-11,1.30,1.30,1.30,1.30,0
21-Oct-11,1.32,1.32,1.30,1.30,600
20-Oct-11,1.25,1.30,1.25,1.30,2300
19-Oct-11,1.27,1.27,1.27,1.27,290
18-Oct-11,1.32,1.33,1.26,1.30,4005
17-Oct-11,1.30,1.36,1.27,1.27,6500
14-Oct-11,1.16,1.32,1.16,1.32,6082
13-Oct-11,1.21,1.21,1.14,1.16,20910
12-Oct-11,1.23,1.27,1.18,1.25,1700
11-Oct-11,1.27,1.32,1.19,1.27,8478
10-Oct-11,1.31,1.31,1.22,1.31,2300
7-Oct-11,1.20,1.28,1.20,1.28,5768
6-Oct-11,1.30,1.30,1.16,1.16,17190
5-Oct-11,1.26,1.26,1.23,1.23,960
4-Oct-11,1.14,1.22,1.14,1.22,3585
3-Oct-11,1.21,1.25,1.16,1.18,2964
30-Sep-11,1.33,1.34,1.10,1.23,29392
