Date,Open,High,Low,Close,Volume
27-Sep-12,4.42,4.54,4.39,4.49,270497
26-Sep-12,4.43,4.52,4.34,4.39,255248
25-Sep-12,4.46,4.56,4.43,4.43,319691
24-Sep-12,4.44,4.56,4.32,4.45,461706
21-Sep-12,4.49,4.60,4.39,4.44,5281403
20-Sep-12,4.45,4.55,4.42,4.44,266323
19-Sep-12,4.50,4.53,4.42,4.47,781536
18-Sep-12,4.38,4.50,4.37,4.50,286488
17-Sep-12,4.32,4.48,4.30,4.37,316417
14-Sep-12,4.34,4.40,4.29,4.35,307700
13-Sep-12,4.24,4.37,4.18,4.28,495546
12-Sep-12,4.19,4.25,4.11,4.25,217661
11-Sep-12,4.29,4.40,4.20,4.20,240539
10-Sep-12,4.16,4.32,4.15,4.31,247054
7-Sep-12,4.28,4.31,4.10,4.14,194765
6-Sep-12,4.18,4.30,4.14,4.28,319894
5-Sep-12,3.90,4.22,3.86,4.14,647357
4-Sep-12,3.80,3.97,3.68,3.86,184164
31-Aug-12,3.86,3.86,3.70,3.82,93576
30-Aug-12,3.94,3.94,3.80,3.81,71219
29-Aug-12,3.94,3.95,3.87,3.95,245747
28-Aug-12,3.83,3.95,3.80,3.95,111206
27-Aug-12,3.88,3.89,3.82,3.85,72343
24-Aug-12,3.71,3.85,3.71,3.85,150477
23-Aug-12,3.68,3.75,3.66,3.73,59509
22-Aug-12,3.70,3.75,3.59,3.69,89782
21-Aug-12,3.73,3.76,3.68,3.71,137118
20-Aug-12,3.75,3.75,3.59,3.72,288811
17-Aug-12,3.73,3.75,3.61,3.75,73959
16-Aug-12,3.55,3.75,3.45,3.72,74771
15-Aug-12,3.44,3.57,3.44,3.57,45856
14-Aug-12,3.53,3.56,3.42,3.43,43346
13-Aug-12,3.58,3.63,3.46,3.52,41095
10-Aug-12,3.60,3.60,3.54,3.57,38870
9-Aug-12,3.66,3.88,3.55,3.61,45005
8-Aug-12,3.74,3.78,3.60,3.66,42846
7-Aug-12,3.74,3.82,3.72,3.75,84687
6-Aug-12,3.59,3.71,3.59,3.71,76776
3-Aug-12,3.38,3.60,3.38,3.55,75509
2-Aug-12,3.56,3.65,3.34,3.34,218000
1-Aug-12,3.85,3.90,3.57,3.57,187838
31-Jul-12,3.83,3.87,3.66,3.78,193005
30-Jul-12,3.85,3.85,3.66,3.66,53717
27-Jul-12,3.50,3.88,3.46,3.86,171919
26-Jul-12,3.48,3.50,3.43,3.50,93600
25-Jul-12,3.44,3.48,3.40,3.43,83151
24-Jul-12,3.38,3.43,3.35,3.41,125820
23-Jul-12,3.48,3.48,3.36,3.38,164084
20-Jul-12,3.61,3.61,3.50,3.50,157416
19-Jul-12,3.77,3.78,3.60,3.64,96066
18-Jul-12,3.75,3.83,3.70,3.78,129876
17-Jul-12,3.60,3.75,3.55,3.74,158985
16-Jul-12,3.72,3.72,3.53,3.55,238912
13-Jul-12,3.67,3.77,3.48,3.74,254613
12-Jul-12,3.75,3.79,3.67,3.67,137554
11-Jul-12,3.81,3.81,3.73,3.75,96441
10-Jul-12,3.80,3.83,3.73,3.82,194045
9-Jul-12,3.78,3.83,3.73,3.77,122876
6-Jul-12,3.83,3.83,3.71,3.79,106407
5-Jul-12,3.94,4.00,3.85,3.88,110746
3-Jul-12,3.98,4.00,3.92,3.93,103792
2-Jul-12,3.93,4.00,3.83,4.00,309430
29-Jun-12,3.91,3.98,3.82,3.96,365043
28-Jun-12,3.71,3.84,3.69,3.83,238998
27-Jun-12,3.74,3.85,3.67,3.75,398403
26-Jun-12,3.81,3.86,3.66,3.75,278777
25-Jun-12,3.76,3.83,3.53,3.81,582715
22-Jun-12,3.95,4.00,3.69,3.83,8275971
21-Jun-12,3.76,3.90,3.70,3.84,531296
20-Jun-12,4.03,4.03,3.70,3.78,453456
19-Jun-12,3.87,4.06,3.84,3.99,218890
18-Jun-12,3.87,4.03,3.77,3.88,423179
15-Jun-12,3.64,3.96,3.61,3.96,389379
14-Jun-12,3.40,3.66,3.35,3.63,237367
13-Jun-12,3.32,3.40,3.28,3.40,306727
12-Jun-12,3.32,3.48,3.29,3.34,152662
11-Jun-12,3.54,3.61,3.26,3.27,260267
8-Jun-12,3.24,3.58,3.20,3.54,196569
7-Jun-12,3.46,3.49,3.25,3.27,629278
6-Jun-12,3.39,3.52,3.39,3.44,137377
5-Jun-12,3.40,3.49,3.36,3.38,45941
4-Jun-12,3.50,3.61,3.42,3.44,117124
1-Jun-12,3.63,3.68,3.50,3.50,86500
31-May-12,3.68,3.73,3.61,3.65,32663
30-May-12,3.85,3.85,3.61,3.64,120478
29-May-12,3.68,3.95,3.63,3.87,147206
25-May-12,3.67,3.71,3.60,3.64,61854
24-May-12,3.70,3.70,3.57,3.67,67355
23-May-12,3.64,3.69,3.61,3.68,48375
22-May-12,3.76,3.76,3.59,3.65,159109
21-May-12,3.61,3.68,3.56,3.59,111732
18-May-12,3.71,3.71,3.60,3.60,85969
17-May-12,3.82,3.83,3.69,3.69,122218
16-May-12,3.99,4.00,3.82,3.86,95345
15-May-12,3.96,4.02,3.94,3.99,77309
14-May-12,4.03,4.08,3.96,3.96,90638
11-May-12,3.96,4.10,3.92,4.06,77312
10-May-12,4.02,4.02,3.92,3.97,130388
9-May-12,4.02,4.04,3.93,3.99,105849
8-May-12,4.19,4.20,4.03,4.06,93592
7-May-12,4.23,4.31,4.17,4.17,82861
4-May-12,4.37,4.41,4.23,4.23,87659
3-May-12,4.27,4.44,4.22,4.38,160021
2-May-12,4.30,4.33,4.23,4.31,74657
1-May-12,4.25,4.35,4.23,4.33,378675
30-Apr-12,4.25,4.35,4.21,4.26,139057
27-Apr-12,4.26,4.28,4.13,4.27,66271
26-Apr-12,4.12,4.29,4.12,4.25,122561
25-Apr-12,4.08,4.13,4.02,4.10,118945
24-Apr-12,3.96,4.14,3.92,4.02,133473
23-Apr-12,3.91,3.99,3.80,3.99,108097
20-Apr-12,3.97,4.05,3.88,3.95,125876
19-Apr-12,4.10,4.27,3.90,3.93,203262
18-Apr-12,4.10,4.24,4.02,4.09,179940
17-Apr-12,3.96,4.24,3.91,4.15,165954
16-Apr-12,3.97,4.01,3.83,3.98,176529
13-Apr-12,4.14,4.14,3.90,3.94,216776
12-Apr-12,4.15,4.20,4.04,4.12,194503
11-Apr-12,4.19,4.23,4.04,4.16,258393
10-Apr-12,4.29,4.29,4.08,4.17,231996
9-Apr-12,4.21,4.35,4.18,4.29,288286
5-Apr-12,4.18,4.32,4.17,4.29,234441
4-Apr-12,4.23,4.32,4.12,4.15,163016
3-Apr-12,4.23,4.37,4.12,4.28,263518
2-Apr-12,4.40,4.40,4.24,4.27,394678
30-Mar-12,4.38,4.40,4.31,4.40,296667
29-Mar-12,4.36,4.38,4.13,4.35,447530
28-Mar-12,4.18,4.38,4.15,4.37,341143
27-Mar-12,4.15,4.24,4.09,4.20,781470
26-Mar-12,4.11,4.17,4.07,4.13,269577
23-Mar-12,4.03,4.11,3.88,4.07,184738
22-Mar-12,3.99,4.06,3.91,4.02,307567
21-Mar-12,3.97,4.00,3.87,4.00,249912
20-Mar-12,3.94,4.00,3.85,3.93,274070
19-Mar-12,3.87,3.96,3.82,3.96,261831
16-Mar-12,4.00,4.00,3.81,3.81,901033
15-Mar-12,4.00,4.03,3.88,3.97,389134
14-Mar-12,4.06,4.08,3.83,4.00,593056
13-Mar-12,4.07,4.10,3.86,4.00,659463
12-Mar-12,3.94,4.08,3.82,4.01,575926
9-Mar-12,3.87,3.93,3.74,3.89,340390
8-Mar-12,3.84,3.98,3.78,3.84,304486
7-Mar-12,3.77,3.87,3.60,3.71,627595
6-Mar-12,3.66,3.70,3.47,3.64,506033
5-Mar-12,3.78,3.89,3.66,3.71,448035
2-Mar-12,3.84,3.95,3.75,3.76,462555
1-Mar-12,3.85,3.92,3.75,3.89,449397
29-Feb-12,3.85,4.00,3.75,3.87,420647
28-Feb-12,3.97,3.97,3.74,3.89,436196
27-Feb-12,3.95,4.01,3.75,3.92,218178
24-Feb-12,3.94,3.99,3.74,3.95,213324
23-Feb-12,3.97,4.01,3.91,3.97,184428
22-Feb-12,3.93,4.01,3.78,3.99,796271
21-Feb-12,3.75,4.00,3.72,3.94,207521
17-Feb-12,3.82,4.04,3.74,3.77,334113
16-Feb-12,4.26,4.30,3.67,3.79,535354
15-Feb-12,4.73,4.78,4.18,4.21,178574
14-Feb-12,4.76,4.76,4.55,4.63,98520
13-Feb-12,4.99,4.99,4.78,4.78,103818
10-Feb-12,4.52,4.95,4.39,4.95,185203
9-Feb-12,4.47,4.51,4.38,4.50,82915
8-Feb-12,4.48,4.50,4.35,4.42,60102
7-Feb-12,4.39,4.52,4.28,4.44,94558
6-Feb-12,4.39,4.47,4.11,4.36,78885
3-Feb-12,4.11,4.41,4.11,4.13,129709
2-Feb-12,3.81,4.10,3.81,4.09,141919
1-Feb-12,3.66,3.85,3.62,3.78,59369
31-Jan-12,3.51,3.70,3.45,3.70,99883
30-Jan-12,3.45,3.53,3.44,3.51,94927
27-Jan-12,3.49,3.51,3.48,3.50,33027
26-Jan-12,3.50,3.53,3.47,3.47,22830
25-Jan-12,3.47,3.50,3.46,3.50,39027
24-Jan-12,3.46,3.52,3.46,3.50,100603
23-Jan-12,3.46,3.52,3.46,3.50,88553
20-Jan-12,3.38,3.55,3.32,3.50,144911
19-Jan-12,3.49,3.53,3.24,3.39,128594
18-Jan-12,3.50,3.50,3.46,3.49,78336
17-Jan-12,3.50,3.53,3.44,3.50,82167
13-Jan-12,3.50,3.50,3.50,3.50,0
12-Jan-12,3.41,3.54,3.37,3.50,35563
11-Jan-12,3.32,3.44,3.32,3.37,84828
10-Jan-12,3.51,3.57,3.36,3.37,81630
9-Jan-12,3.46,3.55,3.42,3.50,53924
6-Jan-12,3.50,3.50,3.42,3.48,27299
5-Jan-12,3.47,3.52,3.44,3.50,62967
4-Jan-12,3.50,3.50,3.45,3.49,30490
3-Jan-12,3.53,3.54,3.46,3.50,87226
30-Dec-11,3.49,3.49,3.49,3.49,0
29-Dec-11,3.53,3.54,3.44,3.45,111112
28-Dec-11,3.50,3.53,3.41,3.47,82210
27-Dec-11,3.45,3.51,3.42,3.45,41015
23-Dec-11,3.50,3.50,3.50,3.50,0
22-Dec-11,3.25,3.52,3.25,3.46,75782
21-Dec-11,3.51,3.63,3.45,3.50,177315
20-Dec-11,3.33,3.70,3.33,3.56,137155
19-Dec-11,3.17,3.47,3.17,3.38,230474
16-Dec-11,3.66,3.66,3.25,3.38,219983
15-Dec-11,3.25,3.86,3.25,3.64,117019
14-Dec-11,3.21,3.90,3.21,3.84,90500
13-Dec-11,3.95,3.95,3.82,3.90,61526
12-Dec-11,3.86,3.95,3.81,3.95,65190
9-Dec-11,3.84,3.94,3.84,3.93,92460
8-Dec-11,3.91,3.91,3.76,3.85,83515
7-Dec-11,3.93,3.97,3.76,3.97,68257
6-Dec-11,3.68,4.00,3.65,4.00,108937
5-Dec-11,3.72,3.79,3.67,3.68,78467
2-Dec-11,3.55,3.74,3.55,3.71,48886
1-Dec-11,3.49,3.55,3.34,3.55,100836
30-Nov-11,3.64,3.64,3.44,3.50,70381
29-Nov-11,3.43,3.53,3.43,3.50,91224
28-Nov-11,3.55,3.55,3.49,3.55,41008
25-Nov-11,3.44,3.46,3.41,3.44,5341
23-Nov-11,3.46,3.46,3.46,3.46,0
22-Nov-11,3.51,3.59,3.44,3.52,63797
21-Nov-11,3.50,3.54,3.43,3.54,106144
18-Nov-11,3.60,3.60,3.50,3.50,137331
17-Nov-11,3.54,3.58,3.50,3.51,53619
16-Nov-11,3.63,3.65,3.51,3.51,44605
15-Nov-11,3.51,3.77,3.51,3.72,80379
14-Nov-11,3.53,3.56,3.48,3.56,42808
11-Nov-11,3.54,3.62,3.46,3.55,60274
10-Nov-11,3.64,3.69,3.50,3.52,58620
9-Nov-11,3.78,3.85,3.60,3.61,67544
8-Nov-11,3.89,3.90,3.74,3.85,77588
7-Nov-11,3.85,3.89,3.79,3.89,52911
4-Nov-11,3.85,3.86,3.76,3.85,72454
3-Nov-11,3.63,3.97,3.63,3.93,103215
2-Nov-11,3.75,3.76,3.62,3.62,77175
1-Nov-11,3.70,3.89,3.62,3.76,145669
31-Oct-11,3.21,3.59,3.21,3.56,123448
28-Oct-11,3.37,3.39,3.25,3.35,72493
27-Oct-11,3.12,3.46,3.07,3.21,129549
26-Oct-11,2.99,3.04,2.93,3.01,180126
25-Oct-11,3.14,3.14,2.93,2.98,115400
24-Oct-11,2.93,2.97,2.92,2.95,67976
21-Oct-11,3.03,3.03,2.89,2.89,106079
20-Oct-11,2.93,3.06,2.93,3.01,90365
19-Oct-11,3.03,3.04,2.96,2.96,43087
18-Oct-11,3.02,3.09,3.00,3.04,52626
17-Oct-11,2.98,3.07,2.91,3.02,77450
14-Oct-11,2.94,3.05,2.94,3.01,67347
13-Oct-11,3.00,3.01,2.88,2.88,435142
12-Oct-11,2.95,3.08,2.91,3.06,101049
11-Oct-11,3.00,3.01,2.90,2.91,59978
10-Oct-11,2.79,3.02,2.78,3.00,162528
7-Oct-11,2.73,2.79,2.64,2.72,43509
6-Oct-11,2.62,2.79,2.62,2.79,54536
5-Oct-11,2.76,2.76,2.52,2.66,144751
4-Oct-11,2.50,2.78,2.50,2.73,86973
3-Oct-11,2.78,2.80,2.52,2.57,51549
30-Sep-11,2.92,2.96,2.77,2.80,134212
