Date,Open,High,Low,Close,Volume
27-Sep-12,24.14,24.24,24.06,24.16,23316
26-Sep-12,24.26,24.29,24.05,24.28,28868
25-Sep-12,24.12,24.30,24.08,24.25,18637
24-Sep-12,24.12,24.49,24.09,24.11,31999
21-Sep-12,24.00,24.18,23.85,24.14,23746
20-Sep-12,24.01,24.14,23.86,24.09,17972
19-Sep-12,23.90,24.07,23.89,23.90,23399
18-Sep-12,24.06,24.11,23.96,24.00,11500
17-Sep-12,24.14,24.19,23.97,23.98,29279
14-Sep-12,24.12,24.15,24.02,24.03,9741
13-Sep-12,24.07,24.10,23.97,24.05,75576
12-Sep-12,24.17,24.17,23.97,23.97,37598
11-Sep-12,24.13,24.15,24.03,24.05,23001
10-Sep-12,23.93,24.14,23.93,24.03,13477
7-Sep-12,24.10,24.19,23.98,24.08,19619
6-Sep-12,24.20,24.49,24.10,24.10,28507
5-Sep-12,24.25,24.35,24.08,24.35,48072
4-Sep-12,24.15,24.20,24.15,24.20,24980
31-Aug-12,24.20,24.20,24.17,24.18,14957
30-Aug-12,24.19,24.20,24.16,24.20,16559
29-Aug-12,24.19,24.20,23.94,24.19,26027
28-Aug-12,24.20,24.20,24.05,24.10,27011
27-Aug-12,24.17,24.24,24.17,24.20,12142
24-Aug-12,23.98,24.20,23.97,24.20,22013
23-Aug-12,24.11,24.11,24.05,24.09,18525
22-Aug-12,24.05,24.18,24.05,24.15,19189
21-Aug-12,24.13,24.20,24.03,24.05,32375
20-Aug-12,24.13,24.20,24.05,24.15,35592
17-Aug-12,24.19,24.21,24.09,24.20,14687
16-Aug-12,24.10,24.24,24.09,24.14,6080
15-Aug-12,24.09,24.10,24.05,24.10,11766
14-Aug-12,24.09,24.10,24.04,24.10,7644
13-Aug-12,24.10,24.11,24.00,24.10,8063
10-Aug-12,24.10,24.10,24.05,24.10,4200
9-Aug-12,24.01,24.10,23.87,24.09,4201
8-Aug-12,23.86,24.10,23.85,24.10,6436
7-Aug-12,23.82,24.00,23.82,23.95,3400
6-Aug-12,24.00,24.00,23.98,23.99,10400
3-Aug-12,23.96,24.00,23.95,24.00,11700
2-Aug-12,23.92,23.96,23.90,23.96,12152
1-Aug-12,23.75,23.95,23.70,23.95,14286
31-Jul-12,23.70,23.85,23.69,23.78,26131
30-Jul-12,23.39,23.74,23.37,23.69,30741
27-Jul-12,23.68,23.71,23.52,23.54,67163
26-Jul-12,23.68,23.82,23.52,23.70,55098
25-Jul-12,23.67,23.82,23.45,23.63,72159
24-Jul-12,23.70,23.84,23.61,23.70,49594
23-Jul-12,23.69,23.74,23.53,23.69,53043
20-Jul-12,23.34,23.75,23.34,23.65,96736
19-Jul-12,23.66,23.75,23.42,23.61,69523
18-Jul-12,23.78,23.80,23.62,23.66,109754
17-Jul-12,23.68,23.80,23.55,23.75,76303
16-Jul-12,23.59,23.74,23.41,23.65,43892
13-Jul-12,23.61,23.70,23.61,23.70,12210
12-Jul-12,23.50,23.73,23.50,23.72,61793
11-Jul-12,23.58,23.75,23.55,23.70,158164
10-Jul-12,23.95,23.95,23.81,23.87,41094
9-Jul-12,24.00,24.00,23.85,23.87,40892
6-Jul-12,23.90,23.99,23.90,23.99,21402
5-Jul-12,23.88,23.98,23.85,23.96,80127
3-Jul-12,23.96,23.96,23.78,23.83,67067
2-Jul-12,23.75,23.90,23.75,23.90,283772
29-Jun-12,23.87,23.93,22.88,23.78,277618
28-Jun-12,24.00,24.10,23.65,23.81,547323
27-Jun-12,24.65,24.65,24.55,24.55,7100
26-Jun-12,24.56,24.78,24.51,24.60,4012
25-Jun-12,24.50,24.80,24.45,24.73,6189
22-Jun-12,24.40,24.40,24.35,24.35,4913
21-Jun-12,24.50,24.50,24.49,24.50,1520
20-Jun-12,24.50,24.74,24.48,24.50,4983
19-Jun-12,24.50,25.00,24.26,24.45,2505
18-Jun-12,24.42,24.48,24.11,24.45,3100
15-Jun-12,24.50,24.50,24.02,24.50,3803
14-Jun-12,24.50,24.50,24.30,24.50,1760
13-Jun-12,24.50,24.50,24.45,24.50,1200
12-Jun-12,24.50,24.50,24.50,24.50,1180
11-Jun-12,24.50,24.50,24.30,24.31,2600
8-Jun-12,24.50,24.65,24.16,24.50,7464
7-Jun-12,24.26,24.50,24.26,24.32,1522
6-Jun-12,24.48,24.48,24.23,24.31,1500
5-Jun-12,24.00,24.35,24.00,24.35,1400
4-Jun-12,24.43,24.43,24.02,24.02,1300
1-Jun-12,24.47,24.50,24.43,24.43,3580
31-May-12,24.59,24.59,24.50,24.50,875
30-May-12,24.70,24.70,24.50,24.52,1270
29-May-12,24.88,25.26,24.35,24.55,11143
25-May-12,24.48,24.53,24.26,24.26,2705
24-May-12,24.35,24.35,24.30,24.30,600
23-May-12,24.45,24.51,24.35,24.35,8041
22-May-12,24.70,24.70,24.35,24.45,1500
21-May-12,24.63,24.63,24.63,24.63,500
18-May-12,24.51,24.51,24.28,24.48,2540
17-May-12,24.58,24.58,24.45,24.46,1808
16-May-12,24.60,24.60,24.60,24.60,0
15-May-12,24.61,24.61,24.60,24.60,440
14-May-12,24.78,24.78,24.56,24.56,700
11-May-12,24.90,24.90,24.60,24.60,1250
10-May-12,24.86,24.87,24.83,24.85,1511
9-May-12,24.47,24.73,24.47,24.73,2569
8-May-12,24.41,24.54,24.41,24.54,3622
7-May-12,24.78,24.91,24.41,24.91,3350
4-May-12,24.81,24.81,24.81,24.81,0
3-May-12,24.57,24.96,24.55,24.81,16870
2-May-12,24.87,24.94,24.54,24.55,27486
1-May-12,24.80,24.80,24.50,24.50,2296
30-Apr-12,24.50,24.50,24.40,24.50,28587
27-Apr-12,24.41,24.50,24.40,24.50,6200
26-Apr-12,24.49,24.49,24.40,24.49,2650
25-Apr-12,24.51,24.55,24.37,24.41,11105
24-Apr-12,24.50,24.64,24.50,24.55,2001
23-Apr-12,24.34,24.90,24.34,24.52,815
20-Apr-12,24.36,24.36,24.30,24.30,300
19-Apr-12,24.37,24.47,24.30,24.30,5334
18-Apr-12,24.37,24.58,24.30,24.58,2600
17-Apr-12,24.38,24.49,24.21,24.49,2740
16-Apr-12,24.56,24.60,24.50,24.55,1900
13-Apr-12,24.56,24.70,24.17,24.38,8827
12-Apr-12,24.54,24.70,24.51,24.51,6174
11-Apr-12,24.92,24.92,24.65,24.70,3350
10-Apr-12,24.95,24.97,24.70,24.97,2285
9-Apr-12,24.58,24.83,24.54,24.80,1955
5-Apr-12,24.79,24.80,24.75,24.75,926
4-Apr-12,24.85,24.85,24.51,24.83,5513
3-Apr-12,24.63,24.96,24.60,24.96,705
2-Apr-12,24.72,24.72,24.61,24.62,3018
30-Mar-12,24.46,24.73,24.46,24.72,3632
29-Mar-12,24.51,24.51,24.50,24.50,925
28-Mar-12,24.42,24.79,24.42,24.79,1325
27-Mar-12,24.53,24.85,24.35,24.35,3900
26-Mar-12,24.44,24.60,24.42,24.60,3132
23-Mar-12,24.30,24.38,24.30,24.38,1200
22-Mar-12,24.44,24.49,24.26,24.40,2819
21-Mar-12,24.31,24.43,24.31,24.43,600
20-Mar-12,24.50,24.50,24.50,24.50,2797
19-Mar-12,24.66,24.88,24.62,24.88,2727
16-Mar-12,24.54,24.63,24.52,24.63,2650
15-Mar-12,24.57,24.57,24.33,24.52,700
14-Mar-12,24.48,24.79,24.25,24.49,8080
13-Mar-12,24.15,24.44,24.15,24.25,7800
12-Mar-12,24.17,24.45,24.17,24.45,1600
9-Mar-12,24.21,24.50,23.90,24.47,6698
8-Mar-12,24.25,24.70,24.07,24.49,7450
7-Mar-12,24.52,24.60,24.50,24.60,2400
6-Mar-12,24.52,24.52,24.50,24.50,1804
5-Mar-12,24.69,24.70,24.60,24.66,3000
2-Mar-12,24.50,24.75,24.25,24.42,3200
1-Mar-12,24.45,24.57,24.45,24.45,6213
29-Feb-12,24.27,24.27,24.27,24.27,100
28-Feb-12,24.50,24.50,24.26,24.50,3400
27-Feb-12,24.50,24.78,24.25,24.50,2000
24-Feb-12,24.50,24.68,24.20,24.68,4899
23-Feb-12,24.43,24.43,24.25,24.36,837
22-Feb-12,24.52,24.60,24.16,24.20,16324
21-Feb-12,24.37,24.79,24.37,24.75,4350
17-Feb-12,24.35,24.35,23.81,24.25,2615
16-Feb-12,24.65,24.79,24.22,24.39,7579
15-Feb-12,24.66,24.70,24.40,24.40,1878
14-Feb-12,24.44,24.70,24.13,24.30,3418
13-Feb-12,24.00,24.31,23.71,24.06,4582
10-Feb-12,23.58,23.94,23.58,23.93,1513
9-Feb-12,23.30,23.80,23.30,23.80,15120
8-Feb-12,23.96,23.99,23.80,23.80,3000
7-Feb-12,23.29,24.00,23.29,23.95,4366
6-Feb-12,23.80,23.80,23.26,23.53,6700
3-Feb-12,23.98,24.38,23.75,24.10,7658
2-Feb-12,23.86,23.86,23.71,23.71,200
1-Feb-12,23.98,23.98,23.51,23.70,1818
31-Jan-12,23.69,23.69,23.50,23.65,1485
30-Jan-12,23.69,23.69,23.56,23.69,5981
27-Jan-12,23.49,23.69,23.49,23.64,1355
25-Jan-12,23.35,23.35,23.35,23.35,0
24-Jan-12,23.03,23.05,23.00,23.05,2560
23-Jan-12,23.21,23.24,23.01,23.01,1000
20-Jan-12,23.01,23.08,23.00,23.00,2233
19-Jan-12,22.69,23.04,22.69,23.01,3598
18-Jan-12,22.37,22.53,22.37,22.46,2470
17-Jan-12,22.66,22.72,22.26,22.36,5077
13-Jan-12,23.05,23.05,23.05,23.05,0
12-Jan-12,23.44,23.64,23.21,23.21,4386
11-Jan-12,22.84,23.50,22.82,23.24,10139
10-Jan-12,22.96,23.46,22.96,23.21,2065
9-Jan-12,23.09,23.19,22.86,23.17,3515
6-Jan-12,22.84,23.09,22.80,23.09,4838
5-Jan-12,22.66,22.99,22.66,22.99,6176
4-Jan-12,22.95,22.95,22.82,22.95,1800
3-Jan-12,22.96,22.99,22.96,22.99,700
30-Dec-11,22.67,22.67,22.67,22.67,0
29-Dec-11,22.53,22.75,22.53,22.62,1468
28-Dec-11,22.98,22.98,22.98,22.98,0
27-Dec-11,22.50,22.80,22.50,22.75,2002
22-Dec-11,22.72,22.72,22.72,22.72,0
21-Dec-11,22.92,22.92,22.76,22.76,500
20-Dec-11,22.49,22.79,22.05,22.79,4629
19-Dec-11,21.99,22.05,21.99,22.05,1600
16-Dec-11,21.36,21.71,21.29,21.71,6437
15-Dec-11,21.01,21.22,20.80,20.80,2948
14-Dec-11,21.55,21.58,20.95,21.01,9382
13-Dec-11,21.42,21.59,21.19,21.20,10655
12-Dec-11,21.76,22.10,20.76,21.54,9391
9-Dec-11,22.20,22.21,22.19,22.20,2400
8-Dec-11,22.20,22.20,22.20,22.20,100
7-Dec-11,22.21,22.21,22.21,22.21,0
6-Dec-11,22.28,22.56,22.28,22.49,3141
5-Dec-11,22.30,22.30,22.30,22.30,450
2-Dec-11,22.48,22.50,22.31,22.34,1080
1-Dec-11,22.68,22.70,22.28,22.50,3983
30-Nov-11,22.74,23.08,22.70,22.70,2423
29-Nov-11,22.73,23.00,22.71,23.00,1210
28-Nov-11,22.99,23.00,22.99,23.00,900
25-Nov-11,23.04,23.04,22.72,22.93,2020
23-Nov-11,23.02,23.02,23.02,23.02,0
22-Nov-11,22.96,22.96,22.63,22.63,1500
21-Nov-11,22.75,23.21,22.75,23.09,2980
18-Nov-11,22.66,22.66,22.64,22.64,814
17-Nov-11,22.72,22.80,22.70,22.80,2300
16-Nov-11,22.75,23.39,22.40,22.77,15163
15-Nov-11,22.59,22.60,22.59,22.60,1050
14-Nov-11,22.86,22.98,22.85,22.86,612
10-Nov-11,22.88,22.88,22.88,22.88,0
9-Nov-11,22.50,22.50,22.50,22.50,0
8-Nov-11,22.70,22.70,22.70,22.70,300
7-Nov-11,22.75,22.98,22.57,22.60,2128
4-Nov-11,22.75,22.99,22.75,22.99,1022
3-Nov-11,22.75,22.99,22.52,22.88,4244
2-Nov-11,22.94,22.94,22.50,22.50,1711
1-Nov-11,22.15,22.89,22.15,22.88,747
31-Oct-11,22.80,22.92,22.54,22.54,525
28-Oct-11,22.32,22.80,22.32,22.80,3325
27-Oct-11,22.16,22.35,22.16,22.35,1986
26-Oct-11,21.98,21.98,21.95,21.95,1115
25-Oct-11,21.58,22.21,21.57,22.17,2384
24-Oct-11,22.28,22.28,22.07,22.07,306
21-Oct-11,22.34,22.34,22.27,22.33,1554
20-Oct-11,21.99,22.35,21.92,22.35,1600
19-Oct-11,21.95,21.95,21.95,21.95,0
18-Oct-11,22.30,22.30,21.73,21.73,3648
17-Oct-11,21.76,22.54,21.76,22.53,1500
12-Oct-11,22.30,22.30,22.30,22.30,0
11-Oct-11,22.38,22.38,22.38,22.38,150
10-Oct-11,22.41,22.41,22.41,22.41,0
7-Oct-11,22.07,22.41,22.01,22.31,4058
6-Oct-11,22.30,22.32,21.90,21.96,3563
5-Oct-11,21.94,21.99,21.51,21.94,3350
4-Oct-11,21.62,21.70,21.21,21.50,4917
3-Oct-11,21.75,21.75,21.19,21.64,5360
30-Sep-11,21.54,21.82,21.50,21.58,4530
