Date,Open,High,Low,Close,Volume
27-Sep-12,30.89,31.99,29.88,30.22,2282199
26-Sep-12,33.39,33.47,32.83,33.38,368033
25-Sep-12,34.00,34.11,33.17,33.20,344137
24-Sep-12,33.76,34.12,33.40,33.96,190170
21-Sep-12,34.44,34.52,33.78,34.00,261850
20-Sep-12,33.68,34.02,33.29,33.96,197877
19-Sep-12,33.75,34.10,33.64,33.87,151370
18-Sep-12,33.51,33.74,33.24,33.73,162209
17-Sep-12,33.74,33.74,33.41,33.56,184813
14-Sep-12,33.79,34.22,33.75,33.95,217878
13-Sep-12,33.33,33.88,33.09,33.64,302126
12-Sep-12,33.49,33.56,32.82,33.36,415118
11-Sep-12,32.97,33.52,32.77,33.47,218562
10-Sep-12,32.74,33.23,32.67,33.09,239073
7-Sep-12,32.51,32.94,32.26,32.80,293273
6-Sep-12,31.14,32.35,31.10,32.35,277596
5-Sep-12,30.73,31.14,30.53,30.90,262337
4-Sep-12,30.47,30.83,30.12,30.83,216730
31-Aug-12,30.44,30.50,30.11,30.41,128838
30-Aug-12,30.24,30.37,30.11,30.24,188622
29-Aug-12,29.81,30.41,29.69,30.34,170311
28-Aug-12,29.52,29.90,29.47,29.83,155107
27-Aug-12,29.84,29.86,29.46,29.61,143694
24-Aug-12,29.62,29.99,29.56,29.77,115760
23-Aug-12,29.99,30.08,29.67,29.78,185167
22-Aug-12,29.90,30.03,29.65,29.99,122156
21-Aug-12,30.23,30.48,29.84,29.93,177238
20-Aug-12,30.06,30.22,29.89,30.15,137391
17-Aug-12,29.86,30.25,29.86,30.24,68720
16-Aug-12,29.32,29.96,29.10,29.93,67475
15-Aug-12,29.01,29.43,29.00,29.41,74821
14-Aug-12,29.62,29.79,29.09,29.13,132808
13-Aug-12,29.98,29.98,29.23,29.51,68447
10-Aug-12,30.00,30.13,29.80,30.06,89136
9-Aug-12,30.07,30.25,29.98,30.02,59555
8-Aug-12,29.94,30.20,29.93,30.06,65963
7-Aug-12,29.70,30.20,29.70,30.00,126839
6-Aug-12,29.29,29.79,29.29,29.61,121996
3-Aug-12,29.01,29.50,28.92,29.34,102926
2-Aug-12,28.43,28.72,28.25,28.47,686157
1-Aug-12,29.32,29.49,28.69,28.69,411389
31-Jul-12,29.19,29.50,29.13,29.22,361436
30-Jul-12,29.24,29.54,29.16,29.32,237332
27-Jul-12,28.43,29.34,28.43,29.27,227585
26-Jul-12,28.79,28.96,28.17,28.34,336733
25-Jul-12,28.66,28.66,28.11,28.35,242772
24-Jul-12,28.57,28.58,28.14,28.46,434024
23-Jul-12,28.50,28.86,28.33,28.59,225001
20-Jul-12,29.10,29.73,28.97,29.02,300115
19-Jul-12,29.34,29.52,29.08,29.38,239822
18-Jul-12,28.91,29.37,28.91,29.33,200089
17-Jul-12,29.21,29.37,28.84,29.08,370372
16-Jul-12,29.73,29.91,28.93,29.06,437692
13-Jul-12,29.91,30.44,29.78,29.85,235772
12-Jul-12,29.77,30.09,29.47,29.88,306300
11-Jul-12,30.18,30.30,29.79,30.09,480171
10-Jul-12,30.61,30.99,30.11,30.25,381772
9-Jul-12,30.67,30.73,30.25,30.58,349044
6-Jul-12,30.83,31.01,30.50,30.73,291599
5-Jul-12,31.09,31.35,30.79,31.06,228058
3-Jul-12,30.57,31.28,30.47,31.28,234124
2-Jul-12,30.73,30.88,30.18,30.62,318841
29-Jun-12,30.99,30.99,30.46,30.70,360473
28-Jun-12,30.47,30.62,29.82,30.30,328190
27-Jun-12,30.68,31.04,30.55,30.74,347444
26-Jun-12,29.60,31.29,29.29,31.06,1035902
25-Jun-12,28.79,29.24,28.65,28.73,484928
22-Jun-12,29.67,29.83,29.09,29.24,1971411
21-Jun-12,30.56,30.63,29.44,29.44,299141
20-Jun-12,30.49,31.33,30.44,30.73,337074
19-Jun-12,30.25,30.78,30.10,30.68,545984
18-Jun-12,29.84,30.18,29.78,30.03,346587
15-Jun-12,30.23,30.35,29.95,30.05,611107
14-Jun-12,30.42,30.73,30.13,30.14,323582
13-Jun-12,30.76,30.98,30.44,30.46,367955
12-Jun-12,31.01,31.09,30.36,30.79,411785
11-Jun-12,31.74,31.94,30.76,30.77,281118
8-Jun-12,30.84,31.35,30.24,31.35,168656
7-Jun-12,31.05,31.30,30.81,30.96,328318
6-Jun-12,30.05,30.67,30.05,30.66,254296
5-Jun-12,29.54,29.88,29.21,29.80,229015
4-Jun-12,29.98,30.05,29.34,29.77,350532
1-Jun-12,29.66,30.04,29.04,29.98,557126
31-May-12,30.62,31.06,30.09,30.40,277393
30-May-12,31.18,31.29,30.67,30.71,180900
29-May-12,31.30,31.73,31.09,31.59,104129
25-May-12,31.08,31.11,30.77,30.92,127634
24-May-12,30.97,31.15,30.57,31.15,152875
23-May-12,30.17,30.94,29.97,30.89,184946
22-May-12,30.90,31.15,30.34,30.52,245220
21-May-12,30.08,31.13,30.00,31.04,250519
18-May-12,30.14,30.28,29.85,29.98,451183
17-May-12,31.54,31.54,30.14,30.19,374194
16-May-12,31.74,31.98,31.30,31.56,356210
15-May-12,31.49,32.11,31.32,31.60,507930
14-May-12,31.56,31.81,31.29,31.53,245755
11-May-12,31.76,31.99,31.60,31.86,259265
10-May-12,32.15,32.31,31.73,32.04,236901
9-May-12,31.96,32.28,31.70,31.92,377065
8-May-12,31.63,32.54,31.54,32.46,582593
7-May-12,31.36,32.07,31.16,31.95,323599
4-May-12,31.84,31.84,31.23,31.54,422973
3-May-12,32.80,32.89,32.00,32.03,377015
2-May-12,32.35,32.95,32.19,32.95,376113
1-May-12,32.89,33.29,32.61,32.63,459422
30-Apr-12,33.05,33.05,32.40,32.90,427185
27-Apr-12,32.87,33.24,32.54,33.02,271493
26-Apr-12,32.74,32.95,32.38,32.75,197766
25-Apr-12,32.50,32.90,32.36,32.79,295622
24-Apr-12,31.88,32.40,31.71,32.16,218216
23-Apr-12,32.08,32.18,31.54,32.03,283399
20-Apr-12,32.75,33.04,32.53,32.75,315093
19-Apr-12,32.25,32.43,31.79,32.40,360284
18-Apr-12,32.17,32.41,32.00,32.24,286319
17-Apr-12,32.49,32.72,32.39,32.39,247439
16-Apr-12,32.22,32.30,31.72,32.15,318810
13-Apr-12,32.35,32.60,32.06,32.15,446261
12-Apr-12,31.93,32.49,31.78,32.32,415150
11-Apr-12,31.69,31.83,31.35,31.83,348341
10-Apr-12,32.02,32.15,31.11,31.31,366279
9-Apr-12,31.75,32.10,31.63,32.07,437307
5-Apr-12,32.32,32.66,32.17,32.34,301882
4-Apr-12,32.65,32.74,32.25,32.53,247400
3-Apr-12,33.08,33.23,32.76,33.05,308832
2-Apr-12,32.95,33.20,32.15,33.08,732482
30-Mar-12,33.32,33.48,32.49,32.83,432106
29-Mar-12,31.66,33.40,31.20,32.92,1035529
28-Mar-12,31.52,31.88,31.15,31.66,546302
27-Mar-12,31.84,31.95,31.54,31.60,344167
26-Mar-12,31.50,31.76,31.32,31.76,514129
23-Mar-12,30.74,31.27,30.46,31.14,194861
22-Mar-12,30.58,30.82,30.29,30.72,389366
21-Mar-12,30.94,31.19,30.82,30.90,281808
20-Mar-12,30.94,31.17,30.65,30.96,241862
19-Mar-12,31.19,31.63,30.96,31.30,340069
16-Mar-12,31.41,31.56,31.06,31.16,456766
15-Mar-12,31.08,31.42,30.93,31.28,452596
14-Mar-12,30.81,31.13,30.81,31.05,373145
13-Mar-12,30.84,31.26,30.83,30.90,586717
12-Mar-12,30.90,30.94,30.53,30.62,225228
9-Mar-12,30.31,31.06,30.16,30.79,333009
8-Mar-12,30.28,30.45,29.82,30.36,192266
7-Mar-12,29.43,30.04,29.29,29.98,555155
6-Mar-12,29.50,30.14,29.06,29.26,683493
5-Mar-12,29.23,29.59,28.96,29.37,684691
2-Mar-12,30.41,30.59,29.28,29.35,486861
1-Mar-12,30.32,30.79,29.92,30.37,327845
29-Feb-12,30.85,31.02,30.10,30.13,329110
28-Feb-12,30.77,31.62,30.70,30.73,588266
27-Feb-12,30.28,30.83,29.76,30.73,411341
24-Feb-12,30.61,30.89,30.47,30.57,257642
23-Feb-12,30.43,30.81,30.19,30.70,421819
22-Feb-12,30.39,30.73,30.32,30.47,433459
21-Feb-12,30.98,30.98,30.40,30.53,463654
17-Feb-12,30.82,30.95,30.64,30.86,329302
16-Feb-12,29.91,30.81,29.74,30.73,465721
15-Feb-12,29.58,30.04,29.46,29.99,539180
14-Feb-12,29.51,30.04,29.15,29.51,336065
13-Feb-12,29.28,29.85,29.28,29.74,353487
10-Feb-12,29.40,29.42,28.75,29.03,539824
9-Feb-12,29.84,30.07,29.40,29.73,195491
8-Feb-12,29.57,30.00,29.53,29.73,286398
7-Feb-12,29.75,29.93,29.48,29.54,342753
6-Feb-12,29.87,30.08,29.60,29.82,236488
3-Feb-12,30.02,30.42,29.78,29.97,417155
2-Feb-12,29.46,29.66,29.19,29.37,303034
1-Feb-12,28.90,29.47,28.66,29.44,674033
31-Jan-12,28.50,28.80,28.07,28.62,438944
30-Jan-12,28.18,28.61,28.07,28.36,490493
27-Jan-12,28.16,28.89,28.10,28.53,919420
26-Jan-12,28.46,28.46,27.90,28.40,495489
25-Jan-12,27.07,28.25,26.76,28.21,782401
24-Jan-12,26.93,27.26,26.74,27.21,395727
23-Jan-12,27.26,27.48,26.96,27.16,493335
20-Jan-12,26.19,27.27,26.12,27.22,664442
19-Jan-12,25.26,26.35,24.21,26.32,1227289
18-Jan-12,25.59,26.28,25.53,26.17,1050624
17-Jan-12,25.47,25.90,25.20,25.46,410660
13-Jan-12,24.87,24.87,24.87,24.87,0
12-Jan-12,24.30,24.93,24.03,24.87,233042
11-Jan-12,24.07,24.40,24.06,24.28,386995
10-Jan-12,24.27,24.62,24.20,24.26,603121
9-Jan-12,23.81,24.09,23.49,23.87,643220
6-Jan-12,23.60,24.05,23.45,23.70,896323
5-Jan-12,23.27,23.66,22.99,23.61,788867
4-Jan-12,23.37,23.64,23.34,23.49,453316
3-Jan-12,23.58,24.13,23.50,23.57,483803
30-Dec-11,23.11,23.11,23.11,23.11,0
29-Dec-11,22.85,23.20,22.85,23.12,214582
28-Dec-11,23.07,23.10,22.65,22.70,371789
27-Dec-11,22.93,23.25,22.93,22.98,230084
23-Dec-11,22.94,22.94,22.94,22.94,0
22-Dec-11,23.95,24.09,22.69,22.76,639314
21-Dec-11,23.33,23.71,23.01,23.64,268039
20-Dec-11,22.78,23.55,22.78,23.49,385112
19-Dec-11,22.63,23.14,22.02,22.25,400830
16-Dec-11,22.67,23.04,22.30,22.47,779600
15-Dec-11,21.71,22.46,21.58,22.39,378779
14-Dec-11,21.23,21.68,21.10,21.34,345130
13-Dec-11,21.97,22.23,21.19,21.49,349282
12-Dec-11,21.91,21.91,21.47,21.75,214777
9-Dec-11,21.68,22.34,21.38,22.26,539361
8-Dec-11,22.49,22.51,21.55,21.64,357921
7-Dec-11,22.66,22.98,22.31,22.81,246362
6-Dec-11,22.83,22.98,22.47,22.78,275668
5-Dec-11,22.80,23.08,22.54,22.89,270138
2-Dec-11,22.94,23.20,22.31,22.37,277518
1-Dec-11,23.12,23.50,22.50,22.56,356717
30-Nov-11,22.77,23.09,22.65,23.06,802948
29-Nov-11,21.66,21.99,21.44,21.73,208907
28-Nov-11,21.13,21.73,21.08,21.68,303532
25-Nov-11,20.57,21.10,20.57,20.62,98458
23-Nov-11,20.72,20.72,20.72,20.72,0
22-Nov-11,21.55,21.65,21.00,21.25,180868
21-Nov-11,21.68,21.74,21.23,21.52,255911
18-Nov-11,21.53,22.18,21.48,22.11,349455
17-Nov-11,21.79,22.13,21.35,21.51,263939
16-Nov-11,21.97,22.51,21.84,21.85,208323
15-Nov-11,21.75,22.44,21.70,22.29,204029
14-Nov-11,22.09,22.31,21.70,21.85,167599
11-Nov-11,21.95,22.37,21.95,22.27,166269
10-Nov-11,21.49,21.88,21.17,21.63,250083
9-Nov-11,21.82,21.87,21.08,21.09,292699
8-Nov-11,22.35,22.57,21.75,22.52,267116
7-Nov-11,22.01,22.27,21.62,22.22,213823
4-Nov-11,21.90,22.24,21.62,22.11,208409
3-Nov-11,21.79,22.21,21.16,22.15,258236
2-Nov-11,21.26,21.53,20.95,21.42,332267
1-Nov-11,20.55,21.43,20.44,20.85,442328
31-Oct-11,22.02,22.15,21.49,21.49,360983
28-Oct-11,23.13,23.50,22.24,22.40,598861
27-Oct-11,21.43,23.48,21.43,22.85,673379
26-Oct-11,20.78,20.99,20.22,20.85,418729
25-Oct-11,21.10,21.17,20.33,20.38,413404
24-Oct-11,20.55,21.26,20.41,21.24,246410
21-Oct-11,20.16,20.49,19.87,20.48,272281
20-Oct-11,19.46,19.81,19.17,19.75,330354
19-Oct-11,19.74,19.74,19.34,19.48,483226
18-Oct-11,19.22,19.96,18.93,19.84,325464
17-Oct-11,19.63,19.73,19.03,19.10,375944
14-Oct-11,19.51,19.88,19.40,19.83,181140
13-Oct-11,19.13,19.42,18.90,19.26,207571
12-Oct-11,18.88,19.49,18.73,19.33,423595
11-Oct-11,18.60,18.88,18.47,18.67,427515
10-Oct-11,18.50,18.85,18.29,18.84,460766
7-Oct-11,18.71,18.71,17.95,18.07,356960
6-Oct-11,18.32,18.79,18.21,18.58,475160
5-Oct-11,18.28,18.53,17.89,18.35,480946
4-Oct-11,16.92,18.22,16.92,18.15,674474
3-Oct-11,18.03,18.39,17.05,17.06,666453
30-Sep-11,18.30,18.65,18.17,18.22,351215
