Date,Open,High,Low,Close,Volume
27-Sep-12,5.25,5.28,5.15,5.22,207892
26-Sep-12,5.12,5.25,5.09,5.23,238733
25-Sep-12,5.09,5.21,5.04,5.10,232770
24-Sep-12,5.03,5.15,5.00,5.07,305902
21-Sep-12,5.28,5.29,5.04,5.05,447446
20-Sep-12,5.08,5.28,5.05,5.25,477910
19-Sep-12,5.01,5.11,5.01,5.10,306031
18-Sep-12,4.96,5.11,4.92,5.03,329616
17-Sep-12,4.97,5.00,4.86,4.95,242211
14-Sep-12,4.92,5.05,4.92,5.00,279096
13-Sep-12,4.94,5.00,4.85,4.90,374609
12-Sep-12,4.97,5.00,4.89,4.95,234214
11-Sep-12,4.97,5.08,4.95,4.96,336820
10-Sep-12,4.97,5.00,4.95,4.96,301544
7-Sep-12,4.97,5.06,4.94,4.97,636168
6-Sep-12,4.82,4.98,4.82,4.94,380192
5-Sep-12,4.88,5.00,4.76,4.79,439199
4-Sep-12,4.76,4.92,4.66,4.87,297857
31-Aug-12,4.67,4.77,4.62,4.73,266789
30-Aug-12,4.65,4.69,4.60,4.64,180796
29-Aug-12,4.62,4.73,4.55,4.66,307864
28-Aug-12,4.90,5.02,4.53,4.60,917551
27-Aug-12,4.69,4.94,4.67,4.86,911833
24-Aug-12,4.34,4.66,4.34,4.64,341227
23-Aug-12,4.18,4.49,4.17,4.38,555833
22-Aug-12,4.03,4.24,3.91,4.15,525940
21-Aug-12,3.84,3.95,3.84,3.88,168729
20-Aug-12,3.82,3.87,3.81,3.83,107004
17-Aug-12,3.78,3.87,3.73,3.81,48357
16-Aug-12,3.76,3.80,3.68,3.80,39867
15-Aug-12,3.77,3.79,3.72,3.76,19474
14-Aug-12,3.82,3.88,3.74,3.79,22508
13-Aug-12,3.88,3.88,3.76,3.81,37665
10-Aug-12,3.73,3.85,3.66,3.85,27123
9-Aug-12,3.70,3.78,3.67,3.74,28301
8-Aug-12,3.60,3.75,3.60,3.72,33923
7-Aug-12,3.68,3.68,3.58,3.62,61351
6-Aug-12,3.61,3.72,3.60,3.65,69722
3-Aug-12,3.59,3.65,3.51,3.58,80799
2-Aug-12,3.55,3.56,3.49,3.53,160592
1-Aug-12,3.59,3.75,3.50,3.56,252916
31-Jul-12,3.57,3.67,3.56,3.57,240956
30-Jul-12,3.57,3.63,3.57,3.60,69528
27-Jul-12,3.53,3.60,3.51,3.57,155282
26-Jul-12,3.60,3.60,3.50,3.51,150086
25-Jul-12,3.48,3.57,3.42,3.54,172735
24-Jul-12,3.46,3.50,3.34,3.49,205844
23-Jul-12,3.42,3.51,3.36,3.46,179021
20-Jul-12,3.46,3.52,3.38,3.51,124648
19-Jul-12,3.51,3.53,3.42,3.50,158580
18-Jul-12,3.48,3.55,3.47,3.51,203587
17-Jul-12,3.56,3.57,3.50,3.50,96526
16-Jul-12,3.51,3.57,3.48,3.51,120914
13-Jul-12,3.52,3.57,3.50,3.51,167155
12-Jul-12,3.51,3.56,3.40,3.48,209088
11-Jul-12,3.55,3.58,3.51,3.56,96104
10-Jul-12,3.60,3.60,3.48,3.54,388922
9-Jul-12,3.39,3.61,3.34,3.56,507310
6-Jul-12,3.21,3.28,3.19,3.26,134999
5-Jul-12,3.26,3.30,3.19,3.24,184534
3-Jul-12,3.18,3.30,3.18,3.25,96237
2-Jul-12,3.10,3.18,3.09,3.18,157503
29-Jun-12,3.26,3.26,3.06,3.07,301709
28-Jun-12,3.12,3.24,3.05,3.17,153081
27-Jun-12,3.06,3.18,3.05,3.15,83412
26-Jun-12,3.10,3.10,3.02,3.04,109110
25-Jun-12,3.07,3.13,3.02,3.07,78200
22-Jun-12,3.05,3.14,3.01,3.04,467787
21-Jun-12,3.17,3.26,3.01,3.04,466550
20-Jun-12,3.17,3.25,3.15,3.15,178871
19-Jun-12,3.29,3.29,3.13,3.15,390522
18-Jun-12,3.28,3.36,3.22,3.29,254094
15-Jun-12,3.09,3.30,3.09,3.30,313122
14-Jun-12,3.09,3.14,3.06,3.08,83485
13-Jun-12,3.07,3.16,3.05,3.09,106254
12-Jun-12,3.05,3.09,3.02,3.05,109352
11-Jun-12,3.19,3.19,3.03,3.05,179872
8-Jun-12,3.05,3.14,3.04,3.14,166494
7-Jun-12,3.07,3.13,3.03,3.05,146148
6-Jun-12,3.08,3.12,3.03,3.03,289391
5-Jun-12,3.00,3.05,3.00,3.04,91458
4-Jun-12,3.05,3.10,3.00,3.00,223449
1-Jun-12,3.01,3.09,3.01,3.04,261368
31-May-12,3.10,3.11,3.02,3.10,197701
30-May-12,3.15,3.22,3.05,3.08,177355
29-May-12,3.09,3.17,3.05,3.16,205815
25-May-12,3.07,3.07,3.01,3.05,92089
24-May-12,3.03,3.08,3.01,3.08,144127
23-May-12,3.00,3.05,3.00,3.03,211097
22-May-12,3.13,3.16,2.98,3.03,221420
21-May-12,3.00,3.17,3.00,3.13,136384
18-May-12,3.00,3.04,3.00,3.00,279208
17-May-12,3.06,3.07,3.00,3.02,186265
16-May-12,3.06,3.11,3.05,3.06,129264
15-May-12,3.05,3.13,3.05,3.06,151892
14-May-12,3.06,3.12,3.05,3.06,193889
11-May-12,3.09,3.15,3.08,3.11,163493
10-May-12,3.20,3.22,3.07,3.10,168453
9-May-12,3.15,3.21,3.09,3.16,237771
8-May-12,3.18,3.25,3.17,3.19,215227
7-May-12,3.18,3.27,3.14,3.23,220607
4-May-12,3.26,3.28,3.20,3.20,334428
3-May-12,3.31,3.34,3.25,3.30,190064
2-May-12,3.33,3.36,3.29,3.31,215066
1-May-12,3.41,3.48,3.34,3.35,301210
30-Apr-12,3.73,3.73,3.41,3.43,489015
27-Apr-12,3.61,3.80,3.51,3.77,327104
26-Apr-12,3.52,3.63,3.52,3.59,132705
25-Apr-12,3.50,3.58,3.46,3.51,252039
24-Apr-12,3.26,3.45,3.21,3.45,137295
23-Apr-12,3.30,3.32,3.18,3.24,211927
20-Apr-12,3.41,3.48,3.36,3.37,154490
19-Apr-12,3.34,3.44,3.30,3.35,166497
18-Apr-12,3.37,3.38,3.30,3.34,90804
17-Apr-12,3.25,3.48,3.25,3.41,148741
16-Apr-12,3.24,3.33,3.19,3.21,126533
13-Apr-12,3.22,3.23,3.19,3.20,174567
12-Apr-12,3.23,3.29,3.22,3.23,248554
11-Apr-12,3.25,3.30,3.21,3.24,135276
10-Apr-12,3.37,3.38,3.20,3.22,340533
9-Apr-12,3.37,3.44,3.33,3.36,288939
5-Apr-12,3.45,3.50,3.45,3.47,255132
4-Apr-12,3.46,3.53,3.44,3.47,206213
3-Apr-12,3.54,3.57,3.47,3.51,233839
2-Apr-12,3.40,3.60,3.37,3.54,531538
30-Mar-12,3.44,3.45,3.38,3.41,134423
29-Mar-12,3.30,3.46,3.29,3.43,168577
28-Mar-12,3.36,3.45,3.18,3.33,443730
27-Mar-12,3.49,3.50,3.34,3.34,133421
26-Mar-12,3.32,3.53,3.32,3.47,247104
23-Mar-12,3.32,3.35,3.24,3.28,114933
22-Mar-12,3.38,3.40,3.22,3.32,184222
21-Mar-12,3.42,3.45,3.31,3.40,143558
20-Mar-12,3.49,3.49,3.37,3.40,105028
19-Mar-12,3.33,3.54,3.29,3.50,194365
16-Mar-12,3.29,3.35,3.27,3.34,296429
15-Mar-12,3.25,3.30,3.24,3.28,106319
14-Mar-12,3.28,3.30,3.19,3.24,110251
13-Mar-12,3.24,3.30,3.19,3.29,185152
12-Mar-12,3.36,3.36,3.18,3.20,200626
9-Mar-12,3.17,3.36,3.17,3.31,176748
8-Mar-12,3.16,3.18,3.09,3.18,87937
7-Mar-12,3.10,3.20,3.09,3.12,159523
6-Mar-12,3.13,3.16,3.02,3.09,261277
5-Mar-12,3.27,3.29,3.13,3.18,241921
2-Mar-12,3.40,3.46,3.21,3.27,234565
1-Mar-12,3.54,3.58,3.40,3.41,370355
29-Feb-12,3.76,3.76,3.54,3.54,250915
28-Feb-12,3.87,3.89,3.71,3.74,141941
27-Feb-12,3.77,3.95,3.73,3.86,336959
24-Feb-12,3.75,3.85,3.75,3.80,174415
23-Feb-12,3.59,3.75,3.57,3.75,263971
22-Feb-12,3.56,3.61,3.47,3.57,146503
21-Feb-12,3.66,3.70,3.55,3.58,256796
17-Feb-12,3.65,3.75,3.61,3.62,164612
16-Feb-12,3.70,3.70,3.54,3.62,364693
15-Feb-12,3.80,3.82,3.53,3.60,416531
14-Feb-12,3.81,3.85,3.72,3.81,237712
13-Feb-12,3.55,3.82,3.55,3.82,314396
10-Feb-12,3.62,3.64,3.50,3.50,135070
9-Feb-12,3.80,3.82,3.63,3.65,276208
8-Feb-12,3.83,3.85,3.73,3.79,116877
7-Feb-12,3.78,3.82,3.73,3.81,149347
6-Feb-12,3.85,3.86,3.77,3.80,171059
3-Feb-12,3.71,3.88,3.68,3.85,249724
2-Feb-12,3.67,3.72,3.64,3.66,241530
1-Feb-12,3.69,3.75,3.57,3.66,287374
31-Jan-12,3.51,3.69,3.50,3.63,387244
30-Jan-12,3.47,3.57,3.46,3.50,157250
27-Jan-12,3.47,3.50,3.44,3.50,183031
26-Jan-12,3.53,3.57,3.47,3.50,271121
25-Jan-12,3.48,3.57,3.45,3.52,143377
24-Jan-12,3.44,3.52,3.40,3.49,161938
23-Jan-12,3.54,3.57,3.40,3.46,206757
20-Jan-12,3.42,3.59,3.40,3.53,315446
19-Jan-12,3.20,3.46,3.20,3.42,320916
18-Jan-12,3.05,3.19,3.03,3.19,219667
17-Jan-12,3.10,3.10,3.03,3.05,263002
13-Jan-12,3.04,3.04,3.04,3.04,0
12-Jan-12,3.05,3.12,3.03,3.10,217048
11-Jan-12,3.11,3.11,3.02,3.05,404391
10-Jan-12,3.09,3.16,3.03,3.13,226509
9-Jan-12,3.01,3.11,2.95,3.07,184922
6-Jan-12,3.07,3.12,2.92,3.00,491742
5-Jan-12,3.02,3.16,3.01,3.06,209845
4-Jan-12,3.14,3.20,2.96,3.06,381689
3-Jan-12,3.09,3.19,3.01,3.17,219533
30-Dec-11,3.00,3.00,3.00,3.00,0
29-Dec-11,2.98,3.05,2.96,3.05,230303
28-Dec-11,3.03,3.05,2.95,2.97,295042
27-Dec-11,3.03,3.10,3.00,3.05,245460
23-Dec-11,3.03,3.03,3.03,3.03,0
22-Dec-11,2.96,3.13,2.96,3.12,243484
21-Dec-11,2.83,2.96,2.82,2.93,266212
20-Dec-11,2.79,2.86,2.70,2.86,346204
19-Dec-11,2.79,2.79,2.70,2.71,215325
16-Dec-11,2.75,2.81,2.71,2.79,315765
15-Dec-11,2.86,2.86,2.69,2.72,284334
14-Dec-11,2.68,2.84,2.65,2.82,237926
13-Dec-11,2.83,2.94,2.70,2.71,182461
12-Dec-11,2.69,2.80,2.65,2.79,320204
9-Dec-11,2.65,2.77,2.62,2.75,294202
8-Dec-11,2.69,2.74,2.63,2.65,271863
7-Dec-11,2.68,2.75,2.62,2.71,205994
6-Dec-11,2.68,2.72,2.61,2.68,289960
5-Dec-11,2.64,2.69,2.58,2.67,258469
2-Dec-11,2.59,2.60,2.56,2.58,147337
1-Dec-11,2.54,2.59,2.49,2.54,312716
30-Nov-11,2.40,2.57,2.33,2.57,387281
29-Nov-11,2.34,2.35,2.27,2.30,349102
28-Nov-11,2.25,2.34,2.20,2.34,405535
25-Nov-11,2.15,2.21,2.15,2.16,164401
23-Nov-11,2.17,2.17,2.17,2.17,0
22-Nov-11,2.24,2.32,2.18,2.18,403020
21-Nov-11,2.25,2.28,2.21,2.24,330558
18-Nov-11,2.34,2.37,2.28,2.29,278752
17-Nov-11,2.35,2.41,2.30,2.33,268935
16-Nov-11,2.36,2.40,2.31,2.35,277768
15-Nov-11,2.34,2.40,2.31,2.38,234189
14-Nov-11,2.41,2.44,2.34,2.36,202866
11-Nov-11,2.45,2.50,2.34,2.44,269051
10-Nov-11,2.43,2.46,2.35,2.42,299356
9-Nov-11,2.44,2.49,2.39,2.39,306324
8-Nov-11,2.50,2.59,2.45,2.53,190269
7-Nov-11,2.54,2.57,2.44,2.48,388134
4-Nov-11,2.60,2.64,2.51,2.56,604520
3-Nov-11,2.56,2.64,2.45,2.63,422771
2-Nov-11,2.55,2.55,2.44,2.54,586201
1-Nov-11,2.50,2.54,2.42,2.49,654846
31-Oct-11,2.67,2.70,2.56,2.59,472323
28-Oct-11,2.92,2.95,2.65,2.71,855658
27-Oct-11,3.20,3.35,2.89,3.00,636253
26-Oct-11,3.22,3.39,3.11,3.32,430808
25-Oct-11,3.35,3.37,3.12,3.14,340441
24-Oct-11,3.04,3.30,3.03,3.30,195975
21-Oct-11,3.00,3.07,2.93,3.01,304128
20-Oct-11,2.88,2.95,2.81,2.94,150207
19-Oct-11,2.99,3.00,2.84,2.86,131185
18-Oct-11,2.97,3.21,2.80,3.00,249988
17-Oct-11,3.18,3.22,2.86,2.94,355433
14-Oct-11,3.13,3.25,3.08,3.23,207579
13-Oct-11,3.05,3.12,2.99,3.08,162739
12-Oct-11,2.95,3.11,2.95,3.07,452638
11-Oct-11,2.71,2.95,2.64,2.94,578179
10-Oct-11,2.63,2.74,2.60,2.74,346127
7-Oct-11,2.65,2.66,2.47,2.58,257734
6-Oct-11,2.46,2.70,2.46,2.66,320204
5-Oct-11,2.41,2.50,2.40,2.48,309514
4-Oct-11,2.37,2.43,2.28,2.40,688379
3-Oct-11,2.44,2.56,2.39,2.39,855258
30-Sep-11,2.52,2.58,2.46,2.50,300481
