Date,Open,High,Low,Close,Volume
27-Sep-12,16.66,16.69,16.09,16.56,359341
26-Sep-12,16.96,16.99,16.27,16.44,302748
25-Sep-12,17.75,17.75,16.78,16.92,420079
24-Sep-12,17.46,17.73,17.12,17.55,424136
21-Sep-12,17.89,17.89,17.29,17.53,446252
20-Sep-12,17.96,17.96,17.45,17.54,450209
19-Sep-12,17.93,18.33,17.80,18.22,364731
18-Sep-12,18.15,18.23,17.52,17.89,336665
17-Sep-12,18.67,18.67,17.85,18.08,359664
14-Sep-12,18.88,19.47,18.77,18.81,611225
13-Sep-12,17.89,18.88,17.61,18.69,1207460
12-Sep-12,17.33,17.86,17.00,17.69,346550
11-Sep-12,16.58,17.80,16.42,17.29,743988
10-Sep-12,16.70,16.80,16.27,16.58,575756
7-Sep-12,15.83,16.81,15.76,16.78,794385
6-Sep-12,15.30,15.76,15.10,15.65,590321
5-Sep-12,14.80,15.23,14.75,15.13,447722
4-Sep-12,14.39,14.75,13.85,14.70,475889
31-Aug-12,14.72,14.77,14.35,14.45,359646
30-Aug-12,14.60,14.72,14.39,14.46,219425
29-Aug-12,14.95,15.05,14.32,14.81,422465
28-Aug-12,15.08,15.39,14.81,14.93,346140
27-Aug-12,15.60,15.69,15.01,15.13,349687
24-Aug-12,15.74,15.78,15.36,15.53,331394
23-Aug-12,16.21,16.25,15.75,15.84,380900
22-Aug-12,15.74,16.40,15.73,16.26,515298
21-Aug-12,16.00,16.24,15.64,15.86,412959
20-Aug-12,15.76,15.96,15.61,15.83,314163
17-Aug-12,15.79,15.86,15.53,15.82,43227
16-Aug-12,15.46,15.80,15.13,15.71,41735
15-Aug-12,15.18,15.68,14.92,15.45,53705
14-Aug-12,15.91,15.94,15.20,15.28,43824
13-Aug-12,15.75,15.86,15.51,15.73,47067
10-Aug-12,15.92,16.00,15.58,15.88,71046
9-Aug-12,15.69,16.16,15.46,16.15,86779
8-Aug-12,16.05,16.29,15.53,15.65,66496
7-Aug-12,15.59,16.40,15.52,16.25,68564
6-Aug-12,15.46,15.79,15.02,15.39,113701
3-Aug-12,15.56,16.31,15.41,15.51,79790
2-Aug-12,15.67,16.02,15.15,15.22,391565
1-Aug-12,16.47,16.55,15.75,15.75,584410
31-Jul-12,14.94,16.49,14.94,16.30,657966
30-Jul-12,15.73,15.89,14.64,14.96,366544
27-Jul-12,14.94,15.85,14.80,15.74,445593
26-Jul-12,14.32,14.90,14.31,14.85,427254
25-Jul-12,13.99,14.27,13.56,13.85,288320
24-Jul-12,14.50,14.64,13.71,13.88,422522
23-Jul-12,14.66,14.84,14.34,14.35,480077
20-Jul-12,15.64,15.70,15.08,15.12,222817
19-Jul-12,16.07,16.14,15.65,15.86,274456
18-Jul-12,15.22,16.33,15.22,15.90,303313
17-Jul-12,15.31,15.45,14.92,15.34,264841
16-Jul-12,15.50,15.60,15.03,15.19,285373
13-Jul-12,15.35,15.75,15.32,15.59,338336
12-Jul-12,14.66,15.36,14.58,15.28,475154
11-Jul-12,15.10,15.12,14.61,14.69,397338
10-Jul-12,15.84,16.10,14.96,15.09,561897
9-Jul-12,16.30,16.47,15.49,15.57,557725
6-Jul-12,16.35,16.66,16.20,16.44,326100
5-Jul-12,16.20,16.94,16.13,16.67,329402
3-Jul-12,16.11,16.55,15.85,16.28,322120
2-Jul-12,16.93,17.58,15.60,15.83,958475
29-Jun-12,16.92,17.60,16.79,17.58,990356
28-Jun-12,16.44,16.89,15.19,16.28,882074
27-Jun-12,15.22,16.15,15.14,16.06,646318
26-Jun-12,14.49,15.23,14.30,15.07,455478
25-Jun-12,14.92,14.95,14.32,14.44,434319
22-Jun-12,15.39,15.40,14.95,15.40,750322
21-Jun-12,16.01,16.17,15.14,15.21,314081
20-Jun-12,16.04,16.33,15.75,16.06,376507
19-Jun-12,15.05,16.12,14.88,15.97,628429
18-Jun-12,14.61,14.93,14.35,14.91,374665
15-Jun-12,14.77,14.97,14.61,14.75,308594
14-Jun-12,14.59,14.86,14.40,14.65,186533
13-Jun-12,14.50,15.10,14.32,14.57,353690
12-Jun-12,14.43,14.76,14.25,14.61,345737
11-Jun-12,15.58,15.75,14.33,14.35,431567
8-Jun-12,14.89,15.43,14.60,15.38,279857
7-Jun-12,15.31,15.74,14.74,14.88,434624
6-Jun-12,14.20,15.11,14.20,14.92,479632
5-Jun-12,13.24,14.11,13.20,14.03,450354
4-Jun-12,13.65,13.80,13.15,13.31,760901
1-Jun-12,13.36,13.71,13.26,13.58,655030
31-May-12,14.47,14.52,13.60,13.84,826604
30-May-12,14.60,14.60,14.05,14.14,654291
29-May-12,14.47,15.04,14.40,14.90,546594
25-May-12,14.31,14.40,14.08,14.19,262873
24-May-12,14.92,14.92,14.05,14.31,478111
23-May-12,14.15,14.86,14.00,14.76,413859
22-May-12,13.98,15.00,13.97,14.39,736927
21-May-12,13.40,14.11,13.30,13.93,855930
18-May-12,13.42,13.53,13.10,13.37,588806
17-May-12,13.90,14.16,13.22,13.23,459338
16-May-12,14.32,14.60,13.67,13.92,620219
15-May-12,14.76,14.89,14.07,14.22,515463
14-May-12,14.96,15.16,14.68,14.83,428644
11-May-12,15.69,15.97,15.17,15.26,521289
10-May-12,15.99,16.19,15.47,15.99,681928
9-May-12,15.03,16.03,15.03,15.74,639949
8-May-12,15.51,15.62,15.01,15.40,718797
7-May-12,15.93,16.08,15.50,15.51,675242
4-May-12,16.73,16.78,15.88,16.02,788931
3-May-12,17.56,17.84,16.76,16.93,623752
2-May-12,17.36,17.83,17.15,17.57,669445
1-May-12,17.35,18.08,17.10,17.54,734474
30-Apr-12,17.98,18.02,17.00,17.25,506126
27-Apr-12,18.01,18.19,17.61,18.04,608363
26-Apr-12,17.44,17.95,17.36,17.81,459744
25-Apr-12,17.48,17.57,16.91,17.52,632280
24-Apr-12,16.67,17.07,16.41,16.89,887325
23-Apr-12,17.56,17.58,16.58,16.61,1499833
20-Apr-12,17.79,18.44,17.68,17.95,558901
19-Apr-12,18.54,18.54,17.31,17.43,569006
18-Apr-12,18.28,18.62,17.99,18.43,421484
17-Apr-12,18.63,18.82,18.38,18.39,436909
16-Apr-12,18.25,18.80,18.09,18.37,609980
13-Apr-12,18.20,18.20,17.71,17.82,490404
12-Apr-12,17.58,18.74,17.37,18.35,924208
11-Apr-12,17.58,17.95,17.22,17.35,764418
10-Apr-12,18.10,18.29,16.40,16.99,1627683
9-Apr-12,20.64,21.23,18.10,18.44,2334791
5-Apr-12,19.43,19.83,19.43,19.70,407909
4-Apr-12,19.71,19.85,19.37,19.63,434099
3-Apr-12,20.30,20.51,20.02,20.08,393200
2-Apr-12,19.59,20.55,19.39,20.31,419541
30-Mar-12,20.13,20.13,19.66,19.79,347439
29-Mar-12,19.91,20.03,19.64,19.91,313548
28-Mar-12,20.76,20.99,19.69,20.13,595594
27-Mar-12,21.18,21.30,20.56,20.85,546729
26-Mar-12,21.85,22.00,21.13,21.14,478398
23-Mar-12,20.53,21.71,20.06,21.60,588496
22-Mar-12,21.80,21.98,20.95,21.07,350847
21-Mar-12,22.27,22.34,21.68,22.16,597690
20-Mar-12,22.18,22.35,21.83,22.13,246141
19-Mar-12,22.47,22.90,22.16,22.49,272484
16-Mar-12,22.32,22.92,22.27,22.47,405503
15-Mar-12,21.80,22.44,21.66,22.15,765962
14-Mar-12,22.47,22.56,21.38,21.77,599710
13-Mar-12,22.47,22.82,22.12,22.45,666618
12-Mar-12,23.77,23.77,22.22,22.26,379743
9-Mar-12,22.60,23.80,22.56,23.65,434102
8-Mar-12,22.65,22.89,22.30,22.49,725200
7-Mar-12,22.00,22.98,21.90,22.28,599177
6-Mar-12,23.66,23.73,21.77,21.99,668729
5-Mar-12,24.59,24.73,23.90,24.06,267972
2-Mar-12,25.40,25.74,24.24,24.81,338282
1-Mar-12,25.40,26.04,25.18,25.39,382498
29-Feb-12,25.74,26.09,25.27,25.28,578411
28-Feb-12,25.37,26.28,25.15,25.69,644616
27-Feb-12,24.02,25.50,23.66,25.34,444243
24-Feb-12,24.77,25.03,24.20,24.33,304349
23-Feb-12,24.62,24.78,23.82,24.73,340238
22-Feb-12,24.54,24.76,23.91,24.66,513966
21-Feb-12,24.88,24.98,24.35,24.59,437642
17-Feb-12,24.15,25.02,24.02,24.77,453369
16-Feb-12,23.07,23.93,22.95,23.87,556634
15-Feb-12,24.03,24.10,22.90,22.97,445733
14-Feb-12,24.23,24.37,23.61,23.91,383747
13-Feb-12,24.47,24.60,24.06,24.47,378623
10-Feb-12,24.50,24.72,23.93,23.98,360475
9-Feb-12,25.91,25.91,24.76,24.83,394589
8-Feb-12,25.67,26.09,25.15,25.78,573396
7-Feb-12,24.94,25.71,24.52,25.54,606589
6-Feb-12,24.93,25.20,24.04,24.81,802955
3-Feb-12,24.07,25.59,23.94,25.20,910989
2-Feb-12,22.45,23.54,22.38,23.45,777353
1-Feb-12,22.42,22.71,22.10,22.29,1175103
31-Jan-12,22.75,22.75,22.03,22.25,453557
30-Jan-12,22.47,22.91,22.11,22.50,546498
27-Jan-12,22.69,23.20,22.48,22.93,528725
26-Jan-12,23.08,23.64,22.53,22.89,531811
25-Jan-12,22.77,23.36,22.24,22.90,787949
24-Jan-12,22.75,22.99,22.31,22.83,788348
23-Jan-12,23.41,23.80,22.86,23.11,365080
20-Jan-12,23.95,23.98,23.04,23.30,439292
19-Jan-12,24.55,24.60,23.88,24.03,491230
18-Jan-12,24.75,25.02,24.03,24.36,650046
17-Jan-12,25.95,26.20,24.56,24.76,420364
13-Jan-12,25.56,25.56,25.56,25.56,0
12-Jan-12,26.33,26.62,24.91,25.05,690826
11-Jan-12,25.97,26.66,25.84,26.17,586720
10-Jan-12,26.28,26.38,25.88,26.14,509776
9-Jan-12,25.89,26.10,25.50,25.74,698007
6-Jan-12,24.06,26.18,22.59,25.89,2214890
5-Jan-12,23.24,24.19,22.83,23.89,561097
4-Jan-12,22.56,23.57,21.85,23.46,1049010
3-Jan-12,24.94,25.50,23.45,23.79,594737
30-Dec-11,24.28,24.28,24.28,24.28,0
29-Dec-11,24.02,24.40,23.86,24.10,295575
28-Dec-11,24.10,24.23,23.66,23.81,275447
27-Dec-11,24.26,24.52,24.01,24.07,179562
23-Dec-11,24.33,24.33,24.33,24.33,0
22-Dec-11,23.59,24.59,23.29,24.47,418407
21-Dec-11,22.99,23.59,22.39,23.40,300725
20-Dec-11,22.19,23.22,21.90,23.09,446996
19-Dec-11,21.86,22.23,21.30,21.36,353798
16-Dec-11,21.28,22.16,21.10,21.63,433319
15-Dec-11,20.66,21.12,20.28,21.02,482583
14-Dec-11,21.09,21.46,20.11,20.21,679196
13-Dec-11,22.88,23.24,21.18,21.38,435871
12-Dec-11,22.26,22.60,21.88,22.54,304121
9-Dec-11,21.90,23.00,21.54,22.76,475145
8-Dec-11,22.42,22.93,21.33,21.46,399000
7-Dec-11,22.62,23.06,21.89,22.87,416687
6-Dec-11,22.78,23.21,22.21,22.88,244254
5-Dec-11,22.41,23.70,22.28,22.95,617839
2-Dec-11,22.50,22.72,21.65,21.75,249521
1-Dec-11,21.97,22.64,21.75,22.01,422983
30-Nov-11,21.36,22.22,20.93,22.20,671142
29-Nov-11,19.70,20.11,19.53,20.00,393176
28-Nov-11,18.83,19.93,18.52,19.79,649120
25-Nov-11,18.39,18.76,18.05,18.09,105611
23-Nov-11,18.48,18.48,18.48,18.48,0
22-Nov-11,19.83,20.34,19.57,19.80,609105
21-Nov-11,20.00,20.27,19.37,19.91,729421
18-Nov-11,20.92,21.19,20.62,20.74,420615
17-Nov-11,21.86,22.08,20.46,20.68,654551
16-Nov-11,21.76,22.59,21.43,21.84,649796
15-Nov-11,22.05,22.59,21.82,22.25,882864
14-Nov-11,23.58,23.75,22.89,23.29,323832
11-Nov-11,22.90,23.79,22.69,23.65,553836
10-Nov-11,22.61,22.83,22.11,22.35,683588
9-Nov-11,22.33,22.89,21.94,22.00,670979
8-Nov-11,22.68,23.70,22.18,23.42,648948
7-Nov-11,22.79,22.89,21.79,22.43,620437
4-Nov-11,21.12,22.62,21.12,22.54,572998
3-Nov-11,20.57,22.90,20.17,21.79,1772088
2-Nov-11,18.33,18.93,18.07,18.79,441236
1-Nov-11,17.32,18.52,17.32,17.88,465490
31-Oct-11,19.28,19.45,18.57,18.61,263400
28-Oct-11,19.46,20.72,19.29,20.00,474183
27-Oct-11,19.37,20.01,18.70,19.38,807443
26-Oct-11,18.13,18.26,17.40,18.10,734444
25-Oct-11,17.68,18.41,17.38,17.90,643712
24-Oct-11,17.18,18.02,17.07,17.94,483438
21-Oct-11,17.67,17.76,16.61,17.03,607024
20-Oct-11,16.70,16.82,15.85,16.81,615636
19-Oct-11,16.04,17.15,16.04,16.58,1025129
18-Oct-11,15.02,16.10,14.58,15.88,386914
17-Oct-11,15.33,15.33,14.64,14.96,493878
14-Oct-11,14.83,15.60,14.78,15.49,514676
13-Oct-11,14.57,14.65,14.09,14.50,272712
12-Oct-11,14.79,14.90,14.60,14.73,442901
11-Oct-11,14.42,14.75,14.09,14.55,303997
10-Oct-11,14.19,14.80,14.07,14.67,465305
7-Oct-11,13.93,14.36,13.27,13.72,506411
6-Oct-11,12.64,13.81,12.45,13.75,635994
5-Oct-11,12.65,13.30,12.22,12.66,778975
4-Oct-11,10.71,12.75,10.38,12.68,767779
3-Oct-11,11.50,12.04,10.92,10.93,594293
30-Sep-11,12.06,12.64,11.54,11.65,513350
