Date,Open,High,Low,Close,Volume
27-Sep-12,59.63,60.71,59.22,60.34,263235
26-Sep-12,59.39,60.04,58.42,59.32,477657
25-Sep-12,61.48,61.48,59.39,59.40,436231
24-Sep-12,60.07,61.67,59.81,61.24,484351
21-Sep-12,61.58,62.14,60.25,60.40,935982
20-Sep-12,62.12,62.25,60.87,61.14,512015
19-Sep-12,62.19,63.46,61.90,62.45,366944
18-Sep-12,63.15,63.15,61.79,62.22,312815
17-Sep-12,63.52,63.58,62.89,63.14,339117
14-Sep-12,61.92,64.43,61.76,63.80,412488
13-Sep-12,61.51,62.32,60.76,61.72,461452
12-Sep-12,62.26,62.40,61.46,61.76,331112
11-Sep-12,61.88,62.68,61.48,61.85,319449
10-Sep-12,61.67,62.45,61.56,61.72,226319
7-Sep-12,61.33,62.35,61.16,61.90,245078
6-Sep-12,59.19,61.68,59.19,60.98,412079
5-Sep-12,59.58,59.81,58.39,58.65,332091
4-Sep-12,60.21,60.49,58.45,59.41,644383
31-Aug-12,60.07,60.84,59.22,60.28,285720
30-Aug-12,60.02,60.29,59.38,59.63,361373
29-Aug-12,60.65,60.84,59.33,60.43,429906
28-Aug-12,61.03,61.38,60.31,60.58,361330
27-Aug-12,61.67,61.95,60.70,61.04,359520
24-Aug-12,61.51,61.99,60.67,61.31,265130
23-Aug-12,61.66,62.20,61.41,61.68,353442
22-Aug-12,62.05,62.47,61.43,62.02,423878
21-Aug-12,61.81,62.98,61.81,62.44,700271
20-Aug-12,61.16,61.74,60.32,61.63,373554
17-Aug-12,60.34,61.56,59.32,61.50,178567
16-Aug-12,61.30,62.39,61.30,61.63,219096
15-Aug-12,60.82,61.73,60.67,61.21,111774
14-Aug-12,62.43,62.63,60.57,60.92,216266
13-Aug-12,62.86,63.20,61.95,62.98,89370
10-Aug-12,61.91,63.14,61.72,63.10,154794
9-Aug-12,62.50,63.23,61.16,62.37,315586
8-Aug-12,59.94,60.64,59.40,60.02,249643
7-Aug-12,59.20,60.60,59.20,60.33,108733
6-Aug-12,57.95,59.24,57.59,58.91,190817
3-Aug-12,58.60,58.63,56.98,57.89,179219
2-Aug-12,56.90,57.62,56.55,57.40,791900
1-Aug-12,57.14,58.08,56.79,57.65,1238652
31-Jul-12,56.27,57.24,56.27,56.98,631687
30-Jul-12,57.27,57.97,56.20,56.35,644333
27-Jul-12,54.02,58.35,54.00,57.42,1775799
26-Jul-12,52.06,52.32,50.86,52.14,434810
25-Jul-12,51.01,51.34,49.90,51.04,507839
24-Jul-12,52.61,53.00,50.03,50.56,584656
23-Jul-12,51.76,53.00,51.29,52.61,722106
20-Jul-12,50.14,54.48,50.00,52.95,2544899
19-Jul-12,49.42,50.37,49.00,49.17,1159340
18-Jul-12,47.91,50.07,47.53,49.47,885976
17-Jul-12,48.48,48.91,47.55,48.30,797258
16-Jul-12,51.16,51.62,45.54,48.22,5184993
13-Jul-12,51.08,53.01,51.08,52.78,337974
12-Jul-12,50.12,51.36,49.72,51.00,336650
11-Jul-12,51.23,51.57,50.17,50.57,268519
10-Jul-12,52.68,53.21,50.84,51.27,775324
9-Jul-12,52.15,53.04,52.15,52.68,448318
6-Jul-12,53.35,53.44,52.11,52.30,446802
5-Jul-12,54.32,54.62,53.83,54.05,417289
3-Jul-12,52.77,55.16,52.35,54.52,547497
2-Jul-12,52.89,53.07,51.29,52.21,520358
29-Jun-12,52.28,53.52,52.05,52.91,703534
28-Jun-12,50.43,51.26,49.26,51.11,618839
27-Jun-12,48.40,50.75,48.10,50.58,769463
26-Jun-12,48.37,48.61,47.74,48.15,543516
25-Jun-12,49.15,49.28,48.30,48.34,422925
22-Jun-12,49.72,50.25,49.00,49.99,1327818
21-Jun-12,51.39,51.45,49.41,49.55,624982
20-Jun-12,52.29,52.67,51.25,51.35,630988
19-Jun-12,51.05,52.75,51.05,52.44,562835
18-Jun-12,49.88,51.17,49.85,51.01,1025964
15-Jun-12,50.80,50.98,50.12,50.26,1039779
14-Jun-12,50.54,51.34,50.10,50.80,679143
13-Jun-12,51.50,51.75,50.30,50.57,503223
12-Jun-12,51.07,51.99,50.84,51.89,1056972
11-Jun-12,53.92,54.20,50.79,50.90,408172
8-Jun-12,53.02,53.49,52.34,53.25,296914
7-Jun-12,54.29,54.36,53.13,53.26,693786
6-Jun-12,53.22,53.79,52.60,53.16,685475
5-Jun-12,52.11,53.04,51.79,52.79,693115
4-Jun-12,51.98,52.59,51.02,52.47,815603
1-Jun-12,52.96,52.96,51.75,51.91,997247
31-May-12,55.58,55.58,53.85,54.08,1020794
30-May-12,56.83,56.83,55.20,55.67,501355
29-May-12,57.05,58.65,56.94,57.28,386005
25-May-12,57.08,57.15,56.18,56.34,300422
24-May-12,56.81,57.09,55.97,57.05,495141
23-May-12,55.83,56.99,54.93,56.62,607277
22-May-12,56.45,57.18,55.95,56.28,276246
21-May-12,55.39,56.98,55.20,56.49,600152
18-May-12,55.20,56.52,55.19,55.25,749201
17-May-12,56.85,56.98,54.81,55.10,703496
16-May-12,58.44,58.96,56.90,56.95,599874
15-May-12,58.29,59.31,57.78,58.02,601048
14-May-12,59.09,59.22,58.38,58.39,539893
11-May-12,59.26,60.80,59.26,59.87,866349
10-May-12,60.63,60.81,59.47,59.62,1674763
9-May-12,60.74,60.85,59.76,59.97,1213169
8-May-12,60.98,61.75,59.43,61.63,627272
7-May-12,61.00,62.00,60.64,61.35,650832
4-May-12,62.89,63.00,61.22,61.45,695014
3-May-12,64.03,64.03,62.12,63.01,964612
2-May-12,63.72,64.33,63.46,63.77,727544
1-May-12,65.09,65.64,64.13,64.16,728376
30-Apr-12,66.69,67.11,65.00,65.14,616584
27-Apr-12,65.99,67.41,65.78,66.99,1007483
26-Apr-12,64.59,65.93,64.15,65.83,1033754
25-Apr-12,63.56,64.88,63.56,64.76,1243587
24-Apr-12,62.23,63.35,62.20,62.94,1262713
23-Apr-12,62.88,62.88,61.30,62.39,1111758
20-Apr-12,61.31,64.67,60.42,64.00,1726587
19-Apr-12,62.69,63.35,61.76,62.48,939173
18-Apr-12,62.90,63.15,62.28,62.70,1236771
17-Apr-12,62.23,64.49,62.23,63.37,926825
16-Apr-12,61.81,62.30,61.10,61.64,979685
13-Apr-12,61.77,62.33,61.29,61.41,726130
12-Apr-12,59.98,62.13,59.98,61.89,711953
11-Apr-12,59.80,60.23,59.46,60.00,1572063
10-Apr-12,61.17,61.28,59.00,59.09,1080363
9-Apr-12,61.37,61.61,60.83,61.13,1088390
5-Apr-12,62.29,62.66,62.20,62.42,867455
4-Apr-12,61.83,62.37,61.29,62.26,887339
3-Apr-12,63.38,63.38,62.41,62.79,860619
2-Apr-12,62.95,63.81,62.00,63.28,886539
30-Mar-12,64.43,64.88,62.97,63.02,971474
29-Mar-12,62.61,64.05,62.39,63.82,548089
28-Mar-12,65.28,65.55,62.14,63.28,1692936
27-Mar-12,65.66,67.20,64.74,64.83,1786218
26-Mar-12,64.87,65.76,64.71,65.47,778278
23-Mar-12,63.36,64.95,63.30,64.18,1156257
22-Mar-12,63.51,63.87,62.69,63.35,1342138
21-Mar-12,69.19,69.19,63.77,64.00,3692281
20-Mar-12,70.00,70.48,69.43,70.00,750035
19-Mar-12,70.63,70.81,69.46,70.58,655273
16-Mar-12,70.01,70.93,69.87,70.74,632507
15-Mar-12,69.90,70.37,69.45,69.85,581487
14-Mar-12,70.46,70.70,69.51,69.58,609709
13-Mar-12,69.53,70.70,69.12,70.60,783966
12-Mar-12,69.47,69.66,68.48,69.00,890414
9-Mar-12,68.62,69.98,68.47,69.50,812715
8-Mar-12,68.50,69.32,67.83,68.66,520332
7-Mar-12,68.07,69.05,67.35,67.88,978426
6-Mar-12,65.34,67.95,65.01,67.71,1555730
5-Mar-12,67.82,67.98,66.03,66.91,696807
2-Mar-12,69.15,69.39,67.71,67.98,419919
1-Mar-12,68.96,69.84,68.69,69.19,906082
29-Feb-12,71.75,72.20,68.57,68.68,1025957
28-Feb-12,72.10,72.53,71.27,71.66,687865
27-Feb-12,71.22,72.64,70.52,72.34,1026379
24-Feb-12,71.46,72.88,70.97,71.95,639462
23-Feb-12,71.20,71.59,70.41,70.96,606895
22-Feb-12,72.46,72.61,70.32,71.05,473784
21-Feb-12,71.61,73.16,71.10,72.18,726695
17-Feb-12,72.21,72.21,69.92,71.28,673710
16-Feb-12,70.83,71.94,70.66,71.76,1031946
15-Feb-12,73.34,73.46,70.74,70.80,788248
14-Feb-12,71.01,73.24,70.72,73.09,1179856
13-Feb-12,73.48,73.49,70.34,71.19,1569463
10-Feb-12,76.14,76.61,71.44,72.70,3759544
9-Feb-12,79.60,79.90,78.48,79.88,742845
8-Feb-12,79.72,80.06,78.94,79.28,712779
7-Feb-12,78.84,80.23,78.53,79.48,1093595
6-Feb-12,77.28,78.97,77.14,78.91,600224
3-Feb-12,74.70,78.38,74.70,77.76,1231092
2-Feb-12,75.61,75.95,72.94,73.76,1267034
1-Feb-12,75.75,76.61,74.89,75.27,997972
31-Jan-12,77.50,77.50,74.35,74.60,938941
30-Jan-12,75.66,77.26,75.37,76.94,809738
27-Jan-12,75.73,77.16,75.50,76.40,976398
26-Jan-12,76.76,77.47,75.69,76.16,899446
25-Jan-12,72.90,76.41,72.32,76.15,1115824
24-Jan-12,73.19,74.89,72.93,73.08,1040832
23-Jan-12,72.29,74.19,71.07,73.90,1961824
20-Jan-12,75.96,76.45,70.78,71.82,2550218
19-Jan-12,80.56,80.66,75.96,76.44,2203630
18-Jan-12,82.41,82.42,80.09,80.51,1362454
17-Jan-12,83.38,84.46,82.28,82.44,363709
13-Jan-12,82.35,82.35,82.35,82.35,0
12-Jan-12,83.77,84.35,83.02,84.24,285095
11-Jan-12,83.23,84.00,83.23,83.39,253945
10-Jan-12,83.32,84.02,83.11,83.87,471382
9-Jan-12,81.75,82.32,81.20,82.11,192112
6-Jan-12,82.22,82.22,81.23,81.41,247015
5-Jan-12,80.80,82.26,79.85,82.05,326668
4-Jan-12,79.54,82.09,79.40,81.26,640411
3-Jan-12,79.24,80.01,78.87,79.37,497522
30-Dec-11,77.06,77.06,77.06,77.06,0
29-Dec-11,76.11,77.27,75.81,77.10,193266
28-Dec-11,77.62,77.80,75.35,75.86,173055
27-Dec-11,77.71,77.71,76.49,77.34,198810
23-Dec-11,77.82,77.82,77.82,77.82,0
22-Dec-11,78.13,78.81,77.29,77.64,283097
21-Dec-11,78.06,78.32,74.85,77.79,343035
20-Dec-11,76.26,78.84,76.13,78.37,280305
19-Dec-11,76.87,77.68,74.24,74.46,301061
16-Dec-11,76.33,78.19,75.71,76.27,632845
15-Dec-11,77.19,77.68,75.71,75.95,363932
14-Dec-11,78.82,79.15,75.92,76.36,468629
13-Dec-11,81.62,82.53,79.16,79.79,417707
12-Dec-11,81.52,81.52,79.43,80.71,585663
9-Dec-11,80.81,83.05,80.40,82.69,275853
8-Dec-11,82.41,82.47,79.89,80.53,392678
7-Dec-11,83.31,83.59,81.59,82.96,371683
6-Dec-11,85.08,85.14,83.21,84.28,326082
5-Dec-11,84.75,86.22,84.04,84.87,554823
2-Dec-11,85.84,86.48,83.19,83.28,935362
1-Dec-11,85.12,86.99,84.23,84.34,461501
30-Nov-11,82.26,85.86,81.36,85.72,2171669
29-Nov-11,77.95,79.37,77.64,78.99,543208
28-Nov-11,77.21,77.85,76.20,77.70,502206
25-Nov-11,73.80,75.16,73.53,74.24,173958
23-Nov-11,74.23,74.23,74.23,74.23,0
22-Nov-11,75.09,77.21,74.73,77.00,686016
21-Nov-11,76.16,76.16,74.18,74.77,511348
18-Nov-11,78.10,78.49,76.79,77.35,345280
17-Nov-11,80.13,80.24,77.15,77.61,499832
16-Nov-11,82.33,82.70,80.11,80.23,519143
15-Nov-11,81.12,83.37,80.40,82.84,950120
14-Nov-11,80.66,81.52,80.15,81.40,574921
11-Nov-11,78.26,81.51,78.26,81.07,493659
10-Nov-11,77.80,78.91,76.61,77.80,440461
9-Nov-11,77.63,78.40,76.00,76.49,429147
8-Nov-11,78.82,79.96,77.87,79.76,512116
7-Nov-11,80.04,80.32,77.27,78.51,768557
4-Nov-11,79.52,81.12,77.65,80.24,572045
3-Nov-11,77.75,80.95,77.19,79.96,541996
2-Nov-11,76.21,77.18,75.08,76.59,510810
1-Nov-11,73.58,76.17,73.40,74.43,634531
31-Oct-11,79.73,79.73,77.28,77.33,334527
28-Oct-11,80.26,81.75,78.89,80.57,329197
27-Oct-11,80.22,82.22,78.84,81.09,443905
26-Oct-11,77.00,77.52,74.61,76.82,346854
25-Oct-11,76.20,77.37,74.50,75.56,449893
24-Oct-11,73.49,77.55,73.17,76.94,706110
21-Oct-11,74.75,75.90,68.68,73.00,1761380
20-Oct-11,74.28,75.02,71.74,74.75,563201
19-Oct-11,75.79,76.18,73.70,74.00,354073
18-Oct-11,74.93,76.50,73.40,75.68,446758
17-Oct-11,75.71,75.78,74.08,74.35,377156
14-Oct-11,75.30,76.23,74.40,75.96,248613
13-Oct-11,73.79,74.97,72.83,74.54,467863
12-Oct-11,74.02,76.00,74.00,74.30,706722
11-Oct-11,71.50,74.12,70.83,73.71,766390
10-Oct-11,70.46,72.13,70.33,71.97,423922
7-Oct-11,68.74,69.98,66.95,68.86,792502
6-Oct-11,64.64,69.27,63.85,68.67,882601
5-Oct-11,62.86,65.04,62.41,64.42,503992
4-Oct-11,58.36,62.52,58.26,62.47,644113
3-Oct-11,63.10,63.92,59.64,59.76,690863
30-Sep-11,63.86,64.82,62.87,63.55,673390
