Date,Open,High,Low,Close,Volume
27-Sep-12,12.67,12.86,12.43,12.55,407385
26-Sep-12,12.74,12.80,12.55,12.61,428813
25-Sep-12,13.37,13.37,12.70,12.75,544053
24-Sep-12,13.37,13.59,13.14,13.40,459509
21-Sep-12,13.28,13.36,12.92,12.94,343749
20-Sep-12,12.90,13.15,12.77,13.11,240888
19-Sep-12,13.00,13.20,12.71,12.93,447229
18-Sep-12,12.90,13.20,12.90,12.99,311786
17-Sep-12,13.19,13.38,12.67,12.73,451405
14-Sep-12,12.89,13.23,12.75,13.21,509263
13-Sep-12,12.22,12.90,12.19,12.79,584140
12-Sep-12,12.22,12.56,12.04,12.23,489385
11-Sep-12,11.90,12.07,11.89,11.99,259874
10-Sep-12,12.02,12.06,11.82,11.91,306322
7-Sep-12,11.75,12.08,11.62,12.07,342902
6-Sep-12,11.62,11.90,11.31,11.70,661746
5-Sep-12,12.06,12.44,11.47,11.70,1980979
4-Sep-12,11.41,11.45,10.89,11.08,476342
31-Aug-12,11.13,11.50,11.06,11.45,471292
30-Aug-12,11.03,11.08,10.95,11.04,369705
29-Aug-12,11.07,11.15,10.90,11.13,384136
28-Aug-12,11.02,11.15,10.91,11.09,402794
27-Aug-12,10.74,11.22,10.60,11.05,697675
24-Aug-12,10.40,10.80,10.37,10.72,489578
23-Aug-12,11.30,11.30,10.36,10.40,1483493
22-Aug-12,10.01,11.21,10.00,11.11,2738079
21-Aug-12,10.01,10.15,10.00,10.05,550853
20-Aug-12,10.22,10.25,9.93,10.02,634772
17-Aug-12,10.14,10.24,10.04,10.20,71109
16-Aug-12,10.23,10.23,10.10,10.15,75203
15-Aug-12,10.08,10.24,10.03,10.17,70166
14-Aug-12,10.18,10.18,9.99,10.07,66820
13-Aug-12,10.21,10.21,10.01,10.17,107263
10-Aug-12,10.34,10.37,10.08,10.20,89142
9-Aug-12,10.14,10.50,10.14,10.34,102791
8-Aug-12,10.29,10.34,10.08,10.11,152181
7-Aug-12,10.10,10.62,10.10,10.36,144167
6-Aug-12,10.00,10.24,9.99,10.08,219387
3-Aug-12,10.03,10.20,9.93,9.98,237100
2-Aug-12,10.02,10.10,9.80,9.88,975595
1-Aug-12,10.45,10.64,10.04,10.15,1153239
31-Jul-12,10.22,10.50,9.83,10.44,1735145
30-Jul-12,9.26,10.34,9.17,10.19,5047335
27-Jul-12,9.69,10.57,9.05,9.06,18377697
26-Jul-12,23.60,23.70,23.15,23.32,555902
25-Jul-12,23.03,23.44,22.98,23.43,302991
24-Jul-12,23.20,23.20,22.74,22.99,195446
23-Jul-12,23.13,23.18,22.55,23.16,246019
20-Jul-12,23.63,23.63,23.20,23.49,247024
19-Jul-12,23.65,23.91,23.35,23.80,217413
18-Jul-12,23.86,23.94,23.44,23.60,243291
17-Jul-12,23.51,23.98,23.30,23.98,262576
16-Jul-12,23.48,23.65,23.20,23.41,147151
13-Jul-12,23.30,23.80,23.21,23.62,314363
12-Jul-12,23.12,23.31,22.83,23.23,323780
11-Jul-12,22.85,23.36,22.80,23.35,196940
10-Jul-12,23.23,23.45,22.72,22.79,173254
9-Jul-12,23.58,23.58,22.90,23.17,239950
6-Jul-12,23.86,23.98,23.38,23.57,180790
5-Jul-12,24.86,24.89,23.91,24.14,353495
3-Jul-12,24.21,24.97,24.19,24.97,479272
2-Jul-12,22.61,24.35,22.27,24.25,986664
29-Jun-12,22.30,22.30,21.94,22.12,272041
28-Jun-12,22.08,22.26,21.45,21.89,195592
27-Jun-12,22.71,22.75,22.22,22.26,267590
26-Jun-12,22.24,22.75,21.46,22.68,547379
25-Jun-12,21.41,22.36,21.34,22.29,508598
22-Jun-12,21.43,21.80,21.28,21.68,2616585
21-Jun-12,21.41,21.80,21.18,21.27,379847
20-Jun-12,21.38,21.78,21.26,21.45,289616
19-Jun-12,21.31,21.68,21.24,21.33,435355
18-Jun-12,20.20,21.50,20.13,21.35,754741
15-Jun-12,20.24,20.57,19.94,20.22,687388
14-Jun-12,20.30,20.37,19.93,20.18,463712
13-Jun-12,20.54,20.63,20.10,20.22,556030
12-Jun-12,20.97,21.23,20.42,20.58,595358
11-Jun-12,21.21,21.29,20.86,20.94,635371
8-Jun-12,21.01,21.19,20.96,21.05,396231
7-Jun-12,21.75,21.90,21.02,21.14,415989
6-Jun-12,21.37,21.88,21.17,21.73,294554
5-Jun-12,20.97,21.48,20.68,21.14,436181
4-Jun-12,20.95,21.15,20.70,20.96,327920
1-Jun-12,20.95,21.18,20.58,20.99,339383
31-May-12,21.55,21.61,21.10,21.24,597822
30-May-12,22.01,22.01,21.46,21.50,557329
29-May-12,21.98,22.49,21.55,22.19,467882
25-May-12,21.80,22.41,21.76,21.91,632612
24-May-12,21.26,22.20,21.20,21.65,767127
23-May-12,21.09,22.13,20.90,21.79,525946
22-May-12,21.40,21.73,21.09,21.33,389943
21-May-12,20.32,22.15,20.32,21.39,956581
18-May-12,20.46,20.80,20.28,20.36,451457
17-May-12,21.10,21.17,20.19,20.54,611861
16-May-12,21.66,22.18,21.55,21.61,473606
15-May-12,22.28,22.41,21.55,21.66,345538
14-May-12,22.68,23.11,21.77,22.39,578027
11-May-12,22.88,23.00,22.56,22.84,288385
10-May-12,24.14,24.60,22.96,23.07,523539
9-May-12,24.60,24.61,23.16,23.99,990203
8-May-12,25.36,25.51,24.45,24.79,480408
7-May-12,25.41,25.80,25.40,25.60,213472
4-May-12,25.73,25.85,25.41,25.52,404084
3-May-12,26.01,26.18,25.64,25.76,436622
2-May-12,26.39,26.43,25.94,26.04,326062
1-May-12,26.54,26.58,25.80,26.43,498067
30-Apr-12,26.21,26.69,25.80,26.39,432814
27-Apr-12,25.51,27.20,25.51,26.29,664841
26-Apr-12,25.75,26.67,25.75,26.42,348880
25-Apr-12,25.92,25.93,25.49,25.79,292560
24-Apr-12,26.06,26.49,25.65,25.72,270064
23-Apr-12,26.38,26.38,25.41,26.25,282853
20-Apr-12,26.37,26.75,26.37,26.67,225111
19-Apr-12,25.93,26.45,25.85,26.30,210138
18-Apr-12,26.02,27.05,25.86,25.98,995355
17-Apr-12,25.03,26.10,25.01,26.06,277392
16-Apr-12,25.32,25.37,24.86,25.02,266106
13-Apr-12,25.87,25.87,25.05,25.22,169315
12-Apr-12,25.74,26.39,25.74,25.97,242981
11-Apr-12,25.49,25.81,25.32,25.78,305929
10-Apr-12,25.80,25.84,25.28,25.33,479503
9-Apr-12,26.21,26.24,25.53,25.89,191102
5-Apr-12,25.97,26.45,25.81,26.42,238062
4-Apr-12,26.34,26.53,25.88,26.07,280157
3-Apr-12,26.86,27.12,26.56,26.75,177998
2-Apr-12,26.48,27.07,26.48,26.91,271323
30-Mar-12,26.85,27.03,26.45,26.52,421043
29-Mar-12,26.77,26.94,26.20,26.73,311466
28-Mar-12,26.73,27.17,26.63,26.88,386379
27-Mar-12,26.52,26.99,26.38,26.62,466520
26-Mar-12,26.65,26.98,26.40,26.47,548761
23-Mar-12,26.50,26.87,26.40,26.55,429143
22-Mar-12,26.85,27.19,26.58,26.64,796016
21-Mar-12,27.75,27.90,26.99,27.00,457956
20-Mar-12,26.94,27.77,26.94,27.72,514731
19-Mar-12,27.81,28.21,26.82,27.04,686544
16-Mar-12,27.38,28.08,27.10,27.88,438849
15-Mar-12,28.06,28.32,26.77,27.32,525018
14-Mar-12,28.24,28.54,27.96,28.24,196383
13-Mar-12,28.60,28.72,27.91,28.37,527515
12-Mar-12,29.65,29.71,27.90,28.38,489373
9-Mar-12,29.41,30.42,29.41,29.55,234156
8-Mar-12,29.78,30.05,29.31,29.47,257962
7-Mar-12,29.81,29.97,29.45,29.60,662010
6-Mar-12,31.69,31.71,29.42,29.73,1081529
5-Mar-12,32.18,32.49,31.99,32.11,445952
2-Mar-12,32.15,32.45,31.91,32.36,353729
1-Mar-12,32.00,32.25,31.69,32.14,266906
29-Feb-12,31.53,31.95,31.33,31.93,184021
28-Feb-12,31.45,31.50,31.17,31.40,157588
27-Feb-12,31.48,31.60,31.19,31.44,145403
24-Feb-12,31.08,31.76,30.70,31.66,111606
23-Feb-12,31.11,31.30,30.85,31.01,174038
22-Feb-12,30.95,31.34,30.37,31.21,162881
21-Feb-12,31.16,31.37,30.82,30.98,298174
17-Feb-12,30.79,31.21,30.76,31.17,114314
16-Feb-12,30.35,30.85,30.03,30.73,117872
15-Feb-12,30.01,30.50,29.79,30.40,168560
14-Feb-12,30.86,30.96,29.83,29.90,262222
13-Feb-12,31.48,31.65,30.83,30.95,181614
10-Feb-12,31.35,31.59,30.89,31.48,288130
9-Feb-12,30.71,31.68,30.54,31.48,415478
8-Feb-12,30.20,30.93,29.99,30.71,492870
7-Feb-12,28.64,30.37,28.64,30.17,724801
6-Feb-12,28.57,28.82,28.54,28.60,674439
3-Feb-12,28.67,28.84,28.39,28.63,851719
2-Feb-12,28.55,28.70,28.40,28.46,522738
1-Feb-12,28.49,28.76,28.31,28.50,533396
31-Jan-12,28.60,29.18,28.00,28.38,300638
30-Jan-12,28.86,28.98,28.03,28.47,528932
27-Jan-12,29.63,30.33,28.41,28.59,1526517
26-Jan-12,31.12,32.28,31.02,31.94,291118
25-Jan-12,30.73,31.10,30.20,30.99,234940
24-Jan-12,30.66,30.87,30.25,30.80,191000
23-Jan-12,30.38,30.91,30.30,30.77,214681
20-Jan-12,30.19,30.54,29.86,30.39,239949
19-Jan-12,31.97,31.97,30.06,30.26,228076
18-Jan-12,29.73,30.48,29.37,30.00,196955
17-Jan-12,29.61,30.00,29.33,29.83,186844
13-Jan-12,29.51,29.51,29.51,29.51,0
12-Jan-12,28.90,29.81,28.90,29.78,110645
11-Jan-12,28.41,29.01,28.41,28.87,131681
10-Jan-12,28.91,29.43,28.40,28.57,244080
9-Jan-12,29.30,29.40,28.39,28.68,279293
6-Jan-12,29.48,29.48,28.89,29.12,137293
5-Jan-12,29.52,29.63,29.10,29.34,173674
4-Jan-12,29.89,30.43,28.75,29.49,276239
3-Jan-12,32.35,32.35,29.40,30.06,298765
30-Dec-11,31.22,31.22,31.22,31.22,0
29-Dec-11,31.58,31.66,30.73,30.87,199120
28-Dec-11,32.16,32.17,31.22,31.50,71553
27-Dec-11,32.11,32.44,32.06,32.16,71532
23-Dec-11,32.27,32.27,32.27,32.27,0
22-Dec-11,33.00,33.23,32.37,32.61,132579
21-Dec-11,32.33,33.22,32.15,32.90,213112
20-Dec-11,32.70,32.76,32.19,32.44,122582
19-Dec-11,31.61,32.18,31.39,31.99,229122
16-Dec-11,30.61,31.66,30.61,31.61,323452
15-Dec-11,31.57,32.59,30.67,30.75,179541
14-Dec-11,31.37,31.81,31.06,31.29,192321
13-Dec-11,31.82,32.42,31.29,31.57,262201
12-Dec-11,31.71,32.13,31.41,31.93,333831
9-Dec-11,32.53,32.69,31.89,32.00,254228
8-Dec-11,32.94,33.21,32.32,32.40,167863
7-Dec-11,33.59,33.59,32.76,33.30,176059
6-Dec-11,33.83,34.22,33.23,33.85,131672
5-Dec-11,33.64,35.25,33.24,33.89,168136
2-Dec-11,33.97,34.60,33.03,33.14,280035
1-Dec-11,33.29,33.71,32.42,33.55,383723
30-Nov-11,32.21,33.66,32.21,33.40,366308
29-Nov-11,32.00,32.33,31.63,31.95,343113
28-Nov-11,31.49,32.48,30.78,32.17,650731
25-Nov-11,29.72,30.64,29.56,30.19,178883
23-Nov-11,29.62,29.62,29.62,29.62,0
22-Nov-11,27.63,27.88,27.40,27.51,115000
21-Nov-11,28.54,28.65,27.49,27.77,309353
18-Nov-11,28.95,29.42,28.80,29.39,136658
17-Nov-11,29.02,29.56,28.56,28.86,170915
16-Nov-11,29.78,30.17,29.08,29.13,217501
15-Nov-11,30.46,30.78,29.80,30.13,151010
14-Nov-11,31.21,31.85,30.37,30.64,164865
11-Nov-11,31.62,31.96,31.10,31.45,312185
10-Nov-11,32.97,32.97,31.23,31.39,266763
9-Nov-11,32.35,33.07,32.22,32.50,162782
8-Nov-11,33.71,34.13,32.90,33.23,177220
7-Nov-11,32.59,33.65,32.34,33.55,150926
4-Nov-11,32.16,32.91,31.73,32.70,236067
3-Nov-11,32.29,32.71,31.14,32.51,228549
2-Nov-11,32.36,32.89,31.46,31.99,157537
1-Nov-11,31.76,32.92,31.47,31.63,197215
31-Oct-11,34.07,34.58,32.53,32.67,167544
28-Oct-11,32.53,34.63,32.08,34.42,488622
27-Oct-11,34.07,35.20,33.79,34.16,276083
26-Oct-11,33.47,33.74,32.96,33.71,286718
25-Oct-11,31.43,33.19,31.21,33.01,340761
24-Oct-11,31.39,32.04,31.00,31.79,217524
21-Oct-11,31.54,31.71,30.83,31.17,305432
20-Oct-11,32.02,32.19,30.90,31.21,323030
19-Oct-11,33.34,33.68,31.96,32.13,248736
18-Oct-11,34.32,34.82,33.25,33.59,299685
17-Oct-11,33.82,33.82,32.92,33.24,265871
14-Oct-11,34.75,34.75,33.75,34.17,149883
13-Oct-11,34.15,34.56,33.16,33.50,469298
12-Oct-11,34.66,34.83,34.16,34.29,263375
11-Oct-11,32.79,34.69,32.54,34.55,430395
10-Oct-11,32.25,33.03,31.96,32.79,182483
7-Oct-11,31.06,32.80,30.84,31.47,578696
6-Oct-11,29.50,31.00,29.26,30.67,453772
5-Oct-11,29.63,29.82,28.91,29.62,220282
4-Oct-11,29.00,29.61,27.95,29.53,349653
3-Oct-11,30.89,31.40,29.41,29.46,354616
30-Sep-11,31.72,31.93,31.23,31.32,421071
