Date,Open,High,Low,Close,Volume
27-Sep-12,4.58,4.58,4.34,4.39,3007453
26-Sep-12,4.44,4.60,4.37,4.58,5114856
25-Sep-12,4.59,4.62,4.40,4.40,3090524
24-Sep-12,4.45,4.61,4.39,4.58,2442690
21-Sep-12,4.55,4.58,4.38,4.41,2570831
20-Sep-12,4.38,4.56,4.35,4.51,2844475
19-Sep-12,4.42,4.55,4.39,4.46,1822824
18-Sep-12,4.47,4.51,4.28,4.38,3574618
17-Sep-12,4.48,4.59,4.41,4.49,3093943
14-Sep-12,4.69,4.70,4.44,4.48,3644265
13-Sep-12,4.21,4.64,4.17,4.59,5984962
12-Sep-12,4.54,4.54,4.16,4.22,5787030
11-Sep-12,3.96,4.38,3.96,4.34,7845069
10-Sep-12,3.98,4.01,3.86,3.87,2811787
7-Sep-12,3.91,4.18,3.90,4.12,3080139
6-Sep-12,3.85,3.91,3.81,3.90,3011017
5-Sep-12,3.90,3.92,3.74,3.80,3736689
4-Sep-12,4.04,4.06,3.87,3.90,3388109
31-Aug-12,4.00,4.15,4.00,4.11,3919558
30-Aug-12,4.01,4.02,3.91,3.96,3829766
29-Aug-12,4.00,4.06,3.92,4.02,2225499
28-Aug-12,3.88,4.01,3.88,3.98,2974983
27-Aug-12,4.01,4.04,3.85,3.89,3781367
24-Aug-12,3.73,4.02,3.66,3.98,2901023
23-Aug-12,3.94,3.97,3.72,3.75,2651559
22-Aug-12,4.03,4.08,3.86,3.97,2483137
21-Aug-12,3.88,4.19,3.87,4.01,7308784
20-Aug-12,3.62,3.85,3.55,3.84,3912523
17-Aug-12,3.56,3.63,3.47,3.63,1072154
16-Aug-12,3.54,3.57,3.48,3.56,405816
15-Aug-12,3.27,3.48,3.26,3.39,666249
14-Aug-12,3.41,3.44,3.17,3.26,855904
13-Aug-12,3.52,3.58,3.34,3.45,1096889
10-Aug-12,3.19,3.59,3.18,3.50,1679228
9-Aug-12,3.02,3.14,2.99,3.06,375263
8-Aug-12,2.73,2.94,2.72,2.94,241490
7-Aug-12,2.91,2.98,2.70,2.72,642201
6-Aug-12,2.90,2.97,2.86,2.91,575308
3-Aug-12,2.54,2.77,2.51,2.76,580957
2-Aug-12,2.41,2.49,2.39,2.41,1435821
1-Aug-12,2.44,2.53,2.37,2.45,1162736
31-Jul-12,2.52,2.54,2.40,2.45,916792
30-Jul-12,2.53,2.55,2.44,2.52,1800185
27-Jul-12,2.30,2.49,2.28,2.47,1493172
26-Jul-12,2.21,2.29,2.20,2.24,1689857
25-Jul-12,2.19,2.20,2.12,2.16,680895
24-Jul-12,2.21,2.24,2.11,2.14,1122881
23-Jul-12,2.22,2.24,2.15,2.18,1128714
20-Jul-12,2.44,2.46,2.35,2.37,1232313
19-Jul-12,2.41,2.54,2.40,2.53,876244
18-Jul-12,2.25,2.39,2.25,2.34,1309151
17-Jul-12,2.22,2.27,2.16,2.26,1030628
16-Jul-12,2.28,2.28,2.18,2.19,1165769
13-Jul-12,2.28,2.32,2.26,2.28,2835024
12-Jul-12,2.22,2.28,2.20,2.24,1370533
11-Jul-12,2.43,2.47,2.30,2.32,1184170
10-Jul-12,2.50,2.53,2.38,2.40,1262513
9-Jul-12,2.35,2.37,2.26,2.32,682227
6-Jul-12,2.46,2.47,2.36,2.37,1199056
5-Jul-12,2.54,2.59,2.46,2.54,1453303
3-Jul-12,2.50,2.55,2.48,2.55,741573
2-Jul-12,2.53,2.58,2.48,2.49,1223218
29-Jun-12,2.45,2.56,2.44,2.54,1372322
28-Jun-12,2.31,2.44,2.26,2.33,2398902
27-Jun-12,2.53,2.56,2.39,2.42,1870410
26-Jun-12,2.51,2.62,2.51,2.57,2324893
25-Jun-12,2.67,2.68,2.57,2.58,1745671
22-Jun-12,2.86,2.89,2.74,2.74,3688198
21-Jun-12,2.97,2.97,2.81,2.83,3734809
20-Jun-12,2.97,3.00,2.91,2.97,1638871
19-Jun-12,2.92,3.00,2.89,2.98,1696945
18-Jun-12,2.89,3.01,2.85,2.97,2056882
15-Jun-12,2.89,2.96,2.81,2.93,4029856
14-Jun-12,2.65,2.92,2.64,2.84,4033641
13-Jun-12,2.55,2.70,2.52,2.64,2001339
12-Jun-12,2.65,2.67,2.45,2.61,3594070
11-Jun-12,2.64,2.73,2.55,2.60,4122213
8-Jun-12,2.22,2.43,2.17,2.40,3996415
7-Jun-12,2.07,2.32,2.07,2.26,2859704
6-Jun-12,2.15,2.22,2.05,2.07,4521145
5-Jun-12,2.21,2.26,2.13,2.16,1723158
4-Jun-12,2.31,2.33,2.19,2.20,2174338
1-Jun-12,2.43,2.46,2.31,2.32,2465445
31-May-12,2.46,2.55,2.36,2.49,3688426
30-May-12,2.49,2.59,2.45,2.49,2092281
29-May-12,2.81,2.81,2.62,2.66,2573454
25-May-12,2.70,2.83,2.64,2.74,4271649
24-May-12,2.62,2.69,2.43,2.67,5358768
23-May-12,2.56,2.59,2.40,2.57,3744092
22-May-12,2.78,2.83,2.52,2.53,4264452
21-May-12,2.94,2.95,2.72,2.80,8075467
18-May-12,2.94,3.01,2.85,2.95,3369089
17-May-12,3.15,3.19,2.97,2.99,4140714
16-May-12,3.44,3.46,3.15,3.15,9006307
15-May-12,3.65,3.66,3.33,3.35,3357755
14-May-12,3.82,3.83,3.66,3.67,3481012
11-May-12,3.61,3.79,3.58,3.76,2860813
10-May-12,3.85,3.86,3.66,3.71,2977674
9-May-12,3.83,3.88,3.72,3.83,2633452
8-May-12,3.96,3.98,3.84,3.87,1598054
7-May-12,3.85,4.12,3.85,4.05,2253548
4-May-12,4.11,4.17,3.82,3.92,3659149
3-May-12,3.79,4.07,3.77,4.02,3670390
2-May-12,3.71,3.77,3.65,3.73,2185952
1-May-12,3.66,3.79,3.66,3.75,916476
30-Apr-12,3.77,3.78,3.65,3.68,2059471
27-Apr-12,4.00,4.01,3.79,3.82,1680059
26-Apr-12,4.00,4.03,3.88,4.01,1546234
25-Apr-12,4.07,4.14,3.97,4.00,1552285
24-Apr-12,3.83,4.04,3.83,3.99,2180425
23-Apr-12,3.97,3.99,3.85,3.89,3203690
20-Apr-12,4.25,4.29,4.11,4.13,2501033
19-Apr-12,4.31,4.33,4.19,4.21,2613660
18-Apr-12,4.31,4.42,4.30,4.33,2342204
17-Apr-12,4.29,4.37,4.27,4.33,2585407
16-Apr-12,4.35,4.36,4.24,4.27,2336377
13-Apr-12,4.41,4.42,4.33,4.33,1524990
12-Apr-12,4.32,4.52,4.30,4.50,2114897
11-Apr-12,4.40,4.42,4.31,4.32,2277862
10-Apr-12,4.41,4.43,4.34,4.36,1972900
9-Apr-12,4.39,4.52,4.29,4.49,2090236
5-Apr-12,4.58,4.64,4.47,4.50,2589807
4-Apr-12,4.40,4.61,4.38,4.60,4268147
3-Apr-12,4.44,4.48,4.35,4.46,4437539
2-Apr-12,4.44,4.54,4.38,4.47,7876888
30-Mar-12,4.87,4.89,4.69,4.72,2331460
29-Mar-12,4.88,4.90,4.74,4.86,3592413
28-Mar-12,5.14,5.16,4.95,5.00,2395278
27-Mar-12,5.21,5.32,5.21,5.23,1971665
26-Mar-12,5.31,5.36,5.24,5.30,2934467
23-Mar-12,5.24,5.33,5.15,5.26,3551073
22-Mar-12,5.35,5.40,5.18,5.20,2390065
21-Mar-12,5.52,5.53,5.40,5.43,1143388
20-Mar-12,5.44,5.58,5.35,5.52,1260061
19-Mar-12,5.59,5.69,5.57,5.61,1205856
16-Mar-12,5.74,5.76,5.61,5.63,1821115
15-Mar-12,5.76,5.78,5.68,5.70,1588743
14-Mar-12,5.90,5.93,5.73,5.79,1523593
13-Mar-12,5.80,5.92,5.70,5.92,1682588
12-Mar-12,5.75,5.90,5.66,5.77,2507682
9-Mar-12,5.86,5.95,5.82,5.84,2277305
8-Mar-12,5.84,5.93,5.77,5.90,2954698
7-Mar-12,5.59,5.76,5.55,5.76,2423353
6-Mar-12,5.68,5.71,5.52,5.55,1958765
5-Mar-12,5.88,5.90,5.78,5.79,2712019
2-Mar-12,5.65,5.80,5.60,5.76,3143418
1-Mar-12,5.55,5.68,5.55,5.65,3004755
29-Feb-12,5.77,5.81,5.52,5.55,6215909
28-Feb-12,6.03,6.06,5.98,6.03,1273946
27-Feb-12,5.97,6.05,5.93,6.00,2667104
24-Feb-12,6.04,6.13,5.99,6.04,2082563
23-Feb-12,6.15,6.16,5.91,5.99,3159488
22-Feb-12,6.35,6.41,6.09,6.11,4069325
21-Feb-12,6.30,6.78,6.28,6.52,4401019
17-Feb-12,6.28,6.28,6.17,6.25,2432876
16-Feb-12,6.14,6.29,6.12,6.29,2867599
15-Feb-12,6.09,6.26,5.93,6.05,4224473
14-Feb-12,6.00,6.03,5.76,5.88,2918057
13-Feb-12,5.93,6.01,5.86,6.01,3984896
10-Feb-12,5.78,5.84,5.71,5.78,3039847
9-Feb-12,6.03,6.08,5.91,5.95,3826465
8-Feb-12,6.11,6.13,5.98,6.02,4156203
7-Feb-12,5.98,6.16,5.96,6.11,5832259
6-Feb-12,5.91,6.09,5.88,5.93,3300737
3-Feb-12,6.13,6.16,5.87,5.98,8688311
2-Feb-12,6.12,6.26,6.03,6.20,8874468
1-Feb-12,5.85,6.07,5.78,5.85,10221153
31-Jan-12,5.50,5.67,5.34,5.42,8930636
30-Jan-12,5.06,5.16,5.00,5.12,3011883
27-Jan-12,5.13,5.20,5.10,5.18,3136464
26-Jan-12,5.09,5.21,5.03,5.13,6260111
25-Jan-12,4.88,5.10,4.76,5.06,3215166
24-Jan-12,4.75,4.82,4.68,4.76,3853625
23-Jan-12,4.89,4.90,4.81,4.85,4045315
20-Jan-12,4.90,4.91,4.80,4.89,3538956
19-Jan-12,5.00,5.05,4.86,4.86,4626074
18-Jan-12,4.94,5.05,4.90,4.99,4789809
17-Jan-12,4.84,4.98,4.79,4.95,7012354
13-Jan-12,4.64,4.64,4.64,4.64,0
12-Jan-12,4.98,4.99,4.89,4.96,2259169
11-Jan-12,4.99,5.04,4.92,4.98,5490021
10-Jan-12,5.14,5.19,4.98,5.00,5231474
9-Jan-12,4.85,4.94,4.81,4.83,5544326
6-Jan-12,4.77,4.78,4.61,4.67,2532761
5-Jan-12,4.81,4.83,4.66,4.69,1638988
4-Jan-12,5.01,5.04,4.89,4.91,3005590
3-Jan-12,4.98,5.16,4.98,5.08,7948952
30-Dec-11,4.60,4.60,4.60,4.60,0
29-Dec-11,4.50,4.56,4.30,4.37,4572209
28-Dec-11,4.58,4.58,4.39,4.43,2860082
27-Dec-11,4.61,4.67,4.55,4.57,1912718
23-Dec-11,4.61,4.61,4.61,4.61,0
22-Dec-11,4.59,4.69,4.56,4.56,4726600
21-Dec-11,4.71,4.76,4.53,4.64,7481066
20-Dec-11,4.65,4.75,4.59,4.67,6748845
19-Dec-11,5.33,5.34,4.70,4.73,5693226
16-Dec-11,5.48,5.52,5.35,5.46,3351467
15-Dec-11,5.45,5.47,5.35,5.36,1905103
14-Dec-11,5.33,5.44,5.28,5.32,2044615
13-Dec-11,5.70,5.75,5.32,5.40,5518999
12-Dec-11,5.66,5.66,5.52,5.64,3853282
9-Dec-11,5.75,5.90,5.73,5.89,1751029
8-Dec-11,5.96,5.96,5.66,5.71,4391641
7-Dec-11,6.14,6.19,6.02,6.12,2615602
6-Dec-11,6.18,6.26,6.04,6.17,3657249
5-Dec-11,6.27,6.40,6.20,6.27,3197724
2-Dec-11,6.39,6.43,6.12,6.19,3467358
1-Dec-11,6.13,6.39,6.13,6.31,7082176
30-Nov-11,5.96,6.03,5.68,6.02,10602336
29-Nov-11,5.68,5.78,5.60,5.71,4349445
28-Nov-11,5.95,6.00,5.63,5.70,5853438
25-Nov-11,5.73,5.83,5.59,5.65,1724438
23-Nov-11,5.65,5.65,5.65,5.65,0
22-Nov-11,5.76,5.98,5.73,5.84,3973125
21-Nov-11,5.58,5.87,5.55,5.75,5475257
18-Nov-11,5.87,5.92,5.65,5.73,6605533
17-Nov-11,6.22,6.24,5.70,5.81,5984489
16-Nov-11,6.60,6.61,6.20,6.25,8629022
15-Nov-11,7.03,7.11,6.75,6.80,2345816
14-Nov-11,7.13,7.16,6.95,7.02,2029755
11-Nov-11,7.04,7.32,7.04,7.31,1445209
10-Nov-11,7.03,7.04,6.82,6.90,2780365
9-Nov-11,7.18,7.18,6.79,6.85,4369001
8-Nov-11,7.44,7.54,7.30,7.51,2148515
7-Nov-11,7.43,7.51,7.24,7.41,2015746
4-Nov-11,7.15,7.38,7.09,7.32,2480266
3-Nov-11,7.30,7.33,7.12,7.22,2581564
2-Nov-11,7.35,7.60,7.13,7.24,2389311
1-Nov-11,7.00,7.20,6.84,7.05,3940001
31-Oct-11,7.70,7.70,7.43,7.44,2764835
28-Oct-11,7.74,8.10,7.74,7.97,3018020
27-Oct-11,7.46,7.93,7.41,7.76,4544622
26-Oct-11,7.03,7.18,6.85,7.15,3650140
25-Oct-11,7.15,7.16,6.88,6.89,3195657
24-Oct-11,6.88,7.32,6.85,7.32,2746339
21-Oct-11,6.73,6.93,6.63,6.81,2475032
20-Oct-11,6.86,6.88,6.47,6.65,2537378
19-Oct-11,6.87,7.03,6.82,6.93,3253890
18-Oct-11,6.40,6.92,6.31,6.83,3089238
17-Oct-11,6.76,6.79,6.41,6.44,2469183
14-Oct-11,6.80,6.97,6.66,6.91,3584407
13-Oct-11,6.45,6.75,6.30,6.75,4443814
12-Oct-11,6.35,6.66,6.24,6.52,2705004
11-Oct-11,6.01,6.34,6.01,6.19,2296669
10-Oct-11,5.95,6.07,5.89,6.00,1988414
7-Oct-11,6.07,6.11,5.72,5.80,2949204
6-Oct-11,5.86,6.06,5.77,6.04,4823209
5-Oct-11,5.72,5.85,5.60,5.75,2603586
4-Oct-11,5.36,5.83,5.32,5.80,4800917
3-Oct-11,5.64,5.83,5.37,5.38,3465622
30-Sep-11,6.13,6.17,5.68,5.77,3233724
