Date,Open,High,Low,Close,Volume
27-Sep-12,39.96,40.08,39.70,39.89,3060347
26-Sep-12,40.06,40.22,39.91,39.95,3502896
25-Sep-12,40.27,40.34,40.00,40.11,4297369
24-Sep-12,40.22,40.34,40.04,40.23,2818666
21-Sep-12,40.45,40.52,40.17,40.30,6520138
20-Sep-12,40.08,40.76,40.08,40.44,6829020
19-Sep-12,39.60,40.24,39.45,40.02,10463658
18-Sep-12,38.96,39.40,38.96,39.31,7413051
17-Sep-12,38.80,39.14,38.79,38.96,4793005
14-Sep-12,39.25,39.25,38.78,38.89,6386351
13-Sep-12,39.30,39.50,38.93,39.46,4422456
12-Sep-12,39.36,39.50,39.09,39.30,3605495
11-Sep-12,39.36,39.39,39.08,39.29,4441837
10-Sep-12,39.32,39.43,39.17,39.29,3080870
7-Sep-12,39.33,39.48,39.14,39.24,4537107
6-Sep-12,39.22,39.35,39.11,39.32,4129386
5-Sep-12,39.30,39.30,38.86,38.99,3583989
4-Sep-12,39.15,39.38,39.03,39.33,4182736
31-Aug-12,39.47,39.47,39.15,39.33,3609727
30-Aug-12,39.53,39.59,39.23,39.34,2967198
29-Aug-12,39.55,39.76,39.43,39.57,4648250
28-Aug-12,39.37,39.68,39.37,39.44,3655217
27-Aug-12,39.01,39.55,39.01,39.41,5142333
24-Aug-12,38.29,39.09,38.29,39.04,5481028
23-Aug-12,38.53,38.54,38.30,38.33,2501338
22-Aug-12,38.55,38.63,38.36,38.46,2848929
21-Aug-12,38.80,38.82,38.57,38.63,3229216
20-Aug-12,38.43,38.84,38.43,38.81,3641524
17-Aug-12,38.58,38.60,38.35,38.50,900681
16-Aug-12,38.33,38.50,38.29,38.49,1231316
15-Aug-12,38.33,38.47,38.21,38.35,574118
14-Aug-12,38.55,38.58,38.33,38.42,553135
13-Aug-12,38.54,38.62,38.44,38.50,486313
10-Aug-12,38.49,38.66,38.31,38.63,414270
9-Aug-12,38.43,38.60,38.37,38.53,549424
8-Aug-12,38.36,38.60,38.31,38.40,787594
7-Aug-12,38.40,38.50,38.23,38.34,715166
6-Aug-12,38.56,38.80,38.45,38.49,845117
3-Aug-12,38.24,38.77,38.24,38.52,832264
2-Aug-12,37.97,38.24,37.90,38.02,5202402
1-Aug-12,38.79,38.95,38.08,38.43,6000259
31-Jul-12,38.69,38.83,38.59,38.70,3716671
30-Jul-12,38.44,38.85,38.42,38.74,3037273
27-Jul-12,38.30,38.61,38.22,38.52,5519621
26-Jul-12,38.24,38.40,38.07,38.19,3334280
25-Jul-12,38.02,38.14,37.72,37.96,3321657
24-Jul-12,38.21,38.24,37.77,37.91,3491247
23-Jul-12,38.62,38.62,38.06,38.21,4398510
20-Jul-12,38.92,38.92,38.40,38.78,5327555
19-Jul-12,39.01,39.06,38.74,38.98,3321152
18-Jul-12,38.76,39.05,38.65,39.01,3186693
17-Jul-12,38.91,38.92,38.54,38.85,4486282
16-Jul-12,39.00,39.09,38.68,38.77,3756440
13-Jul-12,38.95,39.10,38.83,39.04,4238434
12-Jul-12,38.92,39.09,38.69,38.82,4845826
11-Jul-12,38.79,39.33,38.69,39.13,6225718
10-Jul-12,38.50,38.72,38.44,38.65,4979095
9-Jul-12,38.80,38.82,38.29,38.46,4032132
6-Jul-12,38.72,38.84,38.43,38.76,3832155
5-Jul-12,39.03,39.22,38.85,39.04,4597866
3-Jul-12,39.00,39.18,38.77,39.02,2968595
2-Jul-12,38.41,39.00,38.27,38.98,4636462
29-Jun-12,38.19,38.54,37.98,38.54,5555525
28-Jun-12,37.66,37.86,37.26,37.80,6332624
27-Jun-12,37.76,37.87,36.75,37.55,8718331
26-Jun-12,38.55,38.55,38.04,38.15,4103099
25-Jun-12,38.31,38.53,38.21,38.43,4295901
22-Jun-12,38.48,38.58,38.32,38.44,2762059
21-Jun-12,38.85,38.96,38.36,38.36,3797021
20-Jun-12,38.80,38.94,38.63,38.72,3578521
19-Jun-12,38.64,38.92,38.50,38.80,3025053
18-Jun-12,38.43,38.75,38.37,38.65,2079603
15-Jun-12,38.23,38.54,38.13,38.46,4077471
14-Jun-12,38.12,38.26,37.90,38.09,3897348
13-Jun-12,37.99,38.12,37.75,38.03,4404042
12-Jun-12,37.91,38.05,37.86,37.94,4069483
11-Jun-12,38.28,38.38,37.90,37.91,4138728
8-Jun-12,38.10,38.21,37.95,38.20,3776284
7-Jun-12,38.13,38.32,37.96,38.02,5342842
6-Jun-12,37.85,37.99,37.60,37.93,6514667
5-Jun-12,37.74,37.86,37.51,37.80,2889776
4-Jun-12,37.80,37.92,37.64,37.84,3676698
1-Jun-12,38.09,38.22,37.87,37.90,4340221
31-May-12,38.44,38.53,38.24,38.28,4225190
30-May-12,38.98,39.31,38.48,38.52,5433334
29-May-12,39.19,39.26,38.96,39.07,3590212
25-May-12,38.94,39.12,38.89,39.08,3324799
24-May-12,38.71,39.02,38.52,38.98,4071689
23-May-12,38.56,38.63,38.23,38.59,3859956
22-May-12,38.55,38.64,38.42,38.58,3616885
21-May-12,38.99,39.01,38.36,38.55,4189478
18-May-12,39.34,39.35,38.73,38.95,5358852
17-May-12,39.69,39.70,39.19,39.19,3402008
16-May-12,39.55,39.72,39.38,39.64,5436220
15-May-12,39.12,39.64,39.08,39.58,6467649
14-May-12,39.11,39.28,39.01,39.16,3159745
11-May-12,39.25,39.53,39.10,39.27,2593444
10-May-12,39.00,39.37,38.90,39.25,3360736
9-May-12,38.67,39.16,38.65,38.91,4648824
8-May-12,38.44,38.88,38.38,38.82,4111072
7-May-12,38.30,38.64,38.20,38.53,3366712
4-May-12,38.50,38.67,38.30,38.32,3888921
3-May-12,38.60,38.73,38.45,38.47,3564215
2-May-12,38.89,38.94,38.58,38.69,2853167
1-May-12,39.06,39.15,38.75,38.93,2666601
30-Apr-12,38.95,38.98,38.82,38.89,2173927
27-Apr-12,39.02,39.09,38.83,38.93,2137689
26-Apr-12,38.80,39.02,38.66,38.90,2495611
25-Apr-12,38.81,38.97,38.64,38.80,2591046
24-Apr-12,38.64,39.01,38.59,38.64,3833068
23-Apr-12,38.60,38.78,38.54,38.61,4307910
20-Apr-12,39.10,39.17,38.94,38.94,3305696
19-Apr-12,39.07,39.14,38.86,39.02,3416933
18-Apr-12,38.97,39.21,38.97,39.11,3349500
17-Apr-12,38.82,39.17,38.62,39.12,3567453
16-Apr-12,38.73,38.84,38.50,38.74,3471340
13-Apr-12,38.73,38.95,38.69,38.70,3267367
12-Apr-12,38.56,38.76,38.41,38.76,3032642
11-Apr-12,38.71,38.83,38.50,38.57,2759409
10-Apr-12,38.62,38.71,38.50,38.51,3235601
9-Apr-12,38.74,38.92,38.60,38.71,2886867
5-Apr-12,39.36,39.37,38.87,39.00,6015437
4-Apr-12,39.52,39.80,39.48,39.69,5591654
3-Apr-12,39.83,39.90,39.41,39.64,5848815
2-Apr-12,39.16,39.71,38.93,39.62,5437856
30-Mar-12,39.31,39.59,39.21,39.45,5927859
29-Mar-12,39.02,39.20,38.90,39.12,3957000
28-Mar-12,39.05,39.17,38.98,39.15,2546089
27-Mar-12,39.24,39.37,39.08,39.11,3034118
26-Mar-12,39.00,39.35,38.97,39.24,5130313
23-Mar-12,38.61,38.92,38.55,38.85,3781741
22-Mar-12,38.64,38.68,38.40,38.61,3803323
21-Mar-12,38.67,38.69,38.23,38.58,5158406
20-Mar-12,38.52,38.84,38.51,38.76,4084863
19-Mar-12,38.85,38.95,38.58,38.72,3252759
16-Mar-12,38.74,39.33,38.65,38.83,5343130
15-Mar-12,38.40,38.71,38.28,38.69,3577912
14-Mar-12,38.51,38.71,38.37,38.50,3345527
13-Mar-12,38.62,38.66,38.32,38.59,4762673
12-Mar-12,38.28,38.66,38.19,38.51,3607188
9-Mar-12,38.47,38.68,38.31,38.58,3281492
8-Mar-12,38.64,38.68,38.45,38.47,3524895
7-Mar-12,38.37,38.56,38.28,38.46,4273659
6-Mar-12,38.55,38.67,38.28,38.36,3630335
5-Mar-12,38.07,38.88,38.05,38.60,5097724
2-Mar-12,38.03,38.39,38.00,38.19,5122955
1-Mar-12,38.36,38.42,37.91,38.17,6598903
29-Feb-12,38.09,38.52,38.03,38.31,4665635
28-Feb-12,37.93,38.11,37.76,38.09,7693661
27-Feb-12,38.07,38.16,38.00,38.04,7472195
24-Feb-12,38.57,38.72,38.00,38.15,9979200
23-Feb-12,38.64,39.30,38.53,38.63,5706046
22-Feb-12,38.27,38.68,38.22,38.66,6579229
21-Feb-12,38.37,38.49,38.02,38.23,5105914
17-Feb-12,38.98,39.26,38.11,38.34,14101888
16-Feb-12,39.76,39.92,39.51,39.78,3774256
15-Feb-12,39.87,40.00,39.41,39.61,4071114
14-Feb-12,39.34,39.88,39.34,39.80,5603985
13-Feb-12,39.14,39.52,39.11,39.34,4100321
10-Feb-12,38.78,39.09,38.72,39.09,3256470
9-Feb-12,39.05,39.22,38.81,39.08,5536699
8-Feb-12,39.40,39.50,38.99,39.02,6318787
7-Feb-12,39.68,39.81,39.29,39.39,5183165
6-Feb-12,39.80,39.97,39.65,39.67,3681122
3-Feb-12,40.23,40.41,39.83,39.85,4363674
2-Feb-12,40.15,40.24,39.62,39.93,4821505
1-Feb-12,40.16,40.39,39.98,40.02,3092503
31-Jan-12,39.97,40.05,39.62,39.83,2593159
30-Jan-12,39.76,39.97,39.68,39.86,2885048
27-Jan-12,40.38,40.47,39.81,40.03,2666537
26-Jan-12,40.66,40.81,40.28,40.39,2643710
25-Jan-12,40.25,40.66,39.98,40.62,3056748
24-Jan-12,40.55,40.55,40.09,40.10,3302743
23-Jan-12,40.69,40.69,40.32,40.63,2364022
20-Jan-12,40.86,40.88,40.25,40.67,3652817
19-Jan-12,41.04,41.05,40.71,40.95,1944922
18-Jan-12,40.77,41.05,40.64,41.05,3715267
17-Jan-12,40.80,41.06,40.66,40.77,2919624
13-Jan-12,40.64,40.64,40.64,40.64,0
12-Jan-12,40.43,40.70,40.43,40.64,2939642
11-Jan-12,40.18,40.50,40.18,40.42,3048632
10-Jan-12,40.09,40.38,40.04,40.33,3686223
9-Jan-12,40.08,40.15,39.83,40.00,2819742
6-Jan-12,40.50,40.54,40.06,40.07,3962492
5-Jan-12,40.46,40.75,40.36,40.72,4044762
4-Jan-12,40.43,40.59,40.34,40.54,3842076
3-Jan-12,40.59,40.70,40.04,40.30,4400999
30-Dec-11,40.41,40.41,40.41,40.41,0
29-Dec-11,40.59,40.70,40.48,40.66,2053309
28-Dec-11,40.67,40.69,40.42,40.44,1638045
27-Dec-11,40.61,40.80,40.50,40.61,1826528
23-Dec-11,40.57,40.57,40.57,40.57,0
22-Dec-11,40.33,40.53,40.06,40.31,3410491
21-Dec-11,39.38,40.17,39.32,40.16,4745998
20-Dec-11,38.98,39.38,38.52,39.27,8657956
19-Dec-11,39.79,40.01,39.52,39.59,3851949
16-Dec-11,40.25,40.25,39.59,39.72,5125192
15-Dec-11,39.94,40.11,39.88,39.96,3408816
14-Dec-11,39.65,39.95,39.65,39.73,2858771
13-Dec-11,40.23,40.31,39.68,39.79,4115901
12-Dec-11,40.32,40.53,39.88,40.09,3283267
9-Dec-11,40.40,40.54,40.30,40.42,2953639
8-Dec-11,40.45,40.56,40.15,40.24,3776116
7-Dec-11,40.42,40.72,40.18,40.56,3565808
6-Dec-11,40.11,40.62,40.10,40.45,4031495
5-Dec-11,40.14,40.50,39.98,40.21,3551462
2-Dec-11,39.97,40.04,39.65,39.96,3339433
1-Dec-11,39.91,40.06,39.80,39.90,4404828
30-Nov-11,39.48,39.95,39.20,39.95,4893485
29-Nov-11,38.50,39.29,38.50,39.06,4000251
28-Nov-11,38.74,38.90,38.33,38.50,3772447
25-Nov-11,38.08,38.39,38.03,38.23,1372609
23-Nov-11,37.96,37.96,37.96,37.96,0
22-Nov-11,38.25,38.63,38.16,38.47,2661545
21-Nov-11,38.10,38.50,38.10,38.37,3515678
18-Nov-11,38.86,39.00,38.52,38.55,4038044
17-Nov-11,38.71,39.06,38.42,38.62,3313247
16-Nov-11,39.30,39.33,38.87,38.91,3695240
15-Nov-11,39.32,39.67,39.25,39.60,2202076
14-Nov-11,39.56,39.61,39.24,39.28,2120424
11-Nov-11,39.27,39.68,39.27,39.56,1891953
10-Nov-11,39.21,39.30,38.78,39.16,2623639
9-Nov-11,39.07,39.20,38.72,38.82,3506777
8-Nov-11,39.41,39.56,39.05,39.50,3373078
7-Nov-11,38.58,39.42,38.54,39.36,3211593
4-Nov-11,38.82,38.86,38.39,38.67,3215335
3-Nov-11,38.10,39.00,37.90,38.96,4972702
2-Nov-11,38.61,38.67,38.33,38.59,3257966
1-Nov-11,38.11,38.53,37.99,38.31,5833246
31-Oct-11,39.04,39.18,38.51,38.53,4595412
28-Oct-11,39.29,39.45,38.83,39.13,4800478
27-Oct-11,39.65,39.77,39.07,39.24,5552494
26-Oct-11,39.04,39.10,38.63,38.99,3944972
25-Oct-11,39.16,39.33,38.79,38.82,4002242
24-Oct-11,39.82,39.90,39.07,39.10,5442883
21-Oct-11,39.81,40.01,39.60,39.79,4779041
20-Oct-11,39.55,39.78,39.18,39.37,4490460
19-Oct-11,39.79,39.95,39.34,39.45,3651570
18-Oct-11,39.34,39.93,39.03,39.74,4154246
17-Oct-11,39.44,39.72,39.28,39.36,3102363
14-Oct-11,39.54,39.82,39.25,39.66,3563949
13-Oct-11,39.57,39.65,39.03,39.32,3808647
12-Oct-11,39.98,40.10,39.53,39.78,5538312
11-Oct-11,39.43,40.25,39.40,39.92,8266485
10-Oct-11,39.06,39.34,38.76,39.31,3397793
7-Oct-11,38.22,39.00,38.09,38.75,5345079
6-Oct-11,37.86,38.22,37.79,38.17,4454911
5-Oct-11,37.83,37.97,37.53,37.94,4606922
4-Oct-11,37.62,38.08,37.37,38.04,7155611
3-Oct-11,38.26,38.61,37.95,37.96,5490972
30-Sep-11,38.79,39.17,38.47,38.49,5289018
