Date,Open,High,Low,Close,Volume
27-Sep-12,25.11,25.11,25.11,25.11,0
26-Sep-12,25.11,25.11,25.11,25.11,0
25-Sep-12,25.38,25.38,25.11,25.11,300
24-Sep-12,25.69,25.69,25.69,25.69,100
21-Sep-12,25.41,25.41,25.37,25.38,400
20-Sep-12,25.28,25.28,25.28,25.28,0
19-Sep-12,25.12,25.28,25.12,25.28,1475
18-Sep-12,25.10,25.11,25.08,25.08,1175
17-Sep-12,25.15,25.16,25.15,25.16,300
14-Sep-12,25.17,25.17,25.08,25.08,200
13-Sep-12,25.17,25.17,25.11,25.11,1100
12-Sep-12,25.12,25.24,25.12,25.24,1201
11-Sep-12,25.23,25.23,25.23,25.23,0
10-Sep-12,25.23,25.23,25.23,25.23,0
7-Sep-12,25.23,25.23,25.23,25.23,0
6-Sep-12,25.23,25.23,25.23,25.23,0
5-Sep-12,25.23,25.23,25.23,25.23,0
4-Sep-12,25.23,25.23,25.23,25.23,0
31-Aug-12,25.23,25.23,25.23,25.23,0
30-Aug-12,25.23,25.23,25.23,25.23,0
29-Aug-12,25.19,25.23,25.15,25.23,1584
28-Aug-12,25.20,25.20,25.20,25.20,0
27-Aug-12,25.20,25.20,25.20,25.20,0
24-Aug-12,25.20,25.20,25.20,25.20,0
23-Aug-12,25.20,25.20,25.20,25.20,0
22-Aug-12,25.20,25.20,25.20,25.20,100
21-Aug-12,25.27,25.27,25.27,25.27,400
20-Aug-12,25.27,25.27,25.27,25.27,0
17-Aug-12,25.20,25.20,25.20,25.20,0
16-Aug-12,25.20,25.20,25.20,25.20,100
15-Aug-12,25.14,25.14,25.14,25.14,100
14-Aug-12,25.13,25.14,25.13,25.14,400
13-Aug-12,25.20,25.20,25.20,25.20,0
10-Aug-12,25.20,25.20,25.20,25.20,0
9-Aug-12,25.22,25.22,25.20,25.20,424
8-Aug-12,25.28,25.28,25.23,25.23,650
7-Aug-12,25.56,25.56,25.56,25.56,0
6-Aug-12,25.20,25.77,25.20,25.56,1111
3-Aug-12,25.15,25.15,25.15,25.15,350
2-Aug-12,25.19,25.19,25.19,25.19,0
1-Aug-12,25.18,25.20,25.18,25.19,600
31-Jul-12,25.13,25.18,25.11,25.15,3150
30-Jul-12,25.11,25.11,25.11,25.11,0
27-Jul-12,25.11,25.11,25.11,25.11,0
26-Jul-12,25.11,25.11,25.11,25.11,0
25-Jul-12,25.11,25.11,25.11,25.11,200
24-Jul-12,25.18,25.18,25.17,25.17,1400
23-Jul-12,25.17,25.17,25.17,25.17,0
20-Jul-12,25.25,25.25,25.17,25.17,675
19-Jul-12,25.35,25.50,25.35,25.50,400
18-Jul-12,25.72,25.72,25.36,25.36,200
17-Jul-12,25.48,25.80,25.43,25.43,300
16-Jul-12,25.35,25.35,25.35,25.35,0
13-Jul-12,25.35,25.35,25.35,25.35,0
12-Jul-12,25.35,25.35,25.35,25.35,0
11-Jul-12,25.35,25.35,25.35,25.35,0
10-Jul-12,25.35,25.35,25.35,25.35,0
9-Jul-12,25.35,25.35,25.35,25.35,0
6-Jul-12,25.38,25.38,25.27,25.35,1801
5-Jul-12,25.35,25.36,25.10,25.21,800
3-Jul-12,25.26,25.38,25.26,25.38,1005
2-Jul-12,25.27,25.27,25.27,25.27,0
29-Jun-12,25.26,25.35,25.26,25.27,800
28-Jun-12,25.25,25.36,25.25,25.25,800
27-Jun-12,25.23,25.35,25.20,25.21,2702
26-Jun-12,25.34,25.34,25.25,25.25,1000
25-Jun-12,25.20,25.32,25.17,25.17,1092
22-Jun-12,25.39,25.45,25.31,25.45,800
21-Jun-12,25.27,25.27,25.27,25.27,0
20-Jun-12,25.23,25.27,25.23,25.27,500
19-Jun-12,25.23,25.37,25.22,25.22,400
18-Jun-12,25.38,25.39,25.20,25.33,1404
15-Jun-12,25.22,25.34,25.15,25.15,2197
14-Jun-12,25.13,25.36,25.13,25.33,600
13-Jun-12,24.90,25.33,24.90,25.07,5239
12-Jun-12,24.82,24.98,24.77,24.77,500
11-Jun-12,25.09,25.09,24.85,24.85,3951
8-Jun-12,24.92,24.92,24.92,24.92,0
7-Jun-12,24.97,24.97,24.87,24.92,3300
6-Jun-12,24.80,24.97,24.80,24.97,200
5-Jun-12,24.79,24.80,24.70,24.75,5300
4-Jun-12,24.95,24.98,24.75,24.75,5480
1-Jun-12,24.97,24.97,24.97,24.97,0
31-May-12,25.05,25.05,24.97,24.97,928
30-May-12,25.07,25.07,25.05,25.05,501
29-May-12,25.07,25.07,25.05,25.05,911
25-May-12,25.10,25.10,25.10,25.10,0
24-May-12,25.10,25.10,25.10,25.10,0
23-May-12,25.10,25.10,25.10,25.10,0
22-May-12,25.16,25.16,25.10,25.10,1200
21-May-12,25.13,25.13,25.13,25.13,0
18-May-12,25.33,25.33,25.13,25.13,1017
17-May-12,25.25,25.25,25.25,25.25,0
16-May-12,25.25,25.25,25.25,25.25,0
15-May-12,25.25,25.25,25.25,25.25,0
14-May-12,25.12,25.25,25.12,25.25,1450
11-May-12,25.23,25.25,25.20,25.20,975
10-May-12,25.23,25.23,25.23,25.23,0
9-May-12,25.23,25.23,25.23,25.23,0
8-May-12,25.25,25.25,25.18,25.23,1100
7-May-12,25.35,25.40,25.35,25.36,1200
4-May-12,25.22,25.22,25.15,25.15,1300
3-May-12,25.35,25.40,25.35,25.40,300
2-May-12,25.10,25.10,25.10,25.10,700
1-May-12,25.34,25.34,25.24,25.30,777
30-Apr-12,25.12,25.17,25.08,25.15,3950
27-Apr-12,25.50,25.50,25.50,25.50,0
26-Apr-12,25.10,25.50,25.10,25.50,2112
25-Apr-12,25.09,25.09,25.09,25.09,200
24-Apr-12,25.11,25.11,25.09,25.09,580
23-Apr-12,25.09,25.09,25.09,25.09,0
20-Apr-12,25.09,25.09,25.09,25.09,180
19-Apr-12,25.21,25.21,25.21,25.21,600
18-Apr-12,25.13,25.13,25.08,25.09,1600
17-Apr-12,25.02,25.02,25.02,25.02,0
16-Apr-12,25.02,25.02,25.02,25.02,0
13-Apr-12,25.07,25.07,25.02,25.02,940
12-Apr-12,25.11,25.18,25.05,25.05,1298
11-Apr-12,25.08,25.11,25.05,25.10,6200
10-Apr-12,25.13,25.13,25.13,25.13,0
9-Apr-12,25.08,25.14,25.08,25.13,1401
5-Apr-12,25.13,25.13,25.13,25.13,0
4-Apr-12,25.10,25.14,25.10,25.13,400
3-Apr-12,25.10,25.12,25.10,25.10,400
2-Apr-12,25.08,25.08,25.08,25.08,0
30-Mar-12,25.08,25.08,25.08,25.08,600
29-Mar-12,25.10,25.10,25.10,25.10,0
28-Mar-12,25.10,25.10,25.10,25.10,0
27-Mar-12,25.10,25.12,25.10,25.10,700
26-Mar-12,25.08,25.08,25.08,25.08,0
23-Mar-12,25.08,25.08,25.08,25.08,0
22-Mar-12,25.08,25.08,25.08,25.08,0
21-Mar-12,25.08,25.08,25.08,25.08,400
20-Mar-12,25.09,25.09,25.08,25.09,600
19-Mar-12,25.05,25.05,25.04,25.04,1000
16-Mar-12,25.04,25.04,25.04,25.04,650
15-Mar-12,25.05,25.05,25.05,25.05,0
14-Mar-12,25.05,25.08,25.04,25.05,1900
13-Mar-12,25.11,25.14,25.04,25.04,6040
12-Mar-12,25.15,25.15,25.15,25.15,0
9-Mar-12,25.15,25.15,25.15,25.15,0
8-Mar-12,25.15,25.15,25.15,25.15,200
7-Mar-12,25.10,25.10,25.10,25.10,1000
6-Mar-12,25.14,25.14,25.14,25.14,0
5-Mar-12,25.14,25.14,25.14,25.14,0
2-Mar-12,25.05,25.14,25.05,25.14,925
1-Mar-12,25.05,25.09,25.05,25.06,700
29-Feb-12,25.04,25.04,25.04,25.04,0
28-Feb-12,25.07,25.07,25.01,25.04,5000
27-Feb-12,25.01,25.01,25.01,25.01,0
24-Feb-12,25.01,25.01,25.01,25.01,100
23-Feb-12,25.03,25.03,25.00,25.00,2600
22-Feb-12,25.04,25.14,25.00,25.00,10600
21-Feb-12,25.07,25.07,24.98,25.02,1700
17-Feb-12,25.05,25.05,25.05,25.05,100
16-Feb-12,25.05,25.17,25.02,25.02,34400
15-Feb-12,25.04,25.04,25.04,25.04,200
14-Feb-12,25.10,25.10,25.05,25.05,500
13-Feb-12,25.12,25.15,25.08,25.15,1100
10-Feb-12,25.12,25.12,25.12,25.12,500
9-Feb-12,25.20,25.20,25.20,25.20,600
8-Feb-12,25.20,25.20,25.20,25.20,0
2-Feb-12,25.12,25.12,25.12,25.12,0
1-Feb-12,25.49,25.50,25.49,25.50,500
31-Jan-12,25.35,25.35,25.35,25.35,200
30-Jan-12,25.25,25.29,25.25,25.29,1100
26-Jan-12,25.22,25.22,25.22,25.22,0
25-Jan-12,25.12,25.12,25.12,25.12,200
24-Jan-12,25.22,25.22,25.22,25.22,0
17-Jan-12,25.00,25.00,25.00,25.00,0
13-Jan-12,25.02,25.02,25.02,25.02,0
12-Jan-12,25.01,25.04,24.88,25.04,4705
11-Jan-12,24.84,25.00,24.84,24.96,2600
9-Jan-12,24.95,24.95,24.95,24.95,0
6-Jan-12,24.90,24.90,24.85,24.85,1000
5-Jan-12,24.88,24.90,24.88,24.90,901
4-Jan-12,24.86,24.86,24.86,24.86,200
3-Jan-12,24.90,24.90,24.90,24.90,100
29-Dec-11,24.91,24.91,24.91,24.91,0
28-Dec-11,25.11,25.11,25.11,25.11,200
27-Dec-11,25.10,25.10,24.99,25.09,3100
23-Dec-11,25.10,25.10,25.10,25.10,0
22-Dec-11,25.00,25.15,24.95,24.95,3499
21-Dec-11,25.02,25.13,25.01,25.13,801
20-Dec-11,24.95,24.95,24.95,24.95,200
19-Dec-11,25.10,25.11,24.99,25.01,2600
16-Dec-11,24.98,25.15,24.93,25.15,5203
15-Dec-11,24.89,24.99,24.89,24.99,899
13-Dec-11,24.98,24.98,24.98,24.98,0
12-Dec-11,24.95,24.97,24.89,24.92,817
9-Dec-11,24.95,24.97,24.88,24.93,1000
8-Dec-11,24.85,24.99,24.85,24.87,1500
7-Dec-11,24.96,24.96,24.82,24.82,400
6-Dec-11,24.94,25.00,24.80,25.00,2200
5-Dec-11,24.93,24.97,24.83,24.90,800
2-Dec-11,24.81,24.92,24.78,24.89,700
1-Dec-11,24.88,24.98,24.81,24.81,1200
30-Nov-11,24.95,24.96,24.85,24.88,600
29-Nov-11,24.81,24.86,24.78,24.80,1700
28-Nov-11,24.84,24.99,24.84,24.89,1700
25-Nov-11,25.04,25.04,24.92,24.92,200
23-Nov-11,24.84,24.84,24.84,24.84,0
22-Nov-11,24.92,25.00,24.69,24.79,4926
21-Nov-11,25.05,25.05,24.90,24.90,3000
18-Nov-11,25.00,25.05,25.00,25.05,1200
17-Nov-11,25.09,25.09,25.03,25.03,700
16-Nov-11,25.10,25.13,25.06,25.06,12000
15-Nov-11,25.02,25.07,25.01,25.06,1300
11-Nov-11,25.00,25.00,25.00,25.00,0
10-Nov-11,24.99,25.00,24.99,25.00,200
9-Nov-11,25.10,25.10,25.01,25.01,1000
8-Nov-11,25.19,25.19,25.05,25.09,1600
4-Nov-11,25.05,25.05,25.05,25.05,0
3-Nov-11,25.21,25.21,25.02,25.02,1000
2-Nov-11,25.05,25.05,25.05,25.05,100
1-Nov-11,25.20,25.20,25.02,25.07,1200
28-Oct-11,25.00,25.00,25.00,25.00,0
27-Oct-11,25.00,25.00,25.00,25.00,300
26-Oct-11,25.05,25.05,25.05,25.05,0
25-Oct-11,24.94,25.00,24.94,25.00,2247
21-Oct-11,24.91,24.91,24.91,24.91,0
20-Oct-11,24.90,24.90,24.90,24.90,0
19-Oct-11,25.00,25.00,24.70,24.70,3000
18-Oct-11,25.19,25.30,25.05,25.05,2414
13-Oct-11,24.99,24.99,24.99,24.99,0
12-Oct-11,24.90,24.92,24.90,24.90,2300
11-Oct-11,24.94,24.95,24.90,24.95,7011
3-Oct-11,24.65,24.65,24.65,24.65,0
30-Sep-11,24.80,24.80,24.67,24.67,200
