Date,Open,High,Low,Close,Volume
27-Sep-12,33.12,33.25,32.70,33.24,292659
26-Sep-12,32.67,32.92,32.49,32.75,371184
25-Sep-12,32.92,33.04,32.59,32.77,211617
24-Sep-12,32.89,33.18,32.48,32.80,187695
21-Sep-12,33.59,33.96,33.25,33.30,378387
20-Sep-12,33.62,33.72,33.02,33.19,134042
19-Sep-12,34.10,34.25,33.38,33.83,222871
18-Sep-12,35.23,35.43,33.89,34.39,139125
17-Sep-12,35.60,36.04,35.29,35.47,98732
14-Sep-12,35.79,36.26,35.55,35.75,263474
13-Sep-12,34.99,35.62,34.69,35.50,263285
12-Sep-12,34.76,35.23,34.67,34.82,216479
11-Sep-12,34.23,34.60,34.10,34.49,155943
10-Sep-12,34.85,34.85,34.00,34.37,160213
7-Sep-12,34.80,34.86,34.53,34.70,138765
6-Sep-12,34.66,34.82,34.39,34.75,284880
5-Sep-12,34.48,34.86,34.05,34.25,152429
4-Sep-12,35.22,35.26,33.81,34.36,241520
31-Aug-12,35.33,35.38,34.55,35.08,114103
30-Aug-12,35.54,35.54,34.75,34.87,97187
29-Aug-12,35.78,36.07,35.55,35.71,142025
28-Aug-12,35.88,36.07,35.54,35.82,146089
27-Aug-12,36.19,36.43,35.70,35.98,151758
24-Aug-12,35.82,36.24,35.68,35.91,121788
23-Aug-12,36.46,36.46,35.64,36.06,268603
22-Aug-12,37.95,37.98,36.25,36.59,241604
21-Aug-12,37.81,38.51,37.73,38.12,164604
20-Aug-12,37.68,37.87,37.32,37.65,100592
17-Aug-12,37.55,37.82,37.26,37.78,42099
16-Aug-12,36.42,37.83,36.42,37.65,41065
15-Aug-12,35.94,36.61,35.86,36.53,16398
14-Aug-12,36.93,37.13,35.93,36.09,39478
13-Aug-12,37.14,37.14,36.14,36.58,15267
10-Aug-12,36.97,37.32,36.68,37.31,18097
9-Aug-12,37.11,37.55,36.90,37.15,41023
8-Aug-12,36.29,37.50,36.29,37.29,41530
7-Aug-12,36.70,37.57,36.55,36.64,48732
6-Aug-12,35.51,36.50,35.31,36.34,56451
3-Aug-12,34.79,35.75,34.47,35.28,75202
2-Aug-12,34.49,34.98,33.69,34.06,291368
1-Aug-12,36.23,36.39,34.77,34.80,329181
31-Jul-12,38.29,38.50,35.90,35.95,226521
30-Jul-12,38.52,38.74,37.39,38.56,178604
27-Jul-12,37.80,39.22,37.03,38.45,304555
26-Jul-12,35.87,37.53,35.87,37.45,349333
25-Jul-12,34.90,35.65,34.57,35.17,431449
24-Jul-12,33.60,35.21,33.27,34.75,635591
23-Jul-12,36.03,36.10,35.11,35.78,192976
20-Jul-12,36.60,37.04,36.20,36.89,181680
19-Jul-12,36.86,37.23,36.66,36.79,101205
18-Jul-12,36.09,36.73,35.77,36.65,92052
17-Jul-12,36.12,36.47,35.50,36.13,213128
16-Jul-12,35.88,36.32,35.33,35.86,95909
13-Jul-12,36.18,36.78,35.75,36.02,176287
12-Jul-12,35.66,36.27,35.02,36.04,182093
11-Jul-12,34.94,36.68,34.94,36.06,394243
10-Jul-12,35.38,35.74,34.52,34.85,254772
9-Jul-12,35.59,35.59,34.91,35.03,245482
6-Jul-12,35.39,35.97,35.09,35.70,231150
5-Jul-12,35.24,36.48,35.19,35.95,188376
3-Jul-12,34.90,35.55,34.90,35.43,173686
2-Jul-12,34.10,34.88,34.02,34.71,385944
29-Jun-12,33.73,34.24,33.51,34.04,239616
28-Jun-12,31.90,32.71,31.85,32.66,203418
27-Jun-12,30.98,32.21,30.96,32.08,183243
26-Jun-12,30.91,31.17,30.03,30.83,176911
25-Jun-12,31.05,31.26,30.36,30.86,121874
22-Jun-12,32.15,32.16,31.54,31.92,555184
21-Jun-12,34.14,34.14,31.69,31.93,186898
20-Jun-12,34.15,34.78,33.87,34.29,134189
19-Jun-12,33.15,34.19,32.90,34.15,495967
18-Jun-12,33.35,33.37,32.64,32.92,251720
15-Jun-12,33.60,33.70,33.24,33.64,312167
14-Jun-12,34.04,34.34,32.78,33.45,194110
13-Jun-12,34.36,34.76,33.63,34.12,190214
12-Jun-12,34.50,34.73,33.70,34.50,112040
11-Jun-12,35.25,35.32,34.14,34.17,165481
8-Jun-12,35.33,35.43,34.29,34.82,161393
7-Jun-12,36.48,36.78,35.34,35.50,308583
6-Jun-12,34.69,36.14,34.41,35.73,301997
5-Jun-12,32.97,34.48,32.24,34.27,250192
4-Jun-12,34.03,34.16,32.61,33.03,257921
1-Jun-12,34.69,35.16,33.96,33.97,172991
31-May-12,36.20,36.20,34.84,35.69,182170
30-May-12,36.80,36.80,35.69,36.07,381462
29-May-12,36.07,37.43,35.28,37.26,292959
25-May-12,36.07,36.36,35.55,35.60,289015
24-May-12,37.51,37.51,35.78,35.99,223993
23-May-12,36.83,37.47,35.99,37.38,251438
22-May-12,38.25,38.72,37.10,37.40,177170
21-May-12,36.55,38.82,36.36,38.26,278699
18-May-12,37.22,37.75,36.03,36.27,181330
17-May-12,38.42,38.70,37.23,37.25,122170
16-May-12,38.05,39.04,37.77,38.33,158454
15-May-12,38.90,39.29,37.83,37.91,237810
14-May-12,39.75,39.86,38.90,38.92,185107
11-May-12,40.53,41.34,40.05,40.39,126999
10-May-12,41.38,41.64,40.55,41.01,226733
9-May-12,40.58,41.27,40.30,40.92,274206
8-May-12,40.69,41.49,40.48,41.30,509106
7-May-12,41.71,42.02,40.83,41.16,332995
4-May-12,44.54,44.94,41.66,42.03,386735
3-May-12,46.95,48.69,45.07,45.26,502541
2-May-12,47.86,49.29,47.55,49.09,237361
1-May-12,48.26,49.20,47.87,48.32,296713
30-Apr-12,47.29,48.30,46.75,48.17,212203
27-Apr-12,47.70,47.70,46.18,47.20,334734
26-Apr-12,47.31,48.34,47.10,47.64,390948
25-Apr-12,48.06,48.06,46.56,47.35,434551
24-Apr-12,47.34,47.93,46.55,47.33,107226
23-Apr-12,46.01,47.27,45.37,47.09,138152
20-Apr-12,47.34,48.37,46.78,47.09,154051
19-Apr-12,47.46,47.84,45.96,46.71,218123
18-Apr-12,47.87,48.25,46.82,47.39,190737
17-Apr-12,48.04,48.64,47.75,48.12,151299
16-Apr-12,48.38,48.58,47.13,47.45,144317
13-Apr-12,48.60,48.96,47.72,48.01,227901
12-Apr-12,47.50,49.50,47.43,48.96,343521
11-Apr-12,46.34,47.26,45.51,47.26,253709
10-Apr-12,45.67,46.09,44.82,45.46,246819
9-Apr-12,45.13,46.25,44.86,45.70,350347
5-Apr-12,45.29,46.52,45.13,46.29,361649
4-Apr-12,45.66,46.08,45.34,45.64,146799
3-Apr-12,46.49,47.02,46.20,46.40,188242
2-Apr-12,45.72,46.85,45.68,46.71,170320
30-Mar-12,46.73,46.73,45.06,45.96,269888
29-Mar-12,45.69,46.48,45.63,46.21,112815
28-Mar-12,46.34,46.50,45.05,46.20,129727
27-Mar-12,48.02,48.07,46.37,46.40,139891
26-Mar-12,47.99,48.22,47.46,48.04,92461
23-Mar-12,46.60,47.30,46.18,47.30,243923
22-Mar-12,46.40,46.73,45.07,46.70,167798
21-Mar-12,47.99,47.99,46.89,47.17,148237
20-Mar-12,48.93,49.02,47.59,48.01,99198
19-Mar-12,48.73,50.07,48.20,49.59,160068
16-Mar-12,48.20,49.30,48.20,48.94,353522
15-Mar-12,47.79,48.31,47.04,47.89,140250
14-Mar-12,49.05,49.79,47.56,47.64,99477
13-Mar-12,47.93,49.19,47.40,49.17,156132
12-Mar-12,50.01,50.01,47.09,47.95,253324
9-Mar-12,49.73,51.11,49.43,50.10,153134
8-Mar-12,49.29,50.00,48.61,49.58,99841
7-Mar-12,48.86,49.24,48.38,48.81,92136
6-Mar-12,49.09,49.19,47.59,48.55,171039
5-Mar-12,49.65,50.15,48.71,50.02,176879
2-Mar-12,51.43,51.81,49.66,49.70,224405
1-Mar-12,50.65,52.00,50.41,51.40,220524
29-Feb-12,52.61,52.65,50.24,50.24,383990
28-Feb-12,52.87,53.15,51.59,52.63,365624
27-Feb-12,54.42,54.42,52.81,53.10,346748
24-Feb-12,54.00,56.41,53.81,55.20,472683
23-Feb-12,50.50,54.56,49.05,54.42,496878
22-Feb-12,50.38,50.95,49.93,50.12,249654
21-Feb-12,50.27,50.92,49.95,50.38,234901
17-Feb-12,51.42,51.75,49.74,50.27,254921
16-Feb-12,48.30,51.19,48.30,51.13,276949
15-Feb-12,49.43,49.49,48.20,48.25,144514
14-Feb-12,49.37,49.61,49.04,49.20,97511
13-Feb-12,49.50,49.60,48.89,49.60,59642
10-Feb-12,48.37,48.92,48.22,48.90,107384
9-Feb-12,49.60,49.74,48.93,49.13,102496
8-Feb-12,49.85,50.34,49.25,49.56,119689
7-Feb-12,49.90,50.05,49.15,49.92,153728
6-Feb-12,49.18,50.24,49.18,49.91,146190
3-Feb-12,49.00,49.81,48.60,49.61,151592
2-Feb-12,47.31,48.86,47.28,48.65,199168
1-Feb-12,46.28,47.29,45.29,47.15,149935
31-Jan-12,45.76,46.07,45.04,45.72,111745
30-Jan-12,45.32,45.79,44.78,45.38,177993
27-Jan-12,45.51,46.34,45.51,45.90,92397
26-Jan-12,47.16,47.77,45.51,45.87,110497
25-Jan-12,46.76,47.00,46.13,46.85,220528
24-Jan-12,46.33,47.37,45.76,46.94,148603
23-Jan-12,47.52,47.61,46.41,46.83,104116
20-Jan-12,46.09,48.39,45.89,47.33,228913
19-Jan-12,46.13,46.84,46.02,46.18,65983
18-Jan-12,43.74,46.00,43.54,45.95,161806
17-Jan-12,43.06,43.79,42.48,43.71,192029
13-Jan-12,42.59,42.59,42.59,42.59,0
12-Jan-12,43.45,43.59,42.45,43.02,125427
11-Jan-12,43.71,44.00,43.04,43.36,68062
10-Jan-12,43.23,44.94,43.04,43.87,187017
9-Jan-12,43.17,43.17,41.77,42.21,122370
6-Jan-12,43.52,43.77,42.93,42.83,97270
5-Jan-12,43.27,44.20,42.87,43.46,160365
4-Jan-12,43.30,44.59,43.30,43.74,108051
3-Jan-12,43.65,44.29,43.28,43.64,135972
30-Dec-11,42.01,42.01,42.01,42.01,0
29-Dec-11,42.13,42.80,41.73,42.44,61911
28-Dec-11,42.89,42.96,41.85,41.93,113374
27-Dec-11,42.64,43.08,42.43,42.82,58326
23-Dec-11,42.99,42.99,42.99,42.99,0
22-Dec-11,42.61,43.62,42.61,43.31,81980
21-Dec-11,41.66,42.58,40.82,42.48,96198
20-Dec-11,40.36,41.99,40.35,41.93,234839
19-Dec-11,40.76,41.12,39.21,39.32,142632
16-Dec-11,39.14,41.39,39.13,40.13,286324
15-Dec-11,41.09,41.09,38.80,39.15,253860
14-Dec-11,41.96,42.21,40.24,40.29,244100
13-Dec-11,44.37,44.89,42.45,42.52,111080
12-Dec-11,44.54,44.54,43.16,44.05,105779
9-Dec-11,43.49,45.87,43.49,45.44,141064
8-Dec-11,44.32,44.74,43.00,43.20,112792
7-Dec-11,45.14,45.14,43.66,44.78,111720
6-Dec-11,45.76,46.20,45.21,45.48,130629
5-Dec-11,45.50,46.46,45.00,45.89,172538
2-Dec-11,44.50,45.42,44.32,44.65,137137
1-Dec-11,44.54,45.70,43.75,43.85,176719
30-Nov-11,42.30,44.83,42.22,44.83,513219
29-Nov-11,40.23,41.00,39.77,40.50,204730
28-Nov-11,39.40,40.38,39.05,40.02,191917
25-Nov-11,37.78,38.23,37.67,37.93,60051
23-Nov-11,38.00,38.00,38.00,38.00,0
22-Nov-11,39.38,39.93,38.59,39.15,130534
21-Nov-11,39.87,40.00,38.79,39.39,117912
18-Nov-11,40.76,41.41,40.31,40.78,113253
17-Nov-11,42.26,42.29,40.34,40.68,130936
16-Nov-11,42.12,43.76,41.93,42.42,143870
15-Nov-11,42.32,43.01,41.34,42.73,125669
14-Nov-11,43.72,43.72,42.09,42.49,95090
11-Nov-11,42.73,44.12,42.49,43.90,152451
10-Nov-11,41.08,42.28,40.45,42.03,108962
9-Nov-11,41.69,41.84,40.42,40.46,196197
8-Nov-11,43.54,43.54,41.75,43.17,255833
7-Nov-11,44.23,44.23,42.40,43.30,207895
4-Nov-11,43.35,44.37,42.61,44.32,163160
3-Nov-11,41.94,43.96,41.66,43.80,174936
2-Nov-11,41.44,42.04,40.76,41.69,117479
1-Nov-11,39.86,41.25,39.33,40.46,188685
31-Oct-11,43.13,43.29,41.59,41.59,108570
28-Oct-11,44.39,44.52,43.67,44.04,184198
27-Oct-11,44.16,45.30,43.66,44.40,273340
26-Oct-11,42.08,42.56,40.82,42.09,163628
25-Oct-11,42.07,42.53,41.01,41.18,135821
24-Oct-11,40.14,42.54,40.14,42.31,262628
21-Oct-11,40.95,40.95,39.70,40.19,396657
20-Oct-11,40.46,41.12,38.17,40.25,975271
19-Oct-11,44.09,44.80,41.56,42.51,476842
18-Oct-11,43.00,44.55,42.11,44.22,304529
17-Oct-11,44.14,44.45,42.49,42.69,215735
14-Oct-11,43.90,44.63,43.44,44.45,176421
13-Oct-11,43.20,43.84,42.40,43.42,340779
12-Oct-11,43.00,44.34,42.85,43.49,265456
11-Oct-11,41.50,43.50,41.23,42.86,190587
10-Oct-11,40.93,42.11,40.74,41.91,184862
7-Oct-11,39.88,41.00,39.44,40.16,305621
6-Oct-11,37.97,39.75,37.95,39.69,310784
5-Oct-11,38.21,38.52,37.04,38.22,260589
4-Oct-11,34.91,38.34,34.75,38.17,828387
3-Oct-11,36.16,36.74,34.28,34.53,416537
30-Sep-11,35.62,37.01,35.50,36.34,437477
