Date,Open,High,Low,Close,Volume
27-Sep-12,5.81,5.90,5.77,5.80,605413
26-Sep-12,5.83,5.87,5.77,5.79,490315
25-Sep-12,5.84,5.90,5.80,5.83,734670
24-Sep-12,5.73,5.82,5.73,5.81,744407
21-Sep-12,5.77,5.80,5.72,5.76,709212
20-Sep-12,5.63,5.71,5.63,5.68,182590
19-Sep-12,5.72,5.73,5.65,5.69,324559
18-Sep-12,5.65,5.73,5.65,5.69,329555
17-Sep-12,5.73,5.74,5.66,5.68,388860
14-Sep-12,5.79,5.84,5.77,5.78,949492
13-Sep-12,5.74,5.82,5.73,5.79,566522
12-Sep-12,5.80,5.82,5.73,5.75,270619
11-Sep-12,5.77,5.82,5.75,5.77,436275
10-Sep-12,5.78,5.86,5.72,5.78,372398
7-Sep-12,5.73,5.81,5.70,5.79,402083
6-Sep-12,5.69,5.78,5.67,5.70,1208737
5-Sep-12,5.63,5.70,5.62,5.64,567001
4-Sep-12,5.59,5.65,5.50,5.61,547036
31-Aug-12,5.67,5.67,5.54,5.59,315515
30-Aug-12,5.68,5.68,5.59,5.59,288736
29-Aug-12,5.67,5.71,5.62,5.71,326291
28-Aug-12,5.49,5.70,5.49,5.64,444376
27-Aug-12,5.60,5.60,5.50,5.53,150940
24-Aug-12,5.52,5.58,5.50,5.55,215845
23-Aug-12,5.62,5.64,5.52,5.56,187549
22-Aug-12,5.66,5.70,5.60,5.64,176764
21-Aug-12,5.71,5.72,5.65,5.68,269538
20-Aug-12,5.70,5.73,5.64,5.70,304472
17-Aug-12,5.67,5.72,5.66,5.72,162457
16-Aug-12,5.66,5.73,5.65,5.68,152280
15-Aug-12,5.59,5.66,5.57,5.66,61528
14-Aug-12,5.69,5.69,5.59,5.62,78308
13-Aug-12,5.60,5.63,5.53,5.63,84444
10-Aug-12,5.60,5.64,5.57,5.60,55616
9-Aug-12,5.59,5.68,5.57,5.61,46791
8-Aug-12,5.63,5.63,5.56,5.61,90646
7-Aug-12,5.70,5.71,5.59,5.65,212328
6-Aug-12,5.70,5.70,5.59,5.65,112691
3-Aug-12,5.54,5.71,5.52,5.70,174141
2-Aug-12,5.35,5.47,5.35,5.46,525584
1-Aug-12,5.63,5.65,5.41,5.41,532859
31-Jul-12,5.59,5.68,5.55,5.60,509762
30-Jul-12,5.37,5.73,5.35,5.64,412866
27-Jul-12,5.60,5.89,5.54,5.78,1026139
26-Jul-12,5.20,5.67,5.20,5.58,1029577
25-Jul-12,5.31,5.32,5.18,5.24,282637
24-Jul-12,5.42,5.42,5.22,5.25,351339
23-Jul-12,5.36,5.48,5.31,5.42,313403
20-Jul-12,5.55,5.57,5.46,5.49,355726
19-Jul-12,5.61,5.63,5.53,5.59,318233
18-Jul-12,5.57,5.63,5.43,5.59,677251
17-Jul-12,5.60,5.66,5.52,5.59,340017
16-Jul-12,5.48,5.55,5.41,5.54,517641
13-Jul-12,5.39,5.48,5.37,5.46,661261
12-Jul-12,5.34,5.42,5.26,5.37,353484
11-Jul-12,5.37,5.48,5.29,5.40,453672
10-Jul-12,5.54,5.59,5.32,5.39,386586
9-Jul-12,5.54,5.58,5.43,5.48,216966
6-Jul-12,5.52,5.62,5.46,5.57,345673
5-Jul-12,5.59,5.67,5.57,5.61,419068
3-Jul-12,5.57,5.67,5.55,5.59,438028
2-Jul-12,5.52,5.60,5.42,5.59,840055
29-Jun-12,5.35,5.50,5.34,5.50,872270
28-Jun-12,5.13,5.24,5.06,5.23,749452
27-Jun-12,5.16,5.22,5.13,5.20,218127
26-Jun-12,5.09,5.17,5.06,5.14,439675
25-Jun-12,5.07,5.19,5.00,5.09,397404
22-Jun-12,5.15,5.21,5.08,5.18,5270975
21-Jun-12,5.29,5.30,5.05,5.11,468657
20-Jun-12,5.33,5.39,5.27,5.31,533780
19-Jun-12,5.21,5.40,5.18,5.32,633889
18-Jun-12,5.13,5.22,5.04,5.19,554566
15-Jun-12,5.15,5.19,5.11,5.16,1231667
14-Jun-12,5.15,5.22,5.11,5.15,605368
13-Jun-12,5.19,5.28,5.09,5.14,605396
12-Jun-12,4.96,5.24,4.96,5.21,725086
11-Jun-12,5.15,5.20,4.92,4.92,462477
8-Jun-12,4.98,5.10,4.89,5.07,364334
7-Jun-12,5.02,5.12,4.99,5.01,751450
6-Jun-12,4.80,4.98,4.79,4.94,716220
5-Jun-12,4.56,4.78,4.51,4.75,1423504
4-Jun-12,4.81,4.82,4.56,4.57,1664460
1-Jun-12,4.87,4.87,4.68,4.78,966964
31-May-12,4.93,4.99,4.78,4.95,945013
30-May-12,5.07,5.07,4.90,4.93,679775
29-May-12,5.05,5.14,5.01,5.08,1122246
25-May-12,5.11,5.11,5.00,5.02,573621
24-May-12,5.21,5.25,5.00,5.10,475685
23-May-12,5.09,5.24,5.02,5.21,637042
22-May-12,5.17,5.19,5.07,5.15,536192
21-May-12,5.03,5.18,4.95,5.18,626882
18-May-12,5.14,5.21,5.00,5.01,740987
17-May-12,5.20,5.24,5.07,5.13,699689
16-May-12,5.27,5.33,5.19,5.21,441088
15-May-12,5.19,5.31,5.14,5.25,496897
14-May-12,5.19,5.29,5.11,5.21,441557
11-May-12,5.28,5.33,5.25,5.27,322645
10-May-12,5.29,5.40,5.22,5.34,465712
9-May-12,5.16,5.31,5.14,5.27,445197
8-May-12,5.10,5.26,5.02,5.25,724684
7-May-12,5.16,5.25,5.10,5.12,481668
4-May-12,5.27,5.30,5.15,5.16,1000146
3-May-12,5.33,5.37,5.30,5.31,654434
2-May-12,5.32,5.38,5.31,5.34,599127
1-May-12,5.34,5.55,5.28,5.39,1235242
30-Apr-12,5.37,5.41,5.29,5.35,451823
27-Apr-12,5.43,5.46,5.35,5.40,634697
26-Apr-12,5.50,5.51,5.35,5.43,726482
25-Apr-12,5.50,5.63,5.48,5.53,524615
24-Apr-12,5.37,5.45,5.31,5.43,350725
23-Apr-12,5.41,5.41,5.24,5.36,652317
20-Apr-12,5.55,5.66,5.48,5.50,659208
19-Apr-12,5.46,5.55,5.36,5.51,509668
18-Apr-12,5.52,5.52,5.39,5.47,405095
17-Apr-12,5.41,5.55,5.39,5.55,668730
16-Apr-12,5.43,5.46,5.31,5.36,475344
13-Apr-12,5.37,5.43,5.34,5.41,441259
12-Apr-12,5.35,5.46,5.34,5.42,478955
11-Apr-12,5.29,5.35,5.24,5.34,734553
10-Apr-12,5.30,5.31,5.20,5.24,1527724
9-Apr-12,5.31,5.31,5.20,5.30,1146014
5-Apr-12,5.46,5.47,5.42,5.44,492539
4-Apr-12,5.53,5.57,5.46,5.52,628869
3-Apr-12,5.59,5.67,5.56,5.60,827473
2-Apr-12,5.51,5.62,5.46,5.62,592084
30-Mar-12,5.60,5.65,5.50,5.52,639784
29-Mar-12,5.45,5.61,5.41,5.60,526750
28-Mar-12,5.48,5.52,5.42,5.49,611844
27-Mar-12,5.55,5.56,5.48,5.48,439307
26-Mar-12,5.57,5.66,5.48,5.52,669225
23-Mar-12,5.47,5.52,5.37,5.50,331584
22-Mar-12,5.48,5.53,5.40,5.49,512888
21-Mar-12,5.63,5.63,5.53,5.58,469655
20-Mar-12,5.61,5.64,5.53,5.61,476934
19-Mar-12,5.66,5.75,5.63,5.65,544710
16-Mar-12,5.71,5.71,5.66,5.68,708459
15-Mar-12,5.70,5.76,5.66,5.70,405441
14-Mar-12,5.72,5.73,5.63,5.71,554336
13-Mar-12,5.56,5.76,5.54,5.75,460813
12-Mar-12,5.57,5.58,5.46,5.51,290215
9-Mar-12,5.45,5.58,5.44,5.58,779372
8-Mar-12,5.35,5.48,5.28,5.46,475618
7-Mar-12,5.29,5.32,5.22,5.29,271529
6-Mar-12,5.22,5.32,5.12,5.25,933532
5-Mar-12,5.31,5.42,5.30,5.31,748093
2-Mar-12,5.41,5.43,5.29,5.35,741699
1-Mar-12,5.32,5.47,5.29,5.41,816132
29-Feb-12,5.40,5.50,5.24,5.28,699295
28-Feb-12,5.44,5.51,5.33,5.38,264766
27-Feb-12,5.31,5.47,5.20,5.44,419548
24-Feb-12,5.50,5.51,5.39,5.39,439618
23-Feb-12,5.48,5.50,5.15,5.50,787736
22-Feb-12,5.39,5.39,5.23,5.24,327720
21-Feb-12,5.42,5.44,5.27,5.28,561218
17-Feb-12,5.47,5.47,5.35,5.39,1134038
16-Feb-12,5.24,5.46,5.23,5.43,857034
15-Feb-12,5.20,5.25,5.15,5.25,588833
14-Feb-12,5.06,5.18,5.05,5.17,687740
13-Feb-12,5.17,5.24,5.10,5.10,393052
10-Feb-12,5.09,5.15,5.07,5.09,273584
9-Feb-12,5.12,5.16,5.03,5.15,275244
8-Feb-12,5.09,5.14,5.05,5.08,361072
7-Feb-12,5.10,5.17,5.04,5.05,472724
6-Feb-12,5.12,5.20,5.06,5.10,394105
3-Feb-12,5.24,5.24,5.10,5.12,867986
2-Feb-12,5.09,5.18,5.05,5.09,373720
1-Feb-12,5.08,5.17,5.01,5.05,943442
31-Jan-12,5.04,5.06,4.88,5.01,459657
30-Jan-12,5.03,5.13,4.98,4.99,306580
27-Jan-12,5.01,5.10,4.96,5.10,380721
26-Jan-12,5.03,5.18,4.97,5.04,441858
25-Jan-12,4.99,5.02,4.84,5.00,578406
24-Jan-12,4.80,5.02,4.78,5.01,496652
23-Jan-12,4.84,4.88,4.80,4.84,248505
20-Jan-12,4.81,4.90,4.81,4.84,403047
19-Jan-12,4.90,4.90,4.82,4.84,327796
18-Jan-12,4.73,4.88,4.70,4.85,307131
17-Jan-12,4.74,4.88,4.69,4.73,391083
13-Jan-12,4.67,4.67,4.67,4.67,0
12-Jan-12,4.89,4.90,4.78,4.88,489950
11-Jan-12,4.75,4.77,4.62,4.62,341782
10-Jan-12,4.80,4.81,4.73,4.77,363976
9-Jan-12,4.63,4.75,4.46,4.68,605455
6-Jan-12,4.62,4.70,4.52,4.62,670675
5-Jan-12,4.52,4.63,4.44,4.61,366836
4-Jan-12,4.45,4.56,4.41,4.54,802581
3-Jan-12,4.40,4.50,4.38,4.49,483837
30-Dec-11,4.26,4.26,4.26,4.26,0
29-Dec-11,4.15,4.24,4.13,4.22,256095
28-Dec-11,4.27,4.27,4.12,4.12,262753
27-Dec-11,4.26,4.29,4.20,4.27,204957
23-Dec-11,4.30,4.30,4.30,4.30,0
22-Dec-11,4.20,4.39,4.18,4.30,556576
21-Dec-11,4.17,4.28,4.10,4.19,581532
20-Dec-11,4.29,4.29,4.15,4.20,791452
19-Dec-11,4.34,4.41,4.10,4.15,425148
16-Dec-11,4.22,4.34,4.13,4.31,1162912
15-Dec-11,4.07,4.18,4.00,4.18,660238
14-Dec-11,4.04,4.13,3.99,4.00,485539
13-Dec-11,4.17,4.27,4.03,4.09,735678
12-Dec-11,4.27,4.28,4.09,4.14,560267
9-Dec-11,4.10,4.37,4.10,4.36,538361
8-Dec-11,4.18,4.26,4.02,4.07,539833
7-Dec-11,4.32,4.35,4.16,4.26,481365
6-Dec-11,4.31,4.41,4.19,4.38,558470
5-Dec-11,4.38,4.41,4.23,4.33,524798
2-Dec-11,4.37,4.42,4.25,4.28,342091
1-Dec-11,4.42,4.46,4.27,4.27,600375
30-Nov-11,4.37,4.46,4.26,4.43,1359271
29-Nov-11,4.28,4.32,4.11,4.12,627616
28-Nov-11,4.16,4.29,4.01,4.28,762539
25-Nov-11,3.99,4.10,3.95,3.98,307163
23-Nov-11,4.02,4.02,4.02,4.02,0
22-Nov-11,4.16,4.21,4.06,4.09,296868
21-Nov-11,4.29,4.33,4.02,4.16,498151
18-Nov-11,4.27,4.44,4.21,4.41,453201
17-Nov-11,4.35,4.46,4.24,4.28,426214
16-Nov-11,4.40,4.51,4.35,4.35,426214
15-Nov-11,4.34,4.48,4.24,4.45,410939
14-Nov-11,4.55,4.57,4.32,4.34,458801
11-Nov-11,4.37,4.57,4.37,4.57,738117
10-Nov-11,4.30,4.33,4.15,4.30,549947
9-Nov-11,4.39,4.50,4.22,4.22,746453
8-Nov-11,4.49,4.59,4.33,4.56,531062
7-Nov-11,4.41,4.45,4.24,4.42,289554
4-Nov-11,4.45,4.51,4.30,4.42,540040
3-Nov-11,4.44,4.57,4.33,4.53,619974
2-Nov-11,4.25,4.41,4.22,4.35,610996
1-Nov-11,4.15,4.28,4.06,4.13,718905
31-Oct-11,4.50,4.62,4.42,4.42,538561
28-Oct-11,4.58,4.59,4.16,4.57,734244
27-Oct-11,4.40,4.70,4.23,4.60,1598504
26-Oct-11,4.19,4.32,4.00,4.05,1367358
25-Oct-11,4.14,4.19,4.05,4.11,705488
24-Oct-11,3.98,4.19,3.93,4.17,705990
21-Oct-11,3.94,4.00,3.82,3.98,611585
20-Oct-11,3.88,3.88,3.64,3.82,454636
19-Oct-11,4.00,4.07,3.85,3.87,482765
18-Oct-11,3.85,4.13,3.83,4.02,743019
17-Oct-11,3.96,4.01,3.85,3.86,726291
14-Oct-11,3.97,4.02,3.89,4.01,399068
13-Oct-11,3.87,3.93,3.81,3.91,401449
12-Oct-11,3.92,3.95,3.80,3.91,1286538
11-Oct-11,3.68,3.91,3.60,3.86,883718
10-Oct-11,3.54,3.72,3.49,3.71,946292
7-Oct-11,3.64,3.69,3.44,3.45,991937
6-Oct-11,3.44,3.63,3.43,3.63,581336
5-Oct-11,3.50,3.53,3.33,3.50,673380
4-Oct-11,3.10,3.51,3.05,3.51,1531764
3-Oct-11,3.61,3.62,3.11,3.16,1929699
30-Sep-11,3.62,3.68,3.42,3.45,1160106
