Date,Open,High,Low,Close,Volume
27-Sep-12,28.27,28.31,28.26,28.31,1047
26-Sep-12,28.27,28.29,28.27,28.28,3380
25-Sep-12,28.28,28.32,28.25,28.25,3090
24-Sep-12,28.20,28.34,28.20,28.27,1398
21-Sep-12,28.39,28.40,28.19,28.27,4137
20-Sep-12,28.39,28.55,28.28,28.29,2812
19-Sep-12,28.40,28.48,28.28,28.48,11199
18-Sep-12,28.47,28.59,28.29,28.40,6337
17-Sep-12,28.22,28.60,28.07,28.60,10706
14-Sep-12,29.00,29.00,28.14,28.14,17626
13-Sep-12,28.84,29.00,28.84,29.00,1257
12-Sep-12,28.85,28.99,28.66,28.91,5691
11-Sep-12,28.78,29.00,28.78,28.97,3340
10-Sep-12,28.83,28.87,28.70,28.85,6688
7-Sep-12,28.83,28.99,28.70,28.90,5995
6-Sep-12,28.90,29.18,28.82,28.91,4797
5-Sep-12,29.38,29.38,28.80,28.90,3948
4-Sep-12,29.45,29.45,29.10,29.20,8890
31-Aug-12,29.13,29.49,29.13,29.47,3133
30-Aug-12,29.44,29.46,29.20,29.20,3004
29-Aug-12,29.56,29.59,29.50,29.55,511
28-Aug-12,29.45,29.67,29.36,29.64,4565
27-Aug-12,29.44,29.75,29.38,29.61,2984
24-Aug-12,29.35,29.72,29.35,29.57,2387
23-Aug-12,29.19,29.70,28.90,29.21,10017
22-Aug-12,29.20,29.29,28.76,29.06,5089
21-Aug-12,29.40,29.77,29.08,29.35,9099
20-Aug-12,29.64,29.64,29.00,29.30,5124
17-Aug-12,29.81,30.05,29.81,29.94,1016
16-Aug-12,29.95,30.30,29.95,30.05,520
15-Aug-12,29.75,30.58,29.75,30.03,2483
14-Aug-12,29.34,30.36,29.34,30.02,1251
13-Aug-12,30.25,30.25,29.46,29.46,1355
10-Aug-12,30.25,30.62,30.17,30.24,1426
9-Aug-12,29.77,30.16,29.50,30.16,1354
8-Aug-12,29.69,29.97,29.65,29.97,3566
7-Aug-12,29.62,29.90,29.62,29.90,1424
6-Aug-12,29.94,29.94,29.75,29.75,276
3-Aug-12,29.74,30.12,29.74,30.12,464
2-Aug-12,29.36,29.92,29.31,29.92,2242
1-Aug-12,30.02,30.23,29.51,29.56,2863
31-Jul-12,29.50,30.19,29.50,30.13,4261
30-Jul-12,30.15,30.24,29.61,29.61,5313
27-Jul-12,29.58,30.19,29.58,30.19,3633
26-Jul-12,29.30,29.82,29.30,29.80,3521
25-Jul-12,29.30,29.66,29.20,29.50,3107
24-Jul-12,29.55,29.68,29.23,29.50,4362
23-Jul-12,29.91,30.21,29.53,29.53,6536
20-Jul-12,29.67,29.95,29.67,29.81,1444
19-Jul-12,29.92,30.00,29.54,30.00,7479
18-Jul-12,30.00,30.00,29.67,29.67,1928
17-Jul-12,29.59,29.99,29.59,29.99,1905
16-Jul-12,29.50,29.70,29.50,29.64,4173
13-Jul-12,29.38,29.75,29.38,29.65,2708
12-Jul-12,29.57,29.83,29.48,29.60,2403
11-Jul-12,30.23,30.23,29.83,29.83,6289
10-Jul-12,30.79,30.79,30.33,30.37,8195
9-Jul-12,30.14,31.10,29.90,30.92,23147
6-Jul-12,29.77,30.32,29.61,30.32,4146
5-Jul-12,29.66,29.87,29.61,29.83,6099
3-Jul-12,29.83,29.85,29.70,29.85,3755
2-Jul-12,29.72,29.83,29.50,29.56,3756
29-Jun-12,29.77,29.97,29.72,29.86,10776
28-Jun-12,29.58,29.89,29.45,29.74,1929
27-Jun-12,29.72,30.07,29.70,29.70,6686
26-Jun-12,29.72,29.93,29.51,29.93,6908
25-Jun-12,29.61,29.87,29.61,29.87,610
22-Jun-12,29.49,29.88,29.41,29.88,8340
21-Jun-12,29.78,30.02,29.40,29.66,9750
20-Jun-12,29.61,29.98,29.58,29.75,5502
19-Jun-12,29.62,29.79,29.33,29.72,7526
18-Jun-12,29.40,29.59,29.23,29.58,1705
15-Jun-12,29.08,29.93,29.08,29.50,11482
14-Jun-12,29.01,29.36,28.85,29.29,16261
13-Jun-12,29.00,29.34,28.76,29.04,8117
12-Jun-12,29.41,29.80,29.08,29.21,12238
11-Jun-12,29.96,29.96,29.58,29.65,6426
8-Jun-12,29.86,30.03,29.56,29.96,18038
7-Jun-12,29.73,30.01,29.73,29.76,37924
6-Jun-12,29.79,30.16,29.74,29.90,19065
5-Jun-12,28.78,30.00,28.78,29.77,21406
4-Jun-12,28.83,29.00,28.54,29.00,11564
1-Jun-12,28.53,28.80,28.35,28.63,3352
31-May-12,28.44,28.95,28.25,28.81,8910
30-May-12,29.72,29.72,28.42,28.80,8171
29-May-12,29.45,29.70,29.45,29.68,3473
25-May-12,29.38,29.77,29.38,29.63,13013
24-May-12,29.28,29.37,29.18,29.36,7250
23-May-12,28.82,29.30,28.82,29.30,2250
22-May-12,28.29,28.87,28.21,28.82,4680
21-May-12,28.50,28.54,28.18,28.53,1050
18-May-12,28.60,28.77,28.40,28.64,3638
17-May-12,28.49,28.67,28.13,28.40,1160
16-May-12,28.54,28.76,28.45,28.67,3838
15-May-12,28.50,28.87,28.19,28.87,2848
14-May-12,28.64,29.37,28.64,28.92,7912
11-May-12,28.99,29.00,28.64,28.81,3087
10-May-12,29.50,29.71,29.17,29.17,5611
9-May-12,29.41,29.71,29.33,29.68,3459
8-May-12,29.29,29.58,29.27,29.44,2494
7-May-12,29.24,29.56,29.21,29.35,5150
4-May-12,28.90,29.45,28.87,29.31,15439
3-May-12,29.06,29.38,28.41,29.28,12773
2-May-12,28.85,29.37,28.65,29.05,5311
1-May-12,28.36,29.19,28.10,28.99,5838
30-Apr-12,28.07,28.67,28.07,28.46,7998
27-Apr-12,28.07,28.44,28.07,28.08,2581
26-Apr-12,28.27,28.60,28.09,28.09,3779
25-Apr-12,29.04,29.08,28.34,28.34,5907
24-Apr-12,28.30,28.91,28.30,28.89,6973
23-Apr-12,28.49,28.86,28.42,28.49,3700
20-Apr-12,28.81,29.14,28.47,28.47,4743
19-Apr-12,28.80,29.40,28.72,28.80,9619
18-Apr-12,28.38,28.65,28.10,28.63,3178
17-Apr-12,27.87,28.50,27.80,28.50,10337
16-Apr-12,28.19,28.19,27.82,28.00,4434
13-Apr-12,28.28,28.49,28.22,28.32,3870
12-Apr-12,28.49,28.55,28.46,28.46,3077
11-Apr-12,28.40,28.67,27.80,28.60,8554
10-Apr-12,28.74,28.74,28.52,28.52,349
9-Apr-12,28.52,28.89,28.23,28.27,5868
5-Apr-12,28.48,29.40,28.48,28.70,4629
4-Apr-12,28.00,29.30,28.00,28.70,3585
3-Apr-12,28.26,28.78,28.22,28.22,2325
2-Apr-12,28.81,29.01,27.80,28.20,12105
30-Mar-12,28.60,28.86,28.40,28.67,5700
29-Mar-12,28.36,28.75,28.36,28.67,1947
28-Mar-12,28.03,28.55,28.03,28.55,4720
27-Mar-12,28.13,28.39,28.11,28.21,8152
26-Mar-12,28.12,28.34,27.86,28.29,4938
23-Mar-12,27.80,28.07,27.75,28.07,9458
22-Mar-12,28.19,28.19,27.76,27.90,11203
21-Mar-12,29.25,29.25,27.22,27.74,34963
20-Mar-12,29.41,29.49,29.02,29.03,28427
19-Mar-12,29.23,29.60,29.17,29.59,6909
16-Mar-12,29.44,29.50,29.38,29.50,3410
15-Mar-12,29.41,29.67,29.41,29.52,4013
14-Mar-12,29.49,29.60,29.49,29.50,3883
13-Mar-12,29.17,29.71,29.17,29.39,7128
12-Mar-12,29.22,29.30,29.16,29.30,6751
9-Mar-12,29.27,29.39,29.22,29.39,4125
8-Mar-12,29.45,29.69,29.18,29.29,9877
7-Mar-12,29.21,29.45,29.00,29.45,18617
6-Mar-12,29.65,29.65,29.21,29.30,6571
5-Mar-12,30.09,30.09,29.66,29.82,16380
2-Mar-12,30.34,30.48,30.15,30.36,9798
1-Mar-12,30.24,30.24,29.85,30.00,18696
29-Feb-12,30.31,30.47,29.57,30.12,61112
28-Feb-12,30.04,30.54,30.04,30.31,31926
27-Feb-12,29.81,30.08,29.72,29.95,40107
24-Feb-12,30.05,30.28,29.84,30.01,17218
23-Feb-12,30.00,30.53,29.12,30.03,29204
22-Feb-12,29.62,29.95,29.62,29.80,11619
21-Feb-12,29.67,29.86,29.47,29.62,10095
17-Feb-12,29.54,29.68,29.23,29.50,15314
16-Feb-12,29.60,29.67,29.22,29.35,66360
15-Feb-12,29.30,29.61,29.04,29.41,13411
14-Feb-12,29.41,29.55,28.80,29.03,20179
13-Feb-12,29.25,29.53,29.16,29.30,13235
10-Feb-12,29.78,29.78,29.25,29.51,9063
9-Feb-12,29.85,29.85,29.30,29.52,36674
8-Feb-12,29.86,29.86,29.53,29.63,9276
7-Feb-12,29.66,29.75,29.66,29.67,16808
6-Feb-12,29.65,29.85,29.56,29.65,11644
3-Feb-12,29.84,29.89,29.65,29.65,15825
2-Feb-12,30.24,30.24,29.76,29.80,7344
1-Feb-12,29.68,30.03,29.48,29.84,15442
31-Jan-12,29.42,29.70,29.26,29.50,22087
30-Jan-12,29.50,29.50,29.17,29.38,8388
27-Jan-12,29.29,29.60,29.29,29.35,6933
26-Jan-12,29.45,29.50,29.10,29.13,7266
25-Jan-12,29.15,29.39,29.05,29.24,5190
24-Jan-12,29.10,29.28,28.90,29.20,8132
23-Jan-12,29.35,29.58,28.96,29.10,26302
20-Jan-12,29.29,29.40,28.90,29.21,17838
19-Jan-12,29.14,29.36,28.96,29.16,9212
18-Jan-12,28.85,28.96,28.76,28.85,15756
17-Jan-12,28.99,29.16,28.61,28.83,8117
13-Jan-12,28.85,28.85,28.85,28.85,0
12-Jan-12,28.95,29.09,28.57,28.84,22570
11-Jan-12,28.85,28.95,28.53,28.95,10585
10-Jan-12,29.18,29.18,28.50,28.70,11374
9-Jan-12,28.85,29.06,28.62,28.96,14632
6-Jan-12,28.72,28.88,28.55,28.79,11329
5-Jan-12,28.90,28.91,28.50,28.70,33597
4-Jan-12,29.40,29.40,28.51,28.70,54202
3-Jan-12,29.48,29.60,29.25,29.25,12281
30-Dec-11,29.25,29.25,29.25,29.25,0
29-Dec-11,29.47,29.47,29.25,29.25,8203
28-Dec-11,29.35,29.46,29.26,29.29,13400
27-Dec-11,29.32,29.47,29.25,29.25,16357
23-Dec-11,29.27,29.27,29.27,29.27,0
22-Dec-11,29.40,29.47,29.16,29.40,10133
21-Dec-11,29.26,29.37,29.02,29.04,6905
20-Dec-11,29.00,29.21,28.81,29.19,7394
19-Dec-11,29.15,29.39,28.75,28.75,14966
16-Dec-11,29.07,29.31,28.84,29.15,9185
15-Dec-11,29.10,29.11,29.02,29.02,7174
14-Dec-11,28.88,29.10,28.68,29.10,12132
13-Dec-11,28.79,28.93,28.23,28.88,8621
12-Dec-11,28.90,28.90,28.16,28.79,6274
9-Dec-11,28.67,29.13,28.67,28.78,13265
8-Dec-11,28.20,28.67,28.04,28.67,11916
7-Dec-11,27.89,28.09,27.86,28.04,5965
6-Dec-11,28.67,28.88,27.68,27.89,19750
5-Dec-11,29.24,29.28,28.61,28.67,19059
2-Dec-11,29.06,29.41,28.87,29.34,9790
1-Dec-11,28.92,29.14,28.79,28.95,5255
30-Nov-11,28.99,29.15,28.59,28.77,18247
29-Nov-11,28.77,28.78,28.46,28.46,10364
28-Nov-11,28.84,28.99,28.55,28.64,12836
25-Nov-11,28.78,28.94,28.62,28.94,3538
23-Nov-11,28.66,28.66,28.66,28.66,0
22-Nov-11,28.71,28.71,28.29,28.47,21919
21-Nov-11,28.40,28.67,28.22,28.55,17121
18-Nov-11,28.68,28.68,28.31,28.42,18876
17-Nov-11,28.44,28.44,28.13,28.28,12377
16-Nov-11,28.12,28.50,28.12,28.31,11766
15-Nov-11,28.19,28.19,27.96,28.05,15160
14-Nov-11,28.25,28.25,27.94,28.11,3003
11-Nov-11,28.32,28.39,28.05,28.35,7140
10-Nov-11,28.33,28.37,28.13,28.13,6932
9-Nov-11,27.90,28.16,27.70,28.14,39649
8-Nov-11,28.50,28.50,27.60,27.92,41050
7-Nov-11,28.25,28.35,28.25,28.30,10200
4-Nov-11,28.58,28.58,28.06,28.21,4226
3-Nov-11,28.52,28.65,28.29,28.29,11794
2-Nov-11,28.49,28.49,28.17,28.27,10449
1-Nov-11,28.37,28.49,28.08,28.10,11271
31-Oct-11,28.67,28.67,28.30,28.44,5947
28-Oct-11,28.62,28.72,28.42,28.53,10150
27-Oct-11,28.58,28.75,27.79,28.40,23226
26-Oct-11,28.40,28.42,27.89,27.96,18654
25-Oct-11,28.79,28.79,28.33,28.38,12463
24-Oct-11,28.42,28.63,28.27,28.45,13062
21-Oct-11,28.19,28.40,28.06,28.25,10112
20-Oct-11,28.00,28.17,27.89,28.12,13378
19-Oct-11,28.27,28.27,27.91,28.00,16195
18-Oct-11,27.90,27.90,27.70,27.89,14632
17-Oct-11,27.95,27.99,27.75,27.96,13723
14-Oct-11,28.00,28.00,27.68,27.86,13142
13-Oct-11,27.97,27.97,27.60,27.74,13379
12-Oct-11,28.13,28.13,27.68,27.80,8951
11-Oct-11,28.50,28.50,27.90,27.95,25616
10-Oct-11,28.15,28.29,28.00,28.09,16321
7-Oct-11,27.80,28.06,27.71,27.94,12756
6-Oct-11,27.90,27.90,27.69,27.78,15392
5-Oct-11,27.89,27.97,27.75,27.75,13629
4-Oct-11,27.84,27.89,27.57,27.73,27441
3-Oct-11,27.70,27.88,27.55,27.69,20717
30-Sep-11,27.40,27.76,27.20,27.74,36208
