Date,Open,High,Low,Close,Volume
27-Sep-12,9.75,10.05,9.73,10.05,21181
26-Sep-12,9.71,9.77,9.43,9.64,45396
25-Sep-12,10.17,10.30,9.83,9.85,42372
24-Sep-12,10.12,10.31,10.05,10.05,49534
21-Sep-12,10.35,10.53,10.22,10.25,31497
20-Sep-12,10.12,10.30,10.03,10.23,35390
19-Sep-12,9.92,10.46,9.92,10.30,64382
18-Sep-12,9.75,10.03,9.68,9.81,57818
17-Sep-12,10.22,10.28,9.97,10.07,25365
14-Sep-12,10.08,10.66,10.08,10.27,65142
13-Sep-12,9.44,9.97,9.44,9.87,30383
12-Sep-12,9.66,9.75,9.55,9.60,20475
11-Sep-12,9.38,9.77,9.38,9.71,21663
10-Sep-12,9.30,9.64,9.27,9.27,115823
7-Sep-12,8.83,9.33,8.83,9.28,418478
6-Sep-12,8.54,8.72,8.54,8.68,11100
5-Sep-12,8.55,8.60,8.44,8.44,7890
4-Sep-12,8.67,8.68,8.50,8.50,16661
31-Aug-12,8.28,8.56,8.26,8.54,15869
30-Aug-12,8.40,8.46,8.09,8.21,13984
29-Aug-12,8.61,8.64,8.46,8.49,31921
28-Aug-12,8.73,8.73,8.58,8.58,40857
27-Aug-12,8.72,8.78,8.63,8.77,20621
24-Aug-12,8.61,8.76,8.58,8.71,20261
23-Aug-12,8.81,8.81,8.62,8.64,6750
22-Aug-12,8.80,8.93,8.72,8.80,17265
21-Aug-12,8.88,8.99,8.81,8.81,23833
20-Aug-12,8.80,8.88,8.72,8.74,20427
17-Aug-12,8.62,8.83,8.44,8.74,4700
16-Aug-12,8.50,8.62,8.36,8.62,6159
15-Aug-12,8.55,8.58,8.25,8.41,9037
14-Aug-12,9.01,9.01,8.60,8.60,6427
13-Aug-12,9.06,9.06,8.89,8.89,2200
10-Aug-12,8.75,9.09,8.75,9.07,9273
9-Aug-12,8.93,8.99,8.83,8.86,5682
8-Aug-12,9.63,9.63,8.82,8.88,16800
7-Aug-12,8.66,9.08,8.65,8.99,1400
6-Aug-12,8.38,8.54,8.31,8.54,3310
3-Aug-12,8.42,8.54,8.23,8.34,12700
2-Aug-12,8.24,8.47,8.24,8.25,13667
1-Aug-12,8.55,8.55,8.30,8.31,11940
31-Jul-12,8.51,8.54,8.38,8.48,32720
30-Jul-12,8.53,8.63,8.38,8.44,86394
27-Jul-12,8.43,8.57,8.37,8.49,32482
26-Jul-12,8.44,8.45,8.22,8.36,6070
25-Jul-12,8.00,8.38,7.96,8.24,14145
24-Jul-12,8.04,8.11,7.84,7.85,12478
23-Jul-12,8.06,8.06,7.81,7.97,12950
20-Jul-12,7.90,8.64,7.90,8.25,56270
19-Jul-12,7.66,8.05,7.61,8.04,25041
18-Jul-12,7.54,7.77,7.46,7.52,7000
17-Jul-12,7.46,7.52,7.41,7.51,8139
16-Jul-12,7.47,7.49,7.44,7.45,2900
13-Jul-12,7.54,7.69,7.48,7.57,8400
12-Jul-12,7.56,7.56,7.43,7.47,3800
11-Jul-12,7.60,7.65,7.53,7.63,33275
10-Jul-12,8.00,8.00,7.56,7.58,7838
9-Jul-12,8.00,8.05,7.88,7.92,5206
6-Jul-12,8.31,8.31,8.09,8.11,4700
5-Jul-12,8.25,8.62,8.23,8.51,40621
3-Jul-12,7.81,8.11,7.78,8.10,16750
2-Jul-12,7.80,7.86,7.69,7.80,4296
29-Jun-12,7.86,7.89,7.69,7.70,24220
28-Jun-12,7.35,7.48,7.30,7.44,22090
27-Jun-12,7.50,7.55,7.33,7.36,38264
26-Jun-12,7.41,7.54,7.32,7.48,33650
25-Jun-12,7.40,7.43,7.30,7.34,12500
22-Jun-12,7.73,7.80,7.47,7.47,25450
21-Jun-12,7.86,7.88,7.65,7.65,16258
20-Jun-12,8.09,8.09,7.85,7.89,13067
19-Jun-12,7.65,8.15,7.63,8.01,34989
18-Jun-12,7.40,7.53,7.35,7.53,6900
15-Jun-12,7.50,7.53,7.32,7.41,15338
14-Jun-12,7.40,7.54,7.27,7.53,13353
13-Jun-12,7.47,7.52,7.32,7.32,29111
12-Jun-12,7.40,7.59,7.35,7.59,21114
11-Jun-12,7.60,7.60,7.23,7.34,17511
8-Jun-12,7.62,7.62,7.40,7.40,25856
7-Jun-12,7.83,7.89,7.64,7.68,20188
6-Jun-12,7.44,7.72,7.44,7.60,45501
5-Jun-12,7.19,7.37,7.19,7.26,27544
4-Jun-12,7.18,7.29,7.15,7.21,19843
1-Jun-12,7.19,7.34,7.11,7.12,100950
31-May-12,7.61,7.64,7.31,7.34,41795
30-May-12,7.62,7.72,7.51,7.57,36155
29-May-12,7.85,7.91,7.71,7.72,25160
25-May-12,7.72,7.76,7.50,7.62,50358
24-May-12,7.86,7.93,7.72,7.76,85390
23-May-12,7.91,7.91,7.72,7.90,23187
22-May-12,8.41,8.59,7.95,7.95,39497
21-May-12,8.28,8.38,8.21,8.35,9312
18-May-12,8.07,8.42,8.05,8.19,28080
17-May-12,8.05,8.18,7.96,8.05,129495
16-May-12,8.30,8.47,7.97,8.02,104770
15-May-12,8.54,8.56,8.16,8.22,17323
14-May-12,9.14,9.14,8.55,8.57,20957
11-May-12,9.25,9.51,9.20,9.41,10400
10-May-12,9.42,9.51,9.29,9.42,17420
9-May-12,9.60,9.60,9.29,9.32,88335
8-May-12,9.81,9.81,9.50,9.73,65540
7-May-12,10.03,10.07,9.89,9.89,10913
4-May-12,10.13,10.13,9.92,10.03,15113
3-May-12,10.47,10.52,10.09,10.25,24559
2-May-12,10.67,10.67,10.42,10.49,87982
1-May-12,10.53,10.83,10.48,10.73,57753
30-Apr-12,10.56,10.57,10.42,10.54,21120
27-Apr-12,10.79,10.79,10.60,10.62,5799
26-Apr-12,10.52,10.71,10.48,10.71,9716
25-Apr-12,10.47,10.64,10.34,10.56,28860
24-Apr-12,10.46,10.50,10.25,10.40,30650
23-Apr-12,10.40,10.52,10.27,10.39,9040
20-Apr-12,10.96,10.98,10.70,10.71,11870
19-Apr-12,10.93,10.99,10.65,10.78,8027
18-Apr-12,10.94,10.98,10.80,10.84,9100
17-Apr-12,10.66,11.17,10.65,10.83,27473
16-Apr-12,10.82,10.82,10.44,10.50,11014
13-Apr-12,10.82,10.84,10.66,10.76,11701
12-Apr-12,10.55,10.95,10.51,10.87,12270
11-Apr-12,10.27,10.49,10.25,10.45,89660
10-Apr-12,10.48,10.59,10.21,10.23,22558
9-Apr-12,10.41,10.73,10.41,10.56,26601
5-Apr-12,10.68,11.06,10.60,10.63,25415
4-Apr-12,10.57,10.70,10.53,10.68,18011
3-Apr-12,11.26,11.26,10.60,10.86,26027
2-Apr-12,10.95,11.29,10.65,11.26,24269
30-Mar-12,11.00,11.04,10.78,10.96,31202
29-Mar-12,10.95,10.99,10.75,10.96,39672
28-Mar-12,11.26,11.26,10.80,10.97,28152
27-Mar-12,11.44,11.55,11.34,11.38,7940
26-Mar-12,11.34,11.47,11.30,11.40,26750
23-Mar-12,10.91,11.37,10.91,11.32,22152
22-Mar-12,11.14,11.14,10.86,10.93,44149
21-Mar-12,11.47,11.54,11.32,11.33,203200
20-Mar-12,11.58,11.65,11.39,11.49,24976
19-Mar-12,11.85,11.93,11.70,11.70,18050
16-Mar-12,11.74,12.00,11.74,11.85,22972
15-Mar-12,11.81,11.92,11.73,11.75,24889
14-Mar-12,11.93,11.93,11.40,11.79,43547
13-Mar-12,11.72,12.20,11.62,11.85,74353
12-Mar-12,12.19,12.32,11.53,11.56,104924
9-Mar-12,11.90,12.54,11.90,12.29,84927
8-Mar-12,11.53,11.89,11.22,11.77,48595
7-Mar-12,10.89,11.23,10.83,11.15,19521
6-Mar-12,10.99,11.08,10.81,10.90,105370
5-Mar-12,11.63,11.63,11.21,11.37,51453
2-Mar-12,12.11,12.11,11.76,11.83,14495
1-Mar-12,12.20,12.30,12.00,12.09,54075
29-Feb-12,12.24,12.29,12.00,12.04,22340
28-Feb-12,12.28,12.28,12.11,12.16,9584
27-Feb-12,12.29,12.30,12.14,12.20,12150
24-Feb-12,12.30,12.42,12.25,12.38,30592
23-Feb-12,12.20,12.37,12.16,12.25,12491
22-Feb-12,12.16,12.38,12.08,12.32,38185
21-Feb-12,11.93,12.27,11.87,12.20,83467
17-Feb-12,11.88,12.03,11.86,11.89,12828
16-Feb-12,11.86,11.91,11.63,11.85,54425
15-Feb-12,11.85,12.11,11.76,11.93,10054
14-Feb-12,11.86,11.95,11.60,11.70,10100
13-Feb-12,11.97,12.03,11.83,11.95,26691
10-Feb-12,11.85,11.93,11.76,11.82,23953
9-Feb-12,12.04,12.22,11.94,12.15,30820
8-Feb-12,12.16,12.20,11.91,11.97,12421
7-Feb-12,12.32,12.32,12.06,12.14,12505
6-Feb-12,12.13,12.34,12.06,12.30,26051
3-Feb-12,12.35,12.42,12.24,12.30,26314
2-Feb-12,12.08,12.48,12.08,12.19,31100
1-Feb-12,11.89,12.16,11.80,12.00,17430
31-Jan-12,11.75,11.87,11.49,11.67,15229
30-Jan-12,11.82,11.88,11.52,11.62,27214
27-Jan-12,11.81,12.00,11.79,11.95,31292
26-Jan-12,12.08,12.32,11.77,11.78,59822
25-Jan-12,11.75,12.09,11.51,11.87,23251
24-Jan-12,11.34,11.85,11.27,11.85,23830
23-Jan-12,11.20,11.68,11.20,11.40,25993
20-Jan-12,11.25,11.26,10.95,11.09,37011
19-Jan-12,10.94,11.40,10.92,11.36,26634
18-Jan-12,10.53,10.91,10.52,10.88,27666
17-Jan-12,10.64,10.79,10.46,10.55,57068
13-Jan-12,10.27,10.27,10.27,10.27,0
12-Jan-12,10.27,10.40,10.14,10.33,12000
11-Jan-12,10.20,10.25,10.11,10.25,47341
10-Jan-12,10.08,10.28,10.03,10.22,17810
9-Jan-12,10.05,10.06,9.80,10.00,22600
6-Jan-12,10.09,10.16,9.97,9.98,6248
5-Jan-12,10.13,10.31,9.99,10.14,31622
4-Jan-12,10.27,10.36,10.04,10.20,48816
3-Jan-12,10.21,10.43,10.11,10.36,15960
30-Dec-11,9.95,9.95,9.95,9.95,0
29-Dec-11,9.34,9.70,9.34,9.69,46275
28-Dec-11,9.90,9.90,9.30,9.33,45634
27-Dec-11,9.79,9.96,9.70,9.84,15300
23-Dec-11,9.81,9.81,9.81,9.81,0
22-Dec-11,9.49,9.74,9.47,9.70,25550
21-Dec-11,9.45,9.50,9.25,9.46,77856
20-Dec-11,9.57,9.68,9.30,9.46,51606
19-Dec-11,9.56,9.56,9.34,9.43,41525
16-Dec-11,9.36,9.60,9.36,9.54,57833
15-Dec-11,9.57,9.63,9.25,9.31,37970
14-Dec-11,9.50,9.50,9.27,9.46,24864
13-Dec-11,10.06,10.14,9.56,9.71,19750
12-Dec-11,10.49,10.51,10.02,10.04,38102
9-Dec-11,10.30,10.58,10.21,10.49,62345
8-Dec-11,10.38,10.52,10.21,10.36,38070
7-Dec-11,10.25,10.77,10.19,10.55,32657
6-Dec-11,10.27,10.60,10.06,10.20,80785
5-Dec-11,10.08,10.25,9.96,10.04,16436
2-Dec-11,10.21,10.24,9.85,9.90,15237
1-Dec-11,10.06,10.18,9.92,10.11,34440
30-Nov-11,9.81,10.24,9.74,10.16,113365
29-Nov-11,9.28,9.45,9.18,9.36,17500
28-Nov-11,9.21,9.43,9.19,9.27,64045
25-Nov-11,8.82,9.05,8.81,8.81,33050
23-Nov-11,8.92,8.92,8.92,8.92,0
22-Nov-11,9.41,9.51,9.14,9.34,26850
21-Nov-11,9.42,9.43,9.02,9.35,251408
18-Nov-11,9.93,9.93,9.59,9.64,31900
17-Nov-11,10.08,10.14,9.80,9.83,213160
16-Nov-11,10.01,10.28,10.01,10.19,55911
15-Nov-11,10.24,10.36,10.05,10.11,25214
14-Nov-11,10.47,10.66,10.19,10.33,18830
11-Nov-11,10.42,10.70,10.40,10.51,11072
10-Nov-11,10.60,10.60,10.23,10.32,13312
9-Nov-11,10.48,10.62,10.24,10.33,63747
8-Nov-11,10.78,10.93,10.64,10.92,36799
7-Nov-11,10.74,10.86,10.47,10.81,48800
4-Nov-11,10.73,10.75,10.42,10.68,47055
3-Nov-11,10.93,10.99,10.54,10.92,156195
2-Nov-11,10.96,10.96,10.67,10.77,22930
1-Nov-11,10.39,10.85,10.38,10.75,57500
31-Oct-11,11.38,11.38,10.91,10.95,79555
28-Oct-11,11.51,11.68,11.37,11.55,48714
27-Oct-11,11.56,11.90,11.51,11.59,56109
26-Oct-11,11.21,11.47,10.85,11.19,31055
25-Oct-11,11.26,11.46,10.81,10.92,58100
24-Oct-11,10.89,11.39,10.89,11.26,34085
21-Oct-11,10.81,11.15,10.61,10.72,20759
20-Oct-11,10.48,10.71,10.23,10.54,33586
19-Oct-11,10.74,10.87,10.38,10.57,71913
18-Oct-11,10.23,10.89,10.00,10.70,32675
17-Oct-11,10.51,10.51,10.10,10.22,31880
14-Oct-11,10.47,10.64,10.07,10.51,49512
13-Oct-11,10.42,10.46,9.92,10.17,36393
12-Oct-11,10.63,10.89,10.43,10.61,21301
11-Oct-11,10.65,10.65,10.14,10.42,38426
10-Oct-11,11.28,11.28,10.61,10.65,13000
7-Oct-11,10.74,10.96,10.14,10.22,37235
6-Oct-11,10.30,10.91,10.09,10.59,75353
5-Oct-11,9.49,10.21,9.29,10.16,59550
4-Oct-11,8.86,9.53,8.62,9.44,140925
3-Oct-11,9.55,9.55,8.99,8.99,76635
30-Sep-11,9.73,9.93,9.28,9.55,45605
