Date,Open,High,Low,Close,Volume
27-Sep-12,6.72,6.75,6.67,6.69,246449
26-Sep-12,6.75,6.76,6.70,6.74,204969
25-Sep-12,6.78,6.82,6.75,6.75,245865
24-Sep-12,6.79,6.82,6.75,6.80,198789
21-Sep-12,6.72,6.81,6.70,6.79,147155
20-Sep-12,6.70,6.77,6.67,6.69,176209
19-Sep-12,6.65,6.72,6.64,6.72,138223
18-Sep-12,6.62,6.70,6.62,6.68,206835
17-Sep-12,6.63,6.65,6.61,6.63,254009
14-Sep-12,6.66,6.71,6.63,6.66,214355
13-Sep-12,6.70,6.72,6.67,6.67,120803
12-Sep-12,6.64,6.74,6.63,6.73,158276
11-Sep-12,6.55,6.67,6.53,6.65,172664
10-Sep-12,6.61,6.62,6.53,6.55,194952
7-Sep-12,6.69,6.69,6.57,6.62,169613
6-Sep-12,6.71,6.71,6.65,6.69,223176
5-Sep-12,6.68,6.71,6.65,6.71,111273
4-Sep-12,6.68,6.70,6.64,6.66,212463
31-Aug-12,6.62,6.68,6.61,6.68,233563
30-Aug-12,6.61,6.62,6.58,6.59,182476
29-Aug-12,6.61,6.66,6.58,6.63,252427
28-Aug-12,6.52,6.62,6.52,6.61,272746
27-Aug-12,6.56,6.59,6.50,6.53,287103
24-Aug-12,6.54,6.58,6.54,6.58,169003
23-Aug-12,6.49,6.59,6.49,6.57,275532
22-Aug-12,6.56,6.58,6.47,6.50,340432
21-Aug-12,6.63,6.67,6.60,6.62,183710
20-Aug-12,6.65,6.65,6.61,6.63,148450
17-Aug-12,6.63,6.65,6.62,6.65,33228
16-Aug-12,6.57,6.66,6.57,6.65,43560
15-Aug-12,6.58,6.60,6.56,6.60,26560
14-Aug-12,6.55,6.60,6.54,6.60,33326
13-Aug-12,6.57,6.59,6.54,6.55,31978
10-Aug-12,6.55,6.59,6.54,6.59,39295
9-Aug-12,6.51,6.57,6.51,6.57,56546
8-Aug-12,6.53,6.54,6.49,6.54,47691
7-Aug-12,6.51,6.54,6.49,6.52,29734
6-Aug-12,6.54,6.56,6.49,6.50,55498
3-Aug-12,6.51,6.54,6.50,6.54,49929
2-Aug-12,6.54,6.57,6.48,6.48,158227
1-Aug-12,6.54,6.56,6.52,6.53,169963
31-Jul-12,6.55,6.57,6.52,6.55,215954
30-Jul-12,6.60,6.62,6.56,6.58,170881
27-Jul-12,6.58,6.65,6.58,6.63,124084
26-Jul-12,6.61,6.62,6.55,6.56,139791
25-Jul-12,6.59,6.62,6.58,6.60,81007
24-Jul-12,6.62,6.63,6.56,6.60,137578
23-Jul-12,6.45,6.65,6.44,6.65,311326
20-Jul-12,6.44,6.51,6.43,6.49,167195
19-Jul-12,6.50,6.52,6.44,6.46,203190
18-Jul-12,6.46,6.55,6.46,6.52,164540
17-Jul-12,6.56,6.58,6.47,6.54,301859
16-Jul-12,6.49,6.58,6.49,6.57,171150
13-Jul-12,6.46,6.54,6.46,6.52,133984
12-Jul-12,6.48,6.49,6.43,6.47,129358
11-Jul-12,6.48,6.51,6.46,6.50,136476
10-Jul-12,6.53,6.56,6.47,6.49,162249
9-Jul-12,6.45,6.57,6.45,6.55,123706
6-Jul-12,6.44,6.49,6.44,6.46,116512
5-Jul-12,6.52,6.55,6.50,6.50,124505
3-Jul-12,6.49,6.55,6.49,6.55,79086
2-Jul-12,6.45,6.52,6.40,6.52,251695
29-Jun-12,6.55,6.56,6.40,6.46,247028
28-Jun-12,6.41,6.46,6.40,6.44,169889
27-Jun-12,6.43,6.48,6.43,6.43,304550
26-Jun-12,6.51,6.53,6.44,6.47,199631
25-Jun-12,6.42,6.46,6.41,6.45,181306
22-Jun-12,6.48,6.49,6.46,6.46,177464
21-Jun-12,6.48,6.51,6.46,6.49,269143
20-Jun-12,6.45,6.51,6.41,6.51,252626
19-Jun-12,6.44,6.51,6.41,6.51,330010
18-Jun-12,6.40,6.45,6.40,6.42,101576
15-Jun-12,6.38,6.43,6.37,6.43,156467
14-Jun-12,6.33,6.42,6.32,6.42,200224
13-Jun-12,6.34,6.39,6.33,6.34,150468
12-Jun-12,6.29,6.39,6.29,6.39,134504
11-Jun-12,6.32,6.35,6.31,6.31,190111
8-Jun-12,6.23,6.35,6.23,6.33,202399
7-Jun-12,6.17,6.27,6.17,6.27,241660
6-Jun-12,6.15,6.19,6.14,6.15,197063
5-Jun-12,6.10,6.18,6.09,6.18,172701
4-Jun-12,6.13,6.14,6.09,6.10,217597
1-Jun-12,6.13,6.15,6.08,6.15,206187
31-May-12,6.18,6.20,6.12,6.20,240578
30-May-12,6.21,6.23,6.17,6.19,174795
29-May-12,6.28,6.29,6.22,6.26,190595
25-May-12,6.28,6.29,6.20,6.27,166085
24-May-12,6.18,6.28,6.17,6.28,218377
23-May-12,6.14,6.21,6.13,6.18,354327
22-May-12,6.18,6.22,6.16,6.19,167518
21-May-12,6.09,6.19,6.09,6.16,285847
18-May-12,6.12,6.14,6.06,6.13,257995
17-May-12,6.32,6.33,6.09,6.11,388753
16-May-12,6.33,6.38,6.31,6.31,245885
15-May-12,6.38,6.40,6.33,6.36,304439
14-May-12,6.37,6.43,6.32,6.43,255030
11-May-12,6.36,6.42,6.36,6.38,200876
10-May-12,6.40,6.40,6.35,6.36,201832
9-May-12,6.38,6.41,6.35,6.35,157262
8-May-12,6.39,6.45,6.36,6.42,208324
7-May-12,6.40,6.44,6.39,6.44,121692
4-May-12,6.43,6.46,6.38,6.40,161232
3-May-12,6.40,6.49,6.38,6.49,235076
2-May-12,6.38,6.43,6.38,6.40,162123
1-May-12,6.35,6.45,6.33,6.43,181877
30-Apr-12,6.38,6.41,6.33,6.35,237237
27-Apr-12,6.43,6.45,6.37,6.39,158549
26-Apr-12,6.35,6.44,6.35,6.43,134274
25-Apr-12,6.41,6.41,6.33,6.36,248489
24-Apr-12,6.45,6.45,6.34,6.39,273013
23-Apr-12,6.37,6.45,6.33,6.45,277580
20-Apr-12,6.27,6.38,6.27,6.37,170023
19-Apr-12,6.30,6.30,6.24,6.27,150181
18-Apr-12,6.32,6.34,6.27,6.30,225871
17-Apr-12,6.35,6.38,6.31,6.37,264324
16-Apr-12,6.29,6.35,6.27,6.33,188762
13-Apr-12,6.21,6.31,6.20,6.28,302961
12-Apr-12,6.23,6.25,6.16,6.21,453121
11-Apr-12,6.23,6.29,6.22,6.28,315245
10-Apr-12,6.19,6.25,6.19,6.23,246838
9-Apr-12,6.15,6.26,6.05,6.23,227121
5-Apr-12,6.20,6.26,6.20,6.24,206900
4-Apr-12,6.17,6.25,6.17,6.23,218739
3-Apr-12,6.21,6.27,6.21,6.23,211426
2-Apr-12,6.16,6.25,6.16,6.25,309837
30-Mar-12,6.22,6.25,6.14,6.16,646566
29-Mar-12,6.22,6.28,6.19,6.19,401233
28-Mar-12,6.31,6.32,6.23,6.25,432402
27-Mar-12,6.28,6.33,6.28,6.33,357134
26-Mar-12,6.28,6.33,6.27,6.28,193247
23-Mar-12,6.25,6.30,6.23,6.28,252650
22-Mar-12,6.27,6.31,6.25,6.27,316431
21-Mar-12,6.32,6.37,6.26,6.26,440715
20-Mar-12,6.34,6.42,6.33,6.37,241920
19-Mar-12,6.36,6.40,6.31,6.35,152222
16-Mar-12,6.35,6.42,6.33,6.35,178667
15-Mar-12,6.33,6.38,6.31,6.37,406404
14-Mar-12,6.31,6.35,6.30,6.34,465767
13-Mar-12,6.33,6.40,6.33,6.40,280655
12-Mar-12,6.30,6.39,6.30,6.35,307333
9-Mar-12,6.32,6.42,6.32,6.34,269768
8-Mar-12,6.34,6.40,6.33,6.36,221651
7-Mar-12,6.19,6.35,6.19,6.35,264815
6-Mar-12,6.29,6.30,6.17,6.17,462529
5-Mar-12,6.44,6.44,6.29,6.30,365675
2-Mar-12,6.45,6.48,6.37,6.43,467776
1-Mar-12,6.47,6.50,6.43,6.43,298501
29-Feb-12,6.51,6.54,6.46,6.46,265416
28-Feb-12,6.46,6.56,6.46,6.54,239758
27-Feb-12,6.51,6.54,6.44,6.44,395706
24-Feb-12,6.57,6.58,6.52,6.55,311089
23-Feb-12,6.45,6.54,6.44,6.52,315033
22-Feb-12,6.50,6.53,6.42,6.43,335385
21-Feb-12,6.51,6.55,6.46,6.46,326186
17-Feb-12,6.58,6.58,6.51,6.51,300334
16-Feb-12,6.42,6.54,6.42,6.54,531179
15-Feb-12,6.46,6.48,6.41,6.41,262673
14-Feb-12,6.41,6.53,6.41,6.49,431411
13-Feb-12,6.32,6.49,6.32,6.45,338020
10-Feb-12,6.33,6.36,6.32,6.32,342855
9-Feb-12,6.36,6.39,6.33,6.36,287788
8-Feb-12,6.38,6.42,6.36,6.36,166805
7-Feb-12,6.39,6.42,6.35,6.38,181823
6-Feb-12,6.39,6.39,6.35,6.38,183911
3-Feb-12,6.39,6.44,6.36,6.39,194287
2-Feb-12,6.42,6.44,6.36,6.37,187435
1-Feb-12,6.44,6.48,6.40,6.43,221820
31-Jan-12,6.38,6.41,6.37,6.37,191760
30-Jan-12,6.35,6.42,6.35,6.41,183691
27-Jan-12,6.44,6.44,6.39,6.43,312400
26-Jan-12,6.44,6.44,6.37,6.38,233027
25-Jan-12,6.40,6.41,6.34,6.40,440203
24-Jan-12,6.39,6.45,6.30,6.36,286470
23-Jan-12,6.37,6.44,6.35,6.42,340300
20-Jan-12,6.26,6.35,6.26,6.34,230129
19-Jan-12,6.30,6.34,6.26,6.27,284381
18-Jan-12,6.28,6.34,6.26,6.34,311896
17-Jan-12,6.28,6.32,6.26,6.27,283449
13-Jan-12,6.28,6.28,6.28,6.28,0
12-Jan-12,6.22,6.25,6.19,6.23,223225
11-Jan-12,6.18,6.24,6.16,6.24,198510
10-Jan-12,6.20,6.23,6.13,6.17,286700
9-Jan-12,6.21,6.24,6.17,6.19,273072
6-Jan-12,6.18,6.23,6.17,6.22,213714
5-Jan-12,6.13,6.19,6.12,6.18,202366
4-Jan-12,6.08,6.16,6.08,6.16,528340
3-Jan-12,6.20,6.21,6.19,6.20,175930
30-Dec-11,6.17,6.17,6.17,6.17,0
29-Dec-11,6.17,6.20,6.16,6.17,222727
28-Dec-11,6.22,6.25,6.15,6.20,311863
27-Dec-11,6.15,6.20,6.12,6.20,292559
23-Dec-11,6.20,6.20,6.20,6.20,0
22-Dec-11,6.14,6.20,6.10,6.14,391275
21-Dec-11,6.03,6.07,6.03,6.07,148056
20-Dec-11,6.04,6.07,6.01,6.07,283491
19-Dec-11,6.00,6.05,5.97,5.98,260927
16-Dec-11,5.95,6.02,5.95,5.99,287870
15-Dec-11,5.94,6.04,5.94,5.98,379323
14-Dec-11,5.86,5.96,5.86,5.93,538662
13-Dec-11,5.89,5.94,5.89,5.93,231595
12-Dec-11,5.86,5.89,5.86,5.89,266220
9-Dec-11,5.89,5.94,5.88,5.88,240310
8-Dec-11,5.90,5.93,5.89,5.91,236649
7-Dec-11,5.91,5.95,5.90,5.95,215866
6-Dec-11,5.87,5.92,5.86,5.92,176852
5-Dec-11,5.80,5.90,5.80,5.87,329719
2-Dec-11,5.77,5.83,5.77,5.80,219720
1-Dec-11,5.79,5.83,5.75,5.75,328137
30-Nov-11,5.81,5.82,5.74,5.82,396529
29-Nov-11,5.80,5.81,5.73,5.76,250187
28-Nov-11,5.84,5.91,5.79,5.80,184120
25-Nov-11,5.79,5.82,5.78,5.78,72049
23-Nov-11,5.75,5.75,5.75,5.75,0
22-Nov-11,5.86,5.86,5.82,5.82,171462
21-Nov-11,5.79,5.88,5.79,5.88,220627
18-Nov-11,5.83,5.86,5.81,5.84,129738
17-Nov-11,5.84,5.90,5.81,5.82,146100
16-Nov-11,5.82,5.90,5.82,5.86,150355
15-Nov-11,5.85,5.92,5.83,5.90,171112
14-Nov-11,5.92,5.92,5.85,5.86,212886
11-Nov-11,5.89,5.93,5.88,5.92,129608
10-Nov-11,5.90,5.92,5.86,5.89,144579
9-Nov-11,5.85,5.94,5.85,5.91,141132
8-Nov-11,5.94,6.00,5.94,5.97,180610
7-Nov-11,5.93,5.97,5.92,5.94,130335
4-Nov-11,5.93,5.98,5.93,5.94,142167
3-Nov-11,5.93,6.02,5.93,6.02,228321
2-Nov-11,5.90,5.96,5.90,5.93,139525
1-Nov-11,5.78,5.92,5.75,5.91,200233
31-Oct-11,5.90,5.94,5.85,5.90,142223
28-Oct-11,6.00,6.00,5.95,5.98,161962
27-Oct-11,5.97,6.00,5.96,5.99,206817
26-Oct-11,5.88,5.94,5.88,5.92,133267
25-Oct-11,5.89,5.90,5.86,5.88,145137
24-Oct-11,5.85,5.92,5.84,5.90,246269
21-Oct-11,5.89,5.89,5.84,5.86,199823
20-Oct-11,5.68,5.87,5.68,5.85,265891
19-Oct-11,5.73,5.75,5.67,5.71,161077
18-Oct-11,5.74,5.79,5.72,5.79,243400
17-Oct-11,5.74,5.79,5.70,5.79,156570
14-Oct-11,5.77,5.83,5.77,5.78,194376
13-Oct-11,5.75,5.78,5.74,5.76,161417
12-Oct-11,5.75,5.80,5.75,5.77,174436
11-Oct-11,5.78,5.79,5.70,5.74,232314
10-Oct-11,5.68,5.80,5.68,5.80,206865
7-Oct-11,5.73,5.74,5.59,5.59,182819
6-Oct-11,5.60,5.70,5.55,5.70,190893
5-Oct-11,5.59,5.61,5.51,5.58,190271
4-Oct-11,5.72,5.72,5.43,5.51,235092
3-Oct-11,5.69,5.80,5.69,5.76,190326
30-Sep-11,5.85,5.86,5.78,5.78,130641
