Date,Open,High,Low,Close,Volume
27-Sep-12,45.10,48.40,45.10,47.01,2522497
26-Sep-12,45.72,45.81,44.79,45.05,1791244
25-Sep-12,46.50,46.90,45.54,45.62,1638686
24-Sep-12,47.00,47.24,46.25,46.50,864891
21-Sep-12,47.01,47.63,46.50,47.32,1299057
20-Sep-12,49.09,49.39,47.07,47.10,1894864
19-Sep-12,50.55,50.70,49.58,49.61,986561
18-Sep-12,51.00,51.26,50.35,50.48,1182612
17-Sep-12,52.27,52.31,51.21,51.37,800570
14-Sep-12,51.50,52.55,50.94,52.53,1430054
13-Sep-12,50.12,51.41,50.00,51.25,1018016
12-Sep-12,50.25,50.50,49.92,50.11,446338
11-Sep-12,50.45,50.49,49.92,50.26,448308
10-Sep-12,50.04,50.64,50.00,50.30,583130
7-Sep-12,49.93,50.82,49.73,50.18,967284
6-Sep-12,49.28,49.91,48.95,49.84,672730
5-Sep-12,49.81,49.85,48.78,48.90,722071
4-Sep-12,48.56,49.70,48.41,49.70,841397
31-Aug-12,48.99,49.35,47.84,48.39,958868
30-Aug-12,49.43,49.82,48.55,48.56,670457
29-Aug-12,50.17,50.17,49.37,49.79,802330
28-Aug-12,50.10,50.39,49.66,50.02,1004249
27-Aug-12,50.50,50.65,50.00,50.09,896200
24-Aug-12,50.50,50.81,50.10,50.26,691766
23-Aug-12,51.00,51.21,50.36,50.46,806724
22-Aug-12,50.96,51.34,50.68,50.99,696119
21-Aug-12,51.90,51.96,51.10,51.30,684574
20-Aug-12,51.89,52.05,51.23,51.64,735845
17-Aug-12,53.02,53.10,51.85,52.05,168929
16-Aug-12,53.04,53.57,52.26,53.06,205511
15-Aug-12,51.52,53.14,51.52,53.05,135703
14-Aug-12,52.73,53.00,51.77,51.93,399225
13-Aug-12,50.50,53.11,50.24,52.62,287697
10-Aug-12,51.40,51.42,49.00,50.59,570350
9-Aug-12,51.76,52.58,51.22,51.56,195085
8-Aug-12,52.27,52.48,51.39,51.92,255783
7-Aug-12,53.97,54.25,52.35,52.61,523518
6-Aug-12,53.74,54.24,53.36,53.60,165913
3-Aug-12,53.59,54.47,53.43,54.00,403386
2-Aug-12,52.18,53.55,52.05,52.74,1687221
1-Aug-12,54.93,55.00,49.17,52.99,7958218
31-Jul-12,54.50,56.39,52.18,54.89,6174124
30-Jul-12,54.01,54.43,51.13,51.69,3518097
27-Jul-12,51.35,54.05,51.17,53.80,2029396
26-Jul-12,49.16,51.46,49.16,51.14,1466048
25-Jul-12,48.78,49.36,48.00,48.30,1023194
24-Jul-12,49.51,49.71,48.25,48.69,1230043
23-Jul-12,49.20,49.74,48.37,49.62,1028601
20-Jul-12,50.32,51.14,49.77,50.33,1206221
19-Jul-12,49.87,50.53,49.37,50.33,1219115
18-Jul-12,49.46,50.81,49.42,49.51,1499934
17-Jul-12,48.87,50.66,48.78,49.52,1405342
16-Jul-12,47.58,48.74,47.58,48.71,759824
13-Jul-12,47.31,48.21,47.22,48.15,761612
12-Jul-12,47.48,47.75,46.50,47.30,1264334
11-Jul-12,49.28,49.44,47.40,47.77,2023760
10-Jul-12,50.64,51.12,48.36,49.34,4307149
9-Jul-12,51.07,51.47,50.53,50.62,940736
6-Jul-12,51.00,51.44,50.89,51.18,1376351
5-Jul-12,50.42,51.70,50.38,51.41,1871167
3-Jul-12,49.52,50.50,49.51,50.41,833516
2-Jul-12,48.37,49.41,48.10,49.40,1507708
29-Jun-12,47.79,48.44,47.23,48.33,2038292
28-Jun-12,47.10,47.70,46.48,46.94,1465827
27-Jun-12,47.30,48.30,47.12,47.65,1291194
26-Jun-12,46.77,47.87,46.77,47.13,1005154
25-Jun-12,46.76,47.42,46.60,47.00,1422957
22-Jun-12,47.46,47.54,46.87,47.23,1155732
21-Jun-12,48.00,48.00,46.82,46.96,1981157
20-Jun-12,47.60,47.98,47.16,47.91,1116830
19-Jun-12,47.19,47.98,46.95,47.62,1927276
18-Jun-12,45.87,47.30,45.56,47.00,2055705
15-Jun-12,45.60,46.33,45.55,45.87,1665955
14-Jun-12,45.27,46.78,44.89,45.93,1708732
13-Jun-12,45.43,45.68,44.89,45.11,1210380
12-Jun-12,44.58,45.51,44.20,45.42,1289668
11-Jun-12,45.39,45.50,44.65,44.70,1178608
8-Jun-12,44.76,45.15,44.23,45.04,980276
7-Jun-12,45.60,45.60,44.50,44.94,1536750
6-Jun-12,45.04,45.57,44.78,45.18,1133076
5-Jun-12,44.33,45.18,44.30,44.92,1180636
4-Jun-12,43.97,44.75,43.60,44.64,1518941
1-Jun-12,44.00,44.40,43.81,44.17,1574347
31-May-12,45.82,45.82,44.43,44.79,2533887
30-May-12,45.59,47.19,45.01,45.63,3378530
29-May-12,45.04,45.75,45.04,45.71,2255231
25-May-12,45.46,45.48,44.28,44.85,2403688
24-May-12,45.21,45.70,44.62,45.43,1843646
23-May-12,44.47,45.15,43.60,45.03,3019704
22-May-12,45.70,46.42,44.50,45.00,3552141
21-May-12,44.54,46.90,44.02,45.96,5063063
18-May-12,45.00,45.71,43.72,44.76,4764343
17-May-12,51.68,52.47,44.20,44.58,15082841
16-May-12,43.01,49.90,42.98,49.51,18371277
15-May-12,43.32,43.42,42.15,42.44,4650256
14-May-12,44.84,44.84,42.55,43.01,6194397
11-May-12,45.31,46.47,44.52,45.34,3972499
10-May-12,47.84,47.89,45.79,46.00,6029958
9-May-12,43.56,47.94,43.37,47.17,10638354
8-May-12,47.19,48.76,44.52,45.55,9002480
7-May-12,47.04,47.52,45.45,46.98,8771548
4-May-12,46.64,49.27,46.55,46.94,10456081
3-May-12,52.58,52.64,45.55,46.20,24933903
2-May-12,59.17,59.28,52.16,52.70,23207502
1-May-12,70.40,70.75,51.93,56.30,30779698
30-Apr-12,70.45,71.02,69.30,70.32,2118436
27-Apr-12,72.34,72.99,70.13,70.47,2248122
26-Apr-12,70.38,72.37,70.00,72.23,1361936
25-Apr-12,69.50,71.25,69.13,70.15,2095837
24-Apr-12,72.47,72.96,67.81,69.10,3169054
23-Apr-12,71.50,73.00,70.57,72.69,1698958
20-Apr-12,71.11,72.68,71.11,72.32,1323295
19-Apr-12,70.91,71.38,70.26,70.91,785997
18-Apr-12,69.65,71.45,69.52,70.93,1209813
17-Apr-12,68.68,70.37,68.31,69.83,996562
16-Apr-12,69.07,69.16,67.67,68.26,1163478
13-Apr-12,68.62,69.07,68.32,68.92,870574
12-Apr-12,68.41,68.87,67.94,68.67,1155434
11-Apr-12,68.54,68.79,67.65,68.06,1420799
10-Apr-12,68.62,69.27,67.64,67.88,1428012
9-Apr-12,68.92,69.28,68.36,68.73,726337
5-Apr-12,69.15,69.86,68.75,69.72,1032919
4-Apr-12,69.75,70.42,68.65,69.63,1351845
3-Apr-12,69.43,70.59,69.33,70.54,1246810
2-Apr-12,69.54,70.70,69.11,70.11,1579433
30-Mar-12,69.88,69.93,68.72,68.82,1442287
29-Mar-12,69.59,70.00,68.87,69.27,1149585
28-Mar-12,71.63,71.63,69.58,70.17,1675375
27-Mar-12,71.41,72.00,71.11,71.40,1370293
26-Mar-12,71.31,72.11,70.68,71.21,1404810
23-Mar-12,70.45,70.96,70.14,70.74,1258582
22-Mar-12,71.01,71.18,70.05,70.27,1492980
21-Mar-12,71.13,71.67,71.05,71.13,864127
20-Mar-12,71.44,71.72,71.00,71.13,907958
19-Mar-12,71.93,72.00,71.38,71.62,1353885
16-Mar-12,70.51,70.77,70.11,70.58,1100657
15-Mar-12,69.57,71.41,69.57,70.75,1660459
14-Mar-12,69.57,69.96,69.33,69.90,784963
13-Mar-12,69.11,69.90,68.88,69.87,780711
12-Mar-12,69.51,69.51,68.34,68.58,1186733
9-Mar-12,66.90,70.35,66.90,69.29,2379796
8-Mar-12,66.07,67.34,66.06,66.88,1035972
7-Mar-12,65.59,66.61,64.93,65.92,1472743
6-Mar-12,66.39,66.49,65.25,65.51,1359593
5-Mar-12,66.97,67.38,66.10,66.97,1224834
2-Mar-12,67.67,68.01,67.19,67.46,960305
1-Mar-12,66.10,67.73,65.66,67.70,1673665
29-Feb-12,66.70,67.50,66.13,66.21,1288855
28-Feb-12,66.25,67.20,65.64,66.97,1764924
27-Feb-12,66.58,66.93,65.17,66.50,1483298
24-Feb-12,66.74,66.94,65.90,66.45,1231972
23-Feb-12,67.07,67.30,66.26,66.57,1793206
22-Feb-12,64.14,67.40,64.00,66.81,5281999
21-Feb-12,61.33,62.91,60.89,62.46,3094056
17-Feb-12,60.33,60.65,59.85,60.61,1181978
16-Feb-12,59.67,60.50,59.33,60.12,1012269
15-Feb-12,59.83,59.83,59.20,59.58,1209541
14-Feb-12,60.05,60.63,59.28,59.42,898075
13-Feb-12,59.21,60.68,58.91,60.24,1519258
10-Feb-12,58.96,59.01,57.54,58.78,1299460
9-Feb-12,59.78,59.86,59.01,59.64,803794
8-Feb-12,59.40,60.00,59.10,59.84,838457
7-Feb-12,59.25,59.67,58.78,59.21,698056
6-Feb-12,58.50,59.20,57.86,59.19,855866
3-Feb-12,57.99,58.97,57.55,58.88,1357366
2-Feb-12,58.04,58.24,57.33,57.47,750743
1-Feb-12,58.16,58.16,57.50,57.76,1146027
31-Jan-12,57.30,58.18,57.30,57.88,1466983
30-Jan-12,57.10,57.53,56.61,57.06,1080079
27-Jan-12,57.03,57.97,56.75,57.48,1116665
26-Jan-12,57.96,58.30,56.90,56.99,1536748
25-Jan-12,56.71,57.74,55.93,57.49,949896
24-Jan-12,56.78,56.97,55.52,56.56,1272556
23-Jan-12,57.25,57.93,56.86,57.11,807210
20-Jan-12,57.80,57.99,56.99,57.20,858687
19-Jan-12,57.14,58.27,57.00,57.92,849137
18-Jan-12,57.41,57.64,56.76,57.18,959578
17-Jan-12,57.09,57.73,56.64,57.19,1147084
13-Jan-12,56.52,56.52,56.52,56.52,0
12-Jan-12,54.45,55.55,54.05,55.55,1384344
11-Jan-12,54.12,55.49,53.39,54.04,1376108
10-Jan-12,52.97,54.55,52.87,54.52,1631809
9-Jan-12,51.94,52.90,51.76,52.30,996193
6-Jan-12,51.49,52.42,51.49,51.86,1101732
5-Jan-12,51.91,51.91,50.70,51.23,1776520
4-Jan-12,52.13,52.88,51.76,51.91,919888
3-Jan-12,52.65,53.35,52.30,52.46,1155161
30-Dec-11,51.67,51.67,51.67,51.67,0
29-Dec-11,51.87,52.66,51.76,52.54,594836
28-Dec-11,52.67,52.97,51.60,51.88,772764
27-Dec-11,51.62,52.88,51.62,52.70,655845
23-Dec-11,51.79,51.79,51.79,51.79,0
22-Dec-11,51.98,52.80,51.17,51.40,968406
21-Dec-11,52.57,52.61,51.50,51.98,943509
20-Dec-11,52.12,52.86,52.12,52.74,889722
19-Dec-11,51.66,52.10,51.31,51.45,878743
16-Dec-11,51.43,52.47,50.96,51.66,2063230
15-Dec-11,51.51,52.08,50.69,51.02,1277229
14-Dec-11,52.00,52.09,50.50,50.84,1351217
13-Dec-11,54.27,54.34,51.89,52.47,1354971
12-Dec-11,54.65,55.05,53.42,53.86,638570
9-Dec-11,54.80,55.50,54.23,55.17,1330668
8-Dec-11,54.50,55.39,54.25,54.64,987610
7-Dec-11,55.59,55.64,54.35,54.80,1004616
6-Dec-11,57.00,57.45,55.52,55.96,805967
5-Dec-11,56.67,57.21,56.40,57.02,1561309
2-Dec-11,56.38,56.86,55.46,55.87,1141988
1-Dec-11,55.76,56.56,55.20,55.90,1401622
30-Nov-11,55.89,57.00,55.30,55.30,5712674
29-Nov-11,54.15,54.66,53.57,53.91,1558294
28-Nov-11,54.34,54.86,53.42,53.98,2253929
25-Nov-11,53.26,53.82,52.88,53.18,682434
23-Nov-11,53.22,53.22,53.22,53.22,0
22-Nov-11,54.12,54.47,53.19,54.11,1864085
21-Nov-11,56.08,56.08,53.64,53.91,2700987
18-Nov-11,56.23,57.50,55.80,57.11,1475566
17-Nov-11,56.70,57.10,55.80,55.99,1617574
16-Nov-11,58.99,59.17,56.35,56.68,1498186
15-Nov-11,57.01,58.20,56.95,57.91,1257657
14-Nov-11,57.01,57.50,56.57,57.16,1382278
11-Nov-11,56.55,57.72,56.38,56.98,892626
10-Nov-11,57.56,57.92,55.95,56.15,1884225
9-Nov-11,57.47,58.39,57.02,57.15,1072691
8-Nov-11,58.97,59.25,57.54,58.70,1551420
7-Nov-11,59.82,60.27,58.65,58.87,2604223
4-Nov-11,60.17,60.40,58.82,59.92,1640334
3-Nov-11,60.40,60.94,59.82,60.78,1886594
2-Nov-11,58.85,59.79,58.32,59.75,1748788
1-Nov-11,55.12,60.30,54.60,58.03,5675197
31-Oct-11,61.34,63.40,60.15,62.36,4226946
28-Oct-11,58.58,61.92,58.58,61.34,2550763
27-Oct-11,58.66,59.22,57.77,58.96,1384698
26-Oct-11,57.45,58.32,56.34,57.14,963393
25-Oct-11,57.46,57.72,56.21,56.36,1185844
24-Oct-11,57.07,57.93,56.60,57.66,1199252
21-Oct-11,56.39,57.33,56.39,56.66,741461
20-Oct-11,55.63,56.42,55.12,55.49,1055832
19-Oct-11,57.00,57.49,55.44,55.58,805808
18-Oct-11,56.22,56.94,55.10,56.69,693328
17-Oct-11,57.52,57.95,55.83,56.07,747414
14-Oct-11,56.50,58.00,56.50,57.58,984538
13-Oct-11,56.08,56.34,54.89,56.01,1067751
12-Oct-11,55.61,56.57,55.11,56.14,1858253
11-Oct-11,53.50,55.17,53.35,55.02,987245
10-Oct-11,53.04,54.10,52.53,53.82,1220279
7-Oct-11,53.90,54.14,51.71,52.37,1112047
6-Oct-11,50.87,53.45,50.86,53.29,1938454
5-Oct-11,50.29,51.29,49.34,50.76,2334348
4-Oct-11,49.78,50.16,47.50,50.08,3380877
3-Oct-11,53.00,53.94,50.58,50.77,2071327
30-Sep-11,54.49,55.85,53.00,53.60,2150288
