Date,Open,High,Low,Close,Volume
27-Sep-12,30.01,30.05,29.90,29.99,126052
26-Sep-12,29.16,29.18,28.92,28.97,63649
25-Sep-12,29.14,29.29,28.94,28.94,85219
24-Sep-12,28.45,28.60,28.35,28.40,53700
21-Sep-12,28.61,28.63,28.32,28.48,61125
20-Sep-12,28.08,28.46,28.08,28.45,91386
19-Sep-12,27.73,27.91,27.72,27.90,64212
18-Sep-12,27.55,27.56,27.41,27.50,70891
17-Sep-12,27.33,27.45,27.23,27.28,76384
14-Sep-12,28.30,28.30,27.52,27.73,127137
13-Sep-12,29.36,29.74,29.25,29.55,196633
12-Sep-12,28.90,28.93,28.72,28.82,36506
11-Sep-12,28.80,29.09,28.75,29.03,80842
10-Sep-12,28.57,28.57,28.23,28.31,55511
7-Sep-12,28.55,28.59,28.27,28.30,85750
6-Sep-12,28.91,29.10,28.91,29.04,85591
5-Sep-12,28.77,28.98,28.67,28.85,105566
4-Sep-12,27.40,27.45,27.20,27.22,55917
31-Aug-12,27.70,27.79,27.57,27.67,40973
30-Aug-12,27.74,27.81,27.65,27.70,46740
29-Aug-12,28.03,28.04,27.83,27.85,53628
28-Aug-12,27.56,27.91,27.46,27.84,167377
27-Aug-12,27.77,27.77,27.52,27.53,29734
24-Aug-12,27.56,27.70,27.41,27.60,19210
23-Aug-12,27.73,27.73,27.43,27.49,56882
22-Aug-12,27.58,27.63,27.42,27.52,54677
21-Aug-12,28.68,28.80,28.40,28.43,69146
20-Aug-12,28.91,29.09,28.87,29.01,93950
17-Aug-12,28.44,28.44,28.01,28.01,17978
16-Aug-12,28.35,28.61,28.21,28.55,37251
15-Aug-12,28.14,28.14,28.01,28.11,26744
14-Aug-12,27.90,28.06,27.90,27.96,20215
13-Aug-12,27.26,27.45,27.26,27.34,19452
10-Aug-12,26.89,27.11,26.75,26.86,32810
9-Aug-12,26.67,26.83,26.67,26.80,7445
8-Aug-12,26.41,26.66,26.41,26.66,14371
7-Aug-12,26.37,26.55,26.36,26.51,58232
6-Aug-12,26.60,26.88,26.36,26.84,96837
3-Aug-12,28.49,28.49,28.31,28.32,19429
2-Aug-12,28.45,28.68,28.37,28.60,62863
1-Aug-12,28.60,28.80,28.43,28.43,45063
31-Jul-12,28.63,28.95,28.50,28.57,71644
30-Jul-12,28.63,28.67,28.24,28.26,73952
27-Jul-12,28.99,29.35,28.94,29.29,89640
26-Jul-12,28.34,28.58,28.26,28.52,75167
25-Jul-12,28.42,28.44,27.90,27.95,99055
24-Jul-12,29.23,29.28,28.85,29.10,120449
23-Jul-12,28.83,28.85,28.61,28.72,47326
20-Jul-12,29.33,29.49,29.15,29.19,73512
19-Jul-12,28.97,29.05,28.84,29.03,156898
18-Jul-12,28.87,29.01,28.80,29.00,145265
17-Jul-12,28.63,28.86,28.51,28.54,162332
16-Jul-12,27.58,27.85,27.56,27.81,106293
13-Jul-12,28.00,28.26,27.61,28.26,87559
12-Jul-12,28.25,28.48,28.18,28.35,74332
11-Jul-12,28.70,28.79,28.51,28.64,54494
10-Jul-12,29.16,29.30,28.72,28.80,69059
9-Jul-12,28.96,29.09,28.93,28.98,51065
6-Jul-12,28.54,28.68,28.35,28.61,115652
5-Jul-12,28.22,28.39,28.12,28.37,150460
3-Jul-12,29.29,29.45,29.25,29.42,47161
2-Jul-12,29.61,29.97,29.53,29.96,246575
29-Jun-12,29.70,29.81,29.55,29.80,121198
28-Jun-12,28.99,29.15,28.90,29.11,50655
27-Jun-12,29.06,29.36,28.93,29.29,354349
26-Jun-12,28.95,29.00,28.82,29.00,308626
25-Jun-12,28.52,28.66,28.25,28.40,203742
22-Jun-12,28.21,28.22,27.79,28.02,92874
21-Jun-12,28.47,28.56,27.86,27.94,117349
20-Jun-12,28.27,28.43,27.92,28.08,116988
19-Jun-12,28.31,28.76,28.25,28.76,196783
18-Jun-12,27.81,28.00,27.50,27.99,247909
15-Jun-12,27.69,27.88,26.92,27.05,716305
14-Jun-12,27.92,28.11,27.71,28.11,117944
13-Jun-12,27.52,27.58,27.29,27.42,155724
12-Jun-12,27.51,27.51,27.21,27.41,83684
11-Jun-12,27.61,27.63,27.13,27.13,80651
8-Jun-12,27.68,27.93,27.56,27.71,144796
7-Jun-12,26.92,27.10,26.88,27.03,171334
6-Jun-12,26.44,26.68,26.32,26.66,180893
5-Jun-12,25.78,26.00,25.60,25.97,167958
4-Jun-12,25.34,25.38,24.72,24.99,95955
1-Jun-12,24.74,24.84,24.46,24.46,78195
31-May-12,25.18,25.30,24.93,25.06,100587
30-May-12,24.33,24.33,24.15,24.16,68665
29-May-12,24.85,25.11,24.78,25.11,64025
25-May-12,24.57,24.65,24.48,24.50,58756
24-May-12,24.86,24.97,24.55,24.60,95510
23-May-12,24.76,24.89,24.58,24.78,122876
22-May-12,25.00,25.14,24.64,24.72,79855
21-May-12,24.88,25.08,24.87,25.08,112331
18-May-12,24.69,24.86,24.44,24.47,95772
17-May-12,23.98,24.14,23.75,24.00,230740
16-May-12,23.40,23.50,23.20,23.20,33277
15-May-12,23.66,23.67,23.39,23.40,63162
14-May-12,23.82,23.94,23.76,23.76,45135
11-May-12,24.20,24.27,23.85,23.93,86373
10-May-12,23.93,24.00,23.83,23.99,256566
9-May-12,23.06,23.31,23.00,23.22,80837
8-May-12,23.14,23.14,22.82,23.09,63216
7-May-12,23.21,23.39,23.21,23.37,58859
4-May-12,23.42,23.46,23.17,23.19,51649
3-May-12,23.34,23.34,23.13,23.15,50065
2-May-12,23.47,23.53,23.39,23.51,46375
1-May-12,23.78,23.92,23.71,23.81,51257
30-Apr-12,23.50,23.79,23.41,23.79,146715
27-Apr-12,23.08,23.18,22.96,23.18,52602
26-Apr-12,22.86,22.86,22.68,22.77,67976
25-Apr-12,23.19,23.21,23.01,23.06,58805
24-Apr-12,22.72,23.17,22.72,23.17,50494
23-Apr-12,22.70,22.70,22.46,22.55,71912
20-Apr-12,23.41,23.56,23.32,23.43,116819
19-Apr-12,22.36,22.72,22.35,22.69,90817
18-Apr-12,22.41,22.41,22.17,22.33,58395
17-Apr-12,22.29,22.39,22.22,22.34,75830
16-Apr-12,22.44,22.44,22.14,22.23,49387
13-Apr-12,22.57,22.57,22.42,22.44,73353
12-Apr-12,22.28,22.72,22.28,22.71,56683
11-Apr-12,22.11,22.26,22.10,22.26,67734
10-Apr-12,22.28,22.30,21.83,22.00,101181
9-Apr-12,22.46,22.65,22.45,22.49,35301
5-Apr-12,22.89,23.00,22.53,22.68,65530
4-Apr-12,22.71,22.90,22.68,22.76,87240
3-Apr-12,23.00,23.17,22.82,22.88,171369
2-Apr-12,21.98,22.55,21.82,22.49,142270
30-Mar-12,21.88,21.94,21.73,21.92,144012
29-Mar-12,21.88,21.98,21.72,21.95,148150
28-Mar-12,22.49,22.49,22.06,22.18,108024
27-Mar-12,22.77,22.77,22.50,22.53,173539
26-Mar-12,22.25,22.35,22.09,22.35,154748
23-Mar-12,22.10,22.22,21.78,22.10,221643
22-Mar-12,23.00,23.10,22.74,22.88,177484
21-Mar-12,22.64,23.07,22.15,22.38,442116
20-Mar-12,23.89,24.17,23.88,24.09,120961
19-Mar-12,24.00,24.15,23.82,23.89,155344
16-Mar-12,24.47,24.56,24.37,24.39,124452
15-Mar-12,24.52,24.61,24.29,24.61,70119
14-Mar-12,24.98,25.04,24.67,24.72,75871
13-Mar-12,24.84,25.19,24.64,25.19,165271
12-Mar-12,24.79,24.89,24.66,24.82,100516
9-Mar-12,25.22,25.22,24.85,25.03,282317
8-Mar-12,24.16,24.22,23.93,24.20,231800
7-Mar-12,24.22,24.22,24.03,24.14,181708
6-Mar-12,24.54,24.67,24.19,24.24,112686
5-Mar-12,24.99,25.13,24.80,24.80,87423
2-Mar-12,25.82,25.89,25.47,25.89,119708
1-Mar-12,25.09,25.29,25.09,25.18,60550
29-Feb-12,25.37,25.51,25.18,25.42,106515
28-Feb-12,25.18,25.26,25.06,25.22,84026
27-Feb-12,24.43,24.87,24.18,24.60,139758
24-Feb-12,25.34,25.55,25.34,25.41,67975
23-Feb-12,25.44,25.70,25.34,25.53,79111
22-Feb-12,25.68,25.74,25.58,25.74,77948
21-Feb-12,25.59,25.76,25.53,25.56,73559
17-Feb-12,26.29,26.31,25.96,26.07,86657
16-Feb-12,26.05,26.28,26.05,26.28,103254
15-Feb-12,26.13,26.25,25.90,26.03,94950
14-Feb-12,25.73,25.97,25.73,25.97,132020
13-Feb-12,25.31,25.41,25.27,25.41,118388
10-Feb-12,25.11,25.21,24.89,25.02,100877
9-Feb-12,24.99,25.00,24.92,24.99,100095
8-Feb-12,24.94,24.96,24.70,24.85,80041
7-Feb-12,24.75,24.98,24.68,24.92,78464
6-Feb-12,24.52,24.68,24.30,24.66,87346
3-Feb-12,24.73,24.90,24.65,24.84,102936
2-Feb-12,24.49,24.59,24.32,24.48,92685
1-Feb-12,24.30,24.60,24.28,24.51,113615
31-Jan-12,24.04,24.24,23.94,24.06,124654
30-Jan-12,23.80,23.95,23.55,23.83,342919
27-Jan-12,23.01,23.19,22.82,23.16,186560
26-Jan-12,23.62,23.62,23.43,23.50,113594
25-Jan-12,23.77,23.98,23.59,23.96,138158
24-Jan-12,23.78,23.83,23.55,23.78,114410
23-Jan-12,23.66,23.92,23.29,23.82,99005
20-Jan-12,23.56,23.74,23.34,23.73,135066
19-Jan-12,23.46,23.83,23.37,23.71,275291
18-Jan-12,22.83,23.04,22.70,23.04,93738
17-Jan-12,22.87,22.91,22.73,22.87,81948
13-Jan-12,22.87,22.87,22.87,22.87,0
12-Jan-12,22.66,22.96,22.66,22.96,256896
11-Jan-12,22.17,22.41,22.17,22.31,108408
10-Jan-12,22.69,22.80,22.61,22.80,647257
9-Jan-12,21.77,21.84,21.66,21.84,66216
6-Jan-12,21.52,21.52,21.33,21.34,61956
5-Jan-12,21.69,21.82,21.53,21.80,154331
4-Jan-12,21.55,21.56,21.40,21.45,100562
3-Jan-12,21.43,21.65,21.39,21.65,204171
30-Dec-11,21.02,21.02,21.02,21.02,0
29-Dec-11,21.09,21.27,20.98,21.11,176104
28-Dec-11,21.03,21.11,20.76,20.78,82093
27-Dec-11,21.29,21.37,21.00,21.06,102078
23-Dec-11,21.37,21.37,21.37,21.37,0
22-Dec-11,21.01,21.28,20.94,21.27,77297
21-Dec-11,21.04,21.16,20.85,21.14,132214
20-Dec-11,20.81,21.09,20.81,21.09,110100
19-Dec-11,20.86,20.96,20.34,20.35,124265
16-Dec-11,21.17,21.20,20.96,21.02,221304
15-Dec-11,20.24,20.40,20.06,20.08,94000
14-Dec-11,20.38,20.38,20.14,20.16,137384
13-Dec-11,19.66,19.73,19.38,19.46,56711
12-Dec-11,19.38,19.42,19.20,19.28,114642
9-Dec-11,19.67,20.05,19.66,19.94,72764
8-Dec-11,20.05,20.06,19.61,19.66,65427
7-Dec-11,20.12,20.22,19.93,20.15,76060
6-Dec-11,20.05,20.32,20.03,20.21,69943
5-Dec-11,20.16,20.17,19.95,20.00,105635
2-Dec-11,20.49,20.49,20.18,20.21,96253
1-Dec-11,20.15,20.16,19.84,20.07,206529
30-Nov-11,21.01,21.30,20.85,21.28,165334
29-Nov-11,20.95,21.16,20.90,20.90,109144
28-Nov-11,21.30,21.36,20.83,21.03,152503
25-Nov-11,21.20,21.50,21.17,21.21,164477
23-Nov-11,20.05,20.05,20.05,20.05,0
22-Nov-11,20.04,20.11,19.82,19.97,89664
21-Nov-11,20.03,20.09,19.69,19.85,116469
18-Nov-11,20.26,20.47,20.15,20.42,160569
17-Nov-11,20.25,20.52,19.91,19.99,170116
16-Nov-11,20.34,20.52,19.97,20.01,214577
15-Nov-11,21.00,21.38,21.00,21.25,280024
14-Nov-11,20.59,20.59,20.25,20.37,163724
11-Nov-11,20.16,20.33,20.10,20.25,127011
10-Nov-11,19.57,19.83,19.57,19.65,161700
9-Nov-11,19.25,19.66,18.81,18.93,252606
8-Nov-11,20.45,20.50,20.04,20.44,337894
7-Nov-11,18.43,18.73,18.35,18.73,90708
4-Nov-11,18.21,18.30,17.95,18.19,79432
3-Nov-11,18.22,18.36,18.06,18.29,82557
2-Nov-11,17.62,17.80,17.50,17.80,123019
1-Nov-11,17.66,18.16,17.51,17.64,141515
31-Oct-11,18.24,18.35,17.97,17.97,85940
28-Oct-11,18.54,18.64,18.44,18.46,79827
27-Oct-11,18.54,18.83,18.40,18.60,151602
26-Oct-11,17.86,17.97,17.54,17.95,96797
25-Oct-11,17.63,17.68,17.41,17.43,90704
24-Oct-11,17.49,17.88,17.49,17.85,144999
21-Oct-11,16.84,16.98,16.80,16.98,86935
20-Oct-11,16.63,16.68,16.38,16.56,151027
19-Oct-11,16.62,16.89,16.60,16.65,181317
18-Oct-11,15.79,16.05,15.54,16.04,114734
17-Oct-11,16.46,16.57,16.22,16.28,101730
14-Oct-11,16.25,16.35,16.16,16.35,85961
13-Oct-11,16.53,16.59,16.25,16.49,130394
12-Oct-11,16.38,16.57,16.19,16.50,254714
11-Oct-11,16.18,16.43,16.11,16.17,149201
10-Oct-11,16.37,16.61,16.32,16.57,85509
7-Oct-11,16.29,16.33,15.89,15.96,117424
6-Oct-11,16.11,16.30,15.91,16.28,101235
5-Oct-11,15.83,16.12,15.73,16.11,124721
4-Oct-11,15.62,15.92,15.45,15.83,183730
3-Oct-11,16.29,16.60,16.04,16.05,140629
30-Sep-11,17.16,17.30,16.82,16.83,129464
