Date,Open,High,Low,Close,Volume
27-Sep-12,24.00,24.00,23.87,23.94,31524
26-Sep-12,24.00,24.89,23.91,24.00,130996
25-Sep-12,23.99,24.00,23.85,23.91,47174
24-Sep-12,24.04,24.40,23.86,23.95,50679
21-Sep-12,23.78,23.98,23.76,23.94,29265
20-Sep-12,23.65,23.75,23.64,23.69,43831
19-Sep-12,23.29,23.67,23.14,23.64,48310
18-Sep-12,23.08,23.24,23.03,23.23,39677
17-Sep-12,23.01,23.17,22.98,23.05,28863
14-Sep-12,23.18,23.19,22.91,22.99,37637
13-Sep-12,22.78,22.99,22.74,22.99,32574
12-Sep-12,23.00,23.01,22.73,22.76,33616
11-Sep-12,22.92,23.02,22.75,22.79,43014
10-Sep-12,22.91,22.94,22.82,22.82,20274
7-Sep-12,22.87,23.01,22.83,22.91,24818
6-Sep-12,22.84,23.08,22.80,22.87,33449
5-Sep-12,22.81,22.90,22.80,22.84,20326
4-Sep-12,22.93,22.93,22.76,22.79,15509
31-Aug-12,22.84,22.91,22.75,22.82,19253
30-Aug-12,22.85,22.93,22.71,22.74,20897
29-Aug-12,22.95,23.14,22.88,22.88,29102
28-Aug-12,22.79,22.91,22.76,22.90,27112
27-Aug-12,22.98,23.02,22.62,22.77,54942
24-Aug-12,23.07,23.18,22.89,22.98,27896
23-Aug-12,22.65,23.06,22.62,23.05,50992
22-Aug-12,22.68,22.81,22.59,22.61,38847
21-Aug-12,22.83,22.94,22.66,22.80,58262
20-Aug-12,22.60,22.80,22.60,22.80,32560
17-Aug-12,22.78,22.78,22.61,22.61,6118
16-Aug-12,23.10,23.10,22.75,22.78,12485
15-Aug-12,22.89,22.95,22.89,22.95,6034
14-Aug-12,22.89,23.03,22.82,22.88,8687
13-Aug-12,22.85,22.92,22.85,22.87,3132
10-Aug-12,23.01,23.09,22.84,22.84,6074
9-Aug-12,23.60,23.60,23.00,23.15,5316
8-Aug-12,23.60,23.60,23.44,23.44,6180
7-Aug-12,23.60,23.60,23.11,23.36,9637
6-Aug-12,23.78,23.80,23.42,23.64,6849
3-Aug-12,23.71,23.80,23.69,23.79,8884
2-Aug-12,23.35,24.35,23.32,23.72,55464
1-Aug-12,23.25,23.35,23.23,23.34,40248
31-Jul-12,23.16,23.23,23.15,23.20,22987
30-Jul-12,23.20,23.24,23.10,23.13,27097
27-Jul-12,23.34,23.35,23.26,23.33,29811
26-Jul-12,23.43,23.50,23.24,23.35,27195
25-Jul-12,23.44,23.46,23.20,23.40,31415
24-Jul-12,23.37,23.46,23.21,23.36,23377
23-Jul-12,23.27,23.63,23.10,23.36,34462
20-Jul-12,23.20,23.51,23.00,23.32,31193
19-Jul-12,22.90,23.28,22.86,23.18,41152
18-Jul-12,22.84,23.05,22.83,22.95,44117
17-Jul-12,22.85,23.00,22.85,22.97,21946
16-Jul-12,22.60,22.84,22.60,22.81,15655
13-Jul-12,22.59,22.84,22.59,22.62,26087
12-Jul-12,22.51,22.65,22.50,22.54,18339
11-Jul-12,22.58,22.66,22.51,22.52,12939
10-Jul-12,22.58,22.66,22.52,22.58,38617
9-Jul-12,22.49,22.65,22.43,22.63,16169
6-Jul-12,22.50,22.59,22.36,22.46,20814
5-Jul-12,22.68,22.68,22.52,22.55,25241
3-Jul-12,22.59,22.65,22.56,22.58,7661
2-Jul-12,22.61,22.73,22.57,22.58,33939
29-Jun-12,22.73,22.78,22.60,22.60,30564
28-Jun-12,22.43,22.53,22.38,22.52,17026
27-Jun-12,22.32,22.55,22.25,22.48,29717
26-Jun-12,22.15,22.33,22.06,22.30,30379
25-Jun-12,22.17,22.21,22.05,22.10,24099
22-Jun-12,22.11,22.35,22.07,22.11,21713
21-Jun-12,22.28,22.36,22.05,22.06,23097
20-Jun-12,22.25,22.38,22.06,22.08,21952
19-Jun-12,22.04,22.20,21.99,22.12,19704
18-Jun-12,22.16,22.23,21.98,22.00,23303
15-Jun-12,22.73,22.73,22.21,22.29,27545
14-Jun-12,22.27,22.78,22.22,22.48,38567
13-Jun-12,22.67,22.67,22.22,22.25,30388
12-Jun-12,22.29,22.40,22.22,22.39,26632
11-Jun-12,22.64,22.64,22.23,22.25,14149
8-Jun-12,22.52,22.66,22.51,22.59,26290
7-Jun-12,22.66,22.66,22.47,22.55,28811
6-Jun-12,22.86,22.86,22.61,22.61,22888
5-Jun-12,22.60,22.67,22.55,22.64,25535
4-Jun-12,22.92,22.92,22.57,22.68,18154
1-Jun-12,22.88,22.89,22.68,22.89,23633
31-May-12,22.71,22.87,22.58,22.87,26655
30-May-12,22.69,22.73,22.51,22.56,27362
29-May-12,22.70,22.70,22.60,22.68,26076
25-May-12,22.62,22.69,22.59,22.62,18235
24-May-12,22.56,22.60,22.45,22.52,26408
23-May-12,22.62,22.65,22.39,22.44,41431
22-May-12,22.67,22.79,22.54,22.62,26826
21-May-12,22.32,22.68,22.22,22.66,28233
18-May-12,22.40,22.53,22.23,22.25,21594
17-May-12,22.80,22.80,22.25,22.34,49703
16-May-12,22.72,22.86,22.57,22.74,33819
15-May-12,22.60,22.79,22.56,22.66,31197
14-May-12,22.53,22.64,22.36,22.51,26295
11-May-12,22.53,22.57,22.46,22.50,18444
10-May-12,22.66,22.66,22.35,22.39,35517
9-May-12,22.41,22.64,22.41,22.56,28380
8-May-12,22.67,22.89,22.39,22.41,31296
7-May-12,22.51,22.70,22.51,22.63,20269
4-May-12,22.58,22.92,22.44,22.46,24411
3-May-12,22.40,22.51,22.36,22.41,15292
2-May-12,22.77,22.80,22.27,22.30,29733
1-May-12,22.37,22.88,22.21,22.27,55326
30-Apr-12,22.45,22.50,22.40,22.50,42038
27-Apr-12,22.40,22.44,22.28,22.44,27389
26-Apr-12,22.38,22.44,22.28,22.39,35324
25-Apr-12,22.50,22.50,22.10,22.30,40935
24-Apr-12,22.41,22.48,22.27,22.48,35652
23-Apr-12,22.43,22.46,22.22,22.34,37056
20-Apr-12,22.60,22.60,22.36,22.39,22603
19-Apr-12,22.28,22.33,22.16,22.30,36295
18-Apr-12,21.95,22.29,21.93,22.29,35816
17-Apr-12,21.88,22.03,21.85,21.96,40765
16-Apr-12,21.67,22.02,21.64,21.96,49799
13-Apr-12,21.65,21.65,21.58,21.63,20185
12-Apr-12,21.57,21.65,21.53,21.61,37382
11-Apr-12,21.47,21.54,21.38,21.51,34221
10-Apr-12,21.49,21.54,21.41,21.43,23711
9-Apr-12,21.31,21.53,21.31,21.40,37994
5-Apr-12,21.22,21.41,21.22,21.30,37847
4-Apr-12,21.43,21.48,21.23,21.26,32989
3-Apr-12,21.60,21.60,21.35,21.37,39709
2-Apr-12,21.46,21.59,21.39,21.51,40646
30-Mar-12,21.55,21.55,21.28,21.40,59527
29-Mar-12,21.30,21.50,21.30,21.50,30406
28-Mar-12,21.44,21.54,21.36,21.46,28606
27-Mar-12,21.35,21.58,21.32,21.42,52906
26-Mar-12,21.31,21.37,21.22,21.27,34510
23-Mar-12,21.16,21.33,21.16,21.28,44697
22-Mar-12,21.36,21.47,21.10,21.10,63240
21-Mar-12,21.25,21.49,21.22,21.36,49880
20-Mar-12,21.35,21.48,21.20,21.23,55209
19-Mar-12,21.11,21.42,21.01,21.29,83791
16-Mar-12,21.51,21.58,21.30,21.30,46281
15-Mar-12,21.79,21.95,21.50,21.52,110659
14-Mar-12,22.71,22.80,21.79,21.85,63926
13-Mar-12,22.87,22.87,22.37,22.71,45629
12-Mar-12,22.82,22.85,22.53,22.85,31912
9-Mar-12,22.65,22.77,22.59,22.77,11964
8-Mar-12,22.57,22.99,22.54,22.55,44171
7-Mar-12,22.32,22.62,22.32,22.47,25204
6-Mar-12,22.29,22.43,22.25,22.29,15946
5-Mar-12,22.58,22.62,22.22,22.23,140279
2-Mar-12,22.56,22.78,22.50,22.51,20646
1-Mar-12,22.99,22.99,22.55,22.58,38776
29-Feb-12,22.93,22.99,22.64,22.90,25390
28-Feb-12,22.89,22.99,22.75,22.97,48099
27-Feb-12,22.61,22.95,22.54,22.89,43550
24-Feb-12,22.36,22.65,22.26,22.60,65185
23-Feb-12,22.16,22.29,22.10,22.29,41457
22-Feb-12,21.94,22.24,21.90,22.15,48336
21-Feb-12,21.93,22.09,21.87,22.01,22163
17-Feb-12,21.69,21.94,21.66,21.87,22243
16-Feb-12,21.82,21.87,21.56,21.60,36867
15-Feb-12,21.72,22.09,21.67,21.75,109945
14-Feb-12,22.04,22.15,21.77,21.83,61043
13-Feb-12,22.17,22.19,22.00,22.08,107369
10-Feb-12,22.17,22.17,21.95,22.01,42194
9-Feb-12,22.31,22.37,21.98,22.10,91366
8-Feb-12,22.47,22.62,22.25,22.28,35925
7-Feb-12,22.85,22.88,22.43,22.45,70825
6-Feb-12,22.85,23.01,22.75,22.85,36578
3-Feb-12,22.46,23.24,22.46,22.81,77515
2-Feb-12,22.28,22.57,22.22,22.52,32551
1-Feb-12,22.33,22.44,22.16,22.26,56538
31-Jan-12,22.70,22.87,22.44,22.54,37222
30-Jan-12,22.70,22.97,22.57,22.84,53038
27-Jan-12,22.95,23.03,22.68,22.69,46473
26-Jan-12,22.49,22.86,22.43,22.86,44140
25-Jan-12,22.56,22.63,22.13,22.60,75613
24-Jan-12,23.19,23.19,22.77,22.83,41619
23-Jan-12,22.67,23.19,22.64,23.19,47355
20-Jan-12,22.42,22.67,22.42,22.64,49928
19-Jan-12,22.23,22.75,22.23,22.40,45597
18-Jan-12,21.79,22.21,21.72,22.21,32490
17-Jan-12,21.67,22.36,21.66,21.90,56997
13-Jan-12,21.68,21.68,21.68,21.68,0
12-Jan-12,21.66,21.77,21.51,21.55,34117
11-Jan-12,21.62,21.90,21.62,21.66,42622
10-Jan-12,21.64,21.68,21.55,21.61,20699
9-Jan-12,21.92,21.93,21.48,21.63,41936
6-Jan-12,21.55,21.96,21.55,21.94,37918
5-Jan-12,21.53,21.69,21.50,21.55,24810
4-Jan-12,21.85,22.02,21.53,21.54,27249
3-Jan-12,21.95,22.03,21.83,21.86,26431
30-Dec-11,21.93,21.93,21.93,21.93,0
29-Dec-11,21.77,21.90,21.73,21.81,19958
28-Dec-11,22.40,22.47,21.71,21.78,37040
27-Dec-11,22.79,22.88,22.23,22.35,56392
23-Dec-11,22.65,22.65,22.65,22.65,0
22-Dec-11,22.16,22.25,21.80,21.85,45275
21-Dec-11,21.99,22.05,21.77,21.95,47247
20-Dec-11,21.99,22.00,21.82,22.00,30194
19-Dec-11,21.79,21.99,21.75,21.99,38610
16-Dec-11,21.41,21.77,21.32,21.77,16869
15-Dec-11,21.08,21.40,20.90,21.35,27220
14-Dec-11,20.81,21.33,20.81,21.00,41486
13-Dec-11,21.28,21.39,21.00,21.00,53070
12-Dec-11,21.81,21.89,21.28,21.30,37989
9-Dec-11,21.53,21.72,21.50,21.72,18447
8-Dec-11,21.94,22.00,21.51,21.53,42535
7-Dec-11,21.80,21.97,21.51,21.88,41325
6-Dec-11,21.47,21.71,21.34,21.47,25207
5-Dec-11,21.58,22.00,21.44,21.52,39361
2-Dec-11,21.59,21.85,21.37,21.49,35960
1-Dec-11,21.57,21.80,21.51,21.56,40153
30-Nov-11,21.00,21.98,21.00,21.55,76254
29-Nov-11,20.75,21.00,20.50,20.99,40020
28-Nov-11,21.46,21.46,20.75,20.86,40126
25-Nov-11,20.92,21.22,20.92,21.21,19028
23-Nov-11,20.83,20.83,20.83,20.83,0
22-Nov-11,21.28,21.40,21.01,21.01,52162
21-Nov-11,21.29,21.35,21.10,21.25,41587
18-Nov-11,20.70,21.28,20.70,21.23,41119
17-Nov-11,21.22,21.38,20.71,20.75,64718
16-Nov-11,20.90,21.35,20.86,21.26,34248
15-Nov-11,20.99,21.45,20.95,21.04,92534
14-Nov-11,20.74,21.00,20.74,20.92,64728
11-Nov-11,20.73,21.00,20.62,20.81,60839
10-Nov-11,20.93,20.99,20.71,20.77,66067
9-Nov-11,20.81,20.99,20.70,20.71,50945
8-Nov-11,20.89,20.98,20.80,20.91,53591
7-Nov-11,20.94,20.94,20.80,20.92,45860
4-Nov-11,20.88,20.90,20.70,20.84,42556
3-Nov-11,20.82,21.00,20.66,20.86,99059
2-Nov-11,20.89,20.97,20.85,20.86,56197
1-Nov-11,20.70,20.87,20.61,20.79,37314
31-Oct-11,20.65,20.86,20.60,20.60,78135
28-Oct-11,20.80,20.80,20.60,20.70,45039
27-Oct-11,20.68,20.84,20.62,20.74,62862
26-Oct-11,20.19,20.64,20.18,20.64,83371
25-Oct-11,20.12,20.20,19.90,20.09,86677
24-Oct-11,19.95,20.15,19.93,20.10,50450
21-Oct-11,19.89,20.12,19.89,19.96,50986
20-Oct-11,20.08,20.15,19.75,19.94,119950
19-Oct-11,20.21,20.29,20.08,20.29,80381
18-Oct-11,19.99,20.32,19.99,20.29,56862
17-Oct-11,19.93,20.14,19.68,20.05,102434
14-Oct-11,20.25,20.43,19.76,19.96,94917
13-Oct-11,21.64,21.65,20.11,20.27,212778
12-Oct-11,22.23,22.45,21.87,21.95,32417
11-Oct-11,21.84,22.24,21.83,22.03,46044
10-Oct-11,21.66,21.90,21.65,21.82,16992
7-Oct-11,21.46,21.62,21.46,21.62,26764
6-Oct-11,21.48,21.61,21.40,21.46,22875
5-Oct-11,21.64,21.69,21.30,21.35,28075
4-Oct-11,21.46,21.69,21.17,21.64,39380
3-Oct-11,21.55,21.90,21.42,21.42,26535
30-Sep-11,21.96,22.07,21.45,21.45,41529
