Date,Open,High,Low,Close,Volume
27-Sep-12,9.77,9.79,9.75,9.75,22857
26-Sep-12,9.76,9.81,9.75,9.76,23490
25-Sep-12,9.85,9.85,9.77,9.79,31309
24-Sep-12,9.75,9.84,9.71,9.84,31884
21-Sep-12,9.85,9.85,9.75,9.75,30777
20-Sep-12,9.71,9.79,9.70,9.79,19371
19-Sep-12,9.79,9.82,9.79,9.79,17874
18-Sep-12,9.72,9.81,9.71,9.79,28369
17-Sep-12,9.92,9.92,9.75,9.78,25575
14-Sep-12,9.85,9.92,9.81,9.86,82408
13-Sep-12,9.73,9.85,9.70,9.83,53602
12-Sep-12,9.79,9.84,9.70,9.73,17937
11-Sep-12,9.71,9.73,9.69,9.72,23150
10-Sep-12,9.73,9.78,9.69,9.70,16762
7-Sep-12,9.65,9.75,9.65,9.73,16618
6-Sep-12,9.66,9.73,9.63,9.69,8332
5-Sep-12,9.70,9.70,9.64,9.65,13627
4-Sep-12,9.72,9.86,9.64,9.72,34686
31-Aug-12,10.00,10.00,9.85,9.88,20583
30-Aug-12,9.89,9.98,9.89,9.90,14626
29-Aug-12,9.91,9.96,9.90,9.92,19862
28-Aug-12,9.90,9.96,9.90,9.91,17722
27-Aug-12,9.90,9.93,9.85,9.89,20441
24-Aug-12,9.85,9.90,9.85,9.88,14105
23-Aug-12,9.82,9.89,9.82,9.88,17982
22-Aug-12,9.78,9.92,9.73,9.86,27087
21-Aug-12,9.83,9.87,9.73,9.85,19704
20-Aug-12,9.72,9.85,9.72,9.76,17816
17-Aug-12,9.76,9.81,9.72,9.75,3203
16-Aug-12,9.85,9.87,9.74,9.79,4974
15-Aug-12,9.84,9.84,9.69,9.80,8858
14-Aug-12,9.65,9.94,9.65,9.81,8057
13-Aug-12,9.65,9.70,9.60,9.70,3329
10-Aug-12,9.59,9.65,9.54,9.64,3409
9-Aug-12,9.55,9.60,9.53,9.57,8918
8-Aug-12,9.53,9.64,9.50,9.50,2753
7-Aug-12,9.47,9.61,9.47,9.60,7516
6-Aug-12,9.50,9.56,9.46,9.46,5652
3-Aug-12,9.54,9.71,9.50,9.50,2707
2-Aug-12,9.65,9.72,9.50,9.51,24124
1-Aug-12,9.67,9.77,9.56,9.65,44610
31-Jul-12,9.88,9.89,9.75,9.77,21740
30-Jul-12,9.80,9.87,9.75,9.75,36975
27-Jul-12,9.73,9.80,9.61,9.78,41439
26-Jul-12,9.62,9.75,9.60,9.65,24195
25-Jul-12,9.60,9.62,9.50,9.56,19059
24-Jul-12,9.48,9.62,9.43,9.59,27889
23-Jul-12,9.56,9.57,9.42,9.42,57224
20-Jul-12,9.59,9.62,9.47,9.62,26706
19-Jul-12,9.58,9.60,9.54,9.59,15895
18-Jul-12,9.44,9.67,9.44,9.50,29807
17-Jul-12,9.47,9.48,9.41,9.46,19865
16-Jul-12,9.48,9.49,9.40,9.44,23157
13-Jul-12,9.43,9.48,9.43,9.48,13948
12-Jul-12,9.35,9.46,9.34,9.42,19268
11-Jul-12,9.42,9.44,9.38,9.44,21744
10-Jul-12,9.26,9.44,9.26,9.40,60044
9-Jul-12,9.25,9.27,9.23,9.24,9709
6-Jul-12,9.35,9.39,9.18,9.34,28013
5-Jul-12,9.37,9.41,9.20,9.41,20125
3-Jul-12,9.42,9.42,9.18,9.37,42134
2-Jul-12,9.35,9.47,9.30,9.42,42023
29-Jun-12,9.18,9.49,9.18,9.34,23113
28-Jun-12,9.08,9.17,9.04,9.08,17977
27-Jun-12,9.03,9.23,8.95,9.20,43597
26-Jun-12,9.00,9.02,8.90,8.95,45734
25-Jun-12,9.08,9.08,9.00,9.02,32045
22-Jun-12,9.14,9.14,9.00,9.13,14302
21-Jun-12,9.19,9.20,9.01,9.05,21161
20-Jun-12,9.17,9.20,9.08,9.15,23681
19-Jun-12,9.05,9.19,8.97,9.18,19844
18-Jun-12,9.00,9.07,8.93,9.05,28558
15-Jun-12,9.02,9.03,8.94,9.01,25411
14-Jun-12,8.89,9.00,8.89,8.94,12142
13-Jun-12,8.89,9.03,8.89,8.95,18095
12-Jun-12,8.97,8.97,8.66,8.90,35043
11-Jun-12,9.12,9.16,8.88,8.88,39466
8-Jun-12,9.00,9.18,8.96,9.16,19422
7-Jun-12,9.11,9.18,9.03,9.09,11482
6-Jun-12,8.76,9.09,8.75,9.09,47128
5-Jun-12,8.67,8.75,8.67,8.73,19727
4-Jun-12,8.80,8.85,8.65,8.70,61311
1-Jun-12,8.73,8.90,8.66,8.90,54103
31-May-12,9.27,9.27,8.89,9.14,46055
30-May-12,9.16,9.25,9.15,9.24,20640
29-May-12,9.30,9.36,9.24,9.27,28943
25-May-12,9.27,9.27,9.20,9.22,33518
24-May-12,9.27,9.27,9.15,9.20,23991
23-May-12,9.26,9.30,9.07,9.27,37067
22-May-12,9.29,9.50,9.24,9.30,31735
21-May-12,9.06,9.29,9.06,9.28,22113
18-May-12,9.43,9.43,8.95,8.99,123321
17-May-12,9.90,9.90,9.39,9.41,44793
16-May-12,9.83,9.92,9.83,9.87,15729
15-May-12,9.89,9.90,9.83,9.83,27978
14-May-12,9.95,9.95,9.79,9.80,45869
11-May-12,9.97,10.12,9.96,10.05,19486
10-May-12,10.21,10.21,10.09,10.09,8213
9-May-12,10.12,10.12,9.95,10.10,23815
8-May-12,10.14,10.24,10.07,10.20,28476
7-May-12,10.00,10.19,9.99,10.18,40854
4-May-12,10.24,10.24,10.05,10.07,34856
3-May-12,10.22,10.25,10.21,10.21,23734
2-May-12,10.24,10.28,10.23,10.27,21788
1-May-12,10.48,10.55,10.25,10.26,120478
30-Apr-12,10.70,10.70,10.51,10.60,41486
27-Apr-12,10.80,10.80,10.46,10.54,57597
26-Apr-12,10.61,10.71,10.41,10.45,43152
25-Apr-12,10.50,10.55,10.38,10.46,38490
24-Apr-12,10.34,10.41,10.27,10.36,34274
23-Apr-12,10.21,10.34,10.16,10.34,29333
20-Apr-12,10.31,10.34,10.27,10.29,20126
19-Apr-12,10.36,10.36,10.21,10.22,24327
18-Apr-12,10.27,10.37,10.21,10.30,43354
17-Apr-12,10.23,10.30,10.19,10.29,18535
16-Apr-12,10.16,10.20,10.10,10.11,27535
13-Apr-12,10.30,10.30,10.15,10.17,24281
12-Apr-12,10.28,10.34,10.25,10.34,26485
11-Apr-12,10.24,10.25,10.12,10.24,38697
10-Apr-12,10.20,10.20,10.03,10.06,50009
9-Apr-12,10.05,10.17,10.05,10.14,26745
5-Apr-12,10.18,10.21,10.13,10.16,30730
4-Apr-12,10.17,10.25,10.05,10.12,21523
3-Apr-12,10.54,10.54,10.29,10.29,40087
2-Apr-12,10.45,10.50,10.32,10.40,43250
30-Mar-12,10.42,10.45,10.35,10.38,22908
29-Mar-12,10.35,10.41,10.31,10.34,16544
28-Mar-12,10.43,10.46,10.35,10.41,60301
27-Mar-12,10.35,10.56,10.31,10.37,48920
26-Mar-12,10.15,10.37,10.15,10.30,65124
23-Mar-12,10.10,10.15,10.04,10.14,44827
22-Mar-12,10.00,10.11,9.88,10.07,47170
21-Mar-12,10.06,10.06,10.00,10.03,22274
20-Mar-12,10.08,10.10,9.98,10.06,32957
19-Mar-12,10.11,10.16,10.00,10.12,18907
16-Mar-12,10.12,10.14,10.06,10.09,27202
15-Mar-12,10.11,10.14,9.91,10.07,52437
14-Mar-12,10.14,10.18,10.01,10.02,27030
13-Mar-12,10.01,10.17,9.98,10.17,30283
12-Mar-12,10.02,10.02,9.93,9.99,25633
9-Mar-12,9.95,9.98,9.85,9.96,27211
8-Mar-12,9.82,9.95,9.80,9.95,35741
7-Mar-12,9.71,9.76,9.64,9.67,39503
6-Mar-12,9.89,9.89,9.63,9.67,66131
5-Mar-12,10.09,10.13,10.01,10.05,22728
2-Mar-12,10.15,10.15,10.04,10.10,35884
1-Mar-12,10.13,10.18,10.04,10.08,46776
29-Feb-12,10.07,10.20,10.07,10.15,48894
28-Feb-12,10.08,10.12,10.03,10.10,46348
27-Feb-12,9.98,10.06,9.93,10.02,50559
24-Feb-12,9.99,10.06,9.99,10.00,43664
23-Feb-12,9.91,10.00,9.90,9.96,29228
22-Feb-12,9.99,10.00,9.89,9.91,25366
21-Feb-12,9.91,10.05,9.91,9.96,59199
17-Feb-12,9.92,9.95,9.91,9.94,25140
16-Feb-12,9.87,9.92,9.80,9.87,39997
15-Feb-12,9.92,9.94,9.81,9.82,22754
14-Feb-12,9.90,9.95,9.78,9.84,24565
13-Feb-12,9.94,10.00,9.90,9.91,22817
10-Feb-12,9.95,9.95,9.83,9.94,42140
9-Feb-12,9.99,10.04,9.93,9.99,36439
8-Feb-12,9.90,9.99,9.89,9.99,15189
7-Feb-12,9.95,9.97,9.85,9.95,23998
6-Feb-12,9.92,9.97,9.80,9.88,31829
3-Feb-12,10.00,10.05,9.74,9.92,37750
2-Feb-12,9.93,9.98,9.82,9.91,21833
1-Feb-12,9.83,9.91,9.75,9.91,35138
31-Jan-12,9.76,9.83,9.76,9.83,22915
30-Jan-12,9.71,9.75,9.62,9.74,74318
27-Jan-12,9.64,9.71,9.62,9.71,34959
26-Jan-12,9.72,9.80,9.61,9.62,66981
25-Jan-12,9.61,9.65,9.54,9.63,38517
24-Jan-12,9.64,9.64,9.55,9.60,22644
23-Jan-12,9.54,9.63,9.54,9.57,31250
20-Jan-12,9.49,9.55,9.45,9.54,25191
19-Jan-12,9.40,9.50,9.40,9.45,20465
18-Jan-12,9.33,9.41,9.16,9.39,14318
17-Jan-12,9.35,9.36,9.26,9.29,24035
13-Jan-12,9.23,9.23,9.23,9.23,0
12-Jan-12,9.25,9.30,9.10,9.29,31625
11-Jan-12,9.20,9.20,9.09,9.20,16581
10-Jan-12,9.10,9.20,9.10,9.19,20421
9-Jan-12,9.19,9.19,8.97,9.01,38626
6-Jan-12,9.19,9.19,9.10,9.15,25932
5-Jan-12,9.02,9.13,8.97,9.13,20559
4-Jan-12,9.05,9.12,9.02,9.12,26035
3-Jan-12,8.92,9.08,8.92,9.03,27072
30-Dec-11,8.86,8.86,8.86,8.86,0
29-Dec-11,8.77,8.83,8.75,8.77,44475
28-Dec-11,8.96,8.96,8.80,8.83,20691
27-Dec-11,9.07,9.13,8.99,9.02,45837
23-Dec-11,9.04,9.04,9.04,9.04,0
22-Dec-11,8.82,8.96,8.82,8.93,28125
21-Dec-11,8.71,8.90,8.71,8.80,50915
20-Dec-11,8.80,8.91,8.79,8.83,61828
19-Dec-11,8.98,9.00,8.70,8.70,40932
16-Dec-11,9.06,9.06,8.88,8.90,37716
15-Dec-11,9.18,9.18,9.00,9.02,18805
14-Dec-11,9.16,9.16,8.95,9.01,40387
13-Dec-11,9.30,9.34,9.12,9.16,27043
12-Dec-11,9.38,9.38,9.23,9.32,51374
9-Dec-11,9.42,9.47,9.37,9.40,23845
8-Dec-11,9.38,9.42,9.30,9.35,29679
7-Dec-11,9.48,9.48,9.25,9.47,33754
6-Dec-11,9.46,9.53,9.40,9.46,16291
5-Dec-11,9.51,9.60,9.45,9.50,28663
2-Dec-11,9.50,9.50,9.40,9.49,41516
1-Dec-11,9.53,9.53,9.44,9.47,22682
30-Nov-11,9.62,9.67,9.53,9.57,26271
29-Nov-11,9.34,9.55,9.34,9.40,18139
28-Nov-11,9.30,9.51,9.30,9.37,11097
25-Nov-11,9.14,9.24,9.10,9.11,15461
23-Nov-11,9.15,9.15,9.15,9.15,0
22-Nov-11,9.40,9.42,9.23,9.37,28338
21-Nov-11,9.22,9.39,9.12,9.39,36962
18-Nov-11,9.39,9.58,9.29,9.42,34797
17-Nov-11,9.64,9.64,9.28,9.34,23616
16-Nov-11,9.80,9.86,9.50,9.58,45396
15-Nov-11,9.73,9.83,9.70,9.83,21023
14-Nov-11,9.89,9.90,9.69,9.70,36473
11-Nov-11,9.89,9.97,9.69,9.85,31767
10-Nov-11,9.84,9.84,9.66,9.76,20894
9-Nov-11,9.80,9.81,9.59,9.72,52015
8-Nov-11,10.04,10.05,9.80,9.87,31402
7-Nov-11,9.93,9.93,9.87,9.93,37965
4-Nov-11,9.92,9.94,9.77,9.85,23643
3-Nov-11,9.87,10.03,9.84,9.95,27634
2-Nov-11,9.79,9.91,9.72,9.85,12789
1-Nov-11,9.71,9.79,9.60,9.70,44287
31-Oct-11,10.05,10.05,9.90,10.00,52210
28-Oct-11,10.04,10.10,9.90,10.10,44857
27-Oct-11,9.75,10.07,9.75,10.03,64530
26-Oct-11,9.70,9.73,9.46,9.63,27720
25-Oct-11,9.67,9.74,9.51,9.53,32385
24-Oct-11,9.55,9.74,9.55,9.66,31839
21-Oct-11,9.51,9.65,9.51,9.57,12405
20-Oct-11,9.56,9.56,9.45,9.45,25891
19-Oct-11,9.52,9.63,9.52,9.53,22116
18-Oct-11,9.44,9.58,9.35,9.58,25094
17-Oct-11,9.62,9.65,9.40,9.49,31623
14-Oct-11,9.73,9.73,9.58,9.61,16039
13-Oct-11,9.18,9.61,9.11,9.59,61356
12-Oct-11,9.18,9.33,9.18,9.29,23275
11-Oct-11,9.03,9.12,8.92,9.12,23023
10-Oct-11,8.71,9.09,8.71,9.00,23210
7-Oct-11,8.73,8.76,8.60,8.65,36085
6-Oct-11,8.54,8.65,8.45,8.64,22907
5-Oct-11,8.47,8.50,8.27,8.49,63876
4-Oct-11,8.32,8.40,7.97,8.32,74465
3-Oct-11,8.87,8.99,8.52,8.52,54019
30-Sep-11,9.19,9.26,9.00,9.04,25645
