Date,Open,High,Low,Close,Volume
27-Sep-12,20.48,20.48,19.69,20.01,1478347
26-Sep-12,19.43,19.49,18.85,19.21,922621
25-Sep-12,19.84,20.02,19.43,19.52,709378
24-Sep-12,20.40,20.50,19.75,19.89,1090236
21-Sep-12,20.75,20.83,20.44,20.52,530364
20-Sep-12,20.80,20.86,20.48,20.69,845840
19-Sep-12,20.10,20.95,20.07,20.82,1733377
18-Sep-12,19.96,20.04,19.78,19.99,850007
17-Sep-12,19.86,19.98,19.61,19.96,706269
14-Sep-12,20.41,20.80,19.81,19.94,1606608
13-Sep-12,19.66,20.43,19.48,20.41,953663
12-Sep-12,19.82,19.98,19.28,19.70,1062458
11-Sep-12,19.98,20.12,19.72,19.85,687165
10-Sep-12,20.28,20.44,19.90,19.91,501317
7-Sep-12,19.83,20.36,19.83,20.29,922886
6-Sep-12,19.67,20.00,19.67,19.81,762099
5-Sep-12,20.12,20.20,19.58,19.58,1381104
4-Sep-12,20.20,20.25,20.00,20.19,1211910
31-Aug-12,20.64,20.64,20.17,20.21,804339
30-Aug-12,20.49,20.58,20.25,20.45,489994
29-Aug-12,20.85,20.91,20.28,20.65,871403
28-Aug-12,20.43,20.91,20.10,20.87,1606476
27-Aug-12,20.86,20.86,20.33,20.41,1004022
24-Aug-12,20.80,20.96,20.63,20.76,659711
23-Aug-12,21.11,21.30,20.71,20.82,1387208
22-Aug-12,21.43,21.52,20.91,21.08,832513
21-Aug-12,21.45,21.99,21.40,21.52,801437
20-Aug-12,21.67,21.72,21.10,21.36,763362
17-Aug-12,21.20,21.83,21.08,21.67,212787
16-Aug-12,21.21,21.36,21.00,21.07,177630
15-Aug-12,20.81,21.27,20.77,21.25,126721
14-Aug-12,20.86,21.06,20.60,20.88,261198
13-Aug-12,21.09,21.18,20.26,20.82,198165
10-Aug-12,21.35,21.64,21.00,21.08,185313
9-Aug-12,21.57,21.71,21.18,21.30,111248
8-Aug-12,21.67,22.01,21.61,21.67,161518
7-Aug-12,21.45,21.91,21.31,21.78,223213
6-Aug-12,22.09,22.12,21.11,21.27,304471
3-Aug-12,21.79,22.30,21.73,21.99,160346
2-Aug-12,22.00,22.32,21.33,21.49,1054555
1-Aug-12,22.08,22.26,21.68,22.02,907318
31-Jul-12,22.14,22.49,21.93,22.16,948278
30-Jul-12,22.65,22.93,22.02,22.28,1221477
27-Jul-12,22.20,22.93,22.02,22.76,1463331
26-Jul-12,23.92,23.95,22.05,22.46,3303970
25-Jul-12,23.22,23.77,22.89,23.54,1127806
24-Jul-12,23.47,23.92,22.80,23.05,1059923
23-Jul-12,23.71,24.01,22.55,23.39,1879566
20-Jul-12,23.88,24.65,23.06,24.02,2412778
19-Jul-12,24.79,24.96,24.35,24.42,1372398
18-Jul-12,25.34,25.43,24.47,24.70,1713811
17-Jul-12,24.29,25.99,24.29,25.34,3673191
16-Jul-12,22.84,24.50,22.70,24.12,2354539
13-Jul-12,22.67,23.01,22.47,22.80,1239911
12-Jul-12,22.76,22.90,22.33,22.58,1148667
11-Jul-12,23.13,23.36,22.69,22.90,441038
10-Jul-12,23.21,23.26,22.67,23.09,843107
9-Jul-12,23.27,23.55,22.93,23.05,928512
6-Jul-12,23.77,24.02,23.21,23.35,726447
5-Jul-12,24.38,24.73,23.80,24.01,764995
3-Jul-12,23.90,24.63,23.72,24.27,835080
2-Jul-12,24.39,25.12,23.62,23.89,1635972
29-Jun-12,24.24,24.32,23.91,24.03,975813
28-Jun-12,23.50,24.09,23.35,23.72,847720
27-Jun-12,23.65,23.93,23.32,23.72,1190263
26-Jun-12,22.84,23.51,22.84,23.34,909247
25-Jun-12,23.01,23.17,22.51,22.90,1120486
22-Jun-12,22.72,23.51,22.60,23.39,754351
21-Jun-12,23.46,23.79,22.56,22.56,1405006
20-Jun-12,23.42,23.80,23.05,23.44,794846
19-Jun-12,23.01,23.64,23.01,23.32,1116516
18-Jun-12,22.82,23.28,22.21,22.86,1188036
15-Jun-12,22.57,23.07,22.12,23.03,2058539
14-Jun-12,21.18,22.62,20.84,22.60,1884223
13-Jun-12,21.62,21.85,21.05,21.07,1502480
12-Jun-12,21.05,21.74,20.86,21.74,1499244
11-Jun-12,21.47,21.92,20.68,20.85,1639959
8-Jun-12,19.68,21.27,19.42,21.25,1754135
7-Jun-12,20.25,20.38,19.55,19.85,1299711
6-Jun-12,19.77,20.00,19.38,19.95,1248154
5-Jun-12,19.07,19.77,18.97,19.62,1644165
4-Jun-12,20.24,20.28,18.29,19.19,3428151
1-Jun-12,20.93,20.98,20.02,20.10,936462
31-May-12,21.47,21.48,20.71,21.24,874255
30-May-12,22.05,22.05,21.33,21.52,590259
29-May-12,21.76,22.06,21.35,21.97,1104346
25-May-12,21.48,21.58,21.02,21.45,572694
24-May-12,21.55,22.00,21.36,21.47,587153
23-May-12,21.82,21.95,21.37,21.69,1077676
22-May-12,21.49,22.33,21.30,22.06,1207089
21-May-12,21.01,21.70,20.78,21.46,704007
18-May-12,21.04,21.32,20.71,20.94,1043665
17-May-12,21.92,22.01,20.93,21.04,1232141
16-May-12,22.42,22.50,21.45,21.78,1933867
15-May-12,22.86,23.06,22.26,22.33,1065236
14-May-12,23.18,23.22,22.60,22.90,1216137
11-May-12,23.73,23.92,23.26,23.45,1027488
10-May-12,24.71,24.71,23.70,23.82,1100348
9-May-12,24.30,24.66,23.91,24.46,1631235
8-May-12,24.54,25.14,24.36,24.67,1899664
7-May-12,24.07,24.81,23.88,24.70,1618347
4-May-12,24.36,24.59,23.73,23.91,1270957
3-May-12,24.95,25.00,24.17,24.51,701508
2-May-12,24.89,25.11,24.69,24.88,799530
1-May-12,24.01,25.34,23.94,25.03,1802939
30-Apr-12,24.32,24.65,23.84,23.97,1122868
27-Apr-12,24.65,24.72,22.90,24.44,2992912
26-Apr-12,24.41,24.70,23.86,24.65,1511513
25-Apr-12,23.68,24.41,23.56,24.38,1646569
24-Apr-12,22.71,23.59,22.40,23.57,2600064
23-Apr-12,22.91,23.05,22.44,22.83,1051960
20-Apr-12,23.05,23.35,22.71,23.12,1028758
19-Apr-12,22.81,23.28,22.63,22.87,652387
18-Apr-12,22.75,23.00,22.48,22.76,1436645
17-Apr-12,23.02,23.19,22.79,22.82,1380998
16-Apr-12,23.19,23.19,22.64,22.93,1144853
13-Apr-12,22.98,23.09,22.78,23.00,857218
12-Apr-12,22.27,23.20,22.22,23.04,1198519
11-Apr-12,22.48,22.60,22.15,22.20,910325
10-Apr-12,23.36,23.39,22.08,22.27,2290782
9-Apr-12,23.12,23.54,23.08,23.28,577138
5-Apr-12,23.74,24.10,23.44,23.58,1037101
4-Apr-12,24.45,24.54,23.46,23.80,1410205
3-Apr-12,24.98,25.01,24.31,24.66,1199595
2-Apr-12,24.47,25.11,24.38,24.72,1437228
30-Mar-12,25.09,25.19,24.37,24.44,874774
29-Mar-12,24.46,25.13,24.22,24.86,1103358
28-Mar-12,24.87,24.96,24.50,24.70,898131
27-Mar-12,25.12,25.39,24.75,24.90,1186729
26-Mar-12,26.18,26.24,24.96,25.14,1731723
23-Mar-12,25.92,25.94,25.12,25.78,1668078
22-Mar-12,26.07,26.07,25.62,25.83,703361
21-Mar-12,25.94,26.48,25.86,26.30,789941
20-Mar-12,26.20,26.30,25.42,25.93,800779
19-Mar-12,25.85,26.44,25.85,26.27,661317
16-Mar-12,26.07,26.13,25.50,25.86,776249
15-Mar-12,25.72,26.21,25.63,26.15,802670
14-Mar-12,25.89,26.05,25.25,25.70,749104
13-Mar-12,25.96,26.20,25.40,25.98,1021227
12-Mar-12,25.83,26.28,25.60,25.71,857288
9-Mar-12,25.85,26.10,25.76,25.92,449127
8-Mar-12,25.77,26.00,25.46,25.82,447564
7-Mar-12,25.11,25.92,24.96,25.54,754044
6-Mar-12,25.82,25.82,24.67,24.93,968604
5-Mar-12,26.35,26.47,25.53,26.23,1246126
2-Mar-12,25.77,26.68,25.70,26.43,1324046
1-Mar-12,25.68,26.04,25.06,25.82,2225120
29-Feb-12,25.53,26.36,25.42,25.52,1957351
28-Feb-12,24.52,25.56,24.42,25.47,1771150
27-Feb-12,25.02,25.29,24.61,24.70,1374127
24-Feb-12,25.20,25.75,24.85,25.15,1844020
23-Feb-12,24.01,25.24,22.50,25.06,3110863
22-Feb-12,24.94,25.00,23.83,23.96,1319838
21-Feb-12,24.76,25.94,24.60,24.93,2829457
17-Feb-12,23.74,24.11,23.61,23.75,817874
16-Feb-12,23.80,24.17,23.09,23.73,1006502
15-Feb-12,24.66,25.00,23.78,23.84,1487260
14-Feb-12,22.01,24.57,22.01,24.53,3846193
13-Feb-12,21.54,22.27,21.33,22.07,661115
10-Feb-12,21.30,21.49,21.02,21.22,429162
9-Feb-12,22.15,22.15,21.31,21.60,520225
8-Feb-12,22.58,23.05,21.63,21.89,974346
7-Feb-12,22.29,22.56,22.00,22.53,614590
6-Feb-12,22.09,22.46,22.07,22.19,537800
3-Feb-12,21.72,22.52,21.49,22.22,2040842
2-Feb-12,21.31,21.73,21.18,21.42,739260
1-Feb-12,20.95,21.41,20.75,21.23,1081502
31-Jan-12,20.95,21.04,20.29,20.71,736765
30-Jan-12,20.65,21.13,20.52,20.85,472425
27-Jan-12,20.63,21.05,20.52,20.85,621621
26-Jan-12,21.23,21.55,20.57,20.75,765224
25-Jan-12,21.20,21.36,20.59,21.15,858446
24-Jan-12,21.20,21.40,20.99,21.26,688169
23-Jan-12,21.49,21.75,20.90,21.34,1078186
20-Jan-12,21.86,22.17,21.37,21.44,1067651
19-Jan-12,20.93,21.86,20.42,21.84,1248125
18-Jan-12,20.89,21.04,20.53,20.85,540747
17-Jan-12,21.37,21.50,20.33,20.91,1155460
13-Jan-12,21.10,21.10,21.10,21.10,0
12-Jan-12,21.32,21.50,20.84,21.30,1448431
11-Jan-12,20.25,21.33,20.02,21.23,1295053
10-Jan-12,20.57,20.63,20.13,20.25,633302
9-Jan-12,19.11,20.56,19.06,20.23,1657785
6-Jan-12,19.11,19.19,18.97,19.03,376595
5-Jan-12,18.70,19.45,18.62,19.24,1052622
4-Jan-12,17.89,19.14,17.77,18.78,2643039
3-Jan-12,18.73,18.90,17.44,17.83,1948962
30-Dec-11,18.33,18.33,18.33,18.33,0
29-Dec-11,19.01,19.02,18.52,18.60,827415
28-Dec-11,19.16,19.45,18.75,18.95,1132006
27-Dec-11,19.02,19.61,19.00,19.22,682839
23-Dec-11,19.06,19.06,19.06,19.06,0
22-Dec-11,19.08,19.40,18.87,18.97,456937
21-Dec-11,19.60,19.61,18.57,19.04,1086042
20-Dec-11,20.06,20.39,19.67,19.67,949152
19-Dec-11,20.21,20.48,19.62,19.66,618748
16-Dec-11,19.35,20.38,19.17,20.17,1285219
15-Dec-11,19.56,19.68,18.94,18.98,836832
14-Dec-11,20.03,20.21,19.27,19.36,649246
13-Dec-11,20.81,20.94,20.00,20.20,498289
12-Dec-11,20.77,21.01,20.42,20.68,406538
9-Dec-11,20.38,21.39,20.34,21.20,627557
8-Dec-11,20.66,20.80,20.26,20.32,698738
7-Dec-11,21.02,21.10,20.28,20.86,981224
6-Dec-11,21.60,21.84,21.11,21.24,1097303
5-Dec-11,19.63,21.84,19.55,21.43,1991346
2-Dec-11,19.94,19.96,19.16,19.27,892100
1-Dec-11,19.35,19.91,19.24,19.69,530561
30-Nov-11,19.20,19.71,19.13,19.41,683705
29-Nov-11,18.98,19.00,18.72,18.80,316884
28-Nov-11,18.93,19.09,18.61,18.85,482023
25-Nov-11,17.53,18.42,17.44,18.19,333955
23-Nov-11,17.61,17.61,17.61,17.61,0
22-Nov-11,18.61,19.12,18.21,18.24,611986
21-Nov-11,18.89,18.95,18.17,18.74,654035
18-Nov-11,19.30,19.72,19.16,19.43,749449
17-Nov-11,19.21,19.61,18.98,19.10,617458
16-Nov-11,19.02,19.72,18.87,19.27,500928
15-Nov-11,18.62,19.35,18.54,19.24,355197
14-Nov-11,19.15,19.20,18.70,18.74,294026
11-Nov-11,18.90,19.45,18.72,19.10,425875
10-Nov-11,19.00,19.05,18.31,18.55,458961
9-Nov-11,18.87,19.18,18.50,18.62,574136
8-Nov-11,19.71,19.83,19.20,19.66,672423
7-Nov-11,19.19,19.90,19.11,19.51,575265
4-Nov-11,19.20,19.44,18.99,19.29,405151
3-Nov-11,19.38,19.58,18.86,19.43,893622
2-Nov-11,18.80,19.41,18.64,19.38,875860
1-Nov-11,18.02,18.72,17.77,18.38,1459054
31-Oct-11,19.89,20.10,18.94,19.23,1707946
28-Oct-11,19.45,20.50,19.45,20.36,1355615
27-Oct-11,17.37,19.74,16.87,19.31,3074451
26-Oct-11,17.55,17.61,16.62,17.42,1032388
25-Oct-11,17.18,17.54,16.80,17.34,713902
24-Oct-11,16.85,17.55,16.85,17.40,817057
21-Oct-11,16.29,16.83,16.00,16.80,888527
20-Oct-11,15.58,16.30,15.33,16.01,794508
19-Oct-11,16.04,16.37,15.60,15.70,848081
18-Oct-11,16.65,16.74,15.90,16.06,1168289
17-Oct-11,17.40,17.45,16.47,16.64,510383
14-Oct-11,17.77,17.80,16.95,17.38,594244
13-Oct-11,17.01,17.46,16.77,17.40,547973
12-Oct-11,17.36,18.18,17.03,17.32,1270584
11-Oct-11,16.69,17.26,16.40,17.07,902045
10-Oct-11,16.40,17.30,16.06,16.88,1008901
7-Oct-11,16.61,16.89,15.67,15.90,1611172
6-Oct-11,15.86,16.44,15.24,16.34,2188324
5-Oct-11,14.71,16.21,14.71,15.96,2063170
4-Oct-11,13.28,14.46,12.57,14.41,2006497
3-Oct-11,14.35,14.45,13.55,13.57,1860369
30-Sep-11,14.91,15.08,14.42,14.48,1642246
