Date,Open,High,Low,Close,Volume
27-Sep-12,16.99,17.10,16.95,17.10,13357
26-Sep-12,16.73,16.99,16.73,16.95,21653
25-Sep-12,16.86,16.86,16.65,16.65,28444
24-Sep-12,16.57,16.60,16.50,16.59,14996
21-Sep-12,16.50,16.58,16.46,16.51,25422
20-Sep-12,16.48,16.70,16.42,16.51,23915
19-Sep-12,16.82,17.02,16.43,16.49,30686
18-Sep-12,16.70,16.81,16.70,16.76,16229
17-Sep-12,16.70,16.72,16.58,16.66,18005
14-Sep-12,16.60,17.00,16.58,16.68,36681
13-Sep-12,16.22,16.54,16.22,16.46,34455
12-Sep-12,16.47,16.47,16.25,16.30,43748
11-Sep-12,16.44,16.45,16.25,16.43,29218
10-Sep-12,16.35,16.43,16.20,16.38,25192
7-Sep-12,16.47,16.47,16.24,16.47,14803
6-Sep-12,16.45,16.48,16.26,16.47,23385
5-Sep-12,16.41,16.47,16.31,16.47,37891
4-Sep-12,16.50,16.50,16.39,16.50,24828
31-Aug-12,16.41,16.50,16.26,16.50,19941
30-Aug-12,16.34,16.50,16.20,16.50,22553
29-Aug-12,16.25,16.54,16.21,16.45,29429
28-Aug-12,16.00,16.26,15.96,16.25,31174
27-Aug-12,16.06,16.10,15.98,16.04,14279
24-Aug-12,16.05,16.11,16.02,16.10,13367
23-Aug-12,16.07,16.07,15.82,16.00,53419
22-Aug-12,16.18,16.18,16.00,16.02,30530
21-Aug-12,16.33,16.33,16.12,16.12,22402
20-Aug-12,16.35,16.43,16.16,16.20,15699
17-Aug-12,16.43,16.43,16.37,16.40,4501
16-Aug-12,16.50,16.50,16.34,16.37,8011
15-Aug-12,16.53,16.53,16.30,16.39,7159
14-Aug-12,16.59,16.72,16.39,16.44,8007
13-Aug-12,16.35,16.52,16.35,16.52,4211
10-Aug-12,16.28,16.40,16.11,16.40,5178
9-Aug-12,16.10,16.45,16.10,16.39,4287
8-Aug-12,16.12,16.45,16.05,16.05,5856
7-Aug-12,16.38,16.47,16.21,16.21,5047
6-Aug-12,16.47,16.47,16.35,16.40,5242
3-Aug-12,16.46,16.79,16.45,16.55,14071
2-Aug-12,16.52,16.54,16.34,16.41,15870
1-Aug-12,16.51,16.80,16.50,16.65,15578
31-Jul-12,16.60,16.80,16.49,16.54,27450
30-Jul-12,16.38,16.77,16.38,16.72,18537
27-Jul-12,16.30,16.58,16.30,16.50,12641
26-Jul-12,16.39,16.48,16.25,16.39,23636
25-Jul-12,16.73,16.88,16.05,16.34,40608
24-Jul-12,16.60,16.86,16.59,16.60,21230
23-Jul-12,16.47,16.59,16.47,16.56,14861
20-Jul-12,16.74,16.75,16.36,16.44,20119
19-Jul-12,16.82,16.82,16.42,16.50,38373
18-Jul-12,16.60,16.97,16.51,16.67,31280
17-Jul-12,16.62,16.91,16.43,16.50,24416
16-Jul-12,16.38,16.67,16.38,16.55,32291
13-Jul-12,16.26,16.32,16.22,16.32,20245
12-Jul-12,16.16,16.25,16.14,16.25,27358
11-Jul-12,16.00,16.20,16.00,16.18,29011
10-Jul-12,15.83,15.99,15.77,15.99,17307
9-Jul-12,15.74,15.79,15.72,15.78,14460
6-Jul-12,15.76,15.76,15.70,15.72,11130
5-Jul-12,15.75,15.79,15.61,15.76,23743
3-Jul-12,15.60,15.70,15.60,15.69,14563
2-Jul-12,15.57,15.57,15.42,15.44,28404
29-Jun-12,16.00,16.00,15.41,15.50,39252
28-Jun-12,15.85,15.85,15.52,15.60,43747
27-Jun-12,16.14,16.14,15.68,15.71,35214
26-Jun-12,16.09,16.11,15.90,15.97,41028
25-Jun-12,16.00,16.02,15.88,15.98,39217
22-Jun-12,15.79,16.00,15.75,16.00,18764
21-Jun-12,15.63,15.78,15.63,15.78,24325
20-Jun-12,15.53,15.63,15.53,15.63,19634
19-Jun-12,15.44,15.56,15.44,15.53,11696
18-Jun-12,15.41,15.48,15.34,15.48,21099
15-Jun-12,15.24,15.49,15.21,15.47,31625
14-Jun-12,15.21,15.28,15.17,15.23,9964
13-Jun-12,15.01,15.14,14.97,15.11,18372
12-Jun-12,15.08,15.16,14.99,15.07,33087
11-Jun-12,15.39,15.39,15.08,15.14,30098
8-Jun-12,15.22,15.29,15.02,15.28,18150
7-Jun-12,15.16,15.25,15.08,15.25,22788
6-Jun-12,15.43,15.45,15.28,15.45,17865
5-Jun-12,15.64,15.66,15.30,15.47,28077
4-Jun-12,15.75,15.75,15.51,15.61,20749
1-Jun-12,15.61,15.81,15.53,15.80,17211
31-May-12,15.65,15.84,15.56,15.84,13308
30-May-12,15.55,15.65,15.53,15.65,22571
29-May-12,15.79,15.79,15.55,15.57,15809
25-May-12,15.67,15.90,15.56,15.64,17115
24-May-12,15.94,16.06,15.59,15.75,25768
23-May-12,15.62,16.10,15.62,16.02,26827
22-May-12,15.99,16.11,15.65,15.73,28041
21-May-12,16.10,16.11,15.95,15.97,11015
18-May-12,16.20,16.20,15.93,16.01,22845
17-May-12,16.00,16.04,15.96,16.01,17078
16-May-12,15.88,15.99,15.86,15.99,11321
15-May-12,15.70,15.88,15.70,15.88,14267
14-May-12,15.68,15.82,15.66,15.78,15478
11-May-12,15.80,15.87,15.75,15.87,23157
10-May-12,15.78,15.83,15.77,15.80,12561
9-May-12,15.69,15.77,15.65,15.77,10208
8-May-12,15.82,15.82,15.55,15.66,17743
7-May-12,16.33,16.33,15.87,15.88,31185
4-May-12,16.12,16.47,16.02,16.46,26445
3-May-12,16.25,16.28,16.14,16.25,14168
2-May-12,16.21,16.21,15.97,16.21,17091
1-May-12,16.18,16.35,16.02,16.14,50981
30-Apr-12,15.71,16.08,15.67,16.04,31665
27-Apr-12,15.64,15.71,15.64,15.71,14735
26-Apr-12,15.64,15.70,15.60,15.70,20539
25-Apr-12,15.57,15.63,15.56,15.63,21331
24-Apr-12,15.55,15.60,15.52,15.60,21649
23-Apr-12,15.55,15.58,15.51,15.57,18933
20-Apr-12,15.51,15.59,15.50,15.56,21868
19-Apr-12,15.43,15.51,15.43,15.51,20163
18-Apr-12,15.51,15.51,15.40,15.45,20496
17-Apr-12,15.50,15.50,15.44,15.50,13343
16-Apr-12,15.42,15.50,15.41,15.50,27891
13-Apr-12,15.38,15.43,15.35,15.43,17647
12-Apr-12,15.34,15.42,15.27,15.34,19780
11-Apr-12,15.28,15.40,15.28,15.39,19507
10-Apr-12,15.15,15.33,15.11,15.33,22663
9-Apr-12,15.27,15.27,15.15,15.20,10494
5-Apr-12,15.20,15.36,15.20,15.30,21561
4-Apr-12,15.17,15.29,15.17,15.29,35002
3-Apr-12,15.36,15.50,15.31,15.36,12984
2-Apr-12,15.34,15.48,15.34,15.42,28196
30-Mar-12,15.27,15.44,15.15,15.25,27538
29-Mar-12,15.06,15.18,14.99,15.17,27382
28-Mar-12,15.05,15.23,15.00,15.23,25725
27-Mar-12,14.92,15.11,14.92,15.01,50995
26-Mar-12,15.11,15.14,14.97,14.98,24567
23-Mar-12,15.10,15.11,14.91,14.95,49087
22-Mar-12,15.00,15.12,14.96,15.01,23442
21-Mar-12,14.91,15.05,14.86,14.92,31633
20-Mar-12,14.99,15.02,14.82,14.83,86194
19-Mar-12,15.10,15.10,14.94,15.03,19142
16-Mar-12,15.27,15.38,15.08,15.13,11151
15-Mar-12,15.34,15.47,15.29,15.30,16306
14-Mar-12,15.38,15.40,15.21,15.34,12890
13-Mar-12,15.20,15.39,15.20,15.35,42001
12-Mar-12,15.14,15.33,15.10,15.20,41885
9-Mar-12,15.44,15.44,15.20,15.20,20232
8-Mar-12,15.32,15.50,15.32,15.41,27340
7-Mar-12,15.43,15.64,15.43,15.55,60890
6-Mar-12,15.65,15.68,15.37,15.38,42406
5-Mar-12,15.41,15.70,15.41,15.67,27678
2-Mar-12,15.65,15.70,15.47,15.47,25172
1-Mar-12,15.56,15.75,15.50,15.75,33276
29-Feb-12,15.45,15.61,15.45,15.46,16376
28-Feb-12,15.54,15.56,15.42,15.43,24631
27-Feb-12,15.57,15.72,15.54,15.56,15344
24-Feb-12,15.57,15.72,15.57,15.65,23047
23-Feb-12,15.55,15.72,15.51,15.60,19929
22-Feb-12,15.60,15.65,15.45,15.49,17762
21-Feb-12,15.61,15.67,15.47,15.52,17883
17-Feb-12,15.50,15.65,15.43,15.50,14646
16-Feb-12,15.55,15.71,15.50,15.57,14906
15-Feb-12,15.63,15.85,15.53,15.57,16812
14-Feb-12,15.65,15.83,15.57,15.64,21539
13-Feb-12,15.51,15.79,15.51,15.67,28232
10-Feb-12,15.50,15.51,15.39,15.43,17977
9-Feb-12,15.48,15.52,15.45,15.51,9243
8-Feb-12,15.38,15.45,15.34,15.45,9506
7-Feb-12,15.44,15.44,15.24,15.31,25873
6-Feb-12,15.16,15.42,15.16,15.35,17378
3-Feb-12,15.12,15.28,15.11,15.23,12050
2-Feb-12,15.06,15.18,15.05,15.13,29619
1-Feb-12,14.94,15.12,14.91,15.09,24812
31-Jan-12,14.93,14.93,14.85,14.90,18653
30-Jan-12,14.92,14.96,14.84,14.88,21772
27-Jan-12,14.95,15.09,14.94,15.00,19550
26-Jan-12,14.96,15.17,14.96,14.99,62273
25-Jan-12,14.85,15.00,14.82,15.00,27792
24-Jan-12,14.78,14.92,14.78,14.85,19395
23-Jan-12,14.89,14.89,14.77,14.78,21645
20-Jan-12,14.81,14.95,14.80,14.82,31281
19-Jan-12,14.77,14.84,14.77,14.82,17492
18-Jan-12,14.79,14.82,14.75,14.80,11782
17-Jan-12,14.87,14.87,14.71,14.77,18190
13-Jan-12,14.76,14.76,14.76,14.76,0
12-Jan-12,14.79,14.79,14.75,14.75,13988
11-Jan-12,14.79,14.79,14.71,14.78,4928
10-Jan-12,14.79,14.82,14.73,14.79,18200
9-Jan-12,14.81,14.82,14.75,14.77,6051
6-Jan-12,14.75,14.81,14.71,14.78,10469
5-Jan-12,14.81,14.81,14.70,14.76,10924
4-Jan-12,14.73,14.75,14.59,14.70,9094
3-Jan-12,14.61,14.69,14.58,14.67,14290
30-Dec-11,14.60,14.60,14.60,14.60,0
29-Dec-11,14.53,14.57,14.50,14.55,16792
28-Dec-11,14.62,14.65,14.57,14.57,9748
27-Dec-11,14.72,14.72,14.62,14.65,17296
23-Dec-11,14.70,14.70,14.70,14.70,0
22-Dec-11,14.61,14.65,14.57,14.59,20817
21-Dec-11,14.66,14.75,14.55,14.60,19346
20-Dec-11,14.67,14.84,14.60,14.70,17389
19-Dec-11,14.70,14.81,14.61,14.61,14285
16-Dec-11,14.58,14.92,14.58,14.75,20300
15-Dec-11,14.61,14.79,14.55,14.63,11489
14-Dec-11,14.63,15.10,14.54,14.55,7668
13-Dec-11,14.54,14.72,14.54,14.60,18233
12-Dec-11,14.56,14.69,14.52,14.56,5182
9-Dec-11,14.65,14.80,14.61,14.68,14155
8-Dec-11,14.55,14.68,14.50,14.63,20304
7-Dec-11,14.83,14.90,14.83,14.88,9778
6-Dec-11,14.85,14.95,14.82,14.95,9215
5-Dec-11,14.75,14.92,14.64,14.92,40476
2-Dec-11,14.66,14.81,14.66,14.78,5960
1-Dec-11,14.71,14.76,14.57,14.64,10092
30-Nov-11,14.62,14.80,14.48,14.80,24122
29-Nov-11,14.57,14.61,14.51,14.55,22102
28-Nov-11,14.59,14.65,14.44,14.65,21342
25-Nov-11,14.56,14.59,14.52,14.52,8001
23-Nov-11,14.62,14.62,14.62,14.62,0
22-Nov-11,14.73,14.75,14.52,14.68,12594
21-Nov-11,14.70,14.70,14.58,14.67,14420
18-Nov-11,14.78,14.78,14.64,14.70,6038
17-Nov-11,14.75,14.79,14.67,14.71,9968
16-Nov-11,14.84,14.85,14.75,14.75,12505
15-Nov-11,14.83,14.83,14.71,14.79,13179
14-Nov-11,14.85,14.85,14.68,14.83,10771
11-Nov-11,14.88,14.88,14.76,14.85,8920
10-Nov-11,14.80,14.80,14.63,14.77,16622
9-Nov-11,14.82,14.82,14.63,14.63,16272
8-Nov-11,14.94,14.94,14.79,14.83,10458
7-Nov-11,14.90,14.90,14.68,14.85,23169
4-Nov-11,14.80,14.85,14.74,14.84,8717
3-Nov-11,14.81,14.83,14.79,14.80,3974
2-Nov-11,14.76,14.86,14.76,14.82,7115
1-Nov-11,14.47,14.82,14.42,14.80,14290
31-Oct-11,14.82,14.82,14.78,14.81,12090
28-Oct-11,14.68,14.75,14.65,14.74,14389
27-Oct-11,14.77,14.81,14.67,14.76,19858
26-Oct-11,14.63,14.64,14.54,14.63,7296
25-Oct-11,14.64,14.64,14.55,14.60,10371
24-Oct-11,14.63,14.65,14.59,14.64,8272
21-Oct-11,14.71,14.71,14.42,14.58,15169
20-Oct-11,14.54,14.63,14.49,14.55,10664
19-Oct-11,14.54,14.58,14.49,14.54,17665
18-Oct-11,14.59,14.62,14.51,14.59,14029
17-Oct-11,14.70,14.75,14.60,14.62,17496
14-Oct-11,14.79,14.79,14.69,14.70,13557
13-Oct-11,14.62,14.68,14.55,14.61,14331
12-Oct-11,14.64,14.64,14.56,14.62,15551
11-Oct-11,14.60,14.60,14.55,14.60,6629
10-Oct-11,14.64,14.69,14.56,14.65,11092
7-Oct-11,14.77,14.77,14.56,14.60,7115
6-Oct-11,14.83,14.83,14.60,14.80,11177
5-Oct-11,14.63,14.79,14.55,14.72,16357
4-Oct-11,14.98,14.98,14.55,14.63,13923
3-Oct-11,15.12,15.18,15.03,15.05,20769
30-Sep-11,15.15,15.18,14.75,15.12,82386
