Date,Open,High,Low,Close,Volume
27-Sep-12,7.75,7.97,7.73,7.94,593540
26-Sep-12,7.77,7.78,7.61,7.76,550957
25-Sep-12,7.87,7.94,7.73,7.76,451262
24-Sep-12,7.90,7.95,7.82,7.86,394363
21-Sep-12,8.03,8.09,7.92,7.94,794505
20-Sep-12,7.87,7.97,7.81,7.96,311531
19-Sep-12,7.89,7.99,7.88,7.93,362036
18-Sep-12,7.83,7.95,7.79,7.88,425291
17-Sep-12,8.01,8.01,7.83,7.86,604787
14-Sep-12,8.08,8.20,8.02,8.04,625140
13-Sep-12,7.80,8.22,7.80,8.05,1932981
12-Sep-12,7.53,7.80,7.46,7.80,1100270
11-Sep-12,7.47,7.66,7.45,7.52,458175
10-Sep-12,7.44,7.52,7.42,7.47,397797
7-Sep-12,7.51,7.51,7.38,7.47,968228
6-Sep-12,7.51,7.58,7.38,7.46,1597016
5-Sep-12,7.56,7.67,7.38,7.48,1196225
4-Sep-12,7.39,7.58,7.35,7.55,714607
31-Aug-12,7.43,7.49,7.32,7.38,521448
30-Aug-12,7.63,7.67,7.26,7.35,999066
29-Aug-12,7.64,7.74,7.60,7.69,557031
28-Aug-12,7.64,7.75,7.60,7.63,664981
27-Aug-12,7.52,7.75,7.50,7.66,1390732
24-Aug-12,7.33,7.64,7.25,7.49,1835440
23-Aug-12,7.03,7.49,7.02,7.31,2644906
22-Aug-12,6.82,6.99,6.82,6.95,1529547
21-Aug-12,6.79,6.88,6.78,6.82,757853
20-Aug-12,6.93,6.97,6.66,6.74,758783
17-Aug-12,6.68,6.94,6.68,6.80,342343
16-Aug-12,6.47,6.56,6.43,6.55,88402
15-Aug-12,6.42,6.49,6.42,6.48,70871
14-Aug-12,6.35,6.43,6.29,6.42,147510
13-Aug-12,6.32,6.35,6.26,6.33,59256
10-Aug-12,6.31,6.34,6.27,6.32,61509
9-Aug-12,6.30,6.34,6.27,6.31,89774
8-Aug-12,6.25,6.33,6.18,6.29,91950
7-Aug-12,6.25,6.34,6.22,6.31,180043
6-Aug-12,6.17,6.24,6.14,6.21,73222
3-Aug-12,6.10,6.18,6.04,6.14,130012
2-Aug-12,5.97,6.13,5.96,6.00,674976
1-Aug-12,6.17,6.17,5.99,6.00,780299
31-Jul-12,6.18,6.25,6.10,6.10,352159
30-Jul-12,6.37,6.41,6.22,6.22,296849
27-Jul-12,6.34,6.42,6.25,6.37,401356
26-Jul-12,6.23,6.35,6.11,6.32,565709
25-Jul-12,6.14,6.24,6.06,6.09,648342
24-Jul-12,6.13,6.20,6.09,6.11,343322
23-Jul-12,6.20,6.26,6.11,6.12,512154
20-Jul-12,6.52,6.62,6.24,6.31,473870
19-Jul-12,6.62,6.71,6.53,6.58,323796
18-Jul-12,6.69,6.76,6.57,6.59,338701
17-Jul-12,6.56,6.76,6.52,6.71,718492
16-Jul-12,6.39,6.67,6.38,6.52,1228317
13-Jul-12,6.13,6.29,6.13,6.27,307954
12-Jul-12,6.08,6.14,6.00,6.10,417567
11-Jul-12,6.17,6.26,6.08,6.10,409885
10-Jul-12,6.27,6.34,6.12,6.18,365904
9-Jul-12,6.28,6.31,6.20,6.21,384453
6-Jul-12,6.34,6.41,6.25,6.26,360074
5-Jul-12,6.47,6.60,6.41,6.42,494817
3-Jul-12,6.40,6.51,6.36,6.48,213268
2-Jul-12,6.41,6.49,6.37,6.41,387430
29-Jun-12,6.30,6.40,6.18,6.39,699775
28-Jun-12,6.18,6.27,6.05,6.14,583813
27-Jun-12,6.36,6.40,6.22,6.25,503450
26-Jun-12,6.26,6.38,6.25,6.34,469964
25-Jun-12,6.05,6.26,6.05,6.24,506272
22-Jun-12,6.11,6.20,6.08,6.11,2378255
21-Jun-12,6.29,6.30,6.02,6.04,708996
20-Jun-12,6.34,6.40,6.22,6.28,518716
19-Jun-12,6.20,6.35,6.20,6.30,667539
18-Jun-12,6.06,6.19,6.01,6.17,572412
15-Jun-12,6.11,6.19,6.02,6.09,802493
14-Jun-12,6.03,6.11,6.00,6.09,569649
13-Jun-12,6.14,6.27,5.95,6.01,637107
12-Jun-12,6.07,6.20,6.05,6.16,709918
11-Jun-12,6.40,6.47,6.05,6.05,555046
8-Jun-12,6.19,6.39,6.14,6.33,428703
7-Jun-12,6.49,6.54,6.23,6.23,600740
6-Jun-12,6.22,6.47,6.22,6.38,867214
5-Jun-12,5.92,6.08,5.92,6.07,503945
4-Jun-12,6.01,6.05,5.86,5.96,816152
1-Jun-12,6.13,6.16,5.96,6.00,880458
31-May-12,6.33,6.40,6.08,6.29,984366
30-May-12,6.50,6.54,6.34,6.34,579959
29-May-12,6.58,6.62,6.50,6.58,616141
25-May-12,6.39,6.53,6.38,6.48,775782
24-May-12,6.45,6.49,6.28,6.37,530923
23-May-12,6.25,6.46,6.25,6.43,895918
22-May-12,6.64,6.71,6.26,6.30,1155823
21-May-12,6.23,6.80,6.10,6.62,2865919
18-May-12,5.93,6.15,5.93,6.01,908843
17-May-12,6.33,6.38,5.90,5.90,1124157
16-May-12,6.43,6.48,6.28,6.33,609829
15-May-12,6.41,6.52,6.38,6.41,571366
14-May-12,6.51,6.51,6.35,6.40,889102
11-May-12,6.62,6.84,6.53,6.55,778365
10-May-12,6.74,6.82,6.60,6.71,1212833
9-May-12,6.47,6.70,6.39,6.67,3509000
8-May-12,6.30,6.51,6.29,6.35,4876933
7-May-12,6.99,7.10,6.93,6.99,511607
4-May-12,7.04,7.13,6.96,7.00,495787
3-May-12,7.23,7.25,7.04,7.06,543855
2-May-12,7.33,7.35,7.18,7.22,425933
1-May-12,7.32,7.54,7.32,7.36,371619
30-Apr-12,7.44,7.44,7.32,7.33,293994
27-Apr-12,7.46,7.50,7.28,7.44,347574
26-Apr-12,7.31,7.44,7.30,7.42,391059
25-Apr-12,7.27,7.36,7.25,7.31,428340
24-Apr-12,7.18,7.25,7.06,7.15,537154
23-Apr-12,7.27,7.30,7.14,7.18,528401
20-Apr-12,7.32,7.42,7.28,7.40,691768
19-Apr-12,7.26,7.39,7.23,7.27,743313
18-Apr-12,7.25,7.30,7.19,7.26,490248
17-Apr-12,7.20,7.30,7.13,7.29,848602
16-Apr-12,6.99,7.22,6.91,7.13,844387
13-Apr-12,6.83,7.06,6.82,6.97,543855
12-Apr-12,6.77,6.91,6.74,6.88,647808
11-Apr-12,6.93,6.99,6.69,6.74,921882
10-Apr-12,7.01,7.05,6.83,6.84,804263
9-Apr-12,7.14,7.26,7.02,7.02,658517
5-Apr-12,7.25,7.37,7.25,7.31,302682
4-Apr-12,7.29,7.36,7.25,7.27,435156
3-Apr-12,7.38,7.49,7.33,7.40,342444
2-Apr-12,7.27,7.42,7.25,7.41,497386
30-Mar-12,7.51,7.57,7.24,7.30,824358
29-Mar-12,7.42,7.46,7.31,7.39,563214
28-Mar-12,7.45,7.61,7.37,7.46,1014092
27-Mar-12,7.44,7.45,7.30,7.31,548136
26-Mar-12,7.25,7.46,7.25,7.44,1090547
23-Mar-12,7.19,7.21,6.95,7.18,1108769
22-Mar-12,7.65,7.65,7.05,7.16,2407032
21-Mar-12,8.45,8.55,7.60,7.76,3080293
20-Mar-12,8.38,8.55,8.12,8.49,1068376
19-Mar-12,8.17,8.40,8.14,8.36,410470
16-Mar-12,8.24,8.31,8.13,8.19,423866
15-Mar-12,8.26,8.32,8.13,8.23,365924
14-Mar-12,8.39,8.55,8.21,8.28,416924
13-Mar-12,8.24,8.40,8.17,8.39,429961
12-Mar-12,8.23,8.33,8.12,8.13,273279
9-Mar-12,8.10,8.33,8.06,8.21,411395
8-Mar-12,8.03,8.10,7.92,8.08,461675
7-Mar-12,7.95,8.01,7.87,8.00,351934
6-Mar-12,7.99,8.11,7.84,7.91,404714
5-Mar-12,8.08,8.21,8.01,8.13,242031
2-Mar-12,8.25,8.39,8.06,8.13,364993
1-Mar-12,8.23,8.50,8.23,8.26,375718
29-Feb-12,8.24,8.51,8.12,8.18,501351
28-Feb-12,8.00,8.23,7.98,8.21,539444
27-Feb-12,8.31,8.31,7.99,7.99,760738
24-Feb-12,8.65,8.66,8.37,8.40,338379
23-Feb-12,8.51,8.73,8.48,8.64,530125
22-Feb-12,8.58,8.64,8.42,8.49,678054
21-Feb-12,8.66,8.73,8.52,8.61,568547
17-Feb-12,8.63,8.77,8.43,8.67,780556
16-Feb-12,8.34,8.65,8.33,8.58,1114771
15-Feb-12,8.37,8.47,8.16,8.35,899594
14-Feb-12,8.33,8.35,8.11,8.33,578244
13-Feb-12,8.11,8.46,8.05,8.41,691584
10-Feb-12,8.07,8.14,7.98,8.00,520568
9-Feb-12,8.03,8.24,7.96,8.21,773642
8-Feb-12,8.13,8.17,7.85,8.03,442341
7-Feb-12,7.94,8.18,7.90,8.10,671462
6-Feb-12,7.84,7.95,7.81,7.94,325962
3-Feb-12,7.86,7.94,7.81,7.87,625740
2-Feb-12,7.69,7.92,7.47,7.68,996803
1-Feb-12,7.38,7.71,7.31,7.66,609473
31-Jan-12,7.55,7.59,7.21,7.33,546087
30-Jan-12,7.58,7.75,7.36,7.49,720616
27-Jan-12,7.15,7.65,7.12,7.65,902876
26-Jan-12,7.08,7.20,7.00,7.18,451441
25-Jan-12,6.95,7.09,6.89,7.03,200926
24-Jan-12,6.87,6.99,6.80,6.95,277591
23-Jan-12,7.00,7.04,6.86,6.91,295357
20-Jan-12,7.02,7.05,6.95,7.03,209308
19-Jan-12,7.10,7.16,6.95,7.01,194971
18-Jan-12,6.95,7.07,6.83,7.07,279001
17-Jan-12,7.17,7.23,6.93,6.96,506048
13-Jan-12,7.16,7.16,7.16,7.16,0
12-Jan-12,7.30,7.35,7.21,7.35,288440
11-Jan-12,7.12,7.35,7.12,7.30,399439
10-Jan-12,7.37,7.37,7.15,7.19,734065
9-Jan-12,7.17,7.36,7.07,7.31,749086
6-Jan-12,6.77,7.21,6.62,7.12,1303674
5-Jan-12,6.32,6.48,6.27,6.42,339138
4-Jan-12,6.47,6.51,6.31,6.36,475538
3-Jan-12,6.72,6.85,6.50,6.52,450495
30-Dec-11,6.54,6.54,6.54,6.54,0
29-Dec-11,6.39,6.52,6.39,6.50,396182
28-Dec-11,6.58,6.64,6.38,6.38,331327
27-Dec-11,6.60,6.67,6.43,6.62,297413
23-Dec-11,6.63,6.63,6.63,6.63,0
22-Dec-11,6.65,6.83,6.54,6.57,398505
21-Dec-11,6.39,6.62,6.36,6.60,403425
20-Dec-11,6.39,6.48,6.36,6.44,519764
19-Dec-11,6.43,6.50,6.20,6.20,486785
16-Dec-11,6.39,6.51,6.30,6.34,462314
15-Dec-11,6.39,6.44,6.25,6.32,568033
14-Dec-11,6.47,6.49,6.25,6.25,642822
13-Dec-11,6.74,6.80,6.46,6.48,495811
12-Dec-11,6.68,6.72,6.61,6.70,340630
9-Dec-11,6.71,6.85,6.69,6.78,530798
8-Dec-11,6.89,6.90,6.68,6.70,408346
7-Dec-11,6.81,6.96,6.71,6.93,403968
6-Dec-11,7.09,7.09,6.81,6.86,659721
5-Dec-11,7.28,7.28,7.00,7.11,571460
2-Dec-11,7.27,7.31,7.10,7.16,556674
1-Dec-11,7.00,7.40,6.94,7.14,1217117
30-Nov-11,7.20,7.55,7.11,7.52,1367600
29-Nov-11,6.83,7.08,6.77,6.87,777463
28-Nov-11,6.50,6.83,6.46,6.81,724905
25-Nov-11,6.35,6.46,6.24,6.32,275376
23-Nov-11,6.39,6.39,6.39,6.39,0
22-Nov-11,6.66,6.86,6.62,6.69,408979
21-Nov-11,6.87,6.87,6.53,6.69,714881
18-Nov-11,7.07,7.18,6.97,7.00,557234
17-Nov-11,7.25,7.36,7.01,7.06,443996
16-Nov-11,7.39,7.50,7.24,7.25,564089
15-Nov-11,7.34,7.55,7.26,7.50,408744
14-Nov-11,7.56,7.63,7.34,7.40,394629
11-Nov-11,7.44,7.65,7.41,7.60,473756
10-Nov-11,7.38,7.50,7.26,7.34,634871
9-Nov-11,7.41,7.49,7.23,7.26,565718
8-Nov-11,7.50,7.65,7.36,7.63,419988
7-Nov-11,7.54,7.65,7.30,7.47,550738
4-Nov-11,7.54,7.84,7.53,7.58,952418
3-Nov-11,6.91,7.60,6.82,7.59,1306686
2-Nov-11,6.80,6.92,6.68,6.86,458853
1-Nov-11,6.74,7.01,6.66,6.68,921576
31-Oct-11,7.20,7.21,7.00,7.06,530092
28-Oct-11,7.38,7.49,7.25,7.33,541474
27-Oct-11,7.19,7.43,7.08,7.40,890216
26-Oct-11,6.88,7.06,6.69,6.99,422036
25-Oct-11,7.05,7.14,6.79,6.79,379120
24-Oct-11,6.87,7.11,6.82,7.10,368943
21-Oct-11,6.78,6.85,6.68,6.80,453668
20-Oct-11,6.62,6.75,6.53,6.66,459852
19-Oct-11,6.87,6.98,6.59,6.62,427290
18-Oct-11,6.66,6.93,6.43,6.87,650279
17-Oct-11,7.10,7.13,6.62,6.65,874006
14-Oct-11,7.10,7.19,6.92,7.16,381828
13-Oct-11,7.05,7.12,6.98,7.03,418067
12-Oct-11,7.00,7.19,6.94,7.10,736872
11-Oct-11,6.77,7.00,6.69,6.93,791062
10-Oct-11,6.67,6.95,6.62,6.83,566503
7-Oct-11,6.69,6.85,6.50,6.54,787199
6-Oct-11,6.59,6.71,6.49,6.70,694851
5-Oct-11,6.55,6.84,6.45,6.62,896097
4-Oct-11,6.09,6.61,5.78,6.57,1326563
3-Oct-11,6.75,6.79,6.19,6.21,1463589
30-Sep-11,7.10,7.30,6.80,6.82,1239441
