Date,Open,High,Low,Close,Volume
27-Sep-12,27.76,28.00,27.63,27.89,405956
26-Sep-12,28.15,28.25,27.42,27.70,856212
25-Sep-12,28.90,29.10,28.19,28.20,486644
24-Sep-12,29.46,29.54,28.73,28.79,405613
21-Sep-12,28.75,29.96,28.64,29.60,1108077
20-Sep-12,29.02,29.08,28.46,28.50,472347
19-Sep-12,28.93,29.45,28.87,29.13,724219
18-Sep-12,28.71,28.99,28.63,28.79,730193
17-Sep-12,28.86,29.00,28.69,28.84,571308
14-Sep-12,29.10,29.20,28.88,28.98,481373
13-Sep-12,28.93,29.05,28.44,28.93,458737
12-Sep-12,28.96,29.34,28.90,28.99,582583
11-Sep-12,28.34,28.99,28.29,28.97,630277
10-Sep-12,28.21,28.54,28.14,28.39,495078
7-Sep-12,28.72,29.05,28.41,28.54,631304
6-Sep-12,28.40,29.03,28.40,28.73,1027233
5-Sep-12,28.11,28.39,27.85,28.31,1008168
4-Sep-12,27.89,28.20,27.60,28.20,761399
31-Aug-12,27.71,28.12,27.42,28.07,692251
30-Aug-12,27.79,27.88,27.45,27.51,467529
29-Aug-12,27.88,28.24,27.81,28.01,867896
28-Aug-12,27.54,28.00,27.40,27.96,954210
27-Aug-12,27.72,27.75,27.46,27.47,636851
24-Aug-12,27.51,27.75,27.45,27.70,406762
23-Aug-12,27.75,27.82,27.44,27.57,967627
22-Aug-12,27.80,27.92,27.61,27.81,491970
21-Aug-12,27.77,27.91,27.53,27.79,808806
20-Aug-12,27.61,28.11,27.40,27.79,956663
17-Aug-12,27.69,27.80,27.47,27.60,273708
16-Aug-12,26.89,27.71,26.84,27.69,365142
15-Aug-12,26.80,26.97,26.62,26.93,166262
14-Aug-12,26.54,26.91,26.33,26.84,200654
13-Aug-12,26.10,26.57,26.04,26.50,208740
10-Aug-12,25.90,26.32,25.80,26.09,179268
9-Aug-12,26.02,26.16,25.81,26.08,168361
8-Aug-12,26.31,26.47,25.55,26.01,238303
7-Aug-12,25.74,26.48,25.60,26.41,278208
6-Aug-12,25.13,26.45,25.13,25.54,306936
3-Aug-12,27.00,27.78,24.73,25.01,537253
2-Aug-12,23.96,24.91,23.96,24.75,793796
1-Aug-12,24.80,24.89,24.08,24.20,436995
31-Jul-12,24.40,24.82,24.18,24.67,569293
30-Jul-12,24.79,24.94,24.23,24.37,526568
27-Jul-12,24.49,25.03,24.46,24.83,560426
26-Jul-12,24.24,24.56,24.01,24.45,816060
25-Jul-12,23.99,24.41,23.94,23.99,745447
24-Jul-12,23.99,24.63,23.75,23.94,881382
23-Jul-12,23.97,24.05,23.45,23.88,725498
20-Jul-12,24.79,24.79,24.34,24.35,1036692
19-Jul-12,25.08,25.27,24.86,24.96,904043
18-Jul-12,24.69,25.16,24.69,24.94,730383
17-Jul-12,25.26,25.30,24.46,24.80,926218
16-Jul-12,25.06,25.18,24.85,25.11,830355
13-Jul-12,24.83,25.18,24.77,25.07,498868
12-Jul-12,24.75,24.90,24.63,24.73,934056
11-Jul-12,24.88,25.16,24.76,24.95,1466936
10-Jul-12,25.24,25.38,24.75,24.89,466178
9-Jul-12,25.38,25.49,24.98,25.14,609655
6-Jul-12,25.77,25.95,25.35,25.47,424634
5-Jul-12,25.95,26.11,25.44,26.03,505752
3-Jul-12,25.43,26.18,25.33,26.02,395443
2-Jul-12,25.50,25.50,24.97,25.44,592535
29-Jun-12,25.23,25.43,24.99,25.28,765123
28-Jun-12,24.28,24.74,24.20,24.73,633491
27-Jun-12,24.13,24.62,24.04,24.40,822277
26-Jun-12,23.79,24.23,23.76,24.04,788648
25-Jun-12,23.64,23.77,23.31,23.53,473890
22-Jun-12,23.75,24.03,23.59,23.89,887328
21-Jun-12,23.82,23.93,23.45,23.60,758510
20-Jun-12,22.67,24.08,22.67,23.87,1583221
19-Jun-12,22.54,22.79,22.45,22.64,966428
18-Jun-12,22.11,22.52,22.02,22.47,675245
15-Jun-12,22.28,22.61,22.02,22.20,1185691
14-Jun-12,22.00,22.36,21.90,22.20,681546
13-Jun-12,21.89,22.50,21.73,22.00,1212772
12-Jun-12,21.61,21.83,21.35,21.82,631112
11-Jun-12,22.21,22.31,21.47,21.49,828698
8-Jun-12,21.76,22.09,21.73,21.99,1124711
7-Jun-12,22.36,22.44,21.74,21.83,574140
6-Jun-12,22.02,22.25,21.87,22.05,720175
5-Jun-12,21.26,21.90,21.14,21.85,473560
4-Jun-12,22.27,22.33,21.35,21.44,946741
1-Jun-12,22.35,22.79,22.23,22.25,913061
31-May-12,23.30,23.31,22.68,23.08,1470782
30-May-12,23.09,23.46,22.92,23.38,602662
29-May-12,23.50,23.53,22.44,23.25,898120
25-May-12,22.61,23.31,22.57,23.22,798916
24-May-12,22.23,22.75,22.23,22.60,1205750
23-May-12,22.35,22.45,21.82,22.21,1615957
22-May-12,22.30,23.09,22.22,22.50,998818
21-May-12,22.28,22.33,21.95,22.17,1414280
18-May-12,22.64,22.75,22.15,22.23,508343
17-May-12,23.52,23.57,22.67,22.69,641722
16-May-12,23.81,24.15,23.47,23.54,552820
15-May-12,24.03,24.22,23.56,23.67,490889
14-May-12,24.39,24.42,23.87,24.05,416859
11-May-12,24.30,24.99,24.16,24.69,696371
10-May-12,24.64,24.89,24.40,24.50,425115
9-May-12,23.82,24.45,23.74,24.34,638427
8-May-12,24.50,24.70,23.79,24.06,969533
7-May-12,23.96,25.18,23.89,24.81,1060104
4-May-12,24.94,25.11,23.93,24.08,843869
3-May-12,25.99,25.99,24.38,24.94,2575592
2-May-12,26.59,27.06,26.49,27.04,629004
1-May-12,26.51,27.04,26.47,26.81,1103403
30-Apr-12,26.58,26.66,26.18,26.55,984206
27-Apr-12,26.19,26.59,25.82,26.51,1054161
26-Apr-12,25.76,26.18,25.75,26.07,773167
25-Apr-12,25.47,25.82,25.40,25.74,862977
24-Apr-12,25.46,25.46,24.81,25.13,945936
23-Apr-12,25.59,25.65,24.85,25.49,833091
20-Apr-12,26.38,26.62,25.91,25.92,779631
19-Apr-12,26.10,26.65,25.88,26.15,544092
18-Apr-12,26.35,26.58,26.01,26.07,905105
17-Apr-12,26.29,26.67,26.18,26.54,677795
16-Apr-12,26.63,27.15,25.94,26.05,1096882
13-Apr-12,24.97,26.43,24.95,26.39,1271185
12-Apr-12,24.47,25.03,24.09,25.01,1538492
11-Apr-12,24.44,24.84,24.26,24.40,888490
10-Apr-12,24.72,25.20,24.14,24.14,1013826
9-Apr-12,24.92,25.08,24.69,24.69,710208
5-Apr-12,25.01,25.59,24.97,25.35,580744
4-Apr-12,25.41,25.41,24.78,24.99,687051
3-Apr-12,25.57,25.81,25.45,25.70,843262
2-Apr-12,25.86,26.10,25.48,25.54,1380053
30-Mar-12,25.81,26.05,25.57,26.00,1111729
29-Mar-12,25.27,25.62,25.01,25.58,852147
28-Mar-12,25.34,25.56,25.13,25.55,1016678
27-Mar-12,25.30,25.60,25.30,25.43,603166
26-Mar-12,24.90,25.46,24.87,25.37,567499
23-Mar-12,24.66,24.79,24.39,24.76,625609
22-Mar-12,24.46,24.78,24.24,24.71,691649
21-Mar-12,24.75,25.10,24.63,24.65,963995
20-Mar-12,24.85,25.01,24.62,24.66,559667
19-Mar-12,24.98,25.12,24.79,24.97,1802415
16-Mar-12,24.96,25.29,24.54,25.07,1419699
15-Mar-12,23.99,24.93,23.97,24.89,864760
14-Mar-12,24.26,24.55,23.75,23.93,1016045
13-Mar-12,24.14,24.38,23.74,24.23,2137096
12-Mar-12,23.91,24.95,23.82,24.03,2528749
9-Mar-12,22.34,24.04,22.30,23.69,3332274
8-Mar-12,22.16,22.73,22.12,22.42,1065188
7-Mar-12,21.56,22.06,21.31,21.98,795658
6-Mar-12,21.83,21.88,21.25,21.45,1016080
5-Mar-12,22.15,22.25,21.67,22.02,1357083
2-Mar-12,22.03,22.87,21.93,22.27,1232401
1-Mar-12,22.22,22.38,21.69,21.92,1434085
29-Feb-12,22.57,22.70,22.03,22.04,997610
28-Feb-12,22.35,22.56,21.63,22.50,1078559
27-Feb-12,22.37,22.68,22.08,22.54,853977
24-Feb-12,22.62,22.72,22.25,22.67,581033
23-Feb-12,22.21,22.73,22.16,22.65,688306
22-Feb-12,22.28,22.65,22.06,22.13,788164
21-Feb-12,22.70,22.77,22.02,22.30,834336
17-Feb-12,22.62,22.84,22.36,22.72,1312979
16-Feb-12,20.95,22.91,20.87,22.56,3240711
15-Feb-12,20.18,20.99,19.91,20.97,1934515
14-Feb-12,18.50,20.90,18.34,20.17,2997785
13-Feb-12,19.36,19.55,19.04,19.55,984481
10-Feb-12,19.39,19.46,18.97,19.10,1040396
9-Feb-12,19.83,19.97,19.37,19.62,1329036
8-Feb-12,19.57,19.82,19.47,19.76,786838
7-Feb-12,19.25,20.13,19.04,19.55,2575605
6-Feb-12,18.65,19.81,18.59,19.72,2703128
3-Feb-12,17.97,18.89,17.84,18.81,2077258
2-Feb-12,17.31,17.88,17.13,17.83,1095529
1-Feb-12,16.75,17.38,16.64,17.33,1302527
31-Jan-12,16.87,16.88,16.28,16.63,892365
30-Jan-12,16.60,16.96,16.43,16.71,762077
27-Jan-12,16.53,16.92,16.46,16.78,1587987
26-Jan-12,16.77,16.78,16.28,16.55,1006348
25-Jan-12,16.49,16.81,16.04,16.71,1424965
24-Jan-12,15.50,16.69,15.36,16.56,1555087
23-Jan-12,15.00,15.68,15.00,15.62,1328097
20-Jan-12,15.10,15.34,14.96,15.02,1562357
19-Jan-12,14.49,15.12,14.40,14.99,1678362
18-Jan-12,14.69,14.69,14.38,14.49,1594399
17-Jan-12,14.48,14.75,14.33,14.71,1768954
13-Jan-12,14.40,14.40,14.40,14.40,0
12-Jan-12,15.32,15.41,14.89,14.98,1101010
11-Jan-12,15.39,15.47,15.17,15.26,1488984
10-Jan-12,15.58,15.72,15.30,15.38,1497251
9-Jan-12,15.59,15.79,15.32,15.44,1079132
6-Jan-12,15.55,16.03,15.44,15.75,950169
5-Jan-12,15.66,15.81,15.24,15.61,879414
4-Jan-12,15.68,16.01,15.58,15.80,1130845
3-Jan-12,15.47,15.95,15.36,15.69,1150997
30-Dec-11,15.07,15.07,15.07,15.07,0
29-Dec-11,14.90,14.95,14.67,14.85,491535
28-Dec-11,14.88,15.25,14.76,14.81,1108330
27-Dec-11,14.99,15.18,14.80,14.82,828801
23-Dec-11,15.11,15.11,15.11,15.11,0
22-Dec-11,14.59,14.86,14.36,14.63,1189303
21-Dec-11,14.76,15.02,14.40,14.56,1038940
20-Dec-11,14.69,14.90,14.55,14.85,1166510
19-Dec-11,14.47,14.79,14.09,14.46,3044004
16-Dec-11,17.47,17.74,14.30,14.30,7807844
15-Dec-11,17.66,17.76,17.26,17.34,2172018
14-Dec-11,17.59,17.76,17.37,17.41,854349
13-Dec-11,18.63,18.80,17.42,17.70,1163973
12-Dec-11,18.55,18.59,18.23,18.45,622205
9-Dec-11,18.69,19.02,18.62,18.78,985136
8-Dec-11,19.17,19.37,18.58,18.63,1000342
7-Dec-11,19.12,19.54,18.82,19.32,827574
6-Dec-11,19.23,19.62,19.02,19.29,1023364
5-Dec-11,19.18,19.47,19.00,19.17,1296351
2-Dec-11,19.15,19.28,18.73,18.89,734826
1-Dec-11,18.92,19.22,18.81,18.96,781687
30-Nov-11,18.22,18.96,18.06,18.96,1380568
29-Nov-11,17.32,17.84,17.28,17.67,967111
28-Nov-11,17.01,17.40,16.77,17.38,1200472
25-Nov-11,16.70,16.90,16.48,16.48,315441
23-Nov-11,16.77,16.77,16.77,16.77,0
22-Nov-11,17.23,17.51,17.08,17.20,741307
21-Nov-11,17.56,17.69,17.13,17.21,985236
18-Nov-11,18.00,18.15,17.66,17.74,787746
17-Nov-11,18.10,18.63,17.76,17.86,1996149
16-Nov-11,19.45,19.66,19.14,19.15,838082
15-Nov-11,19.42,19.91,19.42,19.60,969547
14-Nov-11,19.86,19.86,19.46,19.57,1182562
11-Nov-11,19.71,20.06,19.65,19.99,1199346
10-Nov-11,19.18,19.62,19.04,19.42,1617886
9-Nov-11,18.55,19.19,18.46,19.00,1785695
8-Nov-11,19.12,19.21,18.62,19.01,1073791
7-Nov-11,18.62,19.03,18.45,18.98,674905
4-Nov-11,18.51,18.87,18.05,18.80,1528542
3-Nov-11,16.98,18.75,16.71,18.71,4190319
2-Nov-11,16.80,17.03,16.57,16.79,1155174
1-Nov-11,17.02,17.24,16.46,16.48,1522794
31-Oct-11,17.60,17.89,17.42,17.55,1031220
28-Oct-11,17.69,17.95,17.53,17.73,1073219
27-Oct-11,17.56,18.00,17.21,17.76,1857645
26-Oct-11,16.31,17.25,15.56,16.95,3591045
25-Oct-11,16.68,17.04,16.28,16.84,2541163
24-Oct-11,15.49,16.85,15.49,16.77,1590826
21-Oct-11,15.41,15.56,15.18,15.40,1201522
20-Oct-11,15.10,15.29,14.65,15.27,1333202
19-Oct-11,15.02,15.30,14.95,15.12,1259840
18-Oct-11,14.51,15.13,14.36,14.98,1291371
17-Oct-11,14.84,14.84,14.28,14.47,1341519
14-Oct-11,15.15,15.19,14.91,14.95,1046089
13-Oct-11,15.12,15.18,14.75,14.95,1061659
12-Oct-11,15.30,15.34,15.07,15.18,1717997
11-Oct-11,14.95,15.34,14.91,15.17,1096429
10-Oct-11,14.87,15.15,14.82,15.10,493470
7-Oct-11,15.04,15.12,14.45,14.59,684395
6-Oct-11,14.34,15.06,14.29,15.03,831214
5-Oct-11,13.99,14.48,13.85,14.38,833310
4-Oct-11,12.99,13.97,12.91,13.91,1298547
3-Oct-11,13.63,13.71,13.00,13.11,1388794
30-Sep-11,14.16,14.40,13.69,13.69,1253388
