Date,Open,High,Low,Close,Volume
27-Sep-12,14.48,14.75,14.22,14.73,360025
26-Sep-12,14.48,14.62,14.19,14.39,610489
25-Sep-12,14.75,14.88,14.39,14.46,510491
24-Sep-12,14.99,15.05,14.57,14.65,473160
21-Sep-12,15.34,15.38,14.99,15.05,893550
20-Sep-12,15.09,15.29,15.09,15.20,394830
19-Sep-12,15.25,15.45,15.17,15.31,255186
18-Sep-12,15.18,15.31,15.08,15.17,373052
17-Sep-12,15.44,15.50,15.08,15.29,256295
14-Sep-12,15.26,15.50,15.17,15.49,602835
13-Sep-12,15.35,15.36,14.88,15.15,765126
12-Sep-12,15.23,15.45,15.14,15.31,374842
11-Sep-12,15.08,15.54,15.05,15.11,556228
10-Sep-12,14.93,15.22,14.81,15.10,590111
7-Sep-12,14.85,15.07,14.69,14.95,556372
6-Sep-12,14.25,14.76,14.22,14.76,698134
5-Sep-12,14.04,14.16,13.82,14.10,467173
4-Sep-12,13.73,14.16,13.55,13.99,339087
31-Aug-12,13.78,13.89,13.55,13.80,368407
30-Aug-12,13.65,13.78,13.50,13.69,359201
29-Aug-12,13.46,13.83,13.44,13.79,445625
28-Aug-12,13.55,13.75,13.42,13.45,303876
27-Aug-12,13.58,13.75,13.40,13.59,273012
24-Aug-12,13.36,13.60,13.29,13.51,423001
23-Aug-12,13.40,13.59,13.35,13.42,483088
22-Aug-12,14.57,14.76,13.15,13.37,1224531
21-Aug-12,13.69,13.84,13.40,13.50,766785
20-Aug-12,13.90,13.90,13.32,13.60,375760
17-Aug-12,13.28,14.00,13.08,13.90,171248
16-Aug-12,12.95,13.32,12.74,13.28,94177
15-Aug-12,12.71,12.97,12.63,12.95,97159
14-Aug-12,12.91,13.18,12.70,12.80,175095
13-Aug-12,12.75,12.78,12.46,12.78,97502
10-Aug-12,12.75,12.82,12.66,12.73,55107
9-Aug-12,12.64,12.97,12.56,12.84,83375
8-Aug-12,12.75,12.94,12.61,12.70,60745
7-Aug-12,12.50,12.93,12.44,12.86,98642
6-Aug-12,12.22,12.48,12.22,12.39,115574
3-Aug-12,12.03,12.34,11.99,12.17,82110
2-Aug-12,11.50,11.84,11.46,11.73,344398
1-Aug-12,12.09,12.12,11.60,11.64,309108
31-Jul-12,12.13,12.37,11.92,11.96,313060
30-Jul-12,12.12,12.32,11.89,12.22,476221
27-Jul-12,11.71,12.21,11.55,12.09,259318
26-Jul-12,11.78,11.93,11.37,11.66,268258
25-Jul-12,11.70,11.80,11.28,11.49,358739
24-Jul-12,11.98,12.00,11.50,11.57,361899
23-Jul-12,11.99,12.08,11.66,11.92,396732
20-Jul-12,12.39,12.52,12.28,12.36,341256
19-Jul-12,12.50,12.66,12.22,12.54,551065
18-Jul-12,12.30,12.50,12.25,12.38,248464
17-Jul-12,12.37,12.52,12.23,12.36,188046
16-Jul-12,12.51,12.63,12.10,12.28,249532
13-Jul-12,12.11,12.60,12.09,12.50,965940
12-Jul-12,11.81,12.14,11.81,11.99,932570
11-Jul-12,12.07,12.21,11.80,11.97,392279
10-Jul-12,12.38,12.76,11.96,12.11,422021
9-Jul-12,12.26,12.30,12.02,12.24,389779
6-Jul-12,12.36,12.42,12.20,12.31,266875
5-Jul-12,12.42,12.65,12.38,12.57,348602
3-Jul-12,12.36,12.58,12.27,12.44,98655
2-Jul-12,12.32,12.45,12.05,12.33,491899
29-Jun-12,12.14,12.42,11.90,12.29,785750
28-Jun-12,11.59,11.83,11.47,11.83,461206
27-Jun-12,11.50,11.85,11.48,11.74,666083
26-Jun-12,11.33,11.67,11.26,11.55,562923
25-Jun-12,11.25,11.47,11.09,11.32,719307
22-Jun-12,11.27,11.60,11.21,11.49,1238479
21-Jun-12,11.43,11.45,10.95,11.21,1827026
20-Jun-12,12.82,12.82,11.30,11.47,3177533
19-Jun-12,13.10,13.50,13.03,13.13,670843
18-Jun-12,13.01,13.11,12.82,13.01,591712
15-Jun-12,13.03,13.40,12.88,13.09,1379703
14-Jun-12,12.76,13.15,12.65,12.95,645114
13-Jun-12,13.32,13.58,12.58,12.68,839519
12-Jun-12,13.33,13.45,13.08,13.39,454564
11-Jun-12,14.03,14.03,13.15,13.23,577690
8-Jun-12,13.33,13.86,13.04,13.81,442361
7-Jun-12,13.72,13.74,13.21,13.40,435468
6-Jun-12,13.32,13.52,12.95,13.46,523675
5-Jun-12,12.88,13.28,12.59,13.21,578205
4-Jun-12,13.06,13.20,12.60,12.88,952525
1-Jun-12,13.65,13.74,12.82,13.04,935913
31-May-12,14.20,14.22,13.62,14.11,648614
30-May-12,14.45,14.45,14.00,14.21,306061
29-May-12,14.50,14.93,14.33,14.65,334623
25-May-12,14.32,14.44,14.18,14.34,161660
24-May-12,14.24,14.65,13.93,14.29,245292
23-May-12,13.81,14.31,13.63,14.20,308314
22-May-12,13.95,14.31,13.81,13.99,476565
21-May-12,13.56,13.91,13.21,13.90,416082
18-May-12,13.80,13.82,13.25,13.46,730255
17-May-12,15.00,15.11,13.80,13.82,812817
16-May-12,15.13,15.56,14.94,14.99,412376
15-May-12,14.97,15.39,14.80,15.00,488265
14-May-12,14.96,15.35,14.85,15.02,550722
11-May-12,15.06,15.49,15.03,15.22,417810
10-May-12,14.92,15.40,14.87,15.28,371728
9-May-12,14.77,14.89,14.50,14.72,600799
8-May-12,15.29,15.43,14.80,15.03,565301
7-May-12,15.47,15.69,15.28,15.45,464221
4-May-12,15.85,16.00,15.54,15.61,569009
3-May-12,16.25,16.36,15.68,16.03,701215
2-May-12,15.02,16.43,15.00,16.26,1087300
1-May-12,15.04,15.78,14.95,15.22,597387
30-Apr-12,15.31,15.32,14.93,15.07,400958
27-Apr-12,15.09,15.44,14.83,15.34,742292
26-Apr-12,14.91,15.15,14.83,15.03,640559
25-Apr-12,14.58,15.00,14.43,14.94,489430
24-Apr-12,13.99,14.58,13.88,14.31,597270
23-Apr-12,13.93,14.15,13.77,13.98,498852
20-Apr-12,14.48,14.54,14.15,14.26,582158
19-Apr-12,14.51,14.61,14.01,14.24,428954
18-Apr-12,14.39,14.62,14.16,14.53,366096
17-Apr-12,14.07,14.55,14.04,14.54,479768
16-Apr-12,14.10,14.11,13.65,13.91,382022
13-Apr-12,14.24,14.30,13.90,13.97,353802
12-Apr-12,13.68,14.37,13.61,14.33,406842
11-Apr-12,13.73,13.84,13.57,13.71,352370
10-Apr-12,14.74,14.74,13.43,13.51,698035
9-Apr-12,14.80,14.91,14.63,14.74,370220
5-Apr-12,14.85,15.16,14.78,15.16,598616
4-Apr-12,14.82,15.02,14.70,14.92,741501
3-Apr-12,14.91,15.34,14.85,15.06,742999
2-Apr-12,14.87,15.00,14.68,14.99,367404
30-Mar-12,15.28,15.28,14.86,14.96,272063
29-Mar-12,14.98,15.17,14.64,15.12,322662
28-Mar-12,15.07,15.44,14.91,15.16,322726
27-Mar-12,15.10,15.31,15.04,15.10,528490
26-Mar-12,14.75,15.17,14.63,15.10,512348
23-Mar-12,14.27,14.72,14.03,14.62,523200
22-Mar-12,14.54,14.66,14.35,14.64,395017
21-Mar-12,14.74,14.90,14.52,14.76,352995
20-Mar-12,14.77,14.81,14.36,14.67,312670
19-Mar-12,14.80,15.15,14.55,14.97,462779
16-Mar-12,15.12,15.23,14.61,14.83,2375692
15-Mar-12,14.70,15.22,14.52,15.13,639440
14-Mar-12,14.95,15.00,14.53,14.69,355812
13-Mar-12,14.71,15.00,14.56,14.99,536773
12-Mar-12,14.29,14.63,14.15,14.55,448588
9-Mar-12,13.98,14.25,13.89,14.16,435544
8-Mar-12,13.94,14.06,13.74,13.95,374361
7-Mar-12,13.42,13.75,13.39,13.74,290420
6-Mar-12,13.46,13.54,13.15,13.34,515082
5-Mar-12,13.73,14.01,13.59,13.67,482915
2-Mar-12,14.18,14.36,13.75,13.80,490737
1-Mar-12,14.36,14.50,14.14,14.21,568418
29-Feb-12,14.52,14.77,14.22,14.29,579313
28-Feb-12,14.48,14.60,14.27,14.52,355023
27-Feb-12,14.28,14.88,14.04,14.49,415391
24-Feb-12,14.73,14.98,14.43,14.46,607183
23-Feb-12,13.94,15.00,13.94,14.76,890786
22-Feb-12,14.50,14.69,13.85,13.89,891399
21-Feb-12,14.05,14.55,14.03,14.42,1173086
17-Feb-12,14.09,14.14,13.95,14.01,298367
16-Feb-12,13.85,14.05,13.82,13.98,325075
15-Feb-12,14.10,14.10,13.79,13.88,421012
14-Feb-12,14.00,14.06,13.79,14.05,392201
13-Feb-12,14.00,14.30,13.90,14.08,620555
10-Feb-12,13.82,14.00,13.76,13.79,317017
9-Feb-12,14.00,14.09,13.72,14.02,317205
8-Feb-12,13.95,14.15,13.83,13.89,281170
7-Feb-12,14.01,14.10,13.68,13.87,479230
6-Feb-12,14.17,14.23,13.96,14.03,399277
3-Feb-12,13.96,14.23,13.87,14.21,878414
2-Feb-12,13.73,14.00,13.61,13.71,496827
1-Feb-12,13.33,13.85,13.19,13.75,645110
31-Jan-12,13.41,13.55,12.96,13.18,497374
30-Jan-12,13.59,13.63,13.33,13.37,352558
27-Jan-12,13.10,13.74,13.08,13.73,351409
26-Jan-12,13.38,13.49,13.00,13.19,258080
25-Jan-12,13.39,13.39,12.90,13.27,580371
24-Jan-12,12.59,13.44,12.59,13.37,416137
23-Jan-12,13.19,13.19,12.47,12.73,313052
20-Jan-12,13.18,13.39,13.07,13.17,465117
19-Jan-12,13.24,13.28,13.00,13.18,379898
18-Jan-12,12.94,13.24,12.77,13.17,566775
17-Jan-12,12.88,13.14,12.83,12.95,774344
13-Jan-12,12.77,12.77,12.77,12.77,0
12-Jan-12,12.24,12.89,12.24,12.87,859665
11-Jan-12,12.25,12.35,12.06,12.26,324613
10-Jan-12,12.54,12.57,12.22,12.35,573307
9-Jan-12,12.14,12.55,12.04,12.29,1343680
6-Jan-12,12.11,12.24,11.81,12.15,560276
5-Jan-12,11.90,12.48,11.84,12.14,551893
4-Jan-12,11.88,12.16,11.58,12.05,535352
3-Jan-12,12.22,12.46,11.84,12.00,670167
30-Dec-11,11.90,11.90,11.90,11.90,0
29-Dec-11,11.84,12.25,11.84,12.11,464885
28-Dec-11,11.96,12.05,11.66,11.86,465409
27-Dec-11,11.75,12.28,11.75,11.93,385890
23-Dec-11,11.85,11.85,11.85,11.85,0
22-Dec-11,12.00,12.17,11.70,11.78,386811
21-Dec-11,11.62,12.03,11.41,11.93,365636
20-Dec-11,11.29,11.68,11.27,11.63,490945
19-Dec-11,11.23,11.58,10.95,11.02,632717
16-Dec-11,11.77,11.92,11.04,11.12,1890275
15-Dec-11,11.43,11.78,11.23,11.60,533307
14-Dec-11,11.35,11.52,11.06,11.18,832816
13-Dec-11,12.28,12.34,11.35,11.49,963080
12-Dec-11,12.13,12.38,11.82,12.11,702005
9-Dec-11,11.71,12.45,11.65,12.38,535924
8-Dec-11,11.93,12.01,11.65,11.70,450788
7-Dec-11,11.87,12.21,11.65,12.12,558758
6-Dec-11,12.05,12.05,11.65,11.95,543426
5-Dec-11,12.10,12.26,11.88,12.06,876384
2-Dec-11,11.76,12.25,11.47,11.88,1385891
1-Dec-11,10.22,13.85,10.22,11.57,3117405
30-Nov-11,10.11,10.15,9.56,9.90,1120863
29-Nov-11,9.43,9.64,9.26,9.50,505441
28-Nov-11,9.79,9.88,9.25,9.40,798864
25-Nov-11,9.28,9.55,9.11,9.32,289787
23-Nov-11,9.39,9.39,9.39,9.39,0
22-Nov-11,9.80,10.24,9.73,9.98,350083
21-Nov-11,9.93,9.94,9.63,9.82,261149
18-Nov-11,10.17,10.32,9.97,10.26,306772
17-Nov-11,10.31,10.52,9.91,10.17,354718
16-Nov-11,10.55,10.75,10.25,10.34,372151
15-Nov-11,10.21,10.80,10.21,10.70,323290
14-Nov-11,10.42,10.51,10.15,10.28,219957
11-Nov-11,10.32,10.52,10.29,10.51,266076
10-Nov-11,10.03,10.27,9.74,10.11,324986
9-Nov-11,10.25,10.35,9.79,9.83,461010
8-Nov-11,10.50,10.68,10.10,10.65,321717
7-Nov-11,10.05,10.43,9.94,10.39,410031
4-Nov-11,9.95,10.21,9.84,10.14,511212
3-Nov-11,10.30,10.31,9.82,10.16,353155
2-Nov-11,10.06,10.28,9.80,10.09,519110
1-Nov-11,9.65,10.06,9.44,9.79,1051807
31-Oct-11,10.35,10.51,10.10,10.16,370079
28-Oct-11,10.54,10.83,10.37,10.62,549442
27-Oct-11,10.56,11.00,10.42,10.60,1041760
26-Oct-11,10.05,10.46,9.65,10.27,1044522
25-Oct-11,9.99,10.00,9.64,9.84,840315
24-Oct-11,9.25,10.24,9.15,10.10,1647581
21-Oct-11,9.24,9.32,8.75,9.20,448677
20-Oct-11,8.97,9.07,8.60,9.03,237687
19-Oct-11,8.99,9.23,8.81,8.95,645165
18-Oct-11,8.49,9.22,8.18,9.05,479707
17-Oct-11,8.78,8.78,8.40,8.46,351322
14-Oct-11,9.02,9.23,8.52,8.87,403172
13-Oct-11,8.83,8.98,8.66,8.88,282738
12-Oct-11,8.91,9.07,8.80,8.95,411871
11-Oct-11,8.55,8.83,8.48,8.76,335330
10-Oct-11,8.50,8.70,8.34,8.70,381884
7-Oct-11,8.55,8.55,8.02,8.27,726682
6-Oct-11,7.93,8.50,7.93,8.49,686929
5-Oct-11,7.81,8.03,7.64,8.00,567794
4-Oct-11,6.79,7.85,6.76,7.82,851208
3-Oct-11,7.40,7.59,6.91,6.91,832145
30-Sep-11,7.60,7.93,7.41,7.41,485544
