Date,Open,High,Low,Close,Volume
27-Sep-12,13.04,13.07,12.92,13.07,47728
26-Sep-12,13.08,13.11,12.96,12.96,70840
25-Sep-12,12.95,13.07,12.91,12.96,92446
24-Sep-12,12.97,12.98,12.79,12.88,73955
21-Sep-12,12.94,12.99,12.83,12.90,51840
20-Sep-12,12.73,12.88,12.63,12.88,95322
19-Sep-12,12.61,12.67,12.54,12.67,62836
18-Sep-12,12.63,12.66,12.49,12.55,37457
17-Sep-12,12.55,12.63,12.54,12.55,59756
14-Sep-12,12.52,12.74,12.52,12.63,89763
13-Sep-12,12.48,12.61,12.43,12.60,74437
12-Sep-12,12.42,12.54,12.42,12.53,24129
11-Sep-12,12.41,12.52,12.37,12.52,52716
10-Sep-12,12.41,12.44,12.38,12.41,42113
7-Sep-12,12.34,12.41,12.26,12.40,78400
6-Sep-12,12.32,12.32,12.23,12.31,50517
5-Sep-12,12.30,12.30,12.18,12.27,72173
4-Sep-12,12.33,12.33,12.25,12.28,59613
31-Aug-12,12.16,12.30,12.16,12.30,64839
30-Aug-12,12.24,12.24,12.16,12.16,50642
29-Aug-12,12.22,12.28,12.16,12.18,57832
28-Aug-12,12.12,12.15,12.06,12.15,61807
27-Aug-12,12.16,12.16,11.99,12.08,39774
24-Aug-12,12.15,12.15,12.06,12.07,35034
23-Aug-12,12.20,12.30,12.06,12.14,101858
22-Aug-12,12.26,12.26,12.06,12.19,63643
21-Aug-12,12.33,12.36,12.22,12.26,77637
20-Aug-12,12.34,12.39,12.25,12.39,61316
17-Aug-12,12.35,12.37,12.25,12.31,11124
16-Aug-12,12.34,12.39,12.26,12.28,19153
15-Aug-12,12.18,12.24,12.16,12.23,15222
14-Aug-12,12.10,12.21,12.06,12.10,52689
13-Aug-12,12.24,12.24,12.11,12.18,25747
10-Aug-12,12.41,12.46,12.22,12.26,31012
9-Aug-12,12.40,12.43,12.27,12.37,24197
8-Aug-12,12.40,12.47,12.36,12.40,20255
7-Aug-12,12.50,12.51,12.36,12.41,25899
6-Aug-12,12.53,12.55,12.43,12.52,15635
3-Aug-12,12.53,12.56,12.41,12.46,28674
2-Aug-12,12.57,12.66,12.47,12.48,77930
1-Aug-12,12.70,12.73,12.59,12.60,59790
31-Jul-12,12.73,12.74,12.58,12.58,61315
30-Jul-12,12.80,12.80,12.59,12.65,67710
27-Jul-12,12.73,12.83,12.69,12.70,43156
26-Jul-12,12.76,12.77,12.51,12.68,73550
25-Jul-12,12.67,12.69,12.61,12.69,70928
24-Jul-12,12.62,12.69,12.50,12.54,83654
23-Jul-12,12.48,12.60,12.46,12.48,54043
20-Jul-12,12.52,12.56,12.45,12.45,46885
19-Jul-12,12.60,12.60,12.41,12.47,73683
18-Jul-12,12.49,12.51,12.43,12.50,74563
17-Jul-12,12.26,12.45,12.25,12.40,62326
16-Jul-12,12.48,12.48,12.15,12.19,76237
13-Jul-12,12.45,12.52,12.39,12.42,62096
12-Jul-12,12.45,12.46,12.34,12.43,67221
11-Jul-12,12.46,12.52,12.41,12.49,75330
10-Jul-12,12.43,12.43,12.35,12.39,63803
9-Jul-12,12.24,12.36,12.22,12.36,61863
6-Jul-12,12.17,12.22,12.07,12.22,50798
5-Jul-12,12.14,12.17,12.07,12.13,80873
3-Jul-12,12.08,12.10,11.98,12.10,77895
2-Jul-12,11.92,12.04,11.91,12.02,129739
29-Jun-12,11.97,11.97,11.88,11.91,64071
28-Jun-12,11.90,11.92,11.86,11.90,49890
27-Jun-12,11.90,11.93,11.85,11.86,113035
26-Jun-12,11.92,11.92,11.78,11.81,74716
25-Jun-12,11.84,11.89,11.84,11.86,61075
22-Jun-12,11.94,11.94,11.84,11.86,55951
21-Jun-12,11.90,11.90,11.80,11.88,67195
20-Jun-12,11.86,11.86,11.78,11.83,72673
19-Jun-12,11.88,11.88,11.72,11.78,89904
18-Jun-12,11.81,11.83,11.78,11.81,46941
15-Jun-12,11.79,11.81,11.70,11.76,60287
14-Jun-12,11.80,11.82,11.76,11.82,75645
13-Jun-12,11.78,11.78,11.74,11.78,41836
12-Jun-12,11.83,11.84,11.81,11.82,61882
11-Jun-12,11.85,11.86,11.81,11.82,33490
8-Jun-12,11.76,11.85,11.75,11.85,48701
7-Jun-12,11.79,11.81,11.72,11.81,75958
6-Jun-12,11.83,11.83,11.66,11.80,89136
5-Jun-12,11.85,11.85,11.76,11.80,63310
4-Jun-12,11.81,11.86,11.80,11.80,45724
1-Jun-12,11.85,11.87,11.80,11.80,39287
31-May-12,11.80,11.87,11.77,11.84,53836
30-May-12,11.80,11.81,11.73,11.78,48072
29-May-12,11.82,11.83,11.74,11.76,49607
25-May-12,11.82,11.83,11.77,11.81,32183
24-May-12,11.80,11.82,11.73,11.77,52567
23-May-12,11.83,11.83,11.76,11.81,27500
22-May-12,11.76,11.81,11.68,11.81,78872
21-May-12,11.69,11.72,11.63,11.69,38711
18-May-12,11.71,11.74,11.62,11.63,48899
17-May-12,11.79,11.79,11.71,11.71,36219
16-May-12,11.85,11.85,11.77,11.79,52587
15-May-12,11.85,11.87,11.81,11.81,49799
14-May-12,11.83,11.89,11.78,11.79,55180
11-May-12,11.83,11.84,11.79,11.84,20768
10-May-12,11.90,11.90,11.85,11.86,31297
9-May-12,11.85,11.87,11.80,11.87,29980
8-May-12,11.80,11.85,11.77,11.84,58388
7-May-12,11.81,11.82,11.76,11.77,49497
4-May-12,11.77,11.79,11.75,11.77,54794
3-May-12,11.81,11.81,11.75,11.78,43047
2-May-12,11.73,11.81,11.71,11.79,54952
1-May-12,11.73,11.77,11.69,11.74,81902
30-Apr-12,11.74,11.74,11.66,11.66,27182
27-Apr-12,11.76,11.76,11.67,11.68,59773
26-Apr-12,11.67,11.75,11.66,11.70,42254
25-Apr-12,11.68,11.68,11.61,11.68,55972
24-Apr-12,11.71,11.71,11.62,11.66,24336
23-Apr-12,11.63,11.69,11.62,11.66,36536
20-Apr-12,11.72,11.72,11.55,11.60,64505
19-Apr-12,11.65,11.68,11.56,11.67,48877
18-Apr-12,11.66,11.67,11.61,11.63,26536
17-Apr-12,11.62,11.66,11.57,11.66,54200
16-Apr-12,11.53,11.64,11.53,11.62,36072
13-Apr-12,11.58,11.61,11.52,11.60,34682
12-Apr-12,11.62,11.62,11.46,11.52,57131
11-Apr-12,11.70,11.75,11.55,11.62,79770
10-Apr-12,11.56,11.67,11.56,11.60,74073
9-Apr-12,11.43,11.62,11.43,11.54,44682
5-Apr-12,11.48,11.57,11.46,11.48,36515
4-Apr-12,11.34,11.55,11.34,11.51,87733
3-Apr-12,11.45,11.45,11.35,11.36,74178
2-Apr-12,11.42,11.55,11.39,11.39,65419
30-Mar-12,11.48,11.50,11.40,11.40,39506
29-Mar-12,11.57,11.57,11.40,11.42,40350
28-Mar-12,11.40,11.54,11.36,11.52,64967
27-Mar-12,11.25,11.33,11.14,11.33,72515
26-Mar-12,11.45,11.45,11.21,11.22,70620
23-Mar-12,11.41,11.41,11.32,11.35,54556
22-Mar-12,11.39,11.46,11.33,11.34,50990
21-Mar-12,11.33,11.44,11.33,11.44,73554
20-Mar-12,11.14,11.38,11.14,11.33,104116
19-Mar-12,11.00,11.28,10.92,11.17,180758
16-Mar-12,11.36,11.36,10.98,11.12,279147
15-Mar-12,11.63,11.63,11.37,11.38,151695
14-Mar-12,11.97,11.97,11.57,11.63,125914
13-Mar-12,11.97,12.05,11.93,12.03,36244
12-Mar-12,12.01,12.06,11.99,12.03,33152
9-Mar-12,12.00,12.08,12.00,12.08,18856
8-Mar-12,12.01,12.08,11.99,12.05,57788
7-Mar-12,11.94,12.02,11.94,12.01,90400
6-Mar-12,11.88,11.95,11.86,11.90,56810
5-Mar-12,11.98,11.99,11.93,11.97,41913
2-Mar-12,11.96,12.03,11.92,12.03,55075
1-Mar-12,11.98,12.08,11.94,11.98,62728
29-Feb-12,12.04,12.05,11.95,12.00,68335
28-Feb-12,11.98,12.09,11.89,12.05,92809
27-Feb-12,11.93,12.01,11.89,12.01,61061
24-Feb-12,11.90,11.94,11.82,11.94,66314
23-Feb-12,11.89,11.95,11.80,11.83,43718
22-Feb-12,11.90,11.93,11.83,11.88,91268
21-Feb-12,11.80,12.03,11.80,11.96,59793
17-Feb-12,11.81,11.90,11.77,11.82,66900
16-Feb-12,12.12,12.12,11.85,11.85,68583
15-Feb-12,12.08,12.17,12.06,12.17,65042
14-Feb-12,12.13,12.17,12.03,12.08,84777
13-Feb-12,12.06,12.17,12.03,12.17,64568
10-Feb-12,12.07,12.16,12.07,12.11,53520
9-Feb-12,12.18,12.20,12.08,12.16,52201
8-Feb-12,11.98,12.13,11.93,12.13,100433
7-Feb-12,11.94,12.02,11.94,12.00,67605
6-Feb-12,12.00,12.03,11.94,11.98,59302
3-Feb-12,12.14,12.15,12.04,12.06,55542
2-Feb-12,12.06,12.14,12.06,12.09,48158
1-Feb-12,12.09,12.20,12.07,12.13,83502
31-Jan-12,12.09,12.09,11.95,12.05,135106
30-Jan-12,11.84,12.04,11.84,12.03,89009
27-Jan-12,11.89,11.94,11.83,11.86,84634
26-Jan-12,11.64,11.89,11.64,11.89,182015
25-Jan-12,11.59,11.69,11.59,11.64,74337
24-Jan-12,11.58,11.65,11.58,11.60,61586
23-Jan-12,11.67,11.70,11.61,11.65,79839
20-Jan-12,11.69,11.73,11.61,11.66,73591
19-Jan-12,11.68,11.75,11.68,11.75,59724
18-Jan-12,11.62,11.70,11.59,11.68,48440
17-Jan-12,11.62,11.65,11.53,11.63,124659
13-Jan-12,11.62,11.62,11.62,11.62,0
12-Jan-12,11.53,11.63,11.53,11.62,88094
11-Jan-12,11.51,11.59,11.48,11.59,56566
10-Jan-12,11.57,11.60,11.48,11.60,61641
9-Jan-12,11.57,11.66,11.50,11.54,105130
6-Jan-12,11.43,11.54,11.35,11.50,93249
5-Jan-12,11.53,11.57,11.37,11.46,111368
4-Jan-12,11.75,11.78,11.46,11.49,84523
3-Jan-12,11.64,11.88,11.48,11.67,87115
30-Dec-11,11.64,11.64,11.64,11.64,0
29-Dec-11,11.75,11.80,11.63,11.66,69374
28-Dec-11,11.58,11.70,11.56,11.69,36526
27-Dec-11,11.67,11.70,11.51,11.53,82316
23-Dec-11,11.62,11.62,11.62,11.62,0
22-Dec-11,11.47,11.50,11.45,11.50,68915
21-Dec-11,11.35,11.47,11.34,11.39,84917
20-Dec-11,11.26,11.36,11.23,11.34,47202
19-Dec-11,11.23,11.26,11.20,11.20,51768
16-Dec-11,11.22,11.25,11.15,11.20,31908
15-Dec-11,11.25,11.27,11.14,11.15,46968
14-Dec-11,11.23,11.31,11.23,11.30,47863
13-Dec-11,11.29,11.32,11.21,11.24,28325
12-Dec-11,11.46,11.46,11.25,11.35,60543
9-Dec-11,11.31,11.46,11.19,11.40,76939
8-Dec-11,11.38,11.41,11.19,11.21,92362
7-Dec-11,11.28,11.39,11.26,11.38,44445
6-Dec-11,11.14,11.29,11.14,11.28,64490
5-Dec-11,11.15,11.21,11.07,11.21,48826
2-Dec-11,11.06,11.12,11.03,11.11,35566
1-Dec-11,11.05,11.16,11.04,11.07,72446
30-Nov-11,11.02,11.07,10.97,10.99,48631
29-Nov-11,11.05,11.08,11.00,11.04,53987
28-Nov-11,11.10,11.18,11.03,11.06,71292
25-Nov-11,11.07,11.11,11.04,11.09,21926
23-Nov-11,11.03,11.03,11.03,11.03,0
22-Nov-11,11.02,11.05,10.97,10.98,42007
21-Nov-11,10.86,11.00,10.86,10.97,43949
18-Nov-11,10.80,10.90,10.80,10.85,48718
17-Nov-11,10.94,11.05,10.80,10.82,71148
16-Nov-11,10.88,11.04,10.86,10.95,61787
15-Nov-11,11.07,11.13,10.92,10.97,95425
14-Nov-11,11.24,11.35,11.11,11.12,82258
11-Nov-11,11.27,11.35,11.23,11.23,33630
10-Nov-11,11.28,11.28,11.17,11.20,37889
9-Nov-11,11.25,11.30,11.21,11.28,44896
8-Nov-11,11.21,11.31,11.15,11.25,66967
7-Nov-11,11.06,11.23,11.03,11.21,54289
4-Nov-11,10.96,11.05,10.90,11.00,27598
3-Nov-11,10.93,11.00,10.87,10.94,45211
2-Nov-11,10.87,10.99,10.85,10.99,42411
1-Nov-11,10.76,11.02,10.76,10.91,42067
31-Oct-11,10.75,10.96,10.75,10.81,62090
28-Oct-11,10.83,10.91,10.74,10.75,47378
27-Oct-11,10.87,11.00,10.84,10.86,57708
26-Oct-11,10.82,10.87,10.75,10.84,43316
25-Oct-11,10.84,10.95,10.76,10.79,56590
24-Oct-11,10.91,11.05,10.90,10.91,66085
21-Oct-11,10.99,11.04,10.91,10.94,29574
20-Oct-11,10.81,11.08,10.76,11.06,50114
19-Oct-11,10.80,10.84,10.77,10.84,34240
18-Oct-11,10.80,10.86,10.79,10.86,23674
17-Oct-11,10.85,10.87,10.80,10.83,42603
14-Oct-11,10.82,10.89,10.80,10.88,42504
13-Oct-11,10.80,10.88,10.76,10.82,47469
12-Oct-11,10.83,10.90,10.80,10.87,42106
11-Oct-11,10.94,10.94,10.88,10.89,16873
10-Oct-11,10.92,10.98,10.85,10.96,21838
7-Oct-11,10.74,10.87,10.71,10.87,45626
6-Oct-11,10.93,10.93,10.71,10.80,38452
5-Oct-11,10.79,10.96,10.78,10.89,33516
4-Oct-11,10.96,11.05,10.68,10.85,56973
3-Oct-11,11.11,11.20,10.99,11.00,44195
30-Sep-11,11.00,11.13,10.97,11.11,28619
