Date,Open,High,Low,Close,Volume
27-Sep-12,23.79,24.17,23.71,24.17,413109
26-Sep-12,24.03,24.09,23.59,23.67,314209
25-Sep-12,23.99,24.19,23.91,23.92,454460
24-Sep-12,24.31,24.35,23.86,23.89,452734
21-Sep-12,23.90,24.28,23.78,24.28,682835
20-Sep-12,23.56,23.76,23.53,23.71,304782
19-Sep-12,23.07,23.76,23.00,23.59,667135
18-Sep-12,23.29,23.30,22.99,22.99,756140
17-Sep-12,23.85,23.86,23.26,23.31,588839
14-Sep-12,23.60,24.08,23.57,23.85,876547
13-Sep-12,24.14,24.41,24.02,24.24,917054
12-Sep-12,24.38,24.84,24.05,24.07,844111
11-Sep-12,24.11,24.36,24.03,24.31,492314
10-Sep-12,24.19,24.20,23.96,24.00,652194
7-Sep-12,23.80,24.28,23.75,24.00,926659
6-Sep-12,23.79,23.84,23.56,23.62,295179
5-Sep-12,23.64,23.76,23.46,23.66,423551
4-Sep-12,23.67,23.84,23.54,23.60,523491
31-Aug-12,23.74,23.79,23.54,23.60,1029427
30-Aug-12,23.63,23.64,23.52,23.60,146130
29-Aug-12,23.65,23.78,23.59,23.60,492067
28-Aug-12,23.63,23.71,23.55,23.59,482232
27-Aug-12,23.56,23.65,23.50,23.53,243730
24-Aug-12,23.41,23.54,23.41,23.51,274823
23-Aug-12,23.40,23.57,23.32,23.44,165013
22-Aug-12,23.50,23.52,23.26,23.37,215611
21-Aug-12,23.27,23.53,23.24,23.48,279364
20-Aug-12,23.36,23.37,23.20,23.27,398549
17-Aug-12,23.33,23.37,23.16,23.30,111259
16-Aug-12,23.55,23.66,23.18,23.35,48821
15-Aug-12,23.50,23.68,23.27,23.49,53613
14-Aug-12,23.36,23.86,23.29,23.42,158631
13-Aug-12,22.85,23.28,22.85,23.15,146933
10-Aug-12,22.70,22.84,22.65,22.82,607385
9-Aug-12,22.96,23.38,22.94,23.29,36059
8-Aug-12,22.58,23.09,22.39,22.93,47494
7-Aug-12,23.09,23.18,22.37,22.41,51593
6-Aug-12,23.01,23.18,22.59,22.93,52380
3-Aug-12,22.67,23.10,22.65,22.93,41319
2-Aug-12,22.70,22.88,22.40,22.55,346874
1-Aug-12,22.60,22.97,22.50,22.50,265555
31-Jul-12,22.40,22.60,22.40,22.57,181044
30-Jul-12,22.64,22.64,22.33,22.40,104666
27-Jul-12,22.13,22.92,22.13,22.50,268536
26-Jul-12,21.53,22.15,21.26,21.92,331997
25-Jul-12,21.46,21.58,21.38,21.50,213879
24-Jul-12,21.45,21.53,21.23,21.38,177954
23-Jul-12,21.55,21.65,21.23,21.47,219264
20-Jul-12,21.30,21.66,21.30,21.65,112227
19-Jul-12,21.49,21.59,21.32,21.34,98336
18-Jul-12,21.43,21.50,21.27,21.45,103343
17-Jul-12,21.52,21.79,21.45,21.47,130224
16-Jul-12,21.28,21.54,21.10,21.45,112518
13-Jul-12,21.26,21.49,21.25,21.34,104208
12-Jul-12,21.09,21.33,21.01,21.26,95322
11-Jul-12,21.56,21.56,21.16,21.17,120224
10-Jul-12,21.81,21.81,21.40,21.46,122189
9-Jul-12,21.80,21.95,21.72,21.76,107369
6-Jul-12,21.49,21.95,21.49,21.82,86135
5-Jul-12,21.62,21.80,21.51,21.62,113364
3-Jul-12,21.55,21.68,21.46,21.61,72704
2-Jul-12,21.42,21.54,21.20,21.53,137907
29-Jun-12,21.66,21.73,21.33,21.49,204200
28-Jun-12,20.72,21.48,20.63,21.45,292619
27-Jun-12,20.55,20.85,20.20,20.80,391605
26-Jun-12,21.07,21.13,20.62,20.93,202582
25-Jun-12,20.89,21.18,20.88,21.01,152798
22-Jun-12,21.14,21.35,20.77,21.06,883255
21-Jun-12,21.16,21.24,21.01,21.14,225564
20-Jun-12,21.21,21.27,21.05,21.22,113701
19-Jun-12,21.20,21.26,21.10,21.21,199760
18-Jun-12,21.22,21.34,21.10,21.11,108930
15-Jun-12,21.39,21.40,21.01,21.24,177485
14-Jun-12,21.09,21.40,21.00,21.32,217300
13-Jun-12,20.89,21.15,20.78,20.97,144881
12-Jun-12,20.91,21.19,20.76,20.92,203667
11-Jun-12,20.79,21.34,20.69,20.84,294505
8-Jun-12,20.62,20.74,20.38,20.68,182212
7-Jun-12,20.48,20.74,20.41,20.58,137297
6-Jun-12,20.33,20.48,20.11,20.39,149379
5-Jun-12,19.67,20.21,19.67,20.20,93973
4-Jun-12,19.75,19.84,19.55,19.70,79640
1-Jun-12,19.82,19.96,19.64,19.78,197502
31-May-12,19.99,20.15,19.88,20.01,208650
30-May-12,20.13,20.13,19.90,19.96,102973
29-May-12,20.05,20.19,19.99,20.13,110524
25-May-12,19.96,20.13,19.83,19.95,83344
24-May-12,19.70,19.99,19.59,19.94,116994
23-May-12,19.73,19.75,19.44,19.68,141733
22-May-12,19.92,20.00,19.72,19.87,106155
21-May-12,19.55,19.89,19.47,19.84,64859
18-May-12,19.44,19.74,19.26,19.54,217267
17-May-12,20.07,20.18,19.43,19.47,177237
16-May-12,20.02,20.20,19.96,20.11,98724
15-May-12,19.84,20.09,19.84,19.97,84507
14-May-12,20.02,20.35,19.85,19.89,107114
11-May-12,20.33,20.38,20.10,20.19,98594
10-May-12,20.28,20.51,20.07,20.36,166848
9-May-12,19.68,20.19,19.66,20.08,141906
8-May-12,19.64,19.78,19.57,19.72,180571
7-May-12,19.62,19.81,19.51,19.66,94512
4-May-12,19.82,19.82,19.50,19.67,68968
3-May-12,19.76,20.07,19.71,19.78,89937
2-May-12,19.70,19.88,19.70,19.78,60788
1-May-12,19.84,19.93,19.76,19.79,69569
30-Apr-12,19.85,19.93,19.71,19.80,81227
27-Apr-12,19.89,19.92,19.75,19.89,31664
26-Apr-12,19.78,19.89,19.52,19.82,43724
25-Apr-12,19.77,19.91,19.62,19.78,65403
24-Apr-12,19.39,19.65,19.33,19.58,71283
23-Apr-12,19.27,19.48,19.15,19.36,84730
20-Apr-12,19.30,19.44,19.26,19.33,64411
19-Apr-12,19.41,19.50,19.09,19.22,73410
18-Apr-12,19.55,19.55,19.37,19.37,80076
17-Apr-12,19.78,19.80,19.50,19.54,95128
16-Apr-12,19.73,19.90,19.67,19.75,113453
13-Apr-12,19.73,19.74,19.55,19.73,60417
12-Apr-12,19.56,19.81,19.49,19.74,66242
11-Apr-12,19.38,19.53,19.24,19.52,95728
10-Apr-12,19.54,19.54,19.16,19.21,126086
9-Apr-12,19.56,19.62,19.37,19.49,75287
5-Apr-12,19.50,19.68,19.45,19.65,64372
4-Apr-12,19.61,19.61,19.35,19.50,95818
3-Apr-12,19.77,19.77,19.61,19.62,49073
2-Apr-12,19.70,19.80,19.52,19.68,182207
30-Mar-12,19.35,19.79,19.31,19.74,168933
29-Mar-12,19.20,19.37,19.20,19.33,86511
28-Mar-12,19.19,19.46,19.19,19.25,176354
27-Mar-12,20.35,20.35,20.03,20.04,312961
26-Mar-12,20.12,20.34,20.12,20.27,231873
23-Mar-12,20.06,20.15,19.99,20.12,99624
22-Mar-12,20.00,20.10,19.90,20.04,138874
21-Mar-12,20.12,20.22,19.96,20.07,195673
20-Mar-12,19.85,20.02,19.85,19.96,82907
19-Mar-12,19.78,19.99,19.76,19.95,119003
16-Mar-12,20.00,20.07,19.80,19.80,213393
15-Mar-12,19.95,20.00,19.81,19.95,208701
14-Mar-12,20.20,20.25,19.80,19.87,184922
13-Mar-12,20.16,20.20,20.05,20.20,140585
12-Mar-12,20.08,20.17,20.01,20.09,117676
9-Mar-12,20.06,20.25,19.96,20.03,99305
8-Mar-12,20.04,20.15,19.95,20.06,183244
7-Mar-12,19.92,20.00,19.85,20.00,102698
6-Mar-12,19.70,19.88,19.70,19.80,131220
5-Mar-12,19.85,19.90,19.66,19.70,153076
2-Mar-12,20.08,20.12,19.83,19.83,144665
1-Mar-12,20.12,20.19,20.05,20.12,247929
29-Feb-12,19.74,19.93,19.70,19.92,314491
28-Feb-12,19.74,19.80,19.61,19.67,212326
27-Feb-12,19.73,19.80,19.52,19.74,79730
24-Feb-12,19.98,20.01,19.80,19.81,75280
23-Feb-12,19.91,20.15,19.89,20.00,126288
22-Feb-12,20.00,20.00,19.82,19.90,125351
21-Feb-12,19.94,20.01,19.81,20.01,175461
17-Feb-12,19.86,19.99,19.81,19.94,218083
16-Feb-12,19.63,19.85,19.53,19.70,271656
15-Feb-12,19.33,19.65,19.32,19.65,372076
14-Feb-12,19.27,19.48,19.24,19.36,317433
13-Feb-12,19.25,19.28,19.18,19.28,276751
10-Feb-12,19.16,19.22,19.03,19.22,126099
9-Feb-12,19.13,19.23,19.10,19.18,250896
8-Feb-12,19.10,19.14,19.03,19.13,95988
7-Feb-12,19.00,19.14,18.99,19.10,155315
6-Feb-12,19.05,19.15,19.01,19.05,109054
3-Feb-12,19.14,19.14,18.99,19.13,502108
2-Feb-12,19.07,19.13,19.03,19.13,149746
1-Feb-12,19.09,19.10,18.99,19.07,203275
31-Jan-12,19.11,19.11,18.91,19.05,387029
30-Jan-12,19.01,19.10,18.98,18.98,113052
27-Jan-12,19.08,19.10,18.97,19.07,221598
26-Jan-12,19.01,19.08,18.97,19.08,286222
25-Jan-12,19.00,19.01,18.91,18.99,287072
24-Jan-12,18.95,19.01,18.91,19.01,279281
23-Jan-12,18.85,19.00,18.85,18.98,301711
20-Jan-12,18.80,18.89,18.74,18.86,471590
19-Jan-12,18.85,19.00,18.77,18.79,3658075
18-Jan-12,19.61,19.74,19.57,19.73,86586
17-Jan-12,19.60,19.75,19.48,19.60,32834
13-Jan-12,19.58,19.58,19.58,19.58,0
12-Jan-12,19.59,19.75,19.50,19.67,30364
11-Jan-12,19.72,19.75,19.60,19.69,24615
10-Jan-12,19.75,19.80,19.54,19.69,41499
9-Jan-12,19.66,19.75,19.56,19.67,25908
6-Jan-12,19.66,19.72,19.51,19.55,26771
5-Jan-12,19.72,19.74,19.61,19.65,12086
4-Jan-12,19.96,20.12,19.58,19.72,79434
3-Jan-12,20.15,20.15,19.75,19.90,40778
30-Dec-11,20.13,20.13,20.13,20.13,0
29-Dec-11,19.89,20.45,19.40,20.45,63298
28-Dec-11,20.07,20.22,19.73,19.88,36335
27-Dec-11,20.50,20.70,20.44,20.55,103751
23-Dec-11,20.52,20.52,20.52,20.52,0
22-Dec-11,20.49,20.74,19.97,20.07,89194
21-Dec-11,20.19,20.80,20.11,20.34,55088
20-Dec-11,20.30,20.30,19.92,20.07,83445
19-Dec-11,20.53,20.56,20.06,20.23,68061
16-Dec-11,19.70,21.17,19.36,20.95,281029
15-Dec-11,19.50,19.60,19.26,19.60,16295
14-Dec-11,18.87,19.50,18.87,19.50,64179
13-Dec-11,18.94,19.14,18.75,19.10,43906
12-Dec-11,18.75,18.86,18.50,18.77,14791
9-Dec-11,18.69,19.03,18.65,19.02,23593
8-Dec-11,18.45,18.78,18.15,18.69,23757
7-Dec-11,18.15,18.64,18.15,18.61,13296
6-Dec-11,18.35,18.35,18.10,18.27,37021
5-Dec-11,18.38,18.69,18.30,18.40,18943
2-Dec-11,18.05,18.28,18.05,18.24,16828
1-Dec-11,18.07,18.31,18.03,18.03,32875
30-Nov-11,18.94,19.20,17.95,17.95,118911
29-Nov-11,18.69,18.78,18.49,18.55,17843
28-Nov-11,18.58,18.79,18.48,18.69,21576
25-Nov-11,18.28,18.65,18.18,18.18,10117
23-Nov-11,18.30,18.30,18.30,18.30,0
22-Nov-11,18.80,18.95,18.65,18.94,18773
21-Nov-11,18.87,19.10,18.75,18.76,22248
18-Nov-11,18.84,19.18,18.02,19.17,37953
17-Nov-11,19.15,19.19,18.76,18.91,46222
16-Nov-11,19.05,19.20,18.77,19.15,21736
15-Nov-11,18.84,19.25,18.84,19.20,37119
14-Nov-11,17.60,19.20,17.52,18.87,54416
11-Nov-11,17.67,17.77,16.48,17.22,56478
10-Nov-11,17.51,17.98,17.30,17.52,16116
9-Nov-11,17.70,17.75,17.25,17.26,34893
8-Nov-11,17.87,18.08,17.72,17.81,18372
7-Nov-11,17.85,18.14,17.75,17.77,15614
4-Nov-11,18.00,18.28,17.88,17.88,8373
3-Nov-11,18.42,18.42,17.98,18.14,32437
2-Nov-11,18.14,18.32,17.91,18.26,10852
1-Nov-11,18.00,18.24,17.80,17.87,26408
31-Oct-11,18.08,18.31,17.89,18.14,34869
28-Oct-11,18.70,18.84,17.52,18.29,22132
27-Oct-11,18.78,19.22,18.22,18.75,35947
26-Oct-11,18.20,18.33,17.73,18.29,15911
25-Oct-11,18.41,18.62,17.94,17.94,9664
24-Oct-11,18.32,18.67,18.32,18.58,19700
21-Oct-11,18.32,18.35,17.71,18.32,26012
20-Oct-11,18.02,18.15,17.56,18.05,41614
19-Oct-11,18.05,18.10,17.90,18.01,14057
18-Oct-11,18.22,18.48,17.98,18.20,43035
17-Oct-11,18.11,18.37,17.70,18.09,22190
14-Oct-11,18.24,18.70,18.00,18.25,11478
13-Oct-11,18.04,18.11,17.94,18.08,26618
12-Oct-11,18.19,18.20,17.92,18.16,35582
11-Oct-11,18.24,18.68,17.95,18.11,36501
10-Oct-11,18.15,18.47,17.80,18.35,45650
7-Oct-11,18.39,18.39,17.61,18.02,74608
6-Oct-11,18.29,18.40,18.10,18.36,21312
5-Oct-11,18.74,18.74,17.74,18.31,18465
4-Oct-11,18.00,18.77,17.76,18.70,73357
3-Oct-11,18.48,19.00,17.76,18.00,44580
30-Sep-11,18.30,18.85,18.01,18.70,526234
