Date,Open,High,Low,Close,Volume
27-Sep-12,15.32,15.40,15.25,15.29,12444
26-Sep-12,15.28,15.40,15.25,15.35,19158
25-Sep-12,15.41,15.43,15.31,15.35,27118
24-Sep-12,15.30,15.58,15.22,15.42,25107
21-Sep-12,15.56,15.56,15.38,15.38,20277
20-Sep-12,15.45,15.77,15.44,15.60,30864
19-Sep-12,15.33,15.56,15.33,15.56,17776
18-Sep-12,15.33,15.54,15.27,15.45,15742
17-Sep-12,15.43,15.46,15.25,15.40,16319
14-Sep-12,15.37,15.50,15.36,15.48,16506
13-Sep-12,15.26,15.49,15.26,15.41,14705
12-Sep-12,15.22,15.34,15.22,15.31,10814
11-Sep-12,15.13,15.30,15.13,15.29,16063
10-Sep-12,15.05,15.19,15.05,15.19,30076
7-Sep-12,15.21,15.28,15.19,15.20,19772
6-Sep-12,15.11,15.28,15.06,15.22,21936
5-Sep-12,15.07,15.21,15.07,15.13,20386
4-Sep-12,15.21,15.24,15.07,15.16,24764
31-Aug-12,15.20,15.36,15.00,15.21,16637
30-Aug-12,14.92,15.20,14.91,15.11,12137
29-Aug-12,14.95,15.12,14.85,15.12,19748
28-Aug-12,15.19,15.19,14.83,15.05,25064
27-Aug-12,15.17,15.20,15.15,15.16,22734
24-Aug-12,15.04,15.15,15.01,15.09,15871
23-Aug-12,15.10,15.32,15.04,15.12,19801
22-Aug-12,15.28,15.37,15.08,15.23,17256
21-Aug-12,15.25,15.49,15.18,15.47,29114
20-Aug-12,15.38,15.44,15.19,15.24,21941
17-Aug-12,15.23,15.47,15.23,15.44,11164
16-Aug-12,15.11,15.32,15.03,15.32,5724
15-Aug-12,15.16,15.17,15.04,15.15,13612
14-Aug-12,15.23,15.25,15.17,15.24,4836
13-Aug-12,14.97,15.23,14.96,15.16,3348
10-Aug-12,15.09,15.09,14.85,15.05,1459
9-Aug-12,15.04,15.26,15.04,15.09,1033
8-Aug-12,14.83,15.06,14.83,15.04,1982
7-Aug-12,14.77,14.89,14.77,14.83,2678
6-Aug-12,14.71,14.80,14.71,14.74,6663
3-Aug-12,14.85,14.85,14.61,14.76,4979
2-Aug-12,14.70,14.85,14.69,14.76,30195
1-Aug-12,14.62,14.82,14.60,14.70,30579
31-Jul-12,14.44,14.74,14.44,14.59,28878
30-Jul-12,14.34,14.49,14.34,14.46,21643
27-Jul-12,14.52,14.52,14.29,14.35,62801
26-Jul-12,14.39,14.68,14.33,14.57,25589
25-Jul-12,14.34,14.41,14.21,14.30,16155
24-Jul-12,14.45,14.67,14.15,14.21,30893
23-Jul-12,14.72,14.75,14.33,14.43,29057
20-Jul-12,14.70,14.81,14.50,14.64,26281
19-Jul-12,14.76,14.87,14.70,14.85,16868
18-Jul-12,14.58,14.80,14.58,14.79,18928
17-Jul-12,14.59,14.71,14.48,14.67,40398
16-Jul-12,14.52,14.63,14.41,14.63,13766
13-Jul-12,14.45,14.57,14.24,14.46,29470
12-Jul-12,14.26,14.72,14.20,14.45,15980
11-Jul-12,14.21,14.38,14.17,14.26,8011
10-Jul-12,14.42,14.50,14.25,14.25,30864
9-Jul-12,14.23,14.48,14.19,14.47,7259
6-Jul-12,14.14,14.45,14.14,14.27,20907
5-Jul-12,14.33,14.40,14.18,14.27,10209
3-Jul-12,14.27,14.39,14.08,14.39,17016
2-Jul-12,14.15,14.26,14.07,14.23,18347
29-Jun-12,14.69,14.80,14.20,14.20,21305
28-Jun-12,14.23,14.48,14.23,14.47,4935
27-Jun-12,14.36,14.38,14.27,14.29,12138
26-Jun-12,14.21,14.39,14.20,14.37,17487
25-Jun-12,14.25,14.25,14.20,14.21,13035
22-Jun-12,14.00,14.28,14.00,14.28,18690
21-Jun-12,14.09,14.12,14.00,14.06,13692
20-Jun-12,14.15,14.22,14.05,14.17,11316
19-Jun-12,14.01,14.27,14.01,14.27,11686
18-Jun-12,13.85,14.06,13.85,14.01,15483
15-Jun-12,13.83,13.98,13.83,13.85,11111
14-Jun-12,13.80,13.97,13.80,13.83,9782
13-Jun-12,13.80,13.88,13.76,13.85,6790
12-Jun-12,13.76,13.90,13.76,13.85,10741
11-Jun-12,14.00,14.00,13.80,13.85,11337
8-Jun-12,13.77,14.00,13.77,14.00,6141
7-Jun-12,13.90,13.91,13.76,13.85,7291
6-Jun-12,13.71,13.93,13.71,13.92,11217
5-Jun-12,13.65,13.77,13.65,13.70,7728
4-Jun-12,13.66,13.77,13.66,13.72,11705
1-Jun-12,13.83,13.83,13.50,13.73,28942
31-May-12,13.84,13.92,13.79,13.88,21966
30-May-12,13.78,13.92,13.70,13.79,24824
29-May-12,13.87,13.97,13.83,13.89,13868
25-May-12,14.00,14.00,13.87,13.90,23407
24-May-12,14.01,14.12,13.92,14.07,13901
23-May-12,13.76,13.92,13.71,13.92,24206
22-May-12,14.01,14.05,13.83,13.85,31861
21-May-12,13.99,14.02,13.83,14.01,14847
18-May-12,14.07,14.16,13.95,14.08,16416
17-May-12,14.06,14.12,13.98,14.07,21718
16-May-12,14.09,14.14,14.01,14.09,13339
15-May-12,14.00,14.04,13.99,13.99,15121
14-May-12,14.02,14.09,13.98,13.99,9108
11-May-12,13.96,14.15,13.96,14.14,18161
10-May-12,14.12,14.38,14.00,14.02,28397
9-May-12,14.06,14.17,14.00,14.15,12992
8-May-12,14.20,14.24,14.12,14.13,8400
7-May-12,14.12,14.22,14.10,14.22,15348
4-May-12,13.98,14.09,13.91,14.05,18385
3-May-12,14.05,14.12,13.98,14.00,21679
2-May-12,14.22,14.26,14.06,14.07,23322
1-May-12,14.48,14.48,14.20,14.30,23587
30-Apr-12,14.25,14.47,14.22,14.43,33153
27-Apr-12,14.35,14.35,14.23,14.23,11125
26-Apr-12,14.20,14.35,14.20,14.30,8806
25-Apr-12,14.16,14.30,14.15,14.22,31358
24-Apr-12,14.63,14.67,14.05,14.19,60972
23-Apr-12,14.42,14.56,14.30,14.50,13198
20-Apr-12,14.55,14.55,14.42,14.42,7810
19-Apr-12,14.40,14.54,14.40,14.54,7464
18-Apr-12,14.39,14.46,14.35,14.42,14426
17-Apr-12,14.30,14.50,14.30,14.40,31964
16-Apr-12,14.30,14.46,14.20,14.28,29144
13-Apr-12,14.24,14.26,14.16,14.24,12063
12-Apr-12,14.22,14.33,14.08,14.24,22981
11-Apr-12,14.17,14.25,14.17,14.22,12327
10-Apr-12,14.20,14.20,14.08,14.14,22819
9-Apr-12,14.01,14.30,13.99,14.19,35843
5-Apr-12,14.15,14.22,14.05,14.21,76023
4-Apr-12,14.13,14.20,14.10,14.11,64705
3-Apr-12,14.05,14.21,14.04,14.15,28485
2-Apr-12,14.22,14.39,14.11,14.11,53149
30-Mar-12,14.04,14.22,13.98,14.22,24293
29-Mar-12,14.04,14.04,13.78,13.99,25012
28-Mar-12,13.63,14.02,13.63,13.95,92293
27-Mar-12,14.06,14.16,13.64,13.67,210135
26-Mar-12,14.53,14.58,13.89,14.15,34959
23-Mar-12,14.44,14.68,14.40,14.40,40744
22-Mar-12,14.34,14.53,14.05,14.53,60392
21-Mar-12,14.80,14.87,14.26,14.53,74083
20-Mar-12,15.12,15.12,14.90,14.95,42816
19-Mar-12,15.54,15.55,15.06,15.11,56709
16-Mar-12,15.71,15.72,15.43,15.47,57205
15-Mar-12,15.44,15.88,15.43,15.62,76885
14-Mar-12,15.42,15.44,15.34,15.44,19164
13-Mar-12,15.40,15.44,15.39,15.43,21645
12-Mar-12,15.40,15.52,15.36,15.43,51020
9-Mar-12,15.36,15.52,15.35,15.48,39683
8-Mar-12,15.30,15.44,15.21,15.38,24710
7-Mar-12,15.22,15.29,15.12,15.24,110988
6-Mar-12,15.26,15.28,14.90,15.27,60303
5-Mar-12,15.53,15.55,15.31,15.40,20101
2-Mar-12,15.45,15.58,15.45,15.54,48434
1-Mar-12,15.53,15.58,15.40,15.50,21443
29-Feb-12,15.46,15.65,15.46,15.60,14061
28-Feb-12,15.48,15.55,15.39,15.52,14369
27-Feb-12,15.50,15.55,15.31,15.44,36627
24-Feb-12,15.61,15.70,15.45,15.62,28242
23-Feb-12,15.46,15.67,15.45,15.54,23917
22-Feb-12,15.59,15.59,15.43,15.45,24264
21-Feb-12,15.48,15.60,15.47,15.59,44137
17-Feb-12,15.50,15.50,15.25,15.40,26093
16-Feb-12,15.80,15.80,15.39,15.49,39736
15-Feb-12,16.10,16.10,15.20,15.47,35305
14-Feb-12,15.44,15.62,15.41,15.60,16581
13-Feb-12,15.17,15.67,15.17,15.41,31937
10-Feb-12,15.29,15.29,15.11,15.17,21226
9-Feb-12,15.12,15.39,15.12,15.24,17437
8-Feb-12,15.17,15.23,15.10,15.11,13670
7-Feb-12,15.04,15.24,15.02,15.09,36659
6-Feb-12,14.87,15.07,14.86,15.04,17375
3-Feb-12,15.00,15.04,14.83,14.98,37902
2-Feb-12,14.91,14.99,14.71,14.93,15723
1-Feb-12,14.91,15.09,14.90,14.92,21915
31-Jan-12,14.92,14.96,14.78,14.90,16453
30-Jan-12,14.74,14.78,14.69,14.70,21778
27-Jan-12,14.95,14.95,14.84,14.88,13053
26-Jan-12,14.77,14.92,14.75,14.92,34153
25-Jan-12,14.65,14.77,14.61,14.75,50563
24-Jan-12,14.78,14.83,14.58,14.69,31560
23-Jan-12,14.84,14.84,14.63,14.81,24871
20-Jan-12,14.65,14.96,14.61,14.78,26742
19-Jan-12,14.45,14.90,14.41,14.76,56503
18-Jan-12,14.56,14.60,14.42,14.46,31437
17-Jan-12,14.76,14.77,14.40,14.64,55639
13-Jan-12,14.71,14.71,14.71,14.71,0
12-Jan-12,14.65,14.80,14.51,14.75,20676
11-Jan-12,14.53,14.70,14.53,14.69,40551
10-Jan-12,14.61,14.65,14.50,14.63,26665
9-Jan-12,14.36,14.48,14.35,14.48,22007
6-Jan-12,14.47,14.48,14.35,14.36,12927
5-Jan-12,14.32,14.46,14.31,14.45,38893
4-Jan-12,14.21,14.25,14.16,14.25,22215
3-Jan-12,14.19,14.25,14.14,14.16,25334
30-Dec-11,14.14,14.14,14.14,14.14,0
29-Dec-11,13.96,13.99,13.85,13.89,16244
28-Dec-11,14.00,14.09,14.00,14.00,12522
27-Dec-11,14.02,14.07,13.95,14.01,25314
23-Dec-11,14.10,14.10,14.10,14.10,0
22-Dec-11,13.95,14.21,13.95,14.09,16264
21-Dec-11,14.00,14.03,13.92,13.96,23694
20-Dec-11,14.00,14.00,13.50,13.92,31993
19-Dec-11,13.91,14.14,13.87,13.95,20757
16-Dec-11,13.72,13.97,13.71,13.86,32881
15-Dec-11,13.57,13.89,13.57,13.75,22168
14-Dec-11,13.59,13.59,13.46,13.49,18299
13-Dec-11,13.63,13.64,13.49,13.58,45082
12-Dec-11,13.61,13.66,13.44,13.60,12543
9-Dec-11,13.59,13.69,13.51,13.59,17878
8-Dec-11,13.64,13.64,13.42,13.44,15911
7-Dec-11,13.69,13.69,13.52,13.61,21499
6-Dec-11,13.65,13.70,13.57,13.66,27925
5-Dec-11,13.61,13.78,13.55,13.57,32418
2-Dec-11,13.76,13.76,13.49,13.53,27320
1-Dec-11,13.69,13.75,13.42,13.69,20342
30-Nov-11,13.75,13.75,13.56,13.63,37473
29-Nov-11,13.51,13.51,13.46,13.50,11162
28-Nov-11,13.61,13.61,13.49,13.52,12186
25-Nov-11,13.28,13.36,13.27,13.34,6541
23-Nov-11,13.23,13.23,13.23,13.23,0
22-Nov-11,13.54,13.54,13.38,13.48,39389
21-Nov-11,13.36,13.40,13.30,13.40,14356
18-Nov-11,13.50,13.54,13.32,13.45,24855
17-Nov-11,13.60,13.74,13.25,13.50,41451
16-Nov-11,13.44,13.58,13.41,13.58,20342
15-Nov-11,13.37,13.50,13.37,13.49,17752
14-Nov-11,13.43,13.44,13.28,13.37,7976
11-Nov-11,13.26,13.46,13.26,13.39,16083
10-Nov-11,13.31,13.34,13.18,13.18,14253
9-Nov-11,13.28,13.28,13.12,13.19,30239
8-Nov-11,13.21,13.34,13.19,13.31,17617
7-Nov-11,13.25,13.32,13.16,13.17,21576
4-Nov-11,13.14,13.19,13.12,13.19,6644
3-Nov-11,13.23,13.23,13.06,13.14,19249
2-Nov-11,13.22,13.27,13.11,13.19,15554
1-Nov-11,13.15,13.16,13.00,13.05,26624
31-Oct-11,13.37,13.37,13.18,13.22,19557
28-Oct-11,13.32,13.36,13.14,13.25,26099
27-Oct-11,13.60,13.60,13.05,13.18,49638
26-Oct-11,13.35,13.35,13.07,13.18,29260
25-Oct-11,13.15,13.20,12.86,13.08,74292
24-Oct-11,13.53,13.66,13.08,13.15,107564
21-Oct-11,14.42,14.42,13.55,13.55,88733
20-Oct-11,14.22,14.29,14.02,14.20,29910
19-Oct-11,14.11,14.28,14.02,14.23,42266
18-Oct-11,13.87,14.08,13.70,14.08,24182
17-Oct-11,13.62,13.83,13.57,13.81,43097
14-Oct-11,13.54,13.58,13.37,13.53,34129
13-Oct-11,13.33,13.38,13.18,13.33,17374
12-Oct-11,13.39,13.39,13.18,13.39,16292
11-Oct-11,13.38,13.40,13.23,13.28,33016
10-Oct-11,13.15,13.57,13.15,13.48,25738
7-Oct-11,13.18,13.25,13.00,13.03,21362
6-Oct-11,12.83,13.18,12.79,13.00,25653
5-Oct-11,12.43,12.82,12.43,12.76,23500
4-Oct-11,12.56,12.63,12.15,12.34,64219
3-Oct-11,13.39,13.47,12.65,12.85,61792
30-Sep-11,13.30,13.47,13.30,13.38,20715
