Date,Open,High,Low,Close,Volume
27-Sep-12,9.78,9.78,9.73,9.75,28688
26-Sep-12,9.66,9.80,9.66,9.75,58223
25-Sep-12,9.64,9.72,9.64,9.70,41852
24-Sep-12,9.62,9.69,9.61,9.66,22874
21-Sep-12,9.57,9.64,9.56,9.62,15189
20-Sep-12,9.51,9.59,9.51,9.58,23630
19-Sep-12,9.47,9.53,9.47,9.53,49803
18-Sep-12,9.44,9.49,9.44,9.49,15340
17-Sep-12,9.46,9.49,9.44,9.46,13578
14-Sep-12,9.45,9.52,9.45,9.50,23433
13-Sep-12,9.43,9.53,9.43,9.52,11312
12-Sep-12,9.44,9.48,9.44,9.48,16898
11-Sep-12,9.45,9.47,9.43,9.47,16414
10-Sep-12,9.41,9.45,9.41,9.45,5313
7-Sep-12,9.41,9.44,9.40,9.44,9995
6-Sep-12,9.41,9.44,9.41,9.43,27471
5-Sep-12,9.41,9.48,9.41,9.44,15643
4-Sep-12,9.49,9.49,9.42,9.46,21722
31-Aug-12,9.44,9.50,9.41,9.46,15862
30-Aug-12,9.37,9.45,9.37,9.45,30613
29-Aug-12,9.32,9.43,9.32,9.42,29749
28-Aug-12,9.28,9.34,9.28,9.33,42702
27-Aug-12,9.24,9.34,9.24,9.29,41893
24-Aug-12,9.24,9.32,9.24,9.29,20777
23-Aug-12,9.27,9.32,9.26,9.29,12443
22-Aug-12,9.27,9.31,9.18,9.23,67796
21-Aug-12,9.34,9.41,9.26,9.33,55018
20-Aug-12,9.39,9.41,9.39,9.39,15313
17-Aug-12,9.38,9.42,9.38,9.41,4196
16-Aug-12,9.35,9.45,9.35,9.40,2795
15-Aug-12,9.24,9.41,9.24,9.40,12430
14-Aug-12,9.24,9.27,9.21,9.27,2400
13-Aug-12,9.36,9.36,9.20,9.23,27369
10-Aug-12,9.33,9.39,9.32,9.38,8495
9-Aug-12,9.35,9.39,9.31,9.35,9527
8-Aug-12,9.37,9.39,9.36,9.39,7022
7-Aug-12,9.41,9.43,9.41,9.42,10174
6-Aug-12,9.39,9.45,9.39,9.43,7840
3-Aug-12,9.39,9.42,9.39,9.39,5725
2-Aug-12,9.38,9.45,9.38,9.41,38587
1-Aug-12,9.40,9.43,9.38,9.40,14614
31-Jul-12,9.41,9.43,9.39,9.42,54107
30-Jul-12,9.38,9.40,9.35,9.38,32449
27-Jul-12,9.40,9.42,9.40,9.41,29391
26-Jul-12,9.38,9.42,9.38,9.42,12710
25-Jul-12,9.36,9.41,9.36,9.40,44966
24-Jul-12,9.32,9.39,9.32,9.39,22088
23-Jul-12,9.27,9.36,9.27,9.36,11880
20-Jul-12,9.27,9.34,9.27,9.32,29501
19-Jul-12,9.28,9.32,9.28,9.31,10589
18-Jul-12,9.27,9.33,9.26,9.31,12751
17-Jul-12,9.23,9.33,9.23,9.32,11199
16-Jul-12,9.24,9.28,9.24,9.27,26058
13-Jul-12,9.23,9.32,9.23,9.26,10583
12-Jul-12,9.25,9.28,9.23,9.25,41646
11-Jul-12,9.28,9.37,9.28,9.33,52437
10-Jul-12,9.27,9.32,9.26,9.28,31776
9-Jul-12,9.23,9.31,9.23,9.30,21000
6-Jul-12,9.20,9.26,9.20,9.25,11184
5-Jul-12,9.16,9.26,9.16,9.25,33133
3-Jul-12,9.20,9.23,9.20,9.21,9626
2-Jul-12,9.13,9.24,9.13,9.21,12106
29-Jun-12,9.12,9.20,9.12,9.17,13820
28-Jun-12,9.06,9.17,9.06,9.16,37832
27-Jun-12,8.92,9.13,8.92,9.13,72766
26-Jun-12,8.90,8.99,8.83,8.99,106731
25-Jun-12,8.91,8.93,8.86,8.90,58573
22-Jun-12,8.95,8.96,8.88,8.94,84096
21-Jun-12,8.95,8.98,8.92,8.94,60114
20-Jun-12,8.90,8.98,8.90,8.93,70826
19-Jun-12,8.95,8.97,8.90,8.93,70977
18-Jun-12,8.93,8.98,8.90,8.97,83438
15-Jun-12,8.98,9.04,8.88,8.96,86768
14-Jun-12,9.19,9.19,9.01,9.01,99476
13-Jun-12,9.26,9.26,9.11,9.15,76626
12-Jun-12,9.25,9.30,9.25,9.26,16274
11-Jun-12,9.26,9.28,9.26,9.28,8850
8-Jun-12,9.23,9.33,9.23,9.29,14300
7-Jun-12,9.24,9.30,9.21,9.28,22687
6-Jun-12,9.25,9.30,9.23,9.29,24280
5-Jun-12,9.15,9.28,9.15,9.27,33452
4-Jun-12,9.15,9.21,9.15,9.18,7596
1-Jun-12,9.14,9.20,9.14,9.19,13307
31-May-12,9.19,9.20,9.13,9.19,20764
30-May-12,9.06,9.18,9.06,9.18,25752
29-May-12,9.12,9.14,9.11,9.13,17656
25-May-12,9.11,9.15,9.11,9.13,7074
24-May-12,9.13,9.13,9.09,9.11,9317
23-May-12,9.11,9.17,9.11,9.16,16244
22-May-12,9.12,9.13,9.11,9.11,9110
21-May-12,9.13,9.14,9.11,9.12,10532
18-May-12,9.12,9.15,9.11,9.12,17932
17-May-12,9.13,9.19,9.13,9.19,24653
16-May-12,9.15,9.18,9.13,9.17,12645
15-May-12,9.15,9.20,9.12,9.17,22561
14-May-12,9.14,9.19,9.12,9.16,31217
11-May-12,9.14,9.18,9.14,9.18,10701
10-May-12,9.17,9.23,9.17,9.23,15166
9-May-12,9.11,9.18,9.11,9.18,24768
8-May-12,9.10,9.15,9.10,9.14,21166
7-May-12,9.09,9.15,9.09,9.12,24825
4-May-12,9.09,9.12,9.09,9.12,8034
3-May-12,9.10,9.13,9.09,9.11,9583
2-May-12,9.10,9.15,9.09,9.13,24496
1-May-12,9.11,9.16,9.11,9.13,14288
30-Apr-12,9.10,9.14,9.10,9.12,12096
27-Apr-12,9.08,9.13,9.08,9.10,6562
26-Apr-12,9.06,9.12,9.06,9.10,12041
25-Apr-12,9.08,9.10,9.06,9.08,13090
24-Apr-12,9.04,9.11,9.04,9.07,35455
23-Apr-12,8.95,9.04,8.94,9.02,20833
20-Apr-12,8.95,8.99,8.95,8.98,1156
19-Apr-12,8.95,8.98,8.95,8.97,9151
18-Apr-12,8.95,8.97,8.95,8.96,9903
17-Apr-12,8.95,8.97,8.95,8.96,23074
16-Apr-12,8.90,8.96,8.90,8.96,8908
13-Apr-12,8.89,8.94,8.89,8.94,11886
12-Apr-12,8.88,8.95,8.88,8.92,17699
11-Apr-12,8.89,8.93,8.87,8.92,27111
10-Apr-12,8.88,8.95,8.88,8.95,11002
9-Apr-12,8.82,8.96,8.82,8.96,15046
5-Apr-12,8.75,8.88,8.75,8.88,22816
4-Apr-12,8.83,8.85,8.81,8.83,14581
3-Apr-12,8.88,8.89,8.86,8.88,11198
2-Apr-12,8.86,8.96,8.86,8.92,27576
30-Mar-12,8.85,8.92,8.85,8.89,35389
29-Mar-12,8.80,8.89,8.72,8.89,46032
28-Mar-12,8.67,8.90,7.72,8.85,21683
27-Mar-12,8.61,8.70,8.56,8.70,44218
26-Mar-12,8.67,8.71,8.62,8.66,37865
23-Mar-12,8.72,8.73,8.66,8.71,37533
22-Mar-12,8.66,8.74,8.66,8.70,26312
21-Mar-12,8.63,8.76,8.63,8.71,74305
20-Mar-12,8.58,8.73,8.58,8.69,31740
19-Mar-12,8.39,8.61,8.39,8.60,41562
16-Mar-12,8.60,8.66,8.43,8.48,50869
15-Mar-12,8.90,8.90,8.68,8.68,116622
14-Mar-12,9.12,9.12,8.90,8.92,34001
13-Mar-12,9.11,9.17,9.11,9.11,21430
12-Mar-12,9.14,9.14,9.08,9.13,10548
9-Mar-12,9.13,9.16,9.11,9.16,47637
8-Mar-12,9.09,9.15,9.09,9.11,23767
7-Mar-12,9.06,9.13,9.06,9.09,17679
6-Mar-12,9.16,9.18,9.07,9.08,60966
5-Mar-12,9.23,9.25,9.20,9.21,29991
2-Mar-12,9.20,9.25,9.20,9.24,13733
1-Mar-12,9.14,9.23,9.14,9.23,28223
29-Feb-12,9.13,9.19,9.13,9.17,29800
28-Feb-12,9.11,9.19,9.11,9.17,23107
27-Feb-12,9.04,9.18,9.03,9.17,19542
24-Feb-12,8.97,9.09,8.97,9.06,18875
23-Feb-12,8.96,9.01,8.95,8.97,43229
22-Feb-12,8.96,9.04,8.95,9.01,22902
21-Feb-12,8.88,9.02,8.88,8.98,40058
17-Feb-12,8.87,8.96,8.87,8.90,46439
16-Feb-12,9.06,9.09,8.91,8.92,61418
15-Feb-12,9.06,9.11,9.05,9.07,35337
14-Feb-12,9.13,9.18,9.08,9.09,66942
13-Feb-12,9.17,9.21,9.17,9.19,56562
10-Feb-12,9.12,9.16,9.11,9.16,23334
9-Feb-12,9.14,9.17,9.13,9.13,35808
8-Feb-12,9.10,9.16,9.09,9.12,45108
7-Feb-12,9.08,9.16,9.08,9.12,36211
6-Feb-12,9.15,9.18,9.11,9.12,59480
3-Feb-12,9.28,9.29,9.21,9.21,31660
2-Feb-12,9.30,9.32,9.25,9.25,44847
1-Feb-12,9.34,9.35,9.31,9.33,34112
31-Jan-12,9.29,9.35,9.29,9.32,24268
30-Jan-12,9.26,9.37,9.22,9.31,63284
27-Jan-12,9.24,9.34,9.20,9.31,41140
26-Jan-12,9.25,9.31,9.24,9.31,40245
25-Jan-12,9.18,9.22,9.15,9.20,23726
24-Jan-12,9.17,9.25,9.16,9.18,69773
23-Jan-12,9.02,9.16,9.01,9.16,48864
20-Jan-12,9.03,9.03,8.96,9.00,50243
19-Jan-12,9.03,9.03,8.97,9.02,27106
18-Jan-12,8.96,8.98,8.92,8.98,17796
17-Jan-12,8.94,8.98,8.90,8.92,30033
13-Jan-12,8.91,8.91,8.91,8.91,0
12-Jan-12,8.85,8.91,8.85,8.88,17649
11-Jan-12,8.90,8.95,8.88,8.95,37534
10-Jan-12,8.94,8.99,8.90,8.94,39099
9-Jan-12,8.89,9.03,8.89,8.98,43632
6-Jan-12,8.83,8.95,8.83,8.90,39736
5-Jan-12,8.84,8.90,8.81,8.85,15642
4-Jan-12,8.85,8.93,8.79,8.85,32730
3-Jan-12,8.89,8.94,8.76,8.89,28080
30-Dec-11,8.94,8.94,8.94,8.94,0
29-Dec-11,8.83,8.89,8.83,8.89,25834
28-Dec-11,8.84,8.95,8.84,8.92,48765
27-Dec-11,8.80,8.93,8.69,8.90,91972
23-Dec-11,8.84,8.84,8.84,8.84,0
22-Dec-11,8.86,8.92,8.71,8.89,91214
21-Dec-11,8.80,8.81,8.74,8.81,34841
20-Dec-11,8.84,8.84,8.73,8.75,81640
19-Dec-11,8.88,8.88,8.70,8.75,61326
16-Dec-11,8.65,8.83,8.65,8.83,70006
15-Dec-11,8.61,8.69,8.57,8.69,56176
14-Dec-11,8.58,8.62,8.46,8.59,27215
13-Dec-11,8.59,8.60,8.55,8.56,25389
12-Dec-11,8.55,8.61,8.54,8.59,65884
9-Dec-11,8.61,8.61,8.51,8.58,44315
8-Dec-11,8.50,8.62,8.49,8.57,39813
7-Dec-11,8.49,8.57,8.49,8.54,39622
6-Dec-11,8.48,8.55,8.48,8.53,23302
5-Dec-11,8.46,8.54,8.46,8.52,34857
2-Dec-11,8.39,8.50,8.39,8.49,24725
1-Dec-11,8.39,8.44,8.34,8.43,40639
30-Nov-11,8.29,8.38,8.23,8.34,36804
29-Nov-11,8.39,8.49,8.21,8.21,57723
28-Nov-11,8.43,8.53,8.35,8.35,40032
25-Nov-11,8.33,8.51,8.33,8.44,14077
23-Nov-11,8.40,8.40,8.40,8.40,0
22-Nov-11,8.40,8.40,8.32,8.40,32821
21-Nov-11,8.24,8.40,8.24,8.40,88717
18-Nov-11,8.25,8.32,8.22,8.26,46893
17-Nov-11,8.28,8.28,8.20,8.23,20109
16-Nov-11,8.21,8.29,8.20,8.25,30117
15-Nov-11,8.27,8.29,8.20,8.29,27986
14-Nov-11,8.25,8.27,8.21,8.24,38152
11-Nov-11,8.18,8.23,8.16,8.23,20524
10-Nov-11,8.23,8.23,8.14,8.23,41952
9-Nov-11,8.20,8.22,8.15,8.21,48600
8-Nov-11,8.10,8.22,8.10,8.20,62576
7-Nov-11,8.11,8.14,8.11,8.13,27440
4-Nov-11,8.10,8.15,8.04,8.15,63801
3-Nov-11,7.99,8.07,7.97,8.03,52318
2-Nov-11,8.03,8.06,7.95,7.97,44442
1-Nov-11,7.93,8.07,7.93,8.02,25340
31-Oct-11,8.02,8.05,8.00,8.01,28161
28-Oct-11,8.06,8.10,8.03,8.03,22747
27-Oct-11,8.20,8.20,8.06,8.06,11414
26-Oct-11,8.03,8.15,8.02,8.15,28698
25-Oct-11,8.03,8.10,8.02,8.10,37701
24-Oct-11,8.09,8.13,8.03,8.09,44091
21-Oct-11,8.05,8.09,8.05,8.09,10695
20-Oct-11,8.03,8.05,8.00,8.05,21594
19-Oct-11,8.00,8.05,7.99,8.03,14117
18-Oct-11,8.07,8.09,7.99,7.99,16280
17-Oct-11,8.12,8.12,7.99,8.01,16484
14-Oct-11,8.04,8.14,8.04,8.09,43713
13-Oct-11,7.96,8.08,7.96,8.08,21547
12-Oct-11,8.00,8.07,7.95,8.01,42228
11-Oct-11,8.03,8.08,7.97,8.05,16930
10-Oct-11,7.93,8.06,7.93,8.03,35223
7-Oct-11,7.89,7.94,7.88,7.94,24266
6-Oct-11,7.97,8.00,7.90,7.94,19185
5-Oct-11,8.04,8.07,7.96,7.96,33770
4-Oct-11,8.07,8.08,7.96,7.96,28560
3-Oct-11,7.95,8.12,7.95,8.07,40209
30-Sep-11,8.06,8.15,7.95,7.98,55478
