Date,Open,High,Low,Close,Volume
27-Sep-12,23.59,24.26,23.35,24.01,392316
26-Sep-12,23.41,23.79,22.78,23.28,480057
25-Sep-12,24.16,24.67,23.31,23.40,339681
24-Sep-12,23.68,24.27,23.54,23.99,276181
21-Sep-12,24.51,24.89,23.93,23.96,776356
20-Sep-12,23.78,24.28,23.69,24.16,286641
19-Sep-12,24.34,24.46,23.98,24.11,249559
18-Sep-12,24.37,24.98,24.15,24.30,308560
17-Sep-12,24.62,24.62,24.08,24.54,400485
14-Sep-12,24.48,25.23,24.48,24.83,358419
13-Sep-12,23.37,24.69,23.29,24.25,351305
12-Sep-12,23.39,23.61,22.85,23.43,143530
11-Sep-12,23.40,23.92,23.18,23.26,277830
10-Sep-12,22.87,23.70,22.87,23.36,213239
7-Sep-12,22.73,23.44,22.64,22.95,622396
6-Sep-12,21.98,22.55,21.98,22.50,353146
5-Sep-12,21.57,21.80,21.51,21.76,235600
4-Sep-12,21.30,21.65,21.12,21.53,235565
31-Aug-12,21.95,22.22,21.53,21.69,164551
30-Aug-12,21.78,21.98,21.49,21.74,175881
29-Aug-12,22.24,22.37,21.66,22.05,193739
28-Aug-12,22.05,22.35,21.76,22.19,254493
27-Aug-12,22.51,22.54,21.93,22.05,254031
24-Aug-12,22.89,22.90,22.29,22.49,296179
23-Aug-12,23.46,23.61,22.89,22.98,203661
22-Aug-12,23.51,23.82,23.16,23.57,241183
21-Aug-12,23.81,24.29,23.26,23.54,291605
20-Aug-12,23.55,23.76,23.25,23.61,242111
17-Aug-12,23.49,23.91,23.26,23.71,84291
16-Aug-12,23.23,23.65,22.80,23.50,71557
15-Aug-12,23.18,23.26,22.84,23.22,77304
14-Aug-12,23.98,24.05,23.17,23.28,141473
13-Aug-12,24.24,24.31,23.23,23.73,110213
10-Aug-12,24.57,24.57,24.14,24.41,113055
9-Aug-12,24.41,25.08,24.25,24.75,51779
8-Aug-12,24.15,24.85,24.02,24.38,93221
7-Aug-12,24.38,24.95,24.18,24.30,126982
6-Aug-12,24.62,24.62,23.84,24.23,126283
3-Aug-12,24.69,25.51,24.46,24.47,116070
2-Aug-12,25.20,26.00,23.91,24.14,571673
1-Aug-12,24.74,25.96,23.19,25.31,1197356
31-Jul-12,22.51,23.00,22.29,22.45,370028
30-Jul-12,22.60,22.75,22.15,22.56,167968
27-Jul-12,21.82,22.69,21.49,22.57,258301
26-Jul-12,22.31,22.32,21.41,21.74,267427
25-Jul-12,21.76,21.90,21.28,21.79,445178
24-Jul-12,21.91,21.91,21.25,21.55,364309
23-Jul-12,21.64,21.94,21.45,21.81,301767
20-Jul-12,22.40,22.82,22.26,22.27,288547
19-Jul-12,22.66,22.98,22.48,22.68,189463
18-Jul-12,22.49,22.95,22.04,22.54,213843
17-Jul-12,22.81,22.84,22.17,22.61,206240
16-Jul-12,22.67,22.85,22.29,22.66,169260
13-Jul-12,22.40,22.91,22.40,22.78,178495
12-Jul-12,22.07,22.50,21.56,22.27,288553
11-Jul-12,22.28,22.49,21.95,22.30,207671
10-Jul-12,22.70,23.23,21.90,22.23,303047
9-Jul-12,23.01,23.01,22.35,22.55,263015
6-Jul-12,23.04,23.36,22.81,22.90,332591
5-Jul-12,23.41,23.91,23.17,23.44,201270
3-Jul-12,22.84,23.83,22.80,23.48,219013
2-Jul-12,22.77,23.00,22.37,22.75,250393
29-Jun-12,22.23,23.00,22.21,22.63,579217
28-Jun-12,21.34,21.62,21.10,21.59,353972
27-Jun-12,21.30,21.79,21.20,21.64,456049
26-Jun-12,21.26,21.38,20.99,21.19,485366
25-Jun-12,21.72,21.72,21.07,21.16,617255
22-Jun-12,21.83,22.30,21.56,22.08,568541
21-Jun-12,22.23,22.41,21.48,21.62,279333
20-Jun-12,22.35,22.61,21.98,22.30,282236
19-Jun-12,21.79,22.69,21.65,22.27,543903
18-Jun-12,21.39,21.74,21.04,21.59,427907
15-Jun-12,20.82,21.69,20.34,21.61,894462
14-Jun-12,20.70,21.07,20.43,20.82,267624
13-Jun-12,21.06,21.26,20.62,20.73,367241
12-Jun-12,20.68,21.19,20.50,21.17,518243
11-Jun-12,22.04,22.11,20.45,20.46,563428
8-Jun-12,21.59,22.05,21.40,21.92,345347
7-Jun-12,21.89,23.02,21.86,21.89,458476
6-Jun-12,21.38,22.01,21.38,21.78,479720
5-Jun-12,21.29,21.72,20.98,21.13,540995
4-Jun-12,21.44,21.60,20.66,21.45,809855
1-Jun-12,20.45,21.27,20.29,21.03,662504
31-May-12,21.80,21.80,20.59,20.99,806919
30-May-12,23.05,23.22,21.66,21.80,940399
29-May-12,23.86,24.25,23.50,23.96,427532
25-May-12,24.00,24.11,23.41,23.51,407127
24-May-12,24.98,25.11,23.76,24.12,530242
23-May-12,24.05,24.88,23.86,24.87,454480
22-May-12,25.15,25.22,24.22,24.47,405944
21-May-12,24.34,25.11,24.25,25.03,589203
18-May-12,24.13,24.74,23.85,24.19,645180
17-May-12,24.67,25.12,23.96,24.15,1891292
16-May-12,25.26,25.81,24.60,24.61,490341
15-May-12,25.18,25.69,25.00,25.20,422866
14-May-12,25.08,25.55,24.96,25.23,414569
11-May-12,25.09,25.83,25.04,25.44,303470
10-May-12,25.75,25.93,25.02,25.47,381666
9-May-12,24.81,26.10,24.61,25.53,449238
8-May-12,25.02,25.34,24.53,25.25,494844
7-May-12,25.35,25.72,25.04,25.29,311342
4-May-12,26.36,26.49,25.04,25.45,607297
3-May-12,26.38,26.96,25.14,25.85,930040
2-May-12,24.26,24.77,24.09,24.76,494580
1-May-12,24.49,25.14,24.44,24.60,485761
30-Apr-12,24.78,24.89,24.17,24.55,326669
27-Apr-12,24.70,25.00,24.32,24.90,357992
26-Apr-12,24.52,24.78,24.30,24.41,446396
25-Apr-12,23.36,23.85,23.22,23.61,383971
24-Apr-12,22.16,23.17,21.83,23.04,405521
23-Apr-12,22.20,22.40,21.56,22.08,410483
20-Apr-12,23.07,23.36,22.50,22.67,267567
19-Apr-12,22.80,23.23,22.43,22.72,264512
18-Apr-12,22.92,23.23,22.75,22.75,266121
17-Apr-12,22.64,23.45,22.64,23.02,379276
16-Apr-12,22.42,22.81,22.01,22.31,578604
13-Apr-12,22.92,22.96,22.16,22.22,540297
12-Apr-12,21.68,23.42,21.53,23.12,694342
11-Apr-12,21.34,21.74,21.26,21.67,385283
10-Apr-12,21.30,21.52,20.75,21.03,428311
9-Apr-12,21.23,21.66,21.09,21.52,358049
5-Apr-12,21.84,22.31,21.47,21.61,381815
4-Apr-12,22.61,22.74,21.99,21.99,526336
3-Apr-12,23.79,23.79,22.80,23.06,551370
2-Apr-12,22.95,23.97,22.95,23.92,475610
30-Mar-12,23.33,23.33,22.60,23.06,247512
29-Mar-12,22.45,23.10,22.16,23.06,363327
28-Mar-12,22.54,22.70,22.11,22.69,472484
27-Mar-12,22.87,23.25,22.57,22.61,631581
26-Mar-12,22.85,23.22,22.48,22.80,362474
23-Mar-12,22.34,22.76,22.10,22.53,358429
22-Mar-12,22.66,22.73,22.06,22.35,363765
21-Mar-12,23.37,23.46,22.78,23.02,363635
20-Mar-12,23.48,23.61,22.93,23.33,379549
19-Mar-12,23.35,24.56,23.20,23.84,572612
16-Mar-12,22.82,23.61,22.76,23.38,549688
15-Mar-12,22.52,22.81,22.26,22.76,453109
14-Mar-12,22.53,22.82,22.18,22.45,778660
13-Mar-12,22.68,22.81,22.27,22.60,443301
12-Mar-12,22.80,23.19,22.34,22.40,265828
9-Mar-12,22.82,23.85,22.46,22.74,470242
8-Mar-12,22.60,23.02,22.50,22.83,410393
7-Mar-12,22.16,22.35,21.86,22.30,404289
6-Mar-12,22.01,22.13,21.62,22.00,840662
5-Mar-12,22.46,22.60,22.11,22.30,676691
2-Mar-12,22.57,23.08,22.44,22.55,740562
1-Mar-12,22.68,23.17,22.50,22.54,441263
29-Feb-12,23.38,23.83,22.54,22.54,449474
28-Feb-12,23.42,23.84,23.06,23.22,407473
27-Feb-12,23.68,24.08,23.27,23.42,363614
24-Feb-12,23.97,24.20,23.79,24.01,367481
23-Feb-12,23.61,24.10,23.30,23.97,312570
22-Feb-12,23.68,24.07,23.52,23.62,289186
21-Feb-12,23.63,24.30,23.50,23.83,551515
17-Feb-12,24.02,24.07,23.31,23.44,283408
16-Feb-12,22.97,23.94,22.70,23.89,420113
15-Feb-12,23.80,23.80,22.90,23.03,389615
14-Feb-12,23.50,23.62,22.90,23.54,492959
13-Feb-12,22.99,23.84,22.83,23.70,624278
10-Feb-12,22.66,22.85,22.28,22.57,615851
9-Feb-12,23.57,23.57,23.01,23.22,718350
8-Feb-12,24.05,24.12,23.02,23.45,924051
7-Feb-12,25.27,25.75,23.40,24.13,2262944
6-Feb-12,27.10,27.60,27.07,27.28,401291
3-Feb-12,26.71,27.50,26.71,27.38,444643
2-Feb-12,25.94,26.88,25.57,26.44,351858
1-Feb-12,25.47,26.33,25.27,25.94,333594
31-Jan-12,25.34,25.73,24.27,25.17,435660
30-Jan-12,24.31,25.37,24.09,25.09,503203
27-Jan-12,24.81,25.12,24.11,24.77,477043
26-Jan-12,25.29,25.29,24.48,25.02,533798
25-Jan-12,26.13,26.13,24.63,25.00,1172217
24-Jan-12,25.43,26.47,25.19,26.40,256829
23-Jan-12,25.70,26.14,25.00,25.65,430514
20-Jan-12,26.35,26.47,25.79,26.12,241756
19-Jan-12,26.72,26.91,26.22,26.42,282512
18-Jan-12,25.77,26.86,25.67,26.60,623913
17-Jan-12,26.13,26.38,25.74,25.76,415682
13-Jan-12,25.62,25.62,25.62,25.62,0
12-Jan-12,25.61,25.91,24.93,25.84,493163
11-Jan-12,26.42,26.45,25.22,25.58,551014
10-Jan-12,24.07,27.14,24.00,25.91,1167893
9-Jan-12,23.54,23.62,23.13,23.41,279953
6-Jan-12,23.59,23.81,22.75,23.35,454332
5-Jan-12,23.56,23.90,22.79,23.56,420209
4-Jan-12,24.15,24.32,23.05,23.70,455704
3-Jan-12,23.99,24.96,23.99,24.36,604472
30-Dec-11,23.21,23.21,23.21,23.21,0
29-Dec-11,22.25,22.76,22.22,22.65,287790
28-Dec-11,23.41,23.55,22.00,22.20,454714
27-Dec-11,23.26,23.99,23.14,23.44,244496
23-Dec-11,23.44,23.44,23.44,23.44,0
22-Dec-11,23.05,24.17,23.05,23.57,365196
21-Dec-11,23.03,23.43,22.55,22.99,346960
20-Dec-11,22.12,23.58,22.10,23.15,776794
19-Dec-11,22.37,22.66,21.28,21.45,404825
16-Dec-11,21.92,22.42,21.65,22.18,1012703
15-Dec-11,22.18,22.35,21.60,21.75,545972
14-Dec-11,21.94,21.94,21.31,21.73,970438
13-Dec-11,23.50,23.71,21.90,22.17,877884
12-Dec-11,24.15,24.16,22.86,23.46,610568
9-Dec-11,23.92,25.05,23.91,24.70,614172
8-Dec-11,25.39,25.48,23.90,24.02,528232
7-Dec-11,25.64,25.90,24.72,25.65,734446
6-Dec-11,25.90,26.46,25.25,25.98,422181
5-Dec-11,25.82,26.52,25.60,25.94,497765
2-Dec-11,26.78,27.09,25.15,25.19,600377
1-Dec-11,27.22,27.30,26.04,26.23,272908
30-Nov-11,25.53,27.54,25.46,27.30,780421
29-Nov-11,24.35,24.80,23.90,24.17,209346
28-Nov-11,24.17,25.28,23.78,24.31,412651
25-Nov-11,23.00,23.68,22.99,23.10,139076
23-Nov-11,23.10,23.10,23.10,23.10,0
22-Nov-11,24.83,25.07,24.00,24.29,202304
21-Nov-11,25.24,25.56,24.43,24.81,282418
18-Nov-11,25.99,26.60,25.65,26.07,297468
17-Nov-11,26.45,27.39,25.73,25.92,405196
16-Nov-11,27.01,27.62,26.50,26.54,265503
15-Nov-11,26.37,27.68,26.32,27.50,245941
14-Nov-11,27.12,27.58,26.25,26.62,281641
11-Nov-11,26.47,27.72,26.34,27.12,280874
10-Nov-11,26.54,26.57,25.75,26.14,246641
9-Nov-11,27.46,27.58,25.55,26.04,432474
8-Nov-11,28.55,29.00,27.84,28.55,311785
7-Nov-11,27.92,28.57,27.42,28.43,378264
4-Nov-11,27.72,28.16,27.08,28.05,397701
3-Nov-11,28.14,28.38,26.95,28.17,503500
2-Nov-11,28.45,28.45,27.02,27.64,572471
1-Nov-11,26.02,28.23,24.85,27.46,1158166
31-Oct-11,28.23,28.46,26.36,26.39,523113
28-Oct-11,28.77,29.51,28.58,28.77,511200
27-Oct-11,27.20,29.33,26.92,27.21,739527
26-Oct-11,25.71,26.33,24.50,26.07,409377
25-Oct-11,26.53,26.68,25.01,25.09,397668
24-Oct-11,25.10,26.92,24.64,26.88,444382
21-Oct-11,25.06,25.25,24.38,24.92,533560
20-Oct-11,23.99,24.62,23.34,24.53,441145
19-Oct-11,25.47,25.47,23.96,24.17,435399
18-Oct-11,24.61,25.68,23.70,25.43,670563
17-Oct-11,25.31,25.31,24.10,24.46,585025
14-Oct-11,25.74,26.06,24.83,25.64,377434
13-Oct-11,25.72,25.91,24.38,25.27,410892
12-Oct-11,25.53,26.68,25.52,26.00,468916
11-Oct-11,24.45,25.57,24.13,25.40,388477
10-Oct-11,23.68,24.66,23.58,24.62,597373
7-Oct-11,24.33,24.46,22.24,22.97,525622
6-Oct-11,23.26,24.25,23.06,24.05,886626
5-Oct-11,22.60,24.20,22.16,23.46,707301
4-Oct-11,20.76,22.71,20.07,22.58,563699
3-Oct-11,23.00,23.90,20.93,20.95,772075
30-Sep-11,23.46,23.80,23.01,23.32,434157
