Date,Open,High,Low,Close,Volume
27-Sep-12,52.00,52.00,51.40,51.69,14200
26-Sep-12,52.11,52.35,51.27,51.97,28262
25-Sep-12,52.50,52.75,52.02,52.14,24491
24-Sep-12,52.50,52.95,52.50,52.67,8233
21-Sep-12,52.52,53.14,52.50,52.68,17918
20-Sep-12,53.30,53.30,52.65,52.73,16452
19-Sep-12,53.23,53.29,52.75,53.24,29312
18-Sep-12,53.30,53.30,52.90,53.03,20698
17-Sep-12,53.41,53.55,53.00,53.27,24630
14-Sep-12,53.10,53.26,52.74,53.24,13151
13-Sep-12,53.45,53.46,52.00,52.97,23480
12-Sep-12,53.85,53.85,52.61,53.45,19828
11-Sep-12,53.06,53.86,53.06,53.24,32774
10-Sep-12,52.33,53.73,52.00,53.14,43387
7-Sep-12,52.40,52.40,51.00,52.16,59328
6-Sep-12,52.92,53.00,52.15,52.27,39212
5-Sep-12,52.57,53.20,52.45,52.74,15072
4-Sep-12,52.45,53.33,51.40,52.40,23551
31-Aug-12,51.20,52.96,51.20,52.65,21147
30-Aug-12,51.28,52.36,50.00,52.05,57366
29-Aug-12,52.03,54.06,51.03,51.29,49775
28-Aug-12,53.24,53.25,50.73,51.39,44791
27-Aug-12,52.96,53.92,52.50,52.81,41747
24-Aug-12,53.38,53.90,53.19,53.43,19077
23-Aug-12,53.45,53.87,53.00,53.23,15060
22-Aug-12,53.55,54.00,52.74,53.49,36452
21-Aug-12,54.89,55.37,53.80,53.80,21240
20-Aug-12,55.11,55.50,54.11,54.34,13155
17-Aug-12,55.02,55.04,54.54,54.69,3213
16-Aug-12,54.63,55.49,54.63,55.27,1402
15-Aug-12,55.58,55.58,54.77,55.07,1191
14-Aug-12,54.94,55.54,54.94,55.54,550
13-Aug-12,55.00,55.17,54.69,54.69,2445
10-Aug-12,54.65,55.61,54.33,55.61,4718
9-Aug-12,54.41,55.60,54.41,54.59,3429
8-Aug-12,54.00,54.96,54.00,54.80,3741
7-Aug-12,53.01,55.03,53.01,54.44,4241
6-Aug-12,52.78,53.71,52.78,53.43,3237
3-Aug-12,53.50,53.50,52.65,52.95,2030
2-Aug-12,52.60,53.24,51.60,52.20,12706
1-Aug-12,53.46,53.46,52.54,53.17,6782
31-Jul-12,54.12,54.12,53.36,53.39,13628
30-Jul-12,53.53,54.30,53.01,53.80,11074
27-Jul-12,53.00,53.71,52.09,52.91,21437
26-Jul-12,53.80,53.80,52.20,52.54,12753
25-Jul-12,53.21,53.48,52.25,53.20,29329
24-Jul-12,52.83,53.33,52.10,52.91,12135
23-Jul-12,53.10,53.46,52.56,53.17,14528
20-Jul-12,54.23,54.23,52.48,53.56,20708
19-Jul-12,55.20,55.20,53.96,54.31,24948
18-Jul-12,53.50,54.53,53.27,54.25,19364
17-Jul-12,53.01,53.84,52.79,53.43,14397
16-Jul-12,53.48,53.75,52.63,53.34,22936
13-Jul-12,53.97,54.10,53.00,53.10,11866
12-Jul-12,53.38,54.00,52.55,53.87,19901
11-Jul-12,54.03,54.13,53.11,54.04,20857
10-Jul-12,55.31,55.31,53.01,53.67,30619
9-Jul-12,54.42,56.01,54.25,56.01,39540
6-Jul-12,53.16,54.67,52.54,54.27,27367
5-Jul-12,53.02,54.36,52.80,53.63,44646
3-Jul-12,51.45,54.01,51.45,53.42,33027
2-Jul-12,50.43,51.17,50.10,51.15,27215
29-Jun-12,49.69,50.74,49.40,50.12,22035
28-Jun-12,49.38,49.57,48.61,49.15,7468
27-Jun-12,47.94,49.85,47.66,49.34,29286
26-Jun-12,47.07,47.81,46.74,47.61,19573
25-Jun-12,47.52,48.26,47.01,47.34,16790
22-Jun-12,47.92,48.50,47.50,48.17,29075
21-Jun-12,49.79,49.79,47.60,47.71,27208
20-Jun-12,49.42,49.92,49.26,49.55,22663
19-Jun-12,48.02,49.77,47.71,49.40,21057
18-Jun-12,47.57,48.30,47.16,47.91,29153
15-Jun-12,47.99,48.29,47.22,47.76,33533
14-Jun-12,48.17,48.72,48.01,48.02,19898
13-Jun-12,48.79,49.27,48.03,48.22,20581
12-Jun-12,48.63,49.55,48.63,49.50,29750
11-Jun-12,48.40,48.99,48.40,48.50,23926
8-Jun-12,48.11,48.70,47.29,48.34,23846
7-Jun-12,49.07,49.45,48.01,48.19,19873
6-Jun-12,47.90,48.91,47.58,48.55,36784
5-Jun-12,46.32,48.00,46.01,47.82,44317
4-Jun-12,47.44,47.50,45.57,46.16,53830
1-Jun-12,48.16,48.42,47.65,47.83,21973
31-May-12,49.33,49.36,48.51,49.06,18974
30-May-12,50.33,50.33,49.10,49.42,21552
29-May-12,50.00,50.75,49.70,50.46,30598
25-May-12,49.25,49.87,49.01,49.75,24944
24-May-12,49.96,49.98,49.01,49.45,32046
23-May-12,50.42,50.65,49.01,49.94,30390
22-May-12,50.81,51.32,50.27,50.49,17940
21-May-12,49.53,51.42,49.01,50.81,39471
18-May-12,51.00,51.09,49.74,49.77,40136
17-May-12,53.00,53.48,50.80,51.06,53747
16-May-12,53.87,54.88,53.00,53.16,35637
15-May-12,55.74,55.74,53.58,54.13,71352
14-May-12,55.87,56.00,55.53,55.53,15411
11-May-12,56.23,56.72,55.91,56.10,7781
10-May-12,56.53,57.77,56.18,56.51,26764
9-May-12,56.28,56.94,55.75,56.14,19985
8-May-12,56.51,57.14,55.90,56.38,27737
7-May-12,56.40,56.97,55.71,56.88,26645
4-May-12,56.22,57.16,56.11,56.71,28560
3-May-12,57.73,57.73,56.18,56.80,19822
2-May-12,58.13,58.37,57.76,57.89,9065
1-May-12,57.76,58.98,57.65,57.78,25710
30-Apr-12,57.44,57.89,57.03,57.80,10587
27-Apr-12,57.42,57.45,56.50,57.43,25222
26-Apr-12,56.71,57.98,56.71,57.46,26694
25-Apr-12,57.41,57.41,56.08,56.72,28763
24-Apr-12,56.86,56.90,55.86,56.05,29915
23-Apr-12,57.35,57.44,55.25,57.02,55953
20-Apr-12,57.20,57.67,56.71,57.60,28173
19-Apr-12,57.14,57.29,56.47,57.04,29748
18-Apr-12,59.20,59.29,56.48,57.43,80444
17-Apr-12,60.50,60.50,59.55,59.61,10459
16-Apr-12,61.12,61.12,59.79,60.04,11630
13-Apr-12,61.41,61.45,61.00,61.12,8783
12-Apr-12,60.23,61.25,60.18,60.92,14359
11-Apr-12,60.50,60.82,60.01,60.32,14660
10-Apr-12,61.40,61.72,59.13,60.01,42696
9-Apr-12,60.87,61.91,60.67,61.24,17396
5-Apr-12,61.13,61.60,61.08,61.35,13487
4-Apr-12,61.80,62.22,60.76,61.14,15047
3-Apr-12,61.84,63.00,61.44,62.14,20869
2-Apr-12,59.80,61.84,59.80,61.57,22218
30-Mar-12,60.30,60.62,59.87,60.14,10020
29-Mar-12,60.45,60.45,59.70,60.13,12263
28-Mar-12,59.80,60.68,59.80,60.18,14304
27-Mar-12,60.30,60.60,59.71,60.03,24081
26-Mar-12,60.66,61.46,60.27,60.50,21350
23-Mar-12,59.61,60.81,59.61,60.81,12072
22-Mar-12,60.30,60.65,59.61,59.61,40170
21-Mar-12,60.41,60.84,60.31,60.68,25670
20-Mar-12,61.40,61.73,60.66,60.66,22730
19-Mar-12,61.51,62.05,61.05,61.67,18588
16-Mar-12,61.87,62.30,61.51,61.61,25037
15-Mar-12,62.63,62.63,61.55,61.85,15952
14-Mar-12,62.75,63.19,62.23,62.80,15183
13-Mar-12,63.50,63.94,62.15,62.91,20921
12-Mar-12,63.25,63.77,63.22,63.49,11549
9-Mar-12,62.73,63.70,62.73,63.22,13948
8-Mar-12,63.07,63.45,62.77,63.00,4378
7-Mar-12,62.26,63.18,62.26,62.74,25215
6-Mar-12,63.00,63.06,61.75,62.33,22521
5-Mar-12,63.85,64.25,63.24,63.46,10933
2-Mar-12,65.15,65.36,63.80,63.85,15100
1-Mar-12,65.09,65.36,64.01,64.72,18217
29-Feb-12,64.51,65.27,63.80,64.32,10992
28-Feb-12,65.10,65.46,63.80,64.70,24528
27-Feb-12,65.80,66.00,65.28,65.45,9810
24-Feb-12,66.11,66.30,65.88,65.95,11760
23-Feb-12,65.31,66.36,65.05,65.90,13585
22-Feb-12,66.12,66.50,65.95,66.37,10994
21-Feb-12,65.55,66.50,65.33,66.38,29934
17-Feb-12,64.50,65.40,64.50,65.23,32892
16-Feb-12,63.26,64.96,63.26,64.55,11663
15-Feb-12,62.85,64.03,62.85,63.50,24868
14-Feb-12,62.26,63.50,62.16,62.94,34249
13-Feb-12,61.66,62.49,61.60,62.04,14223
10-Feb-12,62.16,62.16,61.70,61.87,7490
9-Feb-12,62.14,62.44,61.96,62.22,9412
8-Feb-12,62.10,62.49,61.00,61.73,20831
7-Feb-12,61.37,61.97,61.26,61.84,19667
6-Feb-12,61.36,61.89,61.05,61.64,23249
3-Feb-12,62.16,62.16,61.63,61.74,15481
2-Feb-12,61.86,62.62,61.67,62.10,13356
1-Feb-12,62.25,62.26,61.61,61.82,22639
31-Jan-12,62.05,62.10,61.56,62.00,16992
30-Jan-12,61.77,62.17,61.41,61.86,21486
27-Jan-12,62.00,62.05,61.57,61.92,16001
26-Jan-12,62.75,62.95,61.55,61.88,20014
25-Jan-12,61.40,63.10,61.35,62.20,18877
24-Jan-12,61.28,62.41,61.20,61.41,13472
23-Jan-12,62.07,62.29,60.94,61.68,20496
20-Jan-12,60.00,60.60,60.00,60.56,16145
19-Jan-12,60.00,61.39,60.00,60.09,53443
18-Jan-12,60.28,60.68,60.00,60.02,61424
17-Jan-12,62.50,62.60,60.63,60.72,33505
13-Jan-12,62.56,62.56,62.56,62.56,0
12-Jan-12,63.82,64.20,62.72,62.91,27274
11-Jan-12,64.66,64.66,63.72,64.25,18617
10-Jan-12,65.12,65.45,64.50,64.66,21358
9-Jan-12,65.20,65.46,64.08,64.24,12020
6-Jan-12,64.04,65.25,64.04,64.56,9629
5-Jan-12,64.22,65.11,63.46,64.38,9621
4-Jan-12,63.80,65.08,63.80,64.53,25476
3-Jan-12,63.05,64.31,63.05,63.80,17835
30-Dec-11,63.05,63.05,63.05,63.05,0
29-Dec-11,63.22,63.99,62.86,63.46,10703
28-Dec-11,63.50,63.90,62.01,63.01,9513
27-Dec-11,64.04,64.69,63.70,63.88,8032
23-Dec-11,63.90,63.90,63.90,63.90,0
22-Dec-11,64.10,64.47,63.75,64.28,6980
21-Dec-11,64.93,65.07,64.00,64.62,10869
20-Dec-11,64.10,65.00,64.06,64.66,8131
19-Dec-11,64.88,64.88,63.95,64.07,5753
16-Dec-11,64.02,65.60,64.02,65.16,4976
15-Dec-11,64.11,64.16,63.71,64.11,3568
14-Dec-11,64.55,64.75,63.71,63.75,11151
13-Dec-11,65.25,65.35,64.56,64.56,7472
12-Dec-11,65.66,65.66,65.00,65.44,6970
9-Dec-11,65.50,65.98,65.23,65.81,14407
8-Dec-11,65.25,65.63,64.25,64.91,8571
7-Dec-11,65.95,65.95,64.50,65.53,10136
6-Dec-11,66.64,66.69,64.99,66.14,27337
5-Dec-11,66.41,66.65,65.63,66.29,20146
2-Dec-11,66.01,66.42,65.16,66.24,13325
1-Dec-11,65.68,66.54,65.65,66.19,16044
30-Nov-11,66.92,66.92,64.87,66.14,15582
29-Nov-11,65.25,66.35,64.92,65.47,18759
28-Nov-11,66.07,66.09,64.96,65.24,10747
25-Nov-11,64.72,65.75,64.72,64.88,3225
23-Nov-11,65.33,65.33,65.33,65.33,0
22-Nov-11,64.95,65.94,64.62,65.53,30738
21-Nov-11,64.97,65.28,64.44,65.00,11949
18-Nov-11,65.36,66.00,65.36,65.56,4266
17-Nov-11,66.06,66.06,65.06,65.36,9234
16-Nov-11,65.37,66.16,64.50,66.14,12601
15-Nov-11,65.79,66.48,65.57,65.76,15120
14-Nov-11,66.87,66.90,65.57,66.20,10124
11-Nov-11,66.50,67.06,66.47,66.97,11216
10-Nov-11,65.52,66.13,65.23,66.13,23009
9-Nov-11,65.07,66.99,65.07,65.76,21715
8-Nov-11,66.50,66.73,66.20,66.45,6833
7-Nov-11,65.44,66.52,65.44,66.29,18583
4-Nov-11,65.76,66.44,65.00,66.36,16407
3-Nov-11,66.19,66.82,65.44,66.18,21833
2-Nov-11,65.50,66.48,65.50,66.19,6456
1-Nov-11,65.00,66.40,64.51,65.76,20040
31-Oct-11,66.46,66.85,66.00,66.03,13453
28-Oct-11,65.69,66.35,65.69,66.32,10612
27-Oct-11,66.90,67.44,66.34,66.48,26048
26-Oct-11,66.50,66.89,65.99,66.65,17871
25-Oct-11,66.06,66.73,65.53,66.41,14983
24-Oct-11,65.90,66.64,65.58,66.25,26550
21-Oct-11,64.94,65.90,64.94,65.71,21727
20-Oct-11,64.27,65.26,64.01,65.17,15120
19-Oct-11,64.30,65.36,63.98,64.70,14311
18-Oct-11,64.24,65.45,64.24,65.03,26050
17-Oct-11,65.05,65.80,64.33,64.65,23090
14-Oct-11,65.00,65.34,64.52,65.34,15929
13-Oct-11,64.19,64.79,63.30,64.62,13514
12-Oct-11,64.95,64.95,62.56,64.18,19894
11-Oct-11,63.54,64.75,63.54,64.40,13487
10-Oct-11,64.35,64.97,63.00,64.25,15934
7-Oct-11,63.58,64.50,63.12,63.87,7975
6-Oct-11,62.30,64.41,62.30,64.00,10854
5-Oct-11,60.61,62.52,60.02,61.88,18292
4-Oct-11,60.00,60.96,60.00,60.57,45911
3-Oct-11,62.64,63.57,60.33,60.52,23507
30-Sep-11,63.58,63.82,62.91,63.04,12656
