Date,Open,High,Low,Close,Volume
27-Sep-12,31.58,31.88,31.50,31.74,102450
26-Sep-12,31.69,31.75,31.37,31.53,94284
25-Sep-12,32.04,32.36,31.50,31.55,151170
24-Sep-12,32.15,32.35,31.98,32.03,103706
21-Sep-12,32.18,32.39,32.01,32.22,234866
20-Sep-12,32.11,32.24,31.97,32.13,75484
19-Sep-12,32.38,32.59,32.11,32.22,112409
18-Sep-12,32.48,32.66,32.10,32.41,154724
17-Sep-12,32.00,32.26,31.89,32.24,191266
14-Sep-12,31.85,32.09,31.79,32.07,194715
13-Sep-12,31.90,32.15,31.80,31.85,59645
12-Sep-12,32.02,32.07,31.73,31.86,136143
11-Sep-12,32.00,32.32,31.84,31.90,160079
10-Sep-12,32.25,32.42,31.95,32.00,66528
7-Sep-12,32.34,32.35,32.04,32.22,69906
6-Sep-12,32.12,32.37,32.04,32.28,63688
5-Sep-12,32.29,32.34,31.95,32.07,82641
4-Sep-12,32.06,32.34,31.73,32.25,88592
31-Aug-12,32.10,32.17,31.84,32.02,78092
30-Aug-12,31.95,32.25,31.95,31.99,53231
29-Aug-12,32.12,32.26,31.88,32.00,70165
28-Aug-12,32.02,32.36,31.86,32.10,127227
27-Aug-12,32.27,32.28,31.99,32.00,55226
24-Aug-12,32.21,32.44,32.13,32.25,43689
23-Aug-12,32.61,32.63,32.14,32.26,63015
22-Aug-12,32.59,32.84,32.41,32.48,84647
21-Aug-12,32.78,32.78,32.46,32.51,59775
20-Aug-12,32.65,32.66,32.42,32.60,69674
17-Aug-12,32.62,32.84,32.56,32.63,9065
16-Aug-12,32.75,32.75,32.52,32.62,16903
15-Aug-12,32.60,32.72,32.39,32.65,19011
14-Aug-12,32.48,32.84,32.44,32.54,53663
13-Aug-12,32.23,32.45,32.23,32.31,10613
10-Aug-12,32.02,32.39,32.02,32.32,10259
9-Aug-12,32.44,32.44,31.75,31.99,25214
8-Aug-12,32.15,32.58,32.15,32.43,16047
7-Aug-12,32.49,32.68,32.34,32.37,18876
6-Aug-12,32.15,32.72,32.15,32.48,15686
3-Aug-12,32.37,32.55,32.13,32.16,15779
2-Aug-12,32.15,32.85,31.81,31.98,136343
1-Aug-12,32.37,32.84,32.04,32.34,147266
31-Jul-12,32.47,32.82,32.41,32.76,117700
30-Jul-12,32.45,32.70,32.24,32.41,98643
27-Jul-12,31.94,32.60,31.81,32.40,70511
26-Jul-12,32.07,32.15,31.34,31.86,61509
25-Jul-12,32.04,32.05,31.34,31.91,65034
24-Jul-12,32.01,32.14,31.70,31.90,87657
23-Jul-12,32.03,32.25,31.66,32.07,78321
20-Jul-12,31.98,32.58,31.96,32.29,94155
19-Jul-12,32.65,32.86,31.85,32.00,159574
18-Jul-12,32.18,32.52,32.16,32.35,68129
17-Jul-12,31.94,32.31,31.64,32.17,58751
16-Jul-12,31.53,31.82,31.43,31.80,44528
13-Jul-12,31.14,31.57,31.09,31.52,46006
12-Jul-12,30.78,31.15,30.62,31.05,77630
11-Jul-12,30.75,31.00,30.39,30.97,91564
10-Jul-12,30.68,30.79,30.61,30.77,61270
9-Jul-12,30.75,30.77,30.23,30.66,64915
6-Jul-12,30.26,31.00,30.26,30.80,63773
5-Jul-12,30.62,30.69,30.26,30.43,106379
3-Jul-12,30.70,30.70,30.31,30.69,68470
2-Jul-12,30.45,30.99,30.30,30.70,124172
29-Jun-12,30.31,30.83,30.07,30.43,384408
28-Jun-12,29.80,30.10,29.67,30.10,147452
27-Jun-12,29.92,30.49,29.76,29.93,174024
26-Jun-12,29.60,29.97,29.48,29.78,55590
25-Jun-12,29.82,29.90,29.61,29.63,95237
22-Jun-12,29.49,29.91,29.42,29.91,119765
21-Jun-12,29.81,30.08,29.36,29.42,145575
20-Jun-12,30.03,30.36,29.67,29.69,128846
19-Jun-12,30.08,30.25,29.95,30.10,212172
18-Jun-12,29.75,30.05,29.64,29.92,136423
15-Jun-12,30.15,30.50,29.73,29.75,398631
14-Jun-12,30.61,30.61,30.28,30.36,82072
13-Jun-12,30.67,30.76,30.39,30.61,99621
12-Jun-12,31.04,31.25,29.98,30.63,125307
11-Jun-12,31.38,31.50,30.96,30.99,71625
8-Jun-12,31.40,31.67,30.94,31.18,47027
7-Jun-12,31.62,32.07,31.21,31.45,75116
6-Jun-12,30.97,31.55,30.96,31.46,72426
5-Jun-12,30.25,30.99,30.15,30.85,47639
4-Jun-12,30.67,30.74,30.12,30.24,95008
1-Jun-12,30.86,30.92,30.50,30.65,86854
31-May-12,31.21,31.35,30.87,31.17,78122
30-May-12,31.54,31.54,31.13,31.27,74429
29-May-12,31.32,31.81,31.25,31.74,77273
25-May-12,31.11,31.23,30.84,31.17,68511
24-May-12,31.00,31.42,30.87,31.05,89661
23-May-12,30.88,31.11,30.20,30.98,91694
22-May-12,30.83,31.26,30.52,30.97,105569
21-May-12,30.11,31.10,30.01,30.83,112341
18-May-12,30.01,30.24,29.57,29.95,124751
17-May-12,30.42,30.71,30.02,30.02,97030
16-May-12,30.61,31.26,30.44,30.59,114519
15-May-12,30.67,31.56,30.34,30.53,157583
14-May-12,30.55,30.75,30.39,30.45,72961
11-May-12,31.20,31.31,30.52,30.60,202473
10-May-12,31.53,31.70,31.24,31.33,191096
9-May-12,31.54,31.74,31.21,31.41,93046
8-May-12,31.80,31.93,31.47,31.79,39252
7-May-12,31.67,31.95,31.15,31.90,147034
4-May-12,32.09,32.20,31.61,31.95,133807
3-May-12,32.18,32.36,31.50,31.61,77550
2-May-12,32.18,32.45,31.59,32.11,79578
1-May-12,32.52,32.84,32.39,32.74,93392
30-Apr-12,32.41,32.50,32.25,32.48,59662
27-Apr-12,32.10,32.37,31.95,32.30,151975
26-Apr-12,31.68,32.13,31.51,31.99,99012
25-Apr-12,31.96,31.96,31.63,31.72,89082
24-Apr-12,31.60,31.93,31.60,31.83,77790
23-Apr-12,31.50,31.73,31.20,31.61,97667
20-Apr-12,31.70,31.78,31.50,31.58,141909
19-Apr-12,31.37,31.66,31.24,31.55,146088
18-Apr-12,31.66,31.66,31.30,31.48,82151
17-Apr-12,31.44,31.78,31.37,31.60,106942
16-Apr-12,31.58,31.59,31.25,31.37,72067
13-Apr-12,31.44,31.59,31.21,31.45,84755
12-Apr-12,31.35,31.80,31.14,31.45,116433
11-Apr-12,31.21,31.50,31.19,31.40,71245
10-Apr-12,31.27,31.56,31.00,31.03,95997
9-Apr-12,31.50,31.65,31.10,31.34,69206
5-Apr-12,31.87,32.17,31.47,31.67,116831
4-Apr-12,32.02,32.38,31.98,32.03,61923
3-Apr-12,31.92,32.20,31.86,32.17,116623
2-Apr-12,31.94,32.13,31.77,31.87,96340
30-Mar-12,31.57,31.98,31.52,31.95,92880
29-Mar-12,31.74,31.79,31.26,31.56,90169
28-Mar-12,31.85,31.96,31.62,31.74,64653
27-Mar-12,31.74,32.17,31.69,31.85,119277
26-Mar-12,31.93,32.15,31.82,31.83,65717
23-Mar-12,31.92,32.15,31.69,31.86,96899
22-Mar-12,32.15,32.21,31.90,32.01,52992
21-Mar-12,32.25,32.43,31.97,32.36,141781
20-Mar-12,31.56,32.24,31.35,32.20,156693
19-Mar-12,31.04,31.98,31.04,31.67,134152
16-Mar-12,31.56,31.56,31.00,31.02,243569
15-Mar-12,31.65,31.68,31.10,31.57,107569
14-Mar-12,32.00,32.17,31.58,31.68,88965
13-Mar-12,32.11,32.11,31.84,31.98,80774
12-Mar-12,32.00,32.20,31.93,32.00,95076
9-Mar-12,32.26,32.30,31.93,32.00,103761
8-Mar-12,32.43,32.43,32.22,32.30,52151
7-Mar-12,31.71,32.47,31.64,32.33,79181
6-Mar-12,32.21,32.21,31.50,31.75,96438
5-Mar-12,32.24,32.47,31.87,32.13,147188
2-Mar-12,33.04,33.13,32.00,32.13,183065
1-Mar-12,32.96,33.12,32.85,33.03,103594
29-Feb-12,33.06,33.09,32.80,32.99,65246
28-Feb-12,32.95,33.07,32.86,33.07,86128
27-Feb-12,32.77,33.05,32.31,33.03,96240
24-Feb-12,33.10,33.14,32.77,32.80,146689
23-Feb-12,32.90,33.11,32.70,33.05,103759
22-Feb-12,32.95,33.11,32.74,32.81,58888
21-Feb-12,33.21,33.25,32.87,33.02,120438
17-Feb-12,32.88,33.26,32.82,33.15,103783
16-Feb-12,32.44,33.00,32.39,32.93,97301
15-Feb-12,32.25,32.57,32.05,32.52,142452
14-Feb-12,31.76,32.43,31.76,32.25,145354
13-Feb-12,31.30,31.77,31.12,31.69,112411
10-Feb-12,31.56,31.57,31.10,31.24,170575
9-Feb-12,31.71,31.96,31.49,31.59,145547
8-Feb-12,31.37,31.90,31.30,31.34,163672
7-Feb-12,31.51,31.69,31.26,31.58,130560
6-Feb-12,31.70,31.99,31.52,31.68,133678
3-Feb-12,32.01,32.29,31.62,32.24,99365
2-Feb-12,32.19,32.49,31.67,31.81,194958
1-Feb-12,32.12,32.54,32.12,32.46,139507
31-Jan-12,32.04,32.52,32.00,32.09,168335
30-Jan-12,32.71,32.71,32.43,32.60,139281
27-Jan-12,32.85,33.04,32.66,32.78,68399
26-Jan-12,33.15,33.27,32.75,32.93,94807
25-Jan-12,32.95,33.22,32.64,33.12,115835
24-Jan-12,32.58,32.94,32.40,32.90,121216
23-Jan-12,32.25,32.76,32.17,32.65,107109
20-Jan-12,32.01,32.26,31.90,32.11,133501
19-Jan-12,31.94,32.33,31.94,32.07,175762
18-Jan-12,31.82,32.10,31.80,32.00,126668
17-Jan-12,31.67,31.89,31.57,31.88,145665
13-Jan-12,31.58,31.58,31.58,31.58,0
12-Jan-12,31.96,32.06,31.71,31.80,147740
11-Jan-12,32.24,32.29,31.85,31.95,107103
10-Jan-12,32.49,32.54,32.00,32.22,94416
9-Jan-12,32.49,32.58,32.06,32.42,135612
6-Jan-12,32.23,32.64,32.16,32.44,240448
5-Jan-12,32.51,32.93,32.30,32.69,163833
4-Jan-12,32.14,32.60,32.12,32.49,196813
3-Jan-12,32.12,32.40,32.00,32.25,155944
30-Dec-11,31.96,31.96,31.96,31.96,0
29-Dec-11,31.34,31.98,31.34,31.85,179387
28-Dec-11,31.48,31.48,31.11,31.40,118896
27-Dec-11,31.30,31.40,31.00,31.40,97202
23-Dec-11,31.25,31.25,31.25,31.25,0
22-Dec-11,31.09,31.20,30.72,30.93,189809
21-Dec-11,30.65,31.20,30.51,31.13,139870
20-Dec-11,30.47,30.75,30.29,30.61,164082
19-Dec-11,30.00,30.39,30.00,30.27,111578
16-Dec-11,30.65,30.74,29.82,29.94,255444
15-Dec-11,30.46,30.66,30.40,30.54,127847
14-Dec-11,30.48,30.57,30.22,30.36,90293
13-Dec-11,30.80,30.88,30.52,30.67,191402
12-Dec-11,30.75,30.82,30.61,30.74,114325
9-Dec-11,30.84,30.95,30.65,30.85,363324
8-Dec-11,31.07,31.16,30.52,30.80,169523
7-Dec-11,31.04,31.20,30.89,31.15,90800
6-Dec-11,30.90,31.08,30.72,31.06,119204
5-Dec-11,30.94,31.07,30.61,30.90,124375
2-Dec-11,30.88,30.90,30.60,30.72,107854
1-Dec-11,30.31,30.79,30.31,30.71,106300
30-Nov-11,30.37,30.40,30.26,30.27,196813
29-Nov-11,30.00,30.36,29.71,30.06,179997
28-Nov-11,30.15,30.35,29.96,30.05,111923
25-Nov-11,29.66,29.88,29.66,29.80,21479
23-Nov-11,29.67,29.67,29.67,29.67,0
22-Nov-11,29.55,29.94,29.54,29.69,167414
21-Nov-11,29.74,29.80,29.36,29.65,111347
18-Nov-11,29.92,30.09,29.71,29.97,168857
17-Nov-11,29.50,30.00,29.36,29.72,136377
16-Nov-11,29.36,29.74,29.36,29.51,98249
15-Nov-11,29.46,29.61,29.30,29.40,104374
14-Nov-11,29.62,29.67,29.34,29.41,258938
11-Nov-11,29.55,29.61,29.31,29.47,232503
10-Nov-11,29.69,29.75,28.98,29.38,297661
9-Nov-11,29.26,29.51,29.04,29.34,162585
8-Nov-11,29.89,29.89,29.17,29.61,160654
7-Nov-11,29.50,29.96,29.43,29.81,171016
4-Nov-11,29.78,30.49,29.78,30.03,103220
3-Nov-11,29.99,30.27,29.80,29.91,146238
2-Nov-11,30.74,30.91,30.49,30.57,91377
1-Nov-11,30.83,31.01,30.48,30.64,92905
31-Oct-11,31.05,31.19,30.85,31.08,102387
28-Oct-11,30.89,31.25,30.77,31.25,99917
27-Oct-11,31.47,31.47,30.97,31.12,120798
26-Oct-11,30.73,31.17,30.64,31.03,148982
25-Oct-11,30.80,30.91,30.43,30.43,167959
24-Oct-11,30.73,31.10,30.66,31.03,355032
21-Oct-11,30.46,30.66,30.20,30.58,91245
20-Oct-11,29.89,30.27,29.69,30.16,77194
19-Oct-11,29.77,30.12,29.62,29.90,150250
18-Oct-11,29.66,29.94,29.47,29.80,193808
17-Oct-11,30.26,30.51,29.61,29.74,158720
14-Oct-11,29.98,30.20,29.87,30.17,122921
13-Oct-11,29.51,29.91,29.16,29.91,188034
12-Oct-11,29.83,30.00,29.53,29.59,121856
11-Oct-11,29.52,29.85,29.29,29.77,130608
10-Oct-11,29.03,29.64,29.02,29.52,238734
7-Oct-11,28.95,28.95,28.50,28.69,180451
6-Oct-11,28.34,28.96,28.20,28.85,186936
5-Oct-11,27.65,28.74,27.62,28.39,116820
4-Oct-11,27.20,27.66,26.35,27.65,191821
3-Oct-11,28.00,28.04,27.47,27.47,146724
30-Sep-11,28.05,28.44,28.03,28.21,87092
