Date,Open,High,Low,Close,Volume
27-Sep-12,10.41,10.46,10.26,10.40,1216936
26-Sep-12,10.58,10.67,10.27,10.39,1283471
25-Sep-12,10.81,10.86,10.49,10.53,1443848
24-Sep-12,10.72,10.90,10.55,10.76,3212358
21-Sep-12,11.06,11.09,10.67,10.80,8878421
20-Sep-12,11.17,11.20,10.86,10.88,1782808
19-Sep-12,11.20,11.32,11.07,11.21,4426101
18-Sep-12,11.34,11.38,11.07,11.14,1626474
17-Sep-12,11.61,11.61,11.25,11.33,1140438
14-Sep-12,11.50,11.81,11.50,11.63,3907017
13-Sep-12,11.07,11.52,11.02,11.44,2253313
12-Sep-12,11.21,11.26,11.04,11.18,2123403
11-Sep-12,11.40,11.43,11.10,11.20,1791796
10-Sep-12,11.51,11.71,11.44,11.44,1540015
7-Sep-12,11.69,11.73,11.46,11.50,1495444
6-Sep-12,11.54,11.70,11.48,11.61,2061298
5-Sep-12,11.80,11.85,11.30,11.44,2969020
4-Sep-12,11.81,11.90,11.64,11.82,1971075
31-Aug-12,11.81,11.85,11.68,11.75,1408288
30-Aug-12,11.74,11.87,11.65,11.65,1218133
29-Aug-12,11.81,11.90,11.75,11.78,1208844
28-Aug-12,11.75,12.00,11.64,11.84,1309920
27-Aug-12,11.83,11.85,11.64,11.71,1734365
24-Aug-12,11.50,11.82,11.50,11.78,1221485
23-Aug-12,11.60,11.79,11.50,11.66,1379686
22-Aug-12,11.68,11.92,11.68,11.81,2747850
21-Aug-12,11.85,11.96,11.65,11.68,3002856
20-Aug-12,11.92,11.96,11.73,11.80,3151330
17-Aug-12,11.79,11.97,11.75,11.97,346314
16-Aug-12,11.67,11.97,11.60,11.79,827937
15-Aug-12,11.48,11.86,11.37,11.61,577261
14-Aug-12,10.97,11.62,10.95,11.52,772714
13-Aug-12,10.96,10.96,10.67,10.85,356508
10-Aug-12,10.99,11.04,10.89,11.00,296114
9-Aug-12,10.87,11.06,10.79,11.01,243431
8-Aug-12,10.83,11.00,10.78,10.85,265137
7-Aug-12,10.85,11.05,10.75,10.92,453743
6-Aug-12,10.46,10.86,10.40,10.67,480477
3-Aug-12,10.41,10.66,10.30,10.40,304589
2-Aug-12,10.13,10.45,9.98,10.19,3945566
1-Aug-12,10.47,10.54,10.28,10.28,1389428
31-Jul-12,10.39,10.57,10.22,10.43,1513097
30-Jul-12,10.64,10.70,10.43,10.60,1083632
27-Jul-12,10.31,10.75,10.29,10.65,1411954
26-Jul-12,10.29,10.35,10.15,10.25,1221742
25-Jul-12,10.04,10.19,9.97,10.14,1522188
24-Jul-12,10.05,10.06,9.90,10.01,1974820
23-Jul-12,10.00,10.12,9.86,10.00,1425141
20-Jul-12,10.13,10.21,10.01,10.13,1327982
19-Jul-12,10.09,10.29,10.01,10.23,1593225
18-Jul-12,9.97,10.26,9.87,10.00,3718906
17-Jul-12,10.42,10.42,10.06,10.26,1834118
16-Jul-12,10.40,10.48,10.12,10.33,1488010
13-Jul-12,10.56,10.80,10.33,10.45,3022503
12-Jul-12,10.76,11.00,10.44,10.89,2648448
11-Jul-12,11.19,11.26,10.72,10.90,1626454
10-Jul-12,11.16,11.30,11.12,11.24,1772419
9-Jul-12,11.16,11.27,11.01,11.12,909097
6-Jul-12,11.10,11.24,11.06,11.22,1473232
5-Jul-12,11.03,11.38,10.92,11.19,2044382
3-Jul-12,10.99,11.15,10.83,10.92,1502614
2-Jul-12,10.75,11.01,10.51,11.01,2554416
29-Jun-12,10.82,10.89,10.56,10.65,3639653
28-Jun-12,9.61,10.54,9.52,10.38,5949074
27-Jun-12,9.78,10.01,9.63,9.72,3010914
26-Jun-12,10.00,10.20,9.83,10.03,2247498
25-Jun-12,9.80,10.05,9.75,9.99,2159334
22-Jun-12,9.96,10.05,9.84,9.99,2471095
21-Jun-12,10.41,10.47,9.88,9.89,2864384
20-Jun-12,10.56,10.66,10.30,10.43,2231576
19-Jun-12,10.39,10.60,10.27,10.57,2052750
18-Jun-12,10.15,10.35,10.10,10.32,1459605
15-Jun-12,10.11,10.37,10.07,10.23,3423050
14-Jun-12,9.83,10.16,9.83,10.06,1795480
13-Jun-12,10.01,10.07,9.79,9.83,3261799
12-Jun-12,9.92,10.11,9.90,10.07,1795253
11-Jun-12,10.27,10.30,9.86,9.87,2145079
8-Jun-12,9.85,10.21,9.81,10.16,1737921
7-Jun-12,10.21,10.22,9.85,9.86,2871339
6-Jun-12,9.96,10.20,9.94,10.08,1843370
5-Jun-12,9.73,9.96,9.65,9.89,2236710
4-Jun-12,9.75,9.91,9.63,9.82,2638590
1-Jun-12,9.59,10.01,9.51,9.73,4644671
31-May-12,10.03,10.19,9.85,9.86,3504183
30-May-12,10.27,10.27,9.94,9.97,2139865
29-May-12,10.28,10.44,10.14,10.43,2661367
25-May-12,10.29,10.32,10.10,10.14,2213608
24-May-12,10.31,10.31,10.07,10.26,2003548
23-May-12,10.11,10.35,10.02,10.34,1665886
22-May-12,10.19,10.32,10.15,10.22,2209928
21-May-12,9.85,10.25,9.70,10.18,1879721
18-May-12,9.80,10.10,9.74,9.81,3301610
17-May-12,9.95,10.02,9.71,9.76,4128408
16-May-12,10.06,10.12,9.86,9.94,4367212
15-May-12,9.68,10.14,9.39,10.05,7283508
14-May-12,10.15,10.26,9.99,10.05,3360791
11-May-12,10.30,10.53,10.22,10.26,1975667
10-May-12,10.52,10.55,10.28,10.36,1293039
9-May-12,10.09,10.48,10.02,10.41,2126964
8-May-12,10.57,10.57,10.15,10.23,3333767
7-May-12,10.72,10.92,10.65,10.70,1454552
4-May-12,10.90,10.95,10.72,10.78,2464611
3-May-12,11.08,11.20,10.55,11.02,3802939
2-May-12,10.89,11.13,10.77,11.12,1875180
1-May-12,10.97,11.24,10.83,10.97,1470373
30-Apr-12,11.30,11.37,10.86,10.96,1787523
27-Apr-12,11.14,11.33,10.99,11.32,1446522
26-Apr-12,10.77,11.08,10.68,11.06,1400096
25-Apr-12,10.66,10.84,10.59,10.78,1195827
24-Apr-12,10.56,10.77,10.40,10.50,1459462
23-Apr-12,10.57,10.61,10.41,10.58,1294483
20-Apr-12,10.92,10.94,10.64,10.72,1764844
19-Apr-12,10.88,10.96,10.70,10.80,1757409
18-Apr-12,11.03,11.08,10.81,10.87,1088799
17-Apr-12,10.70,11.24,10.69,11.15,3855731
16-Apr-12,10.64,10.68,10.44,10.60,1180081
13-Apr-12,10.79,10.81,10.53,10.61,1676861
12-Apr-12,10.61,10.88,10.46,10.86,1727857
11-Apr-12,10.56,10.63,10.47,10.56,1333896
10-Apr-12,10.90,10.90,10.33,10.46,3027781
9-Apr-12,10.77,11.02,10.70,10.83,1642929
5-Apr-12,11.49,11.71,10.95,11.02,3564254
4-Apr-12,11.60,11.66,11.43,11.56,1642956
3-Apr-12,11.78,12.14,11.69,11.73,2487560
2-Apr-12,11.61,11.92,11.54,11.80,1641238
30-Mar-12,11.84,11.91,11.61,11.61,2073116
29-Mar-12,11.48,11.80,11.46,11.75,1682814
28-Mar-12,11.74,11.83,11.45,11.64,1676820
27-Mar-12,11.69,11.94,11.68,11.78,2324454
26-Mar-12,11.54,11.79,11.47,11.70,1356040
23-Mar-12,11.38,11.48,11.08,11.44,1333669
22-Mar-12,11.44,11.57,11.24,11.40,1127250
21-Mar-12,11.52,11.68,11.48,11.55,1301013
20-Mar-12,11.39,11.56,11.30,11.52,1069409
19-Mar-12,11.46,11.57,11.27,11.48,1166053
16-Mar-12,11.65,11.67,11.41,11.49,1845426
15-Mar-12,11.52,11.63,11.37,11.62,1211241
14-Mar-12,11.54,11.59,11.41,11.51,1219230
13-Mar-12,11.57,11.60,11.28,11.52,2465599
12-Mar-12,11.64,11.69,11.40,11.42,1528447
9-Mar-12,11.59,11.92,11.55,11.69,2427918
8-Mar-12,11.33,11.68,11.28,11.58,2525142
7-Mar-12,11.15,11.28,10.97,11.27,2027696
6-Mar-12,11.18,11.21,10.95,10.97,1662210
5-Mar-12,11.26,11.46,11.19,11.31,1582822
2-Mar-12,11.51,11.64,11.23,11.29,3329090
1-Mar-12,11.70,11.87,11.64,11.76,1528506
29-Feb-12,11.88,11.94,11.63,11.65,2133989
28-Feb-12,11.73,11.91,11.58,11.89,2055932
27-Feb-12,11.74,11.78,11.52,11.70,2095290
24-Feb-12,11.42,11.99,11.35,11.84,5277848
23-Feb-12,11.23,11.48,11.18,11.41,2117669
22-Feb-12,11.28,11.73,11.22,11.26,4533314
21-Feb-12,11.35,11.65,11.00,11.23,4766528
17-Feb-12,10.86,10.96,10.71,10.87,1918260
16-Feb-12,10.61,10.85,10.57,10.81,2127453
15-Feb-12,10.93,10.95,10.53,10.59,2574798
14-Feb-12,10.78,10.95,10.74,10.92,1100597
13-Feb-12,10.95,10.98,10.72,10.88,1638117
10-Feb-12,10.68,10.85,10.58,10.81,2264371
9-Feb-12,10.95,10.97,10.71,10.82,2043838
8-Feb-12,10.78,10.94,10.59,10.88,2933736
7-Feb-12,10.44,10.86,10.38,10.72,1909592
6-Feb-12,10.54,10.65,10.44,10.52,1653431
3-Feb-12,10.17,10.70,10.15,10.58,3150265
2-Feb-12,10.32,10.39,9.93,10.00,3553133
1-Feb-12,10.04,10.25,9.96,10.14,2783583
31-Jan-12,9.81,10.00,9.60,9.98,2827284
30-Jan-12,9.57,9.75,9.51,9.75,1267120
27-Jan-12,9.57,9.79,9.57,9.74,1169071
26-Jan-12,9.93,10.03,9.57,9.64,1867557
25-Jan-12,9.90,9.92,9.67,9.88,1680661
24-Jan-12,9.79,9.97,9.76,9.93,1333609
23-Jan-12,9.73,10.03,9.73,9.86,2778750
20-Jan-12,9.65,9.75,9.59,9.73,3015144
19-Jan-12,9.31,9.73,9.27,9.70,3578131
18-Jan-12,8.97,9.29,8.92,9.28,2400139
17-Jan-12,9.15,9.18,8.93,8.94,1945372
13-Jan-12,9.06,9.06,9.06,9.06,0
12-Jan-12,9.28,9.33,9.15,9.20,2818793
11-Jan-12,9.21,9.37,9.20,9.25,2381052
10-Jan-12,9.75,9.75,9.24,9.27,5624730
9-Jan-12,9.68,9.74,9.53,9.68,1691711
6-Jan-12,9.74,9.96,9.60,9.62,2440644
5-Jan-12,9.75,9.80,9.50,9.71,4486585
4-Jan-12,10.13,10.13,9.84,9.84,3592402
3-Jan-12,10.05,10.20,9.96,10.17,3055966
30-Dec-11,9.75,9.75,9.75,9.75,0
29-Dec-11,9.81,9.93,9.76,9.86,1534773
28-Dec-11,9.90,9.95,9.67,9.74,1686176
27-Dec-11,9.95,10.04,9.82,9.93,1446881
23-Dec-11,10.04,10.04,10.04,10.04,0
22-Dec-11,9.90,10.15,9.84,9.88,1893422
21-Dec-11,9.84,9.90,9.55,9.85,1735750
20-Dec-11,9.47,9.94,9.46,9.91,3001887
19-Dec-11,9.61,9.71,9.22,9.25,2892624
16-Dec-11,9.52,9.85,9.52,9.56,4723204
15-Dec-11,9.18,9.51,9.11,9.51,4673500
14-Dec-11,8.94,9.30,8.80,9.03,3201257
13-Dec-11,9.49,9.59,8.92,9.01,3634936
12-Dec-11,9.34,9.42,9.14,9.42,2425128
9-Dec-11,9.28,9.51,9.20,9.47,2016803
8-Dec-11,9.47,9.54,9.22,9.25,2082446
7-Dec-11,9.68,9.75,9.41,9.54,2295777
6-Dec-11,9.73,9.81,9.50,9.73,2034173
5-Dec-11,9.68,9.84,9.57,9.75,2055506
2-Dec-11,9.65,9.74,9.46,9.49,1540081
1-Dec-11,9.60,9.72,9.28,9.47,3500259
30-Nov-11,8.99,9.52,8.86,9.52,4312770
29-Nov-11,8.81,8.82,8.50,8.64,3867719
28-Nov-11,8.85,9.15,8.78,8.91,2695948
25-Nov-11,8.56,8.75,8.49,8.49,867793
23-Nov-11,8.55,8.55,8.55,8.55,0
22-Nov-11,9.02,9.20,8.82,8.83,2583526
21-Nov-11,9.07,9.20,8.84,9.05,4084901
18-Nov-11,9.45,9.45,9.14,9.15,3394271
17-Nov-11,9.72,9.79,9.34,9.42,4779048
16-Nov-11,10.26,10.26,9.70,9.73,4743537
15-Nov-11,10.29,10.58,10.13,10.37,4871620
14-Nov-11,10.12,10.24,10.03,10.20,3165282
11-Nov-11,10.14,10.22,10.00,10.18,2747936
10-Nov-11,10.09,10.10,9.78,10.02,2115035
9-Nov-11,10.25,10.29,9.83,9.85,4960111
8-Nov-11,10.72,10.74,10.27,10.63,1840229
7-Nov-11,10.63,10.75,10.35,10.60,1557092
4-Nov-11,10.68,10.75,10.47,10.66,2348104
3-Nov-11,10.35,10.87,9.96,10.83,5198236
2-Nov-11,10.64,11.24,10.64,10.95,3602451
1-Nov-11,10.48,10.86,10.31,10.55,3126483
31-Oct-11,10.79,10.90,10.57,10.57,2260822
28-Oct-11,11.35,11.40,10.86,10.94,2939670
27-Oct-11,10.99,11.50,10.92,11.43,5320924
26-Oct-11,10.58,10.69,10.14,10.57,2268589
25-Oct-11,10.71,10.85,10.35,10.36,3263423
24-Oct-11,10.28,10.79,10.28,10.78,5070334
21-Oct-11,10.10,10.27,10.00,10.20,1604066
20-Oct-11,9.84,10.00,9.65,9.89,1847797
19-Oct-11,10.12,10.25,9.80,9.83,1883235
18-Oct-11,9.77,10.23,9.54,10.16,2334583
17-Oct-11,10.10,10.21,9.74,9.78,2328659
14-Oct-11,10.05,10.18,9.84,10.16,1500276
13-Oct-11,9.94,10.15,9.82,9.88,1995111
12-Oct-11,9.95,10.26,9.86,10.05,3024966
11-Oct-11,9.74,9.92,9.63,9.84,2557991
10-Oct-11,9.60,9.86,9.57,9.85,2937914
7-Oct-11,9.51,9.66,9.20,9.41,2969654
6-Oct-11,9.05,9.46,8.92,9.46,3249283
5-Oct-11,8.93,9.05,8.60,8.94,3679326
4-Oct-11,8.21,8.88,8.14,8.87,3973878
3-Oct-11,8.65,8.85,8.32,8.34,3673170
30-Sep-11,9.04,9.18,8.74,8.75,2962289
