Date,Open,High,Low,Close,Volume
27-Sep-12,4.88,5.16,4.88,5.14,10500
26-Sep-12,5.00,5.03,4.75,4.85,12965
25-Sep-12,5.00,5.30,4.96,5.07,17240
24-Sep-12,5.15,5.15,4.96,5.05,23948
21-Sep-12,4.76,5.13,4.75,5.12,30964
20-Sep-12,4.75,4.80,4.67,4.71,7522
19-Sep-12,4.70,4.84,4.66,4.78,16219
18-Sep-12,4.69,4.75,4.60,4.74,4150
17-Sep-12,4.51,4.83,4.48,4.64,32317
14-Sep-12,4.42,4.48,4.38,4.45,38650
13-Sep-12,4.45,4.54,4.38,4.38,33750
12-Sep-12,4.53,4.53,4.43,4.50,31100
11-Sep-12,4.60,4.66,4.51,4.52,23481
10-Sep-12,4.60,4.72,4.58,4.62,15604
7-Sep-12,4.63,4.63,4.55,4.57,2790
6-Sep-12,4.65,4.74,4.55,4.59,12634
5-Sep-12,4.71,4.73,4.55,4.58,90677
4-Sep-12,4.73,4.77,4.55,4.65,22836
31-Aug-12,4.75,4.85,4.63,4.73,15974
30-Aug-12,4.79,4.79,4.59,4.75,27051
29-Aug-12,4.80,4.82,4.70,4.79,6420
28-Aug-12,4.92,4.92,4.73,4.75,5506
27-Aug-12,4.91,4.99,4.86,4.94,18839
24-Aug-12,4.70,5.00,4.60,4.82,33711
23-Aug-12,4.62,4.78,4.62,4.75,8422
22-Aug-12,4.78,4.84,4.55,4.59,10029
21-Aug-12,4.62,4.85,4.61,4.76,29100
20-Aug-12,4.66,4.66,4.52,4.59,17179
17-Aug-12,4.83,4.83,4.56,4.66,7369
16-Aug-12,4.60,4.77,4.60,4.77,2200
15-Aug-12,4.60,4.67,4.53,4.54,3900
14-Aug-12,4.76,4.79,4.50,4.55,1250
13-Aug-12,4.49,4.70,4.49,4.70,2719
10-Aug-12,4.58,4.61,4.25,4.44,13762
9-Aug-12,4.28,4.65,4.28,4.55,1712
8-Aug-12,4.22,4.42,4.22,4.31,3322
7-Aug-12,4.85,4.85,4.15,4.22,16000
6-Aug-12,4.67,4.90,4.67,4.77,3029
3-Aug-12,4.72,4.80,4.55,4.62,8402
2-Aug-12,4.40,4.55,4.40,4.49,23885
1-Aug-12,5.02,5.02,4.39,4.39,24141
31-Jul-12,5.48,5.48,4.91,4.91,32949
30-Jul-12,5.43,5.50,4.94,5.49,10195
27-Jul-12,5.00,5.50,5.00,5.49,24714
26-Jul-12,5.09,5.12,4.97,4.97,15513
25-Jul-12,5.04,5.14,4.96,4.98,29842
24-Jul-12,4.91,5.06,4.76,4.97,10731
23-Jul-12,4.76,4.96,4.76,4.93,3697
20-Jul-12,4.91,4.97,4.80,4.89,9045
19-Jul-12,4.99,5.09,4.98,5.02,6100
18-Jul-12,4.79,5.15,4.79,4.92,44873
17-Jul-12,4.97,4.97,4.75,4.79,4050
16-Jul-12,5.01,5.08,4.88,4.94,31557
13-Jul-12,5.03,5.13,5.00,5.08,19592
12-Jul-12,4.73,5.03,4.73,5.03,17533
11-Jul-12,4.88,4.90,4.75,4.76,6820
10-Jul-12,5.17,5.20,4.80,4.89,8862
9-Jul-12,5.01,5.18,5.01,5.12,15927
6-Jul-12,5.07,5.19,4.83,5.01,14579
5-Jul-12,5.18,5.31,5.12,5.12,49615
3-Jul-12,5.05,5.24,5.05,5.23,6500
2-Jul-12,4.99,5.22,4.99,5.10,9066
29-Jun-12,5.18,5.25,5.01,5.09,16754
28-Jun-12,4.76,5.06,4.76,5.00,24681
27-Jun-12,4.71,4.87,4.46,4.85,24362
26-Jun-12,4.54,4.72,4.50,4.66,28912
25-Jun-12,4.18,4.79,4.17,4.54,48867
22-Jun-12,4.30,4.42,4.18,4.22,827669
21-Jun-12,4.30,4.41,4.14,4.16,56485
20-Jun-12,4.52,4.53,4.31,4.32,34255
19-Jun-12,4.55,4.66,4.44,4.49,57637
18-Jun-12,4.25,4.62,4.25,4.47,40666
15-Jun-12,4.41,4.46,4.21,4.22,37035
14-Jun-12,4.27,4.46,4.18,4.39,40549
13-Jun-12,4.26,4.36,4.20,4.26,30321
12-Jun-12,4.24,4.30,4.15,4.26,17034
11-Jun-12,4.43,4.45,4.21,4.21,31293
8-Jun-12,4.29,4.42,4.25,4.36,20381
7-Jun-12,4.52,4.52,4.25,4.35,18302
6-Jun-12,4.28,4.50,4.25,4.44,33866
5-Jun-12,4.26,4.47,4.16,4.21,36485
4-Jun-12,4.28,4.47,4.15,4.26,47818
1-Jun-12,4.45,4.58,4.20,4.23,42977
31-May-12,4.84,4.84,4.52,4.54,26790
30-May-12,5.02,5.12,4.84,4.84,15735
29-May-12,5.32,5.32,5.03,5.13,14498
25-May-12,5.29,5.36,5.15,5.20,30366
24-May-12,5.24,5.31,5.10,5.29,20440
23-May-12,4.73,5.24,4.73,5.21,24774
22-May-12,4.68,4.92,4.60,4.80,21761
21-May-12,4.61,4.92,4.50,4.69,39559
18-May-12,4.60,4.71,4.50,4.54,19836
17-May-12,4.95,4.95,4.54,4.58,34072
16-May-12,4.88,5.10,4.85,4.92,24199
15-May-12,4.92,4.92,4.80,4.80,22023
14-May-12,5.02,5.08,4.90,4.90,21030
11-May-12,5.31,5.47,5.04,5.06,30542
10-May-12,5.47,5.74,5.25,5.41,31926
9-May-12,5.19,5.53,5.16,5.38,25728
8-May-12,4.89,5.35,4.89,5.23,42719
7-May-12,4.96,5.01,4.82,4.89,20943
4-May-12,4.99,5.19,4.85,4.95,57428
3-May-12,5.09,5.19,4.95,5.02,32576
2-May-12,5.19,5.19,5.01,5.08,37900
1-May-12,5.46,5.48,5.21,5.21,49575
30-Apr-12,5.96,5.96,5.41,5.49,33017
27-Apr-12,6.09,6.11,5.90,6.01,29554
26-Apr-12,6.02,6.21,5.98,6.07,23921
25-Apr-12,6.03,6.12,5.83,6.04,23178
24-Apr-12,5.72,5.96,5.59,5.91,21404
23-Apr-12,5.64,5.81,5.45,5.69,21344
20-Apr-12,5.75,5.90,5.73,5.76,19654
19-Apr-12,5.99,6.08,5.65,5.66,35035
18-Apr-12,6.19,6.24,5.89,6.02,37970
17-Apr-12,6.64,6.66,6.24,6.28,25571
16-Apr-12,6.72,6.72,6.37,6.52,13633
13-Apr-12,6.77,6.77,6.46,6.63,36020
12-Apr-12,6.41,7.06,6.26,6.82,51772
11-Apr-12,6.23,6.44,6.23,6.37,46551
10-Apr-12,6.83,6.83,6.18,6.18,67999
9-Apr-12,6.98,6.98,6.62,6.83,44656
5-Apr-12,7.22,7.36,6.96,7.00,29745
4-Apr-12,7.41,7.53,7.22,7.26,43164
3-Apr-12,7.77,7.77,7.51,7.52,21871
2-Apr-12,7.67,7.79,7.54,7.79,28531
30-Mar-12,7.55,7.76,7.29,7.65,32867
29-Mar-12,7.49,7.59,7.47,7.49,23139
28-Mar-12,7.49,7.57,7.47,7.54,20523
27-Mar-12,7.29,7.57,7.29,7.50,45871
26-Mar-12,7.32,7.48,7.30,7.38,55857
23-Mar-12,7.04,7.23,6.97,7.18,24827
22-Mar-12,7.21,7.23,7.02,7.06,26919
21-Mar-12,7.38,7.49,7.28,7.31,28879
20-Mar-12,7.89,7.92,7.33,7.40,70340
19-Mar-12,8.00,8.04,7.90,7.96,41522
16-Mar-12,8.02,8.16,7.90,7.98,84982
15-Mar-12,7.78,8.00,7.67,8.00,21910
14-Mar-12,7.42,7.89,7.42,7.83,33528
13-Mar-12,7.53,7.62,7.40,7.59,38984
12-Mar-12,7.34,7.52,7.25,7.47,29046
9-Mar-12,7.02,7.50,7.00,7.40,47047
8-Mar-12,7.11,7.16,6.84,7.01,16246
7-Mar-12,6.87,7.18,6.86,7.03,21867
6-Mar-12,7.01,7.23,6.75,6.86,45918
5-Mar-12,7.11,7.18,6.90,7.01,27102
2-Mar-12,7.63,7.70,7.11,7.17,44149
1-Mar-12,8.14,8.16,7.51,7.62,57649
29-Feb-12,8.17,8.34,8.05,8.05,83829
28-Feb-12,7.98,8.21,7.98,8.10,32743
27-Feb-12,7.89,8.13,7.76,7.97,33450
24-Feb-12,8.25,8.32,7.78,7.97,69417
23-Feb-12,7.46,8.25,7.25,8.24,74439
22-Feb-12,7.70,7.78,7.47,7.47,94826
21-Feb-12,7.68,7.78,7.50,7.73,114891
17-Feb-12,7.61,7.71,7.58,7.61,43927
16-Feb-12,7.34,7.59,7.28,7.55,32186
15-Feb-12,7.67,7.69,7.15,7.28,52773
14-Feb-12,6.91,7.61,6.91,7.57,59332
13-Feb-12,6.94,7.02,6.89,6.94,51740
10-Feb-12,6.98,6.98,6.80,6.87,73490
9-Feb-12,7.14,7.17,7.05,7.12,58331
8-Feb-12,6.87,7.09,6.74,7.06,77716
7-Feb-12,6.52,6.79,6.50,6.76,36444
6-Feb-12,6.62,6.75,6.41,6.49,80914
3-Feb-12,6.36,6.75,6.30,6.71,105503
2-Feb-12,6.22,6.30,6.14,6.22,54093
1-Feb-12,6.31,6.39,6.07,6.21,83791
31-Jan-12,6.41,6.52,6.17,6.21,66824
30-Jan-12,6.85,6.91,6.26,6.38,94368
27-Jan-12,6.83,7.05,6.75,6.89,117464
26-Jan-12,6.93,7.05,6.81,6.82,120395
25-Jan-12,6.37,6.97,6.25,6.81,130771
24-Jan-12,6.16,6.38,5.97,6.32,115335
23-Jan-12,5.77,6.24,5.71,6.22,77668
20-Jan-12,5.53,5.98,5.35,5.82,80275
19-Jan-12,5.49,5.73,5.35,5.54,96023
18-Jan-12,5.20,5.50,5.20,5.48,82330
17-Jan-12,5.33,5.40,5.15,5.20,112932
13-Jan-12,5.23,5.23,5.23,5.23,0
12-Jan-12,5.09,5.21,4.99,5.19,64454
11-Jan-12,4.84,5.13,4.81,5.07,138899
10-Jan-12,4.79,5.00,4.76,4.88,100450
9-Jan-12,4.37,4.73,4.37,4.69,57322
6-Jan-12,4.70,4.81,4.50,4.52,60031
5-Jan-12,4.47,4.70,4.42,4.65,74049
4-Jan-12,4.58,4.68,4.47,4.47,125735
3-Jan-12,4.46,4.84,4.46,4.64,337351
30-Dec-11,4.35,4.35,4.35,4.35,0
29-Dec-11,4.15,4.33,4.15,4.27,135640
28-Dec-11,4.19,4.29,4.02,4.11,101618
27-Dec-11,4.41,4.51,4.12,4.19,125039
23-Dec-11,4.41,4.41,4.41,4.41,0
22-Dec-11,4.63,4.78,4.63,4.69,44681
21-Dec-11,4.51,4.64,4.45,4.60,79034
20-Dec-11,4.81,4.87,4.51,4.54,92346
19-Dec-11,4.51,4.85,4.40,4.58,100701
16-Dec-11,5.25,5.44,4.25,4.40,601617
15-Dec-11,5.72,5.88,5.18,5.19,112056
14-Dec-11,5.97,5.97,5.01,5.44,126649
13-Dec-11,6.44,6.44,5.86,5.98,60145
12-Dec-11,6.79,6.79,6.15,6.19,75244
9-Dec-11,6.44,7.02,6.40,7.00,40477
8-Dec-11,6.01,6.52,6.01,6.38,48870
7-Dec-11,6.19,6.23,5.72,6.11,42179
6-Dec-11,5.55,5.84,5.50,5.73,33100
5-Dec-11,5.78,5.78,5.53,5.58,42175
2-Dec-11,5.65,5.70,5.47,5.58,23948
1-Dec-11,5.69,5.75,5.35,5.54,39220
30-Nov-11,5.47,5.81,5.37,5.77,67005
29-Nov-11,5.06,5.34,5.06,5.17,36698
28-Nov-11,5.33,5.38,4.96,5.09,47844
25-Nov-11,5.30,5.40,5.06,5.10,7189
23-Nov-11,5.37,5.37,5.37,5.37,0
22-Nov-11,5.97,6.15,5.97,5.99,15232
21-Nov-11,6.33,6.33,5.95,6.18,46362
18-Nov-11,6.66,6.66,6.18,6.53,25377
17-Nov-11,6.88,6.90,6.60,6.63,13149
16-Nov-11,6.92,7.09,6.82,6.82,47151
15-Nov-11,6.70,7.00,6.61,6.90,26796
14-Nov-11,6.92,7.00,6.71,6.72,26673
11-Nov-11,6.33,6.90,6.25,6.85,25409
10-Nov-11,6.64,6.87,6.32,6.50,11354
9-Nov-11,6.72,7.03,6.47,6.47,18557
8-Nov-11,6.84,7.01,6.56,6.98,24746
7-Nov-11,6.95,6.98,6.67,6.87,9171
4-Nov-11,6.78,7.02,6.77,6.92,12765
3-Nov-11,6.85,6.97,6.65,6.83,46280
2-Nov-11,6.51,6.71,6.43,6.71,18478
1-Nov-11,6.42,6.66,6.12,6.35,21376
31-Oct-11,6.91,6.98,6.76,6.76,18812
28-Oct-11,7.00,7.20,7.00,7.06,45078
27-Oct-11,6.98,7.09,6.85,6.90,69587
26-Oct-11,6.89,6.89,6.22,6.75,35274
25-Oct-11,6.99,7.00,6.73,6.74,17043
24-Oct-11,7.13,7.22,6.90,7.06,54910
21-Oct-11,7.06,7.44,6.66,7.01,41753
20-Oct-11,7.03,7.08,6.69,6.89,15839
19-Oct-11,7.02,7.16,6.90,6.98,21093
18-Oct-11,7.17,7.22,6.91,7.06,46012
17-Oct-11,7.15,7.44,7.06,7.08,24729
14-Oct-11,7.30,7.33,7.03,7.13,23689
13-Oct-11,7.42,7.48,7.25,7.34,13281
12-Oct-11,7.36,7.57,7.36,7.53,23524
11-Oct-11,7.24,7.30,7.11,7.25,29802
10-Oct-11,9.10,9.10,7.05,7.30,145161
7-Oct-11,9.95,9.95,8.92,9.09,18411
6-Oct-11,10.00,10.18,9.60,9.95,38274
5-Oct-11,10.24,10.30,9.66,10.03,31191
4-Oct-11,8.60,10.82,8.55,10.39,27858
3-Oct-11,9.50,9.70,8.50,8.68,29975
30-Sep-11,9.35,9.75,9.02,9.55,47635
