Date,Open,High,Low,Close,Volume
27-Sep-12,16.35,16.78,16.15,16.75,487077
26-Sep-12,16.06,16.34,15.81,16.28,594428
25-Sep-12,16.67,16.94,16.03,16.06,677827
24-Sep-12,16.39,16.99,16.39,16.60,698908
21-Sep-12,17.19,17.47,16.57,16.57,1215370
20-Sep-12,17.32,17.38,16.70,17.00,686645
19-Sep-12,17.18,17.59,17.11,17.48,702087
18-Sep-12,16.99,17.23,16.94,17.15,741047
17-Sep-12,17.08,17.33,16.91,17.09,464926
14-Sep-12,17.29,17.46,17.07,17.20,975796
13-Sep-12,16.91,17.29,16.79,17.17,816169
12-Sep-12,17.00,17.02,16.55,16.96,262247
11-Sep-12,16.88,17.29,16.69,17.03,339113
10-Sep-12,16.84,17.14,16.70,16.96,429838
7-Sep-12,17.06,17.19,16.86,16.88,536041
6-Sep-12,16.49,17.00,16.40,16.97,536323
5-Sep-12,16.10,16.45,15.95,16.40,448168
4-Sep-12,15.80,16.25,15.48,16.15,444960
31-Aug-12,15.86,16.08,15.65,15.82,720405
30-Aug-12,15.78,16.00,15.69,15.71,359633
29-Aug-12,16.61,16.65,15.92,15.92,1119800
28-Aug-12,16.79,16.99,16.60,16.62,274723
27-Aug-12,16.47,16.90,16.43,16.85,570960
24-Aug-12,16.41,16.62,16.01,16.43,614221
23-Aug-12,17.06,17.09,16.43,16.49,576008
22-Aug-12,17.29,17.36,17.01,17.03,515578
21-Aug-12,17.43,17.53,17.24,17.38,429994
20-Aug-12,17.24,17.50,17.10,17.38,466524
17-Aug-12,16.75,17.39,16.75,17.37,262305
16-Aug-12,16.95,17.03,16.71,16.76,163418
15-Aug-12,16.76,17.04,16.69,16.98,97468
14-Aug-12,16.99,17.00,16.73,16.84,188651
13-Aug-12,17.05,17.19,16.67,16.95,174075
10-Aug-12,16.92,17.14,16.75,17.11,125511
9-Aug-12,16.79,17.14,16.78,16.94,317215
8-Aug-12,16.88,17.08,16.60,16.79,155596
7-Aug-12,16.93,17.12,16.54,16.97,290313
6-Aug-12,16.77,17.07,16.73,16.85,274389
3-Aug-12,16.58,16.87,16.47,16.69,306934
2-Aug-12,16.52,17.04,16.14,16.28,1176380
1-Aug-12,16.20,16.90,16.20,16.65,1309114
31-Jul-12,16.08,16.44,15.99,16.00,825410
30-Jul-12,15.78,16.25,15.73,16.18,816485
27-Jul-12,15.25,16.00,14.86,15.79,1899816
26-Jul-12,14.80,15.43,14.39,15.12,1214376
25-Jul-12,15.16,15.16,14.49,14.53,847998
24-Jul-12,15.27,15.31,14.97,15.11,668867
23-Jul-12,15.26,15.42,15.02,15.21,584038
20-Jul-12,16.21,16.23,15.35,15.61,2502599
19-Jul-12,14.81,15.17,14.81,15.02,689900
18-Jul-12,14.84,15.25,14.79,14.80,758856
17-Jul-12,14.88,15.00,14.53,14.92,579018
16-Jul-12,14.84,14.88,14.63,14.79,310852
13-Jul-12,14.70,15.00,14.61,14.94,491232
12-Jul-12,14.52,14.88,14.04,14.65,602273
11-Jul-12,14.92,15.12,14.51,14.66,590795
10-Jul-12,15.04,15.18,14.76,14.91,801033
9-Jul-12,14.92,15.22,14.82,14.99,659510
6-Jul-12,14.83,15.14,14.48,14.89,481423
5-Jul-12,14.91,15.11,14.87,15.03,784931
3-Jul-12,14.89,15.00,14.80,14.96,673939
2-Jul-12,14.67,14.83,14.36,14.83,499187
29-Jun-12,14.61,14.74,14.49,14.65,743722
28-Jun-12,13.59,14.36,13.59,14.27,703211
27-Jun-12,13.29,13.84,13.23,13.68,383310
26-Jun-12,13.29,13.45,13.13,13.24,498961
25-Jun-12,13.30,13.37,13.19,13.24,580663
22-Jun-12,13.56,13.58,13.25,13.50,1331355
21-Jun-12,13.87,13.87,13.32,13.45,789027
20-Jun-12,13.89,14.17,13.64,13.82,1051944
19-Jun-12,13.86,14.14,13.78,13.84,1742626
18-Jun-12,13.86,14.12,13.62,13.78,768517
15-Jun-12,13.55,14.02,13.39,13.98,1554423
14-Jun-12,13.40,13.63,13.30,13.54,299977
13-Jun-12,13.50,13.66,13.33,13.42,442751
12-Jun-12,13.62,13.78,13.33,13.51,854693
11-Jun-12,14.26,14.34,13.55,13.55,876365
8-Jun-12,14.29,14.29,13.94,14.10,515425
7-Jun-12,14.62,15.00,14.27,14.35,860630
6-Jun-12,14.26,14.45,14.09,14.35,516129
5-Jun-12,14.04,14.29,13.74,14.15,810494
4-Jun-12,14.06,14.21,13.72,14.11,669223
1-Jun-12,13.68,14.31,13.68,14.01,789703
31-May-12,14.11,14.32,13.87,14.04,1128261
30-May-12,14.55,14.55,14.06,14.18,664974
29-May-12,14.65,14.87,14.35,14.74,744383
25-May-12,14.34,14.46,14.18,14.44,509716
24-May-12,14.40,14.45,14.05,14.34,583962
23-May-12,13.98,14.37,13.85,14.37,864356
22-May-12,14.51,14.59,14.01,14.16,1138263
21-May-12,14.37,14.60,14.12,14.53,975326
18-May-12,14.46,14.52,14.00,14.37,1073417
17-May-12,14.94,15.00,14.25,14.38,1051282
16-May-12,14.45,15.00,14.44,14.82,969622
15-May-12,14.64,14.64,14.00,14.54,1135900
14-May-12,14.72,14.97,14.65,14.67,536148
11-May-12,14.73,15.21,14.63,14.93,397288
10-May-12,15.07,15.31,14.61,14.87,1195383
9-May-12,14.43,15.20,14.37,15.00,1046462
8-May-12,14.19,14.77,14.07,14.65,977518
7-May-12,14.16,14.47,14.02,14.35,473223
4-May-12,14.51,14.65,14.18,14.20,642402
3-May-12,15.02,15.22,14.54,14.65,1070131
2-May-12,15.00,15.32,14.96,15.07,1623140
1-May-12,15.22,15.37,14.86,15.08,1425821
30-Apr-12,14.99,15.31,14.85,15.22,1351282
27-Apr-12,14.86,15.00,14.63,14.97,706437
26-Apr-12,14.35,14.80,14.24,14.80,786023
25-Apr-12,14.52,14.60,14.37,14.45,840750
24-Apr-12,13.98,14.50,13.86,14.33,506413
23-Apr-12,13.99,14.14,13.88,13.98,625745
20-Apr-12,14.44,14.65,14.15,14.30,429952
19-Apr-12,14.14,14.29,13.90,14.28,512085
18-Apr-12,14.25,14.42,13.99,14.10,401683
17-Apr-12,14.57,14.77,14.35,14.38,388016
16-Apr-12,14.35,14.72,14.14,14.40,569661
13-Apr-12,14.49,14.62,14.18,14.26,612948
12-Apr-12,13.92,14.70,13.90,14.57,527278
11-Apr-12,14.17,14.28,13.86,14.08,437451
10-Apr-12,14.26,14.46,13.81,14.00,745003
9-Apr-12,14.27,14.55,14.11,14.33,550056
5-Apr-12,13.10,14.89,13.10,14.55,656533
4-Apr-12,14.20,14.35,13.87,14.00,430666
3-Apr-12,14.45,14.83,14.28,14.40,590006
2-Apr-12,14.17,14.78,14.05,14.50,960701
30-Mar-12,14.41,14.48,13.98,14.21,372228
29-Mar-12,13.75,14.32,13.65,14.26,567930
28-Mar-12,14.21,14.21,13.74,13.90,646573
27-Mar-12,14.32,14.63,14.21,14.24,422713
26-Mar-12,14.23,14.42,14.08,14.32,579972
23-Mar-12,13.96,14.29,13.67,14.11,807419
22-Mar-12,14.20,14.20,13.74,14.01,619799
21-Mar-12,14.51,14.59,14.19,14.34,472000
20-Mar-12,14.56,14.67,14.16,14.40,818057
19-Mar-12,14.39,15.13,14.39,14.55,1851084
16-Mar-12,13.98,14.15,13.80,13.88,4463873
15-Mar-12,14.38,14.41,13.89,13.98,916424
14-Mar-12,14.49,14.58,14.24,14.40,655077
13-Mar-12,14.41,14.55,14.15,14.54,725853
12-Mar-12,14.32,14.74,14.13,14.35,913979
9-Mar-12,13.87,14.40,13.83,14.29,667057
8-Mar-12,13.93,13.98,13.68,13.89,438241
7-Mar-12,13.39,13.88,13.30,13.81,705582
6-Mar-12,13.68,13.68,13.25,13.34,1225731
5-Mar-12,14.10,14.24,13.78,13.85,711861
2-Mar-12,14.65,14.77,14.12,14.17,822604
1-Mar-12,14.39,14.75,14.36,14.69,730707
29-Feb-12,14.57,14.85,14.12,14.33,879965
28-Feb-12,14.49,14.75,14.45,14.59,797516
27-Feb-12,14.31,14.65,14.00,14.43,431083
24-Feb-12,14.36,14.53,14.14,14.43,363691
23-Feb-12,14.04,14.54,13.93,14.39,684265
22-Feb-12,14.34,14.47,13.96,13.97,792848
21-Feb-12,14.52,14.52,14.07,14.34,504324
17-Feb-12,14.73,14.73,14.37,14.45,394840
16-Feb-12,14.23,14.86,14.07,14.66,567955
15-Feb-12,14.79,14.82,14.05,14.28,727467
14-Feb-12,14.84,14.89,14.56,14.74,438475
13-Feb-12,15.17,15.20,14.72,14.88,611092
10-Feb-12,15.11,15.11,14.70,15.10,650563
9-Feb-12,15.74,15.74,15.15,15.26,844876
8-Feb-12,15.58,16.00,15.58,15.65,1116422
7-Feb-12,15.03,15.78,14.83,15.59,1436146
6-Feb-12,14.90,15.14,14.81,15.14,950588
3-Feb-12,14.64,15.34,14.59,15.03,1643600
2-Feb-12,13.69,14.40,13.53,14.35,2484118
1-Feb-12,13.69,14.24,13.62,14.19,1581313
31-Jan-12,13.50,13.69,13.26,13.43,1950966
30-Jan-12,13.49,13.72,13.29,13.42,2464170
27-Jan-12,13.50,13.86,13.50,13.81,1320826
26-Jan-12,13.85,13.97,13.50,13.51,2650994
25-Jan-12,13.20,13.89,13.20,13.77,3285550
24-Jan-12,13.10,13.77,12.94,13.58,3694806
23-Jan-12,13.50,14.05,13.40,13.84,2179270
20-Jan-12,12.72,13.50,12.72,13.30,2070578
19-Jan-12,12.80,13.12,12.69,12.79,4220784
18-Jan-12,13.40,13.44,12.67,12.86,11524130
17-Jan-12,13.18,13.55,12.57,13.40,11610540
13-Jan-12,12.63,12.63,12.63,12.63,0
12-Jan-12,11.76,12.20,11.46,12.09,2189836
11-Jan-12,11.50,11.90,11.16,11.25,1179975
10-Jan-12,11.73,12.00,11.34,11.51,511088
9-Jan-12,11.77,11.90,11.01,11.73,384923
6-Jan-12,11.75,12.25,11.25,11.70,505745
5-Jan-12,11.51,11.80,11.28,11.72,282538
4-Jan-12,11.44,11.85,11.25,11.62,174081
3-Jan-12,11.45,11.55,11.14,11.47,164549
30-Dec-11,11.20,11.20,11.20,11.20,0
29-Dec-11,11.38,11.42,11.09,11.18,43637
28-Dec-11,11.50,11.88,11.06,11.31,164980
27-Dec-11,11.41,11.52,11.25,11.52,33191
23-Dec-11,11.51,11.51,11.51,11.51,0
22-Dec-11,11.48,11.64,10.82,11.59,235805
21-Dec-11,11.61,11.61,11.20,11.45,88026
20-Dec-11,11.49,11.73,11.18,11.67,129888
19-Dec-11,11.46,11.50,10.99,11.23,91751
16-Dec-11,12.02,12.29,11.08,11.49,412285
15-Dec-11,11.10,11.22,10.98,11.18,125413
14-Dec-11,10.57,11.05,10.34,11.02,328007
13-Dec-11,10.99,10.99,10.61,10.61,88082
12-Dec-11,10.67,10.86,10.46,10.84,105854
9-Dec-11,10.97,11.00,10.57,10.80,487028
8-Dec-11,11.31,11.33,10.85,10.99,372403
7-Dec-11,10.53,11.02,10.53,10.95,320673
6-Dec-11,10.63,10.68,10.35,10.59,133647
5-Dec-11,10.88,10.92,10.65,10.69,133982
2-Dec-11,11.07,11.07,10.57,10.72,559050
1-Dec-11,12.60,16.00,10.48,10.95,698594
30-Nov-11,11.85,12.04,11.31,11.54,113315
29-Nov-11,11.52,11.52,11.22,11.42,255972
28-Nov-11,10.98,11.90,10.96,11.54,180704
25-Nov-11,10.91,10.91,10.50,10.57,39495
23-Nov-11,10.99,10.99,10.99,10.99,0
22-Nov-11,10.61,11.24,10.56,11.18,160777
21-Nov-11,10.36,10.60,10.12,10.56,63928
18-Nov-11,10.58,10.73,10.18,10.52,178035
17-Nov-11,10.43,10.83,10.43,10.58,170442
16-Nov-11,10.79,10.95,10.40,10.45,157490
15-Nov-11,11.00,11.15,10.60,10.92,115274
14-Nov-11,11.65,11.67,10.92,11.00,79131
11-Nov-11,11.25,12.10,11.25,11.63,81254
10-Nov-11,11.25,11.34,10.85,11.12,71185
9-Nov-11,11.83,12.20,11.07,11.08,82174
8-Nov-11,11.85,12.27,11.76,12.18,336473
7-Nov-11,12.05,12.05,11.73,11.79,68048
4-Nov-11,11.87,12.11,11.79,12.03,77869
3-Nov-11,12.24,12.26,11.87,12.00,140088
2-Nov-11,11.97,12.33,11.79,12.08,93664
1-Nov-11,12.20,12.23,11.46,11.79,170589
31-Oct-11,12.72,13.06,12.56,12.62,71882
28-Oct-11,12.67,13.11,12.61,12.96,56568
27-Oct-11,12.08,12.95,12.04,12.25,146566
26-Oct-11,11.65,11.77,11.31,11.65,127856
25-Oct-11,11.70,11.99,11.42,11.42,57308
24-Oct-11,11.75,12.05,11.61,11.75,97796
21-Oct-11,11.20,11.71,11.15,11.70,85743
20-Oct-11,11.14,11.14,10.81,10.96,33752
19-Oct-11,11.42,11.53,10.96,11.15,339270
18-Oct-11,11.40,12.27,11.08,11.47,137609
17-Oct-11,11.64,11.64,11.30,11.41,78348
14-Oct-11,11.50,11.64,11.42,11.62,66810
13-Oct-11,10.45,11.53,10.41,11.39,57483
12-Oct-11,10.34,10.57,10.24,10.50,136960
11-Oct-11,9.92,10.44,9.89,10.26,86186
10-Oct-11,9.89,10.13,9.55,10.02,194535
7-Oct-11,10.51,10.69,9.59,9.76,209869
6-Oct-11,10.64,10.84,10.25,10.49,120819
5-Oct-11,10.17,10.89,10.10,10.64,158167
4-Oct-11,9.79,10.14,9.20,10.13,232524
3-Oct-11,10.87,11.00,9.58,9.90,384240
30-Sep-11,11.48,11.63,10.78,11.00,1531778
