Date,Open,High,Low,Close,Volume
27-Sep-12,15.98,16.09,15.72,15.96,187717
26-Sep-12,16.12,16.12,15.82,15.90,125573
25-Sep-12,16.60,16.72,16.07,16.11,199159
24-Sep-12,16.05,16.80,15.82,16.48,186033
21-Sep-12,17.25,17.31,16.68,16.68,399296
20-Sep-12,17.01,17.24,16.87,16.97,73000
19-Sep-12,17.30,17.40,17.02,17.18,151601
18-Sep-12,17.14,17.29,17.07,17.29,125763
17-Sep-12,17.23,17.26,17.12,17.24,122006
14-Sep-12,17.14,17.40,17.10,17.36,204530
13-Sep-12,16.66,17.26,16.55,17.00,170922
12-Sep-12,16.66,16.77,16.50,16.61,89678
11-Sep-12,16.61,16.78,16.52,16.63,88931
10-Sep-12,16.69,16.84,16.51,16.60,134079
7-Sep-12,16.61,16.86,16.46,16.76,137324
6-Sep-12,15.68,16.54,15.68,16.51,214149
5-Sep-12,15.48,15.70,15.46,15.60,104599
4-Sep-12,15.53,15.55,15.05,15.51,212126
31-Aug-12,15.72,15.72,15.36,15.53,205637
30-Aug-12,15.61,15.70,15.52,15.52,54461
29-Aug-12,15.75,15.89,15.68,15.78,163018
28-Aug-12,15.68,15.89,15.63,15.73,168659
27-Aug-12,15.76,15.98,15.68,15.68,146132
24-Aug-12,15.87,15.96,15.63,15.72,292455
23-Aug-12,16.05,16.17,15.95,15.96,225323
22-Aug-12,16.32,16.41,16.03,16.09,266418
21-Aug-12,16.47,16.69,16.18,16.41,239698
20-Aug-12,16.39,16.59,16.22,16.39,187724
17-Aug-12,16.01,16.49,15.94,16.46,69814
16-Aug-12,15.81,16.16,15.76,16.03,48980
15-Aug-12,15.39,15.90,15.39,15.88,56990
14-Aug-12,15.77,15.80,15.33,15.43,99673
13-Aug-12,15.74,15.86,15.46,15.70,29703
10-Aug-12,15.71,15.95,15.46,15.84,42933
9-Aug-12,15.80,15.95,15.73,15.79,24694
8-Aug-12,15.31,15.97,15.31,15.85,49097
7-Aug-12,15.18,15.64,15.18,15.40,75411
6-Aug-12,15.16,15.38,14.96,15.09,81909
3-Aug-12,14.67,15.32,14.67,15.14,84667
2-Aug-12,14.52,14.68,14.21,14.36,155419
1-Aug-12,15.32,15.32,14.71,14.71,198143
31-Jul-12,14.90,15.30,14.90,15.22,270036
30-Jul-12,14.85,15.11,14.74,15.00,137601
27-Jul-12,14.60,15.12,14.47,14.85,294383
26-Jul-12,15.04,15.53,14.18,14.46,548774
25-Jul-12,15.00,15.16,14.90,15.06,149918
24-Jul-12,15.13,15.13,14.87,14.91,154711
23-Jul-12,14.95,15.24,14.75,15.10,114074
20-Jul-12,15.43,15.47,15.18,15.33,257473
19-Jul-12,15.73,15.82,15.53,15.65,414418
18-Jul-12,15.63,15.94,15.63,15.70,105323
17-Jul-12,15.85,15.85,15.40,15.67,99331
16-Jul-12,15.71,15.84,15.65,15.68,113010
13-Jul-12,15.86,16.09,15.73,15.79,159318
12-Jul-12,15.34,15.96,15.22,15.82,238639
11-Jul-12,15.68,15.70,15.43,15.53,156839
10-Jul-12,16.03,16.21,15.64,15.68,178143
9-Jul-12,16.05,16.13,15.80,15.85,176301
6-Jul-12,15.87,16.22,15.69,16.13,192678
5-Jul-12,15.93,16.27,15.92,16.11,278820
3-Jul-12,15.82,16.00,15.75,16.00,166414
2-Jul-12,15.50,15.83,15.11,15.83,177971
29-Jun-12,14.73,15.50,14.62,15.48,267898
28-Jun-12,13.92,14.34,13.81,14.34,158645
27-Jun-12,13.83,14.16,13.83,14.10,183827
26-Jun-12,14.05,14.12,13.75,13.82,189739
25-Jun-12,14.11,14.17,13.88,13.99,177559
22-Jun-12,14.41,14.51,14.32,14.42,337882
21-Jun-12,14.75,14.78,13.99,14.28,248066
20-Jun-12,14.96,14.96,14.69,14.77,127673
19-Jun-12,14.56,15.14,14.54,14.91,191610
18-Jun-12,14.28,14.58,14.20,14.47,252056
15-Jun-12,14.64,14.66,14.34,14.45,609814
14-Jun-12,14.44,14.82,14.43,14.64,170016
13-Jun-12,14.87,14.87,14.38,14.45,197115
12-Jun-12,14.83,14.97,14.50,14.94,125666
11-Jun-12,15.37,15.37,14.67,14.71,171581
8-Jun-12,14.92,15.38,14.69,15.16,124491
7-Jun-12,15.42,15.49,14.88,14.99,176742
6-Jun-12,14.80,15.34,14.58,15.17,270499
5-Jun-12,13.99,14.67,13.99,14.62,216099
4-Jun-12,13.78,14.21,13.59,14.11,242193
1-Jun-12,14.64,14.75,13.83,13.84,394025
31-May-12,15.11,15.24,14.75,14.95,282116
30-May-12,15.23,15.33,15.05,15.12,120941
29-May-12,15.42,15.61,15.15,15.44,62548
25-May-12,15.26,15.36,15.14,15.25,94074
24-May-12,15.43,15.62,14.97,15.29,82267
23-May-12,15.09,15.44,14.92,15.44,112468
22-May-12,15.60,15.64,15.18,15.32,173764
21-May-12,15.33,15.63,15.11,15.61,165668
18-May-12,15.52,15.68,15.18,15.27,168517
17-May-12,16.12,16.16,15.54,15.55,154805
16-May-12,16.37,16.46,16.00,16.03,189850
15-May-12,16.32,16.61,16.27,16.32,126997
14-May-12,16.17,16.43,16.15,16.37,211626
11-May-12,16.15,16.49,16.12,16.44,166853
10-May-12,16.27,16.53,16.02,16.37,151407
9-May-12,16.04,16.18,15.80,16.07,212852
8-May-12,16.21,16.37,16.05,16.30,128402
7-May-12,16.42,16.60,16.26,16.39,124990
4-May-12,16.94,16.94,16.44,16.52,213171
3-May-12,17.23,17.48,17.01,17.07,310140
2-May-12,16.82,17.21,16.72,17.21,202985
1-May-12,17.24,17.52,17.03,17.09,178427
30-Apr-12,17.19,17.41,16.84,17.26,263288
27-Apr-12,17.23,17.42,16.78,17.22,176438
26-Apr-12,16.73,17.21,16.38,17.14,274605
25-Apr-12,17.07,17.40,16.79,16.80,238663
24-Apr-12,16.33,16.79,16.27,16.75,145550
23-Apr-12,16.79,16.81,16.23,16.36,230546
20-Apr-12,17.12,17.54,17.00,17.16,232053
19-Apr-12,17.18,17.24,16.72,16.88,94297
18-Apr-12,16.98,17.31,16.95,17.17,179089
17-Apr-12,16.95,17.48,16.95,17.10,187227
16-Apr-12,16.70,16.95,16.40,16.75,75711
13-Apr-12,16.92,17.00,16.58,16.60,119666
12-Apr-12,16.60,17.13,16.56,17.02,132913
11-Apr-12,16.53,16.61,16.40,16.61,132150
10-Apr-12,16.87,16.87,16.20,16.34,166899
9-Apr-12,16.87,17.00,16.59,16.90,184824
5-Apr-12,17.17,17.40,17.17,17.31,157072
4-Apr-12,17.38,17.49,17.13,17.29,117846
3-Apr-12,18.08,18.13,17.60,17.68,146648
2-Apr-12,17.78,18.22,17.68,18.12,290036
30-Mar-12,18.00,18.00,17.71,17.88,207873
29-Mar-12,17.37,17.87,17.27,17.81,254693
28-Mar-12,17.50,17.69,17.38,17.56,184737
27-Mar-12,17.95,18.01,17.50,17.50,126464
26-Mar-12,17.71,18.13,17.63,17.99,140683
23-Mar-12,17.02,17.50,16.90,17.48,140477
22-Mar-12,16.93,17.07,16.88,17.00,228733
21-Mar-12,17.15,17.44,17.10,17.19,181311
20-Mar-12,17.35,17.41,16.98,17.06,151397
19-Mar-12,17.26,17.68,17.14,17.53,179658
16-Mar-12,17.34,17.37,17.15,17.25,379751
15-Mar-12,17.14,17.38,17.06,17.31,193268
14-Mar-12,17.57,17.70,17.13,17.18,214937
13-Mar-12,17.50,17.69,17.19,17.69,370506
12-Mar-12,17.40,17.58,17.11,17.31,400911
9-Mar-12,16.90,17.48,16.75,17.43,406553
8-Mar-12,16.58,16.93,16.42,16.93,218276
7-Mar-12,16.30,16.48,16.21,16.44,134859
6-Mar-12,16.27,16.44,16.14,16.20,302647
5-Mar-12,16.33,16.55,16.15,16.48,144171
2-Mar-12,16.80,16.93,16.20,16.44,235694
1-Mar-12,16.69,17.05,16.69,16.80,219040
29-Feb-12,16.68,16.93,16.31,16.56,393500
28-Feb-12,16.87,16.98,16.48,16.70,189357
27-Feb-12,16.68,16.99,16.50,16.85,187253
24-Feb-12,16.93,16.97,16.76,16.92,162622
23-Feb-12,16.71,16.99,16.53,16.95,153788
22-Feb-12,16.77,17.00,16.53,16.69,199995
21-Feb-12,16.77,16.87,16.62,16.83,277690
17-Feb-12,16.72,17.06,16.68,16.80,169727
16-Feb-12,16.64,16.75,16.50,16.70,198773
15-Feb-12,16.78,16.78,16.37,16.58,196933
14-Feb-12,16.75,16.86,16.26,16.71,220905
13-Feb-12,17.22,17.36,16.82,16.87,282845
10-Feb-12,17.05,17.17,16.69,16.89,280246
9-Feb-12,17.99,17.99,16.87,17.33,413643
8-Feb-12,16.93,17.18,16.83,17.12,184115
7-Feb-12,16.75,16.96,16.74,16.94,360328
6-Feb-12,17.02,17.09,16.63,16.82,306493
3-Feb-12,17.18,17.40,17.00,17.22,415797
2-Feb-12,16.98,17.37,16.65,16.70,355751
1-Feb-12,16.72,17.32,16.65,16.94,390721
31-Jan-12,16.54,16.81,16.26,16.51,197407
30-Jan-12,16.55,16.63,16.38,16.48,159236
27-Jan-12,16.56,16.99,16.45,16.77,273428
26-Jan-12,16.67,17.02,16.63,16.72,537604
25-Jan-12,16.58,16.66,16.27,16.61,312554
24-Jan-12,16.36,16.74,16.28,16.67,259571
23-Jan-12,16.80,17.06,16.45,16.55,185490
20-Jan-12,16.40,16.84,16.40,16.80,197980
19-Jan-12,16.47,16.55,16.29,16.46,202009
18-Jan-12,15.93,16.35,15.82,16.35,151584
17-Jan-12,16.12,16.21,15.92,16.01,276052
13-Jan-12,15.96,15.96,15.96,15.96,0
12-Jan-12,15.96,16.11,15.91,16.02,506337
11-Jan-12,15.21,16.05,15.06,15.93,524863
10-Jan-12,14.93,15.36,14.90,15.33,499475
9-Jan-12,14.67,14.81,14.51,14.75,239036
6-Jan-12,14.65,14.87,14.54,14.59,330047
5-Jan-12,14.31,14.85,14.21,14.64,265026
4-Jan-12,14.25,14.58,14.17,14.48,298899
3-Jan-12,14.44,14.53,14.21,14.37,259353
30-Dec-11,13.88,13.88,13.88,13.88,0
29-Dec-11,13.66,14.03,13.63,13.91,158319
28-Dec-11,13.87,13.95,13.52,13.54,183210
27-Dec-11,13.77,14.00,13.58,13.93,96166
23-Dec-11,13.88,13.88,13.88,13.88,0
22-Dec-11,13.65,14.01,13.59,13.97,241923
21-Dec-11,13.56,13.65,13.26,13.58,227794
20-Dec-11,12.91,13.66,12.91,13.64,329065
19-Dec-11,13.30,13.46,12.52,12.53,264699
16-Dec-11,12.93,13.23,12.84,13.15,1025789
15-Dec-11,12.65,12.84,12.54,12.75,232225
14-Dec-11,12.64,12.76,12.37,12.39,256276
13-Dec-11,13.26,13.38,12.77,12.80,258707
12-Dec-11,13.10,13.13,12.78,13.08,183550
9-Dec-11,12.87,13.53,12.79,13.40,202219
8-Dec-11,13.20,13.26,12.79,12.84,330609
7-Dec-11,13.23,13.47,12.92,13.40,283924
6-Dec-11,13.34,13.49,13.12,13.35,236935
5-Dec-11,13.42,13.60,13.09,13.36,299885
2-Dec-11,12.99,13.53,12.92,13.14,271077
1-Dec-11,12.79,13.08,12.61,12.73,313116
30-Nov-11,12.22,12.87,12.08,12.87,405215
29-Nov-11,11.88,11.95,11.61,11.76,180261
28-Nov-11,11.68,11.98,11.54,11.88,245083
25-Nov-11,11.48,11.63,11.18,11.18,108232
23-Nov-11,11.57,11.57,11.57,11.57,0
22-Nov-11,12.01,12.04,11.70,11.83,231695
21-Nov-11,11.83,12.10,11.66,12.00,316785
18-Nov-11,12.15,12.20,11.90,12.12,205464
17-Nov-11,12.37,12.46,12.04,12.13,233819
16-Nov-11,12.55,12.85,12.37,12.40,187447
15-Nov-11,12.51,12.95,12.37,12.80,190183
14-Nov-11,12.93,13.03,12.55,12.58,246286
11-Nov-11,12.70,13.08,12.66,13.07,222739
10-Nov-11,12.48,12.70,12.15,12.52,261586
9-Nov-11,12.36,12.46,12.05,12.20,691209
8-Nov-11,12.98,12.98,12.46,12.78,380451
7-Nov-11,13.04,13.04,12.49,12.81,301879
4-Nov-11,13.11,13.28,12.93,13.11,278694
3-Nov-11,13.35,13.40,12.64,13.29,515729
2-Nov-11,13.01,13.30,12.85,13.19,421383
1-Nov-11,12.51,12.93,12.38,12.71,609767
31-Oct-11,13.48,13.62,13.20,13.22,418084
28-Oct-11,14.20,14.52,13.81,13.83,854773
27-Oct-11,13.35,14.69,13.35,14.30,1613330
26-Oct-11,12.48,12.91,11.98,12.70,612305
25-Oct-11,12.74,12.74,12.11,12.18,595817
24-Oct-11,12.47,12.94,12.40,12.85,348376
21-Oct-11,12.42,12.69,12.23,12.40,382616
20-Oct-11,12.41,12.47,11.90,12.17,280134
19-Oct-11,12.67,12.89,12.33,12.38,249294
18-Oct-11,12.32,12.78,11.93,12.69,313000
17-Oct-11,12.74,12.74,12.16,12.28,341912
14-Oct-11,12.50,13.03,12.46,12.93,236091
13-Oct-11,12.31,12.49,11.97,12.28,342714
12-Oct-11,12.30,12.68,12.30,12.38,357681
11-Oct-11,12.11,12.46,12.06,12.22,293908
10-Oct-11,12.05,12.29,11.91,12.25,378890
7-Oct-11,11.96,12.11,11.48,11.74,507984
6-Oct-11,11.41,11.92,11.32,11.84,520647
5-Oct-11,11.59,11.64,11.35,11.49,608520
4-Oct-11,10.40,11.61,10.40,11.56,589416
3-Oct-11,11.19,11.50,10.54,10.54,442832
30-Sep-11,11.49,11.84,11.32,11.33,465442
