Date,Open,High,Low,Close,Volume
27-Sep-12,17.56,17.79,17.35,17.74,51144
26-Sep-12,17.48,17.58,17.21,17.43,95121
25-Sep-12,18.65,18.74,17.26,17.40,203451
24-Sep-12,18.72,19.24,18.43,18.51,127767
21-Sep-12,19.17,19.28,18.84,18.95,193047
20-Sep-12,18.43,18.91,18.43,18.83,47417
19-Sep-12,18.40,18.80,18.31,18.65,73904
18-Sep-12,18.31,18.49,18.01,18.45,80443
17-Sep-12,18.64,18.64,18.26,18.43,61199
14-Sep-12,17.99,19.05,17.94,18.70,106790
13-Sep-12,17.41,18.06,17.16,17.82,84804
12-Sep-12,17.59,17.67,17.27,17.43,50080
11-Sep-12,17.40,17.71,17.24,17.55,57973
10-Sep-12,17.40,17.66,17.37,17.39,54803
7-Sep-12,17.35,17.59,17.10,17.42,52499
6-Sep-12,16.76,17.41,16.76,17.17,92844
5-Sep-12,16.34,16.67,16.34,16.58,69767
4-Sep-12,15.99,16.29,15.64,16.23,92377
31-Aug-12,15.97,16.33,15.72,16.18,69493
30-Aug-12,15.82,15.90,15.72,15.74,25638
29-Aug-12,15.87,16.14,15.72,15.98,32583
28-Aug-12,15.74,16.00,15.71,15.87,46966
27-Aug-12,15.78,16.04,15.70,15.75,42228
24-Aug-12,15.61,15.92,15.49,15.73,56268
23-Aug-12,15.70,15.80,15.55,15.69,82665
22-Aug-12,15.74,15.82,15.64,15.72,312272
21-Aug-12,15.84,16.10,15.69,15.75,79253
20-Aug-12,15.15,15.81,15.15,15.70,147112
17-Aug-12,14.37,15.20,14.28,15.20,31848
16-Aug-12,13.93,14.46,13.93,14.42,22122
15-Aug-12,13.58,13.93,13.58,13.93,16119
14-Aug-12,14.17,14.26,13.60,13.68,42190
13-Aug-12,14.02,14.22,13.56,14.01,19432
10-Aug-12,13.99,14.05,13.76,14.00,12876
9-Aug-12,13.95,14.22,13.88,14.00,19482
8-Aug-12,13.96,14.03,13.71,13.95,20789
7-Aug-12,14.14,14.45,13.96,14.07,42176
6-Aug-12,13.90,14.26,13.88,14.01,32245
3-Aug-12,13.73,13.98,13.19,13.89,31564
2-Aug-12,13.49,13.61,12.33,13.50,94162
1-Aug-12,14.91,14.91,13.64,13.71,98677
31-Jul-12,14.31,14.97,14.31,14.81,109940
30-Jul-12,14.69,14.81,14.33,14.45,32523
27-Jul-12,13.75,14.76,13.59,14.66,90354
26-Jul-12,13.85,13.87,13.55,13.71,58868
25-Jul-12,13.72,13.75,13.47,13.62,35334
24-Jul-12,13.87,13.89,13.32,13.61,73921
23-Jul-12,14.01,14.04,13.51,13.77,46558
20-Jul-12,14.26,14.56,13.94,14.40,90461
19-Jul-12,14.85,14.85,14.39,14.43,49202
18-Jul-12,14.97,15.11,14.72,14.80,52748
17-Jul-12,15.20,15.25,14.85,14.99,49692
16-Jul-12,15.13,15.14,14.82,15.03,49774
13-Jul-12,14.81,15.29,14.81,15.16,55721
12-Jul-12,14.63,14.88,14.28,14.77,64113
11-Jul-12,14.47,15.00,14.47,14.77,117307
10-Jul-12,14.58,14.61,14.25,14.48,66827
9-Jul-12,14.70,14.73,14.19,14.43,131408
6-Jul-12,14.97,15.13,14.71,14.76,56208
5-Jul-12,15.27,15.56,15.08,15.19,70265
3-Jul-12,14.70,15.35,14.70,15.34,46026
2-Jul-12,14.64,14.79,14.22,14.76,77928
29-Jun-12,13.86,14.57,13.57,14.56,108974
28-Jun-12,13.58,13.75,13.26,13.54,69252
27-Jun-12,13.83,14.14,13.50,13.74,68658
26-Jun-12,13.61,13.84,13.49,13.74,59468
25-Jun-12,13.55,13.77,13.46,13.61,54183
22-Jun-12,13.64,13.91,13.52,13.76,175857
21-Jun-12,14.13,14.27,13.48,13.49,54970
20-Jun-12,14.21,14.33,13.95,14.21,51610
19-Jun-12,13.76,14.29,13.75,14.25,81629
18-Jun-12,13.84,13.98,13.61,13.72,93468
15-Jun-12,13.76,14.00,13.72,13.92,141173
14-Jun-12,13.77,13.99,13.55,13.73,58519
13-Jun-12,14.17,14.55,13.64,13.71,59527
12-Jun-12,14.23,14.38,13.97,14.28,54313
11-Jun-12,14.75,14.75,14.10,14.10,76585
8-Jun-12,14.39,14.79,14.28,14.56,83975
7-Jun-12,14.88,14.92,14.45,14.45,93227
6-Jun-12,14.11,14.63,14.04,14.60,86142
5-Jun-12,13.91,14.00,13.71,13.94,67819
4-Jun-12,14.22,14.32,13.93,14.03,99703
1-Jun-12,13.75,14.39,13.75,14.06,133107
31-May-12,13.70,13.75,13.43,13.55,130712
30-May-12,13.71,13.85,13.49,13.70,111166
29-May-12,14.13,14.36,13.79,13.90,131515
25-May-12,13.88,14.09,13.80,13.93,46122
24-May-12,14.00,14.09,13.59,13.86,71710
23-May-12,13.81,14.00,13.44,13.98,72588
22-May-12,14.30,14.30,13.89,14.01,98723
21-May-12,13.67,14.24,13.66,14.24,117602
18-May-12,13.60,13.75,13.52,13.60,175870
17-May-12,13.92,13.99,13.58,13.63,121768
16-May-12,14.00,14.02,13.83,13.90,115279
15-May-12,13.96,14.06,13.79,13.88,158127
14-May-12,14.29,14.29,13.93,13.97,120104
11-May-12,14.94,15.05,14.40,14.47,143937
10-May-12,15.21,15.31,14.86,15.15,72006
9-May-12,14.70,15.18,14.68,15.03,122750
8-May-12,14.72,15.16,14.72,15.02,140092
7-May-12,15.27,15.37,14.85,14.90,190806
4-May-12,16.72,16.84,15.14,15.28,117911
3-May-12,17.31,17.31,16.81,16.98,103122
2-May-12,17.16,17.39,16.88,17.31,103238
1-May-12,17.30,17.69,17.15,17.29,118631
30-Apr-12,17.53,17.60,17.26,17.35,86474
27-Apr-12,17.54,17.69,17.38,17.59,90944
26-Apr-12,17.42,17.49,17.21,17.46,56280
25-Apr-12,17.45,17.65,17.32,17.47,74404
24-Apr-12,17.02,17.15,16.80,17.14,70585
23-Apr-12,17.26,17.50,16.76,17.00,88704
20-Apr-12,17.78,17.90,17.49,17.67,97646
19-Apr-12,17.85,18.04,17.34,17.51,68602
18-Apr-12,18.12,18.16,17.67,17.85,91143
17-Apr-12,18.34,18.52,18.17,18.20,70640
16-Apr-12,18.20,18.28,17.80,18.11,99406
13-Apr-12,18.21,18.35,17.97,18.06,120576
12-Apr-12,17.71,18.46,17.71,18.35,76479
11-Apr-12,17.60,17.78,17.35,17.73,127128
10-Apr-12,17.99,17.99,17.30,17.35,212040
9-Apr-12,17.89,18.24,17.72,17.99,93757
5-Apr-12,18.43,18.51,18.12,18.36,87541
4-Apr-12,19.25,19.34,18.53,18.58,108913
3-Apr-12,20.40,20.61,19.42,19.62,91473
2-Apr-12,19.45,20.51,19.40,20.51,130000
30-Mar-12,20.21,20.21,19.56,19.59,84608
29-Mar-12,19.62,20.06,19.54,19.99,62629
28-Mar-12,19.99,20.02,19.66,19.85,74967
27-Mar-12,20.29,20.52,19.95,19.96,87049
26-Mar-12,19.95,20.36,19.84,20.32,73364
23-Mar-12,19.11,19.70,19.11,19.64,59509
22-Mar-12,19.30,19.50,18.97,19.13,59447
21-Mar-12,19.82,19.91,19.55,19.56,48274
20-Mar-12,20.37,20.37,19.73,19.81,77412
19-Mar-12,20.50,20.83,20.12,20.56,83634
16-Mar-12,20.36,20.62,20.34,20.62,172422
15-Mar-12,20.20,20.37,19.76,20.32,102132
14-Mar-12,20.18,20.41,20.07,20.19,90537
13-Mar-12,19.93,20.38,19.78,20.33,124271
12-Mar-12,19.77,20.09,19.57,19.72,127758
9-Mar-12,19.49,20.10,19.31,19.73,121505
8-Mar-12,19.86,19.86,19.18,19.51,124056
7-Mar-12,19.50,19.67,19.20,19.65,89067
6-Mar-12,20.63,20.71,19.35,19.40,205686
5-Mar-12,21.26,21.29,20.35,20.94,197302
2-Mar-12,22.87,23.25,21.25,21.30,208925
1-Mar-12,23.43,23.66,22.91,22.97,129876
29-Feb-12,24.08,24.23,23.23,23.24,140535
28-Feb-12,24.17,24.34,23.80,24.05,83873
27-Feb-12,24.00,24.49,23.65,24.19,66959
24-Feb-12,24.55,24.61,24.12,24.36,63547
23-Feb-12,23.99,24.78,23.72,24.59,74112
22-Feb-12,23.85,24.14,23.66,23.91,64381
21-Feb-12,24.08,24.30,23.70,23.94,59005
17-Feb-12,24.35,24.43,24.05,24.05,78460
16-Feb-12,23.83,24.36,23.79,24.31,93052
15-Feb-12,24.19,24.21,23.49,23.81,90152
14-Feb-12,24.39,24.53,23.82,24.03,87392
13-Feb-12,24.89,24.95,24.49,24.60,89355
10-Feb-12,24.52,24.74,24.31,24.46,61137
9-Feb-12,25.28,25.28,24.79,24.98,42305
8-Feb-12,25.45,25.60,24.76,25.17,61734
7-Feb-12,25.56,25.59,25.12,25.30,68555
6-Feb-12,25.98,26.20,25.53,25.71,59254
3-Feb-12,26.08,26.76,25.90,26.29,110783
2-Feb-12,25.19,25.86,25.08,25.59,131887
1-Feb-12,24.98,25.29,24.66,25.12,168193
31-Jan-12,24.91,25.00,24.43,24.66,75822
30-Jan-12,24.45,24.90,24.42,24.64,50548
27-Jan-12,24.46,24.86,24.46,24.75,40733
26-Jan-12,25.00,25.00,24.48,24.62,68219
25-Jan-12,24.55,24.91,24.22,24.86,49254
24-Jan-12,24.05,24.79,23.96,24.68,63917
23-Jan-12,24.79,24.79,23.85,24.29,47123
20-Jan-12,24.54,24.99,24.35,24.79,93459
19-Jan-12,24.79,24.79,24.36,24.51,148699
18-Jan-12,24.20,24.69,24.16,24.69,86474
17-Jan-12,24.03,24.42,23.90,24.15,90322
13-Jan-12,23.69,23.69,23.69,23.69,0
12-Jan-12,23.46,23.93,23.19,23.87,69809
11-Jan-12,23.06,23.60,23.03,23.37,86024
10-Jan-12,23.14,23.39,23.02,23.24,54583
9-Jan-12,23.09,23.09,22.61,22.70,71149
6-Jan-12,23.29,23.29,22.81,23.01,60900
5-Jan-12,22.79,23.38,22.52,23.27,54489
4-Jan-12,22.88,23.16,22.70,22.99,47838
3-Jan-12,23.01,23.48,22.83,23.15,81621
30-Dec-11,22.22,22.22,22.22,22.22,0
29-Dec-11,22.36,22.77,22.29,22.68,35567
28-Dec-11,22.90,23.00,22.15,22.24,43567
27-Dec-11,22.47,23.15,22.36,23.00,29058
23-Dec-11,22.66,22.66,22.66,22.66,0
22-Dec-11,22.66,22.99,22.46,22.72,73515
21-Dec-11,22.41,22.64,21.84,22.57,57409
20-Dec-11,21.90,22.65,21.89,22.45,136523
19-Dec-11,22.09,22.43,21.18,21.25,86419
16-Dec-11,21.77,22.40,21.42,21.85,191844
15-Dec-11,21.51,21.68,21.24,21.49,74615
14-Dec-11,21.08,21.60,20.94,21.07,81891
13-Dec-11,21.69,21.90,21.23,21.40,114083
12-Dec-11,21.27,21.48,20.97,21.41,77442
9-Dec-11,20.83,21.86,20.67,21.71,86308
8-Dec-11,21.15,21.55,20.62,20.72,101784
7-Dec-11,21.29,21.55,20.61,21.50,63737
6-Dec-11,21.66,21.78,21.27,21.54,63689
5-Dec-11,21.47,21.81,21.04,21.59,85865
2-Dec-11,21.70,21.70,20.74,20.99,125137
1-Dec-11,21.78,21.87,21.13,21.27,102349
30-Nov-11,21.18,21.90,20.98,21.83,188589
29-Nov-11,19.85,20.27,19.57,20.12,115534
28-Nov-11,19.06,19.85,19.06,19.76,113224
25-Nov-11,18.42,18.89,18.20,18.22,54345
23-Nov-11,18.60,18.60,18.60,18.60,0
22-Nov-11,19.81,19.99,19.45,19.69,55016
21-Nov-11,20.01,20.09,19.55,19.73,106208
18-Nov-11,19.98,20.63,19.77,20.51,131785
17-Nov-11,20.36,20.68,19.82,20.06,109176
16-Nov-11,20.34,21.00,19.99,20.32,95342
15-Nov-11,20.16,20.87,20.00,20.64,96963
14-Nov-11,20.57,20.57,19.97,20.28,68026
11-Nov-11,20.30,20.85,20.23,20.65,79110
10-Nov-11,19.92,20.35,19.63,19.95,55191
9-Nov-11,19.96,20.20,19.29,19.47,103776
8-Nov-11,20.62,20.83,19.84,20.71,110528
7-Nov-11,20.52,20.70,19.83,20.63,83126
4-Nov-11,20.43,20.80,20.41,20.59,112402
3-Nov-11,19.35,20.82,19.30,20.68,130000
2-Nov-11,18.80,19.30,18.45,19.21,56476
1-Nov-11,18.22,19.04,18.21,18.41,106150
31-Oct-11,19.66,20.03,19.35,19.37,66657
28-Oct-11,20.35,20.63,20.05,20.15,98897
27-Oct-11,20.13,20.67,19.58,19.97,153888
26-Oct-11,18.30,18.86,17.70,18.77,112936
25-Oct-11,18.51,18.51,17.80,17.87,96594
24-Oct-11,18.05,18.91,18.01,18.77,114086
21-Oct-11,17.21,18.02,17.08,17.97,115489
20-Oct-11,16.84,16.91,16.24,16.86,79651
19-Oct-11,17.41,17.46,16.66,16.78,85436
18-Oct-11,16.94,17.72,16.70,17.41,93207
17-Oct-11,17.14,17.18,16.76,16.87,86124
14-Oct-11,17.12,17.34,16.86,17.28,100174
13-Oct-11,16.99,17.02,16.54,16.89,47004
12-Oct-11,16.59,17.24,16.59,17.09,81779
11-Oct-11,15.98,16.57,15.98,16.48,80229
10-Oct-11,15.75,16.22,15.72,16.21,107760
7-Oct-11,15.98,15.98,15.19,15.39,81852
6-Oct-11,15.41,15.96,15.41,15.94,81924
5-Oct-11,15.02,15.56,14.86,15.43,80511
4-Oct-11,13.74,15.39,13.71,15.29,149284
3-Oct-11,14.66,15.10,13.91,13.92,126979
30-Sep-11,14.91,15.58,14.75,14.83,148191
