Date,Open,High,Low,Close,Volume
27-Sep-12,61.56,62.22,60.77,61.90,1304795
26-Sep-12,61.51,61.73,60.46,61.18,1985551
25-Sep-12,63.61,63.77,61.53,61.59,1458923
24-Sep-12,63.05,63.68,62.90,63.34,1113184
21-Sep-12,64.60,64.68,63.25,63.51,2343934
20-Sep-12,64.03,64.77,63.64,64.30,2014950
19-Sep-12,64.37,64.93,63.93,64.56,1357510
18-Sep-12,64.90,65.07,63.70,64.08,1715876
17-Sep-12,65.36,65.72,64.65,65.30,1854329
14-Sep-12,64.22,65.92,64.22,65.60,2671598
13-Sep-12,63.21,64.27,61.87,63.98,2754302
12-Sep-12,62.32,63.00,61.77,62.55,1871108
11-Sep-12,61.79,62.74,61.60,62.26,2653818
10-Sep-12,62.74,64.61,62.50,63.04,2691933
7-Sep-12,60.98,63.06,60.98,62.64,2868294
6-Sep-12,59.92,61.12,59.61,60.74,2237070
5-Sep-12,59.30,60.75,59.26,59.31,3575840
4-Sep-12,61.33,61.95,59.01,60.49,4759998
31-Aug-12,62.04,62.40,61.64,61.95,1335874
30-Aug-12,62.31,62.75,61.65,61.72,1828524
29-Aug-12,62.40,63.00,62.34,62.75,1852220
28-Aug-12,62.36,62.84,61.80,62.50,2854982
27-Aug-12,61.69,63.22,61.62,62.71,9426747
24-Aug-12,58.04,58.55,57.80,58.50,2919121
23-Aug-12,58.47,58.61,57.93,58.46,1910209
22-Aug-12,58.93,58.99,58.13,58.62,2631948
21-Aug-12,59.66,59.99,58.86,59.02,2253971
20-Aug-12,60.67,60.69,59.23,59.45,1691163
17-Aug-12,60.00,61.16,59.76,60.66,650028
16-Aug-12,59.42,59.86,59.00,59.63,318461
15-Aug-12,59.03,59.69,58.94,59.41,257090
14-Aug-12,58.42,59.50,58.42,59.18,484286
13-Aug-12,58.50,58.72,58.14,58.31,253642
10-Aug-12,58.48,58.53,57.76,58.48,390901
9-Aug-12,58.04,59.10,58.02,58.62,418249
8-Aug-12,57.50,58.53,56.95,58.30,663402
7-Aug-12,56.90,58.46,56.89,58.00,630356
6-Aug-12,55.25,56.83,55.22,56.33,556361
3-Aug-12,54.00,55.11,53.79,54.74,709283
2-Aug-12,54.47,54.59,52.76,53.58,2313097
1-Aug-12,55.25,55.87,54.59,54.77,2102503
31-Jul-12,54.50,55.50,52.92,54.93,3060117
30-Jul-12,57.37,57.80,56.57,57.21,1166626
27-Jul-12,56.50,58.11,56.49,57.43,1988664
26-Jul-12,55.59,56.28,55.11,56.04,1598441
25-Jul-12,54.99,55.31,54.29,54.66,1387798
24-Jul-12,55.11,55.46,54.13,54.71,1443811
23-Jul-12,54.98,55.32,53.83,55.16,1566905
20-Jul-12,56.71,56.71,55.54,55.97,2350555
19-Jul-12,55.78,57.31,55.58,57.18,3295166
18-Jul-12,53.52,55.58,53.38,55.25,3314829
17-Jul-12,52.60,53.63,52.18,52.87,2268989
16-Jul-12,52.02,53.25,51.81,52.55,2406654
13-Jul-12,51.05,52.46,50.95,52.16,2649085
12-Jul-12,51.08,51.46,50.52,50.85,2935209
11-Jul-12,51.53,51.80,50.90,51.61,2148821
10-Jul-12,52.45,53.15,51.46,51.83,2032079
9-Jul-12,53.27,53.45,52.07,52.40,2058079
6-Jul-12,53.57,53.64,53.14,53.45,1619968
5-Jul-12,53.18,54.71,53.18,54.06,1621129
3-Jul-12,53.17,54.24,52.68,53.70,1146912
2-Jul-12,53.49,53.50,52.25,52.89,2416173
29-Jun-12,51.82,53.40,51.48,52.95,2708964
28-Jun-12,50.14,51.31,49.95,51.07,2836813
27-Jun-12,51.64,51.64,49.72,50.29,4863421
26-Jun-12,51.29,52.13,50.56,51.65,2275927
25-Jun-12,51.73,51.88,50.58,51.32,1698577
22-Jun-12,52.67,52.77,51.81,52.26,2430841
21-Jun-12,53.97,54.09,52.20,52.60,2496254
20-Jun-12,54.01,54.78,53.61,54.09,2023880
19-Jun-12,53.97,54.27,53.48,53.70,2480040
18-Jun-12,52.93,53.99,52.74,53.75,2152135
15-Jun-12,53.84,53.86,53.42,53.59,3113499
14-Jun-12,53.79,54.46,53.07,53.54,4408883
13-Jun-12,54.91,55.22,53.75,54.06,2167786
12-Jun-12,54.61,55.64,53.82,55.53,2253946
11-Jun-12,55.96,56.18,54.21,54.32,1789474
8-Jun-12,55.53,55.53,54.62,55.28,2877626
7-Jun-12,57.23,57.29,55.19,55.87,2166800
6-Jun-12,56.05,57.07,56.05,56.59,2244897
5-Jun-12,55.05,55.85,54.26,55.47,3285020
4-Jun-12,54.70,55.15,53.46,54.70,3317307
1-Jun-12,54.29,54.54,53.67,54.34,3514853
31-May-12,56.76,56.82,54.92,55.39,3558045
30-May-12,56.94,57.25,56.07,56.59,2933289
29-May-12,56.50,57.80,56.50,57.37,3255027
25-May-12,56.99,57.56,56.25,56.32,4670977
24-May-12,56.29,57.68,55.75,57.59,12590958
23-May-12,61.18,61.99,60.07,61.80,2889442
22-May-12,61.56,62.85,61.07,61.44,1942543
21-May-12,61.02,61.35,60.15,61.14,1829888
18-May-12,60.23,61.40,60.03,60.64,2730375
17-May-12,61.98,62.17,60.07,60.07,2551076
16-May-12,61.44,63.28,61.37,62.15,2346204
15-May-12,61.65,62.15,61.00,61.25,1382377
14-May-12,61.67,62.50,61.51,61.59,1927560
11-May-12,63.16,63.85,62.99,63.04,1268593
10-May-12,64.57,64.98,63.47,63.63,1574363
9-May-12,64.04,64.56,63.10,64.14,1802507
8-May-12,64.99,64.99,62.91,64.75,2545109
7-May-12,65.81,66.36,65.50,65.71,1546089
4-May-12,67.63,67.67,65.87,65.95,1795647
3-May-12,68.76,68.97,67.65,67.97,1367246
2-May-12,68.22,68.86,67.83,68.53,1339460
1-May-12,68.44,69.41,68.02,68.73,1095291
30-Apr-12,69.61,69.67,68.11,68.46,1354058
27-Apr-12,69.22,69.77,68.64,69.47,1111448
26-Apr-12,68.13,69.00,67.92,68.74,1264076
25-Apr-12,66.80,68.43,66.59,68.41,2084279
24-Apr-12,66.82,66.89,65.61,65.93,1662735
23-Apr-12,66.28,67.13,65.78,67.00,2075810
20-Apr-12,66.41,67.50,66.37,67.15,1820529
19-Apr-12,66.35,67.11,65.59,66.15,1079512
18-Apr-12,66.96,66.96,66.15,66.43,1229127
17-Apr-12,66.67,67.32,66.15,66.96,1228013
16-Apr-12,66.80,67.22,66.01,66.66,1540918
13-Apr-12,67.23,67.62,66.40,66.40,1425415
12-Apr-12,66.68,67.40,66.57,67.37,1245642
11-Apr-12,66.60,67.22,66.28,66.76,2301898
10-Apr-12,67.20,67.45,65.53,65.82,2315113
9-Apr-12,66.55,67.58,65.77,67.20,1755860
5-Apr-12,67.18,68.67,67.11,67.58,2251796
4-Apr-12,67.57,68.34,67.43,68.19,2981420
3-Apr-12,69.82,70.00,67.88,67.98,4001728
2-Apr-12,69.00,70.47,68.91,70.02,1865331
30-Mar-12,69.50,70.16,68.46,69.13,3577806
29-Mar-12,69.65,69.76,68.93,69.05,2773472
28-Mar-12,71.50,71.66,69.64,70.07,2173646
27-Mar-12,72.30,72.53,71.61,71.69,1436989
26-Mar-12,70.49,72.39,70.33,72.33,2573918
23-Mar-12,72.48,72.48,70.71,71.45,1905674
22-Mar-12,72.33,72.89,71.80,72.48,2062997
21-Mar-12,72.78,73.50,72.57,72.91,2961530
20-Mar-12,72.22,74.20,71.87,73.27,8657813
19-Mar-12,68.05,68.89,67.29,68.68,3307315
16-Mar-12,68.88,68.92,67.55,68.03,2665009
15-Mar-12,70.15,70.15,68.71,68.95,3196156
14-Mar-12,70.55,70.89,69.86,70.19,1506488
13-Mar-12,69.41,70.58,69.32,70.44,2186817
12-Mar-12,69.08,69.48,68.68,69.14,2341064
9-Mar-12,69.15,69.50,68.61,68.77,2201660
8-Mar-12,68.11,69.26,68.00,68.90,2183128
7-Mar-12,67.64,68.22,67.14,67.84,1664446
6-Mar-12,67.18,67.32,66.10,67.10,2239199
5-Mar-12,68.17,68.50,67.29,68.03,2208193
2-Mar-12,66.38,67.65,66.21,67.47,2551988
1-Mar-12,65.03,66.88,64.75,66.53,2194138
29-Feb-12,65.42,65.42,64.73,65.01,2049518
28-Feb-12,65.06,65.47,64.76,65.24,1411620
27-Feb-12,64.42,65.36,64.18,64.89,1310271
24-Feb-12,64.69,65.08,64.32,64.68,1455703
23-Feb-12,64.87,65.04,64.22,64.48,2444593
22-Feb-12,65.71,65.79,64.46,64.49,1675324
21-Feb-12,66.44,66.96,65.36,65.59,1442938
17-Feb-12,66.10,66.82,65.95,66.28,1127675
16-Feb-12,65.31,66.24,65.15,65.79,1435673
15-Feb-12,65.89,66.56,65.29,65.41,1701747
14-Feb-12,63.91,65.80,63.91,65.57,1810877
13-Feb-12,64.28,64.89,63.85,64.36,1073331
10-Feb-12,63.65,64.19,63.29,63.88,1192785
9-Feb-12,64.14,64.59,63.53,64.18,1544470
8-Feb-12,64.42,65.39,63.49,64.01,1898295
7-Feb-12,64.58,65.00,63.68,64.64,1554616
6-Feb-12,65.01,65.60,64.58,65.16,1331084
3-Feb-12,64.27,65.69,64.05,65.21,1724228
2-Feb-12,64.27,64.76,63.52,63.70,1196281
1-Feb-12,64.20,64.61,63.65,63.94,1368578
31-Jan-12,63.42,64.15,63.26,63.80,2259333
30-Jan-12,62.71,63.41,62.46,63.30,1540932
27-Jan-12,63.25,63.78,62.92,63.49,1864855
26-Jan-12,63.99,64.25,63.07,63.56,1725914
25-Jan-12,63.02,64.30,62.49,63.73,1899508
24-Jan-12,62.80,63.70,62.29,63.28,3087470
23-Jan-12,61.40,63.27,61.17,63.01,2752338
20-Jan-12,63.03,63.19,61.49,61.88,2670497
19-Jan-12,60.87,63.24,60.82,63.08,3094632
18-Jan-12,59.62,60.55,59.26,60.54,3247631
17-Jan-12,59.64,60.14,59.31,59.65,2418519
13-Jan-12,59.10,59.10,59.10,59.10,0
12-Jan-12,60.08,60.20,58.78,59.79,3247887
11-Jan-12,59.40,60.20,59.12,59.98,4070812
10-Jan-12,60.64,60.86,58.81,59.94,16278397
9-Jan-12,65.99,67.31,65.39,66.94,2240378
6-Jan-12,66.70,66.85,65.58,65.75,1653522
5-Jan-12,66.14,66.77,65.25,66.68,2423943
4-Jan-12,66.26,67.22,65.93,66.79,1616324
3-Jan-12,67.57,67.95,66.18,66.48,1815037
30-Dec-11,66.26,66.26,66.26,66.26,0
29-Dec-11,66.76,67.60,66.41,67.36,1377193
28-Dec-11,67.56,67.56,66.40,66.50,1794650
27-Dec-11,65.17,67.79,64.64,67.45,2029536
23-Dec-11,65.18,65.18,65.18,65.18,0
22-Dec-11,64.91,65.37,64.18,64.57,1747902
21-Dec-11,63.27,64.65,62.60,64.65,2302610
20-Dec-11,63.24,64.14,62.69,63.14,2193530
19-Dec-11,62.55,63.14,62.22,62.43,1752776
16-Dec-11,63.90,64.12,62.38,62.61,2671661
15-Dec-11,64.50,64.66,63.49,63.94,2354511
14-Dec-11,64.96,64.96,63.25,63.65,2562430
13-Dec-11,67.85,68.25,64.73,65.19,2357191
12-Dec-11,67.04,67.72,65.90,67.67,2172251
9-Dec-11,67.05,68.29,66.57,67.88,1523360
8-Dec-11,68.80,69.11,66.79,66.93,2021129
7-Dec-11,68.91,69.89,67.79,69.46,2168681
6-Dec-11,68.07,69.34,67.78,68.97,2304200
5-Dec-11,68.48,69.48,67.52,67.89,2478350
2-Dec-11,67.37,67.98,67.12,67.60,2581821
1-Dec-11,66.26,68.24,66.10,66.35,4130150
30-Nov-11,69.56,69.90,65.98,67.04,6779508
29-Nov-11,66.43,68.41,63.98,67.22,9848445
28-Nov-11,73.80,74.88,72.49,73.62,3703736
25-Nov-11,68.66,70.24,68.66,69.50,1325105
23-Nov-11,69.12,69.12,69.12,69.12,0
22-Nov-11,72.11,73.40,71.71,71.96,1866004
21-Nov-11,73.76,74.41,70.76,71.87,2586611
18-Nov-11,75.39,75.69,74.34,75.44,1467475
17-Nov-11,75.83,76.76,74.31,74.94,1720815
16-Nov-11,77.04,77.47,75.63,75.79,1602059
15-Nov-11,77.94,78.32,76.44,77.79,1691723
14-Nov-11,76.66,78.43,76.34,78.23,2046976
11-Nov-11,76.33,78.00,75.37,76.85,1861727
10-Nov-11,76.12,76.33,74.22,75.13,2052732
9-Nov-11,75.70,76.79,74.50,75.41,2529497
8-Nov-11,78.51,78.89,76.22,77.79,1746869
7-Nov-11,78.16,78.52,76.17,77.84,1322801
4-Nov-11,77.54,78.27,76.08,77.94,2285469
3-Nov-11,79.00,79.00,75.55,78.54,2552484
2-Nov-11,78.58,79.00,77.39,78.75,2072547
1-Nov-11,76.27,77.89,74.86,77.08,2884467
31-Oct-11,77.59,80.94,77.45,79.73,2872584
28-Oct-11,78.50,79.64,77.78,78.90,1680014
27-Oct-11,78.00,80.99,76.73,78.38,3850926
26-Oct-11,75.78,76.02,73.14,75.49,2006760
25-Oct-11,74.92,76.12,73.50,74.42,1908671
24-Oct-11,74.57,76.40,74.14,76.28,2416457
21-Oct-11,73.19,74.99,72.86,74.60,3167241
20-Oct-11,70.91,72.66,70.91,72.39,1871866
19-Oct-11,71.32,72.67,70.70,71.16,1669541
18-Oct-11,70.43,72.34,68.77,71.29,2875133
17-Oct-11,72.61,73.36,69.91,70.12,1723958
14-Oct-11,71.63,72.72,70.45,72.03,1569012
13-Oct-11,70.46,72.19,69.79,70.35,2340937
12-Oct-11,70.66,73.51,70.09,71.34,2880461
11-Oct-11,69.26,69.97,68.55,69.76,1356869
10-Oct-11,67.76,70.50,67.76,69.92,1858482
7-Oct-11,67.00,68.25,65.52,66.37,2806621
6-Oct-11,62.03,67.13,62.03,66.58,3319070
5-Oct-11,62.34,62.86,60.90,62.58,3395149
4-Oct-11,57.90,62.25,56.21,61.96,3701657
3-Oct-11,59.80,62.18,58.66,58.79,3524522
30-Sep-11,63.07,63.73,60.20,60.82,4846684
