Date,Open,High,Low,Close,Volume
27-Sep-12,38.70,38.71,37.95,38.70,37353
26-Sep-12,38.55,38.74,38.01,38.71,34821
25-Sep-12,38.01,38.50,37.90,38.37,24556
24-Sep-12,37.88,38.50,36.79,37.99,47657
21-Sep-12,37.39,37.98,36.52,37.98,44520
20-Sep-12,36.34,37.46,36.34,37.44,35205
19-Sep-12,36.38,36.62,35.89,36.48,38717
18-Sep-12,36.29,36.40,35.86,36.20,62332
17-Sep-12,36.11,36.80,36.00,36.19,76312
14-Sep-12,36.43,37.27,36.01,36.33,60750
13-Sep-12,36.75,37.19,36.38,36.40,29701
12-Sep-12,36.34,36.85,36.16,36.25,18507
11-Sep-12,36.90,36.90,36.20,36.33,21673
10-Sep-12,36.85,37.35,36.55,36.99,50847
7-Sep-12,36.43,37.50,36.25,37.05,25157
6-Sep-12,35.79,36.53,35.68,36.35,26698
5-Sep-12,36.19,36.20,35.51,35.70,23147
4-Sep-12,36.50,36.80,36.01,36.20,25399
31-Aug-12,35.79,36.72,35.30,36.54,30143
30-Aug-12,35.83,35.83,35.42,35.60,18930
29-Aug-12,35.50,36.05,35.06,35.69,33366
28-Aug-12,36.26,36.31,35.45,35.60,36462
27-Aug-12,36.18,36.51,36.10,36.16,20952
24-Aug-12,36.25,36.57,36.10,36.21,19477
23-Aug-12,36.60,36.60,36.10,36.10,29866
22-Aug-12,36.31,36.75,36.30,36.63,20103
21-Aug-12,36.59,36.80,36.10,36.30,26400
20-Aug-12,36.28,36.96,36.10,36.30,31967
17-Aug-12,37.25,37.35,36.40,36.40,6666
16-Aug-12,37.20,37.20,36.73,36.78,3000
15-Aug-12,36.93,37.30,36.82,36.89,6199
14-Aug-12,36.89,37.72,36.80,36.92,12077
13-Aug-12,36.66,36.90,36.31,36.70,4563
10-Aug-12,36.61,36.97,36.50,36.50,6268
9-Aug-12,36.01,37.16,36.01,36.47,11353
8-Aug-12,36.91,37.06,36.07,36.21,11929
7-Aug-12,37.52,37.85,36.75,36.90,13928
6-Aug-12,36.62,37.50,36.50,37.30,13886
3-Aug-12,36.70,36.70,36.42,36.60,4394
2-Aug-12,36.11,36.70,36.11,36.61,27693
1-Aug-12,36.02,36.48,35.62,36.30,18853
31-Jul-12,35.80,36.34,35.55,35.99,14718
30-Jul-12,36.57,36.57,35.58,35.99,19191
27-Jul-12,35.97,36.75,35.50,36.70,56275
26-Jul-12,35.86,37.00,35.46,36.75,40320
25-Jul-12,36.27,36.27,35.20,35.65,25102
24-Jul-12,36.21,36.27,36.03,36.22,20228
23-Jul-12,35.56,36.21,35.48,36.00,33651
20-Jul-12,35.75,35.80,35.50,35.72,18563
19-Jul-12,34.96,35.88,34.93,35.80,28277
18-Jul-12,35.43,35.69,34.52,34.75,35039
17-Jul-12,34.74,35.46,34.73,35.30,25435
16-Jul-12,35.43,35.43,34.50,34.54,55823
13-Jul-12,34.69,35.39,34.51,34.79,19498
12-Jul-12,35.25,35.32,34.31,34.72,26862
11-Jul-12,35.15,35.41,34.75,35.30,20082
10-Jul-12,35.00,35.30,34.83,35.03,18090
9-Jul-12,34.84,35.00,34.18,35.00,19269
6-Jul-12,34.15,34.78,33.73,34.70,9810
5-Jul-12,33.61,34.95,33.61,34.40,43227
3-Jul-12,33.67,33.80,33.54,33.80,12506
2-Jul-12,33.47,33.75,33.28,33.50,35710
29-Jun-12,32.60,33.70,32.51,33.26,72464
28-Jun-12,32.60,32.60,32.10,32.55,65583
27-Jun-12,32.21,32.60,32.12,32.58,36348
26-Jun-12,31.90,32.22,31.88,32.13,43562
25-Jun-12,31.85,31.93,31.65,31.89,31170
22-Jun-12,31.66,31.88,31.50,31.79,56369
21-Jun-12,31.76,31.85,31.56,31.60,26369
20-Jun-12,31.59,31.97,31.51,31.77,31446
19-Jun-12,30.74,31.81,30.68,31.44,30485
18-Jun-12,31.15,31.29,30.72,30.88,20865
15-Jun-12,31.56,31.80,31.29,31.29,21065
14-Jun-12,31.62,31.88,31.29,31.81,18132
13-Jun-12,31.92,31.97,31.57,31.91,14195
12-Jun-12,32.04,32.04,31.41,31.78,29102
11-Jun-12,31.27,32.00,30.51,32.00,57242
8-Jun-12,30.97,31.37,30.84,30.90,29050
7-Jun-12,31.23,31.23,30.68,30.85,27555
6-Jun-12,31.12,31.13,30.67,30.81,56120
5-Jun-12,30.83,31.06,30.65,30.84,36552
4-Jun-12,30.80,31.24,30.30,30.78,67231
1-Jun-12,31.19,31.31,30.99,31.13,42621
31-May-12,31.50,31.60,31.04,31.54,27138
30-May-12,31.51,31.72,31.04,31.35,7875
29-May-12,31.84,31.85,31.52,31.74,39058
25-May-12,31.02,31.70,31.02,31.70,33557
24-May-12,31.11,31.23,30.70,31.09,33687
23-May-12,30.52,31.00,30.51,30.98,44110
22-May-12,30.30,30.95,30.30,30.86,39925
21-May-12,30.50,30.78,29.90,30.39,70641
18-May-12,30.85,30.97,29.89,30.26,57065
17-May-12,31.22,31.23,30.73,30.88,20960
16-May-12,30.90,31.43,30.90,31.24,39623
15-May-12,31.34,31.38,30.81,31.01,23227
14-May-12,31.72,31.85,30.89,31.29,55032
11-May-12,32.79,33.15,30.87,31.94,82137
10-May-12,33.45,33.82,32.87,32.96,27412
9-May-12,34.10,34.26,33.33,33.33,16071
8-May-12,34.00,34.46,33.36,33.90,30126
7-May-12,33.26,33.74,33.16,33.51,23741
4-May-12,33.92,34.02,33.26,33.30,29738
3-May-12,34.40,34.49,33.62,34.08,22785
2-May-12,34.23,34.49,34.23,34.49,9510
1-May-12,33.96,34.45,33.94,34.43,40763
30-Apr-12,34.05,34.22,33.86,34.10,19788
27-Apr-12,34.03,34.19,33.54,33.97,37670
26-Apr-12,34.27,34.35,33.38,33.86,33040
25-Apr-12,35.48,35.48,34.74,35.03,50123
24-Apr-12,34.89,35.18,34.65,35.05,58079
23-Apr-12,34.77,35.00,34.50,34.59,16667
20-Apr-12,34.70,34.92,34.56,34.67,18846
19-Apr-12,34.84,34.91,34.55,34.64,13435
18-Apr-12,33.93,34.70,33.90,34.60,54205
17-Apr-12,34.00,34.01,33.78,33.99,32502
16-Apr-12,34.08,34.15,33.69,34.00,17976
13-Apr-12,34.00,34.46,33.89,33.89,34344
12-Apr-12,34.25,34.52,34.01,34.02,25387
11-Apr-12,34.53,34.81,34.12,34.15,25975
10-Apr-12,34.95,35.00,34.41,34.41,23124
9-Apr-12,34.65,34.98,34.52,34.85,14724
5-Apr-12,34.91,35.01,34.90,34.93,18042
4-Apr-12,34.76,34.90,34.75,34.86,6247
3-Apr-12,35.00,35.00,34.73,34.95,17815
2-Apr-12,35.00,35.00,34.83,34.98,26178
30-Mar-12,35.00,35.00,34.56,34.76,13851
29-Mar-12,34.83,35.00,34.83,34.99,13024
28-Mar-12,35.17,35.17,34.85,35.00,15643
27-Mar-12,34.84,35.21,34.70,35.12,50830
26-Mar-12,34.96,35.08,34.71,34.98,27709
23-Mar-12,34.72,35.00,34.47,34.94,18251
22-Mar-12,34.49,35.00,34.36,34.89,21982
21-Mar-12,34.85,34.95,34.35,34.67,18470
20-Mar-12,34.75,35.00,34.75,34.86,20836
19-Mar-12,34.69,34.93,34.49,34.93,30893
16-Mar-12,34.73,34.80,34.30,34.62,23841
15-Mar-12,34.50,34.73,34.31,34.69,15393
14-Mar-12,34.49,34.81,34.15,34.61,18655
13-Mar-12,34.69,34.83,34.51,34.59,23707
12-Mar-12,34.51,34.93,34.39,34.69,24777
9-Mar-12,34.65,34.80,34.45,34.66,14332
8-Mar-12,34.95,35.00,34.38,34.51,21050
7-Mar-12,33.97,34.98,33.86,34.74,29656
6-Mar-12,33.88,34.10,33.66,33.98,39847
5-Mar-12,34.51,34.74,34.00,34.05,47828
2-Mar-12,34.72,34.98,34.37,34.37,43241
1-Mar-12,34.90,35.00,34.46,34.54,38922
29-Feb-12,34.85,35.17,34.73,34.73,19387
28-Feb-12,35.15,35.15,34.85,34.90,18892
27-Feb-12,35.00,35.20,34.96,35.08,17024
24-Feb-12,35.10,35.29,34.95,35.00,15223
23-Feb-12,35.02,35.31,34.75,35.14,26298
22-Feb-12,35.07,35.35,34.78,35.22,71887
21-Feb-12,35.50,35.67,35.05,35.07,25793
17-Feb-12,35.58,35.69,35.20,35.36,27062
16-Feb-12,35.45,35.71,35.40,35.43,19830
15-Feb-12,35.63,35.64,35.38,35.43,16214
14-Feb-12,35.41,35.66,35.23,35.37,9805
13-Feb-12,35.50,35.69,35.27,35.54,20526
10-Feb-12,35.40,35.48,35.15,35.30,32242
9-Feb-12,35.27,35.48,35.06,35.40,38532
8-Feb-12,35.12,35.31,34.88,35.28,69937
7-Feb-12,35.05,35.22,34.76,34.98,31359
6-Feb-12,35.12,35.12,34.75,35.00,11810
3-Feb-12,35.33,35.33,34.64,35.05,32400
2-Feb-12,34.81,35.16,34.69,34.94,20035
1-Feb-12,35.00,35.23,34.68,34.97,38746
31-Jan-12,34.95,35.01,34.40,34.87,44613
30-Jan-12,34.51,34.99,34.51,34.85,54159
27-Jan-12,34.60,35.06,34.48,34.62,49345
26-Jan-12,35.17,35.44,35.10,35.26,35637
25-Jan-12,35.22,35.23,34.75,35.14,65775
24-Jan-12,34.94,35.10,34.75,34.95,44528
23-Jan-12,34.75,34.97,34.70,34.86,59179
20-Jan-12,34.89,34.89,34.61,34.65,10566
19-Jan-12,34.60,34.89,34.60,34.78,25817
18-Jan-12,34.70,34.72,34.50,34.51,30071
17-Jan-12,34.50,34.68,34.17,34.53,33874
13-Jan-12,34.40,34.40,34.40,34.40,0
12-Jan-12,34.28,34.47,34.08,34.47,17335
11-Jan-12,34.50,34.82,33.95,33.95,40726
10-Jan-12,34.69,34.70,34.41,34.56,16194
9-Jan-12,34.40,34.86,33.97,34.35,32597
6-Jan-12,34.68,34.68,34.16,34.43,25583
5-Jan-12,34.00,34.74,33.97,34.37,20517
4-Jan-12,34.08,34.76,33.91,34.51,27973
3-Jan-12,33.89,34.22,33.62,34.08,28010
30-Dec-11,33.60,33.60,33.60,33.60,0
29-Dec-11,32.70,33.21,32.66,33.01,23969
28-Dec-11,32.66,33.06,32.66,32.77,20625
27-Dec-11,33.07,33.07,32.53,32.58,13748
23-Dec-11,33.07,33.07,33.07,33.07,0
22-Dec-11,32.08,32.98,31.92,32.82,16979
21-Dec-11,31.46,32.07,31.18,32.05,24991
20-Dec-11,31.01,31.47,31.00,31.37,8319
19-Dec-11,31.19,31.57,31.05,31.13,25102
16-Dec-11,31.69,31.69,31.15,31.18,10136
15-Dec-11,31.27,31.68,31.21,31.34,14598
14-Dec-11,31.30,31.50,31.05,31.44,24499
13-Dec-11,31.77,31.93,31.31,31.48,15142
12-Dec-11,31.75,31.93,31.27,31.64,13515
9-Dec-11,31.25,31.88,31.14,31.73,20718
8-Dec-11,30.66,31.28,30.47,31.25,31373
7-Dec-11,30.54,31.21,30.30,30.90,30576
6-Dec-11,30.42,30.46,30.25,30.36,34882
5-Dec-11,30.70,30.70,30.25,30.29,43606
2-Dec-11,30.00,30.66,30.00,30.59,32554
1-Dec-11,30.50,30.65,30.00,30.00,56158
30-Nov-11,31.72,31.72,30.53,30.74,57559
29-Nov-11,31.01,31.39,30.75,30.76,27392
28-Nov-11,31.15,31.46,30.74,30.93,25590
25-Nov-11,31.02,31.03,31.01,31.01,1372
23-Nov-11,31.01,31.01,31.01,31.01,0
22-Nov-11,31.50,31.76,31.15,31.36,21421
21-Nov-11,31.85,32.00,31.00,31.49,69066
18-Nov-11,32.39,32.57,32.06,32.14,8187
17-Nov-11,32.23,32.43,32.00,32.28,76525
16-Nov-11,32.23,32.66,32.23,32.34,29085
15-Nov-11,32.60,32.60,32.02,32.33,35604
14-Nov-11,32.58,32.64,32.32,32.48,16766
11-Nov-11,32.05,32.94,32.05,32.60,28165
10-Nov-11,31.72,32.28,31.50,31.97,25705
9-Nov-11,31.25,31.59,31.00,31.45,90767
8-Nov-11,33.15,33.47,31.50,31.50,178161
7-Nov-11,33.15,34.10,33.15,34.10,35126
4-Nov-11,33.60,33.90,33.12,33.50,18462
3-Nov-11,34.07,35.16,33.37,33.76,39282
2-Nov-11,34.76,35.42,34.29,34.38,17461
1-Nov-11,34.51,35.40,34.07,34.93,45075
31-Oct-11,35.42,35.88,35.20,35.43,40023
28-Oct-11,35.63,35.92,35.28,35.89,24802
27-Oct-11,36.27,36.38,35.35,35.82,38804
26-Oct-11,36.10,36.40,35.82,36.16,37315
25-Oct-11,36.18,36.18,35.54,35.70,26603
24-Oct-11,36.00,36.25,35.85,35.87,23855
21-Oct-11,36.07,36.18,35.44,35.85,35534
20-Oct-11,36.16,36.90,35.38,35.90,46942
19-Oct-11,35.05,36.31,34.49,36.00,60096
18-Oct-11,34.26,34.97,34.00,34.91,43703
17-Oct-11,34.53,34.89,33.81,34.09,24134
14-Oct-11,34.16,34.85,34.00,34.59,39538
13-Oct-11,34.05,34.20,33.46,34.06,16550
12-Oct-11,33.52,34.05,33.52,34.00,18748
11-Oct-11,33.29,33.90,33.21,33.30,42155
10-Oct-11,32.47,33.86,32.47,33.40,22427
7-Oct-11,32.97,33.95,31.95,32.47,42904
6-Oct-11,33.11,33.59,31.50,32.89,31824
5-Oct-11,32.62,33.49,32.37,33.04,38220
4-Oct-11,32.28,33.08,31.31,32.44,56972
3-Oct-11,32.72,33.20,32.34,32.64,26559
30-Sep-11,32.39,33.17,32.39,32.93,27080
