Date,Open,High,Low,Close,Volume
27-Sep-12,20.87,21.62,20.83,21.53,341330
26-Sep-12,21.02,21.12,20.32,20.72,424599
25-Sep-12,21.55,21.92,20.93,20.99,555055
24-Sep-12,22.22,22.28,21.35,21.39,450734
21-Sep-12,22.81,22.81,22.24,22.28,480122
20-Sep-12,22.49,22.71,22.42,22.51,318190
19-Sep-12,22.86,22.87,22.39,22.71,307576
18-Sep-12,22.44,22.69,22.33,22.63,482284
17-Sep-12,22.54,22.75,22.38,22.58,301297
14-Sep-12,22.49,22.76,22.46,22.64,332440
13-Sep-12,22.10,22.48,21.91,22.40,487301
12-Sep-12,21.66,22.17,21.42,22.11,412951
11-Sep-12,22.09,22.14,21.31,21.43,529505
10-Sep-12,22.31,22.53,22.10,22.13,287341
7-Sep-12,22.35,22.56,22.17,22.37,432585
6-Sep-12,21.69,22.33,21.53,22.30,734671
5-Sep-12,21.45,21.59,21.13,21.48,396275
4-Sep-12,21.09,21.39,20.76,21.33,387773
31-Aug-12,21.06,21.22,20.66,21.13,352965
30-Aug-12,21.29,21.60,20.77,20.78,495617
29-Aug-12,21.37,21.57,21.15,21.45,385886
28-Aug-12,21.38,21.57,21.02,21.30,450912
27-Aug-12,21.24,21.50,21.23,21.38,445285
24-Aug-12,20.87,21.25,20.84,21.16,525673
23-Aug-12,21.11,21.40,20.85,20.99,547759
22-Aug-12,20.96,21.38,20.79,21.23,1015390
21-Aug-12,22.00,22.70,20.96,21.06,1757878
20-Aug-12,20.99,22.01,20.99,21.90,1735569
17-Aug-12,20.89,21.12,20.74,21.00,170634
16-Aug-12,20.41,20.97,20.35,20.86,164279
15-Aug-12,19.38,20.50,19.38,20.47,148165
14-Aug-12,19.90,20.00,19.24,19.38,86531
13-Aug-12,19.69,19.98,19.52,19.76,87376
10-Aug-12,19.87,19.99,19.62,19.81,73586
9-Aug-12,19.71,20.08,19.71,19.99,167934
8-Aug-12,19.75,19.98,19.69,19.78,84265
7-Aug-12,19.93,20.17,19.75,19.81,196353
6-Aug-12,19.43,19.89,19.39,19.80,195213
3-Aug-12,19.20,19.55,19.06,19.34,92729
2-Aug-12,18.81,19.50,18.51,18.73,505726
1-Aug-12,19.49,19.60,18.90,18.90,468616
31-Jul-12,19.48,19.67,19.21,19.43,446861
30-Jul-12,19.75,20.00,19.34,19.51,521958
27-Jul-12,19.15,19.97,19.12,19.77,1334682
26-Jul-12,18.91,19.05,18.62,18.97,854033
25-Jul-12,19.10,19.99,18.46,18.52,2932192
24-Jul-12,16.67,17.38,16.25,16.59,787978
23-Jul-12,16.85,16.94,16.34,16.46,487931
20-Jul-12,17.77,17.77,17.22,17.30,547335
19-Jul-12,18.06,18.50,17.85,17.94,666119
18-Jul-12,17.44,17.97,17.44,17.92,466457
17-Jul-12,17.40,17.70,16.99,17.50,462941
16-Jul-12,17.26,17.46,17.01,17.30,492006
13-Jul-12,17.21,17.41,17.07,17.35,358676
12-Jul-12,17.19,17.35,16.72,17.12,578178
11-Jul-12,17.50,17.83,17.06,17.42,585400
10-Jul-12,18.40,18.71,17.33,17.51,486185
9-Jul-12,18.28,18.78,18.03,18.22,907383
6-Jul-12,18.73,18.74,17.97,18.38,687238
5-Jul-12,19.08,19.58,18.98,19.03,562434
3-Jul-12,18.98,19.32,18.90,19.15,383972
2-Jul-12,19.53,19.53,18.71,19.00,1080938
29-Jun-12,18.63,19.70,18.61,19.55,1566932
28-Jun-12,17.13,18.20,17.04,18.18,1292653
27-Jun-12,16.00,17.42,16.00,17.19,1672602
26-Jun-12,15.30,15.80,14.74,15.76,689694
25-Jun-12,15.50,15.56,15.05,15.25,689148
22-Jun-12,16.03,16.15,15.64,15.67,693391
21-Jun-12,16.68,16.77,15.85,15.88,534589
20-Jun-12,16.70,16.97,16.42,16.67,439253
19-Jun-12,16.04,16.70,16.04,16.63,812701
18-Jun-12,15.61,15.94,15.25,15.91,561748
15-Jun-12,15.40,15.88,15.27,15.77,534583
14-Jun-12,15.46,15.62,15.09,15.31,457137
13-Jun-12,15.56,16.00,15.20,15.48,971944
12-Jun-12,14.98,15.71,14.86,15.63,1395271
11-Jun-12,15.60,15.64,14.85,14.85,604091
8-Jun-12,15.18,15.54,14.64,15.38,1263542
7-Jun-12,15.98,16.21,15.18,15.23,512667
6-Jun-12,15.23,15.86,15.20,15.68,725120
5-Jun-12,14.40,15.07,14.40,15.04,674990
4-Jun-12,14.98,15.22,14.41,14.50,843946
1-Jun-12,15.24,15.30,14.83,14.88,810489
31-May-12,16.00,16.28,15.40,15.71,1041744
30-May-12,16.56,16.74,15.80,15.81,1089881
29-May-12,16.62,16.86,16.48,16.81,966696
25-May-12,16.56,16.64,16.26,16.41,893390
24-May-12,17.10,17.14,16.13,16.50,534990
23-May-12,16.75,17.18,16.11,17.09,838212
22-May-12,17.10,17.45,16.80,16.99,492777
21-May-12,16.23,17.23,16.00,17.06,611319
18-May-12,16.80,16.89,16.10,16.20,700284
17-May-12,17.75,17.82,16.76,16.79,872543
16-May-12,18.08,18.68,17.63,17.69,891060
15-May-12,17.86,18.44,17.86,18.03,683992
14-May-12,18.00,18.15,17.75,17.88,496143
11-May-12,18.23,18.60,18.18,18.26,389634
10-May-12,18.58,18.88,18.13,18.40,925629
9-May-12,17.90,18.62,17.87,18.48,818056
8-May-12,17.68,18.30,17.55,18.25,773047
7-May-12,17.87,18.07,17.51,17.66,548851
4-May-12,18.01,18.20,17.88,17.98,626313
3-May-12,18.75,19.04,17.97,18.17,598939
2-May-12,18.53,18.88,18.32,18.71,742151
1-May-12,18.71,19.11,18.50,18.71,1144914
30-Apr-12,19.05,19.08,18.39,18.66,726821
27-Apr-12,19.43,19.43,19.06,19.11,839838
26-Apr-12,19.73,19.99,19.12,19.38,1557253
25-Apr-12,18.86,20.98,18.61,19.70,5164738
24-Apr-12,16.46,16.69,16.21,16.40,634210
23-Apr-12,16.35,16.64,16.18,16.48,922421
20-Apr-12,16.48,16.73,16.29,16.63,757198
19-Apr-12,16.18,16.73,16.11,16.35,661871
18-Apr-12,16.62,16.62,16.18,16.20,750072
17-Apr-12,16.38,16.92,16.37,16.76,786131
16-Apr-12,16.42,16.62,16.06,16.24,663947
13-Apr-12,16.77,16.84,16.23,16.31,532730
12-Apr-12,16.55,16.91,16.46,16.87,1096875
11-Apr-12,16.85,16.98,16.48,16.50,994507
10-Apr-12,17.35,17.44,16.71,16.74,945474
9-Apr-12,17.56,17.72,17.26,17.33,884968
5-Apr-12,18.17,18.30,17.83,17.92,889929
4-Apr-12,18.67,18.77,18.18,18.26,1457678
3-Apr-12,19.66,19.77,18.72,18.90,1091227
2-Apr-12,19.73,19.94,19.63,19.69,578319
30-Mar-12,20.02,20.19,19.54,19.72,591199
29-Mar-12,19.50,20.19,19.46,19.79,589931
28-Mar-12,20.28,20.34,19.38,19.62,649005
27-Mar-12,20.75,20.96,20.28,20.29,481991
26-Mar-12,20.47,20.84,20.33,20.75,463284
23-Mar-12,19.63,20.31,19.62,20.28,612159
22-Mar-12,20.13,20.29,19.50,19.67,641312
21-Mar-12,20.36,20.58,20.20,20.26,549508
20-Mar-12,20.70,20.73,20.23,20.27,939718
19-Mar-12,21.37,21.37,20.68,20.82,1014172
16-Mar-12,20.27,21.74,20.18,21.43,2190874
15-Mar-12,18.88,20.21,18.86,20.14,911320
14-Mar-12,18.65,19.58,18.58,18.93,761649
13-Mar-12,18.61,18.71,18.34,18.65,416271
12-Mar-12,18.67,18.99,18.21,18.46,255435
9-Mar-12,17.71,18.93,17.71,18.66,502297
8-Mar-12,17.87,17.89,17.55,17.77,412894
7-Mar-12,17.83,17.88,17.59,17.77,396851
6-Mar-12,18.17,18.26,17.50,17.75,603500
5-Mar-12,18.75,18.85,18.28,18.42,492309
2-Mar-12,19.05,19.38,18.73,18.83,491349
1-Mar-12,18.74,19.38,18.69,19.11,490648
29-Feb-12,19.13,19.44,18.59,18.68,478215
28-Feb-12,19.14,19.15,18.71,19.03,451749
27-Feb-12,18.71,19.26,18.49,19.19,331483
24-Feb-12,19.13,19.16,18.89,18.97,308390
23-Feb-12,19.13,19.33,18.81,19.16,431706
22-Feb-12,19.62,19.82,19.09,19.15,350056
21-Feb-12,19.88,20.22,19.55,19.70,535919
17-Feb-12,20.40,20.48,19.82,19.89,816099
16-Feb-12,19.27,20.32,19.21,20.29,1134850
15-Feb-12,19.00,19.50,18.99,19.32,583529
14-Feb-12,18.91,18.95,18.42,18.87,576058
13-Feb-12,19.26,19.41,18.95,18.99,413278
10-Feb-12,19.30,19.30,18.92,19.10,449807
9-Feb-12,19.40,19.56,18.85,19.52,845214
8-Feb-12,18.62,19.37,18.62,19.35,1007904
7-Feb-12,18.32,18.83,18.24,18.52,1397030
6-Feb-12,18.22,18.42,18.15,18.33,873180
3-Feb-12,18.08,18.41,17.92,18.33,1642482
2-Feb-12,18.01,18.19,17.69,17.78,1992917
1-Feb-12,18.96,19.43,17.81,18.01,5246929
31-Jan-12,20.54,20.98,20.07,20.97,1330533
30-Jan-12,20.17,20.43,19.99,20.29,666251
27-Jan-12,19.95,20.48,19.95,20.42,412407
26-Jan-12,20.97,21.00,20.03,20.12,698402
25-Jan-12,19.84,20.82,19.68,20.78,1159316
24-Jan-12,19.91,20.04,19.59,19.85,484792
23-Jan-12,20.13,20.20,19.91,20.00,591841
20-Jan-12,20.12,20.50,20.05,20.13,581280
19-Jan-12,19.70,20.22,19.62,20.07,743457
18-Jan-12,19.09,19.69,19.09,19.69,750837
17-Jan-12,19.27,19.44,19.05,19.10,770756
13-Jan-12,19.07,19.07,19.07,19.07,0
12-Jan-12,19.72,19.72,19.06,19.41,804732
11-Jan-12,19.19,19.76,19.13,19.73,788067
10-Jan-12,19.53,19.56,19.15,19.25,842791
9-Jan-12,19.41,19.44,19.00,19.20,675297
6-Jan-12,19.54,19.61,19.25,19.26,530299
5-Jan-12,19.55,19.79,19.21,19.58,704027
4-Jan-12,19.88,19.89,19.60,19.76,569071
3-Jan-12,20.38,20.46,19.96,19.99,671212
30-Dec-11,19.71,19.71,19.71,19.71,0
29-Dec-11,19.69,19.88,19.53,19.65,344643
28-Dec-11,20.00,20.16,19.61,19.64,626946
27-Dec-11,20.25,20.26,19.96,20.07,719005
23-Dec-11,20.27,20.27,20.27,20.27,0
22-Dec-11,20.07,20.44,20.03,20.20,596385
21-Dec-11,20.71,20.75,19.66,20.02,637057
20-Dec-11,20.02,21.00,20.01,20.87,872356
19-Dec-11,20.40,20.75,19.47,19.59,619846
16-Dec-11,20.86,21.12,20.37,20.37,660993
15-Dec-11,21.44,21.76,20.69,20.74,1085469
14-Dec-11,22.76,22.76,21.14,21.16,1917657
13-Dec-11,24.02,24.09,22.75,22.86,615291
12-Dec-11,24.04,24.07,23.54,23.76,589747
9-Dec-11,23.74,24.53,23.68,24.42,602109
8-Dec-11,24.07,24.25,23.60,23.63,554362
7-Dec-11,24.60,24.71,24.01,24.31,840235
6-Dec-11,24.96,25.27,24.41,24.82,481957
5-Dec-11,24.70,25.24,24.62,24.99,704139
2-Dec-11,24.28,24.77,24.12,24.22,555027
1-Dec-11,24.04,24.28,23.76,23.89,544233
30-Nov-11,23.79,24.19,23.65,24.15,901570
29-Nov-11,22.46,23.02,22.38,22.77,821927
28-Nov-11,22.11,22.55,21.99,22.39,935994
25-Nov-11,21.78,21.95,21.16,21.20,348723
23-Nov-11,21.95,21.95,21.95,21.95,0
22-Nov-11,23.32,23.63,22.76,22.77,640956
21-Nov-11,23.87,24.13,23.30,23.56,779053
18-Nov-11,24.64,24.95,24.45,24.53,795341
17-Nov-11,25.04,25.11,24.05,24.32,643912
16-Nov-11,25.34,25.66,25.00,25.01,701103
15-Nov-11,25.36,25.79,25.28,25.57,1188081
14-Nov-11,25.86,25.99,25.45,25.58,641534
11-Nov-11,25.90,26.16,25.80,25.99,1080573
10-Nov-11,25.24,25.73,24.62,25.52,506862
9-Nov-11,25.79,25.84,24.68,24.75,686400
8-Nov-11,26.27,26.68,25.86,26.61,826012
7-Nov-11,26.27,26.45,25.17,26.01,361136
4-Nov-11,25.92,26.51,25.57,26.45,483607
3-Nov-11,25.66,26.46,24.67,26.33,628008
2-Nov-11,25.34,26.07,24.96,25.30,903244
1-Nov-11,24.72,25.51,24.61,25.04,1023206
31-Oct-11,27.02,27.06,25.97,25.99,628622
28-Oct-11,27.20,27.43,26.88,27.28,769166
27-Oct-11,26.75,27.40,26.34,27.32,1631333
26-Oct-11,26.67,27.13,25.15,26.30,2383030
25-Oct-11,24.51,26.72,24.00,26.30,6326037
24-Oct-11,19.16,20.22,18.53,20.02,1239260
21-Oct-11,19.15,19.43,18.75,19.11,401582
20-Oct-11,18.76,18.84,18.15,18.75,487775
19-Oct-11,19.00,19.16,18.53,18.63,322767
18-Oct-11,18.46,19.17,17.94,19.03,468109
17-Oct-11,19.05,19.40,18.36,18.41,443155
14-Oct-11,19.20,19.34,18.60,19.23,347159
13-Oct-11,18.59,19.08,18.33,18.93,392036
12-Oct-11,18.28,18.99,18.19,18.79,778178
11-Oct-11,17.43,18.18,17.43,18.04,520596
10-Oct-11,17.19,17.67,17.01,17.62,491478
7-Oct-11,16.96,17.11,16.44,16.74,613587
6-Oct-11,16.16,17.01,15.97,16.91,575707
5-Oct-11,15.21,16.29,14.91,16.23,783458
4-Oct-11,14.02,15.04,13.76,14.99,1069285
3-Oct-11,15.50,15.54,14.18,14.28,805513
30-Sep-11,16.29,16.49,15.68,15.69,476335
