Date,Open,High,Low,Close,Volume
27-Sep-12,27.46,27.52,27.23,27.28,42850
26-Sep-12,27.44,27.51,27.26,27.44,31686
25-Sep-12,27.31,27.50,27.28,27.34,53152
24-Sep-12,27.08,27.34,26.85,27.28,30825
21-Sep-12,26.99,27.10,26.72,26.98,63841
20-Sep-12,26.82,26.91,26.55,26.74,21839
19-Sep-12,26.81,27.08,26.76,26.92,35693
18-Sep-12,26.73,26.86,26.60,26.82,41126
17-Sep-12,26.94,26.94,26.67,26.83,23311
14-Sep-12,27.04,27.05,26.81,26.92,37990
13-Sep-12,26.67,27.18,26.64,26.98,64067
12-Sep-12,26.68,26.79,26.35,26.74,39737
11-Sep-12,26.83,26.83,26.51,26.69,46286
10-Sep-12,26.74,26.85,26.51,26.84,37678
7-Sep-12,26.79,26.79,26.46,26.70,77640
6-Sep-12,26.42,26.69,26.27,26.68,103637
5-Sep-12,26.59,26.59,26.30,26.40,45369
4-Sep-12,26.36,26.55,26.23,26.45,41796
31-Aug-12,26.65,26.65,26.35,26.40,35168
30-Aug-12,26.69,26.69,26.41,26.49,25578
29-Aug-12,26.75,26.87,26.65,26.69,23281
28-Aug-12,26.91,27.01,26.67,26.78,48693
27-Aug-12,26.91,27.04,26.75,26.85,27446
24-Aug-12,26.78,26.99,26.71,26.88,12221
23-Aug-12,26.82,26.94,26.72,26.76,55752
22-Aug-12,26.98,27.09,26.75,26.88,45266
21-Aug-12,27.30,27.35,27.01,27.05,34744
20-Aug-12,27.20,27.40,27.05,27.29,35967
17-Aug-12,27.30,27.40,27.19,27.37,26523
16-Aug-12,27.12,27.40,26.99,27.35,25373
15-Aug-12,27.19,27.19,26.96,27.11,10259
14-Aug-12,27.18,27.40,27.02,27.18,13285
13-Aug-12,26.82,27.11,26.65,27.07,26675
10-Aug-12,26.94,27.20,26.90,26.98,7074
9-Aug-12,26.90,27.18,26.90,27.06,7650
8-Aug-12,26.82,27.04,26.75,27.00,12646
7-Aug-12,27.11,27.13,26.79,26.86,26430
6-Aug-12,26.83,27.19,26.81,27.03,16070
3-Aug-12,26.58,26.86,26.38,26.76,15623
2-Aug-12,26.51,26.51,26.23,26.40,46452
1-Aug-12,26.68,26.98,26.60,26.60,95879
31-Jul-12,26.61,27.04,26.51,26.56,128941
30-Jul-12,26.37,26.68,26.33,26.61,67030
27-Jul-12,26.42,26.98,26.35,26.71,117916
26-Jul-12,26.89,26.93,26.31,26.33,110499
25-Jul-12,27.30,27.73,26.64,26.71,97551
24-Jul-12,27.60,27.80,27.30,27.35,76753
23-Jul-12,27.38,27.70,27.25,27.58,73608
20-Jul-12,27.61,27.79,27.40,27.57,88416
19-Jul-12,27.80,27.98,27.63,27.67,33775
18-Jul-12,27.80,27.90,27.60,27.80,39307
17-Jul-12,27.91,27.98,27.59,27.83,65482
16-Jul-12,27.55,27.84,27.45,27.77,45524
13-Jul-12,27.60,27.85,27.35,27.68,167082
12-Jul-12,27.55,27.66,27.34,27.59,53283
11-Jul-12,27.40,27.59,27.20,27.58,87123
10-Jul-12,27.19,27.44,27.01,27.28,47698
9-Jul-12,27.03,27.12,26.75,27.07,40234
6-Jul-12,26.98,27.12,26.87,27.01,39950
5-Jul-12,27.10,27.23,27.05,27.12,36154
3-Jul-12,26.93,27.24,26.91,27.10,44377
2-Jul-12,26.60,27.00,26.50,26.99,114389
29-Jun-12,26.64,26.84,26.25,26.50,109974
28-Jun-12,26.37,26.40,26.12,26.40,53703
27-Jun-12,26.60,26.72,26.31,26.38,70327
26-Jun-12,26.64,26.75,26.21,26.61,59522
25-Jun-12,26.51,26.72,26.45,26.69,70931
22-Jun-12,26.03,26.81,26.03,26.81,244478
21-Jun-12,26.33,26.35,25.85,25.89,67375
20-Jun-12,26.19,26.44,26.00,26.24,67217
19-Jun-12,26.36,26.63,26.08,26.24,75331
18-Jun-12,26.06,26.49,26.01,26.19,75889
15-Jun-12,26.42,26.42,26.06,26.11,95689
14-Jun-12,26.22,26.37,26.03,26.36,49368
13-Jun-12,26.29,26.38,25.92,26.11,45640
12-Jun-12,26.27,26.41,25.98,26.30,91937
11-Jun-12,26.74,26.74,26.04,26.05,157978
8-Jun-12,26.56,26.82,26.34,26.57,98641
7-Jun-12,26.89,26.89,26.50,26.61,77510
6-Jun-12,26.50,26.80,26.29,26.60,71159
5-Jun-12,26.29,26.50,26.18,26.42,55851
4-Jun-12,26.32,26.65,26.08,26.38,104531
1-Jun-12,26.37,26.55,26.28,26.34,81145
31-May-12,26.50,26.94,26.30,26.61,287973
30-May-12,26.44,26.50,26.01,26.26,56827
29-May-12,26.22,26.65,25.93,26.52,115232
25-May-12,25.95,26.02,25.72,25.99,74779
24-May-12,25.71,25.98,25.56,25.90,142016
23-May-12,25.55,25.78,25.20,25.61,102748
22-May-12,25.59,25.70,25.47,25.67,119592
21-May-12,25.57,25.60,25.19,25.59,121271
18-May-12,25.36,25.60,25.05,25.26,58946
17-May-12,25.35,25.57,25.26,25.40,91549
16-May-12,25.58,25.58,25.27,25.36,141381
15-May-12,25.24,25.53,25.19,25.40,184522
14-May-12,24.90,25.29,24.90,25.20,231273
11-May-12,24.90,25.09,24.76,24.92,1171510
10-May-12,25.80,25.90,25.41,25.60,108422
9-May-12,26.13,26.23,25.65,25.65,73839
8-May-12,26.54,26.98,26.54,26.82,22097
7-May-12,26.40,26.63,26.35,26.63,14456
4-May-12,26.66,26.66,26.20,26.37,60308
3-May-12,26.47,26.99,26.37,26.68,69197
2-May-12,26.17,26.58,26.07,26.43,58934
1-May-12,26.50,27.04,26.36,26.38,48402
30-Apr-12,26.75,26.94,26.41,26.46,45769
27-Apr-12,26.63,26.96,26.30,26.76,60438
26-Apr-12,26.81,27.11,26.72,26.98,34512
25-Apr-12,26.78,27.09,26.69,26.81,41398
24-Apr-12,26.30,26.73,26.29,26.73,36473
23-Apr-12,26.31,26.42,26.26,26.33,51399
20-Apr-12,26.76,26.81,26.41,26.46,38286
19-Apr-12,26.64,26.91,26.28,26.34,62528
18-Apr-12,26.97,26.98,26.58,26.73,21726
17-Apr-12,26.90,27.17,26.87,27.03,28859
16-Apr-12,26.30,26.79,26.22,26.77,55609
13-Apr-12,26.20,26.37,26.20,26.21,16635
12-Apr-12,26.49,26.60,26.27,26.36,41223
11-Apr-12,26.38,26.71,26.24,26.61,30482
10-Apr-12,26.46,26.52,26.07,26.30,42999
9-Apr-12,26.56,26.64,26.39,26.44,33982
5-Apr-12,27.00,27.15,26.75,26.75,12460
4-Apr-12,27.07,27.20,27.07,27.09,21549
3-Apr-12,27.40,27.40,27.08,27.31,31333
2-Apr-12,26.88,27.40,26.75,27.40,29825
30-Mar-12,27.27,27.27,26.82,26.83,29068
29-Mar-12,26.97,27.24,26.77,27.10,22941
28-Mar-12,27.35,27.45,27.00,27.10,26349
27-Mar-12,27.43,27.52,27.27,27.39,17778
26-Mar-12,27.27,27.68,27.26,27.38,51701
23-Mar-12,26.81,27.36,26.80,27.27,30635
22-Mar-12,27.00,27.22,26.82,26.86,28288
21-Mar-12,26.84,27.12,26.81,26.95,20893
20-Mar-12,26.75,26.98,26.75,26.87,21869
19-Mar-12,27.11,27.35,26.88,27.01,28259
16-Mar-12,27.15,27.59,26.77,27.20,76938
15-Mar-12,27.33,27.33,26.79,27.05,47238
14-Mar-12,27.54,27.67,27.11,27.24,12418
13-Mar-12,27.67,27.67,27.14,27.51,31805
12-Mar-12,27.33,27.58,27.15,27.46,22238
9-Mar-12,26.95,27.86,26.75,27.37,58334
8-Mar-12,26.92,26.98,26.53,26.97,18067
7-Mar-12,26.65,26.86,26.34,26.82,20726
6-Mar-12,26.38,27.04,26.29,26.49,40315
5-Mar-12,26.50,26.68,26.25,26.52,39238
2-Mar-12,26.85,27.02,26.34,26.45,40578
1-Mar-12,26.63,27.16,26.25,26.76,95247
29-Feb-12,26.92,26.99,26.37,26.60,72096
28-Feb-12,27.19,27.19,26.71,26.87,59937
27-Feb-12,27.51,27.51,26.83,27.12,38914
24-Feb-12,27.37,27.37,26.83,27.20,20527
23-Feb-12,26.94,27.35,26.56,27.28,63074
22-Feb-12,26.95,27.04,26.83,26.84,31881
21-Feb-12,27.27,27.49,26.86,26.90,61735
17-Feb-12,27.57,28.00,27.44,27.52,40975
16-Feb-12,27.02,27.77,26.84,27.55,52686
15-Feb-12,27.01,27.15,26.61,26.93,76112
14-Feb-12,27.14,27.14,26.37,26.83,22386
13-Feb-12,27.03,27.18,26.90,27.13,21844
10-Feb-12,26.86,27.24,26.77,26.83,37285
9-Feb-12,27.20,27.20,26.77,27.00,33294
8-Feb-12,27.52,27.71,26.99,27.20,66416
7-Feb-12,27.43,27.93,26.82,27.54,91779
6-Feb-12,28.12,28.12,27.40,27.51,21404
3-Feb-12,28.04,28.40,27.94,28.16,81332
2-Feb-12,27.73,28.00,27.66,27.90,30203
1-Feb-12,27.18,27.83,27.09,27.81,56680
31-Jan-12,27.43,27.96,27.31,27.63,19264
30-Jan-12,27.73,27.73,27.28,27.30,15700
27-Jan-12,28.21,28.23,28.12,28.16,24683
26-Jan-12,28.34,28.34,27.85,28.31,29665
25-Jan-12,27.80,28.29,27.49,28.26,30019
24-Jan-12,27.06,27.99,27.00,27.87,196176
23-Jan-12,27.39,27.39,27.00,27.19,33320
20-Jan-12,27.45,27.51,27.30,27.39,20199
19-Jan-12,27.89,27.89,27.51,27.53,22500
18-Jan-12,27.12,27.88,27.01,27.87,22249
17-Jan-12,27.05,27.14,26.85,27.05,26888
13-Jan-12,26.86,26.86,26.86,26.86,0
12-Jan-12,27.36,27.51,27.01,27.11,32710
11-Jan-12,27.42,27.51,27.20,27.29,19504
10-Jan-12,27.36,27.93,27.36,27.76,31254
9-Jan-12,27.70,27.70,27.00,27.20,46874
6-Jan-12,27.73,27.88,27.42,27.66,50621
5-Jan-12,27.77,27.80,27.54,27.72,27801
4-Jan-12,28.22,28.32,27.72,27.79,90351
3-Jan-12,28.67,29.00,28.31,28.46,41967
30-Dec-11,28.38,28.38,28.38,28.38,0
29-Dec-11,28.22,28.33,28.18,28.28,32670
28-Dec-11,28.58,28.60,28.14,28.19,14651
27-Dec-11,28.30,28.57,28.22,28.53,9428
23-Dec-11,28.29,28.29,28.29,28.29,0
22-Dec-11,28.30,28.38,27.99,28.29,15714
21-Dec-11,27.75,28.30,27.66,28.24,26569
20-Dec-11,27.61,27.82,27.33,27.76,43830
19-Dec-11,27.55,27.77,27.21,27.22,27227
16-Dec-11,27.98,28.19,27.18,27.41,65347
15-Dec-11,27.94,27.94,27.50,27.86,24795
14-Dec-11,26.90,27.75,26.80,27.74,47856
13-Dec-11,27.49,27.62,26.87,27.07,33070
12-Dec-11,27.49,27.49,27.09,27.30,39603
9-Dec-11,27.21,27.75,27.21,27.63,53233
8-Dec-11,27.86,27.86,27.02,27.07,20818
7-Dec-11,27.77,28.05,27.37,27.92,25338
6-Dec-11,27.41,27.98,27.26,27.72,23159
5-Dec-11,27.50,27.50,27.16,27.45,28254
2-Dec-11,27.56,27.69,27.20,27.27,32230
1-Dec-11,27.61,27.81,27.17,27.30,38052
30-Nov-11,27.31,27.80,27.23,27.73,107696
29-Nov-11,26.58,26.68,26.28,26.56,26046
28-Nov-11,26.37,26.64,26.17,26.62,29320
25-Nov-11,26.00,26.35,25.93,25.93,14720
23-Nov-11,26.07,26.07,26.07,26.07,0
22-Nov-11,26.82,27.03,26.65,26.74,32825
21-Nov-11,27.06,27.17,26.56,26.79,35511
18-Nov-11,27.19,27.41,26.93,27.27,34160
17-Nov-11,27.05,27.36,27.05,27.19,56522
16-Nov-11,27.07,27.32,26.91,27.01,34777
15-Nov-11,26.81,27.31,26.71,27.16,42966
14-Nov-11,27.63,27.63,26.71,26.77,29593
11-Nov-11,26.77,27.68,26.77,27.63,40479
10-Nov-11,26.98,26.98,26.51,26.64,22729
9-Nov-11,26.85,27.12,26.39,26.71,69509
8-Nov-11,26.90,27.28,26.57,27.18,36731
7-Nov-11,26.25,26.86,26.20,26.85,21735
4-Nov-11,26.23,26.31,26.17,26.26,24961
3-Nov-11,26.20,26.53,26.13,26.35,58008
2-Nov-11,26.23,26.57,26.08,26.22,27488
1-Nov-11,26.18,26.69,25.86,26.05,33735
31-Oct-11,26.61,26.81,26.27,26.67,71196
28-Oct-11,26.97,27.39,26.57,26.89,52337
27-Oct-11,26.90,27.62,26.88,27.53,85767
26-Oct-11,26.92,26.92,26.41,26.46,67324
25-Oct-11,26.93,27.01,26.50,26.65,56262
24-Oct-11,26.88,27.20,26.60,27.11,53174
21-Oct-11,26.59,26.94,26.48,26.76,68872
20-Oct-11,26.32,26.32,26.14,26.31,27426
19-Oct-11,26.27,26.80,26.14,26.24,43250
18-Oct-11,26.26,26.41,26.03,26.30,48762
17-Oct-11,26.24,26.46,26.10,26.19,34143
14-Oct-11,26.11,26.42,25.96,26.40,34873
13-Oct-11,25.95,26.02,25.81,25.98,29028
12-Oct-11,25.95,26.19,25.85,25.98,54738
11-Oct-11,25.82,25.93,25.70,25.87,44321
10-Oct-11,25.73,26.03,25.62,25.90,44028
7-Oct-11,26.02,26.05,25.25,25.30,35287
6-Oct-11,26.10,26.35,25.80,25.84,45700
5-Oct-11,27.01,27.01,25.62,26.08,47626
4-Oct-11,24.58,27.05,24.58,27.01,80144
3-Oct-11,25.65,26.22,24.65,24.74,72597
30-Sep-11,25.96,26.22,25.62,25.68,37628
