Date,Open,High,Low,Close,Volume
27-Sep-12,83.83,84.34,83.47,84.12,383495
26-Sep-12,84.21,84.31,83.11,83.36,488476
25-Sep-12,84.96,85.38,84.04,84.12,367660
24-Sep-12,84.31,84.86,83.85,84.62,382098
21-Sep-12,85.61,85.78,84.45,84.69,598075
20-Sep-12,84.75,85.15,83.79,85.09,545408
19-Sep-12,85.38,85.38,84.64,85.01,258755
18-Sep-12,84.92,85.51,84.47,85.24,574783
17-Sep-12,84.90,85.05,84.32,84.92,579363
14-Sep-12,85.11,85.92,84.62,85.04,532864
13-Sep-12,83.78,85.37,83.21,85.15,822595
12-Sep-12,83.66,84.15,83.08,83.64,538064
11-Sep-12,83.34,83.87,83.22,83.42,572036
10-Sep-12,83.00,83.71,82.52,83.22,647005
7-Sep-12,81.99,83.29,81.89,83.18,742614
6-Sep-12,80.45,81.76,80.15,81.67,587490
5-Sep-12,79.73,79.99,78.95,79.61,904781
4-Sep-12,79.51,80.21,78.80,79.87,834578
31-Aug-12,79.74,80.65,79.01,80.19,863301
30-Aug-12,78.49,79.36,78.20,79.09,719557
29-Aug-12,77.63,79.44,77.45,79.18,881785
28-Aug-12,77.95,78.33,77.22,77.54,997962
27-Aug-12,77.79,78.49,77.50,78.01,438522
24-Aug-12,77.02,78.00,76.74,77.72,669182
23-Aug-12,76.66,77.56,76.23,77.10,687353
22-Aug-12,76.02,76.89,75.67,76.65,825195
21-Aug-12,76.00,76.73,75.72,76.00,535875
20-Aug-12,75.11,76.00,75.03,75.75,665737
17-Aug-12,76.16,76.23,74.36,75.26,270620
16-Aug-12,76.92,77.55,75.90,76.17,240123
15-Aug-12,77.22,78.52,77.08,78.33,80113
14-Aug-12,78.24,78.25,77.05,77.33,71559
13-Aug-12,78.29,78.43,77.31,78.02,85675
10-Aug-12,78.50,78.65,78.02,78.65,81728
9-Aug-12,79.20,79.93,78.25,78.56,103923
8-Aug-12,78.60,79.79,78.30,79.27,259557
7-Aug-12,77.04,78.89,76.72,78.68,305877
6-Aug-12,77.54,77.62,76.37,77.00,202379
3-Aug-12,77.15,78.41,76.62,77.11,271752
2-Aug-12,76.65,76.91,74.72,75.40,553940
1-Aug-12,77.81,78.22,77.05,77.32,837094
31-Jul-12,78.12,78.87,77.32,77.48,389427
30-Jul-12,78.89,79.12,78.01,78.11,518066
27-Jul-12,77.49,79.42,77.26,79.06,519206
26-Jul-12,77.17,79.98,76.38,77.09,741128
25-Jul-12,75.48,76.90,74.90,75.11,1091255
24-Jul-12,74.77,78.15,74.40,75.69,2022548
23-Jul-12,75.29,76.16,74.12,75.59,1263330
20-Jul-12,78.14,78.16,75.73,76.48,877062
19-Jul-12,78.71,78.77,77.56,78.51,606428
18-Jul-12,76.74,79.10,76.67,78.63,630275
17-Jul-12,76.36,77.16,75.56,77.12,505997
16-Jul-12,76.29,76.78,75.92,76.19,347206
13-Jul-12,75.47,77.16,75.35,76.63,525417
12-Jul-12,74.64,75.86,74.64,75.41,852722
11-Jul-12,74.69,75.81,74.62,75.30,976290
10-Jul-12,76.23,76.63,74.44,74.66,947265
9-Jul-12,76.99,77.38,75.69,75.96,899424
6-Jul-12,78.64,78.86,76.41,77.31,856017
5-Jul-12,79.13,80.34,78.94,79.82,1040478
3-Jul-12,78.34,79.50,78.26,79.43,194440
2-Jul-12,79.47,79.66,78.00,78.50,849702
29-Jun-12,78.23,79.56,78.23,79.47,1172131
28-Jun-12,77.64,78.09,75.84,76.89,702124
27-Jun-12,78.13,78.66,77.34,78.14,1082255
26-Jun-12,79.64,79.66,77.45,77.83,935196
25-Jun-12,80.26,80.60,79.30,79.52,1272197
22-Jun-12,80.49,81.44,80.40,81.09,1527539
21-Jun-12,82.56,83.11,79.98,80.04,767382
20-Jun-12,82.54,82.93,81.36,82.35,662606
19-Jun-12,81.33,82.79,81.33,82.38,554881
18-Jun-12,79.90,81.55,79.90,81.28,544409
15-Jun-12,80.79,80.84,80.24,80.56,1191683
14-Jun-12,79.70,80.51,79.22,80.32,702243
13-Jun-12,79.00,80.05,79.00,79.50,835874
12-Jun-12,78.40,79.48,78.15,79.38,595839
11-Jun-12,79.40,79.67,78.14,78.26,800440
8-Jun-12,77.88,78.98,77.55,78.78,623298
7-Jun-12,79.64,80.16,78.24,78.35,1004480
6-Jun-12,77.60,78.83,77.39,78.83,989184
5-Jun-12,75.87,77.42,75.57,76.97,805503
4-Jun-12,77.15,77.16,75.23,76.15,1106998
1-Jun-12,78.33,78.61,76.69,77.07,1534220
31-May-12,80.84,80.89,79.44,79.78,1398914
30-May-12,81.75,81.76,80.41,80.80,1358724
29-May-12,82.66,83.70,82.32,82.47,950311
25-May-12,81.89,82.99,81.67,82.10,761255
24-May-12,82.34,83.13,81.64,82.25,736159
23-May-12,82.12,82.51,80.54,82.09,1126666
22-May-12,82.89,84.15,82.22,82.77,1108983
21-May-12,81.99,82.82,81.35,82.55,1224947
18-May-12,83.02,83.26,80.57,80.81,855526
17-May-12,83.50,84.53,82.43,82.52,1193887
16-May-12,83.62,84.79,83.18,83.18,777191
15-May-12,83.85,84.26,83.01,83.12,565764
14-May-12,83.83,84.40,82.84,83.84,710780
11-May-12,83.86,85.14,83.60,84.82,647041
10-May-12,84.94,85.28,83.93,84.29,468071
9-May-12,83.49,85.03,82.94,84.35,979979
8-May-12,83.06,84.71,82.70,84.50,1055806
7-May-12,83.14,84.42,82.91,83.78,752166
4-May-12,83.38,83.70,81.96,83.51,1148976
3-May-12,84.00,84.00,82.95,83.52,679699
2-May-12,83.65,83.91,83.22,83.82,1009174
1-May-12,83.94,85.24,83.08,83.92,882260
30-Apr-12,83.42,84.30,83.10,84.11,1068990
27-Apr-12,84.68,84.91,83.36,83.82,1122199
26-Apr-12,83.15,84.60,82.95,84.30,1094954
25-Apr-12,82.71,83.47,82.23,83.27,1334968
24-Apr-12,79.56,82.73,78.00,81.80,4300707
23-Apr-12,86.34,88.53,86.34,88.34,1005957
20-Apr-12,88.33,89.47,88.17,88.75,701634
19-Apr-12,88.38,89.19,87.40,88.04,776910
18-Apr-12,88.18,89.18,87.85,88.19,549507
17-Apr-12,87.44,88.97,87.44,88.56,595389
16-Apr-12,88.04,88.28,86.62,86.95,519603
13-Apr-12,89.06,89.28,87.45,87.56,356143
12-Apr-12,88.15,89.72,88.05,89.28,428373
11-Apr-12,88.76,89.63,87.95,88.15,366604
10-Apr-12,89.77,90.36,87.03,87.44,759492
9-Apr-12,90.37,90.47,89.60,90.08,582111
5-Apr-12,91.32,92.03,91.32,91.93,376107
4-Apr-12,92.99,93.27,91.56,91.76,444304
3-Apr-12,94.00,94.38,93.32,93.89,505323
2-Apr-12,92.69,94.47,92.44,93.99,585349
30-Mar-12,92.28,92.96,91.91,92.66,520330
29-Mar-12,92.43,92.52,91.34,91.81,470790
28-Mar-12,93.30,93.73,92.11,92.86,368668
27-Mar-12,94.23,94.42,92.96,93.11,510650
26-Mar-12,91.70,94.10,91.70,94.03,939255
23-Mar-12,91.25,91.55,90.18,90.89,584944
22-Mar-12,91.24,91.99,90.23,91.21,547511
21-Mar-12,92.81,92.88,92.27,92.38,378742
20-Mar-12,92.04,93.17,91.77,92.88,578199
19-Mar-12,92.96,93.01,92.24,92.58,466522
16-Mar-12,93.17,93.42,92.50,92.96,553107
15-Mar-12,92.08,93.18,91.90,93.13,389363
14-Mar-12,92.14,92.86,91.96,92.18,547831
13-Mar-12,91.15,92.47,91.15,92.27,450316
12-Mar-12,90.40,91.12,90.14,90.51,397591
9-Mar-12,89.76,91.71,89.57,90.98,748736
8-Mar-12,88.47,90.00,87.72,89.86,824401
7-Mar-12,87.28,88.14,87.03,87.88,888609
6-Mar-12,88.17,88.58,87.03,87.32,964310
5-Mar-12,89.21,89.54,88.34,88.92,522964
2-Mar-12,90.05,90.56,89.22,89.34,572579
1-Mar-12,89.58,90.58,89.30,90.30,1534732
29-Feb-12,89.86,90.59,88.59,89.60,3247607
28-Feb-12,89.64,91.09,88.50,89.90,1058778
27-Feb-12,87.68,89.61,87.21,88.98,498725
24-Feb-12,88.29,89.25,88.02,88.56,492740
23-Feb-12,88.17,88.43,87.17,88.11,451108
22-Feb-12,87.45,88.57,86.91,88.12,593785
21-Feb-12,89.00,89.15,87.26,87.44,426318
17-Feb-12,89.46,89.71,88.53,88.63,552298
16-Feb-12,87.91,89.54,87.12,89.10,998625
15-Feb-12,88.70,89.17,87.62,87.92,495157
14-Feb-12,87.64,88.88,87.64,88.51,545486
13-Feb-12,88.37,88.57,87.89,88.14,364392
10-Feb-12,87.67,87.84,86.73,87.80,392960
9-Feb-12,88.75,88.75,86.94,88.34,455862
8-Feb-12,88.78,89.23,87.65,88.56,701495
7-Feb-12,88.81,89.30,88.58,88.83,488720
6-Feb-12,89.00,89.58,88.65,89.26,357011
3-Feb-12,89.61,90.10,89.16,89.49,439527
2-Feb-12,88.28,89.05,88.17,88.78,557495
1-Feb-12,87.10,88.63,87.10,88.33,681581
31-Jan-12,86.66,87.50,86.13,86.57,733159
30-Jan-12,86.01,86.50,85.42,86.27,638868
27-Jan-12,86.47,87.72,86.00,86.82,910826
26-Jan-12,87.95,88.00,86.40,86.95,1216617
25-Jan-12,86.35,88.54,85.75,87.91,2225983
24-Jan-12,78.34,86.99,77.99,85.04,3632767
23-Jan-12,80.09,80.79,78.06,78.76,1362131
20-Jan-12,79.19,79.19,76.81,77.99,1023418
19-Jan-12,76.35,79.71,75.92,79.38,1389087
18-Jan-12,75.97,77.80,75.47,76.29,1378180
17-Jan-12,77.03,78.45,76.91,77.78,819307
13-Jan-12,76.06,76.06,76.06,76.06,0
12-Jan-12,75.61,76.87,75.20,76.71,818144
11-Jan-12,73.69,75.44,72.98,75.39,1493220
10-Jan-12,75.16,75.49,73.53,74.14,2167863
9-Jan-12,74.41,74.61,73.40,74.27,953780
6-Jan-12,74.01,74.56,73.42,74.15,2158821
5-Jan-12,74.32,74.35,73.19,73.71,750007
4-Jan-12,75.79,75.86,73.94,74.45,643832
3-Jan-12,76.06,76.82,75.37,75.94,736644
30-Dec-11,74.05,74.05,74.05,74.05,0
29-Dec-11,73.52,74.37,73.28,74.14,369363
28-Dec-11,74.64,74.71,73.05,73.26,364622
27-Dec-11,74.43,75.27,74.01,74.62,264567
23-Dec-11,74.59,74.59,74.59,74.59,0
22-Dec-11,73.72,75.02,73.47,74.52,316780
21-Dec-11,73.95,74.43,72.67,73.73,396201
20-Dec-11,72.93,74.26,72.93,74.11,604731
19-Dec-11,71.65,73.12,71.46,71.72,690997
16-Dec-11,72.59,72.90,70.88,71.61,1060998
15-Dec-11,72.64,73.19,71.78,71.93,843885
14-Dec-11,72.22,72.38,71.10,71.84,1149884
13-Dec-11,73.84,74.21,71.94,72.45,891690
12-Dec-11,74.10,74.82,72.16,73.54,1261386
9-Dec-11,75.82,75.94,74.20,74.82,1383166
8-Dec-11,78.65,78.96,75.33,75.56,1197435
7-Dec-11,79.99,79.99,78.38,79.15,597959
6-Dec-11,80.00,80.57,79.36,80.17,432113
5-Dec-11,81.17,81.99,79.80,80.05,703902
2-Dec-11,80.92,81.67,79.58,79.88,589330
1-Dec-11,79.67,81.06,79.42,79.95,583780
30-Nov-11,77.30,80.70,77.30,80.00,1115878
29-Nov-11,75.56,76.19,74.78,75.18,559013
28-Nov-11,74.67,76.40,74.51,75.16,516589
25-Nov-11,72.37,73.49,72.37,72.55,244295
23-Nov-11,72.78,72.78,72.78,72.78,0
22-Nov-11,74.29,75.67,74.08,74.67,631373
21-Nov-11,73.59,74.83,72.06,74.35,1040853
18-Nov-11,77.22,77.22,74.48,74.77,1317638
17-Nov-11,78.36,78.41,75.52,76.17,978274
16-Nov-11,78.01,79.72,77.40,78.66,864950
15-Nov-11,79.37,80.32,78.75,79.24,724592
14-Nov-11,79.52,80.56,78.73,79.46,424216
11-Nov-11,79.10,80.21,79.10,80.03,402351
10-Nov-11,78.43,78.84,77.48,77.93,415730
9-Nov-11,79.49,79.87,76.99,77.48,592263
8-Nov-11,79.57,81.59,79.34,81.50,495399
7-Nov-11,78.50,79.50,77.78,79.40,569331
4-Nov-11,79.03,79.32,77.77,78.55,483147
3-Nov-11,78.58,79.99,77.84,79.67,568233
2-Nov-11,78.07,78.15,76.60,77.46,716275
1-Nov-11,77.72,79.44,76.73,76.85,1236025
31-Oct-11,81.41,81.65,79.94,80.12,855992
28-Oct-11,80.75,82.45,80.34,82.22,826236
27-Oct-11,79.26,81.51,77.99,80.95,1138244
26-Oct-11,78.63,79.44,75.84,77.02,2016685
25-Oct-11,79.30,83.29,78.32,78.90,1782273
24-Oct-11,80.63,83.68,80.39,83.14,1102923
21-Oct-11,78.86,80.87,78.65,80.59,1012666
20-Oct-11,76.02,77.84,75.23,77.72,842781
19-Oct-11,76.71,77.10,74.94,76.01,1198169
18-Oct-11,75.19,77.05,73.34,76.66,1512565
17-Oct-11,77.03,77.05,75.04,75.22,757362
14-Oct-11,77.68,78.07,76.84,77.25,681105
13-Oct-11,77.09,77.09,74.97,75.96,739142
12-Oct-11,78.65,79.16,77.29,77.33,821617
11-Oct-11,75.52,78.54,75.35,78.23,838266
10-Oct-11,73.95,76.51,73.94,75.91,1227747
7-Oct-11,76.15,76.99,72.69,72.78,3694769
6-Oct-11,76.99,79.15,76.49,79.10,1000412
5-Oct-11,75.20,77.18,74.00,77.00,877723
4-Oct-11,72.79,75.49,72.43,75.43,1879630
3-Oct-11,75.00,75.47,72.82,73.86,1696516
30-Sep-11,76.59,77.11,75.34,75.49,1051983
