Date,Open,High,Low,Close,Volume
27-Sep-12,56.72,56.72,55.88,56.28,837054
26-Sep-12,57.07,57.07,55.41,56.24,645171
25-Sep-12,59.15,59.19,56.91,57.00,811046
24-Sep-12,60.73,60.82,58.77,59.02,538090
21-Sep-12,62.18,62.38,60.94,60.94,580930
20-Sep-12,61.87,62.21,61.65,62.03,318589
19-Sep-12,61.58,62.68,61.21,62.49,1049929
18-Sep-12,61.75,62.03,61.00,61.52,224388
17-Sep-12,62.95,63.27,61.37,61.85,421280
14-Sep-12,62.33,64.17,61.65,63.47,574367
13-Sep-12,61.04,63.03,60.21,61.73,457498
12-Sep-12,60.97,61.70,60.69,61.03,412188
11-Sep-12,59.61,60.97,59.30,60.74,589324
10-Sep-12,59.18,60.19,59.18,59.78,468439
7-Sep-12,58.78,60.00,58.40,59.49,502963
6-Sep-12,57.95,60.02,57.90,58.59,891576
5-Sep-12,58.54,58.54,57.19,57.56,200618
4-Sep-12,57.23,58.36,56.34,58.33,440373
31-Aug-12,58.30,58.45,57.24,57.78,757833
30-Aug-12,58.11,58.76,57.67,57.78,353594
29-Aug-12,59.58,59.84,58.57,58.84,510098
28-Aug-12,59.02,60.03,58.56,59.85,546731
27-Aug-12,60.07,60.18,58.48,59.02,609847
24-Aug-12,59.11,60.08,58.82,59.76,270789
23-Aug-12,59.00,59.66,58.81,59.35,360393
22-Aug-12,60.18,60.31,58.39,59.09,459757
21-Aug-12,60.77,61.45,60.18,60.31,373343
20-Aug-12,60.93,60.96,59.86,60.31,333400
17-Aug-12,60.25,61.58,60.25,60.99,98215
16-Aug-12,59.12,60.45,59.12,60.15,81477
15-Aug-12,58.75,59.53,58.75,59.30,73864
14-Aug-12,59.99,59.99,58.77,58.99,128361
13-Aug-12,59.76,59.76,58.64,59.64,77211
10-Aug-12,60.41,60.48,59.71,60.00,100493
9-Aug-12,60.72,61.51,60.56,60.83,79639
8-Aug-12,60.65,60.96,60.28,60.71,281142
7-Aug-12,59.38,61.74,59.26,61.08,203178
6-Aug-12,57.60,59.17,57.17,58.76,187915
3-Aug-12,55.59,57.56,55.55,57.24,151577
2-Aug-12,54.31,55.14,53.99,54.23,394736
1-Aug-12,56.22,56.26,54.99,54.99,399971
31-Jul-12,55.68,56.28,55.49,55.71,430713
30-Jul-12,55.38,55.99,54.93,55.92,631903
27-Jul-12,54.27,56.39,54.10,56.01,493599
26-Jul-12,53.01,54.32,52.98,54.07,507469
25-Jul-12,52.40,52.88,51.76,52.31,710840
24-Jul-12,54.58,54.58,52.28,52.57,669246
23-Jul-12,53.11,54.72,52.79,54.27,681178
20-Jul-12,55.72,55.72,54.22,54.50,1151531
19-Jul-12,49.84,56.56,48.20,56.07,2468674
18-Jul-12,54.71,57.12,54.42,57.00,983212
17-Jul-12,54.43,55.14,53.76,54.87,817292
16-Jul-12,57.06,57.33,53.66,54.00,1243252
13-Jul-12,56.66,57.89,56.09,57.74,537511
12-Jul-12,54.77,56.99,54.48,56.44,808497
11-Jul-12,56.58,56.89,54.89,55.43,765371
10-Jul-12,58.96,59.26,56.30,56.66,440917
9-Jul-12,58.87,58.87,57.67,58.34,355210
6-Jul-12,60.21,60.27,58.74,59.17,597231
5-Jul-12,59.83,61.37,58.44,60.97,760100
3-Jul-12,58.24,60.59,58.05,60.50,329189
2-Jul-12,57.63,58.12,56.68,58.07,492673
29-Jun-12,56.55,57.74,56.35,57.55,966100
28-Jun-12,53.86,55.37,53.86,55.33,644363
27-Jun-12,54.93,54.96,54.06,54.41,350859
26-Jun-12,54.04,54.97,53.80,54.63,716236
25-Jun-12,55.19,55.30,53.53,53.92,521501
22-Jun-12,55.55,56.58,55.11,56.10,1174452
21-Jun-12,57.79,57.89,54.90,55.09,704567
20-Jun-12,56.41,57.72,55.54,57.49,1103203
19-Jun-12,54.84,56.85,54.84,56.63,1414215
18-Jun-12,52.89,55.34,52.29,54.75,1290335
15-Jun-12,54.04,54.69,52.67,53.33,1236955
14-Jun-12,54.33,54.90,53.84,53.97,914154
13-Jun-12,56.06,56.19,53.59,53.99,938210
12-Jun-12,56.11,56.53,55.17,56.26,438056
11-Jun-12,58.83,58.95,55.97,56.09,486046
8-Jun-12,57.70,58.20,56.66,58.04,354603
7-Jun-12,58.38,59.27,57.39,57.72,608754
6-Jun-12,56.17,57.64,56.10,57.44,684231
5-Jun-12,54.60,56.13,53.87,55.92,1118366
4-Jun-12,56.03,56.16,54.35,55.06,558641
1-Jun-12,57.85,57.85,55.70,55.79,880995
31-May-12,60.71,60.95,58.15,59.49,579365
30-May-12,61.67,61.67,60.34,60.86,481049
29-May-12,61.68,62.51,61.08,62.33,534821
25-May-12,61.67,61.67,60.72,60.97,538767
24-May-12,61.52,62.02,61.09,61.82,655766
23-May-12,59.76,61.85,59.48,61.58,823931
22-May-12,58.86,61.04,58.62,60.23,912500
21-May-12,56.68,59.06,56.50,58.77,552705
18-May-12,56.86,57.77,56.09,56.34,675664
17-May-12,58.93,58.94,56.43,56.64,899172
16-May-12,59.92,61.01,58.52,58.73,712139
15-May-12,60.03,60.92,59.49,59.76,558121
14-May-12,60.29,60.47,59.26,60.02,697956
11-May-12,61.45,62.18,60.70,61.12,965228
10-May-12,62.97,63.61,61.96,62.18,502530
9-May-12,62.36,62.83,61.48,62.22,838427
8-May-12,63.61,63.86,61.72,63.26,738819
7-May-12,64.71,65.28,63.92,64.13,484098
4-May-12,65.10,66.46,63.67,64.90,601568
3-May-12,67.72,68.19,65.21,65.54,681738
2-May-12,66.45,67.80,65.93,67.60,665311
1-May-12,66.05,68.00,65.90,66.84,379608
30-Apr-12,67.45,67.60,66.20,66.39,257137
27-Apr-12,67.64,67.93,67.10,67.43,508631
26-Apr-12,66.39,67.72,66.26,67.55,622789
25-Apr-12,66.04,66.91,65.61,66.56,1207241
24-Apr-12,65.47,66.07,64.92,65.45,598135
23-Apr-12,64.79,65.16,64.21,65.16,600125
20-Apr-12,65.62,66.59,65.31,65.89,554378
19-Apr-12,64.86,66.84,64.03,64.95,1580466
18-Apr-12,65.31,66.44,64.90,65.47,655106
17-Apr-12,65.53,66.02,65.01,65.60,550522
16-Apr-12,65.20,66.23,64.47,65.04,547276
13-Apr-12,65.15,65.15,64.13,64.76,953528
12-Apr-12,62.37,65.65,62.11,65.24,1551855
11-Apr-12,61.74,62.21,60.88,61.15,738236
10-Apr-12,62.76,62.89,60.11,60.76,619767
9-Apr-12,63.04,63.46,62.00,62.89,455918
5-Apr-12,64.69,64.92,64.05,64.46,584415
4-Apr-12,64.88,65.01,64.12,64.79,328965
3-Apr-12,66.00,66.00,65.03,65.74,414309
2-Apr-12,65.24,66.29,64.65,66.00,490021
30-Mar-12,65.77,66.19,64.75,65.31,299672
29-Mar-12,65.02,65.48,63.99,65.28,341965
28-Mar-12,66.29,66.29,64.17,65.67,423677
27-Mar-12,65.67,66.45,65.64,66.21,362119
26-Mar-12,65.59,66.04,65.16,65.60,331234
23-Mar-12,64.87,65.20,63.38,65.13,269417
22-Mar-12,65.13,65.13,64.15,64.76,368042
21-Mar-12,66.23,66.27,65.35,65.71,486641
20-Mar-12,66.00,66.21,65.10,65.97,514491
19-Mar-12,66.74,67.20,66.07,66.55,424461
16-Mar-12,67.15,67.28,66.67,67.05,425694
15-Mar-12,66.15,67.34,65.63,67.15,469116
14-Mar-12,66.90,67.33,65.80,66.05,461916
13-Mar-12,66.29,66.99,65.71,66.93,612295
12-Mar-12,65.77,65.98,64.94,65.81,743860
9-Mar-12,64.01,66.07,63.70,65.54,790846
8-Mar-12,63.13,64.45,63.03,63.91,519273
7-Mar-12,62.51,63.45,62.05,62.53,647497
6-Mar-12,61.70,62.86,61.70,62.17,507135
5-Mar-12,63.39,64.06,63.09,63.94,562953
2-Mar-12,63.73,64.49,63.31,63.75,494586
1-Mar-12,63.03,64.24,62.91,64.09,480853
29-Feb-12,63.12,63.50,62.30,62.89,517937
28-Feb-12,65.13,65.18,62.63,62.88,854510
27-Feb-12,64.25,65.43,63.33,65.29,432119
24-Feb-12,63.89,65.07,63.35,64.84,567230
23-Feb-12,65.21,65.32,63.34,64.00,779671
22-Feb-12,65.09,65.69,64.92,65.32,405107
21-Feb-12,66.14,66.65,64.90,65.31,312117
17-Feb-12,64.77,66.15,64.65,66.01,381772
16-Feb-12,64.35,64.50,63.29,64.33,697245
15-Feb-12,64.95,65.59,64.23,64.64,368916
14-Feb-12,64.38,64.60,63.75,64.47,449883
13-Feb-12,64.76,65.76,63.74,64.67,894077
10-Feb-12,65.56,65.65,63.97,64.36,613419
9-Feb-12,66.30,66.50,64.97,66.20,566905
8-Feb-12,65.92,66.36,65.25,65.93,285851
7-Feb-12,66.14,66.63,65.26,65.74,795709
6-Feb-12,66.58,67.22,66.30,66.44,481588
3-Feb-12,64.92,67.33,64.88,67.04,774706
2-Feb-12,64.41,64.47,63.52,64.05,237484
1-Feb-12,63.07,64.91,63.05,64.37,553258
31-Jan-12,63.62,63.90,62.39,62.88,499214
30-Jan-12,63.69,63.81,62.33,63.52,683677
27-Jan-12,63.78,65.31,63.41,64.14,976801
26-Jan-12,62.92,66.01,62.44,63.97,2243049
25-Jan-12,58.59,60.29,57.71,60.21,806117
24-Jan-12,58.39,60.00,58.20,58.71,772168
23-Jan-12,58.06,59.14,57.51,58.72,514524
20-Jan-12,58.51,59.20,57.75,57.88,451707
19-Jan-12,58.11,59.40,57.85,58.66,526092
18-Jan-12,57.85,58.84,57.42,57.90,613983
17-Jan-12,57.91,58.89,57.73,58.12,567751
13-Jan-12,57.33,57.33,57.33,57.33,0
12-Jan-12,57.26,59.08,56.94,58.66,2111689
11-Jan-12,56.40,57.05,56.04,56.61,228770
10-Jan-12,56.63,57.06,55.77,56.56,1030301
9-Jan-12,55.10,55.86,54.58,55.76,544392
6-Jan-12,54.61,55.26,54.38,54.88,890124
5-Jan-12,53.71,54.57,52.67,54.51,344566
4-Jan-12,54.33,54.54,53.00,53.85,1143656
3-Jan-12,54.59,54.60,52.82,54.31,624642
30-Dec-11,53.01,53.01,53.01,53.01,0
29-Dec-11,52.80,53.73,52.32,53.61,241523
28-Dec-11,53.78,53.78,52.16,52.53,246336
27-Dec-11,53.58,54.14,53.36,53.73,137565
23-Dec-11,53.84,53.84,53.84,53.84,0
22-Dec-11,52.54,53.93,52.54,53.70,662338
21-Dec-11,51.58,52.42,50.77,52.35,729930
20-Dec-11,49.93,51.73,49.93,51.65,533063
19-Dec-11,49.65,49.81,48.71,48.92,471587
16-Dec-11,49.41,49.91,48.80,49.23,559014
15-Dec-11,49.50,49.74,48.54,48.83,803053
14-Dec-11,50.16,50.16,48.46,48.60,624400
13-Dec-11,51.61,52.32,49.87,50.52,646344
12-Dec-11,50.63,51.23,50.11,51.14,542398
9-Dec-11,50.80,51.73,50.28,51.53,470986
8-Dec-11,51.25,51.75,50.27,50.42,413885
7-Dec-11,51.69,52.30,50.95,51.94,304168
6-Dec-11,51.75,52.47,51.36,52.18,416662
5-Dec-11,53.02,53.12,51.43,51.89,593474
2-Dec-11,51.65,52.41,51.65,51.87,622921
1-Dec-11,50.95,52.00,50.60,51.22,658001
30-Nov-11,49.01,50.97,46.20,50.96,1004288
29-Nov-11,47.82,48.35,46.96,47.09,527139
28-Nov-11,47.37,47.86,46.91,47.77,419748
25-Nov-11,45.12,46.12,44.77,45.52,253526
23-Nov-11,45.34,45.34,45.34,45.34,0
22-Nov-11,48.10,48.23,46.71,46.87,868305
21-Nov-11,47.83,49.21,47.37,48.38,645232
18-Nov-11,49.11,49.40,48.65,48.86,327372
17-Nov-11,50.02,50.42,48.52,48.95,545236
16-Nov-11,48.96,51.30,48.74,50.17,812498
15-Nov-11,49.25,50.01,48.39,49.40,697850
14-Nov-11,50.07,50.69,48.82,49.67,1050789
11-Nov-11,49.63,50.93,49.61,50.49,491791
10-Nov-11,48.84,49.50,47.87,48.85,690450
9-Nov-11,47.96,49.49,47.39,47.83,691609
8-Nov-11,49.56,50.30,48.51,49.68,546895
7-Nov-11,49.70,49.94,48.12,49.42,334191
4-Nov-11,49.06,50.35,48.50,49.74,789425
3-Nov-11,48.25,49.68,47.62,49.36,756359
2-Nov-11,47.76,47.90,46.68,47.49,437851
1-Nov-11,45.98,47.95,45.58,46.72,778007
31-Oct-11,47.99,49.52,47.42,48.46,1115491
28-Oct-11,49.95,50.18,49.00,49.61,518885
27-Oct-11,49.13,50.74,48.55,50.00,5041051
26-Oct-11,47.38,47.53,45.68,47.13,611007
25-Oct-11,47.27,47.96,45.43,46.50,861509
24-Oct-11,45.23,47.66,45.18,47.61,941616
21-Oct-11,44.51,45.23,43.70,44.91,977592
20-Oct-11,42.14,44.04,41.00,43.67,2322370
19-Oct-11,41.00,41.84,40.62,40.80,1414060
18-Oct-11,40.21,41.72,39.82,41.37,1100755
17-Oct-11,40.53,40.63,39.54,39.97,769999
14-Oct-11,40.56,41.46,40.00,40.75,554813
13-Oct-11,39.30,39.63,38.50,39.45,560915
12-Oct-11,38.87,40.52,38.62,39.63,681080
11-Oct-11,37.18,38.71,37.18,38.45,498491
10-Oct-11,36.46,37.75,36.46,37.73,426496
7-Oct-11,36.12,36.55,35.26,35.59,884412
6-Oct-11,34.96,36.29,34.58,35.90,798576
5-Oct-11,33.63,35.74,33.30,35.29,674999
4-Oct-11,31.45,33.50,31.08,33.47,1142747
3-Oct-11,33.15,33.68,32.02,32.09,938944
30-Sep-11,34.88,35.17,33.51,33.55,946552
