Date,Open,High,Low,Close,Volume
27-Sep-12,15.31,15.70,15.12,15.58,104193
26-Sep-12,15.37,15.68,15.18,15.30,74944
25-Sep-12,15.84,16.07,15.35,15.35,75509
24-Sep-12,15.73,16.08,15.71,15.80,36579
21-Sep-12,16.14,16.26,15.65,15.93,150608
20-Sep-12,15.40,16.23,15.30,15.98,149841
19-Sep-12,15.08,15.59,15.03,15.48,115780
18-Sep-12,14.45,15.12,14.45,15.00,63473
17-Sep-12,14.70,14.76,14.44,14.51,62712
14-Sep-12,14.30,15.08,14.30,14.95,66232
13-Sep-12,13.90,14.26,13.90,14.19,84430
12-Sep-12,13.95,14.10,13.76,13.95,85540
11-Sep-12,13.81,14.00,13.81,13.95,14854
10-Sep-12,14.00,14.05,13.73,13.76,51281
7-Sep-12,13.65,14.00,13.65,13.94,153723
6-Sep-12,13.33,13.73,13.25,13.60,74590
5-Sep-12,13.07,13.32,12.97,13.29,32478
4-Sep-12,13.15,13.24,12.93,12.97,52353
31-Aug-12,13.05,13.22,12.97,13.22,45099
30-Aug-12,12.90,13.04,12.85,13.00,72943
29-Aug-12,12.94,12.94,12.88,12.92,33703
28-Aug-12,12.70,12.94,12.70,12.91,101078
27-Aug-12,12.62,12.90,12.62,12.72,32985
24-Aug-12,12.27,12.76,12.27,12.60,35050
23-Aug-12,12.51,12.57,12.25,12.25,10683
22-Aug-12,12.43,12.62,12.33,12.47,13511
21-Aug-12,12.40,12.76,12.40,12.46,14959
20-Aug-12,12.11,12.43,12.09,12.36,14772
17-Aug-12,12.06,12.27,12.03,12.26,11166
16-Aug-12,12.29,12.29,12.00,12.08,20689
15-Aug-12,12.02,12.29,11.95,12.29,13536
14-Aug-12,11.99,12.41,11.91,12.26,8692
13-Aug-12,12.02,12.20,11.78,11.82,4913
10-Aug-12,12.31,12.31,12.00,12.00,10719
9-Aug-12,12.27,12.55,12.27,12.32,5251
8-Aug-12,12.67,12.67,12.31,12.34,10058
7-Aug-12,12.63,12.79,12.53,12.79,20119
6-Aug-12,12.53,12.78,12.34,12.58,43572
3-Aug-12,12.27,12.58,12.27,12.53,12724
2-Aug-12,12.14,12.22,12.09,12.15,16499
1-Aug-12,12.64,12.64,12.11,12.16,78022
31-Jul-12,12.62,12.68,12.54,12.64,22963
30-Jul-12,12.79,12.80,12.54,12.61,20791
27-Jul-12,12.52,12.90,12.44,12.82,42128
26-Jul-12,12.51,12.51,12.37,12.46,12938
25-Jul-12,12.55,12.60,12.16,12.38,71652
24-Jul-12,12.59,12.72,12.35,12.44,60722
23-Jul-12,12.43,12.62,12.34,12.53,33447
20-Jul-12,12.35,12.56,12.28,12.50,26805
19-Jul-12,12.73,12.75,12.45,12.47,21877
18-Jul-12,12.94,13.00,12.50,12.63,390197
17-Jul-12,12.88,13.04,12.81,12.94,31184
16-Jul-12,12.84,12.84,12.67,12.80,46721
13-Jul-12,12.80,13.03,12.79,13.03,28885
12-Jul-12,12.83,12.91,12.73,12.83,17513
11-Jul-12,12.66,12.95,12.66,12.86,26716
10-Jul-12,12.85,12.85,12.67,12.68,8361
9-Jul-12,12.76,12.85,12.74,12.82,10546
6-Jul-12,12.56,12.83,12.48,12.73,8956
5-Jul-12,12.84,12.84,12.53,12.68,6050
3-Jul-12,12.48,12.86,12.40,12.86,9364
2-Jul-12,12.85,12.85,12.30,12.54,81486
29-Jun-12,12.60,12.85,12.45,12.85,103211
28-Jun-12,12.50,12.57,12.37,12.57,25180
27-Jun-12,12.48,12.75,12.25,12.58,38475
26-Jun-12,12.26,12.46,12.26,12.42,10405
25-Jun-12,12.33,12.46,12.25,12.28,18932
22-Jun-12,12.40,12.54,12.30,12.54,418595
21-Jun-12,12.26,12.44,12.18,12.39,30379
20-Jun-12,12.10,12.35,11.97,12.30,31065
19-Jun-12,11.99,12.46,11.92,12.28,48280
18-Jun-12,12.07,12.07,11.75,11.93,80058
15-Jun-12,11.96,12.21,11.75,12.09,67356
14-Jun-12,12.03,12.08,11.83,11.98,50463
13-Jun-12,12.02,12.36,11.83,12.01,37312
12-Jun-12,11.81,12.00,11.51,11.97,33323
11-Jun-12,12.19,12.22,11.66,11.73,38968
8-Jun-12,11.28,12.10,11.26,12.06,49368
7-Jun-12,11.22,11.30,11.14,11.26,22553
6-Jun-12,11.03,11.17,10.98,11.08,26365
5-Jun-12,10.86,11.08,10.86,10.99,32368
4-Jun-12,11.07,11.07,10.85,10.90,34149
1-Jun-12,11.56,11.66,11.05,11.07,45303
31-May-12,11.76,11.81,11.50,11.73,82449
30-May-12,11.91,11.94,11.76,11.81,20370
29-May-12,12.11,12.14,11.90,11.97,9302
25-May-12,11.95,12.14,11.95,11.99,38808
24-May-12,11.94,12.02,11.79,11.94,16231
23-May-12,11.79,12.02,11.74,11.96,11464
22-May-12,11.78,12.16,11.71,11.87,26672
21-May-12,11.86,11.96,11.61,11.91,35870
18-May-12,12.00,12.15,11.66,11.78,27120
17-May-12,12.17,12.23,12.00,12.04,34319
16-May-12,12.40,12.47,12.07,12.12,30507
15-May-12,12.30,12.50,12.18,12.47,35014
14-May-12,12.28,12.42,12.21,12.35,70880
11-May-12,12.38,12.47,12.29,12.40,83871
10-May-12,12.67,12.67,12.38,12.41,116190
9-May-12,12.63,12.77,12.50,12.62,64296
8-May-12,12.88,13.09,12.88,12.96,42398
7-May-12,13.20,13.20,12.97,13.00,45385
4-May-12,13.04,13.20,12.89,13.16,80257
3-May-12,12.83,13.15,12.75,13.11,43909
2-May-12,12.79,12.84,12.69,12.84,18496
1-May-12,12.96,13.03,12.77,12.87,48718
30-Apr-12,12.84,13.05,12.82,13.05,102456
27-Apr-12,12.86,12.96,12.77,12.89,19616
26-Apr-12,12.85,12.95,12.78,12.86,22554
25-Apr-12,13.00,13.05,12.78,12.87,31745
24-Apr-12,12.92,13.00,12.91,13.00,29894
23-Apr-12,12.77,12.95,12.62,12.94,36918
20-Apr-12,13.00,13.00,12.68,12.98,82381
19-Apr-12,12.83,13.00,12.68,12.99,45245
18-Apr-12,12.97,12.97,12.84,12.85,14453
17-Apr-12,13.02,13.14,13.00,13.08,31399
16-Apr-12,12.85,12.94,12.85,12.93,18597
13-Apr-12,12.96,12.98,12.83,12.88,17111
12-Apr-12,12.93,13.10,12.93,13.06,43537
11-Apr-12,12.88,12.99,12.64,12.99,35994
10-Apr-12,13.01,13.01,12.68,12.72,40501
9-Apr-12,13.01,13.13,12.95,12.98,32183
5-Apr-12,12.99,13.28,12.98,13.27,78884
4-Apr-12,12.78,13.12,12.56,13.09,47570
3-Apr-12,12.83,13.09,12.64,12.90,69744
2-Apr-12,12.61,12.78,12.38,12.75,153176
30-Mar-12,12.36,12.75,12.15,12.60,62931
29-Mar-12,12.47,12.59,12.25,12.35,350422
28-Mar-12,12.73,12.75,12.38,12.57,69453
27-Mar-12,12.95,13.05,12.61,12.74,40056
26-Mar-12,12.69,13.04,12.56,12.89,83723
23-Mar-12,12.58,12.59,12.39,12.52,30693
22-Mar-12,12.58,12.67,12.46,12.55,41185
21-Mar-12,12.91,12.98,12.69,12.72,50048
20-Mar-12,12.90,13.02,12.71,12.85,44894
19-Mar-12,13.16,13.16,12.90,13.03,54120
16-Mar-12,12.85,13.27,12.81,13.08,55977
15-Mar-12,12.41,13.08,12.41,12.90,37213
14-Mar-12,12.92,12.95,12.57,12.57,38564
13-Mar-12,12.85,12.97,12.64,12.97,44026
12-Mar-12,12.71,12.89,12.66,12.71,36717
9-Mar-12,12.49,12.86,12.38,12.71,43724
8-Mar-12,12.26,12.86,12.25,12.55,80113
7-Mar-12,11.54,12.14,11.45,12.14,71895
6-Mar-12,11.76,11.76,11.40,11.48,71786
5-Mar-12,11.35,11.83,11.35,11.83,13672
2-Mar-12,11.99,11.99,11.08,11.43,53537
1-Mar-12,12.44,12.44,11.93,11.97,46186
29-Feb-12,12.82,12.82,12.22,12.45,47278
28-Feb-12,12.65,12.90,12.65,12.80,16568
27-Feb-12,12.67,12.69,12.55,12.68,2948
24-Feb-12,12.63,12.82,12.50,12.73,10675
23-Feb-12,11.79,12.77,11.76,12.61,76972
22-Feb-12,12.21,12.25,11.75,11.75,31173
21-Feb-12,12.54,12.54,12.26,12.26,7504
17-Feb-12,12.58,12.64,12.27,12.47,18294
16-Feb-12,12.52,12.63,12.48,12.54,53971
15-Feb-12,12.54,12.70,12.42,12.46,55735
14-Feb-12,12.35,12.75,12.25,12.61,17425
13-Feb-12,12.49,12.49,12.31,12.45,17198
10-Feb-12,12.25,12.40,12.25,12.38,21628
9-Feb-12,12.27,12.36,12.25,12.25,20311
8-Feb-12,12.24,12.38,12.13,12.31,27904
7-Feb-12,12.20,12.29,12.14,12.26,9498
6-Feb-12,12.00,12.18,11.85,12.15,11590
3-Feb-12,12.06,12.28,11.94,12.07,65221
2-Feb-12,12.01,12.07,11.80,11.84,164370
1-Feb-12,11.92,12.08,11.81,11.99,67866
31-Jan-12,12.04,12.09,11.78,11.88,35530
30-Jan-12,11.73,11.96,11.71,11.93,24985
27-Jan-12,11.85,12.03,11.85,11.90,18395
26-Jan-12,12.06,12.06,11.80,11.84,24685
25-Jan-12,11.87,12.09,11.87,12.04,21811
24-Jan-12,11.80,12.10,11.80,11.93,16154
23-Jan-12,11.86,11.98,11.80,11.86,7372
20-Jan-12,11.89,12.12,11.80,11.86,29736
19-Jan-12,12.11,12.11,11.88,11.88,63509
18-Jan-12,12.00,12.15,11.99,12.07,41260
17-Jan-12,12.30,12.50,12.02,12.08,28705
13-Jan-12,12.26,12.26,12.26,12.26,0
12-Jan-12,12.37,12.37,12.17,12.37,15490
11-Jan-12,11.91,12.51,11.72,12.38,32247
10-Jan-12,12.00,12.00,11.83,12.00,32199
9-Jan-12,11.83,12.00,11.83,12.00,21826
6-Jan-12,11.86,12.13,11.70,11.74,26898
5-Jan-12,11.93,11.93,11.61,11.85,26232
4-Jan-12,12.16,12.16,11.93,12.04,29644
3-Jan-12,12.40,12.74,12.12,12.25,66494
30-Dec-11,12.56,12.56,12.56,12.56,0
29-Dec-11,12.23,12.38,11.76,12.14,62696
28-Dec-11,12.46,12.55,12.21,12.23,33570
27-Dec-11,12.42,12.57,12.11,12.47,21308
23-Dec-11,12.45,12.45,12.45,12.45,0
22-Dec-11,12.65,13.05,12.07,12.60,45101
21-Dec-11,12.19,12.76,12.19,12.60,29448
20-Dec-11,12.11,12.33,11.96,12.30,57539
19-Dec-11,12.02,12.04,11.79,11.91,27899
16-Dec-11,12.09,12.10,11.76,12.00,57594
15-Dec-11,12.09,12.12,11.65,11.98,22612
14-Dec-11,11.58,12.15,11.50,12.05,21926
13-Dec-11,11.97,12.02,11.65,11.68,18386
12-Dec-11,12.06,12.06,11.78,11.89,22036
9-Dec-11,12.20,12.42,12.07,12.20,47549
8-Dec-11,12.05,12.45,11.93,12.18,38679
7-Dec-11,11.77,12.29,11.77,11.97,30565
6-Dec-11,12.42,12.54,11.64,11.83,93633
5-Dec-11,12.43,12.55,12.17,12.49,44238
2-Dec-11,12.40,12.40,12.04,12.32,8475
1-Dec-11,12.60,12.66,12.06,12.16,42537
30-Nov-11,12.04,12.74,11.99,12.70,110366
29-Nov-11,11.63,11.75,11.30,11.75,27497
28-Nov-11,11.53,11.72,11.53,11.57,20795
25-Nov-11,11.39,11.46,11.20,11.34,14853
23-Nov-11,11.45,11.45,11.45,11.45,0
22-Nov-11,12.05,12.32,11.92,11.99,17938
21-Nov-11,12.33,12.46,11.98,12.05,23910
18-Nov-11,12.47,12.59,12.20,12.55,21085
17-Nov-11,12.71,13.00,12.34,12.50,31349
16-Nov-11,12.59,13.21,12.59,12.73,60733
15-Nov-11,12.35,12.71,12.22,12.71,13125
14-Nov-11,12.76,12.76,12.22,12.39,14940
11-Nov-11,12.20,12.80,12.14,12.77,20717
10-Nov-11,12.60,12.60,11.78,12.05,14789
9-Nov-11,12.70,12.80,12.26,12.43,23447
8-Nov-11,12.74,13.01,12.65,12.97,11719
7-Nov-11,12.75,12.76,12.29,12.66,11479
4-Nov-11,13.08,13.08,12.67,12.70,13108
3-Nov-11,12.82,13.20,12.82,13.18,21358
2-Nov-11,12.45,12.94,12.45,12.78,22681
1-Nov-11,12.27,12.55,12.20,12.31,27261
31-Oct-11,12.69,13.01,12.63,12.70,35628
28-Oct-11,13.69,13.79,12.77,12.84,53721
27-Oct-11,13.38,13.79,13.27,13.73,59501
26-Oct-11,13.23,13.52,12.92,13.00,47557
25-Oct-11,13.05,13.64,12.99,13.06,35791
24-Oct-11,12.75,13.36,12.73,13.18,59277
21-Oct-11,12.10,13.39,12.04,12.70,150035
20-Oct-11,12.11,12.11,11.66,11.96,8962
19-Oct-11,12.35,12.35,12.01,12.02,10175
18-Oct-11,12.28,12.48,12.20,12.39,28320
17-Oct-11,12.54,12.60,12.21,12.27,23564
14-Oct-11,12.73,12.73,12.42,12.65,33634
13-Oct-11,12.44,12.74,12.44,12.59,48319
12-Oct-11,12.28,12.50,12.20,12.48,52845
11-Oct-11,12.11,12.36,12.02,12.27,19190
10-Oct-11,11.59,12.34,11.32,12.26,30534
7-Oct-11,11.63,11.63,11.04,11.45,26591
6-Oct-11,10.99,11.76,10.87,11.61,35228
5-Oct-11,11.07,11.46,10.86,11.06,46050
4-Oct-11,10.57,11.27,10.08,11.18,74647
3-Oct-11,11.58,11.67,10.60,10.62,65382
30-Sep-11,10.79,11.71,10.79,11.62,51343
