Date,Open,High,Low,Close,Volume
27-Sep-12,34.51,34.82,34.39,34.76,21591764
26-Sep-12,34.79,34.80,34.29,34.42,27547538
25-Sep-12,35.22,35.62,34.72,34.72,31524201
24-Sep-12,34.77,35.22,34.73,35.10,19632849
21-Sep-12,35.42,35.45,34.80,34.97,67473519
20-Sep-12,35.04,35.23,34.85,35.20,22246035
19-Sep-12,35.65,35.84,35.24,35.25,25763079
18-Sep-12,35.34,35.58,35.17,35.44,26288372
17-Sep-12,35.67,35.99,35.31,35.33,32271714
14-Sep-12,35.60,36.60,35.56,36.13,42008069
13-Sep-12,34.34,35.63,34.14,35.55,35918005
12-Sep-12,34.30,34.45,34.20,34.33,17147544
11-Sep-12,34.13,34.57,34.10,34.15,28577614
10-Sep-12,34.87,34.94,34.59,34.59,19617322
7-Sep-12,34.96,35.19,34.74,35.00,26775549
6-Sep-12,33.98,34.95,33.98,34.84,32143786
5-Sep-12,33.84,34.01,33.74,33.75,16126088
4-Sep-12,34.12,34.13,33.73,33.80,14718228
31-Aug-12,34.01,34.20,33.93,34.03,16882579
30-Aug-12,33.95,34.05,33.81,33.87,15142827
29-Aug-12,34.10,34.28,34.07,34.07,12664547
28-Aug-12,33.88,34.25,33.87,34.10,15944841
27-Aug-12,34.09,34.25,33.92,34.02,13813695
24-Aug-12,33.80,34.21,33.76,34.04,16677997
23-Aug-12,34.16,34.22,33.88,33.92,17541151
22-Aug-12,34.33,34.46,34.11,34.18,18863001
21-Aug-12,34.24,34.76,34.10,34.38,25282141
20-Aug-12,34.03,34.20,33.98,34.07,18153193
17-Aug-12,34.29,34.29,33.97,34.03,5126843
16-Aug-12,34.09,34.20,33.78,34.13,2859096
15-Aug-12,34.00,34.17,33.83,33.97,2030775
14-Aug-12,34.12,34.22,33.87,33.96,1930369
13-Aug-12,33.59,34.03,33.59,33.96,2031474
10-Aug-12,33.62,33.95,33.54,33.83,2607148
9-Aug-12,33.72,33.98,33.62,33.82,2751767
8-Aug-12,33.57,33.95,33.49,33.82,2106622
7-Aug-12,34.21,34.40,33.96,33.96,3400438
6-Aug-12,34.52,34.56,33.99,34.00,2837299
3-Aug-12,33.80,34.40,33.64,34.34,4419432
2-Aug-12,33.63,33.68,32.84,33.34,31474912
1-Aug-12,33.92,34.80,33.80,33.90,41077543
31-Jul-12,33.82,34.00,33.72,33.81,19406549
30-Jul-12,34.15,34.40,33.91,33.96,19113800
27-Jul-12,33.87,34.38,33.85,34.14,25810744
26-Jul-12,33.67,33.84,33.28,33.78,22763175
25-Jul-12,33.36,33.41,32.99,33.16,25967938
24-Jul-12,33.50,33.56,32.95,33.23,24927453
23-Jul-12,33.22,33.71,33.13,33.44,26463204
20-Jul-12,33.96,34.29,33.76,33.81,24845565
19-Jul-12,34.04,34.34,33.96,34.15,22688241
18-Jul-12,33.92,34.13,33.74,33.96,23349208
17-Jul-12,34.19,34.25,33.60,34.12,21676051
16-Jul-12,33.92,34.35,33.73,34.02,29744449
13-Jul-12,32.71,33.96,32.66,33.91,39552499
12-Jul-12,33.02,33.12,32.64,32.85,29960526
11-Jul-12,32.85,33.38,32.77,33.27,23268296
10-Jul-12,33.49,33.68,32.75,32.97,21878594
9-Jul-12,33.04,33.57,33.04,33.26,19710394
6-Jul-12,32.75,33.18,32.62,33.05,17959632
5-Jul-12,33.26,33.36,33.00,33.13,21927751
3-Jul-12,33.53,33.72,33.35,33.48,13537586
2-Jul-12,33.67,33.73,33.21,33.55,19659907
29-Jun-12,33.16,33.44,32.97,33.44,30173067
28-Jun-12,32.41,32.55,31.91,32.48,29700269
27-Jun-12,32.59,32.85,32.39,32.73,17074556
26-Jun-12,32.30,32.47,32.05,32.32,19167302
25-Jun-12,32.46,32.50,32.00,32.22,20175151
22-Jun-12,32.67,33.09,32.55,32.81,34815424
21-Jun-12,32.91,33.14,32.27,32.34,31934327
20-Jun-12,33.02,33.16,32.32,32.81,29557246
19-Jun-12,32.71,33.22,32.50,32.96,30622093
18-Jun-12,32.33,32.73,32.20,32.46,20934549
15-Jun-12,32.15,32.55,31.79,32.45,39150455
14-Jun-12,31.65,32.25,31.53,32.03,31268614
13-Jun-12,31.26,31.97,31.15,31.58,30209184
12-Jun-12,31.12,31.38,30.34,31.30,32437466
11-Jun-12,31.65,31.94,30.96,30.99,26863744
8-Jun-12,31.20,31.43,30.76,31.43,33931785
7-Jun-12,31.45,31.58,31.14,31.18,28902943
6-Jun-12,30.77,30.98,30.37,30.97,38721403
5-Jun-12,29.95,30.58,29.87,30.52,24621697
4-Jun-12,30.40,30.40,29.80,30.05,37813321
1-Jun-12,31.40,31.46,30.00,30.16,50530000
31-May-12,31.77,32.36,31.38,32.05,31905548
30-May-12,31.90,32.04,31.52,31.70,28693237
29-May-12,32.10,32.26,31.96,32.25,20188813
25-May-12,31.82,32.15,31.77,31.86,18937458
24-May-12,31.85,31.88,31.36,31.81,23765306
23-May-12,31.50,31.80,30.98,31.74,30587783
22-May-12,31.55,32.45,31.37,31.67,30215237
21-May-12,30.93,31.47,30.52,31.40,30867003
18-May-12,31.47,31.58,30.65,30.94,53578321
17-May-12,31.96,32.16,31.43,31.44,46082317
16-May-12,32.44,32.72,31.97,31.97,28229060
15-May-12,32.28,32.72,32.10,32.24,28625706
14-May-12,32.88,32.95,32.38,32.41,29761870
11-May-12,32.67,33.60,32.52,33.31,36385418
10-May-12,33.21,33.50,32.90,33.19,24902347
9-May-12,32.81,32.91,32.46,32.63,27559920
8-May-12,33.13,33.55,32.85,33.15,27070691
7-May-12,32.79,33.64,32.78,33.50,28212361
4-May-12,33.24,33.42,32.76,33.03,27158553
3-May-12,33.79,33.79,33.24,33.39,18648952
2-May-12,33.70,33.79,33.29,33.57,19158341
1-May-12,33.55,34.30,33.40,34.09,25974082
30-Apr-12,33.75,33.77,33.10,33.42,20362314
27-Apr-12,33.91,33.98,33.61,33.77,18822105
26-Apr-12,33.30,33.85,33.21,33.84,23418584
25-Apr-12,33.30,33.47,32.87,33.35,20490350
24-Apr-12,32.80,33.15,32.74,33.07,19989752
23-Apr-12,32.65,32.77,32.43,32.69,27262697
20-Apr-12,33.23,33.32,32.90,33.00,23512263
19-Apr-12,33.70,33.77,32.89,33.12,25355059
18-Apr-12,33.46,33.74,33.32,33.57,19720528
17-Apr-12,33.32,33.78,33.28,33.68,23725596
16-Apr-12,33.18,33.45,32.67,33.15,30130159
13-Apr-12,33.73,33.87,32.80,32.84,41932945
12-Apr-12,33.69,34.16,33.52,34.02,31469514
11-Apr-12,33.51,33.91,33.42,33.62,29675791
10-Apr-12,33.38,33.67,32.85,32.92,34678914
9-Apr-12,33.06,33.73,32.98,33.42,22893695
5-Apr-12,33.78,34.02,33.63,33.73,19566294
4-Apr-12,34.09,34.29,33.62,33.88,26655818
3-Apr-12,34.35,34.54,34.12,34.48,26008973
2-Apr-12,33.83,34.59,33.80,34.51,24608607
30-Mar-12,34.18,34.18,33.76,34.14,26893339
29-Mar-12,34.36,34.42,33.54,33.94,31559971
28-Mar-12,33.90,34.47,33.90,34.47,29453426
27-Mar-12,34.40,34.47,33.92,34.00,24979562
26-Mar-12,33.91,34.39,33.69,34.39,27046958
23-Mar-12,33.39,33.69,33.29,33.53,25471862
22-Mar-12,33.47,33.80,33.23,33.36,30066816
21-Mar-12,34.50,34.52,34.00,34.02,29350522
20-Mar-12,34.06,34.51,33.74,34.32,34158226
19-Mar-12,33.74,34.59,33.51,34.25,36664918
16-Mar-12,34.13,34.13,33.63,33.89,39886538
15-Mar-12,33.50,34.08,33.10,34.07,45012729
14-Mar-12,33.37,33.45,32.61,33.37,53026277
13-Mar-12,31.84,33.58,31.68,33.33,62583755
12-Mar-12,31.60,31.65,31.08,31.51,23680840
9-Mar-12,31.49,31.90,31.28,31.66,24045188
8-Mar-12,30.86,31.49,30.71,31.40,28444934
7-Mar-12,30.27,30.74,30.18,30.41,23750369
6-Mar-12,30.51,30.56,29.99,30.10,29645277
5-Mar-12,31.15,31.16,30.70,30.97,21920330
2-Mar-12,31.64,31.72,31.22,31.28,22721839
1-Mar-12,31.56,31.75,31.31,31.54,27223934
29-Feb-12,31.42,31.90,31.22,31.29,33656504
28-Feb-12,31.01,31.46,30.98,31.37,30736388
27-Feb-12,30.05,31.13,29.99,31.03,36242493
24-Feb-12,30.44,30.66,30.02,30.18,21610700
23-Feb-12,30.65,30.68,30.28,30.65,23331957
22-Feb-12,30.80,30.91,30.50,30.59,29078215
21-Feb-12,31.14,31.47,30.81,30.96,29337720
17-Feb-12,30.56,31.13,30.34,31.09,35724511
16-Feb-12,30.26,30.47,29.95,30.37,26475787
15-Feb-12,30.62,30.72,30.05,30.17,27140758
14-Feb-12,30.33,30.53,30.02,30.42,23511165
13-Feb-12,30.60,30.75,30.45,30.62,21961538
10-Feb-12,30.18,30.40,30.08,30.26,20051944
9-Feb-12,30.78,30.85,30.29,30.58,29693123
8-Feb-12,30.30,30.63,30.13,30.63,31646957
7-Feb-12,30.02,30.49,30.00,30.26,25437633
6-Feb-12,30.41,30.51,30.08,30.20,23339290
3-Feb-12,30.44,30.71,30.35,30.63,46265912
2-Feb-12,29.98,30.10,29.69,29.90,24632212
1-Feb-12,29.63,30.09,29.55,29.89,34829412
31-Jan-12,29.50,29.50,28.98,29.21,31215089
30-Jan-12,29.25,29.33,29.03,29.25,22822966
27-Jan-12,28.88,29.75,28.77,29.60,31196117
26-Jan-12,30.42,30.42,28.80,29.05,54668039
25-Jan-12,30.32,30.41,29.96,30.20,34175313
24-Jan-12,30.45,30.65,30.16,30.54,28200863
23-Jan-12,30.54,31.04,30.44,30.92,35275041
20-Jan-12,30.13,30.57,29.96,30.54,37198208
19-Jan-12,30.36,30.44,29.99,30.15,33162733
18-Jan-12,29.61,30.29,29.50,30.24,42454861
17-Jan-12,29.97,30.69,29.66,29.82,50043508
13-Jan-12,29.61,29.61,29.61,29.61,0
12-Jan-12,29.77,29.94,29.24,29.61,29178781
11-Jan-12,29.25,29.68,29.08,29.62,30910728
10-Jan-12,29.74,29.80,29.18,29.41,29861957
9-Jan-12,29.15,29.38,29.00,29.30,25727276
6-Jan-12,28.84,29.08,28.46,28.94,32303655
5-Jan-12,28.50,29.58,28.25,29.02,48441638
4-Jan-12,28.34,28.69,28.04,28.56,27519540
3-Jan-12,27.94,28.52,27.94,28.43,40072606
30-Dec-11,27.56,27.56,27.56,27.56,0
29-Dec-11,27.25,27.83,27.22,27.76,20121948
28-Dec-11,27.59,27.72,27.08,27.11,18309325
27-Dec-11,27.71,27.89,27.61,27.61,14090804
23-Dec-11,27.78,27.78,27.78,27.78,0
22-Dec-11,26.91,27.35,26.90,27.25,38976406
21-Dec-11,26.56,26.89,26.21,26.89,28577582
20-Dec-11,25.85,26.69,25.72,26.50,37826254
19-Dec-11,26.14,26.20,25.18,25.31,28760091
16-Dec-11,25.81,26.11,25.75,25.98,43831185
15-Dec-11,26.14,26.31,25.56,25.61,32597370
14-Dec-11,25.39,26.20,25.39,25.86,33700770
13-Dec-11,26.55,26.58,25.47,25.79,31526159
12-Dec-11,26.63,26.68,26.07,26.29,24917452
9-Dec-11,26.33,27.01,26.29,26.91,28608434
8-Dec-11,26.69,26.84,26.06,26.19,29407641
7-Dec-11,26.45,27.21,26.35,27.05,28090586
6-Dec-11,26.54,26.88,26.45,26.65,22431687
5-Dec-11,26.42,26.94,26.22,26.74,34446152
2-Dec-11,25.79,26.47,25.73,26.07,36438573
1-Dec-11,25.62,25.86,25.33,25.64,25819403
30-Nov-11,25.02,25.95,24.79,25.86,51600716
29-Nov-11,24.20,24.44,23.90,24.08,27696775
28-Nov-11,24.58,24.58,23.88,24.15,32655469
25-Nov-11,23.31,23.76,23.28,23.51,14600905
23-Nov-11,23.21,23.21,23.21,23.21,0
22-Nov-11,24.13,24.45,23.91,23.93,37236409
21-Nov-11,24.18,24.46,24.03,24.18,32214056
18-Nov-11,24.75,25.07,24.62,24.69,31121842
17-Nov-11,24.93,25.27,24.47,24.67,39898738
16-Nov-11,25.05,25.57,24.82,24.94,36169107
15-Nov-11,24.99,25.47,24.82,25.29,28390294
14-Nov-11,25.53,25.57,24.95,25.10,29284919
11-Nov-11,25.44,25.75,25.40,25.65,25834522
10-Nov-11,25.22,25.43,24.85,25.08,30476975
9-Nov-11,25.92,26.05,24.83,24.99,46948226
8-Nov-11,25.54,26.63,25.52,26.53,42715267
7-Nov-11,25.40,25.57,25.06,25.42,24589331
4-Nov-11,25.50,25.77,25.18,25.40,27174421
3-Nov-11,25.62,25.90,25.05,25.81,30808008
2-Nov-11,25.12,25.44,24.91,25.33,39237820
1-Nov-11,24.78,25.61,24.54,24.77,52821792
31-Oct-11,26.37,26.66,25.88,25.91,41520715
28-Oct-11,26.82,27.36,26.46,27.08,36004860
27-Oct-11,26.96,27.50,26.34,27.07,66836376
26-Oct-11,26.04,26.09,25.38,25.76,53060452
25-Oct-11,26.20,26.20,25.42,25.55,39385921
24-Oct-11,26.02,26.74,25.99,26.52,37427569
21-Oct-11,26.09,26.48,25.91,26.31,49625067
20-Oct-11,25.24,25.91,24.92,25.76,35366141
19-Oct-11,25.79,26.18,25.10,25.18,42881335
18-Oct-11,24.85,26.20,24.52,25.86,69473159
17-Oct-11,25.24,25.40,24.30,24.42,77765396
14-Oct-11,26.59,26.79,25.80,26.67,39549276
13-Oct-11,26.58,26.58,25.66,26.12,41606812
12-Oct-11,26.36,27.54,26.25,26.95,54695960
11-Oct-11,25.92,26.32,25.67,26.05,33670920
10-Oct-11,25.29,26.14,25.23,26.13,38967514
7-Oct-11,25.51,25.52,24.54,24.54,42317136
6-Oct-11,24.42,25.46,23.94,25.37,41514783
5-Oct-11,24.12,24.70,23.61,24.50,41429553
4-Oct-11,22.91,24.27,22.61,24.21,61019423
3-Oct-11,24.05,24.49,23.16,23.18,44764105
30-Sep-11,24.58,25.07,24.11,24.12,40430550
