Date,Open,High,Low,Close,Volume
27-Sep-12,72.63,73.27,72.13,73.15,258523
26-Sep-12,72.60,73.00,71.24,71.95,361728
25-Sep-12,75.00,75.22,72.59,72.67,440735
24-Sep-12,74.81,75.04,73.89,74.53,367475
21-Sep-12,75.58,76.46,75.22,75.23,404460
20-Sep-12,74.40,74.83,73.50,74.75,226736
19-Sep-12,74.49,75.55,74.34,75.14,344358
18-Sep-12,74.50,75.12,73.33,74.10,648628
17-Sep-12,75.36,75.42,73.95,74.30,371807
14-Sep-12,74.53,76.45,74.27,75.51,772519
13-Sep-12,72.23,74.65,72.03,74.05,551538
12-Sep-12,71.70,72.30,71.57,72.26,357729
11-Sep-12,71.40,71.60,70.64,71.29,309048
10-Sep-12,71.03,71.85,71.03,71.20,368860
7-Sep-12,71.94,71.94,70.20,71.43,991692
6-Sep-12,68.50,72.14,68.25,71.47,801065
5-Sep-12,69.49,69.62,68.71,69.30,318330
4-Sep-12,69.20,69.54,68.38,69.35,522508
31-Aug-12,69.10,69.14,68.02,68.78,212879
30-Aug-12,69.01,69.60,68.17,68.36,295699
29-Aug-12,68.76,69.89,68.21,69.26,254325
28-Aug-12,68.20,69.20,68.01,68.81,353596
27-Aug-12,67.06,69.04,66.53,68.95,1056366
24-Aug-12,69.09,69.69,68.91,69.50,200129
23-Aug-12,69.38,69.64,68.78,69.13,435002
22-Aug-12,68.66,69.80,68.46,69.66,363618
21-Aug-12,69.55,70.15,68.83,68.90,173218
20-Aug-12,68.97,69.46,68.31,69.30,384210
17-Aug-12,68.22,69.07,68.22,68.62,248801
16-Aug-12,67.08,68.87,66.95,68.33,200168
15-Aug-12,66.48,67.09,66.26,66.93,61858
14-Aug-12,67.14,67.26,66.37,66.69,93401
13-Aug-12,66.80,66.94,65.49,66.51,108362
10-Aug-12,67.14,67.30,66.17,66.78,158938
9-Aug-12,68.00,68.03,66.73,67.05,162364
8-Aug-12,69.00,69.03,67.96,68.00,107733
7-Aug-12,68.69,69.85,68.39,68.94,162562
6-Aug-12,65.87,68.40,65.85,68.10,98331
3-Aug-12,65.00,66.64,65.00,66.06,130940
2-Aug-12,59.50,64.75,58.64,64.16,1328007
1-Aug-12,60.00,60.07,59.20,59.44,396217
31-Jul-12,60.08,60.52,59.34,59.36,199630
30-Jul-12,60.88,60.88,59.86,60.17,218313
27-Jul-12,58.36,61.00,58.31,60.86,500927
26-Jul-12,57.52,57.97,56.75,57.46,145558
25-Jul-12,57.10,57.45,56.09,56.66,251353
24-Jul-12,57.51,57.63,56.01,56.60,334427
23-Jul-12,56.27,57.48,55.63,57.29,379449
20-Jul-12,57.89,58.23,57.53,58.08,255312
19-Jul-12,58.83,59.68,58.30,58.79,625106
18-Jul-12,56.18,58.45,56.18,58.29,624506
17-Jul-12,55.16,56.90,54.97,56.68,534137
16-Jul-12,54.82,55.32,54.41,55.15,362251
13-Jul-12,54.17,55.35,54.00,55.08,229243
12-Jul-12,53.29,54.43,52.43,53.94,302260
11-Jul-12,54.44,54.62,53.50,54.01,439351
10-Jul-12,55.73,55.99,53.94,54.37,476293
9-Jul-12,55.19,55.85,54.24,55.37,703871
6-Jul-12,54.16,54.55,53.42,54.05,363171
5-Jul-12,53.66,56.22,53.39,55.07,896009
3-Jul-12,52.22,53.82,52.12,53.57,281794
2-Jul-12,52.64,52.90,50.85,52.11,440268
29-Jun-12,52.18,52.41,51.41,52.26,519060
28-Jun-12,49.83,50.77,49.52,50.52,444735
27-Jun-12,50.22,50.93,49.92,50.69,267953
26-Jun-12,49.93,50.70,49.54,49.99,285543
25-Jun-12,50.03,50.24,49.28,49.63,706559
22-Jun-12,50.19,51.32,49.07,51.15,554559
21-Jun-12,52.14,52.58,49.44,49.70,623946
20-Jun-12,53.04,53.28,51.97,52.13,547100
19-Jun-12,51.41,53.15,51.41,52.85,485442
18-Jun-12,49.53,51.32,49.20,51.11,558840
15-Jun-12,48.83,50.19,48.75,50.11,463307
14-Jun-12,49.88,50.01,48.13,48.68,663046
13-Jun-12,51.97,51.97,49.26,49.79,593220
12-Jun-12,50.25,52.55,50.08,52.43,769476
11-Jun-12,52.55,52.55,49.98,50.04,855200
8-Jun-12,51.62,51.96,50.60,51.70,426096
7-Jun-12,52.86,53.60,51.73,52.01,491779
6-Jun-12,50.75,52.67,50.73,51.91,722241
5-Jun-12,48.63,50.32,48.63,49.90,1024125
4-Jun-12,50.13,50.13,48.45,48.90,795956
1-Jun-12,53.02,53.02,49.65,49.86,1056822
31-May-12,55.08,55.42,53.28,54.49,581645
30-May-12,56.84,56.84,55.05,55.21,435488
29-May-12,56.52,57.70,56.38,57.62,699714
25-May-12,55.79,56.14,54.86,55.84,875137
24-May-12,55.58,55.89,54.11,55.75,745060
23-May-12,52.81,54.38,51.96,54.09,619131
22-May-12,53.61,54.40,52.84,53.67,737059
21-May-12,51.45,53.80,51.26,53.11,529193
18-May-12,52.09,52.95,51.28,51.45,637244
17-May-12,54.57,54.57,51.15,51.60,933468
16-May-12,55.66,56.34,54.44,54.66,905330
15-May-12,56.58,56.75,54.62,55.28,1310005
14-May-12,57.10,57.40,56.40,56.48,399337
11-May-12,57.01,58.62,56.65,58.18,380818
10-May-12,57.59,58.26,57.07,57.70,397844
9-May-12,55.83,57.15,55.49,56.94,604489
8-May-12,56.77,57.13,55.42,56.86,618583
7-May-12,56.26,57.63,55.15,57.50,798537
4-May-12,59.22,59.34,56.41,56.70,921070
3-May-12,60.85,61.04,59.44,59.69,658668
2-May-12,61.31,61.50,60.02,60.45,603194
1-May-12,60.99,65.14,60.99,61.93,1270642
30-Apr-12,64.50,65.22,63.02,63.95,736109
27-Apr-12,63.98,65.42,63.75,65.32,643743
26-Apr-12,61.90,63.95,60.85,63.89,704316
25-Apr-12,61.19,62.47,61.18,62.40,425944
24-Apr-12,61.03,61.29,59.39,60.30,374918
23-Apr-12,59.96,61.36,58.87,61.23,543675
20-Apr-12,60.90,62.09,60.43,61.02,383172
19-Apr-12,60.99,61.00,59.59,60.43,490645
18-Apr-12,61.29,61.56,60.39,60.79,421473
17-Apr-12,60.86,62.66,60.86,61.45,333420
16-Apr-12,61.10,61.34,59.81,60.41,315831
13-Apr-12,61.00,61.06,60.02,60.41,414993
12-Apr-12,60.05,61.65,59.96,61.12,690666
11-Apr-12,60.53,60.65,59.44,59.85,576654
10-Apr-12,61.98,62.31,59.71,59.87,292699
9-Apr-12,60.83,62.18,60.67,62.11,349119
5-Apr-12,63.07,64.39,62.52,62.52,475505
4-Apr-12,63.66,64.33,63.02,63.39,299097
3-Apr-12,65.41,65.69,64.26,64.74,300416
2-Apr-12,64.80,65.91,64.62,65.62,279440
30-Mar-12,65.52,65.56,63.78,64.79,357384
29-Mar-12,64.29,64.80,63.07,64.67,350047
28-Mar-12,66.00,66.00,63.49,64.96,707602
27-Mar-12,65.51,66.74,65.28,66.17,233332
26-Mar-12,64.91,65.82,64.48,65.72,189670
23-Mar-12,63.26,64.61,63.02,64.21,240556
22-Mar-12,64.42,64.65,61.76,62.93,1044745
21-Mar-12,64.33,65.36,63.76,65.21,350360
20-Mar-12,64.06,64.35,63.83,63.95,161962
19-Mar-12,65.05,65.33,64.76,64.94,240994
16-Mar-12,64.95,65.74,64.57,65.25,263250
15-Mar-12,64.73,65.34,63.88,64.86,252271
14-Mar-12,65.74,65.86,63.89,64.46,447282
13-Mar-12,62.17,66.92,62.15,65.69,1082004
12-Mar-12,61.71,61.96,61.21,61.75,362177
9-Mar-12,60.31,61.71,60.31,61.49,513385
8-Mar-12,58.42,60.44,58.42,60.28,1005245
7-Mar-12,56.62,57.96,56.62,57.85,323873
6-Mar-12,57.32,57.32,56.09,56.29,361241
5-Mar-12,60.05,60.05,57.49,58.19,536715
2-Mar-12,60.01,61.06,59.93,60.54,325471
1-Mar-12,60.34,60.48,59.67,60.02,211617
29-Feb-12,61.61,61.90,59.98,60.23,316218
28-Feb-12,61.60,62.18,60.87,61.54,399887
27-Feb-12,57.79,62.25,57.70,61.04,1238387
24-Feb-12,57.50,58.21,57.26,57.64,243182
23-Feb-12,58.06,58.58,57.06,58.00,407507
22-Feb-12,57.57,58.44,57.08,58.08,425320
21-Feb-12,61.00,63.41,57.25,58.00,875694
17-Feb-12,60.21,60.67,59.54,60.49,387277
16-Feb-12,57.98,60.30,57.94,60.21,423859
15-Feb-12,57.86,58.39,57.06,58.06,237710
14-Feb-12,57.30,58.75,56.50,57.52,642833
13-Feb-12,59.08,59.86,58.10,59.65,306858
10-Feb-12,58.81,59.00,57.14,58.46,368848
9-Feb-12,60.00,60.14,59.30,59.39,257608
8-Feb-12,60.89,61.53,59.23,59.71,498071
7-Feb-12,60.40,60.99,59.65,60.90,328290
6-Feb-12,58.96,60.46,58.71,60.41,331815
3-Feb-12,59.03,59.92,58.93,59.22,385320
2-Feb-12,59.75,59.97,57.98,58.33,319149
1-Feb-12,57.50,60.00,57.13,59.95,805077
31-Jan-12,57.47,58.57,57.04,58.45,473356
30-Jan-12,56.38,57.33,56.04,57.20,264536
27-Jan-12,55.89,57.40,55.69,56.96,751900
26-Jan-12,57.80,58.00,56.57,56.85,270368
25-Jan-12,57.45,57.99,56.78,57.86,229514
24-Jan-12,55.69,57.40,55.46,57.27,379596
23-Jan-12,56.38,56.89,55.49,55.98,480021
20-Jan-12,55.85,56.79,55.61,56.69,336225
19-Jan-12,56.11,56.73,54.20,55.68,790929
18-Jan-12,56.29,57.78,55.85,56.01,1215578
17-Jan-12,54.68,56.50,53.83,56.34,1110268
13-Jan-12,53.87,53.87,53.87,53.87,0
12-Jan-12,48.27,52.44,48.06,51.24,1451441
11-Jan-12,46.00,48.39,45.55,48.17,814194
10-Jan-12,43.93,46.09,43.87,46.05,536760
9-Jan-12,42.91,43.73,42.80,43.59,367445
6-Jan-12,42.49,43.01,42.05,42.66,184799
5-Jan-12,41.60,42.90,41.03,42.53,408747
4-Jan-12,40.71,42.17,40.38,42.03,276519
3-Jan-12,41.10,41.76,40.72,40.86,197113
30-Dec-11,40.24,40.24,40.24,40.24,0
29-Dec-11,38.94,40.17,38.80,40.05,131069
28-Dec-11,40.24,40.28,38.79,38.96,119741
27-Dec-11,39.56,40.56,39.53,40.37,171350
23-Dec-11,39.85,39.85,39.85,39.85,0
22-Dec-11,39.50,39.65,39.22,39.49,174082
21-Dec-11,38.98,39.60,38.86,39.41,174651
20-Dec-11,38.83,39.86,38.49,39.13,301532
19-Dec-11,38.94,39.14,37.68,37.76,274736
16-Dec-11,39.06,39.90,38.34,38.79,199226
15-Dec-11,39.35,39.45,38.17,38.57,250069
14-Dec-11,38.43,39.12,38.32,38.69,380946
13-Dec-11,39.93,40.44,38.67,39.01,175021
12-Dec-11,40.37,40.37,39.05,39.59,267281
9-Dec-11,40.54,41.32,39.96,41.03,200626
8-Dec-11,41.97,41.97,40.40,40.48,225253
7-Dec-11,42.23,42.69,41.85,42.49,201329
6-Dec-11,42.20,42.82,41.80,42.63,302301
5-Dec-11,42.47,42.70,41.91,42.29,471519
2-Dec-11,41.96,42.29,41.04,41.54,334069
1-Dec-11,42.06,42.29,41.13,41.27,242992
30-Nov-11,41.01,42.30,40.38,42.00,382795
29-Nov-11,40.00,40.00,39.08,39.35,592291
28-Nov-11,39.94,40.55,39.50,39.84,398511
25-Nov-11,37.95,38.80,37.95,38.05,160869
23-Nov-11,38.20,38.20,38.20,38.20,0
22-Nov-11,40.31,40.97,39.64,39.85,223571
21-Nov-11,40.52,40.77,39.62,40.37,328593
18-Nov-11,42.95,42.95,41.36,41.37,290310
17-Nov-11,43.17,43.65,42.03,42.65,719429
16-Nov-11,42.92,43.84,42.63,43.36,804713
15-Nov-11,43.25,44.13,42.99,43.59,484271
14-Nov-11,43.23,44.22,43.21,43.63,499890
11-Nov-11,42.32,44.00,42.11,43.63,745612
10-Nov-11,41.00,41.72,40.56,41.43,754086
9-Nov-11,39.49,40.63,39.05,40.15,611319
8-Nov-11,39.80,40.35,38.59,40.15,416339
7-Nov-11,39.66,39.82,38.26,39.34,181052
4-Nov-11,39.45,40.21,38.87,39.79,217423
3-Nov-11,39.44,40.67,38.38,40.10,427845
2-Nov-11,39.41,39.66,38.20,38.77,196642
1-Nov-11,38.05,40.19,35.16,38.27,432985
31-Oct-11,42.17,42.90,41.19,41.21,323352
28-Oct-11,42.46,43.28,42.20,43.14,190846
27-Oct-11,41.46,43.39,41.38,42.74,321950
26-Oct-11,38.73,39.74,37.80,39.55,382928
25-Oct-11,38.21,38.72,37.79,37.84,561235
24-Oct-11,37.74,39.00,37.60,38.42,448060
21-Oct-11,36.78,37.85,36.16,37.63,461992
20-Oct-11,36.52,36.69,34.91,35.93,339721
19-Oct-11,38.53,38.65,36.28,36.39,294180
18-Oct-11,38.17,39.40,37.42,38.49,689818
17-Oct-11,38.63,39.04,37.87,38.39,560368
14-Oct-11,37.63,39.25,37.39,39.02,353585
13-Oct-11,37.83,38.01,36.29,36.82,395233
12-Oct-11,38.49,38.85,37.88,38.23,414149
11-Oct-11,37.75,39.11,37.75,38.23,229992
10-Oct-11,36.79,38.45,36.79,38.27,395794
7-Oct-11,37.42,37.56,35.21,35.86,214723
6-Oct-11,35.59,37.09,35.15,37.09,456354
5-Oct-11,34.47,35.94,34.05,35.63,559863
4-Oct-11,31.91,34.36,31.26,34.35,816235
3-Oct-11,33.87,35.00,32.31,32.31,525657
30-Sep-11,35.62,35.62,34.19,34.28,399419
