Date,Open,High,Low,Close,Volume
27-Sep-12,57.84,58.29,57.60,58.07,1781581
26-Sep-12,58.50,58.54,57.06,57.64,2835075
25-Sep-12,58.67,58.93,58.36,58.48,2566048
24-Sep-12,58.86,59.25,58.30,58.49,2487958
21-Sep-12,59.20,59.31,58.65,59.26,2308407
20-Sep-12,58.86,59.03,58.15,58.96,2144141
19-Sep-12,59.06,59.30,58.56,59.03,2098044
18-Sep-12,58.81,59.30,58.70,58.91,2774477
17-Sep-12,58.34,58.81,57.93,58.81,2208546
14-Sep-12,58.54,58.74,57.90,58.35,4445402
13-Sep-12,58.10,58.27,57.04,58.19,4540067
12-Sep-12,58.73,59.00,58.16,58.21,2454590
11-Sep-12,59.56,59.64,58.42,58.65,4192441
10-Sep-12,60.14,60.90,58.93,59.45,5766733
7-Sep-12,59.79,60.40,59.69,60.29,1447579
6-Sep-12,59.34,59.72,59.05,59.72,2343336
5-Sep-12,59.41,59.71,59.11,59.15,1770814
4-Sep-12,59.48,60.19,59.20,59.39,1631209
31-Aug-12,60.67,60.82,59.79,59.87,1929885
30-Aug-12,61.40,61.61,60.44,60.46,3308294
29-Aug-12,60.55,62.47,60.30,61.80,12619609
28-Aug-12,58.06,58.07,57.34,57.39,2134103
27-Aug-12,57.65,58.46,57.27,58.16,1692090
24-Aug-12,57.70,57.95,57.27,57.66,1603573
23-Aug-12,58.50,58.65,57.40,57.73,2093524
22-Aug-12,57.25,58.57,57.00,58.57,2789522
21-Aug-12,57.35,57.85,57.19,57.27,2170080
20-Aug-12,57.43,57.97,56.52,57.38,2692272
17-Aug-12,57.42,57.49,56.90,57.26,802190
16-Aug-12,57.89,58.10,57.54,57.84,395036
15-Aug-12,56.93,57.90,56.79,57.80,466968
14-Aug-12,57.03,57.51,56.83,56.90,652150
13-Aug-12,57.60,57.70,56.28,56.89,769282
10-Aug-12,56.75,57.95,56.75,57.91,589966
9-Aug-12,57.44,57.52,56.49,56.79,840748
8-Aug-12,56.25,57.49,55.94,57.44,700053
7-Aug-12,54.76,56.33,54.68,56.26,578408
6-Aug-12,55.17,55.31,54.44,54.64,681596
3-Aug-12,53.21,55.92,52.59,55.04,1028077
2-Aug-12,53.93,54.02,52.68,52.93,2611813
1-Aug-12,53.44,55.76,53.16,54.07,8867107
31-Jul-12,54.45,54.96,53.10,53.29,5715530
30-Jul-12,55.23,55.49,54.61,55.22,3086587
27-Jul-12,53.89,55.45,53.48,55.12,4620774
26-Jul-12,54.22,54.22,52.52,53.39,8685253
25-Jul-12,55.34,55.80,53.26,54.01,15621304
24-Jul-12,61.85,62.24,61.00,61.42,2108570
23-Jul-12,61.34,62.22,61.00,61.81,2184754
20-Jul-12,62.39,62.92,61.87,61.94,2752007
19-Jul-12,63.39,63.85,61.64,62.70,3492039
18-Jul-12,62.86,63.85,62.44,63.20,3140332
17-Jul-12,62.01,63.10,61.88,62.94,2906898
16-Jul-12,62.24,62.35,61.80,61.97,2760859
13-Jul-12,61.08,62.54,61.08,62.36,2542625
12-Jul-12,61.22,61.84,60.60,61.07,2567673
11-Jul-12,61.11,62.14,60.94,61.78,4258659
10-Jul-12,61.98,62.33,60.79,61.14,3747466
9-Jul-12,63.06,63.15,61.28,61.95,9385246
6-Jul-12,60.78,61.19,59.49,59.91,4470017
5-Jul-12,61.13,61.99,61.06,61.25,3196474
3-Jul-12,62.28,62.53,60.91,61.28,4855602
2-Jul-12,64.22,64.66,62.26,62.26,6537652
29-Jun-12,67.03,67.25,63.22,63.79,8455416
28-Jun-12,68.67,71.34,64.00,65.90,17696063
27-Jun-12,69.40,70.65,69.22,69.49,3711447
26-Jun-12,69.00,70.04,68.29,69.10,4512953
25-Jun-12,69.46,70.54,68.78,68.95,3115700
22-Jun-12,69.94,70.46,68.75,69.76,6770057
21-Jun-12,70.87,71.23,69.32,69.46,2875391
20-Jun-12,71.48,72.26,70.66,70.86,3667363
19-Jun-12,71.71,72.79,71.25,71.88,3627621
18-Jun-12,70.65,71.49,70.24,71.34,2057495
15-Jun-12,69.95,71.06,69.71,70.77,3722251
14-Jun-12,68.91,70.24,68.62,69.80,2417560
13-Jun-12,69.31,69.60,68.47,68.74,2658850
12-Jun-12,69.55,69.88,68.58,69.47,2645256
11-Jun-12,68.80,69.46,68.23,69.01,3343376
8-Jun-12,67.10,69.11,67.10,69.07,2176008
7-Jun-12,67.51,68.22,67.02,67.27,2962253
6-Jun-12,66.57,67.43,66.17,67.27,3197624
5-Jun-12,65.19,66.38,64.90,66.17,3236353
4-Jun-12,66.30,66.42,65.05,65.45,3018846
1-Jun-12,66.72,67.20,66.21,66.36,2107542
31-May-12,68.09,68.27,66.93,67.39,2776976
30-May-12,68.37,69.04,67.74,68.04,1753064
29-May-12,68.28,68.99,67.91,68.84,1681249
25-May-12,67.58,68.55,67.58,67.90,1484436
24-May-12,66.91,69.34,66.81,67.82,3501831
23-May-12,66.77,67.23,65.88,66.73,1987488
22-May-12,67.11,68.31,66.85,67.11,2749362
21-May-12,65.23,66.94,65.20,66.90,2430782
18-May-12,66.63,66.73,64.85,65.08,3137981
17-May-12,65.20,66.74,65.00,66.45,4407354
16-May-12,65.91,66.35,65.23,65.26,1759772
15-May-12,65.89,66.21,65.37,65.62,1673541
14-May-12,66.07,66.44,65.47,66.08,1906899
11-May-12,65.71,66.51,65.41,66.11,1498125
10-May-12,66.38,66.42,65.70,65.94,1507309
9-May-12,66.33,66.51,65.60,65.77,2198428
8-May-12,66.17,67.09,65.93,66.88,1687014
7-May-12,66.00,66.76,65.79,66.60,2059470
4-May-12,67.24,67.34,65.88,66.26,2812110
3-May-12,68.46,68.46,67.09,67.30,3317948
2-May-12,68.18,68.93,68.12,68.79,2094776
1-May-12,67.72,68.73,67.71,68.41,2380498
30-Apr-12,68.23,68.74,67.53,67.82,3051400
27-Apr-12,69.25,69.39,68.59,68.63,2407884
26-Apr-12,68.24,69.50,67.46,69.35,4307663
25-Apr-12,71.50,72.44,69.98,70.40,4002547
24-Apr-12,70.51,71.00,70.05,70.76,1929748
23-Apr-12,70.15,70.88,69.93,70.59,1877758
20-Apr-12,70.82,71.23,70.41,70.68,1908204
19-Apr-12,68.89,70.87,68.88,70.62,2786172
18-Apr-12,69.35,69.56,69.02,69.17,1951320
17-Apr-12,68.99,70.10,68.94,69.96,2106424
16-Apr-12,69.45,69.48,68.64,68.73,2501470
13-Apr-12,69.94,69.99,69.25,69.25,2713087
12-Apr-12,69.84,70.19,69.25,70.00,2946509
11-Apr-12,70.06,70.40,69.37,69.54,2294337
10-Apr-12,70.17,70.46,69.12,69.27,3338580
9-Apr-12,71.18,71.48,70.53,70.53,2879598
5-Apr-12,71.66,72.42,71.45,72.38,2283858
4-Apr-12,72.31,72.53,71.66,72.12,3293116
3-Apr-12,72.83,73.35,72.49,72.64,3210763
2-Apr-12,73.63,73.80,72.83,72.95,3552038
30-Mar-12,71.86,74.73,71.69,73.80,7136490
29-Mar-12,69.37,72.14,69.29,71.62,7793777
28-Mar-12,68.16,70.14,67.99,70.00,6150963
27-Mar-12,68.54,68.69,67.30,68.38,4222917
26-Mar-12,67.14,68.70,66.96,68.63,3337804
23-Mar-12,66.42,66.71,66.00,66.68,2060320
22-Mar-12,65.81,66.74,65.62,66.39,2724410
21-Mar-12,66.84,66.87,66.33,66.35,2451581
20-Mar-12,67.25,67.63,66.62,66.86,2149461
19-Mar-12,67.05,67.75,67.05,67.67,2346309
16-Mar-12,67.43,68.06,67.05,67.33,7675050
15-Mar-12,67.25,67.40,66.60,66.94,3712732
14-Mar-12,65.22,67.53,65.11,67.22,5968580
13-Mar-12,64.19,65.13,63.34,65.05,3205865
12-Mar-12,64.88,64.99,63.93,64.01,2655211
9-Mar-12,64.51,64.99,64.14,64.88,3153843
8-Mar-12,64.25,64.75,64.08,64.41,1882016
7-Mar-12,64.37,64.37,63.75,63.84,2059321
6-Mar-12,64.79,65.42,63.93,64.34,2246055
5-Mar-12,65.52,66.14,64.88,65.19,2479250
2-Mar-12,66.10,66.20,65.72,65.78,2032464
1-Mar-12,65.77,66.43,65.72,66.23,2200551
29-Feb-12,65.57,65.88,65.08,65.63,3080372
28-Feb-12,65.76,66.17,64.90,65.54,1996186
27-Feb-12,65.75,66.54,65.60,65.79,2856140
24-Feb-12,66.26,66.52,65.67,66.11,2875844
23-Feb-12,65.98,66.34,65.67,66.22,1789426
22-Feb-12,66.50,66.72,65.63,66.10,1676537
21-Feb-12,66.60,66.99,66.03,66.39,2808084
17-Feb-12,66.47,66.88,65.85,66.05,2027634
16-Feb-12,65.35,66.37,65.16,66.23,2449314
15-Feb-12,65.91,66.24,65.00,65.15,2828791
14-Feb-12,64.60,65.71,64.58,65.69,3096403
13-Feb-12,64.51,65.06,64.25,64.66,1486959
10-Feb-12,64.23,64.43,63.90,64.17,2876122
9-Feb-12,65.06,65.12,64.50,64.65,2819580
8-Feb-12,64.88,66.01,64.70,64.83,3690467
7-Feb-12,64.04,65.05,64.00,65.00,2531270
6-Feb-12,64.76,65.48,63.85,64.37,2673730
3-Feb-12,65.66,65.66,63.60,65.07,5173816
2-Feb-12,65.99,65.99,64.51,65.16,3841920
1-Feb-12,64.80,66.42,61.90,66.13,4178944
31-Jan-12,64.63,65.60,64.07,64.32,4552453
30-Jan-12,64.89,65.05,64.06,64.43,3915782
27-Jan-12,64.00,65.81,64.00,65.42,3986600
26-Jan-12,65.97,66.94,63.48,64.30,6097099
25-Jan-12,64.58,66.93,63.72,66.10,13315261
24-Jan-12,71.18,71.34,69.00,69.40,4798488
23-Jan-12,71.75,72.52,71.04,71.18,2108457
20-Jan-12,72.14,72.28,70.49,71.78,2579008
19-Jan-12,71.63,72.45,70.32,71.93,4247608
18-Jan-12,72.78,73.09,72.06,72.17,2706750
17-Jan-12,72.43,73.36,72.43,72.74,2308117
13-Jan-12,71.91,71.91,71.91,71.91,0
12-Jan-12,72.57,72.79,71.62,71.81,1843231
11-Jan-12,72.00,72.92,71.27,72.57,1958099
10-Jan-12,71.68,72.70,71.36,72.21,2203545
9-Jan-12,70.72,71.27,70.41,71.18,1869240
6-Jan-12,68.60,71.49,68.50,70.73,3410751
5-Jan-12,67.72,68.66,67.34,68.51,2034483
4-Jan-12,67.39,68.22,67.17,67.98,1573294
3-Jan-12,67.54,67.90,67.08,67.61,1734580
30-Dec-11,66.25,66.25,66.25,66.25,0
29-Dec-11,66.49,67.47,66.38,66.87,1096025
28-Dec-11,67.77,67.87,66.47,66.52,1274630
27-Dec-11,68.03,68.46,67.58,67.93,1272625
23-Dec-11,68.05,68.05,68.05,68.05,0
22-Dec-11,65.93,67.17,65.84,66.78,1669512
21-Dec-11,65.19,65.83,64.80,65.68,2108490
20-Dec-11,64.61,65.60,64.44,65.47,2586116
19-Dec-11,65.04,65.28,63.54,63.64,2702866
16-Dec-11,65.11,65.73,64.52,64.95,5639856
15-Dec-11,64.57,65.38,63.92,64.50,4174771
14-Dec-11,64.14,64.82,63.42,63.52,3210994
13-Dec-11,65.58,66.52,64.34,64.64,3043217
12-Dec-11,66.18,66.56,65.00,65.39,2174009
9-Dec-11,66.42,67.03,65.97,66.50,2961348
8-Dec-11,68.06,68.22,65.87,66.08,3144896
7-Dec-11,67.78,68.91,66.93,68.51,3194010
6-Dec-11,68.39,68.79,67.50,68.21,2743784
5-Dec-11,70.03,70.72,68.26,68.51,3419714
2-Dec-11,70.70,70.70,68.55,68.91,2433816
1-Dec-11,70.19,71.08,69.97,70.08,2063844
30-Nov-11,69.25,70.59,67.68,70.55,2740779
29-Nov-11,66.22,67.64,66.00,67.42,3043630
28-Nov-11,65.19,66.64,64.97,66.07,2042069
25-Nov-11,64.06,64.66,63.68,63.70,1114530
23-Nov-11,64.23,64.23,64.23,64.23,0
22-Nov-11,66.85,67.71,66.10,66.85,2379034
21-Nov-11,67.38,67.50,66.23,67.01,2612791
18-Nov-11,68.80,68.99,67.76,68.52,2522861
17-Nov-11,68.15,69.22,67.78,68.26,4596547
16-Nov-11,69.24,69.36,68.07,68.14,2726357
15-Nov-11,70.14,70.45,68.74,70.04,2091197
14-Nov-11,70.52,71.30,69.76,70.30,2056967
11-Nov-11,69.48,71.25,69.48,70.75,2729885
10-Nov-11,67.58,68.79,67.28,68.57,2359435
9-Nov-11,67.74,67.91,66.82,66.96,2196190
8-Nov-11,68.42,69.05,67.28,68.83,1908808
7-Nov-11,67.19,68.21,66.94,68.10,1462837
4-Nov-11,67.20,67.52,66.24,67.42,1295903
3-Nov-11,68.62,68.74,67.31,67.84,2140262
2-Nov-11,68.03,68.50,67.59,67.99,2199073
1-Nov-11,66.99,67.71,66.29,66.79,2715133
31-Oct-11,68.05,70.07,68.05,68.90,2537551
28-Oct-11,70.53,70.53,68.41,68.68,3517869
27-Oct-11,71.23,71.78,69.57,70.58,3067242
26-Oct-11,68.06,70.20,67.40,69.58,4508227
25-Oct-11,68.02,68.71,66.84,67.00,3074740
24-Oct-11,67.03,68.60,67.03,68.45,2501249
21-Oct-11,65.96,67.06,65.75,66.65,2494545
20-Oct-11,64.78,65.40,64.13,65.25,2493924
19-Oct-11,64.33,66.20,64.21,64.90,3349465
18-Oct-11,64.77,64.77,62.57,64.06,5194518
17-Oct-11,66.40,66.92,65.46,65.61,2196806
14-Oct-11,66.93,67.31,66.25,67.07,1686217
13-Oct-11,66.57,66.90,65.51,66.05,2219052
12-Oct-11,67.49,68.25,66.97,67.00,3440178
11-Oct-11,67.14,67.59,66.74,66.99,2734503
10-Oct-11,66.78,67.71,66.23,67.53,2668196
7-Oct-11,65.21,66.50,64.26,65.79,3391171
6-Oct-11,64.06,64.96,63.60,64.96,2681527
5-Oct-11,62.99,64.14,62.72,63.95,3318642
4-Oct-11,61.34,63.20,60.44,63.03,3282943
3-Oct-11,65.43,66.31,61.83,62.32,3898277
30-Sep-11,65.37,66.94,64.49,65.28,4245716
