Date,Open,High,Low,Close,Volume
27-Sep-12,26.80,26.80,26.52,26.52,2322
26-Sep-12,26.52,26.52,26.52,26.52,0
25-Sep-12,26.52,26.52,26.52,26.52,0
24-Sep-12,26.52,26.52,26.52,26.52,0
21-Sep-12,26.89,26.89,26.52,26.52,1427
20-Sep-12,26.61,26.70,26.43,26.69,2550
19-Sep-12,26.72,26.84,26.72,26.84,1346
18-Sep-12,26.41,26.41,26.41,26.41,0
17-Sep-12,26.43,26.43,26.41,26.41,200
14-Sep-12,26.41,26.77,26.40,26.76,3532
13-Sep-12,26.80,26.80,26.72,26.72,894
12-Sep-12,26.46,26.46,26.46,26.46,0
11-Sep-12,26.46,26.46,26.46,26.46,0
10-Sep-12,26.46,26.46,26.40,26.46,500
7-Sep-12,26.68,26.68,26.65,26.66,724
6-Sep-12,26.65,27.05,26.65,27.00,2390
5-Sep-12,26.69,27.02,26.69,27.02,500
4-Sep-12,26.53,26.73,26.53,26.59,750
31-Aug-12,26.55,26.55,26.50,26.50,650
30-Aug-12,27.10,27.10,27.04,27.04,600
29-Aug-12,26.89,26.89,26.89,26.89,201
28-Aug-12,26.99,26.99,26.29,26.29,1000
27-Aug-12,27.29,27.29,27.29,27.29,100
24-Aug-12,27.00,27.45,27.00,27.45,962
23-Aug-12,26.82,27.25,26.82,27.10,3150
22-Aug-12,27.17,27.17,26.77,26.78,1500
21-Aug-12,26.90,27.20,26.82,27.20,1284
20-Aug-12,26.88,26.91,26.81,26.88,1290
17-Aug-12,26.99,26.99,26.91,26.91,2600
16-Aug-12,26.16,26.16,26.16,26.16,100
15-Aug-12,26.07,26.07,26.07,26.07,100
14-Aug-12,26.48,26.48,26.48,26.48,0
13-Aug-12,27.15,27.15,26.48,26.48,800
10-Aug-12,26.28,26.64,26.28,26.64,520
9-Aug-12,26.75,26.75,26.75,26.75,450
8-Aug-12,26.98,26.98,26.98,26.98,150
7-Aug-12,26.94,26.94,26.94,26.94,200
6-Aug-12,27.00,27.00,26.55,26.55,917
3-Aug-12,26.79,26.85,26.79,26.85,200
2-Aug-12,26.45,26.88,26.44,26.88,605
1-Aug-12,26.59,26.59,26.59,26.59,0
31-Jul-12,26.58,26.75,26.54,26.59,1384
30-Jul-12,26.50,26.91,26.50,26.90,3100
27-Jul-12,26.45,26.45,26.45,26.45,100
26-Jul-12,26.47,26.47,26.47,26.47,200
25-Jul-12,26.49,26.49,26.46,26.47,400
24-Jul-12,26.31,26.75,26.31,26.75,1300
23-Jul-12,26.51,26.51,26.33,26.38,1387
20-Jul-12,26.64,27.00,26.64,26.75,1721
19-Jul-12,26.67,26.70,26.67,26.70,824
18-Jul-12,26.47,26.97,26.46,26.75,1529
17-Jul-12,26.52,26.52,26.46,26.46,350
16-Jul-12,26.77,26.80,26.77,26.80,909
13-Jul-12,26.26,26.50,26.26,26.50,2620
12-Jul-12,26.20,26.49,26.20,26.49,2446
11-Jul-12,26.41,26.47,26.35,26.35,2625
10-Jul-12,26.50,26.50,26.11,26.31,1695
9-Jul-12,26.16,26.44,26.16,26.41,1300
6-Jul-12,26.30,26.35,26.17,26.30,1050
5-Jul-12,26.40,26.40,26.40,26.40,400
3-Jul-12,26.45,26.45,26.45,26.45,0
2-Jul-12,26.46,26.46,26.00,26.45,1338
29-Jun-12,26.08,26.08,26.06,26.06,200
28-Jun-12,25.93,25.93,25.93,25.93,100
27-Jun-12,26.05,26.12,26.05,26.07,1400
26-Jun-12,26.25,26.47,26.24,26.24,5200
25-Jun-12,26.48,26.48,25.95,26.45,1412
22-Jun-12,26.04,26.04,26.04,26.04,100
21-Jun-12,26.09,26.47,26.08,26.25,8664
20-Jun-12,26.16,26.19,26.11,26.11,1901
19-Jun-12,25.89,26.35,25.89,26.18,6320
18-Jun-12,25.76,25.78,25.75,25.78,400
15-Jun-12,25.82,25.82,25.82,25.82,0
14-Jun-12,25.82,25.82,25.82,25.82,254
13-Jun-12,26.05,26.05,25.80,25.80,1025
12-Jun-12,25.84,25.84,25.84,25.84,593
11-Jun-12,25.84,25.91,25.84,25.91,245
8-Jun-12,26.01,26.01,26.00,26.00,1901
7-Jun-12,25.90,25.90,25.90,25.90,100
6-Jun-12,25.73,25.73,25.73,25.73,0
5-Jun-12,25.78,25.78,25.71,25.73,1301
4-Jun-12,25.64,25.69,25.64,25.69,317
1-Jun-12,25.97,26.00,25.97,26.00,900
31-May-12,25.62,25.70,25.62,25.62,900
30-May-12,26.09,26.09,25.68,25.68,200
29-May-12,25.59,25.70,25.56,25.70,1932
25-May-12,26.19,26.19,26.19,26.19,0
24-May-12,26.19,26.19,26.19,26.19,1500
23-May-12,25.78,25.78,25.75,25.75,308
22-May-12,25.80,25.80,25.80,25.80,0
21-May-12,25.80,25.80,25.80,25.80,100
18-May-12,25.75,25.90,25.75,25.67,3103
17-May-12,25.64,25.68,25.64,25.68,200
16-May-12,25.67,25.67,25.65,25.65,200
15-May-12,25.62,25.62,25.62,25.62,0
14-May-12,25.63,25.66,25.62,25.62,700
11-May-12,25.74,25.80,25.70,25.71,2449
10-May-12,25.79,25.79,25.77,25.77,300
9-May-12,25.90,25.90,25.90,25.90,1900
8-May-12,25.78,25.78,25.76,25.76,540
7-May-12,25.89,25.89,25.89,25.89,0
4-May-12,25.68,25.89,25.68,25.89,891
3-May-12,25.90,25.90,25.90,25.90,1000
2-May-12,25.67,26.22,25.67,25.75,11471
1-May-12,25.60,25.60,25.60,25.60,0
30-Apr-12,25.60,25.60,25.60,25.60,0
27-Apr-12,25.60,25.60,25.60,25.60,0
26-Apr-12,25.52,25.61,25.52,25.60,1775
25-Apr-12,25.90,25.90,25.90,25.90,100
24-Apr-12,25.55,25.80,25.55,25.64,1405
23-Apr-12,25.45,25.80,25.45,25.80,2300
20-Apr-12,25.69,25.93,25.69,25.93,497
19-Apr-12,25.80,25.80,25.80,25.80,0
18-Apr-12,25.80,25.80,25.80,25.80,0
17-Apr-12,25.80,25.80,25.80,25.80,0
16-Apr-12,25.77,25.80,25.77,25.80,1699
13-Apr-12,25.69,25.69,25.69,25.69,200
12-Apr-12,25.69,25.69,25.68,25.68,200
11-Apr-12,25.55,25.60,25.55,25.60,400
10-Apr-12,25.72,25.76,25.55,25.76,497
9-Apr-12,25.75,25.75,25.75,25.75,0
5-Apr-12,25.79,25.79,25.74,25.75,1233
4-Apr-12,25.65,25.65,25.65,25.65,372
3-Apr-12,25.54,25.73,25.54,25.73,3000
2-Apr-12,25.52,25.52,25.52,25.52,100
30-Mar-12,25.64,25.73,25.56,25.56,2850
29-Mar-12,25.60,25.75,25.60,25.75,710
28-Mar-12,25.75,26.00,25.75,25.90,2190
27-Mar-12,25.59,25.76,25.57,25.74,1256
26-Mar-12,25.64,25.75,25.64,25.75,291
23-Mar-12,25.56,25.77,25.51,25.76,1645
22-Mar-12,25.55,25.55,25.55,25.55,126
21-Mar-12,25.61,25.83,25.57,25.57,1290
20-Mar-12,25.51,25.91,25.50,25.91,1820
19-Mar-12,25.68,25.68,25.49,25.49,200
16-Mar-12,25.80,25.80,25.62,25.62,200
15-Mar-12,25.82,25.82,25.55,25.55,426
14-Mar-12,25.52,25.85,25.44,25.44,1325
13-Mar-12,25.81,25.92,25.81,25.92,1190
12-Mar-12,25.46,25.70,25.41,25.50,2230
9-Mar-12,25.41,25.53,25.39,25.53,3940
8-Mar-12,25.55,25.55,25.35,25.55,1786
7-Mar-12,25.29,25.78,25.29,25.54,2224
6-Mar-12,25.32,25.43,25.30,25.34,900
5-Mar-12,25.50,25.62,25.32,25.36,4475
2-Mar-12,25.34,25.84,25.34,25.70,3093
1-Mar-12,25.51,25.53,25.50,25.53,700
29-Feb-12,25.70,25.70,25.56,25.56,200
28-Feb-12,25.65,25.65,25.51,25.51,1382
27-Feb-12,25.52,25.52,25.52,25.52,100
24-Feb-12,25.58,25.58,25.58,25.58,0
23-Feb-12,25.58,25.58,25.58,25.58,0
22-Feb-12,25.55,25.58,25.55,25.58,700
21-Feb-12,25.93,25.93,25.50,25.50,606
17-Feb-12,25.77,25.98,25.50,25.60,1900
16-Feb-12,25.77,25.77,25.34,25.56,700
15-Feb-12,25.63,25.74,25.37,25.73,2899
14-Feb-12,25.72,25.73,25.72,25.73,511
13-Feb-12,25.66,25.75,25.33,25.33,3011
10-Feb-12,25.53,25.74,25.25,25.36,4430
9-Feb-12,26.05,26.32,26.05,26.28,4183
8-Feb-12,26.05,26.21,26.05,26.21,409
7-Feb-12,26.34,26.34,26.00,26.04,1070
6-Feb-12,26.02,26.26,26.02,26.26,2286
3-Feb-12,26.00,26.00,26.00,26.00,400
2-Feb-12,25.94,25.94,25.94,25.94,0
1-Feb-12,26.10,26.20,26.10,26.20,2482
31-Jan-12,25.88,26.10,25.88,26.10,2918
30-Jan-12,25.86,25.99,25.86,25.87,1740
26-Jan-12,25.83,25.83,25.83,25.83,0
25-Jan-12,25.85,25.85,25.85,25.85,100
24-Jan-12,25.85,25.85,25.85,25.85,0
23-Jan-12,26.27,26.30,25.94,25.98,5109
20-Jan-12,25.95,26.31,25.95,26.22,812
18-Jan-12,25.95,25.95,25.95,25.95,0
17-Jan-12,25.95,25.95,25.95,25.95,500
13-Jan-12,25.93,25.93,25.93,25.93,0
12-Jan-12,25.94,26.05,25.91,25.95,1200
11-Jan-12,25.90,25.91,25.90,25.91,400
10-Jan-12,25.97,26.05,25.97,26.05,485
9-Jan-12,26.06,26.06,26.06,26.06,150
6-Jan-12,25.73,25.73,25.73,25.73,0
5-Jan-12,25.83,25.95,25.79,25.85,2281
4-Jan-12,25.73,25.96,25.71,25.71,3095
30-Dec-11,25.62,26.13,25.62,25.80,3900
29-Dec-11,25.76,25.77,25.71,25.71,1375
28-Dec-11,25.68,25.68,25.68,25.68,200
27-Dec-11,25.67,25.67,25.67,25.67,0
23-Dec-11,25.66,25.66,25.66,25.66,0
21-Dec-11,25.81,25.81,25.81,25.81,0
20-Dec-11,25.78,25.82,25.62,25.67,2120
19-Dec-11,25.73,25.81,25.69,25.70,1400
16-Dec-11,25.71,25.71,25.71,25.71,300
15-Dec-11,25.85,25.85,25.85,25.85,0
14-Dec-11,25.60,25.90,25.60,25.61,2825
13-Dec-11,25.63,25.63,25.60,25.60,1000
12-Dec-11,25.43,25.62,25.43,25.62,800
9-Dec-11,25.64,25.64,25.62,25.63,800
8-Dec-11,25.75,25.75,25.63,25.66,1450
7-Dec-11,25.74,25.96,25.57,25.64,1672
6-Dec-11,25.64,25.65,25.52,25.52,1250
5-Dec-11,25.76,25.78,25.76,25.78,700
2-Dec-11,25.79,25.79,25.50,25.78,1600
30-Nov-11,25.60,25.60,25.60,25.60,0
29-Nov-11,25.53,25.81,25.41,25.41,2300
28-Nov-11,25.63,25.64,25.63,25.63,400
25-Nov-11,25.80,25.80,25.53,25.60,600
23-Nov-11,25.56,25.56,25.56,25.56,0
22-Nov-11,25.60,25.60,25.52,25.60,900
21-Nov-11,25.60,25.72,25.52,25.52,2900
18-Nov-11,25.51,25.58,25.43,25.58,2100
17-Nov-11,25.70,25.70,25.70,25.70,300
16-Nov-11,25.81,26.11,25.70,25.70,2963
15-Nov-11,26.07,26.18,25.81,25.81,6800
14-Nov-11,26.20,26.20,26.20,26.20,200
11-Nov-11,26.34,26.34,25.92,25.92,800
10-Nov-11,26.07,26.08,25.85,25.85,1425
9-Nov-11,25.80,25.80,25.80,25.80,300
8-Nov-11,25.72,25.72,25.72,25.72,0
7-Nov-11,25.82,25.92,25.82,25.92,550
3-Nov-11,25.88,25.88,25.88,25.88,0
2-Nov-11,26.06,26.10,26.01,26.10,1200
1-Nov-11,26.41,26.50,25.86,26.38,6138
31-Oct-11,26.35,26.36,26.35,26.36,400
28-Oct-11,26.07,26.07,26.04,26.04,700
27-Oct-11,26.35,26.37,26.14,26.34,1293
26-Oct-11,26.01,26.36,25.94,26.36,1084
25-Oct-11,26.00,26.31,25.80,26.31,950
24-Oct-11,26.36,26.38,26.35,26.35,840
21-Oct-11,26.30,26.34,26.30,26.31,911
19-Oct-11,26.28,26.28,26.28,26.28,0
18-Oct-11,26.32,26.34,26.32,26.34,409
17-Oct-11,25.99,26.30,25.71,26.30,1888
14-Oct-11,26.03,26.39,26.02,26.39,1096
12-Oct-11,26.45,26.45,26.45,26.45,0
11-Oct-11,26.44,26.46,26.32,26.44,1592
10-Oct-11,26.50,26.50,26.24,26.49,2725
5-Oct-11,26.25,26.25,26.25,26.25,0
4-Oct-11,25.75,26.09,25.70,26.00,3434
3-Oct-11,26.09,26.09,26.09,26.09,485
30-Sep-11,25.65,25.65,25.65,25.65,401
