Date,Open,High,Low,Close,Volume
27-Sep-12,1.70,1.80,1.69,1.78,2539456
26-Sep-12,1.74,1.74,1.64,1.71,1221353
25-Sep-12,1.68,1.75,1.68,1.74,782295
24-Sep-12,1.69,1.72,1.65,1.69,782512
21-Sep-12,1.76,1.80,1.71,1.71,2143731
20-Sep-12,1.76,1.77,1.70,1.77,647634
19-Sep-12,1.78,1.81,1.72,1.76,732269
18-Sep-12,1.73,1.81,1.69,1.73,1120289
17-Sep-12,1.83,1.90,1.75,1.79,952625
14-Sep-12,1.86,1.90,1.73,1.84,1231281
13-Sep-12,1.84,1.88,1.77,1.86,812554
12-Sep-12,1.82,1.88,1.77,1.82,937956
11-Sep-12,1.71,1.82,1.71,1.82,1113596
10-Sep-12,1.67,1.79,1.62,1.73,1549575
7-Sep-12,1.60,1.67,1.59,1.67,674069
6-Sep-12,1.54,1.78,1.48,1.67,2886583
5-Sep-12,1.60,1.62,1.55,1.56,758847
4-Sep-12,1.55,1.71,1.52,1.61,1791418
31-Aug-12,1.70,1.73,1.68,1.69,639474
30-Aug-12,1.81,1.83,1.65,1.66,1865742
29-Aug-12,1.89,1.94,1.85,1.85,995313
28-Aug-12,1.87,1.97,1.87,1.95,976409
27-Aug-12,1.86,1.90,1.85,1.87,646774
24-Aug-12,2.04,2.05,1.92,1.93,888515
23-Aug-12,2.12,2.18,2.02,2.05,1021136
22-Aug-12,2.08,2.12,2.02,2.10,887795
21-Aug-12,2.00,2.14,1.99,2.05,1705939
20-Aug-12,1.90,2.00,1.86,1.96,1317898
17-Aug-12,1.93,2.04,1.91,1.91,140313
16-Aug-12,1.89,1.96,1.89,1.96,116086
15-Aug-12,1.85,1.90,1.82,1.89,115718
14-Aug-12,1.79,1.89,1.78,1.89,102595
13-Aug-12,1.85,1.89,1.76,1.77,151513
10-Aug-12,1.87,1.88,1.82,1.83,104204
9-Aug-12,1.80,1.89,1.79,1.87,76395
8-Aug-12,1.81,1.84,1.79,1.84,195223
7-Aug-12,1.87,1.87,1.66,1.77,242824
6-Aug-12,1.72,1.80,1.70,1.80,169853
3-Aug-12,1.61,1.71,1.59,1.68,307251
2-Aug-12,1.70,1.70,1.50,1.55,2457681
1-Aug-12,1.62,1.70,1.61,1.64,2203144
31-Jul-12,1.81,1.85,1.55,1.60,5259898
30-Jul-12,1.96,1.98,1.76,1.83,3885540
27-Jul-12,2.11,2.14,1.96,2.05,2421501
26-Jul-12,2.10,2.15,2.02,2.10,1184532
25-Jul-12,2.12,2.20,2.05,2.05,1311638
24-Jul-12,2.28,2.29,2.02,2.10,3764725
23-Jul-12,2.40,2.52,2.22,2.28,2486240
20-Jul-12,2.60,2.60,2.48,2.48,845245
19-Jul-12,2.57,2.64,2.55,2.59,1117898
18-Jul-12,2.56,2.60,2.51,2.52,1338140
17-Jul-12,2.66,2.70,2.52,2.60,1477303
16-Jul-12,2.71,2.74,2.66,2.66,1366281
13-Jul-12,2.76,2.86,2.68,2.71,1217497
12-Jul-12,2.73,2.81,2.70,2.78,1434915
11-Jul-12,2.71,2.94,2.70,2.80,1517228
10-Jul-12,2.78,2.80,2.66,2.69,1190821
9-Jul-12,2.95,2.97,2.81,2.81,705173
6-Jul-12,2.96,2.97,2.89,2.93,667532
5-Jul-12,2.95,3.04,2.88,3.00,1938789
3-Jul-12,2.78,2.98,2.78,2.96,1327275
2-Jul-12,2.74,2.82,2.68,2.79,1236338
29-Jun-12,2.71,2.78,2.61,2.78,1583844
28-Jun-12,2.62,2.70,2.51,2.62,1943346
27-Jun-12,2.78,2.80,2.64,2.65,1642462
26-Jun-12,2.71,2.78,2.64,2.78,2340654
25-Jun-12,2.82,2.87,2.75,2.82,1985612
22-Jun-12,2.87,3.02,2.80,2.88,1326189
21-Jun-12,3.02,3.04,2.75,2.86,3760563
20-Jun-12,2.85,3.06,2.84,3.04,1909897
19-Jun-12,2.82,2.95,2.82,2.90,1654949
18-Jun-12,2.78,3.04,2.74,2.83,4556239
15-Jun-12,2.61,2.84,2.61,2.84,2728123
14-Jun-12,2.64,2.66,2.60,2.60,1295785
13-Jun-12,2.70,2.77,2.64,2.68,1514934
12-Jun-12,2.60,2.78,2.60,2.74,2570608
11-Jun-12,2.66,2.72,2.60,2.60,1202247
8-Jun-12,2.68,2.70,2.60,2.64,1216031
7-Jun-12,2.70,2.79,2.60,2.61,1806859
6-Jun-12,2.65,2.81,2.60,2.61,1870745
5-Jun-12,2.62,2.69,2.59,2.65,1116756
4-Jun-12,2.62,2.72,2.56,2.58,998495
1-Jun-12,2.56,3.05,2.50,2.68,3580683
31-May-12,2.71,2.71,2.58,2.60,1266612
30-May-12,2.70,2.78,2.63,2.73,1007041
29-May-12,2.74,2.76,2.62,2.76,1603548
25-May-12,2.62,2.75,2.61,2.62,1138131
24-May-12,2.76,2.81,2.61,2.63,1262875
23-May-12,2.70,2.81,2.52,2.80,2208858
22-May-12,2.81,2.99,2.74,2.74,2328753
21-May-12,2.58,2.74,2.54,2.69,2196758
18-May-12,2.91,2.92,2.52,2.52,3407406
17-May-12,3.25,3.30,2.75,2.80,5102129
16-May-12,3.46,3.52,3.21,3.22,1807461
15-May-12,3.45,3.51,3.41,3.47,905331
14-May-12,3.37,3.53,3.37,3.50,666589
11-May-12,3.40,3.60,3.40,3.53,1187677
10-May-12,3.43,3.48,3.39,3.45,749080
9-May-12,3.43,3.49,3.33,3.37,1185989
8-May-12,3.59,3.68,3.45,3.45,1002632
7-May-12,3.71,3.73,3.60,3.62,879839
4-May-12,3.60,3.78,3.58,3.76,1277091
3-May-12,3.71,3.85,3.58,3.60,1218145
2-May-12,3.80,3.83,3.57,3.76,1512182
1-May-12,3.83,4.12,3.77,3.83,5416386
30-Apr-12,3.54,3.69,3.41,3.64,2239509
27-Apr-12,3.51,3.58,3.46,3.58,734771
26-Apr-12,3.45,3.54,3.41,3.51,763907
25-Apr-12,3.45,3.51,3.39,3.47,994944
24-Apr-12,3.37,3.45,3.33,3.44,1089915
23-Apr-12,3.41,3.45,3.33,3.40,904742
20-Apr-12,3.54,3.57,3.49,3.53,730900
19-Apr-12,3.54,3.59,3.48,3.55,916432
18-Apr-12,3.43,3.58,3.42,3.53,1276508
17-Apr-12,3.40,3.60,3.35,3.48,2121274
16-Apr-12,3.60,3.60,3.28,3.30,2620156
13-Apr-12,3.59,3.59,3.44,3.44,883495
12-Apr-12,3.46,3.63,3.36,3.63,2248399
11-Apr-12,3.38,3.54,3.38,3.49,1775967
10-Apr-12,3.27,3.41,3.26,3.33,1774312
9-Apr-12,3.35,3.39,3.25,3.25,1235658
5-Apr-12,3.39,3.49,3.38,3.44,758778
4-Apr-12,3.41,3.46,3.34,3.44,1805522
3-Apr-12,3.60,3.66,3.41,3.46,2160731
2-Apr-12,3.60,3.69,3.49,3.63,1882622
30-Mar-12,3.69,3.72,3.61,3.62,1558009
29-Mar-12,3.63,3.68,3.60,3.65,1387471
28-Mar-12,3.76,3.79,3.63,3.70,2397690
27-Mar-12,3.88,3.91,3.76,3.76,2265663
26-Mar-12,3.98,4.14,3.80,3.81,3665242
23-Mar-12,3.88,4.00,3.80,3.91,2471851
22-Mar-12,3.82,3.91,3.73,3.82,2823203
21-Mar-12,4.18,4.22,3.73,3.85,6864003
20-Mar-12,3.80,4.60,3.62,4.27,13257132
19-Mar-12,4.01,4.05,3.80,3.81,5084375
16-Mar-12,3.81,4.21,3.78,4.03,5547812
15-Mar-12,3.72,3.88,3.70,3.85,2169920
14-Mar-12,3.96,3.96,3.71,3.74,2502730
13-Mar-12,3.65,3.90,3.60,3.90,2967671
12-Mar-12,3.79,3.87,3.58,3.63,1965116
9-Mar-12,3.76,3.91,3.75,3.80,1795550
8-Mar-12,3.65,3.92,3.63,3.77,2214710
7-Mar-12,3.55,3.67,3.39,3.65,3002596
6-Mar-12,3.68,3.68,3.51,3.54,2466810
5-Mar-12,3.87,3.89,3.69,3.69,2409885
2-Mar-12,3.83,4.07,3.81,3.84,4125067
1-Mar-12,3.77,3.82,3.73,3.78,1554829
29-Feb-12,3.88,3.91,3.69,3.74,4182489
28-Feb-12,4.02,4.09,3.90,3.91,3536150
27-Feb-12,3.80,3.98,3.69,3.94,3763206
24-Feb-12,4.03,4.04,3.77,3.82,4896157
23-Feb-12,4.18,4.24,3.79,3.85,9331204
22-Feb-12,4.51,4.60,4.33,4.33,11697090
21-Feb-12,4.95,4.95,4.60,4.81,7615450
17-Feb-12,4.76,4.91,4.68,4.74,6519418
16-Feb-12,4.63,4.73,4.49,4.49,5819884
15-Feb-12,4.89,4.90,4.58,4.61,3946992
14-Feb-12,4.97,5.07,4.70,4.75,7535927
13-Feb-12,5.61,5.75,5.25,5.29,7373246
10-Feb-12,5.57,5.69,5.20,5.34,11067180
9-Feb-12,5.02,6.27,4.92,5.90,25321641
8-Feb-12,4.63,4.98,4.62,4.90,8638052
7-Feb-12,4.49,4.67,4.46,4.56,3874206
6-Feb-12,4.30,4.53,4.30,4.46,3915122
3-Feb-12,4.30,4.43,4.24,4.33,4857563
2-Feb-12,4.18,4.32,4.09,4.25,4753032
1-Feb-12,4.36,4.36,4.14,4.14,4427284
31-Jan-12,4.58,4.60,4.21,4.23,4576837
30-Jan-12,4.51,4.71,4.36,4.43,4964330
27-Jan-12,4.20,4.63,4.20,4.54,6937942
26-Jan-12,4.23,4.48,4.15,4.22,7201841
25-Jan-12,4.26,4.32,4.13,4.20,3410506
24-Jan-12,4.13,4.31,4.06,4.20,2525514
23-Jan-12,4.50,4.50,4.17,4.20,4209205
20-Jan-12,4.50,4.57,4.30,4.39,4419577
19-Jan-12,5.29,5.45,4.33,4.45,11946791
18-Jan-12,5.13,5.28,4.93,5.10,6214806
17-Jan-12,4.88,5.38,4.81,5.11,6481025
13-Jan-12,4.70,4.70,4.70,4.70,0
12-Jan-12,4.96,5.09,4.46,4.98,9524586
11-Jan-12,4.26,5.08,4.24,4.96,14583195
10-Jan-12,4.15,4.30,4.07,4.12,2948275
9-Jan-12,3.89,4.22,3.88,4.13,2476818
6-Jan-12,3.97,4.05,3.88,3.89,913045
5-Jan-12,3.98,4.04,3.90,3.95,981391
4-Jan-12,4.07,4.07,3.93,4.04,808902
3-Jan-12,3.93,4.20,3.92,4.07,2450662
30-Dec-11,3.80,3.80,3.80,3.80,0
29-Dec-11,3.65,3.91,3.64,3.84,2244611
28-Dec-11,3.85,3.87,3.63,3.66,1846146
27-Dec-11,3.95,4.00,3.84,3.93,1239424
23-Dec-11,3.95,3.95,3.95,3.95,0
22-Dec-11,4.05,4.14,4.02,4.03,1674961
21-Dec-11,4.06,4.07,3.91,3.98,1504296
20-Dec-11,3.68,4.14,3.60,4.11,2895736
19-Dec-11,3.65,3.77,3.51,3.54,1850289
16-Dec-11,3.62,3.72,3.56,3.60,1407201
15-Dec-11,3.66,3.74,3.50,3.61,1620122
14-Dec-11,3.77,3.80,3.54,3.61,2829013
13-Dec-11,4.25,4.30,3.86,3.88,2379912
12-Dec-11,4.43,4.45,4.21,4.23,2377032
9-Dec-11,4.50,4.59,4.43,4.45,1627208
8-Dec-11,4.49,4.53,4.42,4.49,1457555
7-Dec-11,4.45,4.62,4.45,4.51,1354389
6-Dec-11,4.51,4.56,4.45,4.45,1048869
5-Dec-11,4.60,4.62,4.47,4.51,1937084
2-Dec-11,4.58,4.75,4.32,4.47,5195516
1-Dec-11,4.26,4.60,4.22,4.53,3018174
30-Nov-11,4.00,4.32,3.96,4.32,4219778
29-Nov-11,3.97,3.98,3.81,3.85,1419149
28-Nov-11,3.95,4.04,3.84,3.95,2488079
25-Nov-11,3.90,3.91,3.72,3.81,2203054
23-Nov-11,3.96,3.96,3.96,3.96,0
22-Nov-11,3.24,3.59,3.24,3.54,3610753
21-Nov-11,3.39,3.44,3.22,3.29,2834853
18-Nov-11,3.41,3.55,3.41,3.48,1392523
17-Nov-11,3.52,3.60,3.33,3.42,3486462
16-Nov-11,3.54,3.67,3.46,3.52,1875478
15-Nov-11,3.47,3.62,3.46,3.54,1417881
14-Nov-11,3.58,3.65,3.47,3.47,2729440
11-Nov-11,3.52,3.70,3.50,3.66,1733339
10-Nov-11,3.60,3.65,3.50,3.50,2275888
9-Nov-11,3.61,3.68,3.55,3.55,2437130
8-Nov-11,3.75,3.80,3.68,3.80,1740765
7-Nov-11,3.63,3.74,3.57,3.73,2091938
4-Nov-11,3.73,3.79,3.59,3.69,4927856
3-Nov-11,3.84,3.84,3.58,3.69,4250000
2-Nov-11,3.83,4.03,3.63,3.68,4901951
1-Nov-11,3.82,3.88,3.58,3.75,7272721
31-Oct-11,4.62,4.65,4.04,4.06,7185881
28-Oct-11,4.59,4.94,4.20,4.78,10080171
27-Oct-11,4.11,4.72,4.07,4.52,7965572
26-Oct-11,3.84,3.95,3.65,3.90,3730870
25-Oct-11,3.84,4.14,3.62,3.76,7671319
24-Oct-11,3.69,3.92,3.62,3.89,2816953
21-Oct-11,3.85,3.88,3.58,3.58,2139207
20-Oct-11,3.53,3.77,3.50,3.75,2665874
19-Oct-11,3.89,3.92,3.51,3.53,3904863
18-Oct-11,3.61,3.93,3.53,3.90,2893446
17-Oct-11,3.92,3.92,3.51,3.61,2593206
14-Oct-11,3.99,4.20,3.78,3.90,3357602
13-Oct-11,3.83,3.96,3.74,3.82,2308538
12-Oct-11,3.60,3.98,3.60,3.89,5252492
11-Oct-11,3.40,3.66,3.36,3.60,3669433
10-Oct-11,3.51,3.55,3.35,3.40,2604520
7-Oct-11,3.93,3.95,3.33,3.43,5769587
6-Oct-11,3.70,4.08,3.62,3.72,7611815
5-Oct-11,3.12,3.84,3.06,3.73,10654348
4-Oct-11,2.88,3.29,2.75,3.28,7548661
3-Oct-11,3.08,3.15,2.87,2.87,3402334
30-Sep-11,3.25,3.31,3.10,3.10,2894544
